0.426471 0.292279 0.437500 0.277574 0.426471 0.273897 0.481618 0.284926 0.474265 0.281250 0.518382 0.376838 0.481618 0.373162 0.562500 0.520221 0.459559 0.505515 0.558824 0.641544 0.430147 0.593750 0.503676 0.626838 0.496324 0.623162 0.448529 0.777574 0.547794 0.773897 0.386029 0.950368 0.639706 0.924632 0.001166 0.069555 0.092938 0.086037 0.104658 0.049848 0.000005 0.216380
0.424251 0.280328 0.435613 0.265178 0.424251 0.265178 0.481063 0.272753 0.465913 0.276541 0.518937 0.375014 0.477275 0.375014 0.556812 0.515150 0.469700 0.511362 0.549237 0.647710 0.443188 0.613623 0.503787 0.624986 0.500000 0.624986 0.454551 0.776483 0.553024 0.776483 0.390164 0.958281 0.647710 0.943131 0.008325 0.057302 0.080755 0.078309 0.102192 0.063081 0.004823 0.207190
0.427239 0.287313 0.442164 0.272388 0.427239 0.272388 0.483209 0.283582 0.475746 0.279851 0.516791 0.376866 0.483209 0.373134 0.557836 0.518657 0.460821 0.507463 0.554104 0.645522 0.434702 0.608209 0.501866 0.626866 0.498134 0.623134 0.460821 0.783582 0.554104 0.779851 0.397388 0.958955 0.654851 0.936567 0.028938 0.072674 0.062554 0.090207 0.099050 0.028178 0.000005 0.190723
0.426308 0.287319 0.437502 0.272394 0.426308 0.272394 0.478545 0.283588 0.474814 0.279857 0.515858 0.376869 0.482277 0.373138 0.560633 0.511194 0.471083 0.503731 0.545708 0.626862 0.448695 0.604475 0.504664 0.626862 0.497202 0.623131 0.463620 0.779843 0.549439 0.776112 0.407652 0.958942 0.657645 0.929093 0.012976 0.091218 0.069192 0.085759 0.143263 0.042388 0.002378 0.188175
0.425754 0.286660 0.437032 0.271623 0.425754 0.271623 0.478384 0.282901 0.474625 0.279142 0.515977 0.376883 0.482143 0.373124 0.561089 0.512218 0.470865 0.504699 0.546051 0.628756 0.448310 0.606200 0.504699 0.624996 0.497181 0.624996 0.463347 0.782887 0.549811 0.779127 0.406958 0.963333 0.658830 0.933258 0.014876 0.091218 0.067077 0.085759 0.143263 0.042388 0.002391 0.186275
0.423874 0.288540 0.435152 0.273503 0.423874 0.273503 0.476504 0.284781 0.476504 0.281021 0.514097 0.378763 0.487782 0.371244 0.555450 0.514097 0.499060 0.506579 0.536653 0.626876 0.476504 0.608080 0.499060 0.626876 0.499060 0.623117 0.465227 0.784766 0.544172 0.781007 0.412596 0.965212 0.664469 0.927620 0.023142 0.130133 0.047925 0.074342 0.146962 0.096069 0.002391 0.155779
0.423874 0.288540 0.435152 0.273503 0.423874 0.273503 0.476504 0.284781 0.476504 0.281021 0.514097 0.378763 0.487782 0.371244 0.551690 0.514097 0.499060 0.506579 0.536653 0.626876 0.476504 0.608080 0.499060 0.626876 0.499060 0.623117 0.465227 0.784766 0.544172 0.781007 0.412596 0.965212 0.664469 0.927620 0.023142 0.130133 0.047925 0.074342 0.128437 0.096069 0.002391 0.155779
0.425926 0.289815 0.440741 0.275000 0.425926 0.275000 0.477778 0.282407 0.477778 0.282407 0.507407 0.378704 0.492593 0.371296 0.525926 0.519444 0.496296 0.504630 0.507407 0.634259 0.485185 0.612037 0.500000 0.626852 0.500000 0.623148 0.470370 0.778704 0.540741 0.778704 0.425926 0.952778 0.662963 0.915741 0.018232 0.150295 0.051840 0.072176 0.092546 0.041652 0.000005 0.142874
0.425926 0.289815 0.440741 0.275000 0.425926 0.275000 0.477778 0.286111 0.477778 0.282407 0.511111 0.378704 0.488889 0.371296 0.525926 0.519444 0.496296 0.508333 0.511111 0.637963 0.485185 0.615741 0.500000 0.626852 0.500000 0.623148 0.470370 0.782407 0.540741 0.778704 0.425926 0.952778 0.662963 0.915741 0.021314 0.150295 0.045670 0.067502 0.072967 0.050001 0.000005 0.141448
0.427786 0.289838 0.442599 0.275025 0.427786 0.275025 0.479632 0.286135 0.479632 0.282431 0.512962 0.378717 0.490742 0.371310 0.531478 0.515739 0.501852 0.504629 0.512962 0.630541 0.490742 0.608321 0.501852 0.626838 0.494445 0.623135 0.479632 0.782376 0.535181 0.778673 0.438896 0.952728 0.664797 0.904585 0.029547 0.173077 0.030924 0.076855 0.093658 0.060440 0.004716 0.126703
0.428317 0.292302 0.443021 0.277598 0.428317 0.277598 0.479782 0.288626 0.479782 0.284950 0.512866 0.376852 0.490810 0.373176 0.534923 0.512866 0.509190 0.505514 0.523894 0.630501 0.501838 0.608444 0.501838 0.626824 0.494486 0.623148 0.479782 0.784896 0.534923 0.777544 0.439345 0.950319 0.663585 0.902530 0.032182 0.173077 0.030097 0.076855 0.080927 0.066626 0.004681 0.125666
0.426324 0.291097 0.441246 0.276175 0.430055 0.276175 0.482281 0.283636 0.474820 0.283636 0.512124 0.376897 0.482281 0.373166 0.530776 0.514922 0.471089 0.507461 0.497202 0.630564 0.452437 0.608182 0.512124 0.626834 0.493472 0.623103 0.486011 0.783511 0.523315 0.783511 0.448707 0.955110 0.661340 0.902884 0.015569 0.214475 0.052568 0.044308 0.132696 0.031821 0.007126 0.111119
0.429932 0.286009 0.441295 0.270860 0.429932 0.270860 0.479169 0.278435 0.475382 0.278435 0.513256 0.376908 0.482956 0.373121 0.528406 0.513256 0.475382 0.505681 0.494319 0.630667 0.456444 0.607942 0.509469 0.626879 0.494319 0.623092 0.486744 0.785952 0.524618 0.785952 0.448869 0.960174 0.664754 0.907150 0.022970 0.214475 0.040345 0.044092 0.125163 0.040117 0.004823 0.103718
0.431306 0.289147 0.442755 0.273881 0.431306 0.273881 0.480918 0.281514 0.477102 0.281514 0.511449 0.376923 0.484735 0.373106 0.507633 0.506679 0.473286 0.502862 0.484735 0.624985 0.446571 0.605904 0.515265 0.624985 0.488551 0.624985 0.492367 0.789088 0.511449 0.789088 0.461837 0.968457 0.656470 0.903579 0.009537 0.243147 0.049027 0.039308 0.051497 0.052733 0.004858 0.088261
0.430346 0.289128 0.441796 0.273862 0.430346 0.273862 0.479962 0.281495 0.476146 0.281495 0.510496 0.376912 0.487596 0.373095 0.506679 0.506679 0.472329 0.502863 0.479962 0.624996 0.449429 0.605913 0.514313 0.624996 0.487596 0.624996 0.491412 0.789114 0.510496 0.789114 0.460879 0.968498 0.659347 0.903614 0.009537 0.247155 0.049027 0.044131 0.061331 0.032328 0.002429 0.088261
0.431826 0.291691 0.443188 0.276541 0.431826 0.276541 0.481063 0.287903 0.481063 0.284116 0.511362 0.375014 0.492425 0.375014 0.507575 0.500000 0.496213 0.500000 0.507575 0.621198 0.484850 0.602261 0.507575 0.624986 0.488638 0.624986 0.500000 0.795421 0.503787 0.787846 0.473488 0.969643 0.647710 0.897682 0.033932 0.262978 0.009316 0.034348 0.009643 0.044866 0.004823 0.043663
0.431826 0.291691 0.443188 0.276541 0.431826 0.276541 0.481063 0.287903 0.481063 0.284116 0.511362 0.375014 0.492425 0.375014 0.507575 0.500000 0.496213 0.500000 0.507575 0.621198 0.484850 0.598474 0.507575 0.624986 0.488638 0.624986 0.500000 0.795421 0.500000 0.787846 0.473488 0.969643 0.647710 0.897682 0.033932 0.274305 0.009316 0.026994 0.009643 0.046209 0.004823 0.036309
0.431393 0.288540 0.442671 0.273503 0.431393 0.273503 0.480264 0.281021 0.480264 0.281021 0.510338 0.378763 0.491542 0.371244 0.510338 0.514097 0.484023 0.506579 0.476504 0.626876 0.453949 0.615598 0.510338 0.626876 0.487782 0.623117 0.502819 0.792285 0.491542 0.781007 0.484023 0.961453 0.630635 0.886267 0.020764 0.286218 0.014458 0.012327 0.092774 0.068013 0.002391 0.022036
0.431393 0.288540 0.442671 0.273503 0.431393 0.273503 0.480264 0.281021 0.480264 0.281021 0.510338 0.378763 0.491542 0.371244 0.510338 0.514097 0.484023 0.506579 0.476504 0.626876 0.453949 0.615598 0.510338 0.626876 0.487782 0.623117 0.502819 0.792285 0.491542 0.781007 0.484023 0.961453 0.630635 0.886267 0.020764 0.286218 0.014458 0.012327 0.092774 0.068013 0.002391 0.022036
0.426870 0.286164 0.437978 0.271353 0.430573 0.271353 0.475006 0.278758 0.486115 0.278758 0.500926 0.378734 0.504628 0.371328 0.478709 0.519440 0.515737 0.508331 0.441681 0.626821 0.482412 0.615712 0.504628 0.626821 0.489817 0.623118 0.500926 0.789743 0.467601 0.774932 0.489817 0.952666 0.608307 0.871205 0.014437 0.355252 0.011984 0.027551 0.055850 0.121538 0.007072 0.039021
0.426870 0.286164 0.437978 0.271353 0.430573 0.271353 0.471303 0.278758 0.489817 0.278758 0.500926 0.378734 0.504628 0.371328 0.478709 0.519440 0.515737 0.508331 0.437978 0.626821 0.482412 0.615712 0.500926 0.626821 0.493520 0.623118 0.500926 0.789743 0.467601 0.774932 0.489817 0.952666 0.608307 0.871205 0.021669 0.362825 0.000001 0.039793 0.065553 0.121538 0.007072 0.053827
0.431083 0.288654 0.438434 0.273952 0.431083 0.273952 0.475190 0.284979 0.489892 0.281303 0.500919 0.376868 0.504594 0.373193 0.482541 0.520216 0.508270 0.509189 0.434759 0.619456 0.471514 0.615781 0.500919 0.626807 0.493568 0.623132 0.504594 0.788533 0.460488 0.773830 0.497243 0.950258 0.592808 0.876747 0.021692 0.358365 0.007233 0.054748 0.102245 0.114299 0.007020 0.076015
0.429660 0.286205 0.437065 0.271397 0.429660 0.271397 0.474085 0.282503 0.488894 0.278801 0.500000 0.378757 0.507404 0.371353 0.477788 0.519436 0.511106 0.508330 0.433363 0.619392 0.474085 0.615690 0.500000 0.626796 0.492596 0.623094 0.503702 0.789688 0.459277 0.774879 0.496298 0.952579 0.592552 0.878538 0.021692 0.358365 0.007234 0.050079 0.083277 0.114299 0.009429 0.076015
0.430483 0.292387 0.441756 0.277356 0.430483 0.277356 0.475575 0.284872 0.486848 0.284872 0.505637 0.378814 0.501879 0.371299 0.475575 0.517849 0.479333 0.510334 0.419209 0.615549 0.426725 0.608034 0.509394 0.626822 0.483090 0.623065 0.513152 0.795919 0.434240 0.773373 0.509394 0.968773 0.584548 0.893619 0.013991 0.385246 0.002250 0.076313 0.098784 0.106054 0.009570 0.107095
0.431408 0.292346 0.442684 0.277312 0.431408 0.277312 0.476510 0.284829 0.484027 0.284829 0.506577 0.378790 0.499060 0.371273 0.476510 0.517853 0.480268 0.510336 0.420133 0.615572 0.423892 0.608055 0.510336 0.626847 0.484027 0.623089 0.514094 0.795977 0.435167 0.773427 0.510336 0.968866 0.585505 0.893697 0.013991 0.385246 0.002250 0.081042 0.098784 0.123809 0.007179 0.107095
0.419023 0.287061 0.431020 0.271066 0.423022 0.271066 0.471008 0.279064 0.487004 0.279064 0.495001 0.379035 0.510997 0.371037 0.467009 0.518995 0.495001 0.510997 0.411026 0.626963 0.439018 0.610968 0.491003 0.626963 0.502999 0.622965 0.467009 0.806912 0.451014 0.798914 0.514996 0.986860 0.554984 0.930876 0.125145 0.303855 0.037059 0.081343 0.089431 0.126272 0.007638 0.049252
0.418042 0.291107 0.430036 0.271117 0.422040 0.275115 0.470015 0.279113 0.486007 0.279113 0.494003 0.379062 0.513993 0.371066 0.466017 0.518990 0.501999 0.510994 0.410046 0.626935 0.454024 0.618939 0.486007 0.626935 0.505997 0.622937 0.450026 0.802845 0.466017 0.798847 0.517991 0.978755 0.545976 0.938775 0.181582 0.236384 0.053958 0.061033 0.089431 0.105908 0.010182 0.006911
0.420552 0.289754 0.432179 0.274252 0.420552 0.274252 0.470934 0.282003 0.482560 0.282003 0.490311 0.378891 0.513564 0.371140 0.459307 0.514533 0.517440 0.510658 0.416677 0.615296 0.482560 0.611421 0.482560 0.626923 0.513564 0.623047 0.424428 0.781943 0.486436 0.789694 0.517440 0.948590 0.536817 0.933087 0.276243 0.158917 0.104256 0.051367 0.055873 0.114915 0.004935 0.062833
0.418614 0.289754 0.430241 0.274252 0.418614 0.274252 0.468996 0.282003 0.480622 0.282003 0.488373 0.378891 0.515502 0.371140 0.457369 0.514533 0.523253 0.514533 0.418614 0.615296 0.492249 0.619172 0.480622 0.626923 0.515502 0.623047 0.418614 0.778067 0.488373 0.789694 0.515502 0.944714 0.534880 0.936963 0.291554 0.148732 0.113979 0.051367 0.045347 0.108880 0.004935 0.072556
0.414373 0.286424 0.426183 0.270676 0.414373 0.270676 0.469489 0.278550 0.477363 0.278550 0.481300 0.376972 0.516732 0.373035 0.453742 0.514763 0.536416 0.506890 0.410436 0.624996 0.497047 0.589564 0.481300 0.624996 0.520669 0.624996 0.390751 0.770661 0.508858 0.802156 0.497047 0.932073 0.512795 0.983253 0.362402 0.028108 0.177033 0.026162 0.056321 0.187940 0.002506 0.155844
0.414373 0.286424 0.426183 0.270676 0.414373 0.270676 0.469489 0.278550 0.477363 0.278550 0.481300 0.376972 0.516732 0.373035 0.453742 0.514763 0.536416 0.506890 0.410436 0.624996 0.497047 0.589564 0.481300 0.624996 0.520669 0.624996 0.390751 0.770661 0.508858 0.802156 0.497047 0.932073 0.512795 0.983253 0.362402 0.028108 0.177033 0.026162 0.056321 0.187940 0.002506 0.155844
0.415042 0.287116 0.426760 0.271491 0.415042 0.271491 0.469727 0.279304 0.477540 0.279304 0.485352 0.376957 0.512695 0.373051 0.458009 0.513671 0.512695 0.509765 0.415042 0.623043 0.473634 0.599606 0.481446 0.626949 0.520507 0.623043 0.391605 0.767570 0.504883 0.798819 0.477540 0.939440 0.520507 0.978501 0.328551 0.055830 0.175994 0.038164 0.056321 0.130548 0.002487 0.152747
0.414062 0.287109 0.425781 0.271484 0.414062 0.271484 0.468750 0.279297 0.476562 0.279297 0.484375 0.376953 0.515625 0.373047 0.457031 0.513672 0.511719 0.509766 0.414062 0.623047 0.468750 0.599609 0.480469 0.626953 0.519531 0.623047 0.390625 0.767578 0.503906 0.798828 0.476562 0.939453 0.519531 0.978516 0.328551 0.055830 0.175994 0.033193 0.056321 0.132908 0.000006 0.152747
0.414373 0.286424 0.426183 0.270676 0.418310 0.270676 0.469489 0.278550 0.481300 0.278550 0.481300 0.376972 0.516732 0.373035 0.461615 0.506890 0.512795 0.506890 0.434057 0.621059 0.481300 0.601375 0.477363 0.624996 0.524606 0.624996 0.382878 0.774598 0.512795 0.802156 0.453742 0.951758 0.532479 0.991127 0.300428 0.054227 0.174257 0.031133 0.027527 0.093057 0.002506 0.158120
0.415042 0.287116 0.426760 0.271491 0.418948 0.271491 0.469727 0.279304 0.481446 0.279304 0.481446 0.376957 0.516601 0.373051 0.461915 0.509765 0.516601 0.505859 0.430666 0.619137 0.481446 0.599606 0.477540 0.626949 0.524413 0.623043 0.383793 0.771476 0.512695 0.798819 0.454103 0.947252 0.532226 0.986313 0.304282 0.054227 0.178190 0.031133 0.042108 0.114200 0.002487 0.161974
0.414426 0.288468 0.425964 0.273084 0.414426 0.273084 0.468270 0.284622 0.479808 0.280776 0.483654 0.376927 0.518269 0.373081 0.475962 0.511538 0.522115 0.507692 0.483654 0.634611 0.495192 0.615381 0.475962 0.626919 0.522115 0.623073 0.379811 0.765377 0.518269 0.792299 0.429810 0.949987 0.545191 0.973063 0.277399 0.054295 0.183419 0.012130 0.038038 0.087071 0.002448 0.185977
0.413762 0.285859 0.425390 0.270356 0.413762 0.270356 0.464148 0.281983 0.479652 0.278107 0.483528 0.378880 0.518410 0.371128 0.475776 0.514534 0.518410 0.510659 0.487403 0.638562 0.495155 0.619182 0.475776 0.626934 0.522286 0.623058 0.378880 0.766465 0.518410 0.793596 0.429266 0.952506 0.545541 0.975761 0.277399 0.054295 0.183266 0.012130 0.047924 0.067193 0.002467 0.185977
0.413848 0.289827 0.425209 0.274679 0.413848 0.274679 0.466865 0.286040 0.478225 0.282253 0.478225 0.376926 0.516094 0.373139 0.463078 0.505680 0.512307 0.505680 0.436569 0.619287 0.466865 0.600353 0.478225 0.626861 0.527455 0.623074 0.379766 0.766976 0.523668 0.793485 0.398700 0.948748 0.550176 0.971469 0.228015 0.054134 0.194977 0.021531 0.035690 0.133358 0.007233 0.187904
0.414495 0.290467 0.425771 0.275433 0.414495 0.275433 0.467114 0.286708 0.478389 0.282950 0.478389 0.376911 0.515973 0.373153 0.463355 0.504698 0.512215 0.504698 0.437046 0.617451 0.467114 0.598659 0.478389 0.624968 0.527249 0.624968 0.380669 0.764031 0.523490 0.790340 0.399462 0.948194 0.549799 0.966986 0.227345 0.054295 0.194977 0.021476 0.035690 0.133358 0.007179 0.187744
0.413049 0.295572 0.427849 0.277072 0.413049 0.280772 0.464850 0.288172 0.475950 0.284472 0.483350 0.376973 0.505550 0.373273 0.464850 0.506475 0.483350 0.510175 0.427849 0.617477 0.438949 0.610077 0.483350 0.624877 0.527750 0.624877 0.383448 0.758079 0.527750 0.787679 0.376048 0.943081 0.561051 0.961581 0.192107 0.060224 0.204833 0.028014 0.057249 0.081953 0.014138 0.204833
0.413049 0.295572 0.427849 0.277072 0.413049 0.280772 0.464850 0.288172 0.475950 0.284472 0.483350 0.376973 0.505550 0.373273 0.464850 0.510175 0.483350 0.510175 0.427849 0.617477 0.438949 0.610077 0.483350 0.624877 0.527750 0.624877 0.383448 0.758079 0.524050 0.787679 0.376048 0.943081 0.561051 0.961581 0.192107 0.073964 0.204833 0.035247 0.061769 0.081953 0.014138 0.197600
0.416471 0.290718 0.427486 0.276032 0.416471 0.279703 0.467873 0.287047 0.475217 0.283375 0.482560 0.378837 0.504589 0.371494 0.471545 0.514686 0.482560 0.511015 0.434829 0.628506 0.445844 0.613820 0.486231 0.624835 0.526619 0.624835 0.387098 0.760684 0.530291 0.786386 0.354053 0.940593 0.570678 0.955280 0.142842 0.067482 0.205414 0.020377 0.073573 0.059340 0.016369 0.207896
0.416471 0.290718 0.427486 0.276032 0.416471 0.276032 0.467873 0.287047 0.475217 0.283375 0.482560 0.378837 0.504589 0.371494 0.471545 0.514686 0.482560 0.511015 0.434829 0.624835 0.449515 0.613820 0.486231 0.624835 0.526619 0.624835 0.387098 0.760684 0.530291 0.786386 0.354053 0.940593 0.570678 0.955280 0.142842 0.067482 0.205414 0.020377 0.076664 0.049146 0.016369 0.207896
0.419742 0.292971 0.430686 0.278379 0.419742 0.278379 0.467167 0.289323 0.481760 0.285675 0.481760 0.376877 0.510944 0.373229 0.470815 0.497264 0.518240 0.497264 0.500000 0.541041 0.507296 0.559281 0.481760 0.624947 0.525537 0.624947 0.394206 0.763574 0.540129 0.785462 0.335836 0.938682 0.583906 0.945978 0.076893 0.055893 0.179309 0.010425 0.216025 0.074302 0.009291 0.208167
0.419742 0.292971 0.430686 0.278379 0.419742 0.278379 0.467167 0.289323 0.481760 0.285675 0.481760 0.376877 0.510944 0.373229 0.470815 0.493616 0.518240 0.493616 0.500000 0.541041 0.507296 0.559281 0.481760 0.624947 0.525537 0.624947 0.394206 0.763574 0.540129 0.781814 0.335836 0.938682 0.583906 0.945978 0.076893 0.053427 0.179309 0.011093 0.205352 0.071836 0.009291 0.208834
0.413049 0.288172 0.424149 0.273372 0.416749 0.273372 0.461149 0.288172 0.479650 0.284472 0.475950 0.376973 0.512950 0.373273 0.464850 0.487975 0.516650 0.495375 0.487050 0.532375 0.498150 0.558276 0.483350 0.624877 0.527750 0.624877 0.394549 0.769179 0.538851 0.783979 0.320548 0.943081 0.590651 0.950481 0.047534 0.073837 0.185096 0.003469 0.179309 0.100696 0.014138 0.197769
0.412155 0.288247 0.423251 0.273453 0.415854 0.273453 0.460239 0.288247 0.478732 0.284549 0.475034 0.377017 0.512021 0.373318 0.467636 0.484280 0.515720 0.495377 0.486130 0.532364 0.493527 0.561954 0.482431 0.624832 0.530515 0.624832 0.393661 0.769083 0.537912 0.780179 0.319687 0.939225 0.589694 0.946622 0.045050 0.080862 0.185096 0.008218 0.138793 0.112059 0.016490 0.190743
0.409866 0.283115 0.421133 0.268093 0.409866 0.271849 0.462444 0.279360 0.473711 0.283115 0.481222 0.377005 0.507511 0.373249 0.466200 0.485917 0.522533 0.493428 0.496244 0.534739 0.511267 0.542250 0.503756 0.624873 0.507511 0.624873 0.484978 0.775096 0.436155 0.771341 0.507511 0.951608 0.379821 0.944097 0.080000 0.043966 0.068441 0.144302 0.219227 0.111776 0.014350 0.104719
0.410838 0.283195 0.422100 0.268178 0.410838 0.271932 0.463397 0.279441 0.474659 0.283195 0.482168 0.377050 0.504693 0.373296 0.467151 0.485922 0.519710 0.493430 0.497184 0.534726 0.512201 0.542235 0.504693 0.624827 0.508447 0.624827 0.485922 0.774995 0.437117 0.771241 0.504693 0.951443 0.380804 0.943934 0.073319 0.043966 0.068441 0.149053 0.219227 0.088173 0.016738 0.104719
0.411744 0.286871 0.423011 0.271849 0.411744 0.271849 0.460566 0.286871 0.483100 0.279360 0.475589 0.377005 0.513145 0.373249 0.475589 0.482161 0.531922 0.493428 0.505633 0.534739 0.524411 0.557273 0.483100 0.624873 0.528167 0.624873 0.404233 0.782607 0.546945 0.782607 0.321610 0.951608 0.614545 0.951608 0.002842 0.083403 0.157226 0.018735 0.165249 0.086614 0.014350 0.185300
