0.499393 0.254880 0.513955 0.242746 0.482405 0.242746 0.540651 0.264588 0.460562 0.269442 0.579482 0.373800 0.424159 0.376227 0.613459 0.480585 0.380474 0.478158 0.603751 0.567954 0.402316 0.567954 0.550359 0.623773 0.446001 0.626200 0.533370 0.798512 0.462989 0.813074 0.530943 0.999947 0.479978 0.965970 0.027015 0.006366 0.006068 0.001118 0.133280 0.204833 0.004636 0.059708
0.500601 0.258439 0.515022 0.244017 0.483776 0.246421 0.539058 0.265649 0.462143 0.270457 0.577516 0.376215 0.426089 0.373811 0.611166 0.484377 0.380421 0.477166 0.603956 0.570906 0.402053 0.566099 0.548673 0.623785 0.447722 0.626189 0.534251 0.801651 0.464547 0.816073 0.527040 1.000000 0.474161 0.957885 0.014252 0.006583 0.011165 0.000910 0.122473 0.208389 0.004591 0.053884
0.501794 0.260192 0.518539 0.245840 0.485049 0.248232 0.542460 0.267368 0.463520 0.272153 0.578341 0.375013 0.425247 0.375013 0.611831 0.485049 0.379797 0.477873 0.602262 0.571165 0.403718 0.563989 0.549636 0.623791 0.446776 0.626183 0.532891 0.803198 0.463520 0.817551 0.525715 1.000000 0.473089 0.953901 0.018259 0.005481 0.006943 0.000572 0.129265 0.218682 0.004569 0.057404
0.501185 0.260082 0.517772 0.245864 0.484598 0.245864 0.541467 0.267191 0.463272 0.271930 0.577011 0.373821 0.425359 0.376190 0.610185 0.482821 0.380337 0.475712 0.605446 0.568125 0.401663 0.561016 0.550946 0.622625 0.446685 0.627364 0.529620 0.805081 0.463272 0.816929 0.522511 1.000000 0.468011 0.935407 0.025537 0.015056 0.003812 0.000805 0.111707 0.213207 0.003017 0.064818
0.499421 0.261577 0.515625 0.247688 0.483218 0.250003 0.538773 0.268521 0.462385 0.273151 0.575809 0.375001 0.425348 0.375001 0.608216 0.481482 0.383682 0.474537 0.601272 0.564814 0.406830 0.557870 0.550347 0.622684 0.448496 0.627313 0.527199 0.798608 0.464699 0.812497 0.520254 0.988421 0.464699 0.916662 0.030004 0.027781 0.009035 0.001342 0.120506 0.212436 0.001475 0.069425
0.498264 0.260419 0.514467 0.246531 0.482060 0.248845 0.539930 0.269678 0.463542 0.274308 0.574652 0.376159 0.424191 0.373844 0.609374 0.484954 0.384839 0.475695 0.602429 0.563657 0.407987 0.561342 0.551504 0.623841 0.449653 0.626156 0.526041 0.797451 0.463542 0.809024 0.521412 0.987263 0.463542 0.913190 0.038593 0.024129 0.016693 0.007887 0.126349 0.201382 0.001475 0.070484
0.497717 0.261986 0.513699 0.248288 0.481735 0.250571 0.536530 0.268836 0.461187 0.273402 0.575342 0.376142 0.424658 0.373858 0.607306 0.483447 0.385845 0.474315 0.598173 0.563356 0.410959 0.556507 0.550228 0.625000 0.449772 0.625000 0.527397 0.798516 0.465753 0.796233 0.520548 0.978881 0.463470 0.912671 0.029562 0.035864 0.009630 0.002102 0.128373 0.211753 0.000004 0.071267
0.496005 0.261989 0.511986 0.250573 0.480023 0.250573 0.534817 0.271121 0.459475 0.275687 0.573629 0.376143 0.425229 0.373860 0.605592 0.481165 0.386417 0.469749 0.598743 0.563356 0.406964 0.549657 0.550799 0.624999 0.450343 0.624999 0.530251 0.803079 0.464041 0.791664 0.521119 0.981159 0.461758 0.921799 0.020257 0.031688 0.007446 0.005621 0.120506 0.202539 0.001455 0.062670
0.495392 0.262097 0.511521 0.248272 0.479263 0.250576 0.536866 0.269009 0.458525 0.273618 0.573733 0.375000 0.426267 0.375000 0.608295 0.480991 0.384793 0.476382 0.596774 0.561636 0.410138 0.561636 0.550691 0.626152 0.449309 0.623848 0.532258 0.805876 0.463134 0.792051 0.520737 0.983295 0.463134 0.941820 0.011893 0.026104 0.003412 0.003286 0.145503 0.215589 0.000004 0.058637
0.494159 0.259356 0.510514 0.245338 0.477805 0.247675 0.536213 0.266365 0.456778 0.271038 0.575931 0.376174 0.426405 0.373837 0.613313 0.478973 0.384351 0.476637 0.599295 0.560745 0.407714 0.563081 0.550231 0.626163 0.447432 0.623826 0.536213 0.808398 0.459114 0.792043 0.524532 0.990633 0.459114 0.964933 0.004063 0.022069 0.008171 0.004641 0.165059 0.207628 0.002974 0.046507
0.492407 0.262853 0.508762 0.248835 0.476052 0.251171 0.534462 0.267526 0.457360 0.272199 0.574181 0.375001 0.426987 0.375001 0.613901 0.475468 0.384931 0.477804 0.599882 0.564252 0.401286 0.564252 0.550817 0.627335 0.448015 0.622662 0.539135 0.814249 0.455024 0.790885 0.525117 0.991817 0.457360 0.977799 0.005209 0.009276 0.009521 0.013706 0.169689 0.183123 0.001487 0.033123
0.491238 0.261685 0.507593 0.247666 0.474883 0.250003 0.533294 0.266358 0.456192 0.271031 0.575350 0.373833 0.423482 0.376170 0.615069 0.474299 0.386099 0.476636 0.601050 0.565420 0.402454 0.563083 0.551985 0.626167 0.449183 0.623830 0.540303 0.813081 0.453856 0.792053 0.528621 0.988312 0.451519 0.983640 0.001319 0.012721 0.009521 0.024075 0.168430 0.172906 0.001487 0.028708
0.487959 0.266057 0.504014 0.252296 0.471904 0.252296 0.531536 0.270645 0.455849 0.272938 0.575114 0.373855 0.426033 0.376148 0.609517 0.481652 0.389336 0.477064 0.598049 0.566513 0.405391 0.557339 0.549885 0.626145 0.448968 0.623852 0.543004 0.805043 0.448968 0.784401 0.531536 0.977059 0.446675 0.972472 0.008952 0.003881 0.019489 0.029389 0.141092 0.173850 0.001459 0.012237
0.487903 0.264403 0.506336 0.250579 0.474079 0.250579 0.531682 0.269012 0.455646 0.271316 0.575460 0.372697 0.425692 0.377305 0.612326 0.478687 0.388826 0.478687 0.600805 0.563939 0.402651 0.557027 0.550115 0.626151 0.448733 0.623847 0.543202 0.803568 0.446429 0.785135 0.536290 0.974073 0.441821 0.969465 0.000493 0.003406 0.019330 0.034209 0.149306 0.166617 0.001467 0.007848
0.489106 0.266057 0.505161 0.252296 0.473051 0.254590 0.530390 0.268351 0.454702 0.272938 0.573967 0.373855 0.427180 0.376148 0.610664 0.479358 0.390483 0.474771 0.601490 0.564220 0.399657 0.550458 0.551032 0.626145 0.447822 0.623852 0.544151 0.802749 0.445528 0.784401 0.537270 0.965591 0.438647 0.961004 0.001050 0.007848 0.016463 0.031012 0.140829 0.151784 0.001459 0.007848
0.489005 0.261577 0.505208 0.245373 0.472801 0.247688 0.528356 0.266206 0.451968 0.270836 0.574652 0.372687 0.426505 0.377316 0.614003 0.474537 0.391784 0.479167 0.604744 0.560185 0.405672 0.555555 0.551504 0.624999 0.447339 0.624999 0.546875 0.800923 0.447339 0.784719 0.544560 0.967588 0.438079 0.965273 0.003954 0.016309 0.020747 0.026711 0.151638 0.161831 0.001475 0.008375
0.486239 0.261478 0.504587 0.247717 0.470185 0.250011 0.529815 0.266065 0.451837 0.270652 0.575685 0.371565 0.426609 0.378445 0.614674 0.477065 0.392206 0.479359 0.600913 0.561924 0.399087 0.550457 0.550457 0.626141 0.447250 0.623848 0.548163 0.800446 0.449543 0.782098 0.545870 0.960990 0.440369 0.967870 0.000334 0.020320 0.027253 0.022098 0.163853 0.135290 0.002920 0.008801
0.486304 0.263167 0.502283 0.247188 0.470325 0.249471 0.531958 0.265450 0.452063 0.272298 0.575330 0.372738 0.429236 0.377304 0.611853 0.480026 0.392712 0.480026 0.598157 0.566770 0.399560 0.548508 0.547937 0.626121 0.447497 0.623838 0.547937 0.797325 0.449780 0.785911 0.552503 0.954833 0.442932 0.973095 0.009224 0.016124 0.034279 0.019053 0.154292 0.140465 0.005813 0.004484
0.487502 0.265948 0.503409 0.252314 0.471596 0.252314 0.528404 0.270492 0.453417 0.275037 0.576124 0.372748 0.428421 0.377293 0.607937 0.484094 0.389791 0.479549 0.594303 0.577260 0.401153 0.554536 0.548856 0.624979 0.446600 0.624979 0.546583 0.799950 0.448872 0.788589 0.557945 0.952198 0.448872 0.979466 0.027844 0.004420 0.030145 0.018900 0.134839 0.162839 0.005787 0.008554
0.486873 0.264292 0.505136 0.250594 0.470893 0.250594 0.530248 0.268857 0.452630 0.273423 0.575906 0.369305 0.427518 0.380719 0.607867 0.481166 0.390992 0.481166 0.594169 0.572482 0.397841 0.554219 0.548511 0.624988 0.448064 0.624988 0.548511 0.803054 0.450347 0.791639 0.562209 0.953725 0.452630 0.983402 0.028858 0.000568 0.033975 0.022351 0.135979 0.140772 0.004361 0.004360
0.489254 0.263031 0.505090 0.247195 0.473419 0.249457 0.532237 0.267555 0.455321 0.272080 0.577482 0.369356 0.425912 0.380667 0.609153 0.475681 0.391978 0.484730 0.593317 0.557121 0.401027 0.554859 0.548073 0.624988 0.448534 0.624988 0.548073 0.801443 0.455321 0.790132 0.566170 0.941701 0.462108 0.977897 0.040847 0.001569 0.036459 0.016315 0.153283 0.141183 0.004320 0.013074
0.489730 0.263217 0.505706 0.249523 0.473754 0.251805 0.533093 0.267781 0.455496 0.272346 0.578738 0.368200 0.428109 0.381894 0.608407 0.473184 0.389311 0.477748 0.592431 0.557627 0.400722 0.550780 0.546786 0.626094 0.446367 0.623812 0.544504 0.808674 0.457778 0.797263 0.567326 0.936480 0.469190 0.986690 0.060227 0.001763 0.035258 0.003068 0.147188 0.171761 0.008719 0.024890
0.491520 0.264259 0.507349 0.250691 0.475691 0.250691 0.534485 0.268781 0.457600 0.271042 0.577450 0.370540 0.430465 0.379585 0.606847 0.479083 0.392022 0.476822 0.591018 0.555967 0.403329 0.551445 0.545792 0.626068 0.446294 0.623807 0.541269 0.809234 0.457600 0.797927 0.566143 0.924561 0.473430 0.983355 0.075477 0.006468 0.031379 0.000154 0.148821 0.167705 0.010079 0.028499
0.492084 0.263096 0.510177 0.249527 0.476253 0.249527 0.535055 0.267620 0.455899 0.272143 0.578026 0.369392 0.428759 0.380700 0.607426 0.477949 0.392574 0.480211 0.584810 0.557106 0.406143 0.554844 0.546363 0.624954 0.446852 0.624954 0.535055 0.805883 0.460422 0.799098 0.566718 0.925748 0.478515 0.984550 0.102073 0.006204 0.019368 0.001221 0.172775 0.168266 0.008640 0.044622
0.492620 0.261563 0.508516 0.247938 0.476724 0.247938 0.535766 0.266105 0.458557 0.268376 0.578911 0.372834 0.431307 0.377375 0.608432 0.477292 0.390433 0.472750 0.585724 0.559042 0.406328 0.556771 0.544849 0.624896 0.444932 0.624896 0.531224 0.804291 0.458557 0.806562 0.563015 0.931457 0.481266 0.985957 0.102108 0.016250 0.018627 0.006326 0.173916 0.188398 0.013015 0.047958
0.492620 0.263834 0.508516 0.247938 0.476724 0.250209 0.535766 0.266105 0.458557 0.270646 0.578911 0.372834 0.431307 0.377375 0.606161 0.479563 0.388162 0.472750 0.590265 0.559042 0.406328 0.559042 0.544849 0.624896 0.444932 0.624896 0.526682 0.799749 0.460828 0.806562 0.558474 0.940541 0.483537 0.983686 0.103644 0.012806 0.009802 0.010278 0.142404 0.201276 0.013015 0.060734
0.492051 0.263792 0.510221 0.247894 0.476152 0.250165 0.537475 0.266064 0.457982 0.270606 0.578357 0.372811 0.430728 0.377354 0.605612 0.479559 0.387574 0.472745 0.589713 0.559052 0.408015 0.559052 0.544289 0.624917 0.446626 0.624917 0.521577 0.795259 0.462525 0.808887 0.551103 0.947432 0.485237 0.986042 0.103196 0.013147 0.000551 0.007026 0.142404 0.209253 0.011570 0.069632
0.493155 0.263286 0.509126 0.247315 0.477184 0.249596 0.538787 0.267849 0.458932 0.270130 0.579855 0.372802 0.429271 0.377365 0.604953 0.482318 0.385921 0.473191 0.591263 0.562173 0.406455 0.559892 0.545632 0.623776 0.445242 0.626058 0.520534 0.792613 0.463495 0.808584 0.547913 0.968295 0.486311 0.986548 0.096183 0.008861 0.003831 0.011311 0.125750 0.209253 0.011623 0.078698
0.492515 0.262220 0.510939 0.248403 0.476395 0.248403 0.538574 0.266826 0.460274 0.271432 0.580028 0.372762 0.428033 0.377368 0.607663 0.483304 0.386580 0.476395 0.593845 0.563907 0.407306 0.563907 0.545483 0.623784 0.446456 0.626086 0.520151 0.791899 0.464880 0.810322 0.540877 0.983044 0.487910 0.989953 0.081988 0.008861 0.004075 0.008190 0.132021 0.200216 0.010264 0.079332
0.492515 0.263372 0.510939 0.247251 0.476395 0.249554 0.538574 0.265675 0.457971 0.270281 0.580028 0.371611 0.428033 0.378519 0.607663 0.477546 0.384277 0.477546 0.596148 0.558149 0.409609 0.562755 0.545483 0.622632 0.446456 0.627238 0.517848 0.790747 0.467183 0.809171 0.533969 0.986498 0.490212 0.988801 0.078016 0.004481 0.008331 0.012573 0.126394 0.224421 0.010264 0.087969
0.491864 0.261140 0.510461 0.247191 0.475591 0.247191 0.538357 0.265789 0.456993 0.270438 0.580201 0.372724 0.426773 0.377373 0.605773 0.477334 0.382604 0.477334 0.596474 0.558698 0.405851 0.561023 0.547656 0.623789 0.445370 0.626114 0.519760 0.791166 0.466292 0.812088 0.524409 0.991088 0.496513 0.988763 0.059970 0.018266 0.011535 0.011905 0.112534 0.218682 0.008881 0.088228
0.495414 0.264948 0.511466 0.251189 0.477068 0.251189 0.538984 0.269534 0.458723 0.274121 0.577969 0.372728 0.426618 0.377314 0.605487 0.478215 0.385340 0.478215 0.596314 0.556183 0.410565 0.565356 0.548157 0.622686 0.447257 0.627272 0.520639 0.787796 0.467895 0.808434 0.513759 0.987303 0.502293 0.985010 0.041597 0.025134 0.014783 0.009884 0.118504 0.213296 0.005840 0.088676
0.494816 0.264423 0.513248 0.250600 0.478689 0.250600 0.538591 0.269031 0.457953 0.271335 0.577758 0.372708 0.425698 0.377316 0.605405 0.476385 0.384228 0.478689 0.596189 0.557022 0.411875 0.566238 0.547807 0.623836 0.448738 0.626140 0.522463 0.789719 0.467169 0.805846 0.508640 0.990161 0.497120 0.978641 0.026340 0.022097 0.010473 0.003141 0.119173 0.220970 0.004400 0.080791
0.494816 0.262120 0.513248 0.248296 0.478689 0.248296 0.538591 0.266727 0.457953 0.271335 0.577758 0.372708 0.425698 0.377316 0.605405 0.478689 0.381924 0.476385 0.593885 0.559326 0.409571 0.563934 0.547807 0.623836 0.448738 0.626140 0.522463 0.789719 0.467169 0.803542 0.501728 0.980945 0.494816 0.964817 0.013877 0.021089 0.010473 0.003564 0.126394 0.229802 0.004400 0.081210
0.495392 0.262107 0.513824 0.248283 0.479264 0.248283 0.539169 0.266715 0.458527 0.269019 0.576034 0.372701 0.426270 0.377309 0.605986 0.480992 0.384798 0.478688 0.592162 0.563937 0.412446 0.563937 0.548385 0.623843 0.449311 0.626147 0.520736 0.789734 0.467743 0.801255 0.500000 0.976362 0.495392 0.957930 0.017345 0.022216 0.017666 0.003994 0.138464 0.223434 0.002934 0.085952
0.497696 0.262107 0.513824 0.248283 0.481568 0.248283 0.539169 0.269019 0.458527 0.269019 0.576034 0.372701 0.426270 0.377309 0.608290 0.483296 0.384798 0.478688 0.592162 0.566241 0.414750 0.566241 0.548385 0.623843 0.449311 0.626147 0.520736 0.792038 0.467743 0.803559 0.497696 0.978666 0.495392 0.955626 0.012762 0.024296 0.016959 0.003564 0.151465 0.228528 0.002934 0.084814
0.497120 0.259816 0.513248 0.245992 0.480993 0.245992 0.538591 0.266727 0.460257 0.269031 0.577758 0.372708 0.425698 0.377316 0.607709 0.480993 0.384228 0.478689 0.593885 0.561630 0.414179 0.566238 0.547807 0.623836 0.448738 0.626140 0.517855 0.794327 0.467169 0.805846 0.492512 0.985553 0.497120 0.950994 0.013414 0.032240 0.017570 0.003141 0.139938 0.228528 0.004400 0.087888
0.497133 0.259197 0.515480 0.245437 0.481080 0.245437 0.538414 0.266077 0.460440 0.268371 0.577401 0.373865 0.426039 0.376159 0.607215 0.479360 0.382465 0.477066 0.593454 0.561921 0.412279 0.564214 0.547587 0.623841 0.448973 0.626135 0.517774 0.795844 0.467320 0.802724 0.487960 0.983899 0.499427 0.947205 0.004584 0.036652 0.016846 0.003833 0.140239 0.234676 0.004381 0.087584
0.497185 0.263535 0.515201 0.250023 0.481421 0.250023 0.539974 0.272543 0.461152 0.272543 0.576007 0.373885 0.427372 0.376137 0.605283 0.477480 0.384583 0.475227 0.594023 0.556301 0.413859 0.563057 0.546730 0.623863 0.449892 0.626115 0.519705 0.795018 0.470160 0.804026 0.488177 0.981938 0.506193 0.948157 0.003342 0.041872 0.012738 0.007509 0.132838 0.232170 0.004301 0.085955
0.497768 0.262286 0.515624 0.251126 0.482144 0.248894 0.540177 0.271214 0.462055 0.271214 0.575890 0.373889 0.426342 0.376121 0.604907 0.476563 0.383933 0.476563 0.591514 0.559149 0.415182 0.563614 0.546873 0.623879 0.450895 0.626111 0.522321 0.793515 0.470983 0.804675 0.493304 0.981008 0.511160 0.947527 0.003120 0.051610 0.008971 0.004497 0.138843 0.236874 0.002842 0.081413
0.498355 0.264257 0.515899 0.251099 0.483005 0.251099 0.540022 0.273028 0.463268 0.270836 0.575109 0.373905 0.425988 0.376098 0.603617 0.476974 0.386514 0.472588 0.590460 0.555921 0.410637 0.562499 0.548793 0.623902 0.450110 0.626095 0.524671 0.788374 0.472040 0.805918 0.493969 0.974776 0.515899 0.939689 0.005606 0.062221 0.012971 0.008008 0.138464 0.207041 0.001397 0.084983
0.500548 0.263160 0.518092 0.250002 0.485198 0.250002 0.542215 0.271932 0.465461 0.269739 0.575109 0.375001 0.425988 0.375001 0.605810 0.478070 0.386514 0.469299 0.592653 0.552631 0.412830 0.552631 0.548793 0.622806 0.450110 0.627192 0.526864 0.789471 0.469847 0.811401 0.496162 0.975873 0.520285 0.942978 0.010318 0.082544 0.007967 0.003619 0.147752 0.223555 0.001397 0.075619
0.498904 0.260965 0.516447 0.250000 0.483553 0.247807 0.540570 0.271930 0.463816 0.271930 0.575658 0.375000 0.424342 0.375000 0.604167 0.478070 0.387061 0.471491 0.591009 0.552632 0.408991 0.550439 0.549342 0.622807 0.450658 0.627193 0.527412 0.793860 0.466009 0.815789 0.498904 0.978070 0.507675 0.912281 0.008287 0.103901 0.006912 0.007243 0.141496 0.203605 0.000004 0.066440
0.497259 0.262064 0.516995 0.248906 0.484101 0.248906 0.541118 0.270836 0.462171 0.273028 0.574012 0.373905 0.424891 0.376098 0.604714 0.481360 0.387611 0.472588 0.589363 0.553728 0.409540 0.551535 0.549890 0.623902 0.451207 0.626095 0.527960 0.797146 0.462171 0.810304 0.501645 0.979162 0.490680 0.893637 0.005624 0.085998 0.009460 0.014459 0.155120 0.203605 0.001397 0.059004
0.495633 0.262555 0.513100 0.251638 0.482533 0.249454 0.539301 0.271288 0.462882 0.271288 0.574236 0.373908 0.425764 0.376092 0.604804 0.480895 0.388646 0.474345 0.587336 0.557314 0.412664 0.559498 0.550218 0.622817 0.449782 0.627183 0.528384 0.797489 0.462882 0.806223 0.502183 0.976528 0.486900 0.889192 0.006670 0.066441 0.008964 0.007104 0.160113 0.202481 0.000004 0.062833
0.496162 0.264257 0.513706 0.251099 0.480812 0.251099 0.537829 0.270836 0.461075 0.273028 0.575109 0.373905 0.423795 0.376098 0.605810 0.479167 0.388707 0.474781 0.588267 0.558113 0.410637 0.558113 0.550986 0.623902 0.450110 0.626095 0.529057 0.797146 0.463268 0.801532 0.502741 0.976969 0.480812 0.887058 0.006174 0.040572 0.009460 0.009555 0.159939 0.190648 0.001397 0.063908
0.493943 0.263769 0.511564 0.250553 0.478524 0.250553 0.535793 0.272579 0.460903 0.272579 0.573237 0.373900 0.425662 0.376103 0.604074 0.477423 0.390420 0.473018 0.590858 0.558920 0.410243 0.558920 0.551211 0.624999 0.449890 0.624999 0.529185 0.801208 0.463106 0.787993 0.502753 0.984026 0.474119 0.882706 0.006120 0.011095 0.011733 0.005135 0.143324 0.183210 0.001401 0.065336
0.495556 0.262778 0.513333 0.249444 0.480000 0.249444 0.537778 0.271667 0.460000 0.271667 0.575556 0.373889 0.424444 0.376111 0.606667 0.478333 0.388889 0.476111 0.593333 0.558333 0.411111 0.560556 0.551111 0.625000 0.448889 0.625000 0.528889 0.805000 0.462222 0.780556 0.506667 0.982778 0.468889 0.907222 0.000475 0.010480 0.008211 0.003946 0.144720 0.190648 0.000004 0.066317
0.495536 0.262277 0.511161 0.248884 0.479911 0.248884 0.537946 0.271205 0.459821 0.273438 0.575893 0.373884 0.424107 0.376116 0.607143 0.478795 0.388393 0.476562 0.591518 0.559152 0.412946 0.561384 0.551339 0.626116 0.448661 0.623884 0.529018 0.804688 0.464286 0.777902 0.508929 0.983259 0.466518 0.920759 0.003924 0.027209 0.008694 0.000742 0.153283 0.198430 0.000004 0.071766
0.492152 0.265135 0.510090 0.251682 0.478700 0.251682 0.534753 0.274103 0.458520 0.274103 0.575112 0.372758 0.424888 0.377242 0.606502 0.480381 0.389013 0.478139 0.593049 0.561099 0.411435 0.561099 0.550448 0.626121 0.449552 0.623879 0.530269 0.803251 0.463004 0.778587 0.510090 0.982623 0.458520 0.935538 0.000465 0.036702 0.005220 0.004115 0.142903 0.192762 0.000004 0.063717
