0.525532 0.263926 0.534174 0.248214 0.505106 0.249785 0.542030 0.264711 0.461898 0.262355 0.569526 0.378624 0.421047 0.371554 0.613520 0.516890 0.373910 0.506678 0.674797 0.593880 0.465041 0.485466 0.556171 0.626090 0.453257 0.623733 0.567955 0.824847 0.438330 0.820919 0.557742 1.000000 0.359770 0.985111 0.034875 0.118004 0.036012 0.064487 0.115927 0.679630 0.012006 0.042899
0.522025 0.261299 0.531549 0.246219 0.501389 0.246219 0.539486 0.262887 0.457736 0.258918 0.568852 0.379558 0.417258 0.370828 0.616473 0.518453 0.368844 0.507342 0.676000 0.595441 0.458530 0.486706 0.559328 0.625601 0.454562 0.624013 0.562503 0.831959 0.446625 0.831165 0.544248 1.000000 0.354557 0.974028 0.033308 0.170030 0.017212 0.058753 0.104369 0.680470 0.017694 0.017086
0.520198 0.264688 0.528826 0.249001 0.499020 0.249785 0.535885 0.264688 0.455879 0.262335 0.566476 0.378422 0.416660 0.372147 0.615891 0.518825 0.368814 0.509412 0.675503 0.596478 0.456663 0.486666 0.559416 0.624715 0.457448 0.624715 0.548435 0.832574 0.464507 0.834143 0.527257 1.000000 0.359401 0.955721 0.016263 0.237636 0.007681 0.040239 0.100682 0.687410 0.021488 0.027526
0.520527 0.259651 0.529296 0.243708 0.499004 0.244505 0.537268 0.261246 0.456753 0.260448 0.567561 0.379228 0.416894 0.371256 0.619377 0.519531 0.366672 0.508370 0.679963 0.598451 0.453564 0.485252 0.557995 0.624758 0.457550 0.624758 0.547631 0.837604 0.483060 0.843982 0.518136 1.000000 0.365875 0.960369 0.028672 0.287960 0.003090 0.013745 0.095792 0.694530 0.019805 0.052360
0.521265 0.261119 0.530804 0.245220 0.500596 0.246015 0.538754 0.262709 0.456874 0.261119 0.567372 0.379566 0.418717 0.370821 0.621428 0.519476 0.367840 0.509142 0.685818 0.600560 0.451310 0.486883 0.555447 0.625204 0.458464 0.624409 0.543523 0.836659 0.499006 0.835069 0.506161 1.000000 0.382944 0.969415 0.037533 0.287319 0.002491 0.011030 0.096272 0.695143 0.017722 0.078450
0.521518 0.260090 0.531975 0.244002 0.500603 0.244806 0.541627 0.260894 0.457970 0.260090 0.570585 0.379944 0.418555 0.370292 0.625284 0.521518 0.365465 0.507843 0.691244 0.604370 0.449122 0.489342 0.552889 0.626089 0.457970 0.623675 0.534388 0.845688 0.514278 0.828796 0.494973 1.000000 0.404881 0.988065 0.031020 0.276856 0.003908 0.036157 0.096662 0.686529 0.013831 0.112033
0.522769 0.259412 0.532441 0.243292 0.501813 0.244098 0.542113 0.260218 0.459096 0.259412 0.573547 0.380311 0.417991 0.369833 0.628354 0.521359 0.363989 0.507657 0.692833 0.601958 0.443782 0.491537 0.551785 0.626943 0.456678 0.622913 0.529217 0.848590 0.520351 0.821187 0.482470 1.000000 0.433304 0.997698 0.038354 0.244745 0.004285 0.050625 0.096806 0.682317 0.010777 0.131208
0.521236 0.258233 0.530221 0.241898 0.500000 0.244348 0.540839 0.257416 0.458344 0.259050 0.577594 0.379933 0.416688 0.370132 0.633135 0.522053 0.359514 0.511435 0.697661 0.606181 0.439558 0.491832 0.552274 0.626601 0.453444 0.623334 0.531038 0.834063 0.522870 0.816911 0.460795 1.000000 0.459161 1.000000 0.091254 0.196684 0.000000 0.063727 0.089678 0.698835 0.007280 0.142083
0.522908 0.261274 0.532554 0.245198 0.502009 0.247609 0.543003 0.259666 0.461016 0.262078 0.577566 0.378627 0.419219 0.371393 0.634635 0.517683 0.362953 0.510449 0.698135 0.603689 0.439314 0.491158 0.551041 0.626195 0.452174 0.623784 0.518085 0.827143 0.527731 0.812675 0.465035 1.000000 0.477896 1.000000 0.042241 0.186842 0.017767 0.079790 0.078476 0.701153 0.004094 0.172861
0.525199 0.262605 0.534799 0.246605 0.504400 0.248205 0.545999 0.261805 0.462001 0.261805 0.577998 0.379402 0.420402 0.370603 0.634797 0.515400 0.363603 0.509000 0.698796 0.600998 0.440401 0.493800 0.548399 0.626597 0.453201 0.623397 0.497200 0.830593 0.529999 0.812994 0.450001 1.000000 0.514000 1.000000 0.010522 0.143981 0.040339 0.081436 0.078424 0.686159 0.002039 0.200779
0.527113 0.265352 0.537480 0.248606 0.506380 0.250201 0.547847 0.263757 0.461723 0.262960 0.578150 0.378589 0.421053 0.371412 0.637160 0.512560 0.365232 0.510167 0.700956 0.599481 0.440989 0.493421 0.547847 0.626594 0.452951 0.623405 0.488836 0.829942 0.519936 0.818778 0.435407 1.000000 0.553429 1.000000 0.013026 0.059665 0.051202 0.065058 0.069468 0.690999 0.001013 0.195040
0.528354 0.266375 0.539537 0.249602 0.507588 0.251199 0.549121 0.265576 0.461262 0.263180 0.578674 0.378994 0.420528 0.371007 0.638578 0.509984 0.366215 0.509185 0.699280 0.596246 0.441294 0.493211 0.549121 0.626597 0.451678 0.623402 0.492412 0.831867 0.510783 0.825478 0.421326 1.000000 0.577076 1.000000 0.017339 0.000847 0.047985 0.051489 0.058660 0.685941 0.001014 0.176374
0.528354 0.266375 0.539537 0.249602 0.507588 0.251199 0.549121 0.265576 0.461262 0.263180 0.578674 0.378994 0.420528 0.371007 0.638578 0.509984 0.366215 0.509185 0.699280 0.596246 0.441294 0.493211 0.549121 0.626597 0.451678 0.623402 0.492412 0.831867 0.510783 0.825478 0.421326 1.000000 0.577076 1.000000 0.017339 0.000847 0.047985 0.051489 0.058660 0.685941 0.001014 0.176374
0.528892 0.263448 0.538522 0.246594 0.507223 0.247397 0.548153 0.261843 0.461478 0.261040 0.579453 0.379015 0.418942 0.370990 0.640447 0.513041 0.365171 0.510634 0.702243 0.594902 0.441414 0.492978 0.550561 0.626201 0.451044 0.623794 0.489567 0.830852 0.507223 0.826839 0.411719 1.000000 0.583465 1.000000 0.022269 0.019956 0.055164 0.045716 0.069886 0.689435 0.002042 0.178121
0.529952 0.262780 0.539537 0.246006 0.509185 0.247604 0.548323 0.260383 0.463658 0.260383 0.580272 0.377796 0.419728 0.372204 0.640176 0.511182 0.364617 0.511182 0.703275 0.594249 0.443690 0.492013 0.549121 0.626198 0.450879 0.623802 0.486022 0.829872 0.511581 0.826677 0.399760 1.000000 0.573083 1.000000 0.033711 0.007983 0.055919 0.053333 0.072422 0.695877 0.000003 0.188172
0.528130 0.264859 0.537638 0.247426 0.505943 0.249803 0.547147 0.262481 0.462362 0.263274 0.579635 0.378170 0.419573 0.371831 0.635895 0.512084 0.363313 0.511292 0.697701 0.592115 0.441759 0.496236 0.548732 0.626188 0.452060 0.623811 0.483756 0.829040 0.510697 0.828247 0.391839 1.000000 0.566164 1.000000 0.043096 0.011726 0.059213 0.048097 0.082722 0.682409 0.001010 0.187583
0.528724 0.264461 0.538233 0.247821 0.507330 0.249406 0.546949 0.262877 0.461371 0.262877 0.579437 0.378566 0.420166 0.371434 0.634112 0.514857 0.363114 0.513273 0.695919 0.593304 0.444731 0.496632 0.547742 0.626585 0.452655 0.623415 0.485143 0.834191 0.509707 0.831022 0.382132 1.000000 0.557250 1.000000 0.071729 0.018865 0.052760 0.044552 0.090972 0.685752 0.000505 0.178586
0.528784 0.261876 0.538446 0.244968 0.506240 0.245773 0.548108 0.261876 0.460346 0.260266 0.581119 0.378623 0.418478 0.371377 0.634259 0.519525 0.360507 0.516304 0.699476 0.600040 0.441023 0.500201 0.549718 0.626610 0.450684 0.623390 0.503824 0.838365 0.507045 0.828703 0.379026 1.000000 0.544887 1.000000 0.131595 0.034988 0.027845 0.044819 0.101910 0.683952 0.000509 0.153215
0.528600 0.262600 0.537400 0.245800 0.506200 0.248200 0.546200 0.261800 0.460600 0.262600 0.579800 0.377800 0.419800 0.372200 0.631800 0.521000 0.363000 0.517000 0.699000 0.603400 0.446200 0.496200 0.549400 0.626600 0.451000 0.623400 0.525400 0.844200 0.506200 0.831400 0.388600 0.993799 0.533400 1.000000 0.200817 0.045799 0.003736 0.043237 0.106895 0.696970 0.000507 0.117538
0.529761 0.260725 0.537697 0.243266 0.506746 0.246440 0.545633 0.259138 0.462303 0.262312 0.580552 0.378974 0.421829 0.371038 0.628962 0.521031 0.363895 0.513888 0.697213 0.604360 0.444050 0.492461 0.548807 0.627375 0.448812 0.622613 0.540078 0.847206 0.500397 0.831334 0.406750 0.975772 0.520237 1.000000 0.243153 0.049845 0.027825 0.043114 0.113894 0.705789 0.003031 0.089758
0.531146 0.257973 0.539081 0.242103 0.509721 0.244483 0.546223 0.257973 0.465283 0.259560 0.581138 0.378590 0.423226 0.371448 0.629544 0.520632 0.365298 0.512697 0.696994 0.603159 0.450206 0.488097 0.548604 0.626965 0.447032 0.622997 0.558920 0.847566 0.496231 0.834870 0.428781 0.973737 0.505753 1.000000 0.269801 0.059554 0.056334 0.042593 0.113562 0.713647 0.005557 0.057754
0.531783 0.262699 0.539583 0.246320 0.509944 0.247880 0.547382 0.262699 0.466267 0.261919 0.578580 0.379692 0.424929 0.370333 0.626938 0.519304 0.365653 0.509944 0.694794 0.604319 0.452228 0.491226 0.547382 0.626938 0.449108 0.623038 0.562201 0.843765 0.489666 0.832846 0.443648 0.979477 0.492785 1.000000 0.250273 0.056331 0.061675 0.030419 0.108284 0.695587 0.004469 0.039061
0.532117 0.261358 0.541461 0.245007 0.511095 0.246565 0.550025 0.262137 0.468272 0.259022 0.580391 0.380484 0.425449 0.369584 0.629443 0.522190 0.367832 0.508175 0.697181 0.607837 0.455036 0.490267 0.546911 0.627302 0.447250 0.622630 0.569490 0.836746 0.480730 0.828181 0.473722 0.961323 0.492409 1.000000 0.242802 0.035057 0.077100 0.024038 0.106929 0.689883 0.007436 0.017211
0.533751 0.261236 0.542237 0.245807 0.512922 0.247350 0.549180 0.263551 0.469721 0.261236 0.580038 0.380811 0.424977 0.369239 0.629411 0.519672 0.369432 0.506557 0.695755 0.606846 0.458149 0.490357 0.548408 0.626903 0.446577 0.623046 0.577724 0.825938 0.473578 0.826709 0.515236 0.984856 0.479749 1.000000 0.165798 0.033146 0.087236 0.014930 0.098335 0.679843 0.006385 0.004594
0.535517 0.262131 0.543965 0.247540 0.514015 0.248308 0.550876 0.265202 0.469474 0.262131 0.579290 0.381161 0.424934 0.368874 0.630742 0.518623 0.369642 0.506335 0.697552 0.607704 0.460259 0.490977 0.549340 0.626134 0.446436 0.623830 0.586969 0.821191 0.465635 0.830406 0.533981 1.000000 0.472546 1.000000 0.142930 0.019414 0.099385 0.002715 0.090827 0.675175 0.005379 0.031163
0.536581 0.264890 0.544964 0.249648 0.516004 0.249648 0.551823 0.267176 0.471040 0.262604 0.578497 0.381492 0.425314 0.368537 0.629558 0.517910 0.370442 0.505716 0.695861 0.604028 0.461895 0.488949 0.549537 0.626129 0.446653 0.623842 0.589929 0.823514 0.459608 0.828087 0.557158 1.000000 0.463419 1.000000 0.113622 0.014561 0.101757 0.006379 0.094845 0.678835 0.004852 0.044085
0.538180 0.265599 0.545778 0.249643 0.518425 0.251163 0.551097 0.265599 0.472837 0.262560 0.578450 0.381090 0.424969 0.368933 0.630117 0.517855 0.371023 0.505699 0.696980 0.602194 0.464479 0.486703 0.550337 0.625748 0.446244 0.624228 0.595166 0.821019 0.454601 0.827857 0.585288 1.000000 0.453082 1.000000 0.086239 0.015307 0.108247 0.013407 0.098398 0.683419 0.004353 0.058773
0.538122 0.266524 0.547226 0.251351 0.518397 0.251351 0.553295 0.268041 0.474395 0.262731 0.577572 0.381081 0.425842 0.368942 0.629920 0.517639 0.371218 0.505500 0.695923 0.598056 0.464533 0.486534 0.550261 0.626126 0.446325 0.623850 0.593504 0.822618 0.448601 0.827170 0.595780 1.000000 0.441773 1.000000 0.065579 0.013864 0.104285 0.021960 0.102245 0.684947 0.004347 0.065390
0.537895 0.267918 0.546190 0.252835 0.519042 0.252835 0.552223 0.267918 0.474548 0.263393 0.576355 0.381037 0.425530 0.368971 0.629144 0.515271 0.374249 0.503205 0.693999 0.592192 0.465499 0.487368 0.550715 0.626128 0.447400 0.623865 0.586913 0.822955 0.443629 0.825217 0.603504 1.000000 0.431563 1.000000 0.032482 0.012811 0.091072 0.033204 0.103710 0.670854 0.002401 0.063853
0.536443 0.268882 0.545506 0.253777 0.517560 0.253777 0.550793 0.268882 0.470733 0.262840 0.574962 0.380665 0.425415 0.369335 0.627077 0.515861 0.376322 0.506042 0.692032 0.590634 0.464690 0.487915 0.551548 0.626133 0.448074 0.623867 0.583270 0.824773 0.439011 0.823262 0.602152 1.000000 0.418618 1.000000 0.021339 0.017502 0.080677 0.042720 0.110556 0.674146 0.000474 0.064866
0.534380 0.267751 0.542601 0.252056 0.514948 0.252804 0.549327 0.267751 0.470105 0.264762 0.573243 0.379859 0.426009 0.370143 0.626307 0.513640 0.377430 0.506166 0.690582 0.589125 0.467863 0.482997 0.551569 0.626494 0.449178 0.623505 0.579222 0.822308 0.437967 0.818571 0.588191 1.000000 0.407325 1.000000 0.030623 0.030769 0.072558 0.047301 0.104324 0.689021 0.000952 0.062930
0.532744 0.266114 0.541725 0.250397 0.512536 0.251145 0.548461 0.266114 0.467630 0.262372 0.572411 0.380625 0.424221 0.369398 0.623305 0.516091 0.374824 0.505613 0.689915 0.587193 0.465385 0.481663 0.552952 0.626860 0.450416 0.623118 0.573908 0.825943 0.436196 0.818459 0.575405 1.000000 0.393535 1.000000 0.031026 0.046869 0.058486 0.055879 0.125231 0.693033 0.004288 0.056515
0.530314 0.267901 0.539241 0.252279 0.510973 0.252279 0.546680 0.266413 0.468570 0.263437 0.571229 0.379487 0.423935 0.370560 0.619583 0.516366 0.375581 0.505951 0.683559 0.586293 0.461131 0.483634 0.553375 0.626464 0.451460 0.623489 0.571229 0.825088 0.436582 0.819137 0.566766 1.000000 0.383020 1.000000 0.035505 0.066125 0.051506 0.058663 0.127772 0.690415 0.006157 0.052695
0.527787 0.265020 0.535993 0.249354 0.508392 0.250100 0.543453 0.263528 0.466618 0.260544 0.571800 0.381391 0.421114 0.368710 0.615812 0.518649 0.371134 0.504476 0.680711 0.589516 0.456174 0.485827 0.555388 0.626815 0.451699 0.623085 0.565832 0.830464 0.436779 0.824496 0.554642 1.000000 0.371134 0.996815 0.033910 0.092323 0.037563 0.061625 0.137248 0.680996 0.009024 0.039845
0.525501 0.267141 0.535925 0.250761 0.505398 0.252250 0.544859 0.264907 0.462958 0.262673 0.570174 0.381058 0.419774 0.369145 0.613358 0.518800 0.370634 0.505398 0.678879 0.592511 0.455513 0.487529 0.556028 0.626016 0.454024 0.623782 0.560495 0.833746 0.451046 0.830024 0.539648 1.000000 0.363188 0.984146 0.039497 0.160322 0.025207 0.047154 0.134592 0.676227 0.012802 0.011441
0.525870 0.265681 0.535548 0.250047 0.505770 0.250047 0.543737 0.264936 0.463335 0.261214 0.569793 0.381072 0.419412 0.369161 0.613716 0.520287 0.369533 0.505397 0.677740 0.591755 0.455146 0.486041 0.555649 0.626000 0.455146 0.623767 0.552671 0.836683 0.463335 0.835194 0.528103 1.000000 0.365066 0.975153 0.034214 0.207177 0.013864 0.032062 0.135245 0.682491 0.013749 0.016821
0.524931 0.265763 0.534605 0.250134 0.505581 0.250134 0.542047 0.265763 0.462418 0.262042 0.568094 0.380370 0.419254 0.369951 0.612747 0.519535 0.367160 0.506140 0.677492 0.594700 0.451999 0.486790 0.555443 0.625212 0.457208 0.624468 0.546513 0.838798 0.480279 0.837309 0.515256 1.000000 0.373114 0.970522 0.035641 0.250010 0.003131 0.012753 0.127511 0.687668 0.016115 0.047669
0.524968 0.265600 0.534657 0.249949 0.505590 0.249949 0.542110 0.265600 0.462362 0.261874 0.568196 0.380378 0.419134 0.369943 0.612914 0.519005 0.366962 0.506335 0.677756 0.595027 0.451928 0.486957 0.555526 0.625585 0.457145 0.624094 0.546582 0.839489 0.480249 0.837998 0.515279 1.000000 0.372179 0.971408 0.035641 0.250968 0.003131 0.013008 0.125464 0.687668 0.016139 0.047551
0.527218 0.265175 0.536979 0.249407 0.506945 0.249407 0.544487 0.265175 0.462646 0.261420 0.567763 0.380804 0.419097 0.369541 0.616568 0.520460 0.365787 0.506945 0.681891 0.599299 0.451383 0.488174 0.554999 0.625578 0.458141 0.624076 0.543736 0.840318 0.496433 0.835063 0.503191 1.000000 0.381555 0.979224 0.044605 0.271319 0.000130 0.008701 0.113231 0.686523 0.016738 0.073829
0.530234 0.266575 0.538497 0.250801 0.509953 0.250801 0.544507 0.265073 0.465634 0.261317 0.568544 0.380752 0.420564 0.369485 0.618872 0.519718 0.367231 0.506197 0.681970 0.600093 0.450611 0.489671 0.551267 0.625632 0.459625 0.624130 0.536244 0.844222 0.514460 0.832203 0.496432 1.000000 0.403287 0.980934 0.038761 0.286339 0.000562 0.033573 0.101250 0.680677 0.013872 0.103864
0.530848 0.264258 0.540750 0.248263 0.510283 0.248263 0.547605 0.262735 0.466105 0.258927 0.571218 0.381558 0.419642 0.368609 0.623774 0.521708 0.362516 0.507236 0.684709 0.604732 0.447063 0.492002 0.549890 0.626821 0.459250 0.623012 0.531610 0.839331 0.521708 0.831714 0.431829 1.000000 0.475245 1.000000 0.138686 0.159449 0.000296 0.043398 0.087336 0.681166 0.011641 0.119875
0.530560 0.264684 0.539729 0.247876 0.509932 0.248640 0.547369 0.261628 0.465619 0.259336 0.571817 0.381578 0.419015 0.368590 0.626062 0.522920 0.359422 0.507640 0.687183 0.606198 0.441935 0.493888 0.552717 0.625298 0.456451 0.624534 0.558065 0.817829 0.525212 0.823177 0.525212 0.941599 0.455687 1.000000 0.091425 0.201318 0.033735 0.059844 0.084892 0.681450 0.011676 0.097235
0.532535 0.264028 0.541721 0.247187 0.511866 0.247952 0.549376 0.261732 0.466700 0.257904 0.574638 0.382684 0.420003 0.367374 0.629756 0.522009 0.358761 0.504402 0.690997 0.603919 0.439141 0.493684 0.550907 0.626120 0.454452 0.623823 0.556266 0.819031 0.524114 0.822093 0.514928 0.965245 0.469762 1.000000 0.096544 0.180122 0.039772 0.065046 0.084445 0.675977 0.006824 0.098710
0.534946 0.262869 0.543394 0.245973 0.514209 0.246741 0.550306 0.260565 0.468895 0.257493 0.577956 0.382683 0.420508 0.367322 0.630950 0.524769 0.358298 0.504032 0.699305 0.606949 0.438173 0.495584 0.547234 0.627686 0.454302 0.622310 0.515745 0.845808 0.529569 0.821999 0.449694 1.000000 0.507296 1.000000 0.049860 0.144428 0.005931 0.072795 0.107215 0.669477 0.001954 0.160374
0.534404 0.263380 0.545107 0.246561 0.512997 0.246561 0.555810 0.261087 0.469419 0.258029 0.579510 0.381881 0.421254 0.368120 0.629204 0.523318 0.357799 0.504969 0.698011 0.602064 0.436545 0.495031 0.546636 0.627293 0.452600 0.622706 0.499235 0.836772 0.518349 0.824540 0.433487 1.000000 0.543578 1.000000 0.023074 0.067016 0.028446 0.061246 0.121042 0.678167 0.000972 0.171075
0.533605 0.265899 0.544932 0.250041 0.513970 0.249286 0.553239 0.262124 0.472437 0.261369 0.581180 0.382195 0.423351 0.367846 0.626490 0.520389 0.367469 0.503776 0.698230 0.594395 0.442985 0.498490 0.544177 0.626112 0.451292 0.623847 0.494336 0.825475 0.515481 0.823965 0.432413 1.000000 0.569853 1.000000 0.012095 0.020559 0.030056 0.064194 0.144204 0.646402 0.005770 0.176779
0.534444 0.265482 0.544231 0.249671 0.514116 0.250424 0.551007 0.261717 0.472709 0.262470 0.581122 0.382176 0.423772 0.367872 0.624788 0.520704 0.368813 0.503388 0.697816 0.592226 0.441088 0.499624 0.543478 0.626105 0.451628 0.623847 0.490025 0.828627 0.511858 0.827121 0.418502 1.000000 0.572087 1.000000 0.022673 0.003406 0.033404 0.057187 0.156117 0.639204 0.006231 0.173833
0.534852 0.266717 0.544595 0.250977 0.515365 0.250977 0.552091 0.263719 0.473393 0.262969 0.579822 0.380641 0.424675 0.369399 0.622544 0.518550 0.369961 0.507308 0.695246 0.590503 0.444162 0.500562 0.543096 0.626479 0.452406 0.623481 0.489132 0.826596 0.516114 0.827346 0.411933 1.000000 0.564083 1.000000 0.033352 0.027502 0.036639 0.061806 0.156027 0.649081 0.005725 0.180253
0.533494 0.266106 0.542475 0.250388 0.513285 0.250388 0.549211 0.263112 0.469874 0.262363 0.579150 0.379872 0.423470 0.370142 0.622561 0.519834 0.369581 0.508607 0.695161 0.591687 0.444427 0.499626 0.544721 0.626116 0.452660 0.623870 0.490831 0.827452 0.512537 0.830446 0.402513 1.000000 0.559690 1.000000 0.052368 0.022831 0.039028 0.053343 0.155917 0.656157 0.003336 0.173050
0.532418 0.262578 0.542163 0.247587 0.512180 0.248336 0.549658 0.261079 0.468706 0.261828 0.579640 0.378759 0.423733 0.371264 0.621616 0.518926 0.368265 0.509182 0.691324 0.590884 0.444720 0.500937 0.544411 0.626113 0.452216 0.623864 0.490443 0.829243 0.512180 0.830742 0.391502 1.000000 0.548909 1.000000 0.071450 0.038603 0.037628 0.054061 0.152330 0.655910 0.004295 0.172463
