0.483738 0.266916 0.505421 0.248847 0.465670 0.248847 0.534330 0.259688 0.440374 0.259688 0.577695 0.371713 0.404237 0.378941 0.624673 0.498193 0.378941 0.516262 0.592150 0.541558 0.353645 0.635514 0.563240 0.621059 0.454829 0.628287 0.548785 0.841496 0.476511 0.848723 0.548785 1.000000 0.519875 1.000000 0.020843 0.032661 0.002410 0.032511 0.318035 0.008549 0.023026 0.052052
0.482844 0.268849 0.504515 0.250790 0.464786 0.250790 0.537020 0.261626 0.439503 0.261626 0.576749 0.369978 0.403386 0.380813 0.627314 0.500000 0.374492 0.518059 0.591196 0.546953 0.349210 0.637246 0.565914 0.622799 0.453950 0.626411 0.551467 0.843115 0.482844 0.853950 0.551467 1.000000 0.518962 1.000000 0.020843 0.010697 0.007210 0.024426 0.326773 0.000495 0.025319 0.061048
0.487532 0.268447 0.505344 0.250635 0.466158 0.250635 0.533842 0.261322 0.444784 0.261322 0.576591 0.371755 0.405598 0.378880 0.626464 0.496438 0.380661 0.510687 0.587278 0.542748 0.355725 0.631807 0.562341 0.621120 0.455471 0.628245 0.544529 0.845548 0.483969 0.856235 0.544529 1.000000 0.523155 1.000000 0.025210 0.016309 0.007039 0.023250 0.344654 0.005114 0.022698 0.064793
0.485751 0.268447 0.503562 0.250635 0.467939 0.250635 0.532061 0.261322 0.443002 0.261322 0.574809 0.371755 0.407379 0.378880 0.624682 0.500000 0.378880 0.514249 0.578372 0.546311 0.353944 0.631807 0.560560 0.621120 0.457252 0.628245 0.539186 0.845548 0.482188 0.852673 0.539186 1.000000 0.517812 1.000000 0.030224 0.015678 0.012054 0.027610 0.368058 0.000495 0.022698 0.065447
0.486635 0.268335 0.504455 0.250515 0.465250 0.250515 0.536532 0.261207 0.443866 0.261207 0.575737 0.371693 0.408225 0.378822 0.625634 0.496436 0.379713 0.514256 0.582865 0.546333 0.351200 0.631871 0.561480 0.621178 0.454558 0.628307 0.543660 0.849279 0.483071 0.852843 0.543660 1.000000 0.515147 1.000000 0.024818 0.006422 0.006647 0.018243 0.346682 0.009657 0.020435 0.065023
0.484194 0.269936 0.501756 0.252374 0.466632 0.252374 0.533368 0.262911 0.438533 0.266424 0.575517 0.371796 0.406921 0.378821 0.624691 0.498244 0.375309 0.512294 0.582542 0.543905 0.350722 0.628204 0.561467 0.621179 0.456095 0.628204 0.540393 0.845974 0.484194 0.845974 0.533368 1.000000 0.515806 1.000000 0.020530 0.005040 0.011840 0.021124 0.355333 0.007491 0.022379 0.070601
0.484194 0.268180 0.505269 0.250618 0.466632 0.250618 0.536880 0.264667 0.438533 0.264667 0.575517 0.370040 0.406921 0.380577 0.628204 0.496488 0.378821 0.514050 0.575517 0.549174 0.350722 0.626447 0.561467 0.622935 0.456095 0.626447 0.536880 0.844218 0.487707 0.844218 0.529856 1.000000 0.512294 1.000000 0.026131 0.008917 0.017557 0.016947 0.375666 0.011931 0.022379 0.081109
0.489236 0.267687 0.507176 0.249748 0.467709 0.249748 0.539466 0.260511 0.442594 0.264099 0.575345 0.371734 0.406716 0.378910 0.632750 0.493721 0.378013 0.515248 0.586108 0.547539 0.349310 0.630060 0.560993 0.622884 0.456946 0.626472 0.539466 0.852506 0.489236 0.848918 0.535878 1.000000 0.514351 1.000000 0.025074 0.007654 0.011584 0.017834 0.367308 0.011931 0.022861 0.075640
0.487609 0.272529 0.505311 0.251287 0.466366 0.254827 0.537174 0.261908 0.441583 0.265448 0.576119 0.371660 0.409720 0.378741 0.629225 0.492034 0.377856 0.513277 0.583200 0.548681 0.349533 0.626570 0.558417 0.623029 0.455745 0.626570 0.537174 0.849615 0.487609 0.846075 0.530093 1.000000 0.515932 1.000000 0.020255 0.000719 0.007375 0.012563 0.349443 0.003951 0.018041 0.075640
0.487781 0.270464 0.508728 0.253009 0.470326 0.253009 0.540147 0.263482 0.442398 0.263482 0.575057 0.371704 0.410978 0.378686 0.627423 0.497382 0.376068 0.511346 0.582040 0.549747 0.348140 0.623059 0.557602 0.623059 0.456362 0.626550 0.536656 0.842995 0.494763 0.839504 0.519201 1.000000 0.522692 1.000000 0.006156 0.015281 0.008154 0.000854 0.352968 0.003929 0.017789 0.087014
0.492142 0.270380 0.513096 0.252918 0.474681 0.252918 0.537542 0.263395 0.446742 0.263395 0.575958 0.371657 0.411819 0.378642 0.628343 0.493888 0.376896 0.511350 0.579450 0.546273 0.345465 0.619612 0.555004 0.623104 0.457219 0.626597 0.537542 0.843121 0.492142 0.839628 0.516589 1.000000 0.527066 1.000000 0.004543 0.000851 0.001249 0.005921 0.367909 0.008032 0.015569 0.076932
0.494835 0.271899 0.512051 0.254683 0.474177 0.254683 0.539595 0.265013 0.446633 0.265013 0.574025 0.371747 0.412202 0.378633 0.629114 0.492253 0.377772 0.509468 0.580911 0.547342 0.343342 0.619646 0.556810 0.623089 0.456962 0.626532 0.539595 0.836557 0.494835 0.833114 0.512051 1.000000 0.518937 1.000000 0.013366 0.021348 0.003848 0.000855 0.365295 0.014503 0.017544 0.083331
0.492250 0.271817 0.512916 0.254596 0.471585 0.254596 0.540470 0.264929 0.444031 0.264929 0.574913 0.371701 0.413032 0.378590 0.626577 0.495695 0.375145 0.509472 0.578357 0.547359 0.340703 0.619688 0.557691 0.623132 0.454363 0.626577 0.537026 0.840121 0.492250 0.833233 0.509472 1.000000 0.516360 1.000000 0.008756 0.020126 0.008456 0.005147 0.364694 0.006720 0.015355 0.087940
0.492250 0.275262 0.512916 0.258040 0.475029 0.258040 0.540470 0.264929 0.444031 0.268373 0.574913 0.371701 0.413032 0.378590 0.630021 0.499139 0.375145 0.509472 0.581801 0.547359 0.340703 0.619688 0.557691 0.623132 0.454363 0.626577 0.537026 0.840121 0.492250 0.833233 0.509472 1.000000 0.516360 1.000000 0.009359 0.020126 0.008456 0.005147 0.379918 0.006720 0.015355 0.087940
0.497397 0.270971 0.514748 0.253621 0.476577 0.253621 0.542509 0.260561 0.448816 0.264031 0.577210 0.371605 0.414114 0.378545 0.632733 0.496530 0.375943 0.510410 0.580681 0.548582 0.337771 0.614514 0.556390 0.624925 0.452286 0.624925 0.539039 0.843543 0.493927 0.833133 0.511278 1.000000 0.514748 1.000000 0.014374 0.030021 0.000901 0.013907 0.383125 0.022178 0.011048 0.088043
0.496578 0.275874 0.513687 0.258765 0.476048 0.258765 0.541061 0.265609 0.448673 0.269031 0.575279 0.371684 0.414456 0.378527 0.630027 0.498289 0.373395 0.508554 0.582122 0.546194 0.339177 0.614629 0.554748 0.624895 0.455517 0.624895 0.537639 0.840466 0.496578 0.830201 0.510265 1.000000 0.517109 1.000000 0.014374 0.029449 0.000543 0.010264 0.379918 0.001957 0.013074 0.088043
0.499139 0.271817 0.516360 0.254596 0.478473 0.254596 0.540470 0.264929 0.447475 0.268373 0.574913 0.371701 0.413032 0.378590 0.633465 0.495695 0.371701 0.509472 0.581801 0.547359 0.330370 0.626577 0.557691 0.623132 0.454363 0.626577 0.540470 0.840121 0.495695 0.833233 0.509472 1.000000 0.516360 1.000000 0.019261 0.028858 0.003443 0.010264 0.390432 0.010635 0.015355 0.088043
0.499150 0.273090 0.516147 0.256093 0.478754 0.256093 0.543342 0.266292 0.451559 0.269691 0.577336 0.371673 0.414165 0.378472 0.631727 0.497450 0.369973 0.511048 0.577336 0.548441 0.329180 0.623228 0.553540 0.623228 0.454958 0.626627 0.536543 0.837390 0.495751 0.827192 0.509348 1.000000 0.516147 1.000000 0.014374 0.029282 0.004811 0.012009 0.390182 0.008601 0.010823 0.089080
0.500000 0.273148 0.516993 0.256155 0.479609 0.256155 0.540782 0.262952 0.449022 0.266351 0.574768 0.371705 0.415037 0.378503 0.629144 0.497451 0.364059 0.514444 0.578166 0.548429 0.326675 0.629994 0.554376 0.623197 0.455819 0.626595 0.533985 0.837304 0.496601 0.827109 0.510196 1.000000 0.513594 1.000000 0.004453 0.035012 0.004471 0.012009 0.379918 0.014601 0.012985 0.094094
0.500000 0.272452 0.517109 0.255343 0.479469 0.255343 0.541061 0.262187 0.448673 0.265609 0.575279 0.371684 0.414456 0.378527 0.630027 0.501711 0.363129 0.515398 0.578701 0.553037 0.322068 0.628316 0.554748 0.624895 0.455517 0.624895 0.537639 0.837044 0.496578 0.830201 0.510265 1.000000 0.513687 1.000000 0.013366 0.033975 0.000146 0.010264 0.376854 0.003185 0.013074 0.088448
0.498289 0.270741 0.518820 0.253633 0.477758 0.253633 0.539350 0.260476 0.446963 0.263898 0.576990 0.369973 0.412745 0.380238 0.628316 0.500000 0.361418 0.517109 0.576990 0.547905 0.316935 0.633449 0.556459 0.623184 0.453806 0.626605 0.535929 0.838755 0.494867 0.828490 0.511976 1.000000 0.515398 1.000000 0.004453 0.028646 0.004471 0.011301 0.380644 0.002049 0.013074 0.094094
0.500000 0.270892 0.517098 0.253794 0.479483 0.253794 0.541034 0.260633 0.448707 0.264053 0.575230 0.370058 0.411092 0.380317 0.626523 0.500000 0.359799 0.517098 0.571810 0.551293 0.311926 0.640201 0.558132 0.623103 0.455546 0.626523 0.534195 0.838533 0.493161 0.828275 0.510259 1.000000 0.513678 1.000000 0.000551 0.022790 0.013748 0.001814 0.379937 0.003858 0.017424 0.093896
0.499151 0.269989 0.516126 0.253013 0.478781 0.253013 0.539891 0.263198 0.448226 0.266594 0.573841 0.371839 0.410881 0.378629 0.628161 0.500849 0.359956 0.521219 0.570446 0.551774 0.312426 0.640044 0.560261 0.623069 0.455016 0.626464 0.536496 0.836954 0.492361 0.826769 0.509336 1.000000 0.516126 0.999914 0.004360 0.015253 0.018035 0.002574 0.396722 0.011931 0.019464 0.093896
0.499151 0.269989 0.519521 0.253013 0.478781 0.253013 0.539891 0.263198 0.448226 0.263198 0.573841 0.371839 0.410881 0.378629 0.628161 0.500849 0.359956 0.514429 0.573841 0.548379 0.312426 0.633254 0.560261 0.623069 0.455016 0.626464 0.536496 0.836954 0.492361 0.826769 0.509336 1.000000 0.516126 0.996519 0.004360 0.014397 0.018035 0.002574 0.398043 0.006920 0.019464 0.093896
0.498302 0.266502 0.518680 0.252917 0.477924 0.249520 0.539058 0.263106 0.447357 0.263106 0.576418 0.371788 0.409997 0.378581 0.627363 0.500849 0.359052 0.514434 0.573021 0.548398 0.308107 0.636702 0.559436 0.623117 0.454149 0.626513 0.539058 0.837086 0.488113 0.823501 0.511887 1.000000 0.515284 0.986525 0.008756 0.001778 0.008749 0.001750 0.390861 0.011466 0.017306 0.084571
0.498290 0.265762 0.518807 0.248665 0.477773 0.248665 0.539325 0.262343 0.446997 0.262343 0.576939 0.371768 0.409383 0.378607 0.628232 0.501710 0.358090 0.515388 0.573520 0.549583 0.306797 0.635071 0.559842 0.624813 0.453836 0.624813 0.539325 0.840243 0.484612 0.823145 0.511968 1.000000 0.518807 0.983863 0.008756 0.017729 0.008749 0.007858 0.390861 0.014681 0.017424 0.079226
0.497454 0.269989 0.517824 0.253013 0.477084 0.253013 0.538194 0.263198 0.446529 0.266594 0.575539 0.371839 0.409184 0.378629 0.626464 0.504244 0.358259 0.511034 0.572144 0.551774 0.307334 0.633254 0.558564 0.623069 0.456714 0.626464 0.538194 0.840349 0.480479 0.819979 0.511034 1.000000 0.517824 0.976149 0.009226 0.035819 0.008278 0.021418 0.388064 0.008790 0.019464 0.068650
0.497436 0.267564 0.517945 0.250474 0.476927 0.250474 0.538454 0.260728 0.446164 0.264146 0.576054 0.370110 0.408564 0.380364 0.630745 0.500000 0.357291 0.510255 0.579472 0.551273 0.306019 0.633309 0.558963 0.623054 0.456418 0.626472 0.541873 0.838399 0.476927 0.821308 0.511109 1.000000 0.517945 0.978544 0.018585 0.047844 0.003735 0.027747 0.376854 0.005994 0.019597 0.058593
0.498290 0.267472 0.518807 0.250374 0.481193 0.250374 0.542744 0.260633 0.450417 0.260633 0.576939 0.370058 0.409383 0.380317 0.631652 0.500000 0.358090 0.513678 0.583778 0.551293 0.306797 0.633362 0.559842 0.623103 0.453836 0.626523 0.539325 0.841953 0.474354 0.821436 0.515388 1.000000 0.518807 0.968475 0.004921 0.060069 0.008278 0.023477 0.365882 0.012006 0.017424 0.063138
0.497434 0.263970 0.517959 0.250287 0.480331 0.246866 0.541904 0.260549 0.449544 0.260549 0.579532 0.370012 0.408496 0.380275 0.630843 0.500000 0.357185 0.517104 0.582953 0.551311 0.305874 0.636829 0.559008 0.623146 0.452965 0.626567 0.541904 0.842073 0.466648 0.821548 0.517959 1.000000 0.517959 0.961798 0.009859 0.089339 0.000934 0.034559 0.358700 0.014681 0.015250 0.047119
0.496580 0.264053 0.517098 0.246955 0.476063 0.246955 0.541034 0.260633 0.445288 0.260633 0.578649 0.370058 0.407673 0.380317 0.629942 0.496580 0.356380 0.517098 0.585488 0.551293 0.305087 0.636781 0.561552 0.623103 0.452127 0.626523 0.541034 0.838533 0.462385 0.821436 0.517098 1.000000 0.513678 0.965056 0.004453 0.092450 0.008749 0.040122 0.339788 0.014681 0.017424 0.046962
0.494944 0.265737 0.511797 0.248883 0.474720 0.248883 0.538763 0.262366 0.444384 0.262366 0.575841 0.370228 0.407306 0.380340 0.629772 0.494944 0.356746 0.515168 0.582582 0.548875 0.306185 0.636513 0.562358 0.623030 0.454496 0.626401 0.542134 0.835384 0.454496 0.825272 0.515168 1.000000 0.515168 0.949988 0.008756 0.144124 0.013263 0.060313 0.358729 0.011466 0.021475 0.030224
0.494944 0.265737 0.515168 0.248883 0.474720 0.248883 0.538763 0.262366 0.447754 0.262366 0.575841 0.370228 0.407306 0.380340 0.633142 0.494944 0.356746 0.518539 0.585953 0.548875 0.309556 0.639884 0.562358 0.623030 0.454496 0.626401 0.545504 0.838755 0.451125 0.828643 0.511797 1.000000 0.515168 0.946617 0.024520 0.163614 0.007857 0.065618 0.365904 0.006418 0.021475 0.019513
0.495813 0.266365 0.512561 0.249617 0.475715 0.249617 0.539358 0.263016 0.445569 0.263016 0.576203 0.370203 0.408723 0.380252 0.633147 0.494138 0.361829 0.517585 0.589602 0.547732 0.311585 0.634821 0.562805 0.624773 0.452268 0.624773 0.549407 0.839147 0.448919 0.822399 0.515911 1.000000 0.505862 0.942985 0.030239 0.145826 0.003133 0.061492 0.354282 0.024141 0.019203 0.014474
0.494978 0.266465 0.511719 0.249724 0.474889 0.249724 0.538504 0.259769 0.444755 0.263117 0.575334 0.370258 0.407925 0.380303 0.632253 0.494141 0.361051 0.517578 0.588727 0.547711 0.314176 0.638112 0.561941 0.624719 0.454800 0.624719 0.548549 0.842351 0.444755 0.822262 0.518415 1.000000 0.498326 0.942796 0.025604 0.149296 0.002829 0.076485 0.354282 0.013319 0.021331 0.003393
0.495813 0.266365 0.512561 0.249617 0.475715 0.249617 0.539358 0.259666 0.445569 0.263016 0.576203 0.370203 0.408723 0.380252 0.633147 0.494138 0.365179 0.520935 0.592951 0.547732 0.318284 0.638171 0.562805 0.624773 0.452268 0.624773 0.549407 0.842497 0.445569 0.825749 0.519260 1.000000 0.495813 0.949684 0.026322 0.133206 0.002829 0.066704 0.341926 0.025572 0.019203 0.008958
0.495785 0.265636 0.512646 0.248775 0.475552 0.248775 0.539623 0.258891 0.445203 0.262263 0.576716 0.370172 0.408109 0.380289 0.634043 0.494942 0.364271 0.518547 0.593577 0.548896 0.317061 0.636572 0.563228 0.623083 0.451947 0.626456 0.549739 0.842273 0.438458 0.828785 0.519390 1.000000 0.492413 0.953554 0.026322 0.151107 0.002603 0.077287 0.341926 0.023384 0.019333 0.001629
0.491566 0.265545 0.511807 0.248678 0.474699 0.248678 0.535421 0.258798 0.444338 0.262172 0.579276 0.370122 0.407230 0.380242 0.633251 0.491566 0.363375 0.521927 0.589397 0.548915 0.319520 0.639998 0.562409 0.623131 0.451085 0.626505 0.548915 0.839032 0.437591 0.825538 0.515181 1.000000 0.491566 0.960476 0.031033 0.142666 0.001321 0.077645 0.340932 0.017655 0.017189 0.001679
0.491566 0.265545 0.511807 0.248678 0.474699 0.252051 0.535421 0.262172 0.444338 0.265545 0.579276 0.370122 0.407230 0.380242 0.636625 0.494940 0.366749 0.518554 0.589397 0.548915 0.322894 0.639998 0.562409 0.623131 0.451085 0.626505 0.548915 0.832285 0.437591 0.822165 0.515181 1.000000 0.488193 0.973970 0.029600 0.124334 0.000683 0.078015 0.365904 0.019674 0.017189 0.001409
0.492361 0.264896 0.509336 0.247921 0.471991 0.247921 0.536496 0.261501 0.444831 0.264896 0.577236 0.370141 0.407486 0.380326 0.638346 0.495756 0.366746 0.522916 0.590816 0.553471 0.326006 0.645136 0.563656 0.624766 0.451621 0.624766 0.550076 0.835257 0.438041 0.825072 0.509336 1.000000 0.488966 0.991427 0.039405 0.116106 0.003546 0.078407 0.363415 0.013831 0.019464 0.001038
0.491509 0.264804 0.511887 0.247822 0.471131 0.247822 0.535662 0.261407 0.443960 0.261407 0.579814 0.370090 0.406601 0.380279 0.637552 0.495755 0.365845 0.522925 0.590003 0.550096 0.328485 0.648590 0.562832 0.624815 0.450753 0.624815 0.549247 0.838784 0.437168 0.828595 0.508491 1.000000 0.488113 0.998412 0.039730 0.113963 0.001011 0.078049 0.365904 0.003398 0.017306 0.001008
0.493253 0.267232 0.510120 0.250364 0.473012 0.250364 0.537108 0.263858 0.442651 0.263858 0.577589 0.368435 0.408917 0.381929 0.638312 0.493253 0.371809 0.523614 0.591083 0.550602 0.331327 0.651805 0.560722 0.624818 0.452772 0.624818 0.547228 0.830598 0.435904 0.823852 0.516867 1.000000 0.479759 0.999271 0.023628 0.104890 0.000146 0.083771 0.363415 0.015829 0.017189 0.006069
0.489100 0.267748 0.505869 0.250979 0.468977 0.250979 0.532700 0.261041 0.442147 0.264394 0.579653 0.368363 0.411962 0.381778 0.636668 0.492454 0.378424 0.522638 0.586361 0.549469 0.338178 0.643376 0.559530 0.623253 0.448854 0.626607 0.546115 0.831189 0.435439 0.821128 0.515931 1.000000 0.475685 1.000000 0.023287 0.090296 0.004571 0.069524 0.367225 0.028013 0.010677 0.001409
0.488265 0.267806 0.505029 0.251041 0.468147 0.251041 0.531853 0.261100 0.441323 0.264453 0.578795 0.368395 0.411146 0.381807 0.635796 0.492456 0.380969 0.525986 0.588854 0.549457 0.337380 0.650046 0.558677 0.623222 0.451382 0.626575 0.545265 0.831107 0.434617 0.831107 0.521794 1.000000 0.468147 1.000000 0.014170 0.086508 0.004571 0.077894 0.356385 0.041875 0.012811 0.005525
0.488343 0.270184 0.504996 0.253530 0.468359 0.253530 0.531641 0.263522 0.441713 0.266853 0.578271 0.366773 0.411737 0.383427 0.634892 0.493339 0.381761 0.526645 0.588263 0.549960 0.341793 0.649880 0.558287 0.623235 0.451705 0.626565 0.541633 0.829736 0.438383 0.826406 0.521649 1.000000 0.465028 1.000000 0.004138 0.064819 0.000861 0.073050 0.353193 0.034154 0.012725 0.004426
0.488420 0.269222 0.504963 0.252679 0.468568 0.252679 0.531432 0.262605 0.442099 0.265913 0.577753 0.368481 0.412321 0.381716 0.634000 0.490901 0.385852 0.523988 0.587679 0.547148 0.346148 0.649716 0.557901 0.623247 0.452025 0.626556 0.541358 0.828383 0.442099 0.828383 0.521506 1.000000 0.458642 1.000000 0.005094 0.041675 0.000861 0.066814 0.356385 0.038813 0.012641 0.009973
0.485935 0.272476 0.502482 0.255928 0.469388 0.255928 0.528958 0.265857 0.442912 0.269166 0.578599 0.368450 0.413127 0.381687 0.634860 0.494208 0.389961 0.523993 0.588528 0.550469 0.346938 0.649752 0.558743 0.623277 0.449531 0.626586 0.542195 0.831772 0.442912 0.831772 0.522339 1.000000 0.456150 1.000000 0.005014 0.030448 0.000450 0.057237 0.353193 0.053555 0.010537 0.014945
0.487590 0.272476 0.504137 0.255928 0.467733 0.255928 0.530612 0.265857 0.444567 0.269166 0.576945 0.368450 0.414782 0.381687 0.636515 0.494208 0.391616 0.523993 0.590182 0.550469 0.351902 0.649752 0.557088 0.623277 0.451186 0.626586 0.540541 0.831772 0.447876 0.835081 0.523993 1.000000 0.454495 1.000000 0.000001 0.014843 0.000450 0.052024 0.360104 0.045997 0.010537 0.020158
0.488491 0.273105 0.504933 0.256663 0.468761 0.256663 0.531239 0.266528 0.442454 0.273105 0.577276 0.368467 0.416147 0.381620 0.636466 0.493423 0.393129 0.523018 0.587141 0.552613 0.353669 0.644687 0.554258 0.624957 0.452319 0.624957 0.541104 0.835410 0.449031 0.835410 0.524662 1.000000 0.449031 1.000000 0.006164 0.004973 0.008621 0.051946 0.361954 0.048461 0.008375 0.014895
0.491779 0.273105 0.508221 0.256663 0.472049 0.256663 0.534528 0.266528 0.445742 0.273105 0.577276 0.368467 0.416147 0.381620 0.639754 0.493423 0.393129 0.519730 0.587141 0.552613 0.360246 0.644687 0.554258 0.624957 0.452319 0.624957 0.544393 0.832122 0.449031 0.838699 0.527951 1.000000 0.449031 1.000000 0.010469 0.004896 0.013344 0.051869 0.378881 0.029340 0.008375 0.010250
