0.458170 0.284874 0.475554 0.267490 0.438613 0.269663 0.501630 0.267490 0.416883 0.276182 0.560300 0.365275 0.406018 0.387005 0.610279 0.495654 0.403845 0.517384 0.579857 0.476097 0.375596 0.586920 0.566819 0.619514 0.466862 0.628206 0.584203 0.819429 0.495111 0.821602 0.610279 0.999787 0.519014 0.995441 0.018094 0.002674 0.019450 0.032485 0.798382 0.117526 0.043015 0.018558
0.459777 0.286924 0.474996 0.267356 0.440208 0.271705 0.503261 0.267356 0.416292 0.278227 0.559792 0.365197 0.407595 0.386939 0.609799 0.495652 0.405420 0.517394 0.579360 0.476083 0.372807 0.573924 0.566314 0.619583 0.466299 0.628280 0.581534 0.817439 0.494564 0.821788 0.605451 1.000000 0.520655 0.997901 0.017011 0.000645 0.016278 0.029784 0.798382 0.161260 0.041644 0.021731
0.459777 0.289099 0.477170 0.269530 0.440208 0.273879 0.503261 0.269530 0.418466 0.278227 0.559792 0.365197 0.407595 0.386939 0.609799 0.491303 0.407595 0.517394 0.581534 0.478258 0.368458 0.563053 0.566314 0.619583 0.466299 0.628280 0.581534 0.819614 0.494564 0.821788 0.601102 1.000000 0.522830 1.000000 0.009406 0.003285 0.016013 0.029784 0.757811 0.225563 0.041644 0.021996
0.461786 0.289823 0.477072 0.272354 0.439949 0.274538 0.503276 0.270170 0.418113 0.281088 0.560051 0.366251 0.407195 0.385904 0.610275 0.490719 0.409378 0.514740 0.584071 0.479801 0.372256 0.547495 0.566602 0.619555 0.466153 0.628290 0.581887 0.822635 0.496725 0.829186 0.594989 1.000000 0.525112 1.000000 0.002242 0.001382 0.015684 0.027882 0.747747 0.275263 0.041825 0.024156
0.460694 0.293099 0.475980 0.275629 0.441041 0.277813 0.502184 0.273446 0.417021 0.282180 0.558959 0.367343 0.408286 0.384812 0.609183 0.487444 0.403919 0.487444 0.585163 0.478709 0.399552 0.526750 0.565510 0.620647 0.467245 0.627198 0.578612 0.823727 0.493449 0.825911 0.591714 1.000000 0.521837 1.000000 0.000913 0.008313 0.012277 0.034217 0.737094 0.021687 0.041825 0.021226
0.460523 0.291651 0.475875 0.274105 0.440785 0.276299 0.502193 0.271912 0.416660 0.280685 0.559215 0.366218 0.407888 0.385956 0.609658 0.482455 0.403501 0.486841 0.585533 0.475875 0.396922 0.521932 0.565795 0.620623 0.467103 0.627203 0.578953 0.824586 0.495614 0.828973 0.587726 1.000000 0.526318 1.000000 0.006369 0.006105 0.012277 0.031933 0.715079 0.045167 0.042008 0.024175
0.459648 0.292159 0.475125 0.272260 0.439748 0.274471 0.501658 0.270049 0.413216 0.281104 0.559146 0.365125 0.406582 0.387235 0.612212 0.484523 0.404371 0.508844 0.587890 0.473467 0.386683 0.513266 0.565779 0.619398 0.468492 0.628242 0.579046 0.827238 0.497236 0.831660 0.585679 1.000000 0.525980 1.000000 0.009684 0.002533 0.011988 0.035354 0.768925 0.416234 0.043774 0.024392
0.455945 0.293494 0.473567 0.273670 0.436121 0.278075 0.497797 0.271467 0.414094 0.282481 0.559474 0.363982 0.407485 0.388212 0.612339 0.489537 0.403080 0.515970 0.590312 0.474118 0.381053 0.500551 0.566082 0.619498 0.466959 0.628309 0.577096 0.826555 0.497797 0.833163 0.579298 1.000000 0.526433 1.000000 0.013455 0.000156 0.008685 0.029731 0.821254 0.683428 0.042193 0.030645
0.456137 0.294940 0.471489 0.275202 0.434205 0.279588 0.495614 0.273009 0.412274 0.286168 0.559215 0.365121 0.407888 0.387053 0.611851 0.492324 0.396922 0.520835 0.589919 0.472586 0.377184 0.479165 0.565795 0.619527 0.467103 0.628299 0.574567 0.827876 0.495614 0.834456 0.574567 1.000000 0.521932 1.000000 0.013394 0.001960 0.005164 0.032872 0.858148 0.833155 0.042008 0.030350
0.454197 0.297705 0.469465 0.278075 0.434568 0.284619 0.495638 0.278075 0.410576 0.288981 0.558889 0.365318 0.406214 0.387129 0.611235 0.491821 0.397489 0.524537 0.589424 0.474372 0.382222 0.467829 0.567613 0.620505 0.467284 0.627048 0.571976 0.825526 0.500000 0.827707 0.569795 1.000000 0.521811 1.000000 0.010122 0.012346 0.004107 0.027894 0.839662 0.896103 0.044578 0.044674
0.454705 0.304260 0.469803 0.284848 0.433136 0.289161 0.493529 0.282691 0.411566 0.295632 0.558237 0.366810 0.402939 0.386223 0.612160 0.489755 0.392154 0.522108 0.588434 0.474656 0.400782 0.470342 0.569021 0.619170 0.469803 0.627797 0.571178 0.824077 0.502157 0.826234 0.564708 1.000000 0.523726 1.000000 0.013616 0.012818 0.010245 0.034506 0.811963 0.972641 0.049634 0.048095
0.452548 0.304260 0.465489 0.284848 0.430979 0.291318 0.491372 0.282691 0.407253 0.295632 0.558237 0.366810 0.402939 0.386223 0.614317 0.489755 0.392154 0.519951 0.588434 0.478970 0.405096 0.470342 0.569021 0.619170 0.469803 0.627797 0.569021 0.821920 0.502157 0.830547 0.560394 1.000000 0.525883 1.000000 0.013537 0.008429 0.013595 0.035582 0.761886 0.944388 0.049634 0.050369
0.449238 0.304593 0.464521 0.284943 0.427405 0.289309 0.488538 0.282759 0.403388 0.295859 0.556221 0.365726 0.403388 0.387559 0.612987 0.481442 0.392471 0.520742 0.588970 0.477075 0.405571 0.466159 0.569320 0.618991 0.471071 0.627724 0.567137 0.824223 0.501638 0.830773 0.556221 1.000000 0.525654 1.000000 0.013351 0.005620 0.019836 0.039877 0.702421 0.951056 0.051654 0.050947
0.444420 0.301023 0.457759 0.281014 0.422188 0.287683 0.486661 0.278791 0.399956 0.296576 0.555580 0.363273 0.404402 0.389951 0.615607 0.485549 0.395509 0.527790 0.591152 0.476656 0.397732 0.447755 0.571143 0.618942 0.468875 0.627835 0.564473 0.827924 0.502223 0.832370 0.553357 1.000000 0.522232 1.000000 0.006760 0.015786 0.029507 0.032802 0.756277 0.988333 0.051172 0.061601
0.444314 0.303721 0.459752 0.283872 0.422260 0.290489 0.486216 0.281667 0.400206 0.301515 0.556789 0.365472 0.404617 0.387525 0.616334 0.486768 0.395796 0.522054 0.592075 0.475741 0.413439 0.455892 0.570021 0.619091 0.468573 0.627912 0.565610 0.824191 0.501654 0.830808 0.550173 1.000000 0.523708 1.000000 0.016816 0.011366 0.023437 0.031325 0.781060 0.937891 0.049337 0.058290
0.446098 0.304743 0.459298 0.284942 0.424097 0.293742 0.487900 0.282742 0.402096 0.302543 0.558302 0.366345 0.406496 0.386146 0.619905 0.489550 0.399896 0.522551 0.593504 0.474149 0.426297 0.443348 0.567103 0.619354 0.468099 0.628155 0.562702 0.819562 0.503300 0.826162 0.547302 1.000000 0.523101 0.999969 0.016174 0.019896 0.018061 0.023336 0.815675 0.912974 0.044969 0.062998
0.445276 0.307637 0.458542 0.285526 0.423165 0.294371 0.487286 0.283315 0.403266 0.303215 0.558041 0.365125 0.407688 0.387235 0.619951 0.488945 0.398844 0.519900 0.595629 0.473467 0.418743 0.433668 0.566885 0.619398 0.467387 0.628242 0.562463 0.820605 0.502764 0.827238 0.546985 1.000000 0.522663 0.999702 0.016417 0.019437 0.018061 0.021288 0.827979 0.948997 0.043774 0.062998
0.447487 0.309848 0.460754 0.289948 0.425376 0.296582 0.487286 0.283315 0.403266 0.303215 0.558041 0.365125 0.407688 0.387235 0.619951 0.486734 0.398844 0.519900 0.597840 0.475678 0.416532 0.438090 0.566885 0.619398 0.467387 0.628242 0.562463 0.822816 0.502764 0.829449 0.544774 1.000000 0.522663 0.997491 0.019546 0.017880 0.017986 0.021892 0.797474 0.953409 0.043774 0.062319
0.448009 0.308628 0.461283 0.286504 0.425885 0.295354 0.487832 0.279867 0.403761 0.301991 0.560841 0.363938 0.405973 0.388274 0.620575 0.490044 0.397124 0.516593 0.594027 0.474558 0.419248 0.434735 0.567478 0.620575 0.465708 0.627212 0.558628 0.821903 0.498894 0.826327 0.543142 1.000000 0.521018 0.996681 0.008487 0.011460 0.022213 0.025411 0.808903 0.937895 0.042379 0.066551
0.447664 0.311256 0.461026 0.288985 0.425393 0.297894 0.489978 0.280077 0.403123 0.302348 0.563471 0.364706 0.407577 0.386976 0.621375 0.491648 0.398668 0.516146 0.594650 0.478286 0.412031 0.433745 0.565698 0.620818 0.463253 0.627500 0.559017 0.827936 0.496659 0.830163 0.545655 1.000000 0.518930 0.994966 0.008811 0.009245 0.013032 0.020407 0.783804 0.970745 0.036946 0.062266
0.451026 0.313898 0.464086 0.292132 0.429260 0.300838 0.492382 0.283425 0.407493 0.303015 0.562034 0.366137 0.407493 0.385727 0.620803 0.490205 0.400963 0.514148 0.594683 0.483675 0.424906 0.427083 0.566387 0.620803 0.464086 0.627333 0.555504 0.823230 0.496735 0.823230 0.544621 1.000000 0.518501 0.986477 0.001192 0.010376 0.022537 0.020671 0.718791 0.930748 0.038896 0.069665
0.452477 0.314227 0.465438 0.294785 0.430875 0.301266 0.493520 0.283985 0.409274 0.305586 0.562644 0.366070 0.409274 0.385512 0.618809 0.489199 0.402793 0.512961 0.590726 0.489199 0.420074 0.413594 0.564805 0.620969 0.463277 0.627449 0.554004 0.821863 0.495680 0.824023 0.545363 1.000000 0.515121 0.973074 0.004371 0.010716 0.019794 0.017904 0.636220 0.961361 0.035831 0.069098
0.453354 0.316632 0.466222 0.295185 0.431907 0.303764 0.494102 0.284462 0.410460 0.305908 0.564876 0.368103 0.410460 0.383116 0.618492 0.494638 0.401882 0.511796 0.597046 0.486060 0.406171 0.417431 0.562731 0.621173 0.461932 0.627607 0.554153 0.822771 0.491958 0.822771 0.545574 1.000000 0.511259 0.966463 0.000683 0.006086 0.010839 0.017458 0.748695 0.993270 0.031454 0.062127
0.453328 0.315965 0.466057 0.294750 0.429992 0.303236 0.495757 0.284143 0.410899 0.305357 0.565765 0.369001 0.415142 0.381729 0.616679 0.489923 0.398171 0.513259 0.599708 0.485680 0.393928 0.419915 0.559400 0.621453 0.459693 0.627817 0.550915 0.820869 0.487271 0.820869 0.540307 1.000000 0.504243 0.963005 0.002692 0.007339 0.005515 0.011840 0.704833 0.944695 0.024334 0.058704
0.452555 0.313417 0.465349 0.292093 0.431231 0.300623 0.495202 0.281431 0.412040 0.302755 0.563438 0.366727 0.420569 0.383786 0.612483 0.481875 0.394980 0.513860 0.599689 0.488272 0.388583 0.428565 0.557041 0.622612 0.458952 0.626876 0.548512 0.825187 0.484540 0.825187 0.535717 1.000000 0.499467 0.959527 0.006269 0.005623 0.005439 0.009002 0.480585 0.914343 0.020376 0.054241
0.454375 0.314352 0.466961 0.293375 0.433398 0.301766 0.496329 0.280789 0.412420 0.303864 0.563456 0.368893 0.422909 0.381479 0.592824 0.494756 0.393541 0.509440 0.594922 0.486365 0.389346 0.427629 0.555065 0.622716 0.458570 0.626912 0.544576 0.819901 0.481645 0.817804 0.531990 1.000000 0.492134 0.941569 0.002748 0.011380 0.006396 0.007637 0.849054 0.911880 0.017370 0.055207
0.457874 0.316935 0.470356 0.296132 0.434991 0.304453 0.499480 0.283650 0.416269 0.306534 0.566049 0.368942 0.420429 0.381424 0.595173 0.493759 0.393385 0.510401 0.591012 0.489599 0.385064 0.439672 0.555648 0.622737 0.457874 0.626897 0.545246 0.820364 0.476597 0.822444 0.530684 1.000000 0.489079 0.938940 0.006922 0.003591 0.003699 0.017801 0.822967 0.896934 0.017225 0.047122
0.458713 0.317305 0.471099 0.296661 0.436005 0.304919 0.500000 0.282211 0.415361 0.306983 0.566059 0.368914 0.423619 0.381300 0.597025 0.486582 0.392654 0.505161 0.597025 0.490710 0.386461 0.439102 0.553673 0.622829 0.456649 0.626958 0.543351 0.818943 0.473163 0.825136 0.526837 1.000000 0.485550 0.930418 0.010576 0.010812 0.001219 0.016078 0.081909 0.892266 0.013146 0.043202
0.457492 0.313899 0.469934 0.293164 0.434683 0.303531 0.498963 0.280722 0.416021 0.305605 0.565317 0.367811 0.426389 0.382326 0.592273 0.492224 0.395286 0.504665 0.600567 0.490151 0.382845 0.434165 0.552875 0.622858 0.455419 0.627005 0.540434 0.821918 0.472007 0.832286 0.521772 1.000000 0.478228 0.931816 0.010516 0.005798 0.004353 0.011924 0.510062 0.865153 0.010562 0.045535
0.458342 0.317425 0.470685 0.296854 0.437770 0.307140 0.499486 0.284511 0.419256 0.309197 0.567373 0.368855 0.427484 0.381198 0.590002 0.494343 0.394570 0.502571 0.596173 0.494343 0.388398 0.418227 0.550915 0.623945 0.454228 0.626002 0.540629 0.823491 0.468628 0.833777 0.520057 1.000000 0.474800 0.930464 0.018446 0.001735 0.004116 0.012611 0.443210 0.892456 0.006549 0.038419
0.459556 0.316965 0.474074 0.296225 0.438816 0.304521 0.503111 0.281707 0.420149 0.306595 0.569481 0.368817 0.424297 0.381261 0.594369 0.491185 0.391113 0.503630 0.598517 0.495333 0.397335 0.414446 0.552888 0.623924 0.453334 0.625998 0.540444 0.827181 0.469926 0.831329 0.521778 1.000000 0.472000 0.932957 0.011915 0.019171 0.001213 0.011924 0.186130 0.937878 0.007923 0.045130
0.461309 0.317526 0.473858 0.296612 0.438304 0.304978 0.505228 0.284064 0.419481 0.309161 0.570062 0.367720 0.423664 0.382359 0.599341 0.491112 0.388111 0.505751 0.597250 0.497386 0.404842 0.409547 0.553330 0.624961 0.452944 0.624961 0.540782 0.829917 0.471766 0.829917 0.519868 1.000000 0.467583 0.944943 0.015375 0.040721 0.001213 0.009082 0.176576 0.965512 0.007989 0.048615
0.461624 0.317971 0.474070 0.297227 0.440880 0.305525 0.505186 0.282706 0.422210 0.307599 0.569493 0.367757 0.426359 0.382278 0.596460 0.492221 0.386945 0.504667 0.590237 0.502593 0.405615 0.411319 0.550823 0.624983 0.453326 0.624983 0.538376 0.830349 0.474070 0.828274 0.515558 1.000000 0.463698 0.952739 0.019445 0.058833 0.003794 0.002853 0.239938 0.963665 0.005282 0.051636
0.463024 0.316681 0.475523 0.295849 0.440109 0.304182 0.506770 0.283350 0.421360 0.308348 0.571349 0.368760 0.425527 0.381259 0.592180 0.497917 0.383863 0.502083 0.594263 0.493750 0.406778 0.402091 0.550517 0.624990 0.452608 0.624990 0.538018 0.831224 0.477606 0.829141 0.515103 1.000000 0.460941 0.964547 0.019445 0.077764 0.006554 0.003562 0.801514 0.966010 0.003979 0.058052
0.463329 0.316130 0.475725 0.295470 0.442670 0.305800 0.506714 0.283075 0.424076 0.307866 0.572825 0.369845 0.424076 0.380175 0.591419 0.500000 0.382757 0.500000 0.597616 0.493802 0.411680 0.404966 0.550099 0.626023 0.452999 0.623957 0.539770 0.828487 0.481923 0.824355 0.514978 1.000000 0.461263 0.975170 0.026914 0.088961 0.011937 0.008037 0.704833 0.988344 0.003946 0.061853
0.461620 0.316915 0.476142 0.294094 0.440873 0.304467 0.507261 0.281647 0.424276 0.308617 0.571574 0.368780 0.426351 0.381228 0.600619 0.493257 0.382784 0.501556 0.596470 0.491183 0.401456 0.410273 0.548753 0.626033 0.453321 0.623958 0.538380 0.831420 0.484440 0.825196 0.511410 1.000000 0.461620 1.000000 0.031152 0.086715 0.012101 0.013613 0.720550 0.953647 0.002642 0.064899
0.462294 0.316117 0.476756 0.295456 0.441633 0.305787 0.509814 0.283060 0.423038 0.307853 0.573863 0.369836 0.425104 0.380166 0.604854 0.485537 0.385848 0.500000 0.598656 0.491736 0.402377 0.402893 0.549070 0.626032 0.451963 0.623966 0.538739 0.828510 0.487087 0.820245 0.509814 1.000000 0.470558 1.000000 0.036342 0.083678 0.014483 0.021437 0.333306 0.952899 0.001313 0.072590
0.461735 0.317859 0.476021 0.297451 0.441327 0.307655 0.506633 0.285206 0.422960 0.307655 0.571938 0.370919 0.427041 0.379083 0.610713 0.491327 0.386225 0.497449 0.596428 0.491327 0.394389 0.393368 0.547449 0.626019 0.453572 0.623979 0.537245 0.826018 0.484184 0.823977 0.506633 0.997445 0.473980 1.000000 0.040022 0.065083 0.014238 0.013996 0.599168 0.919217 0.001300 0.064572
0.461934 0.315329 0.476337 0.294753 0.441358 0.305041 0.507202 0.282407 0.422840 0.307099 0.573045 0.368827 0.426955 0.381173 0.612140 0.484053 0.385802 0.498457 0.597737 0.490226 0.389918 0.393519 0.548354 0.626029 0.451646 0.623971 0.536008 0.829733 0.484568 0.829733 0.507202 0.996399 0.480453 1.000000 0.035210 0.056997 0.011196 0.018242 0.475237 0.905061 0.000004 0.069769
0.464576 0.319338 0.478746 0.299096 0.444334 0.307193 0.509109 0.286950 0.426116 0.309217 0.573884 0.369944 0.424092 0.380065 0.612345 0.489373 0.387655 0.499494 0.596151 0.489373 0.403849 0.402331 0.549594 0.624996 0.452431 0.624996 0.537448 0.825394 0.484818 0.827418 0.509109 0.987332 0.488867 1.000000 0.035878 0.044072 0.010956 0.013835 0.599168 0.958312 0.002578 0.069769
0.465868 0.319802 0.479922 0.299725 0.445790 0.307756 0.510039 0.285670 0.425712 0.309763 0.574288 0.369997 0.421697 0.380036 0.612435 0.486448 0.387565 0.498494 0.594365 0.490463 0.413666 0.404129 0.550194 0.624984 0.453821 0.624984 0.538148 0.821746 0.485946 0.825761 0.510039 0.978352 0.493977 1.000000 0.037067 0.037517 0.010523 0.008993 0.531163 0.996599 0.005112 0.069966
0.465868 0.319802 0.477914 0.299725 0.445790 0.309763 0.508031 0.285670 0.425712 0.309763 0.572280 0.369997 0.423705 0.380036 0.610427 0.488455 0.387565 0.498494 0.594365 0.490463 0.413666 0.404129 0.550194 0.624984 0.453821 0.624984 0.538148 0.821746 0.487953 0.827769 0.510039 0.980360 0.497992 1.000000 0.036366 0.037334 0.008037 0.014138 0.559585 0.991640 0.005112 0.072544
0.466507 0.320036 0.478504 0.300040 0.444511 0.308038 0.508498 0.286043 0.424515 0.310038 0.572486 0.370026 0.422516 0.380024 0.608478 0.482004 0.388522 0.498000 0.596481 0.490002 0.418516 0.408018 0.550490 0.625975 0.454509 0.623975 0.536493 0.819936 0.488502 0.825935 0.508498 0.971906 0.502500 1.000000 0.035055 0.031480 0.004356 0.011571 0.411827 0.986881 0.006365 0.076010
0.464864 0.317795 0.476911 0.297717 0.442778 0.305748 0.507027 0.283662 0.422701 0.307756 0.571276 0.369997 0.424709 0.380036 0.607416 0.484440 0.394592 0.502510 0.595369 0.492471 0.406639 0.430230 0.549190 0.624984 0.454825 0.624984 0.537144 0.819738 0.488957 0.825761 0.511043 0.964298 0.503012 1.000000 0.037196 0.031574 0.007837 0.014659 0.410197 0.975818 0.005112 0.073264
0.463660 0.318298 0.475607 0.296394 0.441756 0.306350 0.505476 0.284446 0.421843 0.308341 0.569196 0.370070 0.423834 0.380027 0.603048 0.483572 0.389983 0.499502 0.593091 0.493528 0.411887 0.405913 0.551275 0.624951 0.455695 0.624951 0.537336 0.820095 0.487555 0.824077 0.509458 0.963465 0.501493 1.000000 0.038433 0.028032 0.000331 0.009327 0.342261 0.985296 0.008875 0.073199
0.462060 0.315358 0.474201 0.293099 0.439801 0.303217 0.504553 0.280958 0.419567 0.307264 0.569304 0.369991 0.423614 0.380109 0.599656 0.487353 0.387191 0.501518 0.597633 0.493424 0.407426 0.402367 0.551093 0.624950 0.455989 0.624950 0.538952 0.827298 0.486342 0.827298 0.512647 0.960847 0.498482 1.000000 0.042829 0.028318 0.003622 0.005546 0.182973 0.971308 0.009018 0.066469
0.462524 0.315120 0.474517 0.293134 0.440539 0.303128 0.504497 0.281142 0.420551 0.307125 0.568456 0.371083 0.422550 0.379078 0.594439 0.491006 0.392570 0.500999 0.594439 0.495003 0.410558 0.407060 0.552466 0.624919 0.456528 0.624919 0.544471 0.822791 0.486509 0.824790 0.518488 0.954705 0.498501 1.000000 0.049051 0.028125 0.007170 0.003677 0.067917 0.983474 0.011454 0.060247
0.463166 0.315333 0.475112 0.293432 0.441265 0.303387 0.504978 0.281485 0.421355 0.307369 0.568690 0.371081 0.423346 0.379045 0.590591 0.500498 0.391489 0.502489 0.598556 0.492534 0.413391 0.408911 0.552762 0.625932 0.455202 0.623941 0.550771 0.832998 0.489049 0.823043 0.522897 0.946486 0.500996 1.000000 0.073603 0.034525 0.016808 0.012425 0.696638 0.992791 0.010142 0.056661
0.462181 0.313395 0.476115 0.291500 0.440286 0.301452 0.503981 0.279557 0.420382 0.303443 0.567675 0.371118 0.422372 0.379080 0.585589 0.500498 0.390525 0.506469 0.597532 0.494526 0.410430 0.414908 0.553742 0.625896 0.456210 0.623906 0.555733 0.838875 0.488057 0.828922 0.525876 0.942378 0.501990 1.000000 0.092368 0.026356 0.020365 0.005339 0.603788 0.990159 0.012675 0.046079
0.464675 0.313426 0.476616 0.291535 0.442784 0.301485 0.506468 0.279594 0.420893 0.303475 0.568162 0.371140 0.420893 0.379100 0.588063 0.502488 0.391041 0.504478 0.603984 0.492537 0.408952 0.402982 0.554231 0.625875 0.456715 0.623885 0.562191 0.844789 0.490547 0.830858 0.530349 0.942305 0.502488 1.000000 0.112033 0.032111 0.028960 0.005322 0.629943 0.981197 0.013941 0.040005
