0.490449 0.286961 0.503738 0.272011 0.482143 0.270350 0.525332 0.273672 0.465532 0.285300 0.570182 0.378323 0.430648 0.371678 0.608388 0.497924 0.389120 0.511213 0.659883 0.554402 0.407393 0.644102 0.540282 0.625830 0.458887 0.624169 0.507060 0.786959 0.477160 0.790281 0.487126 0.961376 0.475498 0.976326 0.028503 0.037716 0.026456 0.000578 0.136898 0.135573 0.001053 0.099598
0.486155 0.292723 0.501978 0.281647 0.476662 0.280064 0.532041 0.283229 0.468750 0.278482 0.568433 0.378165 0.432358 0.371836 0.607990 0.487342 0.397548 0.504747 0.652294 0.547468 0.408624 0.640822 0.541535 0.624999 0.457674 0.624999 0.514636 0.784809 0.470332 0.810125 0.489320 0.900314 0.489320 0.984175 0.015601 0.012857 0.018528 0.009995 0.091489 0.107388 0.001009 0.074810
0.491776 0.286189 0.495066 0.274676 0.491776 0.274676 0.493421 0.276321 0.539473 0.279610 0.430923 0.371713 0.570722 0.378292 0.389805 0.508224 0.618418 0.496711 0.416120 0.623353 0.661181 0.562499 0.455593 0.624997 0.542762 0.624997 0.472040 0.810849 0.514802 0.773020 0.483553 1.000000 0.493421 0.916109 0.009702 0.012211 0.002809 0.023503 0.164653 0.061585 0.002096 0.087521
0.493211 0.297533 0.505990 0.286352 0.485224 0.284754 0.529951 0.287949 0.475640 0.281560 0.561898 0.378999 0.440498 0.371012 0.613014 0.489218 0.395772 0.503594 0.664130 0.543528 0.418135 0.631384 0.531548 0.626592 0.466056 0.623397 0.493211 0.811887 0.480432 0.784731 0.483627 1.000000 0.485224 0.922105 0.049039 0.017190 0.026116 0.003835 0.102133 0.158711 0.003050 0.093230
0.490607 0.299889 0.505309 0.288454 0.480806 0.286820 0.537980 0.288454 0.467737 0.283553 0.572285 0.379933 0.433432 0.370132 0.616391 0.492649 0.392593 0.499183 0.658864 0.548190 0.421998 0.600464 0.536347 0.626601 0.457936 0.623334 0.503676 0.806292 0.477539 0.793224 0.484073 0.995785 0.484073 0.950046 0.024437 0.023311 0.011197 0.005858 0.089082 0.187497 0.007280 0.093816
0.492013 0.303131 0.507987 0.290353 0.479235 0.288755 0.538336 0.288755 0.464859 0.285561 0.570282 0.379802 0.432913 0.370218 0.611812 0.491614 0.396175 0.501198 0.658134 0.545923 0.420134 0.630580 0.538336 0.627386 0.458470 0.622594 0.498403 0.806285 0.476040 0.785520 0.484027 0.988379 0.487221 0.922889 0.044828 0.008344 0.029059 0.002071 0.111588 0.145331 0.004066 0.104101
0.493893 0.277281 0.490635 0.265881 0.498779 0.265881 0.466205 0.270767 0.542752 0.277281 0.428746 0.370115 0.572068 0.379887 0.389659 0.511808 0.620928 0.506922 0.412460 0.643729 0.637214 0.554153 0.453176 0.624185 0.546010 0.625814 0.469463 0.798451 0.515065 0.778907 0.479235 0.987375 0.502036 0.925486 0.013212 0.035264 0.000854 0.029881 0.140157 0.011177 0.001033 0.093146
0.484480 0.305370 0.501258 0.291947 0.472735 0.290270 0.539849 0.290270 0.460990 0.285236 0.571728 0.379195 0.427433 0.370806 0.613674 0.489933 0.385487 0.500000 0.645553 0.550335 0.412333 0.615771 0.544882 0.625838 0.455957 0.624160 0.509648 0.786911 0.469379 0.795300 0.491191 0.951340 0.481124 0.986574 0.032971 0.005394 0.034040 0.010771 0.039322 0.172459 0.001068 0.093465
0.482261 0.307344 0.500413 0.295793 0.469060 0.292493 0.540016 0.292493 0.457508 0.287542 0.571369 0.379951 0.429456 0.370050 0.612623 0.490512 0.391502 0.490512 0.663778 0.546617 0.424505 0.584571 0.543317 0.625824 0.455858 0.624174 0.513614 0.792490 0.465759 0.800741 0.492162 0.954205 0.480611 0.985558 0.014159 0.007693 0.019978 0.015122 0.121640 0.204571 0.001050 0.073970
0.481272 0.307057 0.502178 0.293120 0.467335 0.291378 0.542247 0.287893 0.453397 0.282667 0.575348 0.378485 0.423781 0.371516 0.625870 0.488240 0.378485 0.495209 0.685103 0.547474 0.408102 0.575348 0.549216 0.625870 0.451655 0.624128 0.517857 0.786148 0.465593 0.801827 0.495209 0.962105 0.479530 1.000000 0.020755 0.003901 0.028001 0.010068 0.112681 0.224417 0.001108 0.086416
0.501779 0.297603 0.519572 0.283368 0.483986 0.283368 0.546262 0.283368 0.459076 0.281589 0.576511 0.377672 0.421710 0.372334 0.622773 0.496886 0.382565 0.505783 0.672593 0.559162 0.407476 0.621438 0.551600 0.624997 0.450179 0.624997 0.517793 0.792252 0.462634 0.810046 0.498221 0.971963 0.476869 1.000000 0.028953 0.000179 0.031532 0.014323 0.096948 0.158351 0.002264 0.084876
0.498670 0.298770 0.516400 0.284587 0.480941 0.284587 0.544767 0.286360 0.457892 0.284587 0.576680 0.376780 0.420661 0.373234 0.622777 0.492022 0.381656 0.506205 0.677738 0.554075 0.406477 0.626766 0.551859 0.624993 0.450801 0.624993 0.527038 0.793423 0.461438 0.804061 0.498670 0.967172 0.475622 1.000000 0.004940 0.004015 0.014848 0.019040 0.109613 0.155454 0.003387 0.065461
0.497792 0.296390 0.515459 0.282256 0.481891 0.282256 0.543725 0.280489 0.457158 0.278723 0.577293 0.377657 0.420058 0.372357 0.623226 0.499558 0.377657 0.506625 0.665627 0.557859 0.400624 0.624993 0.552559 0.624993 0.450091 0.624993 0.531359 0.792828 0.464225 0.799895 0.501325 0.969497 0.474825 0.992463 0.013605 0.008163 0.008270 0.011998 0.085447 0.158368 0.003374 0.065662
0.503356 0.300340 0.516778 0.283562 0.489933 0.283562 0.533556 0.285240 0.461410 0.283562 0.573824 0.375842 0.424498 0.374164 0.627514 0.483222 0.384231 0.500000 0.682882 0.555368 0.397653 0.614091 0.548657 0.624158 0.453021 0.625836 0.533556 0.785228 0.466444 0.786906 0.510067 0.937910 0.473155 0.946299 0.018835 0.013070 0.002396 0.009458 0.060773 0.135858 0.002137 0.056219
0.504841 0.292265 0.520685 0.278181 0.487237 0.278181 0.543572 0.278181 0.462590 0.276421 0.577020 0.375007 0.425620 0.375007 0.633355 0.484156 0.379848 0.505281 0.693211 0.554574 0.388651 0.614430 0.545332 0.624993 0.452027 0.624993 0.531248 0.799279 0.467872 0.799279 0.506602 0.975326 0.471392 0.978847 0.018609 0.022618 0.014469 0.004641 0.072583 0.133165 0.003362 0.054524
0.503610 0.283867 0.519854 0.269428 0.487366 0.271233 0.545122 0.269428 0.462098 0.271233 0.579414 0.375915 0.424196 0.374111 0.640780 0.484207 0.379074 0.505866 0.705755 0.552792 0.395318 0.606938 0.546926 0.624987 0.449464 0.624987 0.534292 0.803669 0.463903 0.805474 0.512634 0.987765 0.472927 0.991375 0.014808 0.009970 0.018816 0.006542 0.077295 0.155749 0.004595 0.047880
0.492620 0.287367 0.509225 0.272608 0.476015 0.272608 0.536899 0.272608 0.457566 0.272608 0.579334 0.375926 0.418821 0.374081 0.640218 0.486624 0.374542 0.497694 0.688187 0.560423 0.370852 0.593632 0.551659 0.624997 0.450186 0.624997 0.535054 0.803959 0.464946 0.803959 0.507380 1.000000 0.470481 1.000000 0.014479 0.017434 0.005775 0.013390 0.023406 0.097252 0.002350 0.055643
0.495658 0.283380 0.507237 0.271801 0.484079 0.271801 0.520745 0.267942 0.466711 0.269872 0.576709 0.376011 0.416536 0.374081 0.638463 0.491798 0.370221 0.501447 0.667410 0.576709 0.387589 0.592148 0.553552 0.624954 0.453202 0.624954 0.538113 0.817934 0.464781 0.817934 0.509167 1.000000 0.466711 1.000000 0.016233 0.016208 0.004113 0.027119 0.051377 0.171241 0.008601 0.044486
0.456968 0.279752 0.458819 0.266796 0.460670 0.266796 0.458819 0.270498 0.536554 0.270498 0.419952 0.375995 0.571719 0.374144 0.368129 0.512956 0.634647 0.492597 0.373681 0.614751 0.671664 0.581436 0.458819 0.625856 0.549510 0.624005 0.475477 0.805386 0.510642 0.803535 0.473626 1.000000 0.486582 1.000000 0.032267 0.030420 0.019672 0.039645 0.132487 0.029775 0.010607 0.097315
0.463964 0.263658 0.463964 0.252426 0.469580 0.252426 0.456476 0.261786 0.538844 0.261786 0.417163 0.375979 0.576285 0.374107 0.372235 0.512636 0.638061 0.495788 0.405931 0.591261 0.673629 0.580029 0.452732 0.624957 0.553820 0.624957 0.463964 0.808415 0.523868 0.815903 0.467708 1.000000 0.495788 1.000000 0.013678 0.007519 0.025703 0.021098 0.229988 0.022367 0.008343 0.068991
0.470442 0.269360 0.470442 0.258612 0.475816 0.258612 0.461485 0.265777 0.536723 0.265777 0.420284 0.375051 0.572551 0.375051 0.379082 0.505822 0.631666 0.491491 0.409535 0.591808 0.649580 0.575686 0.454320 0.624053 0.552846 0.625844 0.465068 0.810356 0.524184 0.813939 0.465068 1.000000 0.499104 1.000000 0.018344 0.007838 0.024899 0.023175 0.205502 0.082806 0.009125 0.066478
0.464369 0.268624 0.462565 0.257799 0.467977 0.257799 0.453544 0.266820 0.532925 0.266820 0.417462 0.375066 0.574419 0.375066 0.375968 0.510374 0.628542 0.497745 0.412050 0.593362 0.621326 0.598775 0.453544 0.624032 0.554574 0.625836 0.460761 0.802638 0.525708 0.817071 0.458957 0.995677 0.495039 1.000000 0.015829 0.000690 0.032959 0.022549 0.225264 0.154953 0.010339 0.060541
0.475913 0.266857 0.474095 0.255949 0.479549 0.255949 0.455916 0.263221 0.539539 0.265039 0.417741 0.374112 0.577714 0.375930 0.374112 0.515906 0.634069 0.497728 0.370476 0.626797 0.634069 0.595893 0.450463 0.623161 0.554082 0.626797 0.463188 0.797678 0.526814 0.819493 0.461370 0.984920 0.495910 1.000000 0.026259 0.001573 0.018415 0.014849 0.084583 0.137941 0.005786 0.067916
0.473541 0.266430 0.471716 0.255481 0.479015 0.255481 0.457118 0.262780 0.541057 0.264605 0.418798 0.374091 0.579377 0.375916 0.376828 0.516423 0.635945 0.500000 0.364055 0.635033 0.632296 0.607661 0.449819 0.624084 0.552006 0.625909 0.464417 0.799262 0.526459 0.817510 0.466242 0.985389 0.497263 1.000000 0.023344 0.001812 0.012833 0.007480 0.057126 0.146938 0.002323 0.068657
0.464037 0.271636 0.464037 0.260847 0.471230 0.260847 0.458643 0.268040 0.539559 0.266241 0.420882 0.375928 0.573724 0.374130 0.379524 0.517981 0.636659 0.487413 0.375928 0.629466 0.670824 0.577320 0.453248 0.624072 0.552146 0.625870 0.465835 0.796694 0.521578 0.816473 0.467633 0.969315 0.496404 1.000000 0.019853 0.010683 0.018116 0.023402 0.079915 0.045821 0.006868 0.073788
0.458184 0.272483 0.456385 0.261692 0.463579 0.261692 0.456385 0.268886 0.539118 0.267088 0.422213 0.375001 0.576888 0.375001 0.380846 0.513489 0.632643 0.495504 0.373652 0.619604 0.630844 0.605215 0.450990 0.624999 0.549910 0.624999 0.463579 0.801257 0.524730 0.804854 0.470774 0.963127 0.501349 0.972119 0.008560 0.000000 0.013781 0.010058 0.070847 0.143159 0.001146 0.066973
0.460805 0.274848 0.460805 0.264396 0.466031 0.262654 0.457321 0.271364 0.540937 0.269622 0.424223 0.374141 0.579261 0.375883 0.382416 0.515242 0.638488 0.489113 0.389384 0.616278 0.654166 0.565760 0.448611 0.623246 0.547905 0.626730 0.464289 0.780025 0.523517 0.807897 0.469515 0.928094 0.500871 0.996032 0.020496 0.004463 0.000676 0.003010 0.113609 0.089183 0.004435 0.074319
0.502604 0.302088 0.516493 0.286463 0.485243 0.288200 0.540798 0.277783 0.459202 0.282991 0.575519 0.375003 0.426217 0.375003 0.632809 0.477431 0.391496 0.503472 0.658850 0.539930 0.421009 0.588540 0.544270 0.624997 0.453994 0.624997 0.525173 0.805548 0.467883 0.795132 0.502604 0.980891 0.469619 0.942698 0.007204 0.022182 0.006041 0.009297 0.036663 0.190320 0.002213 0.059470
0.492159 0.323350 0.510608 0.308591 0.475555 0.306746 0.538282 0.290142 0.453416 0.290142 0.580715 0.375008 0.422053 0.375008 0.639752 0.480167 0.387000 0.500461 0.667425 0.552119 0.429432 0.568723 0.547506 0.625915 0.449726 0.624070 0.525367 0.815940 0.458951 0.797491 0.505073 1.000000 0.462641 0.946928 0.004003 0.009057 0.004966 0.018308 0.045958 0.263761 0.003523 0.053834
0.494485 0.321696 0.511029 0.305152 0.476104 0.305152 0.538602 0.288609 0.452207 0.286770 0.580880 0.375003 0.420958 0.375003 0.636026 0.488971 0.387871 0.503676 0.639702 0.590071 0.417282 0.608453 0.549631 0.626835 0.448531 0.623158 0.523896 0.825359 0.455884 0.792271 0.501838 1.000000 0.457722 0.922783 0.005483 0.009348 0.001736 0.021392 0.131880 0.167224 0.002341 0.054864
0.497711 0.321945 0.514189 0.305467 0.479402 0.305467 0.541653 0.288989 0.453770 0.288989 0.581933 0.375041 0.424475 0.375041 0.644183 0.483064 0.384196 0.497711 0.675309 0.552638 0.420814 0.559962 0.547146 0.627705 0.446446 0.622213 0.523344 0.823612 0.461093 0.797979 0.505035 1.000000 0.468417 0.938958 0.008822 0.009944 0.005067 0.001758 0.032508 0.270242 0.008160 0.064949
0.496324 0.324491 0.512865 0.307951 0.477947 0.307951 0.540431 0.291411 0.454055 0.291411 0.582700 0.375949 0.422813 0.374112 0.641510 0.488054 0.384219 0.499081 0.654374 0.567079 0.411786 0.572593 0.547782 0.627726 0.446704 0.622213 0.520216 0.824370 0.457731 0.796803 0.501838 1.000000 0.468758 0.916259 0.014672 0.009223 0.000474 0.010480 0.102416 0.209544 0.007020 0.064411
0.494113 0.318851 0.510416 0.304359 0.475998 0.304359 0.535777 0.288056 0.450637 0.289867 0.577441 0.373196 0.419842 0.376819 0.642655 0.481885 0.392669 0.514492 0.695188 0.539853 0.401727 0.643107 0.550269 0.624993 0.452448 0.624993 0.524908 0.804330 0.463317 0.786215 0.503170 0.999970 0.470563 0.925699 0.009494 0.004907 0.010499 0.020157 0.062337 0.084406 0.003459 0.066144
0.494048 0.325551 0.512363 0.309067 0.477564 0.309067 0.539835 0.292584 0.451923 0.290752 0.580128 0.375001 0.418957 0.375001 0.644230 0.483059 0.384158 0.497711 0.693680 0.545329 0.404305 0.561813 0.550824 0.625915 0.450092 0.624083 0.530677 0.823716 0.462912 0.799906 0.505037 1.000000 0.470238 0.939100 0.007274 0.006432 0.004697 0.016414 0.043202 0.184887 0.001166 0.055478
0.490970 0.321780 0.509980 0.306572 0.471960 0.304671 0.540397 0.291363 0.449148 0.287561 0.580318 0.375008 0.416831 0.375008 0.646854 0.481465 0.378810 0.509980 0.711488 0.544199 0.405424 0.574615 0.551803 0.625942 0.451049 0.624041 0.527089 0.827450 0.460554 0.808440 0.504277 1.000000 0.466257 0.975729 0.006034 0.005548 0.002827 0.027072 0.076943 0.211734 0.003632 0.055237
0.492709 0.309382 0.507291 0.294799 0.480209 0.294799 0.521874 0.276049 0.455210 0.276049 0.584372 0.371879 0.413545 0.378129 0.655203 0.486459 0.376046 0.521874 0.713534 0.565623 0.401045 0.580206 0.551040 0.623954 0.451043 0.626037 0.517708 0.811448 0.467709 0.821864 0.492709 1.000000 0.473959 1.000000 0.020121 0.018424 0.014155 0.020761 0.025893 0.210108 0.002652 0.083028
0.486355 0.297271 0.498051 0.283625 0.472710 0.285575 0.513645 0.273879 0.449318 0.271929 0.574074 0.371345 0.410331 0.379142 0.638402 0.478557 0.377193 0.517544 0.704679 0.554581 0.383041 0.599415 0.560429 0.622807 0.455166 0.626706 0.554581 0.827486 0.466862 0.823587 0.523392 1.000000 0.464912 1.000000 0.033100 0.021977 0.008164 0.038141 0.056211 0.097505 0.019869 0.027979
0.473330 0.271197 0.471458 0.259968 0.478945 0.259968 0.456485 0.269326 0.542579 0.265583 0.420925 0.376007 0.587497 0.374135 0.383493 0.516376 0.645517 0.492046 0.389108 0.604342 0.709151 0.566910 0.439641 0.621186 0.551937 0.628672 0.458357 0.763427 0.536964 0.842034 0.467715 0.920641 0.503275 1.000000 0.022719 0.022866 0.017392 0.021883 0.103242 0.078691 0.010725 0.063945
0.469932 0.273554 0.466174 0.260399 0.473691 0.260399 0.451140 0.267916 0.537584 0.266037 0.421073 0.375032 0.584565 0.375032 0.387247 0.523490 0.637183 0.499060 0.396643 0.645640 0.682284 0.596780 0.443623 0.623089 0.550739 0.626847 0.458657 0.775306 0.522551 0.837320 0.468053 0.927523 0.503758 1.000000 0.011712 0.016968 0.002479 0.000114 0.095746 0.009925 0.007179 0.073715
0.475534 0.276311 0.472039 0.265826 0.480777 0.265826 0.454563 0.272816 0.534951 0.271069 0.428350 0.374175 0.578641 0.375923 0.398641 0.519223 0.631068 0.501748 0.405631 0.645048 0.680000 0.580388 0.447573 0.620582 0.545437 0.629320 0.459806 0.746407 0.522718 0.832038 0.468544 0.884465 0.500000 1.000000 0.010731 0.001173 0.006067 0.005948 0.081972 0.051505 0.008902 0.066374
0.470325 0.276984 0.466727 0.266193 0.475720 0.266193 0.450541 0.273387 0.535071 0.273387 0.423563 0.375903 0.578235 0.374104 0.394787 0.519784 0.624997 0.501799 0.401981 0.638486 0.616004 0.615105 0.448742 0.622299 0.549459 0.627695 0.454138 0.757188 0.520683 0.829128 0.463130 0.902867 0.500899 1.000000 0.006898 0.016309 0.019690 0.009201 0.082101 0.136946 0.002291 0.057893
0.476214 0.272402 0.474349 0.259343 0.481811 0.259343 0.455693 0.268671 0.535912 0.266806 0.425844 0.378739 0.576954 0.371277 0.388533 0.524252 0.640383 0.486941 0.388533 0.606337 0.709409 0.563429 0.448231 0.623127 0.548971 0.626858 0.461290 0.768640 0.520988 0.822741 0.463155 0.930943 0.504197 1.000000 0.024831 0.022823 0.000588 0.010455 0.079897 0.074025 0.003562 0.073657
0.473086 0.272824 0.471261 0.260051 0.478560 0.260051 0.454838 0.267350 0.538775 0.267350 0.425643 0.378657 0.577094 0.371358 0.389149 0.541056 0.628186 0.489964 0.396448 0.683383 0.671979 0.577550 0.449364 0.624992 0.547899 0.624992 0.469436 0.763670 0.518703 0.807463 0.471261 0.926069 0.504106 1.000000 0.042177 0.030157 0.015196 0.014022 0.086671 0.018112 0.003485 0.096255
0.473864 0.272380 0.470062 0.260975 0.477666 0.260975 0.454856 0.266677 0.542293 0.266677 0.424443 0.378824 0.580309 0.371221 0.384527 0.532789 0.627829 0.489070 0.388328 0.669646 0.601217 0.544194 0.447253 0.624027 0.547995 0.625928 0.468162 0.783694 0.511880 0.808404 0.475765 0.971873 0.502376 1.000000 0.028594 0.048828 0.011922 0.022027 0.089587 0.265166 0.006050 0.103643
0.464462 0.276751 0.462640 0.265816 0.469930 0.265816 0.457173 0.273106 0.542827 0.271284 0.429836 0.375163 0.582921 0.375163 0.389742 0.504556 0.635772 0.495444 0.389742 0.557407 0.668576 0.577454 0.444416 0.623015 0.542827 0.626660 0.464462 0.768810 0.519136 0.807081 0.471752 0.927362 0.508201 1.000000 0.028870 0.025389 0.024792 0.008761 0.095645 0.010661 0.016250 0.085055
0.458799 0.270385 0.456947 0.259274 0.464354 0.259274 0.449540 0.268533 0.536572 0.266681 0.425468 0.379637 0.577310 0.370378 0.381026 0.522221 0.629159 0.494445 0.392136 0.577773 0.673600 0.587032 0.449540 0.624066 0.547682 0.625918 0.453244 0.770354 0.514351 0.809240 0.458799 0.937010 0.501389 1.000000 0.002551 0.038064 0.023191 0.020508 0.159009 0.016447 0.003536 0.065306
0.409854 0.283928 0.419147 0.269058 0.409854 0.269058 0.458180 0.272776 0.523234 0.267200 0.430299 0.384297 0.571559 0.365710 0.378256 0.532992 0.636613 0.495818 0.381974 0.642654 0.707243 0.592470 0.452604 0.625926 0.545538 0.624067 0.447028 0.769045 0.512081 0.802501 0.461897 0.947478 0.500929 1.000000 0.038860 0.042962 0.041695 0.027046 0.117953 0.053295 0.002368 0.046602
0.455715 0.266922 0.455715 0.255735 0.459444 0.255735 0.453851 0.266922 0.541488 0.265058 0.427746 0.380664 0.580645 0.369477 0.388589 0.520511 0.625396 0.481354 0.401641 0.557803 0.625396 0.557803 0.446392 0.624930 0.545217 0.624930 0.457580 0.775964 0.522842 0.802069 0.472497 0.941915 0.507925 1.000000 0.004999 0.016241 0.000708 0.003871 0.194068 0.121119 0.010685 0.063531
0.419376 0.284365 0.423192 0.271007 0.423192 0.271007 0.451816 0.274824 0.535780 0.272916 0.425100 0.377871 0.577762 0.372146 0.385027 0.498092 0.627377 0.488550 0.392660 0.562973 0.598753 0.562973 0.449908 0.625946 0.547230 0.624038 0.451816 0.791966 0.520514 0.799599 0.470899 0.967527 0.510973 0.982793 0.030805 0.031506 0.028067 0.009674 0.139693 0.245126 0.003645 0.051728
0.476071 0.285119 0.477986 0.273634 0.476071 0.271719 0.472243 0.271719 0.541158 0.271719 0.426299 0.377006 0.583272 0.373177 0.384185 0.497607 0.629216 0.493778 0.391842 0.560779 0.617730 0.564608 0.443528 0.625866 0.546900 0.623951 0.458842 0.801982 0.525843 0.794324 0.474157 0.972355 0.510529 0.974269 0.000916 0.012118 0.005609 0.006705 0.145338 0.167030 0.012190 0.066753
