0.500000 0.283735 0.513731 0.268631 0.484896 0.267258 0.535701 0.275497 0.462926 0.275497 0.574148 0.374361 0.418987 0.375734 0.600237 0.497940 0.398390 0.507552 0.590625 0.603670 0.414867 0.609162 0.554924 0.624266 0.451941 0.625639 0.557671 0.808263 0.445076 0.809636 0.554924 0.995006 0.435464 0.993632 0.009431 0.004739 0.029188 0.053606 0.095084 0.100509 0.008742 0.016622
0.501358 0.284018 0.514942 0.269076 0.486416 0.267718 0.535318 0.277227 0.464682 0.275868 0.573352 0.373671 0.421214 0.376388 0.603236 0.498642 0.400839 0.506792 0.593728 0.601878 0.404914 0.614103 0.552977 0.624970 0.452457 0.624970 0.555693 0.806993 0.444307 0.808351 0.555693 0.989015 0.436156 0.987657 0.004751 0.000333 0.030503 0.053935 0.103950 0.061419 0.006919 0.018888
0.501344 0.283615 0.516128 0.268831 0.486560 0.267487 0.534944 0.278239 0.465056 0.275551 0.575264 0.375007 0.422048 0.375007 0.603489 0.497312 0.400543 0.498656 0.594081 0.598113 0.403231 0.599457 0.552416 0.624993 0.450272 0.624993 0.555104 0.805090 0.442208 0.806434 0.555104 0.983843 0.434144 0.982499 0.004750 0.000423 0.033763 0.049925 0.101815 0.063296 0.003423 0.018888
0.501330 0.283257 0.514627 0.268630 0.486703 0.268630 0.534572 0.277938 0.465427 0.275279 0.574464 0.375007 0.422877 0.375007 0.605047 0.497341 0.401601 0.501330 0.599728 0.599728 0.401601 0.607707 0.551859 0.624993 0.450801 0.624993 0.555848 0.801845 0.442822 0.803174 0.557178 0.977367 0.437504 0.977367 0.004766 0.004526 0.035884 0.049652 0.094500 0.053112 0.003386 0.021422
0.501667 0.283674 0.515000 0.269007 0.487000 0.267674 0.534999 0.278340 0.465668 0.275674 0.574998 0.374337 0.423002 0.375671 0.605663 0.495667 0.399003 0.501000 0.604330 0.598330 0.401670 0.607663 0.552332 0.624996 0.449668 0.624996 0.556332 0.802324 0.443002 0.803657 0.557665 0.979651 0.437669 0.976985 0.004784 0.002076 0.035884 0.045787 0.082935 0.068180 0.002546 0.019050
0.501330 0.285267 0.514626 0.270641 0.486704 0.270641 0.533240 0.278619 0.464100 0.277289 0.573129 0.374351 0.422882 0.375681 0.606369 0.495346 0.398949 0.501994 0.607699 0.600386 0.402938 0.609693 0.553185 0.624319 0.450804 0.625649 0.557174 0.802488 0.445486 0.802488 0.558503 0.977998 0.442826 0.976668 0.004713 0.004710 0.032469 0.044979 0.081313 0.071389 0.005080 0.016696
0.498688 0.285867 0.513117 0.271439 0.484260 0.271439 0.531480 0.279309 0.463273 0.279309 0.570831 0.373750 0.421299 0.376374 0.607558 0.493114 0.396377 0.499672 0.608870 0.599360 0.399000 0.605919 0.553779 0.624282 0.454091 0.625594 0.559026 0.798736 0.450156 0.800048 0.559026 0.970567 0.450156 0.970567 0.009570 0.007179 0.031202 0.048822 0.091086 0.071342 0.010022 0.016749
0.498048 0.287251 0.511060 0.272937 0.483735 0.272937 0.530579 0.280745 0.462915 0.280745 0.569615 0.374432 0.421276 0.375734 0.604748 0.494145 0.391348 0.498048 0.609953 0.599543 0.397854 0.603447 0.554001 0.624266 0.455108 0.625568 0.559205 0.797328 0.455108 0.798630 0.563109 0.966487 0.457710 0.967788 0.002223 0.004895 0.029439 0.042844 0.075160 0.096007 0.011600 0.009570
0.497411 0.287704 0.510356 0.273465 0.483172 0.273465 0.529773 0.282526 0.462460 0.281232 0.568608 0.374435 0.422331 0.375729 0.602264 0.494822 0.388674 0.496117 0.607442 0.602264 0.393852 0.600970 0.554368 0.624271 0.454693 0.625565 0.558252 0.797732 0.454693 0.799026 0.560841 0.964720 0.455987 0.966015 0.002192 0.002468 0.025248 0.041004 0.071446 0.102481 0.011540 0.007126
0.494811 0.287570 0.509081 0.273300 0.480541 0.273300 0.528540 0.281083 0.459784 0.281083 0.567459 0.374488 0.420866 0.375785 0.599891 0.495135 0.385839 0.496432 0.607675 0.604107 0.388434 0.600215 0.555783 0.623566 0.455892 0.626161 0.559675 0.797402 0.458487 0.798700 0.560972 0.966049 0.462379 0.967347 0.004677 0.002554 0.022035 0.039457 0.060893 0.097896 0.014871 0.002337
0.494824 0.289089 0.509058 0.273562 0.480591 0.273562 0.528466 0.281326 0.459888 0.281326 0.567284 0.374489 0.421070 0.375783 0.599633 0.494824 0.387428 0.496118 0.606102 0.602221 0.387428 0.602221 0.555639 0.624217 0.456006 0.625511 0.558227 0.797604 0.454712 0.798898 0.558227 0.965815 0.452125 0.967109 0.004750 0.002522 0.019583 0.046619 0.064439 0.086774 0.014833 0.007126
0.496107 0.289467 0.509083 0.273896 0.481834 0.273896 0.529844 0.282980 0.461073 0.281682 0.568772 0.373810 0.420848 0.376405 0.601211 0.495783 0.387110 0.499676 0.602509 0.602185 0.389706 0.606077 0.554498 0.624243 0.455882 0.625541 0.557094 0.799417 0.454585 0.800714 0.560986 0.969400 0.453287 0.969400 0.002573 0.000150 0.022838 0.046829 0.078860 0.092796 0.013221 0.007073
0.497735 0.287725 0.510678 0.273487 0.483497 0.273487 0.530094 0.282548 0.462787 0.281253 0.568925 0.373153 0.421368 0.377036 0.601284 0.496117 0.390303 0.501294 0.602578 0.603549 0.394186 0.606138 0.554687 0.624259 0.455021 0.625553 0.557275 0.797703 0.455021 0.798997 0.561158 0.967264 0.452432 0.967264 0.002539 0.004896 0.022780 0.042844 0.078074 0.089763 0.012364 0.004751
0.498048 0.286600 0.511060 0.272287 0.482434 0.272287 0.530579 0.281395 0.461614 0.280094 0.569615 0.373782 0.421276 0.376384 0.602146 0.494795 0.390047 0.501301 0.603447 0.602796 0.395252 0.606700 0.554001 0.623616 0.455108 0.626218 0.559205 0.799280 0.455108 0.800582 0.565712 0.969740 0.456409 0.969740 0.002716 0.002449 0.029297 0.042844 0.079756 0.093685 0.011600 0.009429
0.498053 0.288090 0.511034 0.273811 0.483774 0.273811 0.530505 0.281600 0.463005 0.280302 0.569447 0.373763 0.422765 0.376359 0.601899 0.497079 0.391611 0.502272 0.603197 0.604819 0.398101 0.607415 0.553870 0.624290 0.453918 0.625588 0.557764 0.798232 0.453918 0.799530 0.564255 0.968279 0.455217 0.968279 0.005018 0.002449 0.026891 0.039583 0.078074 0.096830 0.009918 0.007126
0.499021 0.286968 0.512071 0.272613 0.484667 0.272613 0.531645 0.280443 0.463788 0.280443 0.570793 0.373094 0.422030 0.377009 0.603417 0.495759 0.392016 0.502284 0.603417 0.604069 0.399845 0.605374 0.553829 0.623644 0.453348 0.626253 0.557744 0.797201 0.453348 0.799811 0.565573 0.969454 0.455958 0.970759 0.007280 0.004858 0.028698 0.039789 0.082742 0.098980 0.009139 0.007179
0.500649 0.286760 0.513632 0.272479 0.486368 0.272479 0.533106 0.281567 0.464298 0.280269 0.570755 0.373744 0.422753 0.376340 0.603212 0.495781 0.391595 0.502272 0.603212 0.602238 0.403279 0.603536 0.552580 0.624309 0.453912 0.625607 0.555176 0.794381 0.452613 0.796978 0.561668 0.965752 0.452613 0.965752 0.007191 0.002411 0.027909 0.041995 0.082741 0.113773 0.008266 0.007269
0.499354 0.287216 0.513561 0.273009 0.485147 0.273009 0.532935 0.282049 0.464482 0.280758 0.570390 0.373750 0.423152 0.376333 0.602679 0.495157 0.389572 0.500323 0.601387 0.602356 0.403779 0.601064 0.552308 0.624313 0.454150 0.625604 0.554891 0.793507 0.451567 0.796090 0.561349 0.963992 0.452858 0.963992 0.007191 0.007270 0.027790 0.044203 0.086576 0.128785 0.008223 0.009682
0.500323 0.287202 0.513239 0.271703 0.486115 0.272994 0.532614 0.282036 0.465449 0.280744 0.571363 0.373742 0.422825 0.376325 0.603654 0.495156 0.390533 0.500323 0.602363 0.602363 0.404742 0.599779 0.551989 0.624320 0.453824 0.625612 0.553280 0.792234 0.451241 0.794817 0.558447 0.964022 0.449949 0.962730 0.007122 0.002410 0.027011 0.044240 0.086576 0.126259 0.007401 0.007308
0.500974 0.285448 0.513957 0.271166 0.486692 0.271166 0.533432 0.280255 0.464620 0.280255 0.571084 0.373736 0.423073 0.376332 0.603543 0.494482 0.390614 0.500974 0.603543 0.602245 0.404896 0.600946 0.552908 0.624317 0.452935 0.625615 0.552908 0.795698 0.449040 0.796997 0.556803 0.967080 0.445145 0.965782 0.007234 0.000000 0.023050 0.045183 0.083591 0.126259 0.007440 0.007234
0.501302 0.284552 0.514320 0.270232 0.486982 0.270232 0.533847 0.279345 0.464851 0.279345 0.571599 0.374376 0.423194 0.375678 0.604144 0.495444 0.390649 0.500651 0.604144 0.603493 0.403667 0.599588 0.552072 0.624322 0.453135 0.625624 0.552072 0.793556 0.449230 0.796160 0.555977 0.966696 0.445324 0.965394 0.007179 0.000000 0.024818 0.045238 0.083591 0.122736 0.006630 0.007288
0.501298 0.285462 0.514281 0.271181 0.485719 0.271181 0.533755 0.280269 0.464947 0.280269 0.571404 0.373744 0.422104 0.376340 0.603861 0.494482 0.390946 0.500974 0.605159 0.602238 0.402630 0.599642 0.553229 0.624309 0.453263 0.625607 0.553229 0.794381 0.450666 0.796978 0.559720 0.967050 0.450666 0.965752 0.011960 0.004824 0.023050 0.044406 0.079756 0.115499 0.008266 0.004822
0.500000 0.285027 0.514353 0.270674 0.485647 0.270674 0.532621 0.279808 0.464769 0.279808 0.570462 0.373756 0.421709 0.376366 0.604387 0.493802 0.390393 0.497717 0.606997 0.602104 0.399527 0.595580 0.553499 0.624286 0.454331 0.625591 0.554803 0.796525 0.453026 0.797830 0.561328 0.968765 0.453026 0.968765 0.009640 0.002411 0.023931 0.043839 0.080002 0.110014 0.009970 0.004823
0.500327 0.285429 0.513411 0.271037 0.485935 0.271037 0.533036 0.280196 0.463693 0.280196 0.570978 0.374398 0.421826 0.375706 0.604996 0.494767 0.390425 0.498692 0.607612 0.602052 0.402200 0.595510 0.553970 0.624294 0.453226 0.625602 0.553970 0.796997 0.450609 0.798306 0.557895 0.969701 0.450609 0.968392 0.007234 0.004824 0.021632 0.044611 0.079909 0.118095 0.009164 0.004823
0.500328 0.284539 0.513446 0.268797 0.485898 0.270109 0.533123 0.279291 0.463598 0.279291 0.571165 0.373740 0.421621 0.376364 0.605271 0.494425 0.388826 0.502296 0.609206 0.601992 0.404567 0.595433 0.554111 0.624292 0.453104 0.625604 0.552800 0.796136 0.450480 0.798760 0.556735 0.971916 0.449168 0.969293 0.009555 0.002372 0.019202 0.044818 0.076031 0.134387 0.009187 0.002392
0.500652 0.283108 0.513698 0.268758 0.486302 0.268758 0.533268 0.279194 0.462819 0.277890 0.569797 0.373127 0.421071 0.377040 0.605021 0.494455 0.387151 0.508806 0.608935 0.600129 0.415853 0.598824 0.554141 0.623612 0.454991 0.626221 0.554141 0.794516 0.452382 0.798430 0.558055 0.969334 0.452382 0.969334 0.007127 0.004822 0.019868 0.047888 0.078156 0.178446 0.011630 0.004822
0.500000 0.284648 0.514313 0.270335 0.485687 0.270335 0.533832 0.279443 0.463566 0.278142 0.570266 0.373131 0.420626 0.377035 0.605399 0.494145 0.389396 0.505856 0.609302 0.600844 0.418023 0.595640 0.554651 0.624266 0.454457 0.625568 0.554651 0.796027 0.451855 0.798630 0.554651 0.971692 0.449252 0.971692 0.000000 0.000000 0.019766 0.047852 0.078300 0.173952 0.011600 0.004786
0.500324 0.284255 0.513302 0.269980 0.486050 0.269980 0.532767 0.280361 0.463988 0.277766 0.570401 0.373797 0.419866 0.376392 0.605439 0.493187 0.388721 0.506164 0.609333 0.600897 0.428950 0.595707 0.554829 0.624256 0.454904 0.625554 0.552233 0.796853 0.452309 0.799448 0.548340 0.973342 0.447118 0.972044 0.002233 0.004818 0.014979 0.049221 0.079365 0.209383 0.012395 0.000000
0.500966 0.286886 0.513843 0.272721 0.485513 0.272721 0.533158 0.281735 0.463623 0.280447 0.570501 0.374449 0.419841 0.375737 0.605269 0.492918 0.390224 0.500644 0.609132 0.599797 0.431430 0.583057 0.555049 0.624263 0.454609 0.625551 0.549898 0.798102 0.446882 0.798102 0.543460 0.973229 0.437869 0.969366 0.002269 0.002495 0.010235 0.058261 0.079365 0.221691 0.012299 0.004815
0.500324 0.286476 0.513264 0.272242 0.486089 0.270947 0.532676 0.281300 0.462795 0.278712 0.570204 0.374474 0.418796 0.375768 0.605144 0.493530 0.390327 0.498706 0.610321 0.602233 0.443384 0.556940 0.555969 0.624232 0.455031 0.625526 0.549499 0.797639 0.449854 0.798933 0.537852 0.973634 0.438208 0.971046 0.009162 0.012009 0.006250 0.055359 0.075719 0.307643 0.014010 0.002374
0.499678 0.286931 0.513840 0.271482 0.485516 0.271482 0.533151 0.281782 0.463630 0.279207 0.570486 0.374476 0.418570 0.375764 0.603960 0.494207 0.390247 0.499356 0.607822 0.602350 0.457193 0.539266 0.556325 0.624236 0.454618 0.625524 0.549888 0.796751 0.452043 0.798039 0.539588 0.969266 0.443031 0.969266 0.007108 0.011987 0.006156 0.050377 0.075411 0.400589 0.013938 0.007121
0.499352 0.285679 0.512321 0.270115 0.483788 0.270115 0.533072 0.280491 0.461740 0.277897 0.569387 0.373871 0.417644 0.376465 0.604405 0.495785 0.391704 0.504864 0.608296 0.606026 0.446176 0.594353 0.557714 0.624183 0.455255 0.625480 0.553824 0.796678 0.453958 0.799272 0.542151 0.969173 0.451364 0.971766 0.014329 0.002412 0.007654 0.050093 0.077803 0.237499 0.016521 0.004805
0.497099 0.285653 0.511281 0.270182 0.481627 0.270182 0.530621 0.280496 0.459709 0.277918 0.568011 0.373326 0.415873 0.377194 0.602822 0.495810 0.391376 0.504835 0.606690 0.606690 0.432634 0.609268 0.558986 0.623451 0.457131 0.626029 0.556407 0.794928 0.463577 0.798796 0.547382 0.962537 0.464867 0.970273 0.012337 0.009477 0.006694 0.040429 0.077043 0.180117 0.020534 0.016658
0.499037 0.284697 0.513156 0.269295 0.483636 0.269295 0.532408 0.279563 0.460533 0.278279 0.569629 0.373257 0.416895 0.377107 0.604283 0.495187 0.395076 0.506738 0.606850 0.606850 0.431013 0.614550 0.558077 0.623535 0.455399 0.626102 0.552943 0.791670 0.456683 0.794237 0.540109 0.959806 0.455399 0.962373 0.014534 0.004860 0.004964 0.046406 0.080827 0.155496 0.017167 0.012146
0.500000 0.284898 0.514084 0.269534 0.484636 0.269534 0.533290 0.279777 0.461589 0.278496 0.570420 0.373243 0.416776 0.377085 0.604990 0.496159 0.396290 0.507682 0.607551 0.608831 0.425739 0.621635 0.557617 0.624196 0.455187 0.625476 0.551215 0.793204 0.450066 0.793204 0.532009 0.963493 0.442383 0.958372 0.023697 0.005079 0.004176 0.058553 0.080037 0.130026 0.016309 0.002333
0.500319 0.283133 0.514373 0.267802 0.484989 0.267802 0.533536 0.279301 0.461992 0.276745 0.571863 0.372563 0.417278 0.377673 0.605080 0.497764 0.398114 0.510540 0.607635 0.610190 0.433886 0.617855 0.557810 0.624243 0.453049 0.625521 0.548867 0.795437 0.446662 0.792882 0.525871 0.967908 0.437719 0.956410 0.025580 0.005247 0.001140 0.057770 0.075315 0.148012 0.013831 0.004470
0.500319 0.281455 0.514336 0.267438 0.485027 0.266164 0.533451 0.277632 0.462089 0.275084 0.572954 0.373206 0.416214 0.377029 0.607361 0.496814 0.398374 0.505734 0.608635 0.607679 0.450620 0.565627 0.557663 0.624245 0.453169 0.625520 0.548742 0.796278 0.448072 0.792455 0.524531 0.968310 0.441700 0.955567 0.028017 0.002712 0.002877 0.056710 0.082756 0.272173 0.013795 0.006774
0.499366 0.283221 0.513311 0.268008 0.484154 0.268008 0.533594 0.278150 0.461335 0.276882 0.571626 0.373229 0.416965 0.377032 0.607122 0.496197 0.397949 0.505071 0.609657 0.606488 0.451193 0.560850 0.557681 0.624236 0.453728 0.625504 0.548807 0.797913 0.448658 0.792842 0.525988 0.967786 0.443587 0.953841 0.026254 0.000376 0.001412 0.056400 0.082136 0.289529 0.014532 0.006607
0.500000 0.284314 0.513875 0.269178 0.484864 0.269178 0.532794 0.279268 0.462160 0.276746 0.571895 0.373868 0.416753 0.376390 0.607213 0.496216 0.394049 0.501261 0.609735 0.607213 0.464683 0.484864 0.558021 0.624871 0.453331 0.624871 0.550453 0.798934 0.448286 0.793888 0.530272 0.967951 0.445763 0.952815 0.023997 0.004447 0.003746 0.056023 0.082219 0.629856 0.014459 0.004332
0.499686 0.283592 0.513486 0.268538 0.484632 0.268538 0.532304 0.278574 0.462050 0.276065 0.571195 0.373919 0.415632 0.376428 0.608831 0.495609 0.391796 0.499373 0.610086 0.607263 0.462050 0.485573 0.558650 0.624826 0.454523 0.624826 0.553631 0.800461 0.453269 0.795443 0.536068 0.969824 0.452014 0.953515 0.023800 0.000152 0.006810 0.051776 0.091900 0.622696 0.016780 0.006752
0.500615 0.284694 0.514149 0.269930 0.485851 0.269930 0.532603 0.279773 0.463706 0.278543 0.570743 0.374507 0.418184 0.375738 0.608883 0.496309 0.391117 0.496309 0.607653 0.607038 0.460015 0.485236 0.557210 0.624262 0.453863 0.625493 0.552289 0.801428 0.453863 0.795276 0.535064 0.968751 0.456324 0.950297 0.023812 0.005051 0.008391 0.045167 0.100131 0.621015 0.014103 0.008839
0.503656 0.284881 0.515844 0.270256 0.487812 0.270256 0.535345 0.280006 0.465874 0.278787 0.571909 0.375073 0.419559 0.375073 0.609692 0.496953 0.391527 0.495734 0.610911 0.606645 0.462217 0.487203 0.556065 0.624927 0.452467 0.624927 0.551190 0.801654 0.452467 0.794341 0.534126 0.969848 0.454904 0.947910 0.023404 0.005051 0.011380 0.041684 0.092149 0.610894 0.010865 0.008779
0.503336 0.284088 0.516679 0.270745 0.488780 0.269532 0.536086 0.280449 0.466946 0.279236 0.572476 0.375062 0.419639 0.375062 0.608866 0.497574 0.391741 0.497574 0.612505 0.606743 0.462094 0.486657 0.555494 0.624938 0.452390 0.624938 0.551855 0.800821 0.451177 0.792330 0.533660 0.968214 0.452390 0.942741 0.027879 0.004874 0.015015 0.043790 0.081299 0.620273 0.010040 0.004277
0.503010 0.286567 0.517460 0.272118 0.488561 0.270913 0.536726 0.281751 0.466886 0.279342 0.571646 0.375673 0.419925 0.374469 0.608974 0.496087 0.391026 0.496087 0.613791 0.605663 0.462070 0.487658 0.555992 0.624929 0.452437 0.624929 0.553584 0.799528 0.451233 0.793508 0.533114 0.969311 0.452437 0.946433 0.033803 0.004779 0.015574 0.043363 0.081703 0.611851 0.010734 0.002117
0.503895 0.286974 0.517078 0.273791 0.488315 0.272592 0.536253 0.284577 0.466743 0.280982 0.572207 0.375660 0.420003 0.374461 0.608161 0.497903 0.390041 0.495506 0.614153 0.606962 0.461949 0.491910 0.555429 0.624939 0.452361 0.624939 0.554230 0.798716 0.452361 0.792724 0.531460 0.967698 0.453560 0.947325 0.040441 0.002468 0.019197 0.040895 0.073581 0.593139 0.009920 0.002194
0.501198 0.286470 0.515573 0.272095 0.485625 0.270897 0.534740 0.281678 0.464062 0.280480 0.570678 0.375116 0.418541 0.375116 0.605417 0.498503 0.387395 0.494909 0.611407 0.608712 0.459271 0.488919 0.557500 0.624285 0.453281 0.625483 0.557500 0.801578 0.454479 0.796786 0.531146 0.971683 0.458073 0.956110 0.048927 0.004953 0.016818 0.041661 0.070077 0.607433 0.013731 0.002226
0.500598 0.285486 0.514938 0.271145 0.486257 0.271145 0.535254 0.280706 0.463551 0.279511 0.571106 0.375116 0.418138 0.375116 0.606958 0.498207 0.388261 0.498207 0.611739 0.609348 0.461160 0.486257 0.557961 0.624884 0.452795 0.624884 0.556766 0.801754 0.451600 0.795779 0.528084 0.970258 0.452795 0.954722 0.051515 0.004618 0.014587 0.046113 0.076533 0.627516 0.013699 0.000000
0.501501 0.284435 0.514711 0.270024 0.485889 0.270024 0.535127 0.280832 0.464273 0.279631 0.572356 0.374504 0.417437 0.375705 0.608383 0.499400 0.388615 0.498199 0.610785 0.612286 0.463072 0.486189 0.557944 0.624295 0.452263 0.625496 0.556744 0.803232 0.453464 0.794826 0.531524 0.971361 0.452263 0.937736 0.045257 0.004931 0.016208 0.041838 0.082622 0.624460 0.013000 0.004392
0.504484 0.282970 0.517637 0.268621 0.488939 0.268621 0.536770 0.279383 0.466220 0.278187 0.573838 0.375043 0.419585 0.375043 0.609711 0.499402 0.393279 0.499402 0.612102 0.615391 0.453066 0.544841 0.555902 0.624957 0.450675 0.624957 0.557097 0.803125 0.447088 0.792363 0.531987 0.970531 0.449479 0.935854 0.049530 0.012124 0.024942 0.046216 0.082831 0.359496 0.008375 0.008956
0.502665 0.282657 0.516878 0.267259 0.487267 0.268444 0.535829 0.277919 0.465948 0.277919 0.573731 0.375042 0.419755 0.375042 0.608079 0.499408 0.393697 0.502961 0.610448 0.614298 0.431599 0.606007 0.555964 0.624958 0.450550 0.624958 0.558333 0.806176 0.450550 0.799069 0.532276 0.970812 0.449366 0.945939 0.054126 0.002569 0.026751 0.039026 0.079214 0.176156 0.008295 0.004161
