0.520652 0.310904 0.527536 0.291113 0.498279 0.298857 0.537862 0.287671 0.460417 0.304881 0.579166 0.370279 0.417392 0.379745 0.623913 0.509681 0.377808 0.506239 0.597237 0.495913 0.451812 0.482145 0.555072 0.622407 0.448370 0.627570 0.544746 0.817741 0.463859 0.837533 0.557654 1.000000 0.505163 1.000000 0.038286 0.040430 0.013515 0.016144 0.750531 0.696725 0.004382 0.040251
0.522627 0.312092 0.529522 0.292266 0.500215 0.299162 0.539004 0.292266 0.459703 0.305196 0.578654 0.368981 0.417467 0.381049 0.622615 0.512067 0.377816 0.509482 0.596756 0.496552 0.453669 0.484485 0.555381 0.621537 0.448498 0.628433 0.543314 0.821513 0.463151 0.838752 0.557105 1.000000 0.504525 1.000000 0.039368 0.040185 0.010064 0.017578 0.766901 0.696645 0.004939 0.041327
0.522627 0.312092 0.529522 0.292266 0.500215 0.299162 0.539004 0.292266 0.459703 0.305196 0.578654 0.368981 0.417467 0.381049 0.622615 0.512067 0.377816 0.509482 0.596756 0.496552 0.453669 0.484485 0.555381 0.621537 0.448498 0.628433 0.543314 0.821513 0.463151 0.838752 0.557105 1.000000 0.504525 1.000000 0.039368 0.040185 0.010064 0.017578 0.766901 0.696645 0.004939 0.041327
0.523289 0.312620 0.530126 0.292964 0.501068 0.299801 0.540382 0.292109 0.462610 0.305783 0.579695 0.369881 0.417314 0.380137 0.626700 0.509187 0.377146 0.506623 0.589951 0.495513 0.449790 0.483548 0.554911 0.622000 0.448081 0.627982 0.542946 0.818567 0.463464 0.835660 0.552347 1.000000 0.501923 1.000000 0.033020 0.034751 0.011840 0.015778 0.716975 0.695780 0.003808 0.042887
0.524743 0.309305 0.531569 0.288827 0.501706 0.296506 0.540955 0.287121 0.461605 0.302479 0.580203 0.370737 0.418091 0.379269 0.625424 0.507252 0.376283 0.504693 0.595561 0.496161 0.449660 0.481656 0.553753 0.622437 0.447953 0.627557 0.542661 0.818679 0.461605 0.832330 0.545221 1.000000 0.498294 1.000000 0.021807 0.036417 0.015354 0.016913 0.715022 0.699249 0.002174 0.039162
0.525943 0.309822 0.532804 0.290097 0.502787 0.296100 0.542238 0.288382 0.464194 0.302104 0.582546 0.371571 0.418740 0.378432 0.626285 0.513936 0.375002 0.506218 0.598841 0.497642 0.446184 0.483920 0.552529 0.622854 0.446184 0.627142 0.542238 0.820965 0.461621 0.831256 0.537950 1.000000 0.495069 1.000000 0.010078 0.029438 0.021323 0.010954 0.765434 0.701603 0.001635 0.040549
0.521895 0.308680 0.530399 0.289123 0.500638 0.295075 0.542303 0.288273 0.464074 0.299327 0.582267 0.372454 0.419858 0.377555 0.626484 0.511904 0.373942 0.505102 0.596723 0.496599 0.448769 0.483844 0.551656 0.623295 0.446218 0.626696 0.537201 0.823968 0.459823 0.829070 0.526997 1.000000 0.490434 1.000000 0.007500 0.030728 0.015764 0.012186 0.748936 0.698101 0.002706 0.044257
0.525082 0.308956 0.533443 0.290562 0.504180 0.295579 0.544312 0.288890 0.467393 0.298923 0.582772 0.372498 0.419736 0.377515 0.625412 0.503762 0.376260 0.504598 0.594477 0.495402 0.449835 0.482024 0.551837 0.623322 0.445655 0.626666 0.530935 0.817292 0.458196 0.824816 0.518394 1.000000 0.490803 0.997885 0.015244 0.039157 0.004892 0.012874 0.683999 0.699684 0.003193 0.054288
0.523641 0.310465 0.532686 0.291552 0.503084 0.295664 0.545842 0.289086 0.468548 0.298953 0.582845 0.372958 0.420856 0.377069 0.622314 0.511101 0.377275 0.502878 0.594356 0.494655 0.451280 0.482321 0.550776 0.622931 0.445524 0.627042 0.526930 0.809588 0.460325 0.823567 0.508839 1.000000 0.494861 0.988022 0.013052 0.041960 0.000150 0.007383 0.757839 0.692391 0.004711 0.064374
0.524174 0.307837 0.533188 0.288990 0.503688 0.293907 0.546299 0.288990 0.470090 0.298823 0.582355 0.374213 0.423381 0.375852 0.619231 0.510243 0.376672 0.499590 0.593828 0.496312 0.447965 0.482382 0.548758 0.623328 0.445506 0.626606 0.525813 0.810164 0.462715 0.821637 0.505326 1.000000 0.494674 0.987986 0.007788 0.032403 0.003777 0.000000 0.743929 0.690284 0.007304 0.066910
0.523266 0.308310 0.532326 0.289367 0.503500 0.295132 0.544680 0.287720 0.468910 0.298427 0.582565 0.373373 0.421965 0.376668 0.622921 0.511736 0.376668 0.502677 0.597389 0.501853 0.441731 0.485381 0.549621 0.623744 0.445849 0.626215 0.528208 0.815640 0.462321 0.824700 0.505147 1.000000 0.491970 1.000000 0.000116 0.026940 0.006272 0.004016 0.707897 0.692548 0.005768 0.061729
0.524516 0.308296 0.533357 0.290612 0.505225 0.294631 0.545414 0.289808 0.470662 0.298650 0.580781 0.372599 0.422434 0.377422 0.619363 0.504421 0.377422 0.497187 0.594446 0.497187 0.441725 0.481111 0.549433 0.623382 0.447352 0.626597 0.531750 0.815488 0.462624 0.823526 0.504421 1.000000 0.485934 0.990715 0.012975 0.019459 0.010365 0.007089 0.680573 0.692413 0.004094 0.053854
0.523531 0.304855 0.532457 0.286192 0.503246 0.291061 0.545439 0.286192 0.469166 0.296741 0.584387 0.373825 0.422104 0.376259 0.624958 0.506086 0.375042 0.497160 0.590067 0.495537 0.438332 0.478498 0.549496 0.623741 0.444012 0.626175 0.534891 0.820915 0.454561 0.826594 0.504057 1.000000 0.483772 0.998614 0.023013 0.036804 0.020619 0.011095 0.688193 0.709435 0.008266 0.040273
0.523515 0.306499 0.532283 0.288165 0.502790 0.292151 0.545037 0.288165 0.468514 0.297731 0.583299 0.373457 0.423875 0.376646 0.623952 0.505779 0.376845 0.495417 0.588082 0.495417 0.443006 0.477083 0.549023 0.623753 0.443803 0.626144 0.536269 0.819844 0.452571 0.826221 0.503587 1.000000 0.475688 0.978471 0.029876 0.034022 0.022647 0.011430 0.684399 0.706060 0.009135 0.034615
0.522608 0.306447 0.531333 0.287409 0.501983 0.292961 0.544025 0.286615 0.468667 0.298514 0.583688 0.373873 0.424245 0.376253 0.624144 0.507932 0.379029 0.497620 0.588448 0.495240 0.445662 0.477789 0.548785 0.624540 0.443283 0.625334 0.535300 0.820473 0.449629 0.818094 0.502776 1.000000 0.468667 0.973571 0.028677 0.028308 0.022165 0.013807 0.702031 0.705594 0.010102 0.032349
0.521849 0.306735 0.530589 0.288461 0.501192 0.294023 0.543301 0.286078 0.468617 0.299585 0.583821 0.373474 0.424124 0.376652 0.628314 0.505363 0.378837 0.497418 0.587793 0.496623 0.439220 0.480733 0.548068 0.625334 0.443987 0.624540 0.532972 0.823167 0.447165 0.811250 0.500397 1.000000 0.459877 0.970152 0.026308 0.019993 0.020644 0.020034 0.671185 0.700013 0.010118 0.029659
0.519327 0.307723 0.528891 0.288595 0.498605 0.294971 0.543237 0.284610 0.466725 0.299753 0.584681 0.373078 0.423687 0.377063 0.631704 0.506177 0.378258 0.499004 0.587869 0.499004 0.441221 0.483064 0.548019 0.625727 0.443612 0.624133 0.531282 0.824977 0.444409 0.809834 0.499402 1.000000 0.452379 0.978799 0.022662 0.013638 0.019194 0.024249 0.659729 0.692442 0.010657 0.028042
0.519737 0.308350 0.529211 0.289402 0.499211 0.294929 0.543422 0.287034 0.466841 0.300455 0.583687 0.375457 0.424208 0.374668 0.630267 0.504145 0.378418 0.493881 0.585266 0.498618 0.441577 0.481249 0.547370 0.625727 0.444735 0.624148 0.526053 0.822312 0.447893 0.812838 0.497632 1.000000 0.451051 0.986527 0.010610 0.000475 0.011489 0.020804 0.649443 0.679567 0.010054 0.039708
0.518352 0.310231 0.528504 0.291489 0.498048 0.296174 0.543342 0.287584 0.466810 0.300860 0.581608 0.375830 0.425420 0.374268 0.626903 0.505467 0.378564 0.492972 0.584732 0.497657 0.440258 0.483600 0.546466 0.625732 0.446506 0.624170 0.520695 0.820967 0.451972 0.817062 0.491800 1.000000 0.454315 1.000000 0.004090 0.005073 0.002696 0.017775 0.665282 0.667656 0.008950 0.050794
0.516306 0.309833 0.527307 0.290974 0.495874 0.296474 0.544595 0.286259 0.466799 0.299618 0.583100 0.375842 0.424366 0.374270 0.627105 0.507858 0.376431 0.495285 0.586243 0.497643 0.436939 0.485855 0.545381 0.625730 0.447154 0.624158 0.513948 0.822969 0.465228 0.815111 0.481730 1.000000 0.468371 1.000000 0.001082 0.025179 0.002615 0.001085 0.680395 0.669259 0.009507 0.080342
0.513052 0.310150 0.524918 0.291165 0.492485 0.295912 0.543112 0.284837 0.464008 0.297494 0.582664 0.375016 0.421292 0.375016 0.624589 0.511075 0.373038 0.497627 0.580291 0.499209 0.433157 0.487343 0.547858 0.625775 0.448187 0.624193 0.514634 0.825909 0.466381 0.817998 0.485366 1.000000 0.475873 1.000000 0.005409 0.015604 0.008463 0.004431 0.678451 0.673271 0.005036 0.082159
0.512419 0.310360 0.525036 0.291435 0.492706 0.295378 0.544749 0.284338 0.465108 0.293012 0.582598 0.375807 0.421739 0.374230 0.622813 0.515376 0.372062 0.498817 0.581021 0.501183 0.433567 0.486989 0.547903 0.625770 0.447760 0.624193 0.518727 0.827632 0.465896 0.822112 0.484032 1.000000 0.489552 1.000000 0.017423 0.008046 0.001787 0.003931 0.693512 0.681247 0.005522 0.074776
0.515326 0.306933 0.528064 0.288621 0.495422 0.291806 0.546376 0.283048 0.466761 0.288621 0.582999 0.375402 0.418991 0.374606 0.624399 0.511544 0.369630 0.500398 0.582999 0.503583 0.432526 0.485271 0.549561 0.625394 0.448449 0.624598 0.520899 0.836375 0.469149 0.828413 0.477111 1.000000 0.506568 1.000000 0.033334 0.026023 0.000670 0.005118 0.654443 0.694158 0.002534 0.075197
0.514291 0.310594 0.528783 0.292881 0.494968 0.293686 0.548911 0.288050 0.465983 0.288855 0.585142 0.375004 0.416871 0.375004 0.627009 0.511876 0.366148 0.502214 0.584337 0.505435 0.432168 0.488527 0.552132 0.625399 0.445855 0.624593 0.528783 0.854860 0.470009 0.837952 0.468399 1.000000 0.514291 1.000000 0.078863 0.031995 0.009445 0.000915 0.642175 0.685841 0.002564 0.068161
0.517853 0.312348 0.531341 0.294892 0.499603 0.296479 0.551178 0.289338 0.471039 0.290925 0.585296 0.375031 0.420258 0.375031 0.624969 0.516266 0.370270 0.501190 0.586883 0.502777 0.434540 0.486908 0.548004 0.624969 0.446442 0.624969 0.501190 0.833648 0.470245 0.827300 0.474213 1.000000 0.517853 1.000000 0.027048 0.036004 0.023099 0.004051 0.695514 0.689687 0.007072 0.107522
0.514917 0.309562 0.528091 0.291739 0.497094 0.293289 0.547464 0.287089 0.470747 0.289414 0.585435 0.376206 0.421151 0.373881 0.621082 0.514142 0.373106 0.496319 0.583111 0.498644 0.435875 0.483145 0.549014 0.625732 0.444399 0.624182 0.514917 0.835736 0.469197 0.820238 0.468422 1.000000 0.515692 1.000000 0.030332 0.034640 0.005097 0.010568 0.703851 0.684879 0.008388 0.091282
0.514917 0.309562 0.528091 0.291739 0.497094 0.293289 0.547464 0.287089 0.470747 0.289414 0.585435 0.376206 0.421151 0.373881 0.621082 0.514142 0.373106 0.496319 0.583111 0.498644 0.435875 0.483145 0.549014 0.625732 0.444399 0.624182 0.514917 0.835736 0.469197 0.820238 0.468422 1.000000 0.515692 1.000000 0.030332 0.034640 0.005097 0.010568 0.703851 0.684879 0.008388 0.091282
0.516741 0.305732 0.530756 0.288602 0.500389 0.289380 0.549443 0.288602 0.472359 0.287823 0.585260 0.375808 0.420190 0.374251 0.623413 0.508176 0.375808 0.499611 0.586039 0.501947 0.436542 0.483259 0.549443 0.625749 0.445107 0.624192 0.514405 0.835979 0.467687 0.821185 0.466908 1.000000 0.515183 1.000000 0.030994 0.037299 0.007262 0.004700 0.641895 0.692024 0.006941 0.088896
0.509806 0.300413 0.523650 0.283493 0.492886 0.284262 0.545186 0.281185 0.469043 0.282723 0.584411 0.377325 0.419819 0.372711 0.620560 0.501154 0.375979 0.498077 0.579027 0.498077 0.437509 0.478849 0.549801 0.625751 0.445969 0.624213 0.529803 0.838029 0.463659 0.823415 0.458275 0.994929 0.509806 1.000000 0.106255 0.046210 0.014165 0.004784 0.613946 0.703491 0.005387 0.058090
0.513241 0.299472 0.527057 0.282586 0.496354 0.283353 0.548549 0.281051 0.471024 0.281818 0.586927 0.376997 0.421900 0.373159 0.626073 0.505181 0.375846 0.497505 0.583857 0.495203 0.435716 0.479084 0.547781 0.625690 0.443392 0.624155 0.515543 0.831398 0.459511 0.825258 0.465651 1.000000 0.508635 1.000000 0.040416 0.055874 0.000189 0.001730 0.668226 0.707921 0.011242 0.074941
0.512279 0.299445 0.526312 0.283073 0.495127 0.283073 0.548141 0.281513 0.470180 0.282293 0.587901 0.377406 0.420285 0.372728 0.628441 0.512279 0.370389 0.502924 0.585563 0.496687 0.449910 0.477196 0.549700 0.625323 0.442114 0.624543 0.523973 0.832700 0.453028 0.829581 0.466282 1.000000 0.499805 1.000000 0.058994 0.056909 0.009376 0.010596 0.703960 0.716091 0.010424 0.056217
0.511597 0.300183 0.525286 0.283452 0.494867 0.284973 0.546580 0.284212 0.471292 0.286494 0.587646 0.376231 0.421860 0.373950 0.627191 0.509316 0.372429 0.498669 0.586125 0.491064 0.447717 0.470531 0.548861 0.624910 0.441633 0.624910 0.530609 0.825678 0.446956 0.824157 0.477376 0.987661 0.492585 1.000000 0.072212 0.070106 0.020390 0.016525 0.725064 0.733961 0.012106 0.037360
0.514326 0.304945 0.527550 0.288782 0.497429 0.290251 0.547386 0.286578 0.473184 0.290251 0.584855 0.376208 0.425431 0.374004 0.622323 0.510653 0.376943 0.495225 0.584120 0.490082 0.454818 0.466572 0.547386 0.625261 0.442328 0.624527 0.532693 0.818480 0.445267 0.816276 0.491551 0.968353 0.490817 0.999209 0.061119 0.072800 0.023371 0.016559 0.743741 0.733340 0.013100 0.029037
0.515703 0.307455 0.529910 0.290256 0.498504 0.291752 0.550847 0.285022 0.473829 0.288761 0.586739 0.376247 0.424477 0.374004 0.621135 0.512338 0.373630 0.495887 0.587487 0.495140 0.458126 0.468968 0.547108 0.624500 0.441676 0.625248 0.532153 0.818915 0.443171 0.823402 0.511964 0.986411 0.482802 1.000000 0.013746 0.063329 0.025952 0.019353 0.729202 0.723977 0.014286 0.026839
0.516980 0.306505 0.532653 0.290085 0.500560 0.289339 0.552805 0.287100 0.476676 0.287846 0.587138 0.377410 0.425923 0.372932 0.621471 0.516233 0.372932 0.493843 0.589377 0.493843 0.449061 0.463988 0.546088 0.625202 0.440851 0.624456 0.534146 0.822989 0.443836 0.828960 0.527429 0.990174 0.478915 1.000000 0.006412 0.053371 0.033062 0.014222 0.771076 0.750441 0.016638 0.023842
0.517840 0.307514 0.534366 0.290988 0.502066 0.288735 0.555398 0.290237 0.476526 0.286481 0.586196 0.376621 0.424696 0.373616 0.619248 0.514084 0.372865 0.493803 0.594459 0.491549 0.453991 0.463756 0.547887 0.624506 0.441221 0.625257 0.536619 0.823565 0.444226 0.831828 0.533615 1.000000 0.474273 1.000000 0.012672 0.044518 0.030809 0.016244 0.809962 0.742507 0.013872 0.022628
0.521454 0.305987 0.536250 0.290451 0.505179 0.288231 0.556225 0.292670 0.480025 0.289711 0.584338 0.377748 0.428239 0.372569 0.617629 0.514611 0.374973 0.490937 0.590256 0.489458 0.451913 0.461345 0.545868 0.624842 0.441556 0.624842 0.536990 0.820889 0.440816 0.828287 0.540689 1.000000 0.471887 1.000000 0.020795 0.052330 0.034758 0.017944 0.812510 0.751474 0.016020 0.013247
0.523746 0.304800 0.538703 0.288346 0.507292 0.287599 0.557401 0.292086 0.478872 0.289094 0.585073 0.377346 0.425024 0.372858 0.621719 0.513462 0.371176 0.494765 0.586569 0.491773 0.445965 0.464101 0.548426 0.624898 0.441477 0.624898 0.543191 0.829821 0.437738 0.832064 0.546182 1.000000 0.466158 1.000000 0.012778 0.051421 0.038652 0.026496 0.759689 0.756253 0.012859 0.002390
0.526723 0.305703 0.541569 0.290857 0.511135 0.288630 0.558642 0.296053 0.481443 0.288630 0.584622 0.376964 0.425770 0.373252 0.622479 0.509835 0.371582 0.493505 0.582395 0.494989 0.445812 0.470494 0.548992 0.624892 0.440616 0.624892 0.548992 0.830509 0.433935 0.829767 0.550476 1.000000 0.464370 1.000000 0.002218 0.059973 0.045434 0.029134 0.701257 0.730448 0.013236 0.010376
0.532059 0.308909 0.546467 0.294501 0.516209 0.292339 0.561596 0.300264 0.484511 0.293060 0.583208 0.378069 0.430480 0.372306 0.614186 0.512787 0.376448 0.489014 0.573843 0.488293 0.451372 0.470283 0.545747 0.625173 0.440565 0.624452 0.549349 0.820406 0.431920 0.817524 0.551510 1.000000 0.461458 1.000000 0.002484 0.064988 0.053764 0.026969 0.745631 0.715992 0.017437 0.020115
0.532753 0.306333 0.548417 0.292093 0.517800 0.289245 0.565505 0.299925 0.489320 0.290669 0.584017 0.378958 0.435919 0.371838 0.616058 0.505696 0.378958 0.485760 0.570489 0.480064 0.448735 0.471520 0.540585 0.625314 0.439479 0.623890 0.546281 0.813285 0.430935 0.814709 0.551977 1.000000 0.460839 0.993424 0.000210 0.067017 0.065190 0.018739 0.741919 0.711665 0.025411 0.023886
0.532804 0.303894 0.547861 0.288837 0.517029 0.286685 0.563636 0.293856 0.485480 0.284534 0.582995 0.379182 0.432421 0.371294 0.616696 0.513265 0.375776 0.483150 0.547861 0.469526 0.436006 0.470961 0.544276 0.625838 0.440308 0.623687 0.541408 0.817283 0.428118 0.811547 0.545710 1.000000 0.452497 0.992237 0.011637 0.063314 0.044795 0.030569 0.758560 0.712773 0.019641 0.015856
0.530404 0.300439 0.546619 0.284961 0.514926 0.282012 0.564309 0.290857 0.486180 0.282749 0.586421 0.380042 0.429426 0.370460 0.621063 0.517137 0.369723 0.487654 0.583473 0.486917 0.436059 0.473650 0.545145 0.626223 0.439008 0.623275 0.536301 0.825231 0.427215 0.815649 0.545145 1.000000 0.446378 0.996968 0.027723 0.053007 0.038740 0.031547 0.794320 0.716203 0.020190 0.005351
0.527087 0.298757 0.541672 0.284172 0.513196 0.281393 0.559036 0.291812 0.482636 0.283477 0.581261 0.379324 0.431240 0.370989 0.613905 0.503646 0.370816 0.475865 0.566676 0.476559 0.440964 0.468225 0.545840 0.626580 0.441659 0.623107 0.540283 0.815495 0.432630 0.802993 0.537505 1.000000 0.445131 0.968988 0.004661 0.039891 0.035933 0.029109 0.747487 0.700913 0.015924 0.006604
0.523787 0.298406 0.538163 0.284031 0.510097 0.281293 0.555960 0.292930 0.482031 0.284715 0.579919 0.379180 0.428638 0.370966 0.606616 0.501027 0.367715 0.476384 0.572389 0.483914 0.452596 0.464062 0.548431 0.626296 0.443013 0.623558 0.541585 0.814542 0.436852 0.802220 0.530633 1.000000 0.439590 0.969245 0.006929 0.016190 0.028773 0.029068 0.716241 0.712689 0.010897 0.000594
0.525027 0.303196 0.538678 0.289545 0.510726 0.287595 0.553629 0.299946 0.480823 0.290195 0.576381 0.377302 0.428819 0.372752 0.599133 0.493662 0.373564 0.473510 0.549079 0.459209 0.444420 0.457259 0.548429 0.626273 0.446371 0.623673 0.537378 0.805688 0.445720 0.789437 0.525027 0.979903 0.440520 0.929198 0.002945 0.010591 0.016007 0.023477 0.753353 0.731431 0.006622 0.018333
0.519505 0.300238 0.533158 0.286585 0.504551 0.284635 0.549412 0.296337 0.473994 0.289836 0.575419 0.376957 0.427182 0.373056 0.604026 0.497237 0.366717 0.476432 0.561115 0.460828 0.433684 0.457577 0.551363 0.625968 0.446037 0.624018 0.532508 0.809314 0.444736 0.795010 0.515604 0.981606 0.431733 0.916590 0.001491 0.031494 0.001965 0.026290 0.798292 0.755824 0.003312 0.030199
0.520318 0.300557 0.533322 0.286903 0.507315 0.284953 0.548276 0.296006 0.479357 0.289504 0.576234 0.377278 0.425392 0.372727 0.602241 0.493011 0.364925 0.478056 0.544375 0.474155 0.430593 0.457901 0.551527 0.625648 0.446848 0.624347 0.530071 0.810949 0.447498 0.798596 0.507965 0.984548 0.429293 0.913678 0.003625 0.051128 0.005134 0.025889 0.670627 0.760677 0.002068 0.037881
0.524032 0.290836 0.537955 0.276913 0.509447 0.274925 0.553866 0.288847 0.478951 0.282217 0.583036 0.380998 0.422599 0.369065 0.603588 0.496354 0.362270 0.470498 0.531325 0.463869 0.429892 0.447958 0.551877 0.626957 0.442488 0.622979 0.529999 0.811260 0.439173 0.796675 0.504144 0.988934 0.427903 0.924627 0.008389 0.021892 0.002502 0.030956 0.690599 0.773211 0.007176 0.031535
0.518445 0.297596 0.532279 0.283762 0.505270 0.281126 0.550066 0.292325 0.477602 0.285738 0.576416 0.378623 0.423584 0.371377 0.604743 0.504447 0.357049 0.480072 0.570487 0.480731 0.430830 0.455698 0.551383 0.625659 0.448617 0.624341 0.528327 0.811430 0.451910 0.798254 0.496047 0.990613 0.432148 0.925395 0.017429 0.055113 0.007160 0.025369 0.763237 0.776406 0.000002 0.045333
