0.590412 0.323481 0.593856 0.309704 0.583523 0.306260 0.542192 0.306260 0.549081 0.299372 0.480195 0.375145 0.507750 0.375145 0.476751 0.512916 0.524971 0.512916 0.593856 0.502583 0.617966 0.488806 0.514638 0.623132 0.497417 0.626577 0.569746 0.791901 0.483640 0.816011 0.538748 0.977892 0.459530 1.000000 0.153032 0.016474 0.056535 0.010035 0.535970 0.541164 0.015355 0.123573
0.590243 0.317779 0.593714 0.303895 0.583301 0.300424 0.541651 0.303895 0.548592 0.293482 0.482646 0.373313 0.510413 0.376784 0.486116 0.512148 0.531238 0.508677 0.600656 0.494794 0.621481 0.484381 0.510413 0.623216 0.496529 0.626687 0.572889 0.796761 0.475704 0.817586 0.572889 0.987659 0.451408 1.000000 0.109994 0.005708 0.074771 0.016922 0.539909 0.533866 0.008839 0.144582
0.587621 0.317818 0.591091 0.303938 0.584151 0.300467 0.539039 0.300467 0.545979 0.293527 0.480047 0.373340 0.511278 0.376810 0.486987 0.508675 0.532099 0.508675 0.598031 0.494795 0.625792 0.484384 0.507808 0.623190 0.500868 0.626660 0.570270 0.800166 0.469636 0.814047 0.598031 0.984083 0.438405 1.000000 0.060313 0.001847 0.072777 0.039313 0.523274 0.530899 0.011048 0.160569
0.583833 0.315224 0.587255 0.301537 0.576990 0.301537 0.546194 0.304959 0.542772 0.294694 0.481180 0.373395 0.508554 0.376816 0.491446 0.506844 0.532507 0.510265 0.594099 0.496578 0.624895 0.482891 0.508554 0.623184 0.501711 0.626605 0.563303 0.801116 0.467493 0.811381 0.611207 0.975626 0.429854 0.996157 0.009737 0.005679 0.060271 0.049567 0.507288 0.535160 0.013074 0.153301
0.580681 0.310878 0.584151 0.296997 0.573740 0.296997 0.545979 0.300467 0.535569 0.290057 0.483517 0.373340 0.507808 0.376810 0.493927 0.508675 0.532099 0.508675 0.601501 0.484384 0.625792 0.480914 0.507808 0.623190 0.500868 0.626660 0.563330 0.807107 0.459226 0.814047 0.615382 0.980613 0.414114 1.000000 0.000555 0.005596 0.062474 0.060765 0.546254 0.533705 0.011048 0.162929
0.582943 0.310542 0.586435 0.296572 0.575958 0.293080 0.541035 0.300065 0.537542 0.289588 0.481665 0.376896 0.506112 0.373403 0.499127 0.509604 0.534050 0.502619 0.610881 0.488650 0.628343 0.478173 0.513096 0.624851 0.499127 0.624851 0.568973 0.806451 0.457219 0.813436 0.607389 0.991544 0.401342 1.000000 0.029876 0.020508 0.054880 0.060765 0.517354 0.512967 0.015569 0.164620
0.580224 0.309033 0.583712 0.295081 0.573248 0.291593 0.538368 0.298569 0.531392 0.288105 0.479072 0.375305 0.503488 0.375305 0.496512 0.507848 0.531392 0.500872 0.608128 0.483432 0.625567 0.476456 0.517440 0.622952 0.500000 0.626439 0.566272 0.807815 0.451168 0.811303 0.601152 0.992678 0.384896 0.999654 0.022844 0.025487 0.033278 0.077783 0.526907 0.511142 0.022223 0.164408
0.574473 0.312950 0.574473 0.299095 0.564082 0.295631 0.536371 0.302559 0.525979 0.292167 0.484413 0.375300 0.498268 0.375300 0.498268 0.503464 0.522515 0.503464 0.602184 0.479217 0.616040 0.479217 0.519051 0.624700 0.498268 0.624700 0.560618 0.808285 0.446310 0.811749 0.584865 0.991871 0.370104 0.995335 0.029076 0.038994 0.026946 0.086245 0.538688 0.521230 0.022069 0.157120
0.571839 0.313045 0.571839 0.299196 0.561453 0.295734 0.540680 0.299196 0.519907 0.288810 0.492210 0.375363 0.488748 0.375363 0.506059 0.503462 0.516445 0.500000 0.602999 0.486151 0.609923 0.479227 0.523369 0.624637 0.495672 0.624637 0.554529 0.808130 0.450665 0.808130 0.568377 0.995085 0.364111 0.991623 0.030006 0.063731 0.013958 0.085404 0.521969 0.500000 0.024268 0.130106
0.566189 0.311748 0.566189 0.297994 0.555874 0.294556 0.538682 0.301433 0.514613 0.291117 0.497421 0.377077 0.483668 0.373639 0.507736 0.504298 0.507736 0.497421 0.600573 0.483668 0.604011 0.480229 0.524928 0.624642 0.493983 0.624642 0.545559 0.810315 0.452722 0.806877 0.552436 0.995989 0.356447 0.985673 0.023439 0.086351 0.000001 0.083949 0.543852 0.495117 0.024101 0.106098
0.568016 0.307289 0.571504 0.293337 0.557552 0.293337 0.540112 0.296825 0.515696 0.286361 0.498256 0.377049 0.484304 0.373561 0.505232 0.502616 0.505232 0.499128 0.599408 0.481688 0.602896 0.478200 0.522672 0.624695 0.494768 0.624695 0.543600 0.816535 0.470352 0.809559 0.540112 1.000000 0.355249 0.983958 0.040482 0.143894 0.003308 0.055054 0.551939 0.514625 0.022223 0.076387
0.566677 0.313303 0.570234 0.295523 0.556009 0.295523 0.534672 0.299079 0.513335 0.291966 0.495555 0.377313 0.481330 0.373757 0.502667 0.501778 0.502667 0.505334 0.602239 0.480441 0.602239 0.483997 0.524004 0.622687 0.499111 0.626243 0.534672 0.825386 0.488443 0.821830 0.524004 1.000000 0.356866 0.985412 0.034736 0.198274 0.020003 0.039725 0.549024 0.516021 0.029473 0.034083
0.569526 0.310384 0.573138 0.292325 0.558691 0.292325 0.537020 0.295937 0.515350 0.288714 0.500903 0.375395 0.479233 0.375395 0.511738 0.501806 0.500903 0.505418 0.605643 0.476524 0.602031 0.480135 0.522573 0.624605 0.497291 0.624605 0.533409 0.826862 0.511738 0.823250 0.515350 1.000000 0.367269 0.978555 0.046425 0.261609 0.010573 0.000114 0.556497 0.525411 0.025319 0.006074
0.570387 0.308693 0.570387 0.290645 0.559558 0.290645 0.541510 0.294255 0.516243 0.287036 0.501805 0.377275 0.476538 0.373665 0.509024 0.500000 0.498195 0.503610 0.602873 0.474733 0.599263 0.478343 0.523462 0.622725 0.498195 0.626335 0.527072 0.832080 0.523462 0.828471 0.501805 1.000000 0.379079 0.969244 0.047287 0.293612 0.022526 0.012367 0.565011 0.525411 0.027610 0.034096
0.570542 0.307614 0.574206 0.289291 0.563213 0.289291 0.541226 0.292956 0.519239 0.285627 0.500916 0.377239 0.478929 0.373575 0.508245 0.501832 0.497252 0.505497 0.607187 0.476181 0.599858 0.483510 0.519239 0.622761 0.500916 0.626425 0.511910 0.835302 0.544890 0.824309 0.500916 1.000000 0.398310 0.978218 0.006694 0.311842 0.034682 0.041995 0.562044 0.523264 0.025690 0.080576
0.574349 0.311473 0.577889 0.297312 0.563727 0.293771 0.549566 0.297312 0.521242 0.290231 0.500000 0.375201 0.485838 0.375201 0.514162 0.506196 0.500000 0.502655 0.606212 0.506196 0.606212 0.481413 0.507081 0.623029 0.507081 0.626570 0.510621 0.821292 0.563727 0.810671 0.492919 1.000000 0.439813 0.962908 0.035624 0.312482 0.003407 0.068180 0.465721 0.527610 0.018041 0.089332
0.570390 0.309322 0.573954 0.295066 0.563262 0.291502 0.545442 0.298630 0.516929 0.287938 0.502673 0.377040 0.481289 0.373475 0.509801 0.526731 0.491981 0.501782 0.566826 0.630089 0.602467 0.480398 0.506237 0.622960 0.509801 0.626525 0.506237 0.815420 0.566826 0.804728 0.467032 0.997188 0.470596 0.990060 0.067619 0.251024 0.004613 0.062866 0.145335 0.534391 0.020435 0.098582
0.570895 0.308854 0.574484 0.294495 0.560126 0.290905 0.552947 0.298085 0.517051 0.287316 0.506282 0.377056 0.477565 0.373466 0.517051 0.527819 0.488334 0.506282 0.578074 0.613970 0.599612 0.481155 0.506282 0.624739 0.509871 0.624739 0.491923 0.822167 0.567305 0.807809 0.456027 1.000000 0.495513 1.000000 0.034140 0.204182 0.023109 0.056064 0.173476 0.544938 0.020581 0.119876
0.567791 0.311994 0.575022 0.297532 0.560560 0.293916 0.549713 0.297532 0.513558 0.286685 0.506327 0.377073 0.477403 0.373457 0.517174 0.525309 0.488250 0.507231 0.589484 0.601234 0.596715 0.481922 0.506327 0.622927 0.509943 0.626543 0.484634 0.821780 0.567791 0.810934 0.452095 1.000000 0.531636 1.000000 0.017042 0.150209 0.034588 0.056064 0.218988 0.547214 0.020730 0.131354
0.566375 0.312535 0.569963 0.298183 0.559200 0.294596 0.544848 0.298183 0.512557 0.291008 0.505382 0.377116 0.476679 0.373528 0.516145 0.520630 0.487443 0.506279 0.595078 0.581624 0.591490 0.481164 0.505382 0.624678 0.512557 0.624678 0.473091 0.818422 0.569963 0.811246 0.437213 1.000000 0.566375 1.000000 0.004680 0.100503 0.052568 0.049848 0.266759 0.549639 0.022861 0.147584
0.567133 0.313617 0.570667 0.299484 0.560067 0.295950 0.542400 0.303017 0.517667 0.292417 0.503533 0.377217 0.475267 0.373684 0.521200 0.518550 0.489400 0.504417 0.606000 0.564483 0.591866 0.483217 0.507067 0.624550 0.514133 0.624550 0.468200 0.815349 0.570667 0.804749 0.429333 1.000000 0.595400 1.000000 0.000001 0.058535 0.068513 0.047840 0.302400 0.530662 0.027025 0.160732
0.569029 0.314429 0.572615 0.296500 0.561857 0.296500 0.543927 0.300085 0.518826 0.292914 0.504482 0.375390 0.475795 0.375390 0.522412 0.515240 0.490139 0.504482 0.604888 0.543927 0.597716 0.482967 0.508068 0.622817 0.511654 0.626403 0.461451 0.816457 0.569029 0.812871 0.418421 1.000000 0.615646 1.000000 0.005596 0.022408 0.079812 0.049848 0.352862 0.527610 0.025138 0.170214
0.567685 0.312976 0.571247 0.298727 0.560560 0.295165 0.542748 0.298727 0.517812 0.291602 0.507125 0.377099 0.475064 0.373536 0.521374 0.516031 0.489313 0.508906 0.613995 0.516031 0.603308 0.487532 0.507125 0.622901 0.510687 0.626464 0.457252 0.815268 0.567685 0.811706 0.403816 1.000000 0.624682 1.000000 0.007044 0.004904 0.080747 0.050476 0.467467 0.525615 0.022698 0.175762
0.568539 0.314856 0.572099 0.297054 0.561418 0.297054 0.543616 0.297054 0.518692 0.289933 0.504451 0.375384 0.475967 0.375384 0.518692 0.510681 0.493769 0.510681 0.611264 0.500000 0.607704 0.492879 0.508011 0.624616 0.511571 0.624616 0.458165 0.813320 0.568539 0.809760 0.390516 1.000000 0.614825 1.000000 0.027364 0.022408 0.086751 0.049848 0.503183 0.507693 0.024959 0.177219
0.569884 0.316331 0.573468 0.298412 0.562716 0.298412 0.541214 0.298412 0.519711 0.291244 0.501792 0.373671 0.476705 0.377255 0.523295 0.502688 0.498208 0.517023 0.612889 0.488353 0.605722 0.491936 0.505376 0.620953 0.516127 0.628121 0.458786 0.818062 0.566300 0.814478 0.379943 1.000000 0.605722 1.000000 0.055753 0.020881 0.078494 0.034099 0.497933 0.524377 0.027412 0.157595
0.567046 0.315623 0.570575 0.301508 0.556460 0.297979 0.538816 0.297979 0.517644 0.290922 0.500000 0.375612 0.475299 0.375612 0.514115 0.509704 0.496471 0.516762 0.605862 0.492060 0.602334 0.492060 0.507057 0.622624 0.517644 0.626153 0.454126 0.809648 0.567046 0.809648 0.369436 0.989614 0.591747 1.000000 0.052214 0.044818 0.096884 0.030418 0.527092 0.525574 0.031502 0.171506
0.567520 0.316984 0.571074 0.302769 0.560413 0.299216 0.539091 0.299216 0.521322 0.292108 0.496446 0.373843 0.478678 0.377397 0.514215 0.508884 0.500000 0.515992 0.606611 0.494669 0.603057 0.491116 0.507107 0.622603 0.517769 0.626157 0.468017 0.810949 0.563967 0.814503 0.364959 0.988634 0.578182 1.000000 0.102159 0.054264 0.078773 0.026950 0.506946 0.526802 0.031725 0.141704
0.565269 0.318500 0.568845 0.304194 0.561692 0.300618 0.536658 0.300618 0.522352 0.289889 0.497318 0.375722 0.475860 0.375722 0.511623 0.508047 0.500894 0.518776 0.604608 0.497318 0.604608 0.493741 0.511623 0.622490 0.515200 0.626067 0.483012 0.815614 0.554539 0.819190 0.364992 0.987279 0.561692 1.000000 0.144897 0.052994 0.065249 0.014351 0.502288 0.520245 0.034218 0.110782
0.566677 0.320415 0.570234 0.306191 0.559565 0.302635 0.538228 0.302635 0.520448 0.291966 0.499111 0.377313 0.477774 0.373757 0.513335 0.508890 0.502667 0.516003 0.602239 0.494666 0.602239 0.491110 0.513335 0.622687 0.509779 0.626243 0.495555 0.814718 0.545341 0.814718 0.371090 0.974743 0.548897 1.000000 0.181027 0.053966 0.047821 0.019225 0.516223 0.522833 0.029473 0.088750
0.568383 0.320046 0.571982 0.302051 0.561184 0.302051 0.535991 0.302051 0.521594 0.291253 0.496401 0.374032 0.474806 0.377631 0.514396 0.507198 0.503599 0.521594 0.600774 0.492802 0.600774 0.492802 0.521594 0.622369 0.507198 0.625968 0.517995 0.816719 0.535991 0.820318 0.381230 0.964281 0.528793 1.000000 0.232024 0.057981 0.038076 0.005530 0.509813 0.528858 0.036741 0.052710
0.568383 0.320046 0.571982 0.302051 0.561184 0.302051 0.535991 0.302051 0.525194 0.291253 0.492802 0.374032 0.478406 0.377631 0.507198 0.507198 0.510797 0.521594 0.600774 0.492802 0.600774 0.492802 0.521594 0.622369 0.507198 0.625968 0.528793 0.816719 0.532392 0.820318 0.395627 0.960682 0.517995 1.000000 0.249388 0.063334 0.024958 0.004292 0.514311 0.528135 0.036741 0.029250
0.571021 0.320200 0.574617 0.305816 0.563829 0.302220 0.535061 0.302220 0.527869 0.291432 0.488313 0.374140 0.481121 0.377736 0.506293 0.507192 0.513485 0.517980 0.596193 0.492808 0.599789 0.492808 0.527869 0.622264 0.502697 0.625860 0.560233 0.812853 0.520677 0.827237 0.423585 0.960289 0.502697 1.000000 0.291460 0.057203 0.003220 0.000730 0.507746 0.518142 0.039015 0.025196
0.567520 0.324092 0.571074 0.309877 0.563967 0.306323 0.528430 0.306323 0.528430 0.295662 0.485785 0.373843 0.489339 0.377397 0.507107 0.512438 0.517769 0.519545 0.599504 0.498223 0.606611 0.494669 0.521322 0.622603 0.503554 0.626157 0.560413 0.810949 0.514215 0.825164 0.443141 0.956651 0.489339 1.000000 0.280861 0.056619 0.019972 0.001127 0.500000 0.524068 0.031725 0.048104
0.570134 0.322445 0.573685 0.308240 0.566583 0.304689 0.531072 0.304689 0.531072 0.294036 0.477806 0.372160 0.495561 0.379262 0.499112 0.510653 0.523970 0.517756 0.598543 0.496449 0.609196 0.492898 0.520419 0.624289 0.506214 0.624289 0.570134 0.805395 0.506214 0.823150 0.463601 0.972297 0.488459 1.000000 0.266112 0.027851 0.031983 0.013831 0.496577 0.525934 0.033975 0.085279
0.574209 0.320288 0.577786 0.305983 0.567057 0.302406 0.538446 0.302406 0.534869 0.291677 0.477648 0.370357 0.495530 0.381086 0.495530 0.502682 0.524140 0.520564 0.592091 0.488377 0.606397 0.488377 0.520564 0.620702 0.506259 0.627855 0.574209 0.803096 0.495530 0.824555 0.513411 0.992643 0.466919 1.000000 0.189852 0.027822 0.037011 0.031176 0.504061 0.554325 0.034218 0.108398
0.573169 0.324571 0.576695 0.310467 0.569642 0.306940 0.527328 0.303414 0.534380 0.296362 0.474435 0.373938 0.499118 0.377464 0.492066 0.507934 0.527328 0.514986 0.587273 0.497355 0.604905 0.490303 0.520276 0.620772 0.506171 0.627825 0.573169 0.804135 0.492066 0.821766 0.537907 0.998076 0.456804 1.000000 0.146643 0.033139 0.030944 0.032073 0.493580 0.533655 0.033736 0.112503
0.574628 0.324092 0.578182 0.309877 0.571074 0.306323 0.528430 0.302769 0.535537 0.295662 0.475124 0.373843 0.500000 0.377397 0.489339 0.508884 0.528430 0.515992 0.588843 0.498223 0.606611 0.491116 0.517769 0.622603 0.507107 0.626157 0.571074 0.810949 0.482231 0.825164 0.571074 1.000000 0.446694 1.000000 0.087792 0.016664 0.033750 0.048675 0.500592 0.533655 0.031725 0.127375
0.574104 0.322680 0.577632 0.308565 0.570575 0.305037 0.542345 0.308565 0.535287 0.294450 0.475299 0.372083 0.500000 0.379140 0.492943 0.502647 0.521172 0.516762 0.588219 0.488532 0.605862 0.488532 0.517644 0.622624 0.507057 0.626153 0.567046 0.809648 0.475299 0.820234 0.598805 0.996671 0.429425 1.000000 0.028662 0.020978 0.028909 0.060722 0.504061 0.553827 0.031502 0.133834
0.574817 0.326877 0.578297 0.312957 0.571337 0.309477 0.543498 0.309477 0.536539 0.299038 0.473901 0.372115 0.501740 0.379075 0.494780 0.504350 0.522619 0.514789 0.588737 0.490430 0.606136 0.490430 0.515659 0.622665 0.508700 0.626145 0.564378 0.810578 0.470421 0.817538 0.620055 0.988051 0.421703 1.000000 0.016019 0.017914 0.028178 0.071797 0.496969 0.541745 0.031064 0.143580
0.573486 0.328821 0.580402 0.311530 0.570028 0.311530 0.542362 0.311530 0.535446 0.297698 0.476657 0.373777 0.500865 0.377235 0.497406 0.505187 0.525072 0.512104 0.587318 0.487896 0.604609 0.487896 0.514697 0.622765 0.507781 0.626223 0.563111 0.806047 0.466283 0.812963 0.628816 0.982413 0.407494 0.999704 0.031311 0.027478 0.033947 0.078444 0.510627 0.537511 0.028659 0.151809
0.573077 0.326877 0.576557 0.312957 0.569597 0.309477 0.527839 0.305997 0.534799 0.295558 0.475641 0.375595 0.500000 0.375595 0.493040 0.504350 0.524359 0.511310 0.590477 0.490430 0.607876 0.483471 0.517399 0.622665 0.506960 0.626145 0.573077 0.810578 0.461721 0.814058 0.625275 0.991531 0.395604 1.000000 0.002297 0.032493 0.038396 0.084039 0.502411 0.545886 0.031064 0.166890
0.568331 0.323041 0.575339 0.309025 0.564827 0.305520 0.529785 0.305520 0.529785 0.295008 0.480727 0.375603 0.494744 0.375603 0.498248 0.505256 0.519273 0.508760 0.589355 0.487736 0.599868 0.480727 0.522777 0.624397 0.501752 0.624397 0.571835 0.810116 0.456198 0.813620 0.610380 0.999340 0.375603 0.999340 0.018238 0.055129 0.028909 0.084163 0.517719 0.548564 0.031282 0.157403
0.568230 0.326800 0.571729 0.312804 0.564731 0.305806 0.529741 0.305806 0.526242 0.295309 0.484255 0.375786 0.487754 0.375786 0.498251 0.505248 0.515745 0.508747 0.589224 0.491253 0.599721 0.484255 0.526242 0.624214 0.501750 0.624214 0.568230 0.809660 0.452764 0.813159 0.596222 0.998605 0.361790 0.995106 0.024058 0.066837 0.017580 0.098661 0.514311 0.524286 0.035715 0.151622
0.563365 0.329001 0.566837 0.311641 0.556421 0.311641 0.532117 0.311641 0.521700 0.297753 0.486980 0.374138 0.483508 0.377610 0.497396 0.502604 0.507812 0.506076 0.587669 0.485244 0.594613 0.488716 0.528644 0.624126 0.500868 0.624126 0.563365 0.808145 0.459203 0.811617 0.577253 0.992164 0.358514 0.988692 0.035383 0.094972 0.006792 0.091984 0.534723 0.503316 0.037664 0.128965
0.563307 0.331466 0.566729 0.314356 0.556463 0.310934 0.532509 0.314356 0.522243 0.300668 0.491445 0.375952 0.477757 0.375952 0.501711 0.499144 0.505133 0.502567 0.583839 0.488878 0.590683 0.488878 0.532509 0.622337 0.498289 0.625759 0.556463 0.803703 0.470913 0.810547 0.563307 0.985070 0.357987 0.971382 0.029793 0.148038 0.010769 0.072920 0.513119 0.482721 0.039313 0.088615
0.562057 0.328688 0.565553 0.311207 0.558561 0.311207 0.534088 0.311207 0.520103 0.297223 0.492134 0.377634 0.478149 0.374138 0.502622 0.503496 0.502622 0.503496 0.586530 0.493008 0.593522 0.489512 0.530591 0.622366 0.499126 0.625862 0.551568 0.814655 0.488637 0.818151 0.551568 1.000000 0.359280 0.971982 0.034588 0.205215 0.015027 0.043810 0.513119 0.489072 0.037927 0.051933
0.567418 0.327906 0.570967 0.310164 0.560322 0.306616 0.539032 0.306616 0.524838 0.295971 0.496452 0.377583 0.475162 0.374034 0.510645 0.508871 0.500000 0.505323 0.588708 0.494678 0.595805 0.487581 0.528387 0.622417 0.500000 0.625966 0.549677 0.821124 0.510645 0.821124 0.539032 1.000000 0.365163 0.970154 0.051641 0.263510 0.007310 0.013936 0.522970 0.498769 0.036221 0.016630
0.571580 0.321944 0.575159 0.307628 0.564422 0.304049 0.542948 0.304049 0.521474 0.293312 0.500000 0.379208 0.474947 0.372050 0.514316 0.508053 0.500000 0.504474 0.593054 0.493737 0.596633 0.483000 0.525053 0.622581 0.500000 0.626160 0.542948 0.826585 0.528632 0.819427 0.525053 1.000000 0.378314 0.962588 0.057791 0.304579 0.004802 0.015535 0.522026 0.510087 0.031952 0.018966
0.570822 0.323394 0.574408 0.309050 0.563650 0.301878 0.542134 0.305464 0.527791 0.291121 0.502689 0.377183 0.477588 0.373597 0.517033 0.509861 0.495518 0.502689 0.599509 0.491932 0.595923 0.484760 0.520619 0.624610 0.499104 0.624610 0.538549 0.825421 0.542134 0.818250 0.517033 1.000000 0.402284 0.965272 0.063569 0.311648 0.005320 0.042388 0.533859 0.512320 0.025138 0.041259
0.571168 0.320302 0.574726 0.306068 0.567609 0.302510 0.542701 0.306068 0.528467 0.291835 0.503558 0.377236 0.475091 0.373677 0.517792 0.508896 0.492883 0.501779 0.599635 0.491104 0.596076 0.483987 0.517792 0.622764 0.503558 0.626323 0.524909 0.822033 0.556934 0.811358 0.503558 1.000000 0.428832 0.964369 0.047246 0.311262 0.007068 0.053678 0.533859 0.510418 0.027217 0.078030
