0.486927 0.291699 0.497385 0.274268 0.466009 0.281241 0.514816 0.274268 0.441606 0.295186 0.567109 0.368396 0.413716 0.382341 0.622889 0.462523 0.378854 0.466009 0.591513 0.528761 0.441606 0.368396 0.560137 0.622889 0.459037 0.626375 0.570596 0.797199 0.472982 0.807658 0.577568 0.974995 0.493899 0.971509 0.006600 0.015979 0.027794 0.034011 0.311094 0.943804 0.024437 0.005362
0.486144 0.288703 0.496536 0.271384 0.465361 0.278312 0.513856 0.278312 0.441114 0.292167 0.569278 0.368373 0.413403 0.382228 0.628164 0.458433 0.378764 0.465361 0.593525 0.527711 0.441114 0.368373 0.558886 0.621236 0.458433 0.628164 0.569278 0.794430 0.472289 0.804821 0.572742 0.967624 0.493072 0.964160 0.012710 0.016371 0.032149 0.032729 0.331909 0.943804 0.022069 0.005839
0.489608 0.288703 0.500000 0.271384 0.468825 0.278312 0.517319 0.278312 0.444578 0.295631 0.569278 0.368373 0.413403 0.382228 0.631627 0.458433 0.378764 0.465361 0.596989 0.534639 0.441114 0.368373 0.558886 0.621236 0.458433 0.628164 0.565814 0.794430 0.472289 0.804821 0.569278 0.967624 0.493072 0.964160 0.006360 0.016371 0.025799 0.032729 0.328551 0.943804 0.022069 0.012189
0.488737 0.286874 0.499134 0.269547 0.467945 0.276478 0.519926 0.279943 0.447152 0.293805 0.568443 0.370045 0.415963 0.380442 0.637752 0.453216 0.377843 0.460147 0.606563 0.532922 0.440221 0.366580 0.558046 0.623024 0.457548 0.626489 0.561512 0.796297 0.467945 0.803228 0.564977 0.966104 0.492203 0.959174 0.000142 0.030419 0.019439 0.034593 0.339868 0.954833 0.019869 0.012337
0.489536 0.284617 0.503488 0.270665 0.468608 0.274153 0.520928 0.277641 0.447680 0.291593 0.569760 0.371817 0.412800 0.378793 0.639519 0.452040 0.374433 0.459016 0.615103 0.535752 0.437216 0.364841 0.559296 0.622952 0.458144 0.626439 0.559296 0.800839 0.465120 0.807815 0.559296 0.971750 0.489536 0.961286 0.000001 0.037983 0.013255 0.045407 0.318163 0.954833 0.022223 0.012237
0.491211 0.283794 0.505273 0.269731 0.473633 0.273247 0.522851 0.276762 0.449024 0.290825 0.572069 0.371682 0.413869 0.378713 0.642380 0.452540 0.371682 0.459571 0.635349 0.529882 0.434962 0.368167 0.558007 0.621287 0.456056 0.628318 0.554491 0.804095 0.463087 0.807611 0.554491 0.979873 0.487696 0.962295 0.006121 0.037743 0.011793 0.040819 0.256686 0.960320 0.017914 0.018597
0.492031 0.283069 0.506198 0.268902 0.474322 0.272443 0.527448 0.275985 0.449530 0.286610 0.573491 0.371612 0.414113 0.378695 0.644326 0.453072 0.371612 0.456614 0.644326 0.527448 0.435363 0.364529 0.559324 0.623075 0.453072 0.626617 0.552241 0.807246 0.460155 0.810787 0.545157 0.984333 0.484948 0.963082 0.000497 0.039131 0.005677 0.037378 0.227828 0.966196 0.015789 0.024473
0.496432 0.280559 0.507136 0.262718 0.475023 0.266286 0.528545 0.273422 0.450046 0.284127 0.574931 0.373331 0.414364 0.376899 0.646294 0.448262 0.367978 0.451830 0.649862 0.523193 0.435773 0.355490 0.557090 0.623101 0.453614 0.626669 0.549954 0.812213 0.457182 0.812213 0.542818 0.990621 0.482159 0.965644 0.000722 0.045246 0.010692 0.043494 0.227092 0.981252 0.013633 0.018126
0.496479 0.278191 0.510562 0.264108 0.478875 0.267629 0.528166 0.274670 0.454230 0.285233 0.577457 0.373252 0.419022 0.376773 0.647873 0.457751 0.369731 0.447188 0.640831 0.528166 0.436626 0.355648 0.552812 0.623227 0.450709 0.626748 0.549291 0.806308 0.454230 0.806308 0.542249 0.982347 0.478875 0.954180 0.006605 0.046328 0.025161 0.033894 0.252868 0.993522 0.004483 0.012361
0.500880 0.276414 0.511443 0.262330 0.479754 0.265851 0.532570 0.276414 0.455107 0.283456 0.578343 0.375003 0.419896 0.375003 0.645243 0.455987 0.370602 0.441903 0.641722 0.519366 0.441023 0.350356 0.553696 0.624997 0.448065 0.624997 0.546654 0.808091 0.451586 0.808091 0.539612 0.984143 0.476233 0.952454 0.000497 0.047706 0.019045 0.029594 0.237442 0.993420 0.002243 0.018357
0.502586 0.280178 0.516379 0.266385 0.485345 0.269833 0.537068 0.280178 0.461208 0.287074 0.578446 0.376727 0.423278 0.373279 0.643962 0.452587 0.371555 0.438795 0.640514 0.507758 0.443967 0.352590 0.550861 0.624997 0.447415 0.624997 0.543964 0.804303 0.450863 0.804303 0.533620 0.976713 0.475001 0.942231 0.006840 0.049025 0.022987 0.024309 0.246619 0.990333 0.002195 0.018357
0.504370 0.278895 0.518353 0.264912 0.486891 0.268408 0.539327 0.278895 0.462421 0.282391 0.581276 0.376775 0.423968 0.373280 0.647695 0.453682 0.368036 0.436203 0.644199 0.502622 0.444942 0.348809 0.549814 0.624973 0.444942 0.624973 0.542823 0.810246 0.444942 0.810246 0.532336 0.981537 0.469412 0.943084 0.007459 0.057986 0.028129 0.026465 0.249448 0.998415 0.006677 0.012006
0.506073 0.281382 0.519953 0.267501 0.488722 0.270971 0.540774 0.281382 0.464431 0.284852 0.582416 0.378545 0.426260 0.371605 0.648348 0.454888 0.370738 0.437538 0.641408 0.496530 0.443610 0.350784 0.547714 0.624925 0.443610 0.624925 0.540774 0.805372 0.443610 0.805372 0.530364 0.978878 0.467901 0.930296 0.006840 0.061131 0.032303 0.021768 0.279319 0.999609 0.011048 0.012237
0.509610 0.278981 0.523587 0.265004 0.492138 0.268498 0.544553 0.278981 0.467677 0.282476 0.582991 0.376824 0.425745 0.373329 0.649384 0.453700 0.369835 0.436228 0.645890 0.492138 0.443217 0.348869 0.548048 0.624924 0.443217 0.624924 0.541059 0.806631 0.436228 0.806631 0.530576 0.981349 0.464183 0.925439 0.006840 0.085795 0.032303 0.034306 0.255608 0.991093 0.011125 0.000001
0.507858 0.279111 0.521827 0.265141 0.490396 0.268634 0.542781 0.279111 0.465950 0.286095 0.584689 0.376896 0.427534 0.373403 0.647551 0.453727 0.371657 0.436265 0.644058 0.488650 0.444996 0.348957 0.546273 0.624851 0.441504 0.624851 0.539289 0.806451 0.434519 0.806451 0.528812 0.981067 0.462458 0.921698 0.006840 0.087942 0.036690 0.029902 0.250000 0.991093 0.015569 0.000001
0.511341 0.279283 0.525300 0.265324 0.493893 0.268814 0.546237 0.279283 0.469466 0.282772 0.584623 0.376992 0.431080 0.373502 0.647436 0.457252 0.371757 0.439804 0.640456 0.485169 0.445039 0.352564 0.542748 0.624753 0.441549 0.624753 0.539258 0.806212 0.438060 0.802723 0.528789 0.977203 0.458997 0.924859 0.013343 0.060283 0.047174 0.019496 0.289352 0.990056 0.020007 0.000137
0.510547 0.278520 0.524609 0.264458 0.492969 0.267974 0.545702 0.278520 0.468360 0.282036 0.584373 0.376956 0.429689 0.373440 0.651169 0.464844 0.373440 0.440236 0.637107 0.485938 0.443751 0.352347 0.545702 0.626560 0.440236 0.623044 0.538671 0.805853 0.436720 0.802337 0.528124 0.981631 0.457813 0.939444 0.006600 0.054830 0.036450 0.019683 0.394027 0.991994 0.017914 0.006235
0.509732 0.279704 0.523888 0.262009 0.492037 0.265548 0.545121 0.276165 0.467265 0.283243 0.587588 0.378793 0.428337 0.371715 0.651288 0.474343 0.371715 0.438954 0.633593 0.477882 0.446032 0.350482 0.545121 0.626516 0.438954 0.622977 0.538043 0.806999 0.435415 0.803460 0.527426 0.980405 0.453110 0.955633 0.006988 0.043088 0.041566 0.019683 0.624334 0.999609 0.020290 0.006235
0.507907 0.282127 0.521963 0.268071 0.490336 0.268071 0.543047 0.278613 0.465738 0.285641 0.585216 0.377007 0.430597 0.373493 0.644956 0.485944 0.370858 0.440261 0.620357 0.475401 0.444653 0.352409 0.543047 0.626507 0.441139 0.622993 0.536019 0.805725 0.434111 0.802211 0.525477 0.981428 0.448167 0.970886 0.006600 0.038941 0.040819 0.025918 0.788547 0.990056 0.020148 0.000001
0.507963 0.279704 0.522118 0.265548 0.486729 0.269087 0.543351 0.276165 0.465496 0.283243 0.585818 0.378793 0.430107 0.371715 0.638902 0.492037 0.373484 0.442493 0.614129 0.474343 0.444262 0.350482 0.543351 0.626516 0.440723 0.622977 0.536274 0.810538 0.437185 0.806999 0.525657 0.983944 0.444262 0.983944 0.007227 0.018846 0.041806 0.019562 0.836958 0.993937 0.020290 0.006116
0.508851 0.279610 0.523013 0.265448 0.487609 0.268989 0.544255 0.279610 0.466366 0.286691 0.583200 0.378741 0.430962 0.371660 0.636306 0.495575 0.370775 0.442468 0.611523 0.470792 0.445124 0.353958 0.544255 0.626570 0.441583 0.623029 0.537174 0.810671 0.438043 0.807130 0.526553 0.984150 0.441583 0.991231 0.007227 0.012240 0.037378 0.019562 0.885800 0.998143 0.018041 0.006116
0.505314 0.282998 0.519486 0.268826 0.487600 0.272369 0.540743 0.279455 0.466343 0.286541 0.583258 0.378656 0.427371 0.371570 0.632859 0.495571 0.370684 0.445971 0.608058 0.467228 0.445085 0.357399 0.547829 0.626658 0.441542 0.623116 0.537200 0.807346 0.437999 0.807346 0.526572 0.984491 0.441542 0.988034 0.000368 0.012361 0.026465 0.024034 0.898904 0.984854 0.013537 0.012581
0.505352 0.280559 0.519625 0.266286 0.483943 0.269854 0.541034 0.276990 0.462534 0.287695 0.583852 0.376899 0.426853 0.373331 0.630238 0.498216 0.369762 0.444694 0.605260 0.462534 0.441125 0.355490 0.548170 0.626669 0.441125 0.623101 0.537466 0.808645 0.437557 0.808645 0.523193 0.983485 0.444694 0.990621 0.007224 0.018597 0.026465 0.024290 0.921847 0.999998 0.013633 0.012581
0.503570 0.284017 0.517850 0.269737 0.485720 0.269737 0.539270 0.280447 0.460730 0.287587 0.582109 0.376836 0.425031 0.373266 0.632089 0.498215 0.367911 0.448235 0.603529 0.455375 0.439310 0.358986 0.549980 0.626734 0.442880 0.623164 0.539270 0.808803 0.439310 0.808803 0.524990 0.980161 0.446450 0.987301 0.007761 0.018846 0.022000 0.028818 0.937167 0.992468 0.009092 0.012581
0.501798 0.283296 0.516185 0.265312 0.483815 0.268909 0.537766 0.276102 0.458637 0.283296 0.580927 0.376811 0.422670 0.373215 0.631281 0.491907 0.368719 0.448746 0.609701 0.445150 0.440654 0.358828 0.552153 0.624987 0.444250 0.624987 0.541363 0.808421 0.440654 0.812018 0.526976 0.981065 0.451444 0.991856 0.007761 0.025196 0.018039 0.033338 0.993635 0.982655 0.004580 0.012581
0.500000 0.283296 0.514387 0.268909 0.482016 0.272506 0.535967 0.276102 0.456839 0.286893 0.579129 0.376811 0.424468 0.373215 0.636676 0.491907 0.366920 0.452343 0.611499 0.441553 0.438855 0.362424 0.550354 0.624987 0.446049 0.624987 0.539564 0.808421 0.446049 0.812018 0.528774 0.977469 0.453242 0.988259 0.001584 0.012985 0.018039 0.027217 0.999998 0.985375 0.004580 0.018702
0.499107 0.285720 0.513393 0.267863 0.481250 0.271434 0.534821 0.278577 0.456251 0.289291 0.577677 0.375003 0.420538 0.375003 0.634818 0.489286 0.370539 0.457144 0.613390 0.428573 0.438394 0.364289 0.552677 0.624997 0.449108 0.624997 0.541963 0.803564 0.449108 0.810706 0.531249 0.971417 0.459822 0.989273 0.001212 0.019076 0.012650 0.036221 0.960417 0.973170 0.002273 0.019076
0.497303 0.286920 0.511688 0.268939 0.475725 0.272535 0.529669 0.279728 0.454147 0.290516 0.576421 0.373231 0.418185 0.376827 0.637558 0.484716 0.367837 0.459542 0.612384 0.419983 0.436166 0.366038 0.554843 0.624971 0.450551 0.624971 0.544055 0.804785 0.454147 0.811978 0.533266 0.970214 0.464936 0.995388 0.001656 0.012581 0.008143 0.035165 0.958393 0.973170 0.006868 0.025196
0.491011 0.285161 0.505393 0.267183 0.473033 0.274374 0.526967 0.274374 0.447863 0.288756 0.577306 0.371456 0.415503 0.378647 0.634836 0.482921 0.365164 0.461347 0.606071 0.414604 0.433481 0.367860 0.555732 0.623150 0.451459 0.626746 0.541350 0.806528 0.455055 0.813719 0.534159 0.968331 0.469437 0.997096 0.010777 0.018794 0.002305 0.039692 0.975189 0.973170 0.009157 0.031035
0.491912 0.285211 0.502696 0.267237 0.470343 0.274426 0.524265 0.274426 0.448774 0.288806 0.574592 0.371486 0.416421 0.378676 0.639298 0.479330 0.369689 0.461356 0.603350 0.421813 0.434395 0.367891 0.556618 0.623122 0.452369 0.626717 0.545834 0.802862 0.459559 0.813646 0.538644 0.961033 0.470343 0.993386 0.004616 0.006840 0.003624 0.033576 0.994214 0.971004 0.011445 0.031313
0.491969 0.284066 0.502677 0.266220 0.470555 0.273359 0.520523 0.273359 0.449140 0.291205 0.574060 0.369726 0.417017 0.380433 0.638305 0.473231 0.370618 0.462524 0.595475 0.437540 0.434863 0.369726 0.556214 0.623136 0.452709 0.626705 0.545507 0.801593 0.463416 0.812301 0.541938 0.958636 0.474124 0.990759 0.011843 0.000742 0.003305 0.027469 0.897961 0.971004 0.011364 0.037420
0.488729 0.286710 0.499133 0.269370 0.467920 0.276306 0.519942 0.276306 0.447111 0.293646 0.568496 0.369945 0.419366 0.380350 0.630922 0.463585 0.374280 0.463585 0.585836 0.449712 0.436707 0.369945 0.554623 0.623119 0.457515 0.626587 0.551155 0.796525 0.464452 0.806929 0.544219 0.938718 0.478324 0.976867 0.009149 0.013691 0.011059 0.036690 0.782182 0.970849 0.015461 0.018602
0.484290 0.284428 0.494763 0.266973 0.463344 0.273955 0.515710 0.273955 0.442398 0.294901 0.571566 0.368213 0.414469 0.382177 0.630914 0.462471 0.372577 0.462471 0.582040 0.458980 0.435416 0.364722 0.557602 0.623059 0.456362 0.626550 0.554111 0.801103 0.466835 0.811576 0.547129 0.940744 0.480799 0.982637 0.009662 0.007929 0.011184 0.036044 0.701563 0.971209 0.017789 0.024239
0.482314 0.281577 0.492926 0.263891 0.461091 0.270965 0.510612 0.270965 0.436330 0.292189 0.570744 0.366470 0.411570 0.384156 0.630877 0.465512 0.369123 0.461975 0.581356 0.469049 0.432793 0.362933 0.560133 0.621150 0.457553 0.628224 0.560133 0.805085 0.468165 0.815696 0.549521 0.935962 0.482314 0.989020 0.025753 0.007929 0.013255 0.041278 0.650990 0.977085 0.022538 0.017998
0.480703 0.280711 0.487720 0.266677 0.459651 0.273694 0.508772 0.273694 0.435091 0.294746 0.568418 0.368427 0.410530 0.382461 0.631573 0.463159 0.371935 0.463159 0.585961 0.470177 0.431582 0.364918 0.561401 0.621047 0.459651 0.628065 0.564909 0.803496 0.470177 0.814022 0.550875 0.926297 0.487720 0.985944 0.042342 0.014370 0.014960 0.044835 0.638577 0.968312 0.026836 0.011878
0.477536 0.282277 0.484448 0.264997 0.456801 0.275365 0.505184 0.271909 0.436065 0.296100 0.563935 0.368675 0.411874 0.382498 0.626141 0.461985 0.373859 0.461985 0.584670 0.461985 0.432609 0.361763 0.563935 0.620957 0.460257 0.627869 0.570846 0.797210 0.470625 0.807578 0.550111 0.911255 0.484448 0.973462 0.069725 0.008121 0.012476 0.043627 0.687167 0.973227 0.030850 0.005868
0.479264 0.284005 0.486176 0.266725 0.455073 0.277093 0.503456 0.273637 0.434337 0.294372 0.565663 0.366947 0.410146 0.384226 0.624413 0.460257 0.375587 0.463713 0.593310 0.460257 0.434337 0.363491 0.562207 0.619229 0.461985 0.629597 0.576030 0.795482 0.472353 0.809306 0.548383 0.912983 0.486176 0.975190 0.098473 0.008121 0.029275 0.047930 0.678865 0.961775 0.030850 0.006572
0.479866 0.282898 0.486869 0.265390 0.458856 0.275895 0.504377 0.272393 0.434344 0.293403 0.563905 0.366938 0.409833 0.384446 0.626935 0.461482 0.374816 0.464984 0.595420 0.461482 0.434344 0.363436 0.563905 0.619056 0.462357 0.629561 0.577912 0.797640 0.469361 0.811646 0.553400 0.923699 0.486869 0.979725 0.086045 0.020801 0.024915 0.054956 0.687167 0.961775 0.033500 0.012678
0.479724 0.282257 0.486777 0.264626 0.458567 0.275205 0.504408 0.271678 0.433884 0.296362 0.564353 0.366886 0.409200 0.384517 0.624299 0.458567 0.377464 0.465620 0.596089 0.462093 0.433884 0.363360 0.564353 0.620772 0.462093 0.627825 0.578458 0.797083 0.469146 0.814713 0.557301 0.938131 0.486777 0.983971 0.072804 0.021032 0.025410 0.056132 0.644742 0.958245 0.033736 0.013405
0.479724 0.285783 0.486777 0.268152 0.458567 0.275205 0.504408 0.271678 0.433884 0.296362 0.564353 0.366886 0.409200 0.384517 0.624299 0.458567 0.377464 0.465620 0.599615 0.462093 0.433884 0.366886 0.564353 0.620772 0.462093 0.627825 0.578458 0.800609 0.469146 0.814713 0.564353 0.955762 0.486777 0.983971 0.053772 0.021032 0.024915 0.056132 0.639158 0.953476 0.033736 0.012909
0.480621 0.285948 0.487668 0.268331 0.459480 0.275378 0.505285 0.275378 0.434815 0.296519 0.561661 0.366988 0.410151 0.384606 0.625084 0.458599 0.378440 0.465646 0.596896 0.462123 0.434815 0.366988 0.565184 0.620679 0.463003 0.627726 0.575755 0.800377 0.470050 0.814471 0.568708 0.969505 0.487668 0.983599 0.031958 0.021032 0.014282 0.056132 0.653167 0.953476 0.035966 0.006697
0.480756 0.286562 0.487754 0.269067 0.459762 0.279564 0.505248 0.276065 0.435269 0.297059 0.561232 0.367039 0.410776 0.384533 0.624214 0.461511 0.379285 0.468509 0.599721 0.461511 0.435269 0.367039 0.564731 0.618966 0.463261 0.629462 0.575228 0.800913 0.470259 0.811410 0.571729 0.975862 0.487754 0.979361 0.024709 0.020801 0.013923 0.054956 0.687167 0.953719 0.035715 0.006108
0.483367 0.284649 0.490370 0.270642 0.458856 0.277646 0.504377 0.274144 0.434344 0.295154 0.563905 0.368688 0.409833 0.382695 0.623433 0.459731 0.378318 0.466734 0.598921 0.459731 0.434344 0.368688 0.563905 0.620807 0.462357 0.627810 0.570908 0.802892 0.469361 0.809896 0.574410 0.981476 0.486869 0.981476 0.005996 0.020132 0.012237 0.054956 0.684325 0.948951 0.033500 0.000001
0.483482 0.287008 0.490437 0.269621 0.462618 0.280053 0.507824 0.276575 0.434798 0.297440 0.563463 0.366988 0.410456 0.384376 0.626057 0.460879 0.379159 0.467834 0.601715 0.460879 0.438276 0.370466 0.563463 0.620840 0.462618 0.627795 0.570418 0.798189 0.469573 0.808621 0.570418 0.979015 0.486960 0.975538 0.012476 0.020801 0.012476 0.054956 0.687167 0.940513 0.033267 0.000236
0.485098 0.287859 0.492110 0.270327 0.460552 0.280846 0.506136 0.273833 0.436007 0.294872 0.565746 0.368508 0.411462 0.382533 0.625356 0.459676 0.379904 0.466689 0.604317 0.463182 0.439514 0.372014 0.562240 0.620973 0.460552 0.627986 0.565746 0.799803 0.467565 0.810322 0.569253 0.978632 0.485098 0.971619 0.000001 0.022227 0.010661 0.050596 0.631757 0.935335 0.029060 0.005996
0.484100 0.288884 0.494700 0.271217 0.462900 0.281817 0.508833 0.274750 0.438167 0.295950 0.568900 0.366617 0.409900 0.384284 0.628966 0.462017 0.381634 0.469083 0.607766 0.465550 0.441700 0.370150 0.561833 0.621016 0.459367 0.628083 0.565367 0.804749 0.466433 0.811816 0.565367 0.977882 0.484100 0.974349 0.006120 0.022227 0.014960 0.051483 0.626297 0.928729 0.027025 0.006116
0.486835 0.291119 0.493856 0.273566 0.465772 0.280587 0.511409 0.277076 0.441197 0.298140 0.567579 0.368352 0.413112 0.382395 0.630770 0.463139 0.381517 0.466649 0.606196 0.463139 0.441197 0.371863 0.560558 0.621116 0.458750 0.628137 0.564069 0.800157 0.465772 0.807178 0.564069 0.975688 0.483325 0.965156 0.006241 0.022747 0.015080 0.045972 0.687167 0.935335 0.024609 0.006235
0.487696 0.292582 0.498242 0.271489 0.466602 0.282036 0.515820 0.275005 0.441993 0.296098 0.572069 0.369925 0.413869 0.380471 0.631833 0.471876 0.378713 0.468360 0.607224 0.457813 0.441993 0.373440 0.558007 0.623044 0.456056 0.626560 0.558007 0.802337 0.463087 0.805853 0.558007 0.978115 0.480664 0.964053 0.000001 0.022747 0.017665 0.041566 0.834022 0.933952 0.017914 0.012476
0.493845 0.290747 0.504396 0.273163 0.472744 0.280196 0.521980 0.276680 0.448126 0.294264 0.571216 0.371635 0.416475 0.378668 0.634520 0.473624 0.377789 0.466590 0.606385 0.452522 0.441093 0.371635 0.557149 0.621332 0.455160 0.628365 0.557149 0.804208 0.462194 0.804208 0.553632 0.980051 0.479778 0.958950 0.006366 0.023292 0.017914 0.036201 0.881652 0.944775 0.015678 0.012726
0.497381 0.291334 0.504365 0.273872 0.472935 0.280857 0.521827 0.277364 0.448488 0.294826 0.570720 0.371657 0.417057 0.378642 0.630089 0.476427 0.378642 0.462458 0.605643 0.448488 0.441504 0.375149 0.556750 0.623104 0.455473 0.626597 0.553258 0.801213 0.458965 0.804705 0.549766 0.975829 0.479919 0.951383 0.000139 0.038927 0.011425 0.042686 0.935294 0.938165 0.015569 0.012481
