0.552998 0.276435 0.545688 0.261815 0.548124 0.261815 0.465277 0.275217 0.528631 0.275217 0.464059 0.372684 0.524976 0.377557 0.490862 0.503046 0.524976 0.516448 0.566399 0.566399 0.582238 0.587111 0.475024 0.621225 0.535941 0.628535 0.460404 0.779609 0.576146 0.791792 0.330042 0.913626 0.585893 0.970888 0.216300 0.059554 0.043333 0.062962 0.213303 0.216774 0.013966 0.106160
0.553557 0.274317 0.544889 0.259457 0.548604 0.259457 0.460684 0.271841 0.528791 0.273079 0.461922 0.372144 0.522599 0.378336 0.499071 0.497214 0.525076 0.513312 0.582038 0.559130 0.588230 0.581419 0.478020 0.621045 0.537459 0.628475 0.469352 0.782026 0.573370 0.795648 0.335614 0.915764 0.579562 0.977680 0.232877 0.056531 0.037682 0.048467 0.204023 0.232154 0.019721 0.084477
0.549296 0.271697 0.540669 0.258140 0.543134 0.258140 0.460563 0.272929 0.523416 0.271697 0.461795 0.372754 0.523416 0.377684 0.496303 0.500924 0.522183 0.514481 0.578874 0.560080 0.581339 0.585960 0.477817 0.621700 0.536972 0.627862 0.475352 0.784378 0.567782 0.796702 0.341020 0.913780 0.567782 0.979098 0.251127 0.057454 0.025279 0.040222 0.218406 0.222927 0.018841 0.062276
0.548333 0.266339 0.538482 0.252793 0.542176 0.254025 0.458440 0.270033 0.524936 0.270033 0.460903 0.372241 0.521242 0.378398 0.496614 0.499076 0.522473 0.513853 0.577887 0.560647 0.582813 0.586507 0.480605 0.620987 0.537250 0.628375 0.481837 0.783533 0.561879 0.795847 0.348844 0.911600 0.558184 0.978097 0.258417 0.052928 0.022749 0.026121 0.206270 0.217717 0.022754 0.044066
0.548400 0.269265 0.538659 0.257089 0.542312 0.257089 0.460732 0.272918 0.527700 0.272918 0.463168 0.371543 0.522830 0.378849 0.498478 0.501826 0.526483 0.520090 0.581275 0.563924 0.584927 0.594364 0.481432 0.621151 0.532571 0.628457 0.492390 0.785527 0.559358 0.797703 0.358454 0.909722 0.550835 0.977907 0.283195 0.065010 0.002059 0.037550 0.210920 0.203985 0.017838 0.028776
0.553268 0.272846 0.544696 0.258152 0.549594 0.259376 0.460202 0.272846 0.536124 0.274071 0.466325 0.369586 0.523879 0.380606 0.514082 0.500612 0.532451 0.522654 0.603474 0.565513 0.597352 0.597352 0.482244 0.620618 0.527552 0.629190 0.503061 0.787157 0.556942 0.800627 0.364687 0.914510 0.545921 0.981860 0.302778 0.073375 0.019425 0.049338 0.188851 0.208514 0.012476 0.014459
0.557808 0.268151 0.547916 0.254549 0.550389 0.255785 0.465068 0.270624 0.530604 0.273097 0.465068 0.369546 0.524421 0.380675 0.498454 0.494436 0.531841 0.521639 0.581302 0.566154 0.589958 0.600777 0.483616 0.620562 0.526895 0.629217 0.513293 0.788730 0.554098 0.804805 0.379748 0.924748 0.541733 0.991521 0.302680 0.069976 0.032122 0.045759 0.189730 0.184888 0.013386 0.006674
0.564003 0.268105 0.551635 0.255738 0.555346 0.255738 0.461351 0.271816 0.533084 0.273052 0.462588 0.370757 0.528137 0.379415 0.474955 0.501855 0.533084 0.521644 0.560293 0.572351 0.585028 0.605744 0.482376 0.621822 0.526900 0.628006 0.523189 0.791260 0.549162 0.806101 0.394565 0.924831 0.535557 0.989143 0.319235 0.063198 0.050203 0.041167 0.250283 0.165052 0.011813 0.035656
0.564512 0.264924 0.550666 0.251078 0.558218 0.252337 0.460034 0.268701 0.538078 0.268701 0.460034 0.369402 0.531784 0.380731 0.487727 0.500315 0.536819 0.524231 0.584652 0.569547 0.592205 0.607310 0.478916 0.621157 0.529266 0.628709 0.522973 0.791091 0.549407 0.806196 0.410942 0.935849 0.530525 0.993753 0.290396 0.067903 0.056918 0.039198 0.236212 0.176003 0.010420 0.044780
0.569670 0.267559 0.557173 0.253812 0.560922 0.255062 0.464696 0.268809 0.534679 0.270058 0.463447 0.370033 0.530930 0.380030 0.493439 0.502499 0.533429 0.519995 0.590914 0.569982 0.583416 0.603724 0.478443 0.621219 0.527181 0.628717 0.517183 0.793676 0.543427 0.804923 0.423457 0.938639 0.519683 0.987377 0.253030 0.070457 0.051356 0.034063 0.236374 0.165638 0.007160 0.041072
0.565298 0.268038 0.552860 0.254356 0.560323 0.255600 0.465796 0.269281 0.537935 0.271769 0.467040 0.370026 0.531716 0.379977 0.519278 0.503109 0.530472 0.520522 0.606342 0.575248 0.582710 0.603854 0.476990 0.621267 0.524253 0.628730 0.514303 0.794151 0.540422 0.806588 0.442165 0.944646 0.511816 0.985690 0.209941 0.079273 0.055062 0.038404 0.160693 0.181051 0.001584 0.038804
0.564497 0.268862 0.552153 0.255283 0.559559 0.255283 0.463277 0.270096 0.537340 0.272565 0.469449 0.370081 0.526231 0.379956 0.524996 0.503395 0.528699 0.519442 0.605231 0.576223 0.580544 0.604614 0.480558 0.620661 0.523762 0.629302 0.513887 0.793475 0.537340 0.804584 0.460808 0.946538 0.502777 0.974929 0.166895 0.088328 0.046541 0.027760 0.139724 0.168415 0.005501 0.036035
0.564011 0.264881 0.551702 0.251340 0.557857 0.252571 0.463070 0.267343 0.534468 0.269805 0.467994 0.369515 0.524620 0.380594 0.512310 0.502462 0.528313 0.518465 0.599710 0.576321 0.582476 0.605865 0.482766 0.620637 0.524620 0.629254 0.518465 0.791744 0.534468 0.804054 0.475380 0.950542 0.500000 0.977624 0.149804 0.080313 0.046768 0.017914 0.174249 0.168072 0.009406 0.047557
0.566828 0.265635 0.555638 0.250715 0.560612 0.250715 0.464876 0.265635 0.535745 0.266878 0.468606 0.368830 0.524556 0.381263 0.509636 0.499378 0.527042 0.519271 0.594181 0.566517 0.582991 0.603817 0.483526 0.619980 0.523312 0.629927 0.520826 0.787828 0.543205 0.801504 0.489743 0.955675 0.500933 0.984271 0.127890 0.109092 0.050717 0.038333 0.189439 0.180350 0.008708 0.032863
0.567398 0.265036 0.556268 0.251432 0.558741 0.251432 0.467229 0.265036 0.531535 0.268746 0.469702 0.368915 0.520405 0.381281 0.499382 0.500000 0.522878 0.516077 0.587184 0.568016 0.574818 0.605116 0.490725 0.621192 0.519168 0.628612 0.545138 0.795560 0.531535 0.802980 0.521641 0.966219 0.498145 0.979822 0.139834 0.081939 0.069818 0.024129 0.219330 0.162251 0.012600 0.073745
0.559235 0.269505 0.548186 0.254773 0.554324 0.254773 0.462249 0.267050 0.533454 0.269505 0.473298 0.370174 0.517494 0.379995 0.491713 0.501535 0.522405 0.513811 0.572739 0.571512 0.566601 0.603431 0.496624 0.621846 0.512584 0.627984 0.559235 0.792492 0.516267 0.802313 0.539592 0.964365 0.486803 0.976642 0.148157 0.060019 0.082518 0.013026 0.228916 0.134159 0.011726 0.105212
0.556527 0.272374 0.545586 0.257787 0.550448 0.257787 0.462923 0.269943 0.530998 0.273590 0.475080 0.370840 0.515195 0.379349 0.484805 0.503343 0.517627 0.513068 0.552880 0.577496 0.562605 0.605455 0.498177 0.621258 0.511548 0.628552 0.561389 0.790230 0.509117 0.801171 0.548017 0.959202 0.477511 0.975005 0.139087 0.052766 0.084673 0.000202 0.213085 0.138429 0.012385 0.118432
0.554394 0.273612 0.543454 0.260242 0.550747 0.260242 0.460800 0.272397 0.532515 0.274828 0.472955 0.370853 0.516713 0.379361 0.476602 0.502127 0.516713 0.511851 0.539808 0.577488 0.561687 0.603014 0.497265 0.621247 0.513067 0.628540 0.564118 0.786555 0.504558 0.802357 0.565333 0.954295 0.471740 0.972528 0.120021 0.045075 0.091520 0.010911 0.213310 0.145881 0.013159 0.137897
0.556312 0.273848 0.545471 0.260598 0.552698 0.260598 0.464767 0.273848 0.532221 0.275053 0.476813 0.371416 0.517767 0.378643 0.470790 0.506324 0.511744 0.512347 0.532221 0.579800 0.561130 0.603891 0.494881 0.621959 0.510540 0.627982 0.564744 0.783367 0.499699 0.800231 0.580403 0.950798 0.465972 0.972479 0.100342 0.041541 0.107111 0.010784 0.235855 0.171805 0.006902 0.150033
0.559470 0.277737 0.547456 0.264521 0.554665 0.264521 0.463357 0.276535 0.533039 0.277737 0.475371 0.371448 0.517421 0.378656 0.477774 0.508410 0.512615 0.512014 0.551060 0.573287 0.563075 0.602121 0.495795 0.621344 0.511414 0.628552 0.567880 0.781133 0.495795 0.799154 0.597916 0.944527 0.460954 0.969756 0.077030 0.035065 0.108939 0.021410 0.263768 0.173959 0.009179 0.163957
0.557742 0.272374 0.544370 0.259003 0.554095 0.259003 0.459277 0.272374 0.533430 0.273590 0.472648 0.372056 0.517627 0.378134 0.466570 0.511852 0.512764 0.514284 0.518842 0.590868 0.562605 0.604240 0.496961 0.621258 0.512764 0.628552 0.572330 0.782937 0.493314 0.801171 0.616092 0.945830 0.455630 0.972574 0.055308 0.033172 0.107895 0.029535 0.199865 0.172412 0.012385 0.174567
0.557081 0.273823 0.544806 0.260320 0.554626 0.260320 0.458877 0.272596 0.534985 0.273823 0.473608 0.370800 0.516572 0.379393 0.468697 0.510741 0.507979 0.515651 0.522710 0.584394 0.559536 0.599125 0.498159 0.621221 0.511662 0.628586 0.574267 0.780803 0.488338 0.800444 0.630734 0.941612 0.449057 0.972301 0.034161 0.028591 0.110546 0.036666 0.212574 0.196166 0.012507 0.184590
0.553893 0.274686 0.546585 0.262506 0.551457 0.261289 0.466203 0.274686 0.534406 0.277121 0.475946 0.373337 0.511266 0.376990 0.475946 0.497564 0.501522 0.514615 0.521009 0.568203 0.552675 0.604741 0.500304 0.621792 0.512484 0.627881 0.578251 0.781339 0.491779 0.798389 0.636711 0.945757 0.446716 0.972551 0.035915 0.042129 0.113547 0.040009 0.180750 0.186819 0.016289 0.183118
0.555408 0.274714 0.548102 0.262537 0.552973 0.261319 0.468947 0.274714 0.535924 0.277150 0.473818 0.373353 0.512787 0.377006 0.470165 0.503653 0.501827 0.515831 0.517658 0.586461 0.551755 0.604727 0.499391 0.621776 0.514004 0.627865 0.583417 0.777649 0.492085 0.798351 0.646740 0.943265 0.444592 0.971273 0.041128 0.044617 0.124723 0.042248 0.174675 0.187969 0.017064 0.198077
0.553762 0.271284 0.547687 0.259134 0.551332 0.257919 0.469930 0.271284 0.534323 0.273714 0.473575 0.373340 0.513668 0.376985 0.471145 0.505771 0.502734 0.516706 0.520958 0.587173 0.552547 0.604183 0.500304 0.621192 0.512453 0.628482 0.586566 0.775492 0.488154 0.797361 0.653389 0.940727 0.439556 0.967456 0.039937 0.043098 0.128069 0.043950 0.180641 0.189633 0.016250 0.207752
0.550090 0.272622 0.544018 0.260479 0.547661 0.259265 0.469946 0.271408 0.533090 0.273836 0.472375 0.373409 0.512447 0.377052 0.474803 0.506982 0.502732 0.519125 0.533090 0.583483 0.552518 0.601698 0.502732 0.621126 0.512447 0.628412 0.590162 0.774128 0.486946 0.795986 0.659377 0.938059 0.434731 0.965988 0.038080 0.046786 0.126434 0.048070 0.201457 0.194439 0.019338 0.213319
0.554044 0.273804 0.547972 0.260445 0.550401 0.260445 0.471460 0.271375 0.533398 0.273804 0.477532 0.373391 0.507894 0.377034 0.476318 0.506983 0.496964 0.517914 0.535827 0.588353 0.550401 0.601712 0.505465 0.621144 0.509109 0.628431 0.591693 0.772954 0.483605 0.796029 0.659704 0.938122 0.427739 0.966055 0.040092 0.052981 0.128688 0.049607 0.203892 0.205341 0.018566 0.212495
0.557149 0.275091 0.551004 0.261572 0.552233 0.261572 0.474805 0.270175 0.532569 0.273862 0.477263 0.372183 0.506760 0.378328 0.479721 0.507374 0.496927 0.520893 0.542401 0.587260 0.552233 0.602008 0.507989 0.620443 0.507989 0.629046 0.592790 0.775298 0.478492 0.798649 0.664073 0.942443 0.420729 0.969482 0.031162 0.048978 0.120282 0.056370 0.205981 0.212400 0.020357 0.214288
0.558054 0.273284 0.553165 0.259840 0.550721 0.258617 0.481056 0.270839 0.525055 0.272061 0.473723 0.372281 0.507944 0.378392 0.482278 0.509166 0.496945 0.520166 0.548277 0.589831 0.549499 0.606942 0.507944 0.620386 0.510389 0.628941 0.594720 0.776826 0.478612 0.798826 0.664385 0.946711 0.416280 0.969932 0.037330 0.052340 0.117574 0.061965 0.198406 0.197983 0.023363 0.220063
0.553254 0.284228 0.548357 0.269537 0.549582 0.269537 0.473679 0.275659 0.532442 0.278107 0.472455 0.372373 0.506733 0.378494 0.477352 0.505815 0.498164 0.516833 0.537339 0.589063 0.548357 0.603754 0.510406 0.620893 0.510406 0.628239 0.594878 0.776371 0.477352 0.795959 0.663436 0.944092 0.411243 0.963680 0.034904 0.057574 0.110183 0.066620 0.187080 0.186387 0.026529 0.220359
0.550594 0.278803 0.545658 0.263995 0.546892 0.263995 0.469150 0.271399 0.532084 0.275101 0.470384 0.372588 0.503702 0.378758 0.477788 0.503394 0.497532 0.515734 0.543190 0.586072 0.548126 0.600880 0.513574 0.620625 0.512340 0.628029 0.596253 0.779812 0.475320 0.797088 0.661655 0.951340 0.402513 0.966148 0.036527 0.060822 0.097603 0.079646 0.195033 0.184989 0.033054 0.221100
0.543949 0.276261 0.537802 0.261509 0.541490 0.261509 0.464042 0.270115 0.535343 0.275032 0.466501 0.372149 0.504610 0.379525 0.475106 0.498771 0.497234 0.513523 0.539031 0.583595 0.548866 0.600805 0.514445 0.620475 0.514445 0.627851 0.593122 0.779059 0.473877 0.793810 0.655818 0.952394 0.396429 0.962229 0.036122 0.060885 0.085886 0.088912 0.183970 0.187540 0.036865 0.222908
0.544258 0.276285 0.530920 0.262947 0.543046 0.262947 0.459380 0.271434 0.532133 0.275072 0.465442 0.369651 0.507882 0.381776 0.456954 0.501819 0.499394 0.513944 0.520007 0.584272 0.549108 0.600035 0.512732 0.620649 0.513944 0.627924 0.590335 0.777068 0.467867 0.789193 0.648537 0.943187 0.389052 0.949250 0.039325 0.057063 0.087319 0.096424 0.228221 0.187108 0.034030 0.235181
0.546053 0.275191 0.533933 0.261860 0.542417 0.261860 0.457583 0.273979 0.526662 0.275191 0.463643 0.370932 0.508483 0.380627 0.451524 0.504242 0.496364 0.512725 0.510907 0.586651 0.546053 0.602406 0.512119 0.620585 0.515755 0.627856 0.587257 0.780557 0.466067 0.791464 0.639369 0.950224 0.381233 0.950224 0.044919 0.062356 0.078726 0.103213 0.227614 0.190170 0.035564 0.233628
0.546256 0.278997 0.534163 0.264485 0.541419 0.265695 0.455558 0.275369 0.523279 0.277788 0.467651 0.372115 0.505140 0.379371 0.456767 0.506349 0.496674 0.507558 0.506349 0.591001 0.542628 0.600676 0.513605 0.621234 0.513605 0.627281 0.583745 0.779655 0.462813 0.788120 0.630909 0.948959 0.374533 0.944122 0.046194 0.066553 0.074609 0.108229 0.194409 0.166916 0.034713 0.230038
0.544336 0.277416 0.533478 0.262939 0.538304 0.264145 0.456267 0.273797 0.515382 0.276210 0.473157 0.371517 0.499698 0.379961 0.461093 0.507842 0.493666 0.509048 0.504524 0.592291 0.538304 0.600736 0.516588 0.621245 0.510556 0.627277 0.578116 0.781698 0.461093 0.788937 0.623959 0.948184 0.365786 0.940946 0.031023 0.083747 0.061744 0.108480 0.179296 0.159079 0.034629 0.211068
0.542503 0.282358 0.532857 0.267889 0.536475 0.267889 0.455688 0.275124 0.513565 0.278741 0.473774 0.371585 0.497890 0.380026 0.462923 0.505426 0.491861 0.509043 0.505125 0.588624 0.541298 0.599476 0.517182 0.621180 0.511153 0.627209 0.572648 0.780342 0.461717 0.786371 0.617261 0.945533 0.359226 0.933475 0.022773 0.097837 0.051927 0.112925 0.175176 0.174108 0.036156 0.202599
0.537645 0.273511 0.531474 0.258700 0.533942 0.259934 0.454949 0.269809 0.517897 0.272277 0.473463 0.372253 0.495680 0.379659 0.490743 0.495680 0.498149 0.512960 0.543817 0.578376 0.546285 0.600593 0.519131 0.621576 0.511726 0.626513 0.574673 0.785734 0.459886 0.786968 0.617873 0.962234 0.356207 0.941252 0.027444 0.088870 0.046185 0.120130 0.137347 0.153994 0.039389 0.203319
0.540336 0.275880 0.533057 0.261323 0.534270 0.262536 0.457845 0.272241 0.513647 0.274667 0.471189 0.372928 0.497877 0.378993 0.489385 0.497877 0.499090 0.511221 0.540336 0.579155 0.546401 0.600991 0.517287 0.621613 0.513647 0.626466 0.571876 0.785382 0.461484 0.789021 0.611908 0.960068 0.355944 0.934593 0.030708 0.100838 0.044075 0.119097 0.132202 0.151471 0.039488 0.201256
0.541291 0.269309 0.534110 0.256144 0.531716 0.256144 0.473071 0.270506 0.505386 0.272900 0.473071 0.372237 0.498205 0.379418 0.491024 0.501496 0.501795 0.512268 0.540094 0.586472 0.546078 0.608015 0.516157 0.621180 0.512567 0.627164 0.570015 0.787541 0.462300 0.792328 0.602330 0.961083 0.352190 0.935949 0.041060 0.114159 0.045109 0.112474 0.122765 0.129291 0.036654 0.193702
0.535040 0.271790 0.529050 0.258613 0.526654 0.258613 0.466757 0.271790 0.500300 0.274186 0.473945 0.373616 0.494310 0.378408 0.490716 0.502995 0.499102 0.512578 0.536238 0.589247 0.541030 0.607217 0.519467 0.621592 0.512279 0.626384 0.566187 0.786910 0.460767 0.790504 0.592542 0.960613 0.348159 0.929466 0.039741 0.119966 0.029880 0.119834 0.113545 0.121388 0.040529 0.184479
0.534625 0.280104 0.527335 0.265525 0.527335 0.266740 0.458086 0.275244 0.500607 0.278889 0.473880 0.373651 0.493318 0.378510 0.489673 0.501215 0.498178 0.508504 0.537054 0.588687 0.544344 0.603266 0.520046 0.621490 0.512756 0.626349 0.563782 0.785500 0.462946 0.790360 0.584435 0.961660 0.340241 0.925213 0.045803 0.141142 0.024331 0.118769 0.118806 0.132408 0.041886 0.176806
0.532267 0.279862 0.525029 0.265387 0.525029 0.266594 0.458686 0.275037 0.498492 0.279862 0.474367 0.373948 0.488842 0.378773 0.488842 0.503016 0.498492 0.511459 0.532267 0.591071 0.539504 0.603133 0.523823 0.621227 0.512967 0.626052 0.556391 0.786481 0.461099 0.792512 0.573279 0.958972 0.336857 0.917960 0.030875 0.152314 0.000894 0.127105 0.110285 0.110792 0.047013 0.158087
0.525312 0.285578 0.517165 0.272777 0.517165 0.273941 0.456650 0.285578 0.492727 0.286742 0.472943 0.375187 0.490399 0.377515 0.484580 0.507855 0.497382 0.512510 0.524148 0.597464 0.536949 0.610266 0.521820 0.621903 0.514838 0.625394 0.554406 0.785993 0.471779 0.792975 0.563716 0.955901 0.343766 0.909351 0.044975 0.185090 0.000160 0.111338 0.104506 0.105974 0.046844 0.142455
0.529401 0.276552 0.521169 0.263615 0.521169 0.264791 0.458838 0.277728 0.494120 0.281256 0.472951 0.374163 0.488240 0.378867 0.485887 0.503528 0.495296 0.512936 0.524697 0.592907 0.535281 0.608196 0.523521 0.621133 0.515289 0.625837 0.554098 0.782251 0.481183 0.789307 0.555274 0.955129 0.348290 0.903383 0.057534 0.208735 0.004590 0.100195 0.098669 0.109764 0.049614 0.125170
0.531555 0.261554 0.524410 0.249646 0.519647 0.250837 0.467255 0.267507 0.487497 0.271080 0.475590 0.373484 0.486306 0.379437 0.491069 0.505656 0.495832 0.516373 0.531555 0.592580 0.537508 0.606869 0.524410 0.621158 0.513694 0.625921 0.555370 0.781908 0.491069 0.789053 0.547034 0.955757 0.352943 0.898601 0.075812 0.242701 0.001394 0.079089 0.101633 0.115266 0.048705 0.104428
0.531446 0.254420 0.521863 0.243638 0.515873 0.244836 0.472747 0.265201 0.483528 0.269993 0.481132 0.373017 0.487122 0.379007 0.491914 0.505990 0.491914 0.515573 0.530248 0.592242 0.535040 0.609014 0.521863 0.622191 0.509883 0.625785 0.554207 0.782717 0.507487 0.788707 0.537436 0.960014 0.356545 0.897720 0.093311 0.296221 0.011714 0.033957 0.107372 0.126475 0.040529 0.067970
0.533175 0.248904 0.524653 0.237947 0.517348 0.239164 0.477173 0.259861 0.483260 0.264731 0.482043 0.373082 0.484478 0.379170 0.496652 0.504565 0.490565 0.515522 0.536827 0.589786 0.536827 0.606830 0.522218 0.621439 0.511261 0.626309 0.551437 0.787010 0.521001 0.790663 0.530740 0.964756 0.365169 0.899014 0.092497 0.325444 0.004550 0.015522 0.105002 0.135076 0.042756 0.036759
0.538781 0.255800 0.531510 0.242469 0.521814 0.243681 0.489093 0.261860 0.484245 0.265496 0.481821 0.372144 0.490305 0.379415 0.493940 0.504242 0.493940 0.513937 0.536357 0.590287 0.538781 0.608466 0.516967 0.621797 0.510907 0.626644 0.552112 0.789040 0.533933 0.793888 0.527874 0.965979 0.376385 0.899324 0.109266 0.355820 0.021414 0.017087 0.116664 0.132387 0.035564 0.022381
0.546100 0.251301 0.540034 0.237957 0.527903 0.240383 0.487868 0.257367 0.489082 0.264646 0.479376 0.371405 0.495147 0.379897 0.478163 0.509705 0.497574 0.513345 0.532755 0.583708 0.541248 0.604332 0.512132 0.621316 0.513345 0.627382 0.550953 0.789946 0.542461 0.788733 0.530329 0.962215 0.401734 0.895491 0.109952 0.350246 0.030541 0.033465 0.205105 0.136663 0.032494 0.015197
