0.411916 0.306729 0.425599 0.282784 0.398233 0.289625 0.473489 0.275942 0.398233 0.296467 0.569270 0.361461 0.418758 0.388826 0.620581 0.494869 0.408496 0.529076 0.627422 0.618015 0.391392 0.652222 0.555587 0.621436 0.456386 0.628277 0.555587 0.812997 0.463227 0.819838 0.541904 1.000000 0.483752 1.000000 0.021547 0.019345 0.016738 0.038251 0.099209 0.020679 0.015250 0.011363
0.410379 0.304385 0.424167 0.283703 0.400038 0.290597 0.475871 0.276809 0.400038 0.294044 0.572386 0.362983 0.420720 0.387112 0.613750 0.497415 0.413826 0.531884 0.630985 0.624952 0.393144 0.662869 0.555151 0.621505 0.451743 0.628399 0.551704 0.817982 0.458636 0.824876 0.548258 1.000000 0.486212 1.000000 0.000358 0.029041 0.015605 0.029538 0.052259 0.034702 0.008779 0.016748
0.412783 0.306278 0.426201 0.286151 0.402720 0.292860 0.476519 0.282796 0.402720 0.296214 0.570444 0.363304 0.422847 0.386786 0.614053 0.500839 0.419492 0.531029 0.627471 0.621601 0.402720 0.661854 0.553672 0.621601 0.453037 0.628309 0.550317 0.806098 0.466455 0.819516 0.550317 1.000000 0.489937 1.000000 0.005787 0.012922 0.014854 0.017282 0.062513 0.033186 0.008543 0.028088
0.414118 0.303576 0.427723 0.283168 0.403914 0.289971 0.478742 0.279767 0.403914 0.289971 0.573978 0.364799 0.424321 0.385207 0.618195 0.504252 0.420920 0.528061 0.631800 0.633500 0.407315 0.643704 0.550169 0.623296 0.451532 0.626698 0.553570 0.803564 0.461736 0.823972 0.553570 0.994036 0.492347 1.000000 0.006006 0.028717 0.035241 0.019266 0.064352 0.029699 0.002166 0.010445
0.417237 0.305761 0.430750 0.285493 0.403725 0.292249 0.481421 0.278736 0.407103 0.292249 0.576007 0.366566 0.427372 0.383457 0.619921 0.501689 0.423993 0.521957 0.633434 0.630056 0.407103 0.643568 0.548982 0.623300 0.447640 0.626678 0.552360 0.805715 0.464530 0.829362 0.555738 0.998265 0.494933 1.000000 0.000310 0.018006 0.039277 0.000001 0.066640 0.036166 0.004302 0.020571
0.419436 0.307632 0.435877 0.287902 0.409571 0.291191 0.481914 0.281326 0.412859 0.291191 0.577276 0.366822 0.429301 0.383264 0.623313 0.501644 0.426012 0.524662 0.636466 0.623313 0.406282 0.636466 0.544393 0.623313 0.449031 0.626601 0.547681 0.807459 0.468761 0.823901 0.554258 0.998183 0.498356 1.000000 0.005288 0.014160 0.046271 0.005973 0.070461 0.048199 0.008375 0.026042
0.418362 0.306735 0.431691 0.286743 0.408366 0.293407 0.481673 0.280078 0.411698 0.293407 0.578305 0.366714 0.428359 0.383375 0.628288 0.503332 0.418362 0.526657 0.644948 0.626622 0.398369 0.646615 0.544984 0.623290 0.448352 0.626622 0.548316 0.823218 0.468345 0.833215 0.554980 1.000000 0.501666 1.000000 0.004959 0.018629 0.046414 0.004605 0.068884 0.030397 0.008487 0.025404
0.422606 0.304097 0.435505 0.284749 0.409707 0.287974 0.483876 0.281524 0.412932 0.291199 0.577394 0.365367 0.429056 0.384716 0.622540 0.494357 0.416157 0.526604 0.645113 0.610447 0.390359 0.649144 0.545146 0.623346 0.448404 0.626571 0.545146 0.820055 0.470977 0.826504 0.548371 1.000000 0.503225 1.000000 0.004973 0.015115 0.039583 0.010375 0.046036 0.037190 0.008213 0.035787
0.419645 0.301952 0.432631 0.282472 0.409905 0.285719 0.481332 0.282472 0.413151 0.288965 0.575485 0.366886 0.426138 0.383119 0.624186 0.496753 0.416398 0.525973 0.646912 0.613634 0.383931 0.649347 0.549512 0.623374 0.448865 0.626621 0.552759 0.821422 0.471592 0.827915 0.549512 1.000000 0.507305 1.000000 0.009968 0.017576 0.037342 0.006163 0.053069 0.060239 0.002068 0.030569
0.418269 0.302885 0.434295 0.283654 0.411859 0.286859 0.482372 0.280449 0.415064 0.290064 0.575320 0.366987 0.424679 0.383013 0.623397 0.498397 0.411859 0.524038 0.649038 0.620192 0.383013 0.642628 0.549680 0.623397 0.450321 0.626603 0.546474 0.825320 0.469551 0.831731 0.546474 1.000000 0.508013 1.000000 0.005052 0.029243 0.026673 0.003627 0.045592 0.047094 0.000005 0.034807
0.418269 0.302885 0.434295 0.283654 0.411859 0.286859 0.482372 0.280449 0.415064 0.286859 0.575320 0.366987 0.424679 0.383013 0.623397 0.498397 0.411859 0.524038 0.649038 0.620192 0.383013 0.642628 0.549680 0.623397 0.450321 0.626603 0.546474 0.825320 0.469551 0.831731 0.546474 1.000000 0.508013 1.000000 0.005052 0.030158 0.026673 0.003627 0.045592 0.047094 0.000005 0.034807
0.420163 0.300811 0.436292 0.281456 0.410486 0.284682 0.484678 0.281456 0.416937 0.284682 0.574998 0.368551 0.426614 0.381454 0.626610 0.500806 0.410486 0.523387 0.655642 0.629836 0.378228 0.642739 0.549193 0.623385 0.449195 0.626610 0.549193 0.826606 0.468549 0.833058 0.549193 1.000000 0.507258 1.000000 0.000001 0.029243 0.032125 0.000512 0.047986 0.048005 0.002052 0.029755
0.418269 0.299679 0.431090 0.280449 0.411859 0.283654 0.482372 0.280449 0.421474 0.286859 0.572115 0.366987 0.427885 0.383013 0.623397 0.501603 0.402244 0.524038 0.655449 0.626603 0.370192 0.639423 0.549680 0.623397 0.450321 0.626603 0.549680 0.828526 0.469551 0.834936 0.543269 1.000000 0.501603 1.000000 0.010102 0.023269 0.027781 0.000001 0.035961 0.028996 0.000005 0.029299
0.415867 0.296479 0.428687 0.277248 0.409457 0.280453 0.479968 0.280453 0.425482 0.280453 0.572915 0.370195 0.425482 0.379810 0.624196 0.501603 0.396637 0.520833 0.656247 0.626600 0.361381 0.642625 0.550480 0.623395 0.451123 0.626600 0.544070 0.825314 0.467148 0.828519 0.537659 1.000000 0.502404 1.000000 0.000463 0.031580 0.018029 0.007743 0.038536 0.025468 0.002040 0.035311
0.413406 0.286783 0.426477 0.270444 0.410138 0.270444 0.478760 0.270444 0.426477 0.273712 0.573523 0.368475 0.423209 0.381546 0.625806 0.502451 0.390532 0.522057 0.661751 0.623355 0.351320 0.646229 0.550649 0.623355 0.452618 0.626623 0.544114 0.825953 0.468957 0.829220 0.537578 1.000000 0.501634 1.000000 0.000622 0.026107 0.018225 0.012400 0.026449 0.024631 0.004162 0.035879
0.413081 0.278978 0.429637 0.262422 0.409770 0.262422 0.479305 0.265734 0.429637 0.269045 0.575329 0.365069 0.423015 0.384936 0.628308 0.500828 0.389903 0.527317 0.664732 0.620030 0.350169 0.653142 0.552151 0.623342 0.449504 0.626653 0.545529 0.831946 0.466060 0.835258 0.535595 1.000000 0.499172 1.000000 0.004357 0.029137 0.018388 0.009535 0.024039 0.024631 0.002108 0.035311
0.412024 0.281293 0.428468 0.261560 0.408735 0.264848 0.481089 0.264848 0.425179 0.271426 0.573177 0.366802 0.421890 0.383246 0.625798 0.501644 0.389002 0.524666 0.668553 0.620042 0.356114 0.646353 0.553444 0.623331 0.451490 0.626620 0.546866 0.827239 0.471223 0.830528 0.530422 1.000000 0.500822 1.000000 0.013804 0.015919 0.014173 0.007815 0.008126 0.011290 0.006282 0.040973
0.417258 0.282802 0.429987 0.263708 0.410893 0.266890 0.484088 0.266890 0.426805 0.273255 0.570013 0.368726 0.420440 0.381456 0.624113 0.502387 0.391799 0.521481 0.665484 0.620135 0.366340 0.645594 0.554101 0.623318 0.455447 0.626500 0.544553 0.823808 0.468176 0.826991 0.525459 1.000000 0.500000 1.000000 0.014608 0.032386 0.004722 0.024984 0.014873 0.000166 0.012159 0.035329
0.416200 0.280222 0.432011 0.264410 0.413037 0.264410 0.485770 0.267573 0.425686 0.270735 0.571151 0.368765 0.419362 0.381415 0.624910 0.504743 0.394064 0.523717 0.669182 0.628072 0.368765 0.650208 0.555340 0.624910 0.454147 0.624910 0.552178 0.824134 0.463634 0.824134 0.530042 1.000000 0.492094 1.000000 0.029096 0.032247 0.014572 0.030021 0.010137 0.006829 0.012082 0.020198
0.417305 0.273383 0.436388 0.257480 0.414124 0.257480 0.487278 0.263841 0.423666 0.267022 0.569973 0.368801 0.417305 0.381523 0.627223 0.508747 0.391860 0.524650 0.668571 0.632789 0.369596 0.651873 0.557251 0.623248 0.455472 0.626428 0.557251 0.823625 0.461833 0.820444 0.531806 1.000000 0.487278 1.000000 0.037828 0.029151 0.015902 0.038778 0.021189 0.000848 0.016206 0.010433
0.423053 0.271515 0.441897 0.252671 0.416772 0.255812 0.495289 0.258953 0.419913 0.265234 0.570665 0.368877 0.416772 0.381439 0.624057 0.500785 0.401069 0.522770 0.668026 0.623272 0.379084 0.645257 0.558103 0.623272 0.454460 0.626412 0.551821 0.827416 0.463882 0.824275 0.536118 1.000000 0.489008 1.000000 0.014646 0.027046 0.005915 0.033444 0.012719 0.021307 0.016002 0.024937
0.433283 0.266883 0.448981 0.248045 0.420724 0.251184 0.499215 0.254324 0.417585 0.266883 0.571427 0.367351 0.414445 0.383049 0.621661 0.499215 0.401887 0.524332 0.662476 0.615381 0.383049 0.646778 0.558868 0.621661 0.455260 0.627940 0.555728 0.835155 0.467819 0.832016 0.533751 1.000000 0.483517 1.000000 0.028455 0.004873 0.011026 0.033005 0.008307 0.020370 0.017998 0.024244
0.439139 0.267478 0.454744 0.248751 0.423533 0.254994 0.504682 0.254994 0.417291 0.270599 0.570225 0.367353 0.417291 0.382959 0.617041 0.495318 0.401685 0.523408 0.651373 0.613920 0.382959 0.651373 0.557740 0.623284 0.454744 0.626405 0.551498 0.832397 0.467228 0.829276 0.529650 1.000000 0.476592 1.000000 0.022227 0.005530 0.006016 0.029026 0.021950 0.011030 0.015902 0.029063
0.444168 0.268143 0.459677 0.249533 0.428659 0.252634 0.506204 0.258838 0.419354 0.271245 0.571341 0.367400 0.416252 0.382908 0.614765 0.491470 0.400744 0.528691 0.636478 0.600032 0.385235 0.658965 0.558933 0.621744 0.453474 0.627948 0.552730 0.829562 0.462779 0.829562 0.527916 1.000000 0.472084 1.000000 0.026722 0.000426 0.006016 0.033303 0.044334 0.003981 0.015804 0.024179
0.451863 0.268341 0.466906 0.250290 0.433812 0.256307 0.509026 0.259315 0.421778 0.271350 0.569197 0.367624 0.418769 0.382666 0.611317 0.484957 0.403726 0.524068 0.620342 0.587248 0.388683 0.650428 0.557163 0.623351 0.454872 0.626359 0.548137 0.818907 0.460889 0.821916 0.527077 1.000000 0.472923 1.000000 0.017971 0.009477 0.000267 0.037025 0.081691 0.003981 0.015328 0.024472
0.458096 0.267282 0.476055 0.246330 0.440137 0.252317 0.514966 0.258303 0.425171 0.273269 0.571836 0.366056 0.422178 0.384015 0.610747 0.482789 0.407212 0.527687 0.610747 0.572584 0.392246 0.653399 0.553877 0.623468 0.452110 0.626461 0.550884 0.815029 0.458096 0.818023 0.526938 1.000000 0.476055 1.000000 0.032855 0.019810 0.017198 0.029156 0.102416 0.004678 0.007623 0.014917
0.463758 0.268495 0.481509 0.247785 0.446007 0.253703 0.519970 0.259620 0.428256 0.274412 0.576182 0.369085 0.422339 0.380919 0.611684 0.484468 0.410505 0.522929 0.605767 0.561389 0.395712 0.650145 0.552514 0.623519 0.448965 0.626477 0.549555 0.812864 0.457841 0.812864 0.531804 1.000000 0.478551 1.000000 0.024326 0.019002 0.024552 0.019235 0.119452 0.010383 0.001884 0.020119
0.466518 0.266373 0.484375 0.248516 0.445685 0.254469 0.520089 0.260421 0.430805 0.278278 0.576636 0.367562 0.421876 0.382443 0.606397 0.486607 0.406996 0.519345 0.597468 0.563987 0.395091 0.650295 0.552826 0.623510 0.448662 0.626486 0.549850 0.813983 0.454614 0.816959 0.531994 1.000000 0.484375 1.000000 0.023884 0.036533 0.024552 0.024853 0.114545 0.005606 0.001894 0.014917
0.469495 0.266373 0.487351 0.248516 0.451638 0.254469 0.523065 0.260421 0.433781 0.275302 0.576636 0.370538 0.421876 0.379466 0.609373 0.489584 0.409972 0.519345 0.594492 0.566963 0.395091 0.653271 0.552826 0.623510 0.448662 0.626486 0.549850 0.811006 0.460566 0.819935 0.534970 1.000000 0.487351 1.000000 0.018658 0.021722 0.024818 0.014818 0.145899 0.008198 0.001894 0.024616
0.471970 0.262883 0.490152 0.244702 0.453789 0.250762 0.526515 0.256823 0.432577 0.268944 0.581059 0.368942 0.420456 0.381063 0.611362 0.493182 0.408335 0.523484 0.596210 0.574999 0.396214 0.650755 0.550757 0.623483 0.447728 0.626513 0.550757 0.820449 0.459849 0.826509 0.541666 1.000000 0.490152 1.000000 0.014243 0.025899 0.037717 0.015956 0.134436 0.003198 0.001931 0.019268
0.473375 0.268507 0.491125 0.247799 0.452666 0.253715 0.523667 0.259632 0.431957 0.274424 0.576918 0.369092 0.420124 0.380926 0.606501 0.493344 0.411249 0.519969 0.597626 0.585053 0.399415 0.647179 0.553251 0.623512 0.449708 0.626470 0.550292 0.809890 0.461541 0.821723 0.544376 1.000000 0.491125 1.000000 0.004447 0.025899 0.024473 0.018899 0.105111 0.009235 0.003768 0.024320
0.475002 0.267663 0.489707 0.247076 0.454415 0.252958 0.524998 0.258840 0.433828 0.276486 0.577936 0.370597 0.419123 0.379420 0.607346 0.500000 0.410300 0.523528 0.598523 0.602934 0.389714 0.658813 0.554408 0.623521 0.448533 0.626462 0.554408 0.811743 0.460297 0.826448 0.548526 0.985261 0.492648 1.000000 0.010786 0.031619 0.029525 0.019014 0.098352 0.028606 0.003745 0.018703
0.476018 0.265992 0.493459 0.245644 0.455669 0.251458 0.525436 0.260178 0.435321 0.274713 0.580667 0.370642 0.420786 0.379363 0.609737 0.501453 0.409159 0.524709 0.606830 0.609010 0.382996 0.658428 0.551598 0.623544 0.446949 0.626451 0.557412 0.818309 0.461483 0.827029 0.551598 0.969469 0.496366 1.000000 0.021736 0.032574 0.045927 0.010553 0.078205 0.036090 0.001853 0.013527
0.477143 0.269286 0.494286 0.249286 0.457143 0.255000 0.522857 0.263571 0.437143 0.275000 0.577143 0.372143 0.422857 0.377857 0.611429 0.509286 0.408571 0.523571 0.614286 0.626429 0.380000 0.652143 0.551429 0.623571 0.448571 0.626429 0.560000 0.812143 0.465714 0.826429 0.551429 0.972143 0.502857 1.000000 0.031495 0.031232 0.046900 0.005596 0.070217 0.038497 0.000005 0.012759
0.477143 0.269286 0.491429 0.249286 0.457143 0.255000 0.522857 0.263571 0.437143 0.275000 0.577143 0.372143 0.422857 0.377857 0.611429 0.509286 0.408571 0.523571 0.614286 0.626429 0.380000 0.655000 0.551429 0.623571 0.448571 0.626429 0.560000 0.812143 0.465714 0.826429 0.548571 0.972143 0.502857 1.000000 0.037156 0.031232 0.046900 0.005596 0.070217 0.037030 0.000005 0.012759
0.477143 0.269286 0.494286 0.249286 0.457143 0.255000 0.525714 0.263571 0.437143 0.277857 0.577143 0.372143 0.422857 0.377857 0.611429 0.509286 0.402857 0.523571 0.622857 0.632143 0.377143 0.652143 0.551429 0.623571 0.448571 0.626429 0.560000 0.817857 0.465714 0.823571 0.551429 0.992143 0.500000 1.000000 0.029676 0.025685 0.046476 0.005202 0.048454 0.019415 0.000005 0.013576
0.477143 0.267857 0.494286 0.247857 0.457143 0.253571 0.525714 0.262143 0.437143 0.273571 0.577143 0.370714 0.422857 0.379286 0.611429 0.513571 0.400000 0.525000 0.628571 0.639286 0.371429 0.650714 0.551429 0.625000 0.448571 0.625000 0.557143 0.816429 0.462857 0.825000 0.548571 1.000000 0.497143 1.000000 0.023958 0.030597 0.041579 0.010493 0.031837 0.021607 0.000005 0.013199
0.480722 0.265096 0.497858 0.245104 0.457874 0.250816 0.526418 0.259384 0.437882 0.267952 0.574969 0.370767 0.417891 0.379335 0.614953 0.510710 0.395043 0.522134 0.637801 0.630661 0.369339 0.644941 0.554978 0.622093 0.452162 0.627805 0.549266 0.816299 0.460730 0.822011 0.546410 1.000000 0.495002 1.000000 0.005170 0.037139 0.015907 0.029596 0.028673 0.015174 0.009092 0.023394
0.481553 0.261610 0.498581 0.244582 0.461687 0.247420 0.526961 0.255934 0.436145 0.264448 0.575206 0.369453 0.413442 0.380805 0.614938 0.505676 0.393576 0.519866 0.646156 0.630547 0.368034 0.633385 0.558179 0.622033 0.453173 0.627709 0.549665 0.817854 0.464525 0.820692 0.543989 1.000000 0.495743 1.000000 0.005670 0.028270 0.007596 0.032084 0.012355 0.025279 0.014458 0.032533
0.485810 0.254515 0.502838 0.240325 0.463106 0.243163 0.528380 0.254515 0.440402 0.263029 0.573787 0.370872 0.414861 0.379386 0.616357 0.501419 0.389319 0.515609 0.650413 0.623452 0.366615 0.623452 0.556760 0.623452 0.454592 0.626290 0.551084 0.816435 0.465944 0.819273 0.542570 1.000000 0.497162 1.000000 0.003199 0.029555 0.012067 0.032084 0.013709 0.007050 0.014458 0.028062
0.487229 0.255934 0.504257 0.238906 0.467363 0.241744 0.532637 0.255934 0.441821 0.264448 0.572368 0.369453 0.416280 0.380805 0.617776 0.502838 0.387900 0.514190 0.657508 0.616357 0.365196 0.622033 0.558179 0.622033 0.453173 0.627709 0.552503 0.812178 0.467363 0.812178 0.543989 1.000000 0.504257 1.000000 0.003062 0.031660 0.008365 0.022777 0.002726 0.000691 0.014458 0.033936
0.490615 0.253814 0.507941 0.236487 0.470400 0.239375 0.533932 0.250926 0.441522 0.262478 0.574361 0.369327 0.415532 0.380878 0.617678 0.499278 0.386653 0.513717 0.660995 0.611903 0.360663 0.623454 0.557034 0.623454 0.453073 0.626342 0.551259 0.822713 0.470400 0.825601 0.539707 1.000000 0.505054 1.000000 0.007736 0.025685 0.012445 0.020699 0.014459 0.005886 0.012872 0.036833
0.493427 0.249479 0.510956 0.231950 0.470054 0.234871 0.537250 0.246557 0.440839 0.258243 0.575229 0.369262 0.414545 0.380948 0.616131 0.497809 0.382408 0.512416 0.659954 0.614670 0.359036 0.623435 0.557700 0.623435 0.452525 0.626356 0.554779 0.827942 0.475897 0.827942 0.540171 1.000000 0.505113 1.000000 0.015830 0.006593 0.017371 0.012133 0.016144 0.010265 0.013023 0.041288
0.495642 0.251605 0.513073 0.231268 0.472401 0.234173 0.536315 0.251605 0.443348 0.260320 0.576988 0.370718 0.414296 0.379434 0.614756 0.501453 0.385244 0.515979 0.655429 0.620566 0.362003 0.626377 0.556652 0.623471 0.452064 0.626377 0.550841 0.829741 0.478211 0.832646 0.536315 1.000000 0.507263 1.000000 0.011413 0.002054 0.016592 0.008173 0.015221 0.000691 0.011099 0.049099
0.497079 0.246622 0.511683 0.229097 0.473713 0.232018 0.537970 0.246622 0.441584 0.255385 0.575940 0.372216 0.412377 0.378057 0.610990 0.506572 0.380248 0.518255 0.651881 0.626324 0.362723 0.638007 0.558416 0.623403 0.453267 0.626324 0.552574 0.836620 0.473713 0.833699 0.537970 1.000000 0.497079 1.000000 0.011401 0.002997 0.013453 0.020679 0.023513 0.025454 0.014881 0.040000
0.496452 0.251617 0.513484 0.237424 0.473742 0.237424 0.536193 0.254456 0.445356 0.260133 0.573096 0.373679 0.416969 0.376518 0.607160 0.509935 0.385744 0.524129 0.641224 0.631998 0.365873 0.649030 0.556064 0.623482 0.453872 0.626321 0.553225 0.830704 0.468065 0.827866 0.533354 1.000000 0.496452 1.000000 0.023771 0.022160 0.017309 0.024306 0.008648 0.016137 0.012653 0.026740
0.495837 0.255797 0.512488 0.241921 0.473637 0.241921 0.537463 0.258572 0.445887 0.261347 0.573539 0.375123 0.415361 0.375123 0.606839 0.513875 0.390386 0.522200 0.634589 0.635977 0.370961 0.644302 0.556888 0.624877 0.454212 0.624877 0.554113 0.830230 0.468087 0.824679 0.531913 1.000000 0.490287 1.000000 0.027823 0.016911 0.016888 0.027052 0.003841 0.003321 0.014138 0.026371
0.491771 0.255863 0.508229 0.239404 0.469826 0.242147 0.532917 0.258606 0.442395 0.261349 0.571321 0.373817 0.414963 0.376560 0.604238 0.516459 0.390275 0.521945 0.628926 0.637156 0.371074 0.645385 0.557605 0.623440 0.456110 0.626183 0.557605 0.823688 0.464339 0.815458 0.538404 1.000000 0.483541 0.996504 0.028131 0.019803 0.017472 0.038170 0.007970 0.004421 0.017472 0.013831
0.489212 0.257941 0.505394 0.241759 0.467636 0.244456 0.532364 0.257941 0.440665 0.263335 0.570123 0.373914 0.413695 0.376611 0.602487 0.514159 0.392119 0.519553 0.624064 0.632829 0.373239 0.643617 0.559335 0.624738 0.456847 0.624738 0.559335 0.824318 0.467636 0.818924 0.537758 1.000000 0.481121 1.000000 0.031726 0.005032 0.013682 0.037144 0.014943 0.000373 0.020618 0.017666
0.489320 0.257699 0.505340 0.241679 0.467960 0.244349 0.529370 0.257699 0.441260 0.263039 0.572089 0.372508 0.414561 0.377848 0.601459 0.514017 0.393201 0.516687 0.620149 0.636837 0.377181 0.642177 0.558740 0.623487 0.454610 0.626157 0.556070 0.821065 0.470630 0.813055 0.537380 1.000000 0.478640 1.000000 0.023139 0.014320 0.012614 0.023685 0.017070 0.008174 0.017005 0.031519
