0.504566 0.269421 0.522830 0.255724 0.488585 0.255153 0.547942 0.272275 0.465756 0.271704 0.581045 0.379574 0.421809 0.370442 0.613577 0.510844 0.377862 0.497146 0.613577 0.626704 0.368159 0.610153 0.550796 0.626133 0.446351 0.623850 0.550225 0.811624 0.450916 0.807058 0.570772 1.000000 0.476600 0.988553 0.034755 0.036815 0.037878 0.022800 0.077328 0.079009 0.003633 0.008910
0.504840 0.269947 0.523062 0.256280 0.488326 0.255141 0.547548 0.272224 0.465549 0.271655 0.580576 0.379848 0.422272 0.370168 0.611325 0.513097 0.378425 0.497153 0.615881 0.630402 0.369883 0.611041 0.550395 0.625846 0.446757 0.624138 0.549826 0.812622 0.451313 0.806928 0.570895 1.000000 0.477507 0.986870 0.035779 0.038082 0.037887 0.022663 0.059837 0.082001 0.003625 0.008901
0.504994 0.269432 0.523257 0.255735 0.489014 0.254593 0.548368 0.271715 0.466185 0.271144 0.580899 0.380150 0.422811 0.369877 0.610576 0.515980 0.379437 0.497717 0.619707 0.632976 0.370876 0.610718 0.550080 0.626128 0.446210 0.623845 0.549509 0.814463 0.451347 0.808756 0.570626 1.000000 0.477600 0.990243 0.035569 0.036888 0.038710 0.020405 0.043677 0.080050 0.004723 0.009804
0.504261 0.269063 0.522440 0.255429 0.487786 0.254292 0.547437 0.271904 0.465629 0.271336 0.581524 0.380413 0.422453 0.369619 0.611634 0.516191 0.380413 0.496875 0.620723 0.633222 0.372459 0.609929 0.549710 0.626404 0.446314 0.623564 0.549142 0.814449 0.450290 0.808200 0.567889 1.000000 0.475855 0.987722 0.031941 0.038171 0.039978 0.022966 0.044790 0.079206 0.005063 0.007816
0.503017 0.267267 0.521406 0.253476 0.486927 0.252901 0.547265 0.270141 0.464515 0.269566 0.582318 0.380473 0.421417 0.369555 0.615073 0.518389 0.379467 0.498276 0.623118 0.637916 0.371422 0.612631 0.550713 0.626423 0.445552 0.623549 0.548989 0.816631 0.447851 0.809161 0.566228 1.000000 0.473710 0.994198 0.030494 0.040256 0.037796 0.026215 0.052831 0.077923 0.004756 0.006826
0.502002 0.268036 0.520308 0.253735 0.485985 0.253163 0.546622 0.270324 0.464247 0.269180 0.582088 0.380157 0.420772 0.369860 0.616411 0.517447 0.379585 0.498570 0.623848 0.637005 0.372720 0.612407 0.551198 0.626136 0.445942 0.623848 0.548910 0.815483 0.449374 0.808618 0.564355 1.000000 0.473972 0.993389 0.028707 0.036216 0.035919 0.025529 0.058205 0.079410 0.003641 0.009758
0.500851 0.267751 0.519011 0.253563 0.484961 0.252995 0.545116 0.269453 0.463396 0.269453 0.582571 0.379548 0.420266 0.370468 0.617189 0.514046 0.379974 0.497588 0.622296 0.634356 0.373164 0.609953 0.551359 0.626411 0.445804 0.623573 0.549089 0.813686 0.446371 0.807443 0.562709 1.000000 0.466234 0.991881 0.025902 0.033166 0.036175 0.031026 0.066682 0.078436 0.003613 0.004841
0.500284 0.267507 0.519055 0.253287 0.484358 0.252718 0.545788 0.269782 0.462744 0.269782 0.582759 0.379558 0.420085 0.370458 0.618593 0.512656 0.380269 0.499005 0.623143 0.633808 0.373444 0.612194 0.551476 0.626414 0.445680 0.623570 0.549200 0.812977 0.449093 0.806721 0.561714 1.000000 0.471845 0.993284 0.023863 0.032697 0.036243 0.026149 0.071764 0.076437 0.003621 0.009812
0.500000 0.266899 0.518160 0.252712 0.483543 0.252144 0.544833 0.269169 0.462545 0.270304 0.582855 0.379264 0.419982 0.370752 0.618608 0.512059 0.380825 0.498439 0.622013 0.634072 0.374015 0.611372 0.551075 0.626127 0.446087 0.623857 0.549373 0.812835 0.452330 0.806592 0.560155 1.000000 0.473895 0.993300 0.020116 0.025733 0.037851 0.021845 0.074833 0.075546 0.003613 0.013772
0.500000 0.267644 0.518036 0.252990 0.483655 0.253554 0.544527 0.269335 0.462237 0.270463 0.582853 0.379243 0.421092 0.370788 0.617798 0.511132 0.382202 0.497605 0.621744 0.632875 0.375438 0.610894 0.550726 0.626112 0.445328 0.623857 0.548472 0.812109 0.449837 0.805909 0.558054 1.000000 0.470691 0.990779 0.019351 0.027874 0.037334 0.022509 0.072132 0.075736 0.005024 0.011740
0.500559 0.268883 0.517875 0.254360 0.484359 0.254918 0.544687 0.269442 0.463133 0.271117 0.582671 0.380043 0.421239 0.369988 0.617304 0.511870 0.383813 0.498464 0.621214 0.631967 0.377110 0.610741 0.550273 0.626381 0.445817 0.623588 0.549156 0.810716 0.451961 0.804572 0.557535 1.000000 0.470953 0.987231 0.015760 0.022175 0.039696 0.019950 0.071416 0.071247 0.004979 0.012732
0.499860 0.268370 0.517775 0.253814 0.483625 0.254374 0.544647 0.269489 0.462351 0.270609 0.582715 0.380336 0.421484 0.369699 0.616865 0.513576 0.383975 0.498460 0.620224 0.633380 0.376697 0.612106 0.550245 0.626662 0.445556 0.623303 0.548565 0.812526 0.452274 0.805808 0.555843 1.000000 0.471309 0.989433 0.014830 0.021167 0.038842 0.018413 0.070942 0.069872 0.005346 0.014588
0.500279 0.269171 0.518154 0.254648 0.484081 0.254648 0.544965 0.270288 0.462855 0.270847 0.582389 0.380326 0.422080 0.369714 0.616462 0.514942 0.383538 0.498185 0.619813 0.634476 0.377952 0.613250 0.549992 0.626656 0.445539 0.623304 0.548316 0.813777 0.452801 0.807074 0.554461 1.000000 0.471234 0.991402 0.012996 0.019155 0.038774 0.016793 0.069989 0.077334 0.005690 0.015421
0.500989 0.268828 0.519064 0.253577 0.484607 0.253577 0.545613 0.268263 0.462578 0.269393 0.582894 0.380107 0.421907 0.369939 0.616221 0.517935 0.382931 0.500424 0.619611 0.639946 0.376153 0.617916 0.550132 0.626389 0.445067 0.623565 0.549002 0.816749 0.451280 0.810536 0.554086 1.000000 0.468226 1.000000 0.010096 0.017687 0.040208 0.018412 0.066679 0.074051 0.006114 0.012464
0.501550 0.268486 0.519023 0.253831 0.484641 0.253831 0.546077 0.269050 0.462659 0.269050 0.582714 0.380086 0.420950 0.369941 0.614841 0.518177 0.382623 0.500141 0.619350 0.639923 0.376423 0.617941 0.550586 0.626396 0.445750 0.623577 0.548896 0.815778 0.451950 0.810141 0.552841 1.000000 0.467732 1.000000 0.009172 0.015658 0.038444 0.020451 0.060978 0.074390 0.004665 0.013417
0.501403 0.269559 0.518794 0.254411 0.485133 0.254411 0.545724 0.269559 0.463253 0.268998 0.583312 0.380642 0.422298 0.369421 0.614730 0.519215 0.383026 0.498457 0.618657 0.640397 0.377416 0.616834 0.549651 0.626932 0.444739 0.623005 0.547968 0.816559 0.450349 0.809827 0.550773 1.000000 0.466058 0.999453 0.007346 0.016753 0.040412 0.018540 0.060656 0.078967 0.007144 0.012381
0.501108 0.270566 0.518288 0.255049 0.484483 0.255603 0.544889 0.270012 0.462869 0.270012 0.583128 0.380850 0.422414 0.369212 0.614163 0.517734 0.383621 0.496675 0.618042 0.637439 0.377525 0.613608 0.549323 0.626909 0.445135 0.623030 0.547106 0.814224 0.449569 0.807574 0.548214 1.000000 0.463978 0.994889 0.005582 0.016792 0.039693 0.020773 0.060656 0.077462 0.007056 0.011412
0.500418 0.269422 0.517694 0.254375 0.483699 0.254932 0.545001 0.269422 0.463080 0.269979 0.584011 0.380880 0.421283 0.369177 0.612433 0.519644 0.382273 0.497910 0.615219 0.638904 0.376143 0.615498 0.550017 0.626644 0.444689 0.623300 0.546116 0.816122 0.448033 0.809434 0.546673 1.000000 0.461965 1.000000 0.007449 0.017510 0.037199 0.023518 0.056871 0.077078 0.006742 0.012270
0.501946 0.269384 0.519183 0.254371 0.485265 0.254927 0.546429 0.269384 0.464136 0.269940 0.584239 0.380591 0.421321 0.369471 0.611485 0.520156 0.382954 0.497359 0.614821 0.635256 0.376282 0.614682 0.549765 0.626915 0.444674 0.623023 0.544761 0.817080 0.447455 0.810407 0.544761 1.000000 0.460243 1.000000 0.008375 0.016406 0.035887 0.024513 0.052145 0.074690 0.007080 0.013097
0.502074 0.269697 0.519768 0.254767 0.484932 0.255320 0.546862 0.270250 0.464473 0.270250 0.583910 0.380287 0.421896 0.369781 0.612110 0.518524 0.382084 0.498065 0.614322 0.636855 0.376001 0.615290 0.549627 0.626902 0.444567 0.623031 0.543545 0.816563 0.446226 0.809374 0.542439 1.000000 0.457838 1.000000 0.008421 0.016462 0.033763 0.025586 0.058107 0.079285 0.007393 0.013038
0.503161 0.270866 0.520206 0.255471 0.486117 0.256571 0.547696 0.270866 0.464675 0.271415 0.584534 0.380278 0.422889 0.369832 0.614773 0.515532 0.383302 0.496839 0.617522 0.638140 0.376705 0.614498 0.548796 0.626594 0.443782 0.623295 0.542748 0.816280 0.445981 0.808582 0.541098 1.000000 0.457527 0.997718 0.007463 0.015630 0.035718 0.022401 0.062880 0.078345 0.009452 0.013924
0.502861 0.270971 0.520846 0.256801 0.486512 0.256801 0.548095 0.273151 0.465257 0.271516 0.584609 0.380512 0.423294 0.369613 0.615128 0.515668 0.382965 0.496594 0.615673 0.638290 0.376970 0.613765 0.548095 0.626845 0.444003 0.623030 0.542100 0.813774 0.445638 0.807235 0.538285 1.000000 0.457083 0.995254 0.003946 0.016526 0.036637 0.023129 0.069276 0.081616 0.010063 0.013029
0.503698 0.270161 0.521779 0.255916 0.487262 0.255368 0.548625 0.272901 0.465894 0.270709 0.585881 0.380287 0.423159 0.369877 0.616563 0.516163 0.382067 0.498630 0.617111 0.638889 0.375493 0.616426 0.548077 0.626836 0.442883 0.623001 0.542050 0.816405 0.442883 0.810378 0.537667 1.000000 0.454388 1.000000 0.003022 0.019240 0.038314 0.024754 0.069270 0.080588 0.011513 0.010116
0.503814 0.270760 0.521249 0.256049 0.486924 0.256594 0.548490 0.272939 0.466220 0.272939 0.586084 0.380272 0.423723 0.369920 0.616050 0.515936 0.382315 0.498502 0.617140 0.637980 0.374688 0.616186 0.547401 0.627083 0.442792 0.622724 0.541408 0.816141 0.442792 0.809603 0.534870 1.000000 0.453689 1.000000 0.000575 0.018169 0.039400 0.023965 0.066356 0.078566 0.012490 0.010087
0.504095 0.268622 0.522114 0.254425 0.487168 0.254971 0.549961 0.270806 0.466419 0.271352 0.587091 0.380011 0.422737 0.370182 0.617122 0.514879 0.381785 0.498498 0.617669 0.635551 0.373595 0.616440 0.547777 0.626814 0.442394 0.622992 0.541225 0.817377 0.442940 0.810825 0.533581 1.000000 0.452769 1.000000 0.001469 0.015478 0.039341 0.023775 0.068301 0.076266 0.012517 0.011866
0.504474 0.268552 0.521830 0.254451 0.487662 0.254993 0.549490 0.271806 0.467052 0.271806 0.586369 0.380276 0.424749 0.369971 0.616741 0.515321 0.382445 0.498509 0.616199 0.635723 0.373768 0.616741 0.546778 0.627046 0.442104 0.622707 0.540270 0.817411 0.441562 0.809818 0.531592 1.000000 0.451324 0.999099 0.003338 0.017325 0.039760 0.022746 0.071850 0.077886 0.014161 0.009956
0.504063 0.268114 0.521942 0.254027 0.486726 0.254569 0.549574 0.271365 0.466680 0.271365 0.585874 0.380264 0.424962 0.369970 0.617839 0.515170 0.382161 0.496207 0.617297 0.635447 0.372409 0.615943 0.546865 0.627321 0.442299 0.622445 0.538738 0.820740 0.440674 0.812613 0.530069 1.000000 0.450426 1.000000 0.000884 0.019123 0.036481 0.024544 0.075491 0.078184 0.013801 0.010645
0.504455 0.268493 0.522273 0.253374 0.487176 0.254994 0.550891 0.270113 0.467738 0.272273 0.587068 0.380264 0.424541 0.370005 0.617846 0.515254 0.382424 0.497435 0.618386 0.637824 0.372705 0.617306 0.546571 0.627025 0.441820 0.622705 0.538472 0.819790 0.439660 0.811690 0.530913 1.000000 0.447219 1.000000 0.000992 0.016327 0.038411 0.025369 0.069953 0.075854 0.014786 0.009728
0.505135 0.267579 0.522972 0.252445 0.487298 0.254067 0.551619 0.269201 0.467299 0.271363 0.586752 0.380006 0.425139 0.370277 0.618643 0.514053 0.382979 0.496757 0.620264 0.636750 0.371628 0.616210 0.546214 0.627021 0.441895 0.622696 0.537566 0.818362 0.438652 0.810255 0.529998 1.000000 0.445138 1.000000 0.002075 0.016320 0.037400 0.026602 0.070138 0.072260 0.015146 0.008874
0.505940 0.267402 0.523759 0.252282 0.488660 0.253902 0.551298 0.269562 0.468681 0.270642 0.587477 0.379719 0.423862 0.370539 0.620956 0.513095 0.383363 0.498515 0.624196 0.635131 0.371484 0.617852 0.546979 0.627031 0.441682 0.622711 0.538339 0.818726 0.437362 0.810626 0.530239 1.000000 0.443842 1.000000 0.001226 0.018102 0.037330 0.029772 0.069834 0.065974 0.014443 0.007021
0.506651 0.266536 0.524568 0.251877 0.489277 0.252963 0.551715 0.269794 0.468645 0.269794 0.588092 0.379467 0.423038 0.370780 0.621754 0.513031 0.383947 0.498914 0.626641 0.635735 0.370373 0.619447 0.547371 0.627048 0.441498 0.622704 0.538141 0.820334 0.436069 0.812190 0.529454 1.000000 0.442041 1.000000 0.001320 0.018950 0.036700 0.032401 0.065918 0.058561 0.014176 0.006071
0.507154 0.266897 0.524970 0.252320 0.489337 0.252860 0.551966 0.270677 0.468821 0.270677 0.588679 0.379737 0.423469 0.370559 0.623233 0.513093 0.384056 0.498515 0.628632 0.635650 0.371098 0.618913 0.547106 0.627012 0.440746 0.622693 0.539008 0.817597 0.436966 0.809499 0.529290 1.000000 0.440206 1.000000 0.001955 0.011788 0.039501 0.028216 0.066689 0.060983 0.015473 0.007079
0.507819 0.266512 0.525614 0.251953 0.490024 0.253031 0.552036 0.269748 0.468455 0.270826 0.589782 0.379751 0.423159 0.370584 0.624293 0.512402 0.382717 0.498382 0.630764 0.634269 0.369775 0.618631 0.547183 0.626720 0.439876 0.622945 0.538555 0.816530 0.435562 0.808441 0.528849 1.000000 0.439336 1.000000 0.000932 0.013624 0.039911 0.028455 0.064131 0.063431 0.016485 0.007057
0.508096 0.266152 0.525368 0.251579 0.490284 0.252658 0.552896 0.269391 0.468694 0.270470 0.590139 0.379500 0.423355 0.370864 0.626302 0.512279 0.383413 0.498246 0.633859 0.636422 0.369380 0.618611 0.546958 0.626707 0.439548 0.622929 0.537243 0.815081 0.434150 0.808064 0.528067 1.000000 0.437928 1.000000 0.002023 0.015449 0.038642 0.029698 0.065290 0.059773 0.017189 0.007125
0.507127 0.266573 0.524876 0.252051 0.489377 0.253127 0.552844 0.269800 0.468939 0.270876 0.590493 0.379522 0.424298 0.370916 0.627067 0.511833 0.383421 0.497311 0.635673 0.634462 0.368361 0.617251 0.545852 0.626932 0.439357 0.622630 0.535095 0.812490 0.431828 0.806574 0.524876 1.000000 0.436668 1.000000 0.002445 0.020870 0.038391 0.032045 0.063543 0.059804 0.018843 0.005409
0.507725 0.268128 0.525305 0.253211 0.490144 0.254809 0.553540 0.270791 0.469901 0.272389 0.589766 0.378936 0.424618 0.371478 0.628123 0.509989 0.384663 0.497203 0.636646 0.631985 0.369214 0.615470 0.546081 0.626657 0.439535 0.622928 0.534894 0.808853 0.433675 0.804058 0.524772 1.000000 0.439002 0.999571 0.003742 0.018966 0.036040 0.029155 0.068429 0.056598 0.018324 0.009226
0.507278 0.264680 0.525608 0.250663 0.489487 0.252280 0.554180 0.268453 0.468462 0.271688 0.590840 0.378970 0.423177 0.371423 0.630734 0.510513 0.383283 0.498652 0.640977 0.632351 0.367110 0.616717 0.547172 0.626421 0.438811 0.623186 0.537468 0.813491 0.433420 0.807022 0.525608 1.000000 0.439350 1.000000 0.001771 0.018896 0.039103 0.029073 0.067032 0.053384 0.017856 0.007166
0.507157 0.264486 0.525523 0.249902 0.488791 0.252602 0.555232 0.267727 0.468265 0.272589 0.591424 0.379002 0.423431 0.371440 0.631936 0.510263 0.382378 0.497839 0.643820 0.632882 0.366173 0.617757 0.547130 0.626400 0.438016 0.623159 0.536867 0.814379 0.429913 0.807897 0.524983 1.000000 0.438556 1.000000 0.000856 0.027858 0.039031 0.032374 0.064538 0.057206 0.018925 0.003409
0.507771 0.264318 0.525993 0.249848 0.489549 0.251991 0.554934 0.268070 0.468111 0.271821 0.591379 0.379010 0.424700 0.371507 0.631575 0.508173 0.383432 0.496382 0.645509 0.629297 0.366818 0.615898 0.546359 0.626617 0.437562 0.622865 0.535640 0.813126 0.426843 0.805623 0.523314 1.000000 0.437562 0.998563 0.000872 0.036313 0.038976 0.034922 0.059576 0.057628 0.020486 0.000382
0.507521 0.265361 0.525250 0.249781 0.490330 0.250319 0.551575 0.267510 0.466691 0.270196 0.591868 0.378719 0.423175 0.371734 0.632698 0.505507 0.381808 0.494762 0.647203 0.627997 0.365153 0.614566 0.547277 0.626922 0.437680 0.622625 0.532772 0.817642 0.423712 0.806360 0.519341 1.000000 0.433383 0.992782 0.003249 0.040650 0.032419 0.042535 0.061649 0.059282 0.019164 0.000000
0.508408 0.264024 0.526310 0.248292 0.490507 0.249377 0.552891 0.266736 0.466095 0.268906 0.593034 0.379028 0.422155 0.371434 0.635890 0.506510 0.381469 0.496203 0.651079 0.628566 0.364110 0.617174 0.548009 0.626939 0.436802 0.622599 0.533905 0.820602 0.421612 0.808668 0.520343 1.000000 0.433004 0.995279 0.002396 0.045335 0.034046 0.044468 0.063819 0.054969 0.019351 0.002786
0.509318 0.266120 0.526889 0.250679 0.491747 0.251211 0.552979 0.268782 0.467787 0.270912 0.592381 0.379000 0.424125 0.371546 0.634445 0.503062 0.384191 0.494010 0.650418 0.620734 0.367685 0.613280 0.546590 0.627123 0.436904 0.622331 0.533811 0.815079 0.422528 0.802833 0.520499 1.000000 0.429982 0.983867 0.000575 0.038398 0.036482 0.041504 0.061106 0.056562 0.021032 0.003688
0.509839 0.266534 0.527388 0.250580 0.491757 0.251112 0.552915 0.267598 0.467825 0.270257 0.592801 0.379279 0.424217 0.371301 0.635346 0.502127 0.383799 0.494682 0.652896 0.620190 0.368376 0.613276 0.546534 0.627103 0.436448 0.622317 0.534302 0.814833 0.418899 0.802070 0.521007 1.000000 0.425280 0.983418 0.000307 0.042176 0.038040 0.046478 0.059150 0.059604 0.021685 0.010269
0.510050 0.265817 0.527504 0.250478 0.492595 0.251007 0.552893 0.267932 0.468264 0.270048 0.593091 0.379008 0.424363 0.371603 0.635935 0.501190 0.384694 0.494314 0.652860 0.617554 0.369884 0.612794 0.546017 0.627075 0.436529 0.622315 0.535438 0.813787 0.419074 0.801622 0.521686 1.000000 0.419603 0.979871 0.004019 0.031833 0.041679 0.046322 0.061374 0.059943 0.022242 0.012874
0.510009 0.265714 0.527919 0.250437 0.492625 0.250964 0.552678 0.268348 0.468920 0.269928 0.592714 0.378972 0.424143 0.371597 0.635910 0.500132 0.384108 0.494337 0.653293 0.616024 0.370412 0.611809 0.546357 0.627086 0.436786 0.622345 0.534768 0.812513 0.419929 0.800397 0.521598 1.000000 0.417295 0.974762 0.001429 0.025238 0.038926 0.046082 0.061619 0.063417 0.021479 0.010178
0.510316 0.266639 0.528076 0.251491 0.493601 0.251491 0.552627 0.269773 0.470095 0.270296 0.592326 0.378945 0.424651 0.371632 0.636203 0.499086 0.385474 0.493340 0.652396 0.614003 0.372416 0.610347 0.545836 0.627062 0.437187 0.622361 0.533822 0.811452 0.421517 0.801005 0.520763 1.000000 0.418383 0.979127 0.000711 0.022250 0.038247 0.043753 0.066902 0.063747 0.021632 0.007140
0.510242 0.267422 0.527354 0.251865 0.493129 0.251865 0.552246 0.270534 0.469793 0.270534 0.592175 0.378914 0.424678 0.371654 0.636254 0.498704 0.385785 0.492999 0.652329 0.612789 0.373340 0.610196 0.546023 0.627308 0.437124 0.622123 0.533577 0.810882 0.423641 0.802585 0.519576 1.000000 0.420011 0.981490 0.001641 0.017280 0.036929 0.039541 0.067673 0.065053 0.021475 0.002190
0.510910 0.265951 0.528574 0.250885 0.494285 0.250365 0.552992 0.270107 0.470387 0.269068 0.593516 0.378689 0.424148 0.371935 0.637676 0.497662 0.386223 0.494545 0.654301 0.611440 0.374793 0.611959 0.545719 0.627025 0.436617 0.622350 0.533250 0.812498 0.424148 0.805225 0.519223 1.000000 0.418434 0.988100 0.001759 0.011726 0.039158 0.037506 0.066948 0.064600 0.022509 0.000296
0.510586 0.265815 0.528144 0.250840 0.493545 0.250840 0.552414 0.269946 0.469791 0.269430 0.592693 0.378389 0.424348 0.372192 0.637103 0.497676 0.386135 0.495094 0.653111 0.611799 0.375291 0.610767 0.545701 0.626775 0.437258 0.622644 0.533824 0.811644 0.426930 0.803898 0.518848 1.000000 0.418668 0.984636 0.004475 0.003574 0.039095 0.034511 0.069084 0.066200 0.021714 0.002304
0.510692 0.266313 0.528212 0.251370 0.493688 0.251370 0.552947 0.270436 0.469469 0.270436 0.592109 0.378648 0.425153 0.371949 0.636425 0.497166 0.386506 0.495105 0.653945 0.610531 0.375170 0.611046 0.545217 0.627020 0.437520 0.622383 0.532850 0.811496 0.428760 0.803252 0.517391 1.000000 0.418454 0.984636 0.004445 0.002661 0.038089 0.031111 0.065090 0.065765 0.021997 0.005902
