0.595473 0.338576 0.600497 0.323501 0.590448 0.318476 0.552761 0.315964 0.547736 0.303402 0.464826 0.381287 0.537687 0.368725 0.434677 0.519471 0.547736 0.479272 0.489950 0.592332 0.625622 0.436561 0.462313 0.624994 0.535174 0.624994 0.434677 0.818451 0.587935 0.815939 0.409552 1.000000 0.633159 1.000000 0.004060 0.010837 0.041886 0.088933 0.274960 0.630808 0.003200 0.130980
0.595624 0.337502 0.600624 0.325002 0.588124 0.320002 0.553124 0.317502 0.548124 0.305002 0.463125 0.380001 0.538125 0.370002 0.435626 0.520000 0.545624 0.480000 0.480625 0.597499 0.625623 0.435001 0.463125 0.624998 0.535625 0.624998 0.430626 0.814996 0.588124 0.812496 0.398126 1.000000 0.633123 0.999994 0.000690 0.011925 0.053926 0.090022 0.229191 0.641429 0.001592 0.140827
0.593284 0.338930 0.598259 0.324005 0.588308 0.319030 0.550995 0.319030 0.546020 0.306592 0.463930 0.381219 0.536070 0.368781 0.434080 0.520522 0.546020 0.480721 0.481343 0.595149 0.623134 0.435945 0.463930 0.625000 0.536070 0.625000 0.429104 0.809080 0.585821 0.811567 0.386816 1.000000 0.625622 0.998134 0.009649 0.016049 0.059517 0.082952 0.246901 0.639232 0.000004 0.142470
0.594221 0.337312 0.599246 0.322236 0.586683 0.317211 0.548995 0.317211 0.546482 0.304648 0.463568 0.380025 0.536432 0.369975 0.430905 0.523241 0.543970 0.483040 0.476131 0.596106 0.621859 0.437814 0.463568 0.623744 0.536432 0.626256 0.428392 0.809673 0.584171 0.812186 0.375628 1.000000 0.619347 1.000000 0.026296 0.022014 0.059517 0.080000 0.248195 0.646263 0.000005 0.139517
0.592822 0.340347 0.597772 0.325495 0.585396 0.320545 0.550743 0.318069 0.545792 0.308168 0.464109 0.379950 0.535891 0.370050 0.431931 0.521040 0.540842 0.483911 0.478960 0.590347 0.620049 0.439356 0.464109 0.625000 0.535891 0.625000 0.429455 0.808168 0.580446 0.813119 0.370050 0.993812 0.607673 1.000000 0.039064 0.028271 0.059517 0.074025 0.261152 0.649268 0.000004 0.133543
0.588666 0.336831 0.596054 0.322053 0.583740 0.319590 0.546796 0.317127 0.544333 0.304812 0.463056 0.381163 0.534481 0.368849 0.431038 0.519088 0.539407 0.479681 0.480297 0.588050 0.618221 0.435348 0.465519 0.624994 0.536944 0.624994 0.438427 0.804788 0.576351 0.809714 0.364539 0.982119 0.593592 0.999360 0.078060 0.038045 0.050821 0.063843 0.270039 0.648961 0.003137 0.114509
0.586327 0.336400 0.591157 0.321912 0.581498 0.319497 0.538032 0.317082 0.542862 0.307423 0.463175 0.379866 0.530788 0.370207 0.431783 0.515092 0.538032 0.471627 0.482493 0.580291 0.617719 0.428161 0.472834 0.623756 0.533203 0.626171 0.453516 0.792789 0.569424 0.804863 0.366585 0.961822 0.574254 0.990799 0.114979 0.055394 0.048821 0.060657 0.283024 0.636249 0.007687 0.099881
0.583698 0.337985 0.588480 0.323637 0.578915 0.321246 0.543044 0.316463 0.543044 0.306898 0.464130 0.381030 0.528696 0.369073 0.430651 0.514946 0.535870 0.476684 0.480869 0.579513 0.612394 0.433640 0.478478 0.624949 0.528696 0.624949 0.490435 0.799518 0.545436 0.801909 0.401954 0.964522 0.519131 0.976478 0.178444 0.077627 0.003065 0.030021 0.288396 0.641909 0.009136 0.008253
0.587114 0.338989 0.591921 0.324570 0.582308 0.322167 0.539051 0.317360 0.543858 0.307748 0.462150 0.379842 0.531842 0.370230 0.430909 0.516822 0.539051 0.475968 0.476569 0.586513 0.615952 0.435115 0.469360 0.624964 0.536648 0.624964 0.481376 0.797991 0.563083 0.807603 0.385249 0.944583 0.563083 0.995049 0.206816 0.045753 0.012710 0.039748 0.255997 0.633772 0.007650 0.023684
0.587114 0.336586 0.587114 0.319764 0.582308 0.319764 0.534245 0.317360 0.543858 0.305345 0.464554 0.379842 0.529439 0.370230 0.430909 0.514419 0.539051 0.471162 0.464554 0.586513 0.618355 0.427905 0.476569 0.624964 0.529439 0.624964 0.495794 0.795588 0.558276 0.807603 0.394862 0.930164 0.551067 0.997452 0.240548 0.061930 0.020124 0.049848 0.216962 0.628723 0.007650 0.014133
0.589173 0.338640 0.594026 0.326507 0.584320 0.321654 0.540643 0.316802 0.545496 0.307096 0.462996 0.382316 0.530937 0.367757 0.431452 0.520625 0.543070 0.474522 0.465423 0.603125 0.620717 0.435699 0.470276 0.624963 0.535790 0.624963 0.501820 0.802096 0.560055 0.811801 0.409614 0.945257 0.545496 1.000000 0.238232 0.064938 0.046551 0.035104 0.195710 0.611567 0.007724 0.014988
0.588631 0.341818 0.593555 0.327046 0.583707 0.322122 0.541854 0.317198 0.546778 0.307350 0.463070 0.381210 0.529544 0.368900 0.433527 0.521542 0.544316 0.477227 0.467994 0.602788 0.623099 0.435373 0.472918 0.624945 0.534468 0.624945 0.509848 0.802208 0.556625 0.819442 0.423679 0.949927 0.534468 1.000000 0.233471 0.071768 0.052525 0.029987 0.193763 0.612302 0.009406 0.029272
0.588631 0.341818 0.593555 0.327046 0.583707 0.322122 0.541854 0.317198 0.546778 0.307350 0.463070 0.381210 0.529544 0.368900 0.433527 0.519080 0.544316 0.477227 0.472918 0.592940 0.623099 0.435373 0.472918 0.624945 0.534468 0.624945 0.509848 0.802208 0.556625 0.819442 0.423679 0.949927 0.534468 1.000000 0.233471 0.071768 0.052525 0.029987 0.223151 0.612302 0.009406 0.029272
0.588480 0.341602 0.593430 0.326752 0.583530 0.321802 0.546406 0.316852 0.543931 0.306952 0.467207 0.378726 0.529081 0.371301 0.444932 0.507425 0.546406 0.477725 0.516706 0.539600 0.625605 0.435651 0.477106 0.623749 0.526606 0.626224 0.524131 0.799472 0.551356 0.816797 0.437507 0.960345 0.526606 1.000000 0.240458 0.079276 0.070377 0.044199 0.420410 0.604074 0.004727 0.042122
0.592172 0.339646 0.597222 0.324495 0.587121 0.321970 0.551768 0.314394 0.546717 0.304293 0.468434 0.380051 0.531566 0.369949 0.438131 0.516414 0.546717 0.478535 0.506313 0.561869 0.635101 0.435606 0.478535 0.625000 0.521465 0.625000 0.539141 0.809343 0.546717 0.819444 0.453283 0.983586 0.516414 1.000000 0.246839 0.085752 0.087988 0.053709 0.382437 0.599795 0.000005 0.059998
0.591052 0.341131 0.596075 0.326060 0.586028 0.323548 0.553375 0.318525 0.548352 0.308478 0.472998 0.381319 0.533281 0.368760 0.442857 0.514443 0.545840 0.481790 0.528257 0.539560 0.633752 0.439090 0.478022 0.624961 0.515699 0.624961 0.540816 0.805808 0.548352 0.818367 0.478022 0.986655 0.510675 1.000000 0.212757 0.108205 0.099816 0.075049 0.479822 0.608702 0.007996 0.053140
0.592326 0.341098 0.594839 0.326025 0.587302 0.323513 0.552130 0.318488 0.547105 0.308439 0.471737 0.383807 0.532032 0.366221 0.434053 0.524495 0.547105 0.481786 0.484298 0.594839 0.630010 0.439077 0.481786 0.624986 0.514446 0.624986 0.549617 0.813407 0.542081 0.815919 0.494347 1.000000 0.491835 1.000000 0.193429 0.116888 0.096739 0.067353 0.280738 0.610133 0.004798 0.064240
0.589196 0.341080 0.594221 0.326005 0.584171 0.323492 0.548995 0.318467 0.543970 0.308417 0.471106 0.381281 0.528894 0.368719 0.433417 0.521985 0.543970 0.479271 0.481156 0.592337 0.626884 0.439070 0.488693 0.625000 0.511307 0.625000 0.554020 0.810930 0.521357 0.823492 0.523869 1.000000 0.476131 1.000000 0.155534 0.082529 0.084619 0.037914 0.273082 0.600562 0.000005 0.091447
0.589466 0.339469 0.594542 0.324241 0.584390 0.321703 0.548857 0.316627 0.546319 0.306475 0.470178 0.382616 0.531091 0.367387 0.434646 0.522208 0.546319 0.479061 0.465102 0.611039 0.627536 0.438453 0.487944 0.626267 0.510787 0.623729 0.556471 0.811544 0.508249 0.824234 0.546319 1.000000 0.465102 1.000000 0.128667 0.058092 0.089595 0.021131 0.184476 0.604444 0.001614 0.116793
0.590083 0.336963 0.595158 0.324275 0.587545 0.319200 0.544407 0.316662 0.546945 0.306512 0.470818 0.385176 0.534257 0.364876 0.430217 0.529816 0.546945 0.476528 0.453055 0.623705 0.628146 0.438464 0.483506 0.626243 0.511419 0.623705 0.557095 0.814022 0.496194 0.826709 0.572320 1.000000 0.453055 1.000000 0.095059 0.038292 0.102150 0.004185 0.163060 0.603510 0.006462 0.142716
0.593582 0.337330 0.596095 0.324769 0.588558 0.319744 0.545849 0.317232 0.545849 0.304670 0.467968 0.385063 0.535800 0.364965 0.432797 0.530775 0.548361 0.478018 0.480530 0.606144 0.631266 0.435309 0.483042 0.626242 0.513189 0.623730 0.555898 0.814663 0.488067 0.827224 0.588558 1.000000 0.442846 1.000000 0.064875 0.028094 0.097575 0.011357 0.255099 0.616195 0.004798 0.156543
0.593731 0.333783 0.596231 0.321286 0.588732 0.316287 0.543741 0.313787 0.546241 0.303789 0.466257 0.386273 0.538742 0.363777 0.436263 0.531244 0.551240 0.473755 0.473755 0.618726 0.633723 0.431264 0.478754 0.626225 0.516247 0.623725 0.556239 0.811188 0.481254 0.831184 0.603729 0.996151 0.433763 1.000000 0.046276 0.021938 0.109713 0.025712 0.193822 0.615401 0.006365 0.179466
0.591129 0.335599 0.593592 0.320822 0.586203 0.318359 0.541870 0.313433 0.546796 0.303581 0.465519 0.387321 0.536944 0.362691 0.433501 0.525245 0.554185 0.471061 0.490148 0.601596 0.632998 0.429191 0.480297 0.626225 0.517241 0.623762 0.556647 0.815871 0.472908 0.825723 0.613295 0.988277 0.418723 1.000000 0.020781 0.019804 0.102167 0.044804 0.275791 0.605222 0.003137 0.190613
0.592960 0.334807 0.597985 0.319733 0.587935 0.317220 0.545224 0.314708 0.547736 0.304658 0.464826 0.385056 0.537687 0.364957 0.429652 0.523240 0.557786 0.472991 0.477388 0.606150 0.640696 0.427767 0.479901 0.626250 0.517587 0.623737 0.557786 0.819707 0.469851 0.824732 0.615572 1.000000 0.404527 1.000000 0.023410 0.026983 0.101963 0.049550 0.245626 0.600396 0.003200 0.196055
0.590277 0.332073 0.595327 0.316922 0.585226 0.314396 0.544823 0.311871 0.544823 0.301770 0.466541 0.385102 0.534722 0.364901 0.431188 0.523990 0.557449 0.473485 0.474117 0.602271 0.638256 0.425506 0.481692 0.627524 0.517045 0.622473 0.557449 0.821966 0.461490 0.824491 0.610478 1.000000 0.390784 1.000000 0.027923 0.025593 0.098389 0.063613 0.239005 0.604879 0.001605 0.203681
0.594654 0.329624 0.592129 0.314479 0.587081 0.311955 0.541648 0.314479 0.546696 0.304383 0.470973 0.380106 0.536599 0.370009 0.435636 0.521455 0.559316 0.473497 0.481069 0.582033 0.645135 0.420491 0.478545 0.624943 0.513883 0.624943 0.556792 0.814250 0.460877 0.824346 0.599702 1.000000 0.385154 1.000000 0.052883 0.035556 0.114919 0.054412 0.282812 0.607337 0.009642 0.207462
0.590561 0.331633 0.595663 0.318878 0.585459 0.313776 0.544643 0.313776 0.544643 0.301020 0.465561 0.385204 0.534439 0.364796 0.432398 0.525510 0.559949 0.474490 0.483418 0.596939 0.646684 0.426020 0.483418 0.627551 0.516582 0.622449 0.559949 0.821429 0.465561 0.821429 0.595663 1.000000 0.376276 1.000000 0.062423 0.055903 0.096260 0.057871 0.271312 0.589476 0.000005 0.199569
0.590840 0.331206 0.595994 0.318321 0.583109 0.313167 0.544453 0.313167 0.541876 0.302859 0.464566 0.385323 0.531568 0.364707 0.433642 0.529636 0.552184 0.478095 0.485182 0.604369 0.637226 0.431709 0.485182 0.627562 0.518683 0.622408 0.557338 0.820838 0.477451 0.823415 0.590840 1.000000 0.371794 1.000000 0.062458 0.094843 0.086710 0.048499 0.259372 0.601698 0.004922 0.178136
0.588263 0.331206 0.593417 0.315744 0.580532 0.313167 0.541876 0.310590 0.539299 0.300282 0.464566 0.385323 0.531568 0.364707 0.431065 0.527059 0.552184 0.475518 0.485182 0.601792 0.637226 0.429132 0.482605 0.627562 0.521260 0.622408 0.554761 0.820838 0.492913 0.820838 0.580532 1.000000 0.374371 1.000000 0.074635 0.135800 0.090075 0.032442 0.273379 0.600396 0.004922 0.158902
0.584166 0.331668 0.591818 0.318915 0.579065 0.313814 0.540808 0.311264 0.538257 0.301062 0.464293 0.385228 0.530606 0.364824 0.431137 0.528055 0.551010 0.477046 0.489798 0.596919 0.635176 0.433687 0.479596 0.627524 0.525505 0.622423 0.548459 0.823912 0.510202 0.813710 0.566313 1.000000 0.390329 0.992244 0.079570 0.162803 0.087274 0.019108 0.297197 0.594169 0.006496 0.132762
0.582260 0.332339 0.587284 0.317269 0.577237 0.314757 0.539560 0.312245 0.537049 0.302198 0.464207 0.385087 0.529513 0.364992 0.431554 0.525746 0.552119 0.472998 0.489325 0.593563 0.637519 0.427787 0.481790 0.628728 0.524490 0.621193 0.537049 0.822134 0.519466 0.814599 0.554631 1.000000 0.396389 0.975353 0.059728 0.199726 0.065654 0.002026 0.297197 0.589310 0.007996 0.096851
0.585217 0.332090 0.590267 0.316940 0.577643 0.314415 0.542293 0.311890 0.537243 0.301790 0.464019 0.385114 0.532193 0.364914 0.431195 0.529037 0.549868 0.473488 0.491794 0.599736 0.638242 0.428039 0.479169 0.627511 0.524618 0.622461 0.537243 0.824458 0.537243 0.819408 0.544818 1.000000 0.408470 0.968381 0.079037 0.247267 0.071405 0.029736 0.296939 0.599833 0.004822 0.070897
0.585841 0.332105 0.590891 0.316957 0.578267 0.314432 0.542921 0.309382 0.537871 0.299283 0.462129 0.385124 0.532822 0.364927 0.431832 0.529034 0.553019 0.473490 0.489901 0.599727 0.641385 0.425520 0.477277 0.627499 0.527772 0.622450 0.532822 0.826953 0.550495 0.821904 0.535346 1.000000 0.421733 0.960765 0.082424 0.274102 0.066584 0.042348 0.284941 0.599758 0.006430 0.050345
0.584349 0.332552 0.589347 0.317557 0.579350 0.315058 0.541862 0.310059 0.539363 0.300062 0.461887 0.385036 0.531865 0.365042 0.434395 0.527491 0.554358 0.472509 0.489378 0.602468 0.646829 0.420025 0.476882 0.627460 0.529366 0.622462 0.524367 0.824898 0.566854 0.817401 0.529366 1.000000 0.441893 0.954858 0.067072 0.295329 0.055464 0.063565 0.262092 0.598646 0.007956 0.014653
0.585392 0.335404 0.592817 0.320553 0.580442 0.315603 0.545790 0.313128 0.540840 0.303227 0.464111 0.384907 0.533414 0.365106 0.434409 0.525989 0.550740 0.474011 0.483912 0.602718 0.644795 0.422034 0.474011 0.627469 0.528464 0.622519 0.516088 0.825479 0.575491 0.813103 0.518563 1.000000 0.454210 0.956661 0.062671 0.300295 0.053664 0.083126 0.248429 0.610483 0.003152 0.010356
0.585768 0.333365 0.590669 0.318662 0.580867 0.316212 0.544109 0.313761 0.541659 0.301509 0.463242 0.384826 0.531857 0.365222 0.436287 0.524505 0.551461 0.470594 0.482846 0.602921 0.644580 0.416683 0.473044 0.627427 0.531857 0.622525 0.507352 0.808764 0.583317 0.801413 0.475495 0.985201 0.487747 0.958245 0.116377 0.263367 0.046663 0.089161 0.231236 0.608497 0.006241 0.029644
0.589105 0.334167 0.594055 0.319316 0.581679 0.314366 0.544552 0.314366 0.544552 0.301990 0.462873 0.386144 0.534652 0.363868 0.435647 0.527226 0.549503 0.472774 0.485149 0.601480 0.636132 0.428221 0.470298 0.626231 0.532177 0.623756 0.497525 0.811866 0.591580 0.799490 0.477724 0.995025 0.504950 0.970274 0.080634 0.253183 0.036513 0.106791 0.247849 0.608061 0.003152 0.057404
0.588666 0.335599 0.593592 0.320822 0.581277 0.315896 0.544333 0.315896 0.544333 0.303581 0.463056 0.384858 0.534481 0.365154 0.435964 0.527708 0.549259 0.475986 0.485222 0.601596 0.635461 0.429191 0.470445 0.626225 0.532018 0.623762 0.497537 0.810946 0.591129 0.798631 0.477834 0.993203 0.504926 0.968573 0.080634 0.253183 0.036614 0.106791 0.246828 0.616117 0.003137 0.057404
0.589105 0.332929 0.594055 0.320553 0.584154 0.315603 0.544552 0.313128 0.544552 0.303227 0.462873 0.384907 0.534652 0.365106 0.438122 0.525989 0.549503 0.474011 0.482674 0.605193 0.631182 0.431934 0.470298 0.627469 0.532177 0.622519 0.487624 0.818054 0.594055 0.798253 0.475249 1.000000 0.522276 0.991313 0.048482 0.221070 0.019117 0.110826 0.218380 0.608279 0.003152 0.078908
0.590955 0.332939 0.595905 0.318089 0.583530 0.313139 0.543931 0.313139 0.543931 0.300765 0.462257 0.384914 0.534031 0.365114 0.437507 0.525987 0.548881 0.474013 0.487006 0.605186 0.630555 0.429463 0.469682 0.627461 0.534031 0.622511 0.479581 0.815559 0.593430 0.798234 0.472157 1.000000 0.543931 0.996232 0.028522 0.181739 0.006997 0.103759 0.233089 0.615807 0.004727 0.087022
0.589091 0.332954 0.594041 0.318105 0.581667 0.315630 0.544546 0.313155 0.542071 0.300782 0.462879 0.384924 0.532172 0.365125 0.438131 0.523510 0.549495 0.474015 0.485151 0.605177 0.631162 0.431944 0.470303 0.627450 0.534647 0.622501 0.472778 0.820482 0.594041 0.800684 0.457929 1.000000 0.569293 1.000000 0.027616 0.141044 0.005660 0.099356 0.222534 0.601199 0.006302 0.098336
0.589718 0.332939 0.597143 0.318089 0.584768 0.313139 0.550118 0.313139 0.545168 0.300765 0.463494 0.384914 0.532793 0.365114 0.441219 0.525987 0.550118 0.471538 0.500619 0.607661 0.634267 0.429463 0.468444 0.627461 0.535268 0.622511 0.465969 0.815559 0.594668 0.800709 0.446169 1.000000 0.592193 1.000000 0.027148 0.106346 0.010683 0.099356 0.250000 0.596216 0.004727 0.106604
0.588838 0.333351 0.593740 0.321098 0.581486 0.316196 0.547176 0.316196 0.542275 0.301492 0.463852 0.384816 0.532472 0.365211 0.439345 0.522056 0.547176 0.473042 0.483458 0.602930 0.628050 0.433831 0.468753 0.627437 0.534923 0.622536 0.456500 0.813692 0.593740 0.801438 0.436894 1.000000 0.610895 0.997495 0.010425 0.073325 0.027341 0.098075 0.215195 0.600562 0.004681 0.122018
0.588796 0.334656 0.593695 0.322408 0.583897 0.317509 0.544704 0.315060 0.544704 0.305262 0.458970 0.383647 0.532456 0.366500 0.439374 0.520821 0.547154 0.471830 0.485915 0.599206 0.630438 0.432638 0.471218 0.626151 0.537355 0.623702 0.449172 0.812316 0.591245 0.802518 0.427126 1.000000 0.623089 0.998481 0.002295 0.041896 0.053582 0.087111 0.215721 0.595876 0.010918 0.130693
0.585301 0.333663 0.592612 0.321477 0.580427 0.316603 0.543869 0.314166 0.541432 0.301980 0.458568 0.382407 0.531683 0.367784 0.434196 0.516451 0.543869 0.472582 0.475628 0.592003 0.624296 0.431150 0.470754 0.626124 0.538995 0.623686 0.443945 0.813786 0.585301 0.808911 0.417136 1.000000 0.626733 0.991699 0.001130 0.007027 0.061070 0.068887 0.216915 0.614571 0.012415 0.123146
0.581475 0.338860 0.588717 0.326790 0.576647 0.319548 0.542850 0.317133 0.540436 0.307477 0.460771 0.382314 0.530779 0.367829 0.434216 0.515088 0.542850 0.476463 0.470428 0.589924 0.624929 0.430595 0.470428 0.626136 0.538022 0.623722 0.439045 0.809606 0.583889 0.804778 0.405247 0.997904 0.624929 0.988248 0.002608 0.008930 0.066526 0.069971 0.206283 0.626985 0.010760 0.132903
0.584130 0.336007 0.591446 0.323814 0.579253 0.318937 0.545113 0.318937 0.540236 0.306744 0.464641 0.382339 0.530482 0.367708 0.435378 0.516460 0.542675 0.477443 0.476834 0.582301 0.625586 0.431111 0.469518 0.626195 0.535359 0.623757 0.437817 0.806649 0.584130 0.809088 0.396361 0.996857 0.620709 0.996857 0.012953 0.020667 0.061720 0.075846 0.247243 0.626985 0.006210 0.137263
0.584543 0.335816 0.591894 0.321113 0.579642 0.316212 0.542884 0.316212 0.540433 0.306410 0.464468 0.382376 0.530631 0.367673 0.432611 0.514703 0.545334 0.477945 0.471819 0.583317 0.626201 0.428935 0.469369 0.624976 0.535532 0.624976 0.435062 0.801413 0.582092 0.806314 0.388502 0.985201 0.609048 0.997453 0.017846 0.035404 0.067560 0.073938 0.240449 0.631243 0.006241 0.141131
0.583297 0.335855 0.590647 0.321156 0.578397 0.318706 0.546548 0.316256 0.539199 0.306456 0.463251 0.382404 0.529399 0.367704 0.431402 0.517149 0.544099 0.480401 0.473051 0.585747 0.620046 0.436302 0.470601 0.624946 0.536749 0.624946 0.436302 0.801340 0.578397 0.808690 0.375054 0.982634 0.602897 0.999784 0.042574 0.030364 0.070773 0.061859 0.247568 0.626167 0.009359 0.132082
0.579444 0.333834 0.586722 0.321705 0.574593 0.316853 0.543058 0.316853 0.535780 0.304724 0.463007 0.382349 0.528503 0.367795 0.429046 0.513342 0.540632 0.479381 0.467858 0.586115 0.613405 0.435717 0.472710 0.624928 0.535780 0.624928 0.441175 0.799584 0.574593 0.804436 0.365975 0.974241 0.591573 0.993647 0.072554 0.039290 0.069586 0.058774 0.236705 0.637557 0.010812 0.124640
