0.430319 0.301071 0.439310 0.283089 0.430319 0.287584 0.486513 0.280841 0.459540 0.294327 0.533717 0.366257 0.482018 0.384239 0.549451 0.480894 0.484266 0.498876 0.473027 0.440434 0.461788 0.453920 0.515734 0.624752 0.468531 0.624752 0.504496 0.831549 0.430319 0.809071 0.531469 1.000000 0.533717 0.984398 0.060422 0.234679 0.004826 0.047239 0.698403 0.858657 0.020047 0.047787
0.430319 0.299947 0.441558 0.281965 0.430319 0.286460 0.486513 0.281965 0.459540 0.295451 0.533717 0.365133 0.482018 0.385363 0.551699 0.479770 0.477522 0.502248 0.473027 0.439310 0.450549 0.443805 0.517982 0.625876 0.466283 0.623628 0.522478 0.828177 0.421327 0.803451 0.558442 1.000000 0.488761 0.983274 0.050820 0.192179 0.026257 0.056989 0.700728 0.850124 0.020047 0.085052
0.429380 0.304692 0.438208 0.284831 0.427173 0.289244 0.484552 0.284831 0.466897 0.295865 0.530896 0.368692 0.486759 0.381933 0.548551 0.479035 0.480138 0.507724 0.462483 0.452552 0.444828 0.481242 0.517655 0.624688 0.464690 0.624688 0.530896 0.816685 0.420553 0.794617 0.577240 1.000000 0.451449 0.977786 0.052648 0.134081 0.038367 0.052033 0.645517 0.688095 0.022498 0.102808
0.424683 0.304835 0.435678 0.285044 0.422484 0.289442 0.481858 0.287243 0.464266 0.296039 0.525839 0.368607 0.488455 0.381802 0.543431 0.474161 0.479659 0.504948 0.451071 0.449972 0.444474 0.487356 0.519242 0.625895 0.466465 0.623696 0.541232 0.817212 0.415887 0.797420 0.596208 1.000000 0.407091 0.982139 0.054626 0.075034 0.044588 0.061322 0.634104 0.624886 0.018209 0.126607
0.423788 0.308118 0.434598 0.288659 0.421626 0.292983 0.480001 0.290821 0.460543 0.299470 0.521080 0.370817 0.490811 0.379466 0.540538 0.476758 0.497297 0.507027 0.443246 0.476758 0.436760 0.511351 0.518918 0.625940 0.469191 0.623778 0.551349 0.814038 0.417302 0.794580 0.609724 0.991326 0.384871 0.965382 0.046904 0.034154 0.057044 0.065786 0.557821 0.493473 0.015146 0.148228
0.419084 0.307756 0.432117 0.290378 0.419084 0.294722 0.477734 0.292550 0.460356 0.299067 0.516835 0.370751 0.492940 0.379440 0.538557 0.475019 0.512490 0.507603 0.442978 0.505431 0.440806 0.531498 0.519007 0.624904 0.471218 0.624904 0.555935 0.813890 0.416911 0.796512 0.629792 0.987670 0.375639 0.970292 0.066495 0.023334 0.058704 0.069461 0.467323 0.445768 0.012449 0.158982
0.420146 0.308784 0.433183 0.291401 0.420146 0.295747 0.478814 0.293574 0.463604 0.302265 0.517926 0.369626 0.489679 0.380490 0.537483 0.471752 0.500543 0.504346 0.446221 0.528248 0.444048 0.543458 0.522272 0.623856 0.470123 0.626029 0.561385 0.810726 0.417973 0.795515 0.652647 0.980212 0.389725 0.971521 0.091551 0.044360 0.060234 0.069716 0.383782 0.335100 0.009684 0.160690
0.419059 0.306611 0.429924 0.291401 0.416886 0.293574 0.475555 0.291401 0.460344 0.300093 0.516840 0.365280 0.490765 0.384836 0.529877 0.473925 0.499457 0.508692 0.449480 0.552150 0.445134 0.567360 0.519013 0.626029 0.473382 0.623856 0.560298 0.812899 0.412540 0.791170 0.671116 0.969348 0.397330 0.969348 0.126961 0.083910 0.066560 0.087908 0.292376 0.260064 0.009684 0.180230
0.417110 0.308589 0.428016 0.293319 0.417110 0.295501 0.473824 0.295501 0.460736 0.299863 0.517451 0.369666 0.493456 0.380572 0.510907 0.494001 0.502181 0.511452 0.467280 0.583436 0.471643 0.600886 0.515269 0.624881 0.473824 0.624881 0.545808 0.816838 0.417110 0.797206 0.678869 0.965168 0.417110 0.976075 0.182525 0.101206 0.052940 0.075682 0.127725 0.125929 0.013891 0.151425
0.413808 0.310705 0.424718 0.293248 0.413808 0.295430 0.472724 0.295430 0.461814 0.301977 0.514183 0.373985 0.494545 0.376167 0.505455 0.502728 0.494545 0.513638 0.487999 0.607467 0.472724 0.611831 0.516366 0.624924 0.474906 0.624924 0.525094 0.819129 0.429083 0.801672 0.673475 0.954417 0.437811 0.987148 0.250384 0.095715 0.011529 0.055669 0.031021 0.069604 0.011115 0.095043
0.419738 0.308234 0.430512 0.290997 0.419738 0.295306 0.475760 0.295306 0.462832 0.301770 0.514544 0.372874 0.490843 0.377184 0.527472 0.504309 0.497307 0.515083 0.510235 0.616352 0.480069 0.614198 0.516699 0.624971 0.477915 0.624971 0.510235 0.816737 0.445595 0.799499 0.665371 0.933089 0.464987 0.980492 0.305893 0.092261 0.013446 0.041694 0.079799 0.069720 0.006859 0.047560
0.415394 0.308408 0.426311 0.290941 0.413210 0.295308 0.472162 0.293124 0.456878 0.299674 0.511463 0.369543 0.487446 0.380460 0.537663 0.496179 0.502729 0.515830 0.515830 0.614082 0.478712 0.616265 0.515830 0.624999 0.485262 0.624999 0.487446 0.812770 0.454695 0.806220 0.644649 0.921939 0.478712 0.989624 0.354545 0.094638 0.053196 0.050348 0.123227 0.110501 0.001390 0.005434
0.410285 0.309011 0.421293 0.293600 0.410285 0.295802 0.467526 0.295802 0.454317 0.300205 0.507155 0.370656 0.485139 0.379463 0.551187 0.491744 0.504954 0.515962 0.518163 0.612832 0.474131 0.617235 0.515962 0.626041 0.491744 0.623840 0.469728 0.815379 0.460922 0.815379 0.619437 0.925459 0.491744 1.000000 0.374419 0.102748 0.087207 0.059388 0.195768 0.139928 0.009813 0.025448
0.410143 0.312615 0.418910 0.295082 0.410143 0.297274 0.464934 0.297274 0.456167 0.301657 0.504383 0.369598 0.486850 0.380556 0.554791 0.485754 0.508767 0.512054 0.515341 0.604103 0.473700 0.610677 0.510958 0.626019 0.497808 0.623827 0.445209 0.810116 0.484659 0.816691 0.587665 0.937231 0.502192 1.000000 0.377284 0.050527 0.117348 0.035998 0.232744 0.161308 0.011164 0.087518
0.408619 0.313453 0.417271 0.296150 0.408619 0.300476 0.460528 0.298313 0.456202 0.304802 0.501622 0.369688 0.488645 0.380502 0.555694 0.482156 0.510274 0.508111 0.510274 0.596788 0.473505 0.601114 0.503785 0.624905 0.505948 0.624905 0.430248 0.797934 0.497296 0.808748 0.540554 0.955823 0.529739 0.979614 0.322027 0.074696 0.130617 0.037466 0.262731 0.173284 0.012396 0.112951
0.408721 0.313172 0.417262 0.298226 0.408721 0.300361 0.459965 0.300361 0.455695 0.304632 0.500534 0.368687 0.489858 0.381498 0.556048 0.475446 0.509075 0.505338 0.511210 0.588610 0.472777 0.595015 0.498399 0.624908 0.511210 0.624908 0.425803 0.791451 0.506939 0.806397 0.509075 0.966535 0.543237 0.983617 0.272158 0.071795 0.128193 0.035339 0.272718 0.171426 0.012237 0.123358
0.404890 0.313563 0.415698 0.296270 0.402729 0.298432 0.461091 0.298432 0.454607 0.304917 0.500000 0.369764 0.487030 0.380572 0.558363 0.480005 0.508646 0.512429 0.510808 0.590246 0.478384 0.605377 0.497838 0.624832 0.515131 0.624832 0.422183 0.795597 0.517293 0.810728 0.465415 0.990140 0.558363 0.992302 0.202355 0.067106 0.130053 0.032758 0.284618 0.151912 0.016521 0.136452
0.408630 0.312478 0.419254 0.297604 0.406505 0.299729 0.463877 0.299729 0.455377 0.306104 0.500000 0.369850 0.487251 0.380475 0.561622 0.473970 0.510624 0.512218 0.512749 0.582340 0.478751 0.601464 0.495750 0.624837 0.516999 0.624837 0.423504 0.792704 0.538248 0.805453 0.415004 0.983944 0.587121 0.983944 0.115229 0.047794 0.124062 0.001279 0.304961 0.165081 0.016240 0.166644
0.408053 0.314566 0.420381 0.298128 0.408053 0.300183 0.463530 0.302238 0.455311 0.306347 0.498459 0.370042 0.488186 0.380315 0.558045 0.468666 0.512842 0.509760 0.508732 0.573455 0.477912 0.596056 0.496404 0.624821 0.516951 0.624821 0.428600 0.785086 0.545717 0.793305 0.379288 0.961788 0.597083 0.957679 0.040774 0.042585 0.124834 0.016550 0.313001 0.182336 0.017013 0.181227
0.407992 0.312865 0.418388 0.296231 0.405913 0.298310 0.462053 0.298310 0.453736 0.304548 0.499480 0.369006 0.484925 0.381481 0.557700 0.468811 0.509877 0.510396 0.505718 0.572775 0.474529 0.595647 0.499480 0.624757 0.516114 0.624757 0.430864 0.793178 0.555621 0.795257 0.360169 0.961599 0.613840 0.959520 0.003357 0.035945 0.123146 0.031888 0.315675 0.185970 0.019869 0.195622
0.407222 0.311299 0.417705 0.294525 0.405125 0.296622 0.461736 0.298719 0.455446 0.305009 0.499476 0.370006 0.484799 0.380489 0.560280 0.472743 0.509959 0.508387 0.503669 0.571287 0.472219 0.592254 0.499476 0.625801 0.516249 0.623704 0.430285 0.795632 0.564473 0.795632 0.361095 0.965463 0.633663 0.957076 0.000001 0.041836 0.123146 0.046111 0.336081 0.196427 0.020035 0.210192
0.405035 0.309540 0.417768 0.292563 0.405035 0.294685 0.462332 0.296808 0.453844 0.303174 0.498408 0.371082 0.483554 0.379570 0.559950 0.477187 0.509019 0.511141 0.498408 0.576927 0.475065 0.596026 0.500531 0.625735 0.517507 0.623613 0.426257 0.793382 0.564194 0.795504 0.373204 0.975884 0.651201 0.956785 0.042701 0.073058 0.135403 0.040414 0.343273 0.181975 0.022987 0.217169
0.405190 0.303417 0.415903 0.288419 0.405190 0.288419 0.460898 0.292704 0.456613 0.294847 0.499464 0.371980 0.486609 0.378408 0.555172 0.481252 0.510177 0.502678 0.490894 0.564813 0.467326 0.577669 0.497322 0.624806 0.516605 0.624806 0.428759 0.798356 0.557314 0.796213 0.390192 0.980476 0.664444 0.948337 0.053336 0.121078 0.117064 0.035663 0.358785 0.224910 0.017741 0.193985
0.405971 0.300594 0.416779 0.283301 0.405971 0.285462 0.462172 0.289786 0.460011 0.291947 0.501081 0.371926 0.485950 0.378411 0.548636 0.488652 0.503242 0.505944 0.477303 0.575115 0.457849 0.585923 0.498919 0.624832 0.514050 0.624832 0.431910 0.797759 0.542151 0.802082 0.408133 0.987978 0.669685 0.946908 0.078091 0.179770 0.114954 0.013905 0.342717 0.207220 0.016521 0.167721
0.406065 0.295554 0.417116 0.280082 0.406065 0.282293 0.461321 0.286713 0.461321 0.286713 0.503315 0.372912 0.485634 0.377332 0.540889 0.496685 0.496685 0.507736 0.465741 0.582883 0.450270 0.589514 0.501105 0.624878 0.509946 0.624878 0.441429 0.808327 0.520997 0.810537 0.425957 1.000000 0.669082 0.945361 0.075126 0.245985 0.097318 0.012238 0.322047 0.191232 0.014075 0.119035
0.404264 0.292293 0.415462 0.274377 0.404264 0.276617 0.462490 0.281096 0.460250 0.283335 0.500560 0.375152 0.487123 0.375152 0.522954 0.507278 0.493842 0.511757 0.446814 0.583419 0.442335 0.587898 0.505039 0.625968 0.507278 0.623729 0.455771 0.818559 0.498320 0.816319 0.440095 1.000000 0.652841 0.932770 0.054452 0.309225 0.085402 0.040547 0.303443 0.204960 0.015689 0.064924
0.402922 0.287678 0.414276 0.271782 0.402922 0.274053 0.461964 0.276323 0.457422 0.278594 0.502839 0.376240 0.486943 0.373969 0.505109 0.519302 0.491484 0.517031 0.430172 0.585156 0.434714 0.585156 0.509651 0.626031 0.500568 0.623760 0.464234 0.825864 0.480130 0.816780 0.459693 1.000000 0.634547 0.932593 0.063819 0.328746 0.079814 0.050923 0.275560 0.231244 0.013015 0.037557
0.403771 0.286921 0.415227 0.268592 0.403771 0.270883 0.461050 0.275465 0.461050 0.277757 0.500000 0.376277 0.488544 0.373986 0.483962 0.525203 0.481671 0.516038 0.419809 0.589356 0.428974 0.587064 0.511456 0.626014 0.500000 0.623723 0.472506 0.823055 0.465632 0.811599 0.481671 1.000000 0.614558 0.942196 0.075952 0.328434 0.076712 0.072182 0.215852 0.187793 0.014591 0.004531
0.411622 0.288342 0.420628 0.270329 0.411622 0.272580 0.465662 0.277084 0.465662 0.281587 0.501689 0.376158 0.492682 0.373906 0.479172 0.515762 0.483675 0.513510 0.420628 0.590067 0.431887 0.590067 0.515199 0.626094 0.490430 0.623842 0.494934 0.828745 0.440893 0.806229 0.499437 1.000000 0.580498 0.945833 0.038877 0.334418 0.048915 0.081550 0.161508 0.168810 0.007168 0.052693
0.413124 0.287575 0.424334 0.269640 0.415366 0.274124 0.469173 0.276366 0.464689 0.280849 0.502802 0.377253 0.493835 0.372769 0.471415 0.509528 0.478141 0.509528 0.424334 0.596964 0.433302 0.594722 0.516254 0.626110 0.487109 0.623868 0.511770 0.832369 0.433302 0.805466 0.518496 1.000000 0.558851 0.962402 0.017644 0.306468 0.024108 0.083167 0.083067 0.117846 0.004281 0.084772
0.412733 0.287182 0.423993 0.269165 0.412733 0.271417 0.469034 0.275921 0.466782 0.280425 0.500563 0.377263 0.496059 0.372759 0.460026 0.510134 0.480295 0.510134 0.421741 0.597964 0.433002 0.597964 0.516327 0.627241 0.487051 0.622737 0.525336 0.832177 0.426245 0.802900 0.541100 1.000000 0.505067 0.987568 0.011573 0.232021 0.006065 0.092143 0.036589 0.120858 0.004301 0.117591
0.413069 0.286366 0.424433 0.270457 0.413069 0.272730 0.469887 0.275002 0.467614 0.279548 0.501705 0.377274 0.497159 0.372729 0.458523 0.511364 0.483523 0.513636 0.426705 0.604544 0.440342 0.604544 0.515341 0.627271 0.485796 0.622726 0.535795 0.831815 0.426705 0.806815 0.563068 1.000000 0.465341 0.993177 0.011904 0.163936 0.014381 0.084408 0.005572 0.110445 0.001447 0.130592
0.410314 0.288677 0.423767 0.270740 0.412556 0.272982 0.468610 0.277466 0.466368 0.279709 0.497758 0.378363 0.502242 0.371637 0.459641 0.510650 0.493274 0.512892 0.428251 0.607063 0.443946 0.607063 0.515695 0.627242 0.484305 0.622758 0.538117 0.824552 0.428251 0.802130 0.585202 1.000000 0.426009 0.990471 0.040218 0.092622 0.013116 0.073713 0.010893 0.133406 0.000004 0.132428
0.411111 0.286111 0.422222 0.270556 0.411111 0.272778 0.468889 0.277222 0.466667 0.279444 0.495556 0.379444 0.504444 0.370556 0.457778 0.512778 0.497778 0.512778 0.431111 0.606111 0.446667 0.608333 0.513333 0.626111 0.486667 0.623889 0.548889 0.819444 0.428889 0.801667 0.604444 1.000000 0.391111 0.979444 0.034185 0.033374 0.034991 0.077722 0.000700 0.141432 0.000004 0.157916
0.412065 0.284311 0.423126 0.268826 0.412065 0.271038 0.469582 0.275462 0.460734 0.277674 0.498341 0.377223 0.498341 0.372799 0.462946 0.512167 0.498341 0.512167 0.436399 0.605079 0.467370 0.611716 0.513826 0.627201 0.489492 0.622777 0.555858 0.813025 0.427551 0.801965 0.620012 0.990001 0.367821 0.965667 0.039891 0.005421 0.051114 0.094677 0.006934 0.096008 0.004225 0.176747
0.412611 0.287611 0.425885 0.269911 0.412611 0.272124 0.472345 0.276549 0.465708 0.278761 0.501106 0.378319 0.498894 0.371681 0.465708 0.511062 0.498894 0.513274 0.439159 0.603982 0.461283 0.610619 0.516593 0.626106 0.483407 0.623894 0.563053 0.811947 0.423673 0.800885 0.640487 0.986726 0.370575 0.971239 0.054772 0.007432 0.058111 0.084088 0.005634 0.117360 0.000004 0.181588
0.414271 0.287613 0.427545 0.269914 0.414271 0.272126 0.474005 0.276551 0.467368 0.280976 0.502765 0.378320 0.498341 0.371683 0.465155 0.511062 0.496128 0.513274 0.436394 0.603981 0.451881 0.608406 0.518252 0.626105 0.480642 0.623893 0.566924 0.811944 0.418695 0.796457 0.662056 0.982296 0.378873 0.977871 0.080580 0.040923 0.061667 0.087404 0.007663 0.133604 0.001408 0.191240
0.417589 0.286507 0.428651 0.271020 0.415377 0.273232 0.475111 0.277657 0.466261 0.282082 0.501659 0.377214 0.497235 0.372789 0.461837 0.512168 0.492810 0.509956 0.430863 0.607300 0.452987 0.605087 0.517146 0.627211 0.483960 0.622786 0.565818 0.815262 0.415377 0.797563 0.676436 0.974553 0.395466 0.972340 0.112593 0.082922 0.060924 0.102144 0.008855 0.115927 0.001408 0.199646
0.421056 0.288385 0.432020 0.273035 0.421056 0.275228 0.478071 0.279614 0.471492 0.284000 0.502193 0.376101 0.500000 0.373908 0.460528 0.509868 0.495614 0.509868 0.429827 0.604163 0.447370 0.599777 0.515350 0.626092 0.482457 0.623899 0.548244 0.814681 0.418863 0.794945 0.684203 0.961605 0.414477 0.974762 0.182702 0.105543 0.038229 0.091004 0.004076 0.146499 0.002792 0.168271
0.422069 0.290185 0.435148 0.274926 0.424249 0.277106 0.480926 0.283645 0.478746 0.285825 0.504905 0.379561 0.509265 0.370841 0.459127 0.512534 0.494005 0.512534 0.432968 0.604090 0.446048 0.601910 0.509265 0.625889 0.476566 0.623709 0.528884 0.815540 0.432968 0.800281 0.679296 0.952873 0.439508 0.983392 0.231647 0.088417 0.027179 0.036120 0.016952 0.122615 0.018051 0.109866
0.422642 0.291134 0.435903 0.273452 0.424852 0.275662 0.482318 0.282293 0.477898 0.284503 0.502210 0.379543 0.508841 0.370702 0.458006 0.514366 0.491159 0.516577 0.431483 0.609406 0.444744 0.604986 0.508841 0.627088 0.480108 0.622668 0.504420 0.823798 0.440324 0.808327 0.667977 0.943150 0.455795 0.998406 0.306489 0.093045 0.015676 0.031051 0.014222 0.115490 0.014075 0.060041
0.417806 0.290575 0.431317 0.272559 0.420058 0.274811 0.478607 0.279315 0.476355 0.281567 0.496622 0.378398 0.507882 0.371642 0.453836 0.520267 0.489866 0.518015 0.429066 0.617098 0.442577 0.610342 0.505630 0.626106 0.489866 0.623854 0.476355 0.826524 0.442577 0.817516 0.642995 0.945874 0.469600 1.000000 0.348330 0.120365 0.057738 0.053537 0.013518 0.111693 0.005734 0.030067
0.415152 0.290173 0.426618 0.271827 0.415152 0.274121 0.472482 0.278707 0.472482 0.281000 0.493120 0.377314 0.502293 0.372728 0.444963 0.524078 0.477068 0.521785 0.419738 0.624979 0.431204 0.620393 0.504586 0.627272 0.500000 0.622686 0.461016 0.826780 0.451843 0.826780 0.619246 0.950612 0.479361 1.000000 0.357069 0.117888 0.083032 0.070837 0.022942 0.085215 0.005840 0.005315
0.415725 0.291292 0.427037 0.273192 0.417987 0.275455 0.472285 0.279980 0.474548 0.282242 0.492647 0.377264 0.506222 0.372739 0.447399 0.522059 0.476810 0.519796 0.420250 0.626130 0.431562 0.619343 0.494910 0.628392 0.506222 0.621605 0.433824 0.816173 0.474548 0.820698 0.580882 0.951918 0.492647 1.000000 0.362835 0.079745 0.102977 0.050219 0.015183 0.072967 0.001439 0.049891
0.416481 0.289800 0.427691 0.271863 0.416481 0.274105 0.472534 0.280832 0.474776 0.283074 0.488229 0.377243 0.510650 0.372759 0.445628 0.520740 0.481502 0.520740 0.420965 0.623878 0.434418 0.617151 0.488229 0.628362 0.512892 0.621636 0.420965 0.807732 0.490471 0.814459 0.539798 0.969166 0.512892 0.993829 0.316185 0.076431 0.114200 0.039715 0.017146 0.082704 0.001428 0.077353
0.414448 0.290564 0.425559 0.272787 0.416670 0.275009 0.470001 0.279453 0.474445 0.281675 0.487778 0.377227 0.510000 0.372783 0.447780 0.517222 0.478890 0.517222 0.421114 0.617218 0.432225 0.612773 0.485556 0.626106 0.516666 0.623884 0.414448 0.799433 0.496667 0.810543 0.503333 0.979425 0.532221 0.992758 0.269931 0.095314 0.121081 0.042424 0.005633 0.077081 0.002830 0.089948
0.411435 0.289798 0.424888 0.271861 0.411435 0.274103 0.471973 0.278587 0.469731 0.283072 0.487668 0.377242 0.512332 0.372758 0.449552 0.514013 0.483184 0.518498 0.424888 0.614910 0.438341 0.617152 0.478700 0.626121 0.521300 0.623879 0.404709 0.801009 0.514574 0.816704 0.451794 1.000000 0.550448 1.000000 0.201158 0.069650 0.115935 0.022463 0.010202 0.072967 0.000004 0.116301
0.412222 0.290556 0.425556 0.275000 0.412222 0.277222 0.472222 0.281667 0.470000 0.283889 0.487778 0.377222 0.512222 0.372778 0.452222 0.512778 0.483333 0.519444 0.423333 0.610556 0.436667 0.612778 0.478889 0.626111 0.521111 0.623889 0.407778 0.801667 0.527778 0.815000 0.405556 1.000000 0.574444 1.000000 0.118969 0.065998 0.111142 0.000143 0.009793 0.085679 0.000004 0.133605
0.412786 0.290574 0.426118 0.275020 0.412786 0.277242 0.470558 0.283908 0.470558 0.283908 0.492778 0.377233 0.503889 0.372789 0.461670 0.512777 0.470558 0.497222 0.419452 0.601658 0.432784 0.508333 0.486112 0.626100 0.517221 0.623878 0.419452 0.806084 0.534997 0.812750 0.368345 0.994956 0.592770 0.994956 0.028790 0.067865 0.104382 0.012985 0.069343 0.325641 0.004244 0.142777
0.415400 0.289865 0.428500 0.274583 0.415400 0.276766 0.472164 0.283316 0.469981 0.285499 0.493996 0.377194 0.502729 0.372828 0.467798 0.508187 0.478714 0.492905 0.421950 0.588966 0.432866 0.499454 0.487446 0.626081 0.515828 0.623898 0.424133 0.800738 0.546393 0.805105 0.352087 0.975396 0.609707 0.977579 0.013836 0.058796 0.102323 0.036598 0.101488 0.392000 0.004170 0.163888
