0.518778 0.311282 0.533800 0.296260 0.503756 0.292504 0.556334 0.292504 0.481222 0.284993 0.578867 0.378883 0.432400 0.371371 0.586378 0.506572 0.394844 0.499061 0.590134 0.611728 0.447422 0.514083 0.541311 0.626751 0.447422 0.622995 0.533800 0.833308 0.451177 0.818285 0.526289 1.000000 0.458689 0.945975 0.000670 0.012582 0.036295 0.012860 0.007339 0.502467 0.014350 0.017690
0.516087 0.306957 0.531228 0.291816 0.500946 0.291816 0.553939 0.291816 0.478235 0.284246 0.580435 0.378875 0.429028 0.371304 0.588005 0.507570 0.394962 0.500000 0.591790 0.605985 0.444169 0.515141 0.542583 0.624910 0.447954 0.624910 0.531228 0.836880 0.447954 0.825524 0.523657 1.000000 0.459309 0.946649 0.004800 0.029754 0.031554 0.023711 0.006467 0.487354 0.012052 0.017036
0.512118 0.311698 0.527033 0.296783 0.500932 0.296783 0.549406 0.293054 0.478560 0.289326 0.579236 0.378816 0.430086 0.371358 0.586693 0.505593 0.396527 0.501864 0.590422 0.602541 0.445001 0.516779 0.541948 0.624913 0.448730 0.624913 0.534491 0.833723 0.448730 0.826266 0.523305 1.000000 0.459916 0.945585 0.007338 0.029754 0.036501 0.023363 0.006467 0.485100 0.011871 0.011363
0.511183 0.311756 0.526093 0.296845 0.496272 0.293118 0.548459 0.293118 0.477634 0.289390 0.578280 0.378853 0.432903 0.371397 0.589463 0.501864 0.399355 0.501864 0.589463 0.598782 0.444086 0.516774 0.541004 0.624875 0.447813 0.624875 0.529821 0.833621 0.447813 0.822438 0.522366 1.000000 0.462724 0.952904 0.004560 0.036221 0.030829 0.018703 0.028858 0.477699 0.014243 0.017036
0.507455 0.309892 0.522366 0.294982 0.496272 0.294982 0.544731 0.291254 0.473907 0.287526 0.578280 0.376989 0.432903 0.373261 0.589463 0.500000 0.403082 0.503728 0.589463 0.596918 0.444086 0.514910 0.541004 0.626739 0.447813 0.623011 0.533548 0.831757 0.447813 0.820574 0.522366 1.000000 0.458996 0.965951 0.007132 0.024437 0.035591 0.018981 0.028858 0.486777 0.014243 0.011569
0.507455 0.311756 0.518638 0.296845 0.492545 0.296845 0.544731 0.289390 0.470179 0.289390 0.578280 0.375125 0.432903 0.375125 0.593190 0.498136 0.403082 0.505591 0.585735 0.602509 0.440358 0.516774 0.541004 0.624875 0.447813 0.624875 0.533548 0.833621 0.447813 0.822438 0.518638 1.000000 0.458996 0.982725 0.013551 0.022172 0.035797 0.018981 0.061094 0.478754 0.014243 0.011363
0.503728 0.311756 0.518638 0.296845 0.488817 0.296845 0.541004 0.289390 0.470179 0.289390 0.578280 0.375125 0.432903 0.375125 0.593190 0.494409 0.406810 0.505591 0.585735 0.595054 0.440358 0.516774 0.541004 0.624875 0.447813 0.624875 0.533548 0.833621 0.447813 0.826166 0.518638 1.000000 0.458996 0.997636 0.013551 0.020730 0.035797 0.018981 0.063119 0.460417 0.014243 0.011363
0.500000 0.308028 0.514910 0.293118 0.485090 0.293118 0.541004 0.289390 0.466452 0.289390 0.578280 0.375125 0.432903 0.375125 0.593190 0.494409 0.406810 0.505591 0.585735 0.591326 0.440358 0.516774 0.541004 0.624875 0.447813 0.624875 0.533548 0.833621 0.447813 0.826166 0.518638 1.000000 0.455269 1.000000 0.013551 0.012476 0.035797 0.018981 0.064021 0.460417 0.014243 0.011363
0.500000 0.308028 0.511183 0.293118 0.485090 0.293118 0.537276 0.289390 0.466452 0.289390 0.578280 0.375125 0.432903 0.375125 0.596918 0.494409 0.410537 0.509319 0.589463 0.587599 0.444086 0.516774 0.541004 0.624875 0.447813 0.624875 0.533548 0.833621 0.451541 0.829893 0.518638 1.000000 0.455269 1.000000 0.013551 0.000226 0.035797 0.013194 0.074748 0.482964 0.014243 0.017150
0.496272 0.309892 0.511183 0.291254 0.481362 0.294982 0.533548 0.287526 0.462724 0.287526 0.578280 0.373261 0.432903 0.376989 0.596918 0.492545 0.410537 0.507455 0.589463 0.589463 0.444086 0.514910 0.541004 0.626739 0.447813 0.623011 0.533548 0.831757 0.451541 0.828030 0.518638 1.000000 0.455269 1.000000 0.013345 0.000129 0.034907 0.013481 0.073774 0.484438 0.014243 0.017356
0.494405 0.309786 0.509324 0.294868 0.479487 0.294868 0.535432 0.287408 0.464568 0.291138 0.576458 0.373191 0.431001 0.376920 0.595107 0.492541 0.412352 0.511189 0.591377 0.589512 0.442190 0.518648 0.542891 0.626809 0.449649 0.623079 0.535432 0.831942 0.453379 0.831942 0.520513 1.000000 0.457109 1.000000 0.013345 0.000181 0.030316 0.018385 0.061574 0.465950 0.009499 0.017253
0.494363 0.305539 0.505637 0.290508 0.479333 0.290508 0.531940 0.286751 0.460544 0.290508 0.577033 0.373178 0.430483 0.376935 0.595821 0.493424 0.411694 0.512213 0.592064 0.591124 0.445513 0.515970 0.543214 0.624943 0.449271 0.624943 0.535698 0.831617 0.453029 0.835375 0.520667 1.000000 0.456786 1.000000 0.013345 0.000316 0.030934 0.018385 0.061574 0.508705 0.009570 0.017253
0.492482 0.305473 0.507518 0.286678 0.477446 0.290437 0.530072 0.282919 0.458651 0.290437 0.575179 0.373135 0.428580 0.376894 0.593974 0.493422 0.413544 0.512217 0.597733 0.587396 0.447374 0.515976 0.545108 0.624986 0.451133 0.624986 0.533831 0.827970 0.454892 0.831729 0.522554 1.000000 0.458651 1.000000 0.001801 0.000129 0.020163 0.023071 0.036612 0.500000 0.004785 0.023453
0.493421 0.303577 0.508458 0.288540 0.478384 0.292299 0.531014 0.281021 0.455828 0.288540 0.572366 0.371244 0.429513 0.378763 0.594922 0.495301 0.410717 0.517857 0.598681 0.589283 0.444550 0.514097 0.546051 0.623117 0.452069 0.626876 0.531014 0.818600 0.455828 0.829878 0.519736 0.999046 0.463347 1.000000 0.004568 0.006112 0.008698 0.022964 0.044524 0.577979 0.002391 0.030331
0.493421 0.301697 0.508458 0.286660 0.478384 0.290419 0.531014 0.279142 0.455828 0.290419 0.572366 0.369365 0.429513 0.380642 0.594922 0.493421 0.414476 0.515977 0.602441 0.591163 0.448310 0.512218 0.546051 0.624996 0.452069 0.624996 0.534773 0.820480 0.459588 0.831758 0.523496 0.997166 0.467106 1.000000 0.001947 0.000670 0.014308 0.017729 0.032812 0.570447 0.002391 0.029914
0.492366 0.300573 0.503817 0.281489 0.477099 0.285305 0.530534 0.277672 0.454198 0.289122 0.572519 0.369275 0.427481 0.380725 0.599237 0.495229 0.412214 0.518130 0.606870 0.598282 0.442748 0.518130 0.545802 0.625000 0.454198 0.625000 0.534351 0.819656 0.461832 0.834924 0.526718 0.995229 0.469466 1.000000 0.004871 0.000432 0.014433 0.023108 0.042999 0.535223 0.000006 0.030272
0.487500 0.300006 0.499038 0.284622 0.472116 0.288468 0.525961 0.280776 0.452886 0.288468 0.572113 0.369235 0.425964 0.380773 0.599036 0.496154 0.410580 0.519230 0.606728 0.603843 0.437502 0.523076 0.549037 0.623073 0.452886 0.626919 0.537499 0.830759 0.464424 0.838452 0.525961 0.999985 0.472116 1.000000 0.004004 0.005109 0.011192 0.017332 0.043836 0.490056 0.002448 0.035011
0.480622 0.299443 0.496125 0.280065 0.465120 0.283941 0.523253 0.276190 0.449618 0.283941 0.573635 0.369202 0.422490 0.380828 0.596888 0.497093 0.406988 0.520346 0.608514 0.605607 0.430241 0.520346 0.550382 0.624985 0.453494 0.624985 0.538755 0.834262 0.461245 0.842013 0.527129 0.993158 0.472871 1.000000 0.005584 0.006980 0.011192 0.028842 0.023274 0.535223 0.004935 0.029029
0.479808 0.298083 0.491346 0.282699 0.464424 0.282699 0.522115 0.278853 0.449040 0.286545 0.572113 0.367312 0.425964 0.382696 0.595190 0.494231 0.410580 0.521153 0.610574 0.605766 0.429810 0.521153 0.549037 0.624996 0.452886 0.624996 0.545191 0.840375 0.464424 0.848067 0.529807 0.971140 0.479808 1.000000 0.031593 0.008961 0.022746 0.018774 0.013620 0.535223 0.002448 0.022133
0.475003 0.298101 0.490386 0.278872 0.459620 0.282718 0.524997 0.278872 0.448083 0.282718 0.571145 0.367323 0.425009 0.382706 0.594220 0.494231 0.409626 0.521151 0.613448 0.605757 0.425009 0.521151 0.548071 0.624985 0.455774 0.624985 0.548071 0.836499 0.467312 0.848036 0.532688 0.963407 0.482694 1.000000 0.038396 0.009477 0.028429 0.023755 0.002902 0.535223 0.004896 0.016450
0.473286 0.296779 0.492367 0.277698 0.461837 0.281514 0.522898 0.281514 0.446571 0.281514 0.572511 0.369290 0.423673 0.380739 0.595409 0.495230 0.408408 0.521944 0.610674 0.605904 0.423673 0.521944 0.549613 0.624985 0.454204 0.624985 0.549613 0.834885 0.469469 0.846334 0.530531 0.957008 0.480918 1.000000 0.049337 0.002453 0.028429 0.017666 0.013620 0.534279 0.004858 0.021918
0.475194 0.292963 0.494275 0.277698 0.463745 0.277698 0.524806 0.277698 0.448479 0.281514 0.570602 0.369290 0.425581 0.380739 0.593501 0.499046 0.406499 0.518128 0.612582 0.605904 0.417948 0.521944 0.547704 0.624985 0.456112 0.624985 0.551521 0.834885 0.471377 0.842517 0.532439 0.960824 0.482826 1.000000 0.053652 0.002836 0.034216 0.017283 0.000645 0.441512 0.004858 0.016514
0.478849 0.290409 0.498077 0.275027 0.467312 0.275027 0.524997 0.278872 0.448083 0.282718 0.571145 0.371169 0.425009 0.378860 0.594220 0.498077 0.405780 0.509614 0.609602 0.609602 0.413472 0.532688 0.548071 0.624985 0.455774 0.624985 0.548071 0.828807 0.467312 0.840344 0.528843 0.974944 0.482694 1.000000 0.041644 0.008374 0.028858 0.022547 0.013620 0.148894 0.004896 0.017036
0.489344 0.285911 0.504844 0.270411 0.473844 0.270411 0.528093 0.278161 0.454470 0.278161 0.570717 0.371159 0.423470 0.378909 0.593967 0.499031 0.407971 0.506781 0.609467 0.607529 0.411846 0.537780 0.551343 0.623029 0.454470 0.626904 0.547468 0.824525 0.469969 0.836149 0.531968 0.995021 0.485469 1.000000 0.022737 0.001382 0.018317 0.016048 0.012082 0.077979 0.007401 0.029656
0.493322 0.291085 0.508586 0.275822 0.478059 0.275822 0.531480 0.283454 0.455164 0.279638 0.569638 0.371217 0.424638 0.378849 0.592533 0.497138 0.409375 0.500954 0.603980 0.607796 0.409375 0.546743 0.550559 0.623059 0.455164 0.626875 0.542928 0.829112 0.470428 0.836744 0.531480 1.000000 0.485691 1.000000 0.008506 0.002301 0.012285 0.015872 0.024437 0.039583 0.007288 0.034893
0.494362 0.292317 0.509397 0.277281 0.479326 0.273522 0.531951 0.281040 0.460531 0.281040 0.569541 0.371255 0.426700 0.378773 0.588336 0.495301 0.407905 0.495301 0.603372 0.604312 0.407905 0.559204 0.546987 0.623106 0.456772 0.626865 0.539469 0.826091 0.471808 0.833609 0.531951 1.000000 0.486844 1.000000 0.000947 0.002301 0.016646 0.015286 0.004237 0.050902 0.004785 0.034893
0.496269 0.291045 0.511194 0.276119 0.481343 0.276119 0.533582 0.287313 0.462687 0.279851 0.570896 0.373134 0.429104 0.376866 0.589552 0.496269 0.410448 0.496269 0.600746 0.604478 0.402985 0.574627 0.544776 0.623134 0.455224 0.626866 0.537313 0.828358 0.473881 0.832090 0.533582 1.000000 0.485075 1.000000 0.005448 0.010155 0.021566 0.004278 0.015053 0.019113 0.000005 0.040428
0.496324 0.290441 0.511029 0.275735 0.481618 0.275735 0.536765 0.286765 0.463235 0.279412 0.569853 0.375000 0.430147 0.375000 0.588235 0.496324 0.408088 0.492647 0.595588 0.602941 0.397059 0.580882 0.544118 0.625000 0.455882 0.625000 0.536765 0.823529 0.470588 0.823529 0.529412 1.000000 0.488971 1.000000 0.000001 0.006977 0.020868 0.009117 0.025947 0.019414 0.000005 0.035319
0.496324 0.290441 0.514706 0.275735 0.485294 0.275735 0.536765 0.290441 0.466912 0.279412 0.569853 0.375000 0.430147 0.375000 0.588235 0.496324 0.404412 0.496324 0.595588 0.606618 0.389706 0.591912 0.544118 0.625000 0.455882 0.625000 0.533088 0.823529 0.474265 0.823529 0.522059 1.000000 0.492647 1.000000 0.000130 0.001121 0.014987 0.003263 0.026676 0.017944 0.000005 0.047055
0.500912 0.289239 0.515511 0.278291 0.486314 0.274641 0.541057 0.289239 0.468067 0.281940 0.570254 0.373179 0.431571 0.376828 0.588501 0.497263 0.406024 0.500912 0.595800 0.606749 0.387777 0.606749 0.544707 0.624997 0.453468 0.624997 0.533758 0.822072 0.471716 0.822072 0.519160 1.000000 0.493613 1.000000 0.005871 0.007176 0.014517 0.001373 0.025288 0.010284 0.002323 0.047055
0.502737 0.289239 0.520985 0.274641 0.491789 0.270992 0.539233 0.289239 0.469891 0.278291 0.568429 0.373179 0.433396 0.376828 0.586677 0.497263 0.404200 0.504562 0.593976 0.614048 0.382302 0.624997 0.542882 0.624997 0.455293 0.624997 0.531933 0.822072 0.469891 0.822072 0.513686 1.000000 0.491789 1.000000 0.011724 0.013031 0.014517 0.004478 0.026609 0.014278 0.002323 0.041201
0.505555 0.284283 0.524071 0.273173 0.494445 0.269470 0.542588 0.284283 0.472225 0.276876 0.572214 0.373162 0.431489 0.376865 0.590731 0.502777 0.401863 0.513887 0.590731 0.621283 0.375940 0.636096 0.542588 0.624986 0.453709 0.624986 0.527775 0.824964 0.472225 0.824964 0.505555 1.000000 0.487038 1.000000 0.012347 0.004952 0.013741 0.000960 0.045167 0.001253 0.004716 0.052925
0.511940 0.283235 0.526636 0.272213 0.497245 0.268539 0.545006 0.283235 0.475201 0.275887 0.574398 0.375084 0.434787 0.375084 0.589094 0.507348 0.405395 0.514696 0.589094 0.621242 0.376003 0.639612 0.541332 0.624916 0.449483 0.624916 0.526636 0.823311 0.467853 0.819637 0.504592 1.000000 0.482549 1.000000 0.012347 0.004529 0.018350 0.011238 0.035223 0.007511 0.011697 0.053476
0.515837 0.280151 0.534468 0.268972 0.504658 0.265245 0.549373 0.283877 0.478574 0.276424 0.575457 0.377033 0.437585 0.373307 0.590362 0.507453 0.404049 0.514905 0.590362 0.630419 0.374239 0.645324 0.538194 0.626693 0.448764 0.622967 0.527015 0.827911 0.471121 0.824185 0.504658 1.000000 0.486027 1.000000 0.018217 0.009812 0.029495 0.020980 0.036221 0.002496 0.016613 0.052889
0.521426 0.280151 0.536331 0.268972 0.506521 0.265245 0.551236 0.280151 0.480437 0.272698 0.577320 0.377033 0.435722 0.373307 0.588499 0.511179 0.402186 0.514905 0.592225 0.634145 0.376102 0.645324 0.540057 0.626693 0.446901 0.622967 0.528879 0.827911 0.469258 0.824185 0.510247 1.000000 0.480437 0.995593 0.012275 0.014493 0.029495 0.020980 0.016822 0.011192 0.016613 0.052889
0.523117 0.279001 0.537912 0.267904 0.508322 0.264206 0.556406 0.282699 0.482431 0.275302 0.578598 0.378866 0.434347 0.371469 0.585996 0.512021 0.401059 0.512021 0.589694 0.634079 0.378866 0.637778 0.537912 0.626682 0.449142 0.622983 0.530515 0.826413 0.463937 0.819016 0.508322 1.000000 0.478732 0.985459 0.024099 0.004244 0.040014 0.005276 0.008023 0.018425 0.016490 0.035762
0.524211 0.278380 0.542834 0.267206 0.509312 0.263481 0.557733 0.282104 0.483239 0.270930 0.580081 0.378947 0.434818 0.371497 0.587531 0.513036 0.401295 0.509312 0.583806 0.635952 0.378947 0.632227 0.539109 0.624778 0.445992 0.624778 0.527935 0.829637 0.460891 0.822188 0.505587 1.000000 0.472065 0.978625 0.019221 0.001279 0.035223 0.009944 0.027308 0.018703 0.018981 0.041323
0.527729 0.279091 0.542518 0.268000 0.512940 0.264302 0.561004 0.282788 0.487060 0.275394 0.579490 0.378916 0.435299 0.371522 0.586885 0.512016 0.402024 0.504622 0.583187 0.634024 0.387235 0.626630 0.538821 0.626630 0.446390 0.622932 0.527729 0.826279 0.457482 0.818885 0.505546 1.000000 0.472271 0.966774 0.018217 0.013727 0.034132 0.003966 0.027308 0.039583 0.018841 0.035664
0.526991 0.280346 0.545606 0.265454 0.512100 0.261731 0.560498 0.284069 0.489762 0.272900 0.582836 0.380865 0.433918 0.369697 0.586559 0.514892 0.404134 0.500000 0.582836 0.637749 0.389242 0.622858 0.538160 0.626580 0.445086 0.622858 0.526991 0.831343 0.452532 0.827620 0.504654 1.000000 0.471147 0.961646 0.019221 0.032359 0.039904 0.002465 0.018482 0.033132 0.021347 0.028915
0.526047 0.276740 0.544652 0.265577 0.511163 0.261856 0.559536 0.280461 0.488837 0.273019 0.581862 0.380928 0.436743 0.369765 0.585583 0.514884 0.410696 0.496279 0.581862 0.637677 0.395812 0.611630 0.537210 0.626514 0.444185 0.622793 0.526047 0.827448 0.447906 0.820006 0.500000 1.000000 0.466511 0.950240 0.024134 0.039162 0.039584 0.003354 0.018482 0.023785 0.023711 0.023671
0.526047 0.280461 0.540931 0.265577 0.511163 0.261856 0.559536 0.284182 0.488837 0.276740 0.581862 0.380928 0.436743 0.369765 0.585583 0.511163 0.414417 0.492558 0.585583 0.633956 0.399533 0.600467 0.537210 0.626514 0.444185 0.622793 0.522326 0.834890 0.451627 0.827448 0.500000 1.000000 0.466511 0.957682 0.013868 0.024651 0.034551 0.002208 0.009092 0.013620 0.023711 0.034268
0.525130 0.278484 0.540022 0.267315 0.510238 0.263592 0.558637 0.282207 0.484177 0.274761 0.580974 0.379004 0.435779 0.371558 0.588420 0.513030 0.413441 0.494416 0.584697 0.628442 0.402272 0.606104 0.536299 0.624719 0.446948 0.624719 0.521407 0.833205 0.446948 0.825759 0.502792 1.000000 0.461840 0.956062 0.007815 0.036221 0.034551 0.014034 0.027930 0.025524 0.021347 0.022698
0.520486 0.280242 0.535385 0.265343 0.505587 0.265343 0.554008 0.283967 0.483239 0.276517 0.580081 0.380809 0.434818 0.369635 0.587531 0.507449 0.416194 0.496275 0.583806 0.619191 0.408745 0.604292 0.539109 0.626640 0.445992 0.622916 0.520486 0.831499 0.445992 0.824050 0.498138 1.000000 0.460891 0.973038 0.007025 0.031725 0.023710 0.014034 0.029309 0.024559 0.018981 0.028858
0.520486 0.278380 0.535385 0.267206 0.505587 0.263481 0.554008 0.282104 0.479514 0.278380 0.580081 0.378947 0.434818 0.371497 0.587531 0.505587 0.419919 0.494413 0.583806 0.613604 0.412469 0.598705 0.539109 0.624778 0.445992 0.624778 0.520486 0.833362 0.445992 0.825912 0.501862 1.000000 0.457166 0.986075 0.001590 0.022172 0.024223 0.014034 0.029675 0.015698 0.018981 0.028345
0.516761 0.280242 0.531660 0.265343 0.501862 0.265343 0.550284 0.283967 0.479514 0.276517 0.580081 0.377085 0.434818 0.373360 0.587531 0.500000 0.419919 0.496275 0.583806 0.608017 0.412469 0.600567 0.539109 0.626640 0.445992 0.622916 0.520486 0.831499 0.445992 0.827775 0.501862 1.000000 0.453441 1.000000 0.001085 0.013256 0.022940 0.014243 0.030240 0.015698 0.018981 0.028858
0.512940 0.280940 0.527729 0.266151 0.498151 0.266151 0.549912 0.280940 0.475968 0.277243 0.579490 0.377068 0.435299 0.373370 0.590582 0.499076 0.420510 0.499076 0.583187 0.606295 0.413115 0.606295 0.538821 0.624781 0.446390 0.624781 0.520335 0.828128 0.446390 0.824431 0.501849 1.000000 0.453785 1.000000 0.001656 0.012726 0.022940 0.014034 0.050776 0.015359 0.018841 0.028858
0.509175 0.281627 0.527526 0.266947 0.494495 0.266947 0.545877 0.281627 0.476144 0.277957 0.578908 0.377051 0.435773 0.373381 0.589918 0.498165 0.424762 0.494495 0.582578 0.597258 0.413752 0.600928 0.538536 0.626619 0.446783 0.622949 0.520186 0.828476 0.446783 0.828476 0.501835 1.000000 0.450453 1.000000 0.001656 0.006006 0.022191 0.014034 0.052393 0.003954 0.018703 0.028858
0.506379 0.280396 0.520958 0.265816 0.491799 0.265816 0.542827 0.280396 0.473575 0.280396 0.575631 0.375163 0.437126 0.375163 0.593856 0.499089 0.426191 0.495444 0.586566 0.593856 0.415257 0.601145 0.539182 0.626660 0.448060 0.623015 0.520958 0.827128 0.448060 0.827128 0.502734 1.000000 0.451705 1.000000 0.002870 0.006006 0.016955 0.014034 0.070914 0.003954 0.016250 0.028858
0.507292 0.276674 0.521877 0.265736 0.489062 0.262089 0.540108 0.280320 0.470831 0.280320 0.576569 0.375120 0.434369 0.375120 0.594800 0.495442 0.427077 0.499088 0.587507 0.590242 0.416139 0.604827 0.540108 0.626703 0.448954 0.623057 0.521877 0.823595 0.448954 0.827241 0.503646 1.000000 0.452600 1.000000 0.002338 0.006006 0.016424 0.018703 0.072302 0.014109 0.013931 0.029389
0.500925 0.275154 0.519431 0.260350 0.486121 0.260350 0.541638 0.275154 0.467615 0.275154 0.574949 0.375086 0.434304 0.375086 0.597156 0.493523 0.426902 0.500925 0.593454 0.593454 0.415798 0.608259 0.541638 0.626765 0.449109 0.623064 0.523132 0.826628 0.449109 0.830329 0.504626 1.000000 0.456511 1.000000 0.002338 0.012006 0.012496 0.018981 0.070782 0.014109 0.011784 0.029389
