0.430116 0.310955 0.440867 0.289452 0.422948 0.296620 0.491041 0.278701 0.455203 0.300204 0.534046 0.368296 0.487457 0.382631 0.469538 0.472226 0.437284 0.504480 0.372775 0.447139 0.362024 0.468642 0.491041 0.626329 0.487457 0.622745 0.408613 0.801934 0.526878 0.812686 0.383527 1.000000 0.652311 0.970373 0.100110 0.148753 0.087125 0.065140 0.403928 0.517129 0.027412 0.204833
0.430474 0.310384 0.441309 0.288714 0.423251 0.295937 0.491874 0.277878 0.455756 0.299549 0.535214 0.368172 0.484650 0.382619 0.470203 0.476524 0.437698 0.505418 0.376298 0.451242 0.361851 0.469300 0.495485 0.624605 0.484650 0.624605 0.416027 0.808803 0.506321 0.819638 0.405192 1.000000 0.650790 0.964108 0.112598 0.214777 0.080707 0.035223 0.411693 0.525216 0.025319 0.164857
0.430971 0.310843 0.441729 0.292914 0.423799 0.300085 0.491932 0.282156 0.452487 0.300085 0.531377 0.368218 0.488346 0.382561 0.474002 0.479381 0.438143 0.504482 0.377183 0.454280 0.359253 0.468623 0.499104 0.622817 0.481174 0.626403 0.427385 0.812871 0.484760 0.823628 0.423799 1.000000 0.638954 0.945549 0.109274 0.281250 0.074723 0.015146 0.429083 0.511466 0.025138 0.120645
0.433692 0.311976 0.440959 0.290176 0.422792 0.297443 0.491825 0.279276 0.451859 0.297443 0.535425 0.370109 0.488192 0.381009 0.473658 0.479108 0.437325 0.504542 0.375559 0.453675 0.361026 0.471842 0.499092 0.624441 0.477292 0.624441 0.437325 0.820640 0.470025 0.824273 0.440959 1.000000 0.622624 0.944173 0.102666 0.299585 0.051915 0.002673 0.416643 0.504547 0.030114 0.085512
0.433692 0.311976 0.444592 0.290176 0.426425 0.297443 0.495458 0.279276 0.455492 0.297443 0.531792 0.370109 0.491825 0.381009 0.470025 0.479108 0.440959 0.504542 0.375559 0.453675 0.361026 0.471842 0.502725 0.624441 0.473658 0.624441 0.448225 0.817007 0.462759 0.820640 0.459125 1.000000 0.600824 0.951439 0.103963 0.276267 0.051570 0.006046 0.419609 0.499272 0.030114 0.070126
0.435217 0.311048 0.446014 0.289454 0.431617 0.296652 0.496401 0.282256 0.456811 0.300251 0.535991 0.368634 0.492802 0.383030 0.474806 0.476606 0.449613 0.505399 0.377631 0.455012 0.370433 0.473007 0.507198 0.624168 0.464009 0.624168 0.471207 0.822118 0.431617 0.807721 0.482005 1.000000 0.568383 0.951684 0.073987 0.297440 0.021534 0.017772 0.405500 0.515606 0.036741 0.001648
0.438308 0.313135 0.445461 0.291677 0.431155 0.298830 0.495530 0.280948 0.459766 0.298830 0.534869 0.370357 0.491953 0.381086 0.474071 0.477648 0.452613 0.506259 0.377510 0.452613 0.370357 0.474071 0.509835 0.624278 0.463342 0.624278 0.484800 0.824555 0.420426 0.803096 0.499106 1.000000 0.545599 0.956880 0.061884 0.292443 0.008302 0.037699 0.416643 0.521797 0.034218 0.035393
0.437410 0.313993 0.447989 0.292836 0.430358 0.299888 0.497355 0.285783 0.458567 0.303414 0.532617 0.370412 0.493829 0.380991 0.472672 0.476198 0.455041 0.507934 0.377464 0.451515 0.373938 0.472672 0.511460 0.624299 0.462093 0.624299 0.497355 0.818240 0.419779 0.797083 0.525565 1.000000 0.490303 0.976919 0.068276 0.195410 0.003356 0.035163 0.416643 0.536154 0.033736 0.053340
0.440107 0.313377 0.447051 0.296017 0.433163 0.302961 0.495660 0.285601 0.460939 0.302961 0.533853 0.372402 0.495660 0.379346 0.471356 0.476564 0.453995 0.504340 0.377610 0.448787 0.377610 0.469620 0.509548 0.625862 0.460939 0.622390 0.509548 0.816825 0.415803 0.795993 0.540797 1.000000 0.457467 0.973067 0.051629 0.154526 0.030430 0.035801 0.419670 0.533383 0.037664 0.080968
0.436926 0.310777 0.447438 0.293256 0.429917 0.300264 0.492992 0.282744 0.454446 0.300264 0.531537 0.370347 0.492992 0.380859 0.468463 0.471967 0.450942 0.500000 0.373851 0.450942 0.377355 0.468463 0.510512 0.626149 0.464959 0.622645 0.521025 0.818877 0.408892 0.797852 0.556066 1.000000 0.415901 0.976563 0.042015 0.111058 0.043449 0.061840 0.392785 0.520881 0.031282 0.115927
0.436973 0.315236 0.443880 0.294515 0.430066 0.301422 0.492230 0.284154 0.461148 0.301422 0.530218 0.370492 0.495683 0.380853 0.464601 0.474098 0.454241 0.501727 0.371356 0.446470 0.374809 0.470645 0.512951 0.626054 0.461148 0.622601 0.533672 0.812545 0.412798 0.795277 0.578568 0.995582 0.385170 0.967954 0.041341 0.036400 0.056698 0.041734 0.411983 0.513589 0.033038 0.122125
0.435603 0.315396 0.442472 0.298223 0.428734 0.305092 0.490555 0.287920 0.459645 0.305092 0.528335 0.370348 0.493990 0.380651 0.459645 0.473383 0.449341 0.504293 0.370348 0.445907 0.373782 0.469948 0.514597 0.624501 0.463079 0.624501 0.538638 0.809964 0.411562 0.796226 0.597025 0.988558 0.363479 0.961082 0.059543 0.002440 0.058223 0.052638 0.407848 0.525493 0.028462 0.133807
0.436857 0.315690 0.443683 0.298624 0.430030 0.305451 0.491467 0.288385 0.460749 0.305451 0.525599 0.370300 0.494880 0.380540 0.457336 0.472695 0.450509 0.503413 0.372007 0.445390 0.375420 0.465869 0.515359 0.622873 0.464162 0.626287 0.546077 0.807183 0.409552 0.790118 0.614340 0.977841 0.358354 0.957362 0.068550 0.007858 0.065466 0.062833 0.411414 0.537277 0.026104 0.154985
0.434786 0.315513 0.445083 0.298352 0.427921 0.305216 0.493135 0.288055 0.462245 0.305216 0.527458 0.370430 0.496568 0.380727 0.458812 0.473400 0.451948 0.504290 0.373004 0.442509 0.373004 0.466535 0.513729 0.624421 0.462245 0.624421 0.548052 0.806334 0.407328 0.789173 0.633860 0.974517 0.369572 0.960788 0.090811 0.033486 0.076550 0.057877 0.422827 0.531693 0.030639 0.161777
0.437403 0.315639 0.444263 0.298489 0.430543 0.305349 0.492283 0.288199 0.461413 0.305349 0.530012 0.370519 0.495713 0.380808 0.461413 0.473418 0.451123 0.507717 0.375664 0.442548 0.375664 0.466558 0.512862 0.624336 0.461413 0.624336 0.547162 0.806125 0.409963 0.788975 0.653491 0.967334 0.382523 0.963904 0.126238 0.046884 0.080835 0.051872 0.422827 0.551397 0.032812 0.155772
0.436592 0.315773 0.446874 0.298636 0.433164 0.305491 0.494859 0.288354 0.460584 0.305491 0.529133 0.370613 0.498286 0.380895 0.464012 0.473437 0.453729 0.511139 0.378325 0.446017 0.381752 0.470010 0.511996 0.624246 0.460584 0.624246 0.535988 0.812757 0.412599 0.788765 0.659377 0.960138 0.398890 0.966993 0.181573 0.065897 0.061770 0.041408 0.418874 0.560327 0.034982 0.130630
0.438404 0.316067 0.448670 0.298957 0.434982 0.305801 0.496578 0.288691 0.462358 0.309223 0.530798 0.370819 0.500000 0.381085 0.465780 0.470057 0.455514 0.511122 0.380230 0.446103 0.380230 0.470057 0.510266 0.624048 0.458936 0.624048 0.517110 0.812258 0.421294 0.791726 0.657412 0.949139 0.417872 0.973093 0.242360 0.064287 0.037322 0.016996 0.402281 0.554024 0.039313 0.081862
0.439691 0.314703 0.450180 0.297223 0.432699 0.304215 0.495630 0.286734 0.460668 0.307711 0.530591 0.370642 0.499126 0.381131 0.467661 0.472031 0.453676 0.513985 0.376760 0.447558 0.376760 0.475527 0.506118 0.622366 0.464164 0.625862 0.492134 0.825143 0.429203 0.807662 0.649461 0.944013 0.436195 0.989463 0.315956 0.072712 0.008932 0.015308 0.406895 0.542661 0.037927 0.038557
0.437866 0.312697 0.445070 0.294688 0.430662 0.301892 0.495498 0.283882 0.459478 0.301892 0.531517 0.370329 0.495498 0.381135 0.466682 0.474786 0.448672 0.514408 0.373030 0.449572 0.369428 0.474786 0.506303 0.622467 0.466682 0.626069 0.470284 0.831381 0.427060 0.820576 0.632372 0.953849 0.448672 1.000000 0.348385 0.099848 0.022621 0.026689 0.406895 0.540034 0.034464 0.009619
0.439232 0.312253 0.446488 0.294114 0.431976 0.301370 0.497279 0.283230 0.460999 0.301370 0.529931 0.370301 0.497279 0.381185 0.464627 0.475511 0.446488 0.515419 0.366673 0.450116 0.366673 0.471883 0.504535 0.624257 0.468255 0.624257 0.450116 0.827423 0.439232 0.823795 0.609746 0.958029 0.468255 1.000000 0.365032 0.092794 0.051580 0.008149 0.403928 0.543805 0.034713 0.037329
0.435712 0.312569 0.446578 0.294460 0.428468 0.301703 0.493662 0.283594 0.461065 0.301703 0.529880 0.370519 0.500905 0.381384 0.461065 0.475552 0.439334 0.511771 0.363275 0.446578 0.359653 0.468309 0.497284 0.624049 0.471931 0.624049 0.428468 0.819629 0.453821 0.826873 0.576964 0.960881 0.479174 1.000000 0.365648 0.070144 0.066990 0.009483 0.407070 0.518515 0.039298 0.079346
0.436065 0.314498 0.443269 0.292887 0.428861 0.300090 0.493697 0.285683 0.461279 0.303692 0.526114 0.368528 0.500901 0.382936 0.461279 0.472985 0.436065 0.509005 0.364026 0.444169 0.356822 0.465781 0.490095 0.624268 0.482891 0.624268 0.407249 0.811571 0.479289 0.825979 0.533318 0.973659 0.497299 1.000000 0.342973 0.036196 0.088017 0.018027 0.414872 0.507746 0.034464 0.126873
0.432391 0.311406 0.443066 0.293614 0.428832 0.300731 0.492883 0.286497 0.460858 0.304289 0.521350 0.368340 0.500000 0.382573 0.457299 0.471533 0.425274 0.503558 0.361223 0.439508 0.346990 0.453741 0.485766 0.624543 0.492883 0.624543 0.396807 0.802462 0.485766 0.820254 0.496442 0.980381 0.514234 0.998173 0.310077 0.062071 0.103655 0.002208 0.425597 0.504276 0.027217 0.136014
0.438278 0.304848 0.449170 0.286695 0.431016 0.293956 0.496369 0.283064 0.460062 0.301218 0.532677 0.366571 0.492739 0.384724 0.460062 0.464600 0.416493 0.497277 0.365663 0.435555 0.343879 0.446447 0.492739 0.624352 0.481846 0.624352 0.409232 0.805889 0.478216 0.824042 0.478216 1.000000 0.510892 1.000000 0.241354 0.059329 0.088309 0.008672 0.392077 0.504875 0.032415 0.131449
0.436787 0.302117 0.447781 0.280130 0.429458 0.287459 0.499084 0.276465 0.455110 0.294788 0.532064 0.368078 0.488090 0.382736 0.462439 0.456026 0.407471 0.485342 0.363497 0.434039 0.341510 0.437703 0.488090 0.624593 0.491755 0.624593 0.396478 0.807818 0.510077 0.826141 0.396478 1.000000 0.561380 1.000000 0.147584 0.053346 0.093542 0.024036 0.356452 0.487113 0.025690 0.176442
0.440435 0.304413 0.451103 0.283076 0.433323 0.290188 0.500889 0.283076 0.465328 0.297301 0.529338 0.368423 0.493777 0.382648 0.454659 0.457326 0.408430 0.478663 0.362200 0.421765 0.340863 0.428877 0.486665 0.624465 0.490221 0.624465 0.397761 0.802271 0.525782 0.816496 0.358644 0.997858 0.575568 1.000000 0.084751 0.025428 0.095015 0.062967 0.394485 0.470838 0.029473 0.205870
0.442009 0.302658 0.455858 0.285348 0.435085 0.292272 0.500866 0.285348 0.462782 0.299196 0.528563 0.368439 0.490479 0.382287 0.452396 0.451530 0.403926 0.472303 0.365842 0.413447 0.341607 0.420371 0.490479 0.624637 0.490479 0.624637 0.403926 0.797744 0.535487 0.808130 0.334683 0.977775 0.594343 0.981237 0.030709 0.027758 0.100611 0.076564 0.395772 0.477383 0.024268 0.224148
0.442846 0.302559 0.456701 0.285239 0.439382 0.288703 0.501732 0.285239 0.467093 0.299095 0.529443 0.368373 0.487876 0.382228 0.449774 0.448042 0.397816 0.465361 0.366641 0.403011 0.335466 0.409939 0.491340 0.624700 0.491340 0.624700 0.404743 0.797894 0.539835 0.808285 0.328538 0.974552 0.616040 0.978015 0.017950 0.052124 0.100611 0.077657 0.408016 0.468572 0.022069 0.229788
0.442493 0.295629 0.456648 0.277934 0.438954 0.285012 0.502654 0.281473 0.463726 0.292090 0.534504 0.369946 0.481421 0.380562 0.449571 0.444262 0.385871 0.458418 0.361098 0.398257 0.336326 0.408873 0.492037 0.624746 0.492037 0.624746 0.407104 0.801691 0.538043 0.808769 0.346943 0.982175 0.630054 0.978636 0.040034 0.080037 0.089882 0.064148 0.381446 0.467631 0.020290 0.220429
0.443866 0.295066 0.458122 0.277246 0.440302 0.280810 0.504455 0.277246 0.465250 0.291502 0.536532 0.369911 0.479507 0.380604 0.443866 0.441193 0.383277 0.455449 0.358328 0.391296 0.329816 0.398424 0.493763 0.626525 0.490199 0.622960 0.404661 0.804728 0.536532 0.811856 0.354764 0.993624 0.647018 0.975804 0.065379 0.112194 0.095015 0.062531 0.376806 0.470681 0.020435 0.224148
0.448346 0.293384 0.462595 0.275572 0.441221 0.282696 0.512468 0.279134 0.466158 0.293384 0.533842 0.371755 0.483969 0.378880 0.444784 0.443002 0.387786 0.453689 0.359287 0.386005 0.327226 0.393129 0.491094 0.624682 0.491094 0.624682 0.402035 0.802800 0.523155 0.817049 0.373536 1.000000 0.651400 0.970231 0.102416 0.169300 0.094288 0.043344 0.401944 0.460417 0.022698 0.200152
0.451447 0.292547 0.465572 0.278422 0.447916 0.281953 0.515007 0.281953 0.469103 0.296078 0.539725 0.370231 0.483227 0.380825 0.444385 0.437323 0.384356 0.447916 0.363169 0.384356 0.331389 0.387887 0.493821 0.624472 0.483227 0.624472 0.409074 0.801028 0.500883 0.818684 0.394949 1.000000 0.645659 0.952866 0.120149 0.233224 0.085590 0.028858 0.379142 0.459645 0.029265 0.171308
0.455520 0.291835 0.469754 0.277601 0.448403 0.281160 0.516013 0.281160 0.469754 0.291835 0.540921 0.370119 0.480429 0.380794 0.444845 0.434170 0.384353 0.444845 0.363002 0.377236 0.334535 0.384353 0.498221 0.622764 0.480429 0.626323 0.419936 0.807800 0.476871 0.822033 0.412820 1.000000 0.633439 0.939460 0.116429 0.300954 0.074105 0.005787 0.380636 0.467876 0.027217 0.121614
0.456127 0.293169 0.470453 0.278843 0.448964 0.282424 0.520594 0.282424 0.466871 0.293169 0.542083 0.371962 0.481197 0.379125 0.445382 0.432847 0.388078 0.443591 0.355845 0.375543 0.334356 0.382706 0.502686 0.622666 0.474034 0.626248 0.431056 0.816067 0.463290 0.823230 0.431056 1.000000 0.617294 0.941419 0.112906 0.308989 0.063292 0.008121 0.360083 0.462619 0.029683 0.095561
0.455262 0.291522 0.469578 0.273627 0.451683 0.280785 0.519685 0.280785 0.469578 0.291522 0.541159 0.370261 0.483894 0.380998 0.440946 0.427525 0.387261 0.441841 0.355050 0.366682 0.333576 0.377419 0.501790 0.624371 0.473157 0.624371 0.437367 0.810480 0.451683 0.817638 0.451683 1.000000 0.587686 0.946482 0.127264 0.293824 0.057148 0.021189 0.361423 0.457723 0.031952 0.070852
0.458904 0.288269 0.473199 0.270401 0.451757 0.273974 0.519654 0.277548 0.462478 0.288269 0.544669 0.374033 0.483919 0.377607 0.441037 0.420489 0.376713 0.431210 0.362419 0.356166 0.333831 0.370460 0.508934 0.624180 0.462478 0.624180 0.455331 0.820724 0.419596 0.806430 0.476772 1.000000 0.555390 0.942224 0.118134 0.323558 0.039583 0.045949 0.352416 0.451930 0.036479 0.011192
0.461554 0.288101 0.475860 0.273795 0.454401 0.277372 0.525929 0.280948 0.468707 0.291677 0.543810 0.370357 0.483012 0.381086 0.440096 0.420426 0.382874 0.438308 0.361416 0.359628 0.339958 0.370357 0.511623 0.624278 0.461554 0.624278 0.479436 0.824555 0.407909 0.810249 0.493741 1.000000 0.529505 0.964033 0.072641 0.302356 0.010588 0.061380 0.352575 0.485940 0.034218 0.038670
0.463856 0.291073 0.477961 0.276968 0.456804 0.280494 0.527328 0.284020 0.470909 0.294599 0.544959 0.372175 0.481487 0.379228 0.446225 0.421542 0.382754 0.435647 0.368649 0.361597 0.347492 0.368649 0.516749 0.626062 0.456804 0.622536 0.495592 0.823529 0.410963 0.805898 0.520276 1.000000 0.474435 0.989261 0.073558 0.184054 0.001251 0.045797 0.356996 0.511035 0.033736 0.044004
0.465010 0.293560 0.479006 0.276065 0.458012 0.283063 0.527992 0.286562 0.472008 0.293560 0.548986 0.370538 0.479006 0.381034 0.447515 0.419523 0.384533 0.433519 0.370538 0.353043 0.349544 0.360041 0.517495 0.625963 0.454513 0.622464 0.510497 0.818408 0.409026 0.800913 0.538489 1.000000 0.437018 0.979361 0.056737 0.128973 0.027477 0.047264 0.369913 0.519951 0.035715 0.067876
0.465490 0.296392 0.479294 0.279137 0.458588 0.282588 0.527608 0.286039 0.472392 0.296392 0.544863 0.372314 0.482745 0.379216 0.448235 0.417176 0.386117 0.430980 0.368863 0.351608 0.348157 0.355059 0.517255 0.624235 0.455137 0.624235 0.524157 0.820942 0.406823 0.800236 0.562118 1.000000 0.396470 0.979687 0.052802 0.066935 0.045909 0.049563 0.358136 0.508964 0.035223 0.096443
0.460851 0.295743 0.477872 0.282126 0.457447 0.285531 0.525532 0.288935 0.471064 0.295743 0.542553 0.374042 0.484681 0.377446 0.443829 0.414893 0.385957 0.428510 0.368935 0.350212 0.348510 0.357020 0.515319 0.625958 0.457447 0.622554 0.532341 0.816598 0.406382 0.796172 0.576596 0.993620 0.365531 0.962982 0.049634 0.014605 0.062624 0.055830 0.351636 0.498355 0.034745 0.119398
0.460749 0.296918 0.474401 0.283265 0.457336 0.286678 0.522185 0.290091 0.470988 0.300331 0.539251 0.372007 0.481228 0.378833 0.447096 0.416378 0.385660 0.430030 0.365181 0.348115 0.344702 0.354941 0.518772 0.624580 0.460749 0.624580 0.535838 0.815716 0.402725 0.798651 0.597275 0.993200 0.348115 0.962482 0.077730 0.000001 0.054098 0.075952 0.363975 0.497601 0.026104 0.130762
0.462501 0.297163 0.476137 0.283527 0.455683 0.286936 0.520454 0.290345 0.472728 0.300572 0.540908 0.372162 0.482955 0.378980 0.442047 0.416479 0.387502 0.430115 0.363639 0.348299 0.346594 0.355117 0.517045 0.624429 0.459092 0.624429 0.540908 0.815334 0.401138 0.798289 0.615907 0.985785 0.353412 0.965331 0.092358 0.013831 0.069604 0.071567 0.361970 0.497601 0.030430 0.142000
0.463624 0.297819 0.477159 0.284283 0.456857 0.287667 0.524532 0.291051 0.473776 0.301202 0.541451 0.372262 0.483927 0.379030 0.446705 0.412867 0.392565 0.429786 0.368878 0.348575 0.351959 0.358727 0.517765 0.626046 0.456857 0.622662 0.544835 0.812155 0.402716 0.791852 0.636198 0.974576 0.372262 0.964425 0.117121 0.042982 0.075600 0.063358 0.348657 0.496165 0.032368 0.144559
0.460584 0.296922 0.474294 0.283212 0.453729 0.286640 0.522279 0.290067 0.470866 0.300350 0.539416 0.372327 0.488004 0.379182 0.443447 0.416884 0.395462 0.430594 0.368042 0.351762 0.350905 0.362044 0.515424 0.625960 0.457157 0.622532 0.535988 0.814471 0.398890 0.797333 0.652523 0.968707 0.385180 0.972134 0.171374 0.077502 0.064609 0.062281 0.365110 0.477949 0.034982 0.137004
0.462675 0.292545 0.476564 0.278657 0.455731 0.282129 0.525172 0.289073 0.473092 0.299489 0.542533 0.372402 0.486980 0.379346 0.441843 0.414067 0.393234 0.427955 0.365458 0.348098 0.348098 0.358514 0.514756 0.625862 0.455731 0.622390 0.518228 0.820297 0.403650 0.795993 0.657110 0.966123 0.400178 0.983484 0.236554 0.086880 0.040428 0.052071 0.351636 0.468798 0.037664 0.098457
0.462221 0.295290 0.479793 0.277718 0.458707 0.284747 0.528993 0.288261 0.472764 0.298804 0.546565 0.372605 0.486821 0.379634 0.441135 0.414777 0.388420 0.428835 0.367334 0.348005 0.346248 0.358548 0.511422 0.625638 0.455192 0.622123 0.497364 0.825955 0.413020 0.804869 0.651995 0.959499 0.423563 0.994643 0.295551 0.089858 0.021628 0.030907 0.355217 0.475563 0.042636 0.049891
0.464517 0.294197 0.478710 0.276455 0.457420 0.283552 0.528387 0.287100 0.471613 0.297745 0.542580 0.372260 0.485807 0.379357 0.439678 0.414840 0.386453 0.429033 0.365163 0.347422 0.343873 0.358067 0.510645 0.624192 0.460968 0.624192 0.468065 0.826446 0.421937 0.812253 0.634837 0.947090 0.436130 1.000000 0.366703 0.088675 0.025913 0.032957 0.358983 0.475563 0.036221 0.000903
0.460062 0.290326 0.474585 0.272172 0.452801 0.279433 0.525415 0.279433 0.470954 0.293956 0.543569 0.370202 0.481846 0.381094 0.438278 0.413770 0.380186 0.428293 0.362032 0.348417 0.336617 0.359309 0.510892 0.624352 0.463693 0.624352 0.445539 0.827673 0.423755 0.824042 0.612553 0.958379 0.449170 1.000000 0.387621 0.103867 0.058292 0.039122 0.350448 0.459051 0.032415 0.036161
0.458959 0.290235 0.473551 0.271995 0.451663 0.279291 0.524625 0.279291 0.469903 0.293883 0.546513 0.370493 0.484496 0.381437 0.440719 0.414270 0.378701 0.432510 0.360461 0.348605 0.338572 0.359549 0.506384 0.625859 0.462607 0.622211 0.429774 0.822855 0.433423 0.826503 0.582994 0.965130 0.462607 1.000000 0.379842 0.091984 0.068444 0.016309 0.343160 0.483103 0.039583 0.072891
