0.422689 0.317018 0.435898 0.299147 0.410257 0.302255 0.476302 0.290600 0.405595 0.300701 0.558663 0.363638 0.408703 0.388501 0.636362 0.477079 0.374516 0.508935 0.637139 0.589743 0.348098 0.611499 0.563325 0.619268 0.469309 0.628592 0.530691 0.797977 0.487180 0.817402 0.534576 0.996887 0.543900 0.989894 0.063709 0.071086 0.063297 0.048667 0.188963 0.007798 0.041670 0.087531
0.411171 0.322342 0.423584 0.305274 0.402637 0.306826 0.469356 0.297516 0.409619 0.303723 0.561676 0.361908 0.408844 0.389837 0.634601 0.478278 0.372381 0.510085 0.629171 0.593872 0.346004 0.612491 0.560124 0.619473 0.469356 0.628783 0.516680 0.799459 0.496509 0.815750 0.519007 0.985650 0.551591 0.978668 0.079370 0.057872 0.073474 0.033044 0.193132 0.013470 0.037623 0.121298
0.415169 0.322961 0.428369 0.305878 0.405075 0.307431 0.473405 0.296561 0.407404 0.304325 0.563478 0.361009 0.408957 0.390515 0.633362 0.482917 0.373239 0.508541 0.625597 0.597837 0.347615 0.611038 0.558819 0.620355 0.468746 0.628120 0.507571 0.794288 0.510677 0.804383 0.497476 0.990739 0.558042 0.989187 0.074865 0.005525 0.085489 0.004127 0.187160 0.015562 0.035169 0.165546
0.416055 0.329427 0.428321 0.311794 0.406089 0.314094 0.472785 0.301062 0.408389 0.309494 0.560946 0.363925 0.410688 0.387690 0.628409 0.486584 0.379257 0.508050 0.623043 0.606944 0.348592 0.612310 0.558647 0.620743 0.469718 0.627643 0.506516 0.797066 0.518782 0.798599 0.481984 1.000000 0.561713 0.984889 0.053250 0.016866 0.088652 0.012180 0.174243 0.009743 0.036193 0.180465
0.422174 0.329732 0.432804 0.312268 0.410785 0.315306 0.472286 0.299361 0.410026 0.310750 0.561881 0.364659 0.412303 0.386678 0.623383 0.491458 0.381932 0.508162 0.618827 0.606868 0.356117 0.615220 0.556566 0.621295 0.469249 0.627369 0.507213 0.800484 0.527714 0.795169 0.477601 1.000000 0.571752 0.979674 0.040382 0.032138 0.078958 0.032767 0.156307 0.002658 0.032928 0.192267
0.418273 0.328872 0.429016 0.310454 0.405995 0.314291 0.469688 0.294339 0.404460 0.308152 0.561008 0.364939 0.412901 0.386426 0.620864 0.492326 0.381438 0.511511 0.613958 0.607435 0.352277 0.625085 0.554868 0.622015 0.471223 0.626620 0.503453 0.794678 0.532614 0.792376 0.486571 1.000000 0.574821 0.978852 0.066621 0.042055 0.084524 0.037084 0.158897 0.001560 0.033281 0.205031
0.419731 0.331416 0.429693 0.313025 0.408237 0.316857 0.468774 0.294634 0.405938 0.308427 0.562261 0.365899 0.415900 0.385056 0.622798 0.496169 0.386781 0.513027 0.609771 0.609579 0.358428 0.629503 0.553066 0.622606 0.468774 0.626438 0.504023 0.799619 0.528544 0.795788 0.494061 1.000000 0.579119 0.971268 0.070774 0.018681 0.074634 0.039359 0.174873 0.004790 0.027842 0.194032
0.424395 0.333247 0.434373 0.314058 0.410579 0.319431 0.470449 0.294101 0.403671 0.310220 0.564092 0.365484 0.414417 0.385441 0.623194 0.497505 0.390622 0.514392 0.604005 0.613408 0.366828 0.633364 0.554113 0.622618 0.467379 0.626456 0.500384 0.802996 0.518805 0.801461 0.498081 1.000000 0.577908 0.967255 0.088654 0.018024 0.079806 0.022125 0.186209 0.004751 0.027398 0.183129
0.424495 0.335776 0.433555 0.316145 0.410904 0.321430 0.471308 0.295003 0.404863 0.313124 0.562669 0.365223 0.416944 0.385610 0.623074 0.495847 0.401088 0.517744 0.601177 0.611370 0.386742 0.635532 0.552854 0.621941 0.467533 0.627226 0.499245 0.804664 0.496980 0.800133 0.509061 1.000000 0.566445 0.936798 0.106154 0.095992 0.078675 0.012002 0.197499 0.000548 0.025986 0.144534
0.425721 0.331509 0.436252 0.312704 0.412934 0.317217 0.474613 0.296156 0.409173 0.309695 0.568638 0.366110 0.419703 0.384162 0.628061 0.497743 0.404660 0.520309 0.603238 0.611325 0.388111 0.640660 0.550585 0.622607 0.461074 0.627121 0.504701 0.813664 0.479879 0.806142 0.513728 1.000000 0.561116 0.915963 0.089214 0.169416 0.052658 0.020373 0.203464 0.008465 0.014850 0.108337
0.427324 0.333122 0.436892 0.313987 0.414077 0.319139 0.475897 0.294117 0.411133 0.311779 0.569364 0.364768 0.422173 0.385375 0.624560 0.497240 0.409662 0.520791 0.598066 0.609105 0.397886 0.643695 0.549493 0.622352 0.458971 0.627504 0.511223 0.812965 0.462650 0.808549 0.517111 1.000000 0.558324 0.914527 0.072786 0.227281 0.038563 0.041539 0.199691 0.001078 0.010778 0.069538
0.431183 0.334477 0.439876 0.315642 0.417419 0.321438 0.478268 0.295359 0.414522 0.312745 0.568093 0.367074 0.425388 0.383011 0.621698 0.498189 0.412349 0.514126 0.597793 0.608297 0.404380 0.632201 0.547810 0.622784 0.458710 0.627131 0.520283 0.810402 0.456537 0.806055 0.529700 0.999468 0.556503 0.924855 0.062212 0.226529 0.021175 0.047048 0.191588 0.010102 0.008302 0.042505
0.431183 0.334477 0.439876 0.316367 0.417419 0.321438 0.478268 0.295359 0.414522 0.312745 0.568093 0.367074 0.425388 0.383011 0.621698 0.498189 0.412349 0.514126 0.597793 0.608297 0.404380 0.632926 0.547810 0.622784 0.458710 0.627131 0.520283 0.811126 0.456537 0.806055 0.529700 0.999468 0.556503 0.924855 0.062097 0.226529 0.020999 0.047048 0.191588 0.010233 0.008302 0.042329
0.428451 0.332503 0.438725 0.312689 0.414509 0.319294 0.477618 0.292876 0.410839 0.311956 0.569347 0.365525 0.422581 0.384605 0.622917 0.499083 0.408638 0.514493 0.592096 0.609157 0.393228 0.627503 0.549534 0.623100 0.458539 0.626769 0.523116 0.812429 0.443128 0.810227 0.526785 0.999556 0.533389 0.969469 0.050371 0.190817 0.019693 0.073597 0.208322 0.009100 0.010280 0.017455
0.431127 0.330066 0.443355 0.312803 0.420338 0.314960 0.486513 0.299855 0.419618 0.307767 0.572110 0.368189 0.423215 0.381855 0.622461 0.498382 0.410987 0.512048 0.588654 0.604838 0.395882 0.626417 0.548373 0.624259 0.456303 0.625697 0.527513 0.811276 0.438320 0.804803 0.540461 0.988943 0.510250 0.958733 0.058513 0.170998 0.005935 0.074782 0.215343 0.011990 0.005954 0.003505
0.430875 0.332934 0.442190 0.315963 0.420268 0.318084 0.484619 0.298991 0.418854 0.308184 0.569478 0.366171 0.427340 0.383850 0.621808 0.494873 0.413197 0.511138 0.583621 0.598118 0.406125 0.622868 0.546849 0.624283 0.456333 0.625697 0.532706 0.808143 0.441483 0.800365 0.548971 0.985640 0.488862 0.953817 0.053524 0.122322 0.003398 0.064976 0.235688 0.015104 0.004053 0.002560
0.428703 0.328887 0.439970 0.311987 0.417436 0.314099 0.482220 0.295791 0.417436 0.305649 0.570945 0.364800 0.425886 0.385220 0.620941 0.490846 0.409690 0.510563 0.582916 0.593654 0.402649 0.617596 0.547707 0.623934 0.455461 0.626046 0.538553 0.804905 0.438561 0.797159 0.552637 0.983060 0.473066 0.966160 0.041198 0.095444 0.012381 0.070232 0.232962 0.019992 0.004036 0.015249
0.426394 0.325251 0.439103 0.308306 0.415803 0.310424 0.484290 0.294185 0.415097 0.304069 0.571135 0.364084 0.423569 0.385972 0.622677 0.490468 0.408036 0.510944 0.581020 0.594965 0.401682 0.614028 0.549953 0.623913 0.455342 0.626031 0.545011 0.806075 0.438397 0.796191 0.559838 0.984002 0.453930 0.974823 0.035099 0.059205 0.017257 0.073481 0.244007 0.019765 0.006743 0.022961
0.426070 0.327150 0.438565 0.311184 0.417046 0.311878 0.483687 0.297995 0.418434 0.304242 0.569071 0.366718 0.423988 0.383378 0.619051 0.492364 0.407327 0.507636 0.579483 0.595102 0.399691 0.609680 0.551022 0.624258 0.455920 0.625646 0.554493 0.803355 0.440648 0.797802 0.564906 0.975511 0.440648 0.971346 0.013061 0.028163 0.028439 0.069878 0.237531 0.018651 0.008839 0.034331
0.422413 0.329169 0.435634 0.312468 0.413367 0.313164 0.481560 0.298551 0.415454 0.304814 0.567150 0.366049 0.423109 0.384141 0.620730 0.493389 0.406408 0.508698 0.578283 0.597071 0.395970 0.611684 0.552537 0.624209 0.457205 0.625601 0.560191 0.803043 0.441897 0.797476 0.574108 0.975613 0.425196 0.972134 0.011999 0.002069 0.031614 0.072930 0.250465 0.010274 0.012407 0.041893
0.423591 0.330646 0.436819 0.313937 0.413147 0.314633 0.482073 0.298620 0.412451 0.304190 0.564922 0.366153 0.420806 0.384255 0.618530 0.494256 0.404097 0.509573 0.575365 0.597296 0.395742 0.614701 0.554479 0.623752 0.459794 0.625840 0.562833 0.799197 0.445173 0.797805 0.583023 0.974643 0.413844 0.973947 0.021324 0.029033 0.028043 0.077929 0.252433 0.016950 0.018182 0.042144
0.422238 0.335952 0.434068 0.318555 0.413192 0.320643 0.479994 0.303247 0.413192 0.309509 0.564193 0.365874 0.419455 0.384662 0.618470 0.493911 0.403450 0.512004 0.573935 0.598290 0.393012 0.618470 0.555843 0.623341 0.460510 0.626124 0.566280 0.803567 0.444505 0.801480 0.591331 0.980315 0.411800 0.977532 0.026402 0.029494 0.028734 0.082581 0.255995 0.008690 0.020836 0.047386
0.422928 0.331778 0.434893 0.314182 0.413074 0.316293 0.479236 0.300808 0.412370 0.307847 0.562995 0.364156 0.416593 0.386679 0.620008 0.489442 0.400404 0.513373 0.577072 0.597132 0.388439 0.623175 0.558068 0.622471 0.462344 0.626694 0.571441 0.805474 0.448267 0.807585 0.604523 0.978623 0.423632 0.986365 0.036871 0.018866 0.029290 0.084677 0.256695 0.005903 0.026018 0.047941
0.421021 0.329850 0.433035 0.311475 0.410420 0.314302 0.478267 0.298046 0.408299 0.306527 0.563077 0.363067 0.416074 0.387804 0.621738 0.487455 0.399112 0.517139 0.582160 0.597708 0.388510 0.634459 0.558130 0.621738 0.462719 0.627392 0.575799 0.804079 0.450704 0.809026 0.617497 0.980059 0.434449 0.988540 0.043309 0.007720 0.036835 0.082231 0.249972 0.012824 0.026577 0.051773
0.417203 0.326749 0.429311 0.308943 0.407231 0.311792 0.473469 0.295411 0.406519 0.304670 0.560362 0.362361 0.416490 0.388713 0.623039 0.487714 0.397972 0.521901 0.586715 0.603096 0.386577 0.642269 0.558225 0.620902 0.464922 0.628024 0.576031 0.804658 0.451390 0.812493 0.627312 0.981293 0.442843 0.996250 0.059192 0.008515 0.033378 0.086870 0.244666 0.013928 0.029515 0.054057
0.414574 0.333046 0.425208 0.313905 0.403231 0.317450 0.469870 0.294764 0.402522 0.306107 0.559196 0.362113 0.416700 0.389052 0.623709 0.489720 0.399686 0.525167 0.586844 0.603150 0.388343 0.648521 0.558487 0.620873 0.465617 0.627962 0.572666 0.804487 0.452147 0.811576 0.638596 0.970377 0.450729 0.997316 0.095884 0.020879 0.025403 0.087594 0.249018 0.010396 0.030738 0.047840
0.411214 0.336141 0.420356 0.317153 0.399962 0.321373 0.465365 0.295352 0.401368 0.310121 0.558898 0.361458 0.418246 0.389589 0.623597 0.487341 0.404181 0.527427 0.586325 0.597753 0.392226 0.652607 0.557491 0.620257 0.465365 0.628696 0.567337 0.798884 0.456222 0.810840 0.641179 0.956414 0.460442 0.993687 0.122000 0.023308 0.019257 0.077896 0.254752 0.002061 0.029142 0.033491
0.407145 0.339004 0.416324 0.319232 0.395847 0.323469 0.462928 0.295930 0.398671 0.312171 0.556843 0.359481 0.416324 0.391963 0.621100 0.486584 0.402908 0.531776 0.581557 0.596739 0.390904 0.657466 0.559668 0.619335 0.467165 0.629221 0.559668 0.796572 0.456573 0.814225 0.638753 0.946271 0.465753 1.000000 0.154709 0.033866 0.003459 0.085397 0.258700 0.000149 0.034230 0.018204
0.406588 0.339133 0.415770 0.319356 0.394580 0.324300 0.460269 0.296047 0.395286 0.312292 0.556330 0.359617 0.414357 0.392108 0.619900 0.486756 0.401643 0.534081 0.578226 0.597650 0.384691 0.659101 0.561274 0.619547 0.468038 0.628729 0.559155 0.806725 0.456737 0.817320 0.635439 0.948697 0.470157 1.000000 0.160546 0.042095 0.009657 0.090064 0.262006 0.014470 0.037408 0.015449
0.409849 0.334753 0.418952 0.314447 0.395845 0.321449 0.461664 0.292041 0.393044 0.315147 0.556891 0.357159 0.410549 0.394970 0.619209 0.483195 0.395145 0.530109 0.576497 0.592426 0.382541 0.654744 0.564593 0.618334 0.467966 0.629537 0.556891 0.803887 0.458163 0.817891 0.629712 0.942526 0.475668 0.999943 0.167154 0.047064 0.022590 0.092964 0.264815 0.004047 0.041574 0.003349
0.411411 0.334611 0.419733 0.314501 0.397542 0.321435 0.460646 0.291617 0.397542 0.314501 0.557730 0.355415 0.412798 0.396329 0.618754 0.485091 0.394075 0.530859 0.574373 0.593270 0.376045 0.654294 0.562584 0.618234 0.466888 0.630023 0.557037 0.801999 0.462727 0.819336 0.622221 0.948318 0.482144 0.996860 0.143011 0.041672 0.015485 0.079394 0.263930 0.002151 0.037612 0.002612
0.414205 0.337386 0.423872 0.317361 0.400394 0.324266 0.466683 0.295265 0.398323 0.317361 0.560592 0.356029 0.412823 0.395388 0.619976 0.485154 0.393489 0.528656 0.575783 0.592183 0.372774 0.648804 0.561283 0.619112 0.465302 0.629470 0.555068 0.805549 0.467374 0.818669 0.610999 0.970580 0.486017 1.000000 0.114618 0.029079 0.011442 0.066716 0.261851 0.008487 0.033913 0.014091
0.418212 0.333663 0.429255 0.314337 0.404408 0.320549 0.471357 0.295011 0.400267 0.315717 0.561773 0.356439 0.410619 0.395090 0.621130 0.486886 0.389223 0.527608 0.575577 0.589035 0.372659 0.645632 0.563153 0.618714 0.464455 0.629757 0.555561 0.807138 0.467216 0.820251 0.594902 0.992801 0.489302 0.999012 0.079284 0.034517 0.014494 0.067169 0.269450 0.006568 0.035223 0.017432
0.413473 0.333469 0.425834 0.315614 0.402485 0.317674 0.472531 0.297759 0.401112 0.310121 0.560432 0.357505 0.407292 0.394588 0.617430 0.487982 0.386004 0.527126 0.571419 0.588244 0.369522 0.640435 0.567299 0.618460 0.464977 0.629448 0.550131 0.805249 0.468411 0.816924 0.580347 0.999593 0.491073 0.995472 0.078271 0.034357 0.037549 0.070835 0.268046 0.004717 0.041210 0.035004
0.422746 0.331539 0.435678 0.313842 0.411175 0.316565 0.479921 0.296145 0.407091 0.309758 0.561599 0.358765 0.410494 0.392797 0.618774 0.488089 0.388033 0.525524 0.573851 0.592228 0.371697 0.641235 0.563641 0.619454 0.464266 0.628983 0.547305 0.807314 0.472434 0.816162 0.569767 1.000000 0.497618 0.995173 0.063310 0.030608 0.030103 0.057373 0.262136 0.008719 0.035606 0.041491
0.426203 0.331177 0.439682 0.313655 0.415420 0.315677 0.484162 0.301524 0.412050 0.308263 0.564362 0.361505 0.410029 0.389810 0.620299 0.490228 0.388462 0.523251 0.575145 0.592667 0.371614 0.639169 0.562340 0.620299 0.463270 0.628386 0.543469 0.807655 0.473379 0.815068 0.558296 1.000000 0.496967 0.992315 0.055331 0.024893 0.029466 0.052670 0.262639 0.005057 0.032665 0.049173
0.432168 0.330338 0.445501 0.313005 0.421502 0.315005 0.489500 0.301005 0.417502 0.306338 0.568832 0.363004 0.412836 0.387670 0.621497 0.488334 0.388170 0.522333 0.574165 0.587664 0.372837 0.638996 0.557499 0.621664 0.460834 0.627663 0.541499 0.811659 0.473501 0.814325 0.550832 1.000000 0.498833 0.989654 0.042257 0.024109 0.012804 0.041266 0.268172 0.016069 0.023363 0.048308
0.432432 0.330746 0.445080 0.313438 0.421780 0.315435 0.489682 0.301455 0.417786 0.306781 0.568234 0.363365 0.413126 0.387330 0.621490 0.488517 0.388495 0.522467 0.574225 0.587706 0.373184 0.638965 0.557583 0.621656 0.461057 0.627648 0.541606 0.810715 0.473705 0.814043 0.550260 1.000000 0.499001 0.989122 0.041194 0.024109 0.013716 0.041097 0.269609 0.015791 0.023755 0.048402
0.436112 0.329797 0.449873 0.312760 0.424973 0.314070 0.493775 0.302276 0.419076 0.304897 0.567819 0.363870 0.413833 0.386804 0.620895 0.489680 0.390244 0.518511 0.578303 0.591245 0.374518 0.632526 0.556680 0.622042 0.461667 0.627284 0.535712 0.808791 0.475428 0.810101 0.542264 0.994229 0.499672 0.977847 0.046834 0.021776 0.021865 0.038586 0.253470 0.012783 0.023382 0.059505
0.439196 0.328050 0.453580 0.311051 0.429389 0.311705 0.496731 0.301244 0.424159 0.300590 0.572572 0.365970 0.416313 0.384277 0.620954 0.491501 0.390161 0.515691 0.580418 0.592186 0.375124 0.628799 0.552304 0.622915 0.458810 0.626838 0.534652 0.809249 0.476463 0.808595 0.532690 0.992314 0.499346 0.974007 0.026656 0.012939 0.005010 0.024390 0.238928 0.020456 0.014156 0.060884
0.441757 0.326740 0.457419 0.310425 0.432621 0.309773 0.501795 0.302594 0.428706 0.299984 0.574884 0.368505 0.419569 0.381557 0.621869 0.495106 0.390856 0.514031 0.579452 0.596908 0.377152 0.628885 0.548780 0.624317 0.456767 0.625622 0.530508 0.818133 0.480259 0.811607 0.529856 1.000000 0.504405 0.972142 0.028808 0.007524 0.002448 0.008145 0.238786 0.030141 0.007063 0.069916
0.445418 0.327534 0.460275 0.311385 0.437021 0.310739 0.502907 0.304926 0.433791 0.301050 0.575252 0.370166 0.421518 0.379855 0.621114 0.499354 0.394389 0.510335 0.580420 0.600767 0.380178 0.625313 0.546831 0.624667 0.456399 0.625313 0.530036 0.813281 0.480945 0.805530 0.533266 0.996083 0.508074 0.963140 0.033891 0.011170 0.007133 0.001844 0.230051 0.026111 0.004112 0.071357
0.442089 0.329626 0.456807 0.314268 0.433770 0.312988 0.500960 0.309149 0.431210 0.304030 0.573269 0.370580 0.419052 0.379538 0.618062 0.501120 0.392176 0.510078 0.580948 0.605424 0.378738 0.624621 0.549592 0.624621 0.458086 0.625261 0.520797 0.808913 0.478563 0.801874 0.529116 0.993205 0.504799 0.960570 0.063695 0.015411 0.019756 0.013405 0.214033 0.027458 0.009778 0.086078
0.443821 0.332591 0.459275 0.316494 0.435451 0.315206 0.503058 0.310055 0.430944 0.303616 0.571954 0.371868 0.418710 0.378307 0.618957 0.502576 0.391023 0.509014 0.582256 0.606240 0.378146 0.627488 0.550706 0.624913 0.458631 0.624913 0.518512 0.811638 0.470864 0.803268 0.530101 0.998363 0.501771 0.962950 0.074079 0.039056 0.027681 0.029285 0.218193 0.031979 0.011890 0.076146
0.440934 0.337886 0.457447 0.324548 0.433313 0.320738 0.503811 0.315022 0.432042 0.307400 0.574309 0.370912 0.419340 0.379169 0.617497 0.501747 0.393935 0.508733 0.583836 0.609082 0.383138 0.628135 0.550174 0.625595 0.456177 0.624325 0.525405 0.810414 0.468244 0.797077 0.535567 0.997139 0.496824 0.959032 0.059713 0.033401 0.012333 0.025275 0.198221 0.032927 0.008087 0.064606
0.446452 0.335712 0.461661 0.319869 0.438214 0.318602 0.506020 0.311631 0.435045 0.304027 0.576362 0.371833 0.422371 0.378170 0.625791 0.501109 0.396389 0.508080 0.587134 0.605670 0.386884 0.623414 0.547211 0.625949 0.454056 0.624048 0.526299 0.814159 0.461661 0.799584 0.538339 0.996667 0.499683 0.944703 0.056192 0.067785 0.001128 0.027013 0.228965 0.036658 0.001613 0.049004
0.452263 0.337002 0.466709 0.321299 0.443469 0.320043 0.508794 0.311877 0.438444 0.306224 0.578515 0.371549 0.423369 0.378458 0.624996 0.500314 0.396360 0.506595 0.587309 0.606467 0.388822 0.623426 0.546481 0.625939 0.451635 0.624054 0.531406 0.812491 0.454147 0.796160 0.541456 0.993391 0.498116 0.936859 0.043332 0.091765 0.014207 0.031827 0.218860 0.045619 0.002398 0.030313
0.448658 0.333802 0.463639 0.318196 0.439919 0.316948 0.506086 0.309457 0.435549 0.305088 0.578496 0.370631 0.421817 0.379370 0.624688 0.499844 0.396224 0.508583 0.590356 0.604713 0.389981 0.623439 0.547909 0.625936 0.451779 0.624064 0.532928 0.814450 0.446161 0.792603 0.542915 0.992977 0.494850 0.931804 0.043032 0.117710 0.012711 0.049390 0.209993 0.044959 0.000393 0.014637
0.448622 0.330516 0.463660 0.314852 0.439224 0.313599 0.506892 0.305454 0.432958 0.302947 0.579573 0.368736 0.419174 0.381267 0.624685 0.499687 0.392232 0.510965 0.589598 0.603695 0.386593 0.621239 0.550125 0.624998 0.451128 0.624998 0.538220 0.817352 0.440477 0.796049 0.546365 1.000000 0.489349 0.935145 0.033789 0.127346 0.016743 0.061291 0.209169 0.048932 0.001594 0.000000
0.451226 0.327019 0.465655 0.311336 0.440562 0.310708 0.505803 0.301926 0.433034 0.301299 0.578571 0.369049 0.418606 0.380967 0.626874 0.497020 0.394141 0.511448 0.592372 0.600527 0.388495 0.618092 0.550969 0.624992 0.451854 0.624992 0.545323 0.818832 0.437426 0.796876 0.553478 1.000000 0.486983 0.943039 0.023528 0.130710 0.024927 0.069760 0.217300 0.042162 0.003595 0.017388
