0.489490 0.269467 0.509957 0.255638 0.477873 0.255638 0.548679 0.274446 0.466257 0.271680 0.586847 0.382314 0.424216 0.367931 0.631654 0.500691 0.369452 0.484096 0.585188 0.499585 0.453534 0.496266 0.548126 0.627367 0.440811 0.622388 0.527658 0.816550 0.441364 0.812678 0.514382 0.998542 0.448555 0.982500 0.011124 0.012546 0.015581 0.019805 0.622755 0.594472 0.014091 0.035229
0.488451 0.269019 0.508249 0.255270 0.475802 0.255820 0.547846 0.274518 0.464803 0.273968 0.587993 0.381760 0.424656 0.368561 0.633089 0.497250 0.368561 0.482951 0.588543 0.500550 0.453254 0.496700 0.547846 0.627590 0.439505 0.622090 0.528598 0.816224 0.444454 0.811275 0.514299 0.998260 0.447754 0.997160 0.007417 0.002676 0.019160 0.010296 0.594961 0.593899 0.016112 0.040695
0.487244 0.268442 0.507210 0.254021 0.474487 0.255685 0.547698 0.272879 0.464504 0.274543 0.589296 0.381586 0.425125 0.368830 0.631447 0.501941 0.364116 0.480865 0.583749 0.501941 0.450638 0.497504 0.547144 0.627288 0.438436 0.622296 0.529395 0.821963 0.448419 0.819745 0.513866 1.000000 0.444537 1.000000 0.002236 0.022428 0.025142 0.000623 0.607232 0.598251 0.018371 0.045020
0.487162 0.268351 0.506698 0.253280 0.474323 0.254955 0.549121 0.271700 0.464276 0.274491 0.590427 0.381664 0.425203 0.368825 0.632291 0.502791 0.362127 0.480463 0.579263 0.500558 0.448088 0.496651 0.546330 0.627267 0.438041 0.622244 0.530142 0.825983 0.449205 0.824308 0.513955 1.000000 0.443623 1.000000 0.001863 0.026482 0.030676 0.001454 0.619318 0.604455 0.019913 0.043441
0.487688 0.269349 0.507387 0.255121 0.475102 0.256763 0.549523 0.273727 0.465799 0.275368 0.588922 0.382075 0.426400 0.368395 0.627227 0.502462 0.362375 0.477838 0.573600 0.496990 0.448288 0.491518 0.545692 0.627227 0.438986 0.622303 0.529823 0.819300 0.451571 0.816564 0.513407 0.991125 0.446099 1.000000 0.004080 0.029791 0.029320 0.004829 0.630425 0.618223 0.019521 0.046834
0.486591 0.270687 0.506294 0.255910 0.474551 0.257005 0.547888 0.272329 0.465795 0.272876 0.588387 0.382333 0.426390 0.368104 0.625055 0.503284 0.359074 0.475919 0.569232 0.497264 0.439525 0.490149 0.545698 0.627518 0.439525 0.622045 0.528733 0.818521 0.452112 0.814690 0.513956 0.990916 0.447187 1.000000 0.000986 0.029218 0.026670 0.004318 0.627893 0.621939 0.018825 0.048969
0.486454 0.270672 0.506157 0.255894 0.474413 0.256989 0.547754 0.272314 0.465656 0.272861 0.588256 0.382326 0.426248 0.368095 0.624926 0.503284 0.358928 0.475918 0.569099 0.497263 0.439384 0.490148 0.545565 0.627526 0.439931 0.622053 0.528598 0.818542 0.451972 0.814710 0.513820 0.991495 0.447047 1.000000 0.001074 0.028317 0.026670 0.002734 0.627893 0.621939 0.018477 0.048069
0.487106 0.269551 0.506859 0.254737 0.476132 0.255834 0.550754 0.273392 0.467353 0.273941 0.586967 0.382581 0.426201 0.367766 0.623729 0.503841 0.357067 0.475309 0.572152 0.500000 0.435529 0.490124 0.545815 0.627296 0.441016 0.622357 0.530452 0.818239 0.453636 0.815495 0.515089 0.984491 0.449246 1.000000 0.003776 0.028302 0.027475 0.002267 0.617358 0.622461 0.016775 0.046325
0.488127 0.268606 0.508560 0.253695 0.476529 0.255352 0.552740 0.272472 0.467693 0.273024 0.588084 0.384027 0.425722 0.366355 0.623981 0.506627 0.355586 0.474044 0.574278 0.503866 0.436767 0.493925 0.546113 0.627018 0.440081 0.622600 0.531755 0.817546 0.456096 0.820307 0.515187 0.981565 0.451678 1.000000 0.008100 0.033045 0.030500 0.007911 0.608330 0.607304 0.017588 0.049672
0.488031 0.266611 0.509185 0.251581 0.476898 0.252137 0.553163 0.272178 0.466877 0.271064 0.588791 0.384071 0.424013 0.366257 0.624418 0.504871 0.354984 0.477037 0.579327 0.509324 0.441270 0.493737 0.547040 0.627341 0.440157 0.622331 0.533123 0.821066 0.457414 0.824963 0.515309 0.980277 0.455187 1.000000 0.012640 0.030610 0.031275 0.007003 0.559955 0.616520 0.016309 0.049871
0.488825 0.265320 0.509244 0.250972 0.477236 0.251523 0.552289 0.271942 0.466750 0.270839 0.588160 0.384523 0.423705 0.365759 0.623479 0.509244 0.355826 0.476132 0.577123 0.507036 0.447435 0.494895 0.547874 0.627343 0.440261 0.622376 0.532422 0.818287 0.456265 0.823806 0.514762 0.972257 0.455161 1.000000 0.010647 0.026986 0.026631 0.004729 0.602987 0.611202 0.015113 0.050940
0.489190 0.265688 0.509189 0.251094 0.477839 0.252175 0.551349 0.272174 0.467569 0.272174 0.587563 0.384060 0.424328 0.366223 0.621615 0.505135 0.358926 0.474326 0.580536 0.507297 0.448111 0.494325 0.547565 0.627291 0.440544 0.622426 0.531890 0.811065 0.454597 0.818632 0.513513 0.952680 0.455137 1.000000 0.013993 0.021878 0.024796 0.002642 0.570533 0.602971 0.015146 0.049845
0.488697 0.265596 0.508612 0.251601 0.476856 0.252140 0.550595 0.272593 0.466629 0.272593 0.587195 0.383471 0.424108 0.366785 0.623796 0.499193 0.360057 0.478201 0.582889 0.511034 0.452096 0.497578 0.547904 0.627294 0.440793 0.622450 0.534447 0.817294 0.454788 0.823214 0.511841 0.946472 0.458555 1.000000 0.032640 0.015946 0.028352 0.001405 0.507815 0.600028 0.014396 0.044658
0.488675 0.267966 0.508165 0.253217 0.477086 0.254797 0.549778 0.274287 0.467078 0.274814 0.586651 0.383325 0.425991 0.366995 0.622996 0.496049 0.363308 0.473926 0.581910 0.506584 0.452329 0.496576 0.547144 0.627737 0.440214 0.621943 0.536609 0.816841 0.454963 0.816841 0.510798 0.931673 0.460230 1.000000 0.052662 0.015203 0.033295 0.006303 0.519386 0.589466 0.016103 0.041757
0.488652 0.267962 0.507956 0.253354 0.477174 0.254919 0.549173 0.273701 0.467783 0.275267 0.587259 0.383786 0.426045 0.366569 0.622214 0.496478 0.364482 0.473001 0.580476 0.505348 0.451610 0.496478 0.546564 0.627953 0.440132 0.621693 0.538738 0.814731 0.453175 0.812644 0.512130 0.922728 0.462044 0.999422 0.063564 0.006606 0.039239 0.004152 0.529090 0.583142 0.016947 0.035038
0.489061 0.266601 0.508566 0.251840 0.477464 0.253422 0.550739 0.272399 0.467975 0.273454 0.588167 0.383630 0.425802 0.366761 0.624541 0.500132 0.364652 0.476937 0.584477 0.509621 0.455323 0.499605 0.547049 0.627704 0.438981 0.621905 0.541777 0.819590 0.451633 0.819062 0.514365 0.932401 0.462704 1.000000 0.067133 0.001743 0.044383 0.003972 0.522304 0.583306 0.017796 0.029141
0.488354 0.268539 0.507940 0.253717 0.476708 0.255835 0.550818 0.273833 0.467180 0.276480 0.588402 0.383409 0.425890 0.366999 0.625987 0.497221 0.363426 0.478693 0.590520 0.517336 0.455005 0.504632 0.547113 0.627442 0.438595 0.622149 0.542348 0.819069 0.451829 0.823304 0.518527 0.957760 0.460828 1.000000 0.046231 0.005890 0.045440 0.005075 0.437303 0.574454 0.018208 0.028823
0.487696 0.268503 0.508024 0.253525 0.475928 0.254595 0.551889 0.272248 0.467368 0.273318 0.590405 0.384051 0.424573 0.366398 0.627851 0.498529 0.363055 0.477666 0.593615 0.521531 0.452925 0.506018 0.547075 0.627450 0.437947 0.622101 0.541191 0.822704 0.449180 0.826449 0.523003 0.983722 0.459879 1.000000 0.026214 0.000000 0.046489 0.000842 0.412316 0.563490 0.019082 0.027071
0.488837 0.267488 0.509529 0.252242 0.476858 0.253331 0.554725 0.270755 0.467601 0.271844 0.592841 0.385105 0.424583 0.365503 0.630414 0.502178 0.361419 0.479308 0.599376 0.525593 0.455077 0.509801 0.546557 0.627419 0.436018 0.621973 0.540022 0.831615 0.449087 0.833249 0.528588 1.000000 0.458344 1.000000 0.009003 0.004970 0.049895 0.005481 0.393126 0.561095 0.022204 0.029847
0.490666 0.267211 0.510981 0.251289 0.477490 0.252936 0.557099 0.268858 0.468156 0.271054 0.594433 0.385801 0.424783 0.364938 0.632866 0.506588 0.359997 0.481333 0.597728 0.524706 0.452783 0.511530 0.546119 0.627375 0.434665 0.621885 0.536236 0.837654 0.448391 0.838753 0.529099 1.000000 0.458823 1.000000 0.003888 0.003875 0.047884 0.007883 0.446519 0.561518 0.024491 0.035068
0.492005 0.266227 0.512405 0.250238 0.479324 0.251341 0.557616 0.269535 0.469951 0.270086 0.595108 0.385870 0.424741 0.364919 0.633151 0.509373 0.359130 0.483459 0.600070 0.527568 0.451205 0.511578 0.546038 0.627362 0.434114 0.621849 0.535011 0.840184 0.448449 0.841838 0.530600 1.000000 0.458924 1.000000 0.009830 0.004468 0.047333 0.009106 0.435055 0.566566 0.025299 0.037191
0.493996 0.265965 0.514738 0.250681 0.481441 0.251227 0.557861 0.271423 0.470524 0.269786 0.594433 0.384961 0.425764 0.365856 0.632643 0.511054 0.361353 0.483761 0.595525 0.525792 0.451965 0.509962 0.545306 0.627321 0.434497 0.621862 0.531660 0.836929 0.449781 0.837475 0.527839 1.000000 0.460153 1.000000 0.014753 0.005881 0.042965 0.011671 0.473347 0.569556 0.025743 0.043220
0.493872 0.266725 0.514571 0.252017 0.480254 0.253107 0.558693 0.272717 0.469360 0.273261 0.594645 0.384384 0.425238 0.366408 0.636588 0.504766 0.360416 0.484067 0.599547 0.531457 0.454108 0.511848 0.545620 0.627328 0.434498 0.621880 0.528189 0.835954 0.448660 0.835954 0.524376 1.000000 0.457921 1.000000 0.020593 0.005838 0.036849 0.009495 0.407962 0.568532 0.025342 0.047561
0.493797 0.266440 0.514833 0.252416 0.480851 0.252416 0.557446 0.272374 0.469524 0.270216 0.594664 0.383490 0.425293 0.367308 0.637277 0.501618 0.362723 0.483818 0.598440 0.526970 0.452263 0.510788 0.545579 0.627298 0.434463 0.621904 0.525082 0.833348 0.444172 0.831191 0.521846 1.000000 0.456578 1.000000 0.026441 0.006070 0.031679 0.003295 0.426113 0.563749 0.025438 0.046317
0.493864 0.264696 0.514140 0.250290 0.481592 0.250290 0.555224 0.271099 0.470387 0.268965 0.594708 0.383149 0.425567 0.367675 0.634726 0.506403 0.363673 0.485060 0.591507 0.518141 0.451712 0.508004 0.545087 0.627523 0.434638 0.621654 0.521076 0.831346 0.441041 0.825477 0.516807 1.000000 0.454380 1.000000 0.030388 0.013437 0.026443 0.001371 0.515512 0.573304 0.025844 0.047321
0.494373 0.263418 0.515833 0.250333 0.482858 0.250333 0.556136 0.272840 0.470820 0.269699 0.593298 0.383279 0.427377 0.367577 0.633077 0.503664 0.367184 0.481681 0.591728 0.512038 0.453024 0.504711 0.544097 0.627712 0.435228 0.621431 0.517927 0.826085 0.441509 0.820328 0.510599 1.000000 0.455641 0.987819 0.029937 0.016746 0.021474 0.000185 0.537978 0.571079 0.026354 0.051801
0.495695 0.263243 0.516566 0.250199 0.483694 0.249677 0.556743 0.272113 0.470650 0.269505 0.593268 0.382730 0.427342 0.368121 0.632923 0.502218 0.366294 0.483955 0.592224 0.511610 0.450301 0.504305 0.544742 0.627444 0.434647 0.621705 0.520741 0.826763 0.442474 0.821024 0.510827 1.000000 0.456040 0.977557 0.022033 0.015026 0.024164 0.003328 0.529807 0.578742 0.026272 0.050640
0.494658 0.262207 0.516027 0.249698 0.482149 0.249177 0.555116 0.273673 0.469119 0.270546 0.592120 0.382602 0.425339 0.368009 0.632252 0.503518 0.363839 0.484755 0.591599 0.512378 0.448793 0.505082 0.546777 0.627040 0.435763 0.622349 0.522281 0.827698 0.442018 0.821444 0.507688 1.000000 0.454526 0.976238 0.015438 0.015670 0.019716 0.003043 0.533698 0.579577 0.022249 0.048663
0.494193 0.262176 0.515356 0.250304 0.481805 0.250304 0.554069 0.275080 0.467352 0.272499 0.590716 0.381927 0.423994 0.368506 0.632526 0.502194 0.362054 0.482063 0.590200 0.511485 0.446190 0.502710 0.548391 0.627106 0.436899 0.622461 0.524131 0.826347 0.439479 0.824282 0.506581 1.000000 0.452384 0.968809 0.010384 0.024275 0.015846 0.012091 0.537715 0.582348 0.018741 0.042638
0.492142 0.264897 0.513434 0.252223 0.479975 0.252223 0.552471 0.276557 0.467808 0.274529 0.588972 0.382005 0.423702 0.368317 0.630036 0.506717 0.362867 0.484411 0.583902 0.505703 0.450064 0.498099 0.548922 0.626867 0.438404 0.622811 0.522560 0.820019 0.438911 0.819512 0.505323 1.000000 0.447529 0.953857 0.014698 0.019571 0.008429 0.017547 0.608245 0.604078 0.016144 0.043998
0.492253 0.264661 0.513589 0.251961 0.480060 0.251961 0.552707 0.276346 0.467868 0.274314 0.588776 0.382013 0.423671 0.368297 0.630433 0.506985 0.362709 0.484633 0.583696 0.505969 0.449579 0.498349 0.549151 0.626877 0.438403 0.622813 0.522734 0.820939 0.438911 0.820431 0.505461 1.000000 0.447547 0.954548 0.014586 0.019651 0.008002 0.017587 0.609335 0.603793 0.015854 0.043884
0.491956 0.266977 0.512251 0.254107 0.480076 0.254602 0.550862 0.276877 0.468196 0.274897 0.586997 0.381818 0.424636 0.368453 0.627587 0.505569 0.366225 0.483789 0.578582 0.499134 0.450871 0.493689 0.548387 0.626845 0.439981 0.622885 0.523636 0.813956 0.440476 0.815936 0.501856 0.997602 0.445426 0.941667 0.004287 0.011709 0.007887 0.018358 0.642447 0.612158 0.014816 0.042678
0.490909 0.267250 0.511332 0.254298 0.478954 0.253800 0.549688 0.276216 0.466999 0.273725 0.586550 0.381819 0.423164 0.368370 0.627894 0.505355 0.364385 0.484932 0.580572 0.504857 0.448568 0.496389 0.549190 0.626898 0.441096 0.622913 0.523786 0.818179 0.439104 0.816187 0.501370 0.999996 0.440100 0.957655 0.002985 0.005524 0.006122 0.025670 0.606152 0.605614 0.012371 0.038748
0.488634 0.270715 0.508678 0.257515 0.477878 0.257026 0.548277 0.277559 0.467123 0.274626 0.584943 0.381691 0.424590 0.368491 0.624542 0.503911 0.365436 0.481911 0.579565 0.503911 0.445123 0.497067 0.548277 0.627109 0.442190 0.622709 0.524322 0.814350 0.440723 0.809951 0.501833 0.992792 0.436323 0.973726 0.000597 0.006057 0.006703 0.024495 0.599735 0.593201 0.012141 0.038010
0.487562 0.269704 0.508251 0.255911 0.477217 0.255418 0.548645 0.275615 0.467857 0.272167 0.586084 0.381527 0.425000 0.368719 0.626478 0.503202 0.363916 0.483005 0.580173 0.507143 0.442734 0.498768 0.547660 0.627340 0.441256 0.622414 0.524015 0.821429 0.442734 0.815518 0.501847 1.000000 0.431896 0.994336 0.000466 0.021704 0.010768 0.017933 0.575005 0.593410 0.014117 0.041025
0.487561 0.270983 0.507073 0.257325 0.476342 0.257813 0.546584 0.276836 0.466586 0.274885 0.585607 0.381223 0.425612 0.369029 0.627069 0.498293 0.363175 0.479757 0.574388 0.505610 0.439758 0.497317 0.546584 0.627557 0.442197 0.622191 0.523170 0.819258 0.445124 0.813405 0.500244 0.999252 0.431466 1.000000 0.001639 0.028041 0.011324 0.015951 0.564418 0.591683 0.014290 0.043558
0.487111 0.270569 0.507243 0.256329 0.475817 0.256329 0.547507 0.274006 0.466488 0.272533 0.587280 0.381049 0.425241 0.369265 0.629508 0.499386 0.360917 0.478763 0.575986 0.508225 0.435553 0.498404 0.546525 0.627544 0.440954 0.622142 0.522955 0.824936 0.445373 0.821990 0.499386 1.000000 0.433589 1.000000 0.003457 0.026354 0.014329 0.012715 0.557009 0.587157 0.015949 0.044866
0.486799 0.271060 0.506356 0.256392 0.475554 0.257370 0.547426 0.273993 0.466264 0.273993 0.588007 0.381068 0.426172 0.369334 0.629077 0.501833 0.360167 0.476409 0.574806 0.508190 0.433995 0.498411 0.545470 0.627488 0.440351 0.622110 0.522491 0.825015 0.445240 0.822081 0.500000 1.000000 0.433506 1.000000 0.002507 0.026762 0.017545 0.010054 0.567235 0.583647 0.018063 0.044646
0.487123 0.269333 0.506934 0.254475 0.475732 0.255961 0.551012 0.272799 0.467313 0.274285 0.591128 0.381757 0.426702 0.368880 0.633720 0.501610 0.357860 0.476847 0.581718 0.516467 0.433635 0.503095 0.544573 0.627406 0.437597 0.621958 0.522782 0.828977 0.447007 0.825014 0.499009 1.000000 0.438092 1.000000 0.007914 0.028948 0.025339 0.001042 0.520102 0.574532 0.022720 0.049019
0.487584 0.267728 0.508152 0.252678 0.475544 0.254183 0.552800 0.270236 0.466012 0.271240 0.592432 0.381607 0.425879 0.369065 0.633067 0.503010 0.355144 0.479432 0.583904 0.516053 0.429892 0.505017 0.544774 0.627423 0.436915 0.621905 0.524205 0.831100 0.451464 0.827087 0.498119 1.000000 0.445945 1.000000 0.013377 0.031349 0.028921 0.008646 0.520263 0.576450 0.023335 0.054568
0.487360 0.266351 0.508810 0.251030 0.475103 0.252562 0.554773 0.268905 0.465400 0.269415 0.594098 0.382282 0.425564 0.368493 0.635465 0.505873 0.352533 0.480338 0.583373 0.520173 0.426075 0.507916 0.545581 0.627932 0.434757 0.621293 0.525152 0.837323 0.455696 0.832216 0.500128 1.000000 0.453653 1.000000 0.012947 0.034664 0.031112 0.019927 0.517532 0.569929 0.025061 0.062453
0.488063 0.267800 0.509172 0.252219 0.476001 0.253727 0.554909 0.269308 0.465446 0.271318 0.592604 0.382895 0.426244 0.367817 0.632811 0.505529 0.356383 0.476880 0.578531 0.516586 0.425239 0.506534 0.544857 0.628162 0.436296 0.621126 0.524753 0.832217 0.456902 0.828699 0.502136 1.000000 0.458410 1.000000 0.010627 0.029156 0.029941 0.018872 0.536883 0.551901 0.024020 0.062756
0.487500 0.269365 0.507598 0.254169 0.475245 0.256130 0.552205 0.270836 0.465442 0.273286 0.589460 0.382599 0.426226 0.367893 0.628675 0.503186 0.357109 0.475245 0.577695 0.512990 0.427697 0.503186 0.544852 0.627695 0.439461 0.621813 0.524264 0.822301 0.457108 0.823771 0.502696 0.978672 0.460049 1.000000 0.010079 0.023051 0.023755 0.011166 0.539606 0.562109 0.019985 0.061293
0.487718 0.269926 0.507661 0.254848 0.476044 0.256307 0.551925 0.271386 0.465343 0.272845 0.588892 0.382288 0.426430 0.368182 0.629264 0.504864 0.357359 0.476166 0.578191 0.512160 0.429348 0.503891 0.545115 0.627440 0.439563 0.622090 0.525658 0.819574 0.457074 0.824924 0.502797 0.972794 0.459992 1.000000 0.015022 0.022766 0.024124 0.010963 0.556111 0.564117 0.019521 0.059537
0.488284 0.268613 0.508299 0.252992 0.475592 0.254945 0.552721 0.270078 0.464853 0.272519 0.590309 0.382842 0.426288 0.367709 0.629850 0.506346 0.355994 0.476080 0.580546 0.513180 0.431658 0.505370 0.545399 0.627897 0.438004 0.621551 0.528313 0.824625 0.454113 0.828530 0.501953 0.969607 0.461924 1.000000 0.029674 0.012604 0.030120 0.010043 0.554784 0.565601 0.021148 0.052300
0.487705 0.270125 0.507474 0.254696 0.474686 0.256624 0.552316 0.270607 0.464560 0.273982 0.589443 0.382953 0.425987 0.367524 0.628499 0.505424 0.357518 0.475048 0.579799 0.512175 0.435630 0.503978 0.546047 0.627896 0.438523 0.621628 0.532064 0.826068 0.455399 0.827997 0.500241 0.960594 0.460703 1.000000 0.051517 0.017517 0.033392 0.010281 0.554420 0.567582 0.019658 0.048395
0.487937 0.271628 0.507806 0.256490 0.475637 0.258383 0.551327 0.272574 0.464757 0.273994 0.588700 0.384218 0.426439 0.366241 0.626545 0.506741 0.359263 0.471261 0.576400 0.509106 0.438738 0.499645 0.545651 0.628319 0.439211 0.621223 0.534297 0.825113 0.455295 0.824167 0.497871 0.941487 0.464757 1.000000 0.078215 0.009697 0.037221 0.009244 0.580357 0.571949 0.019286 0.043519
0.488824 0.275450 0.508180 0.260242 0.476842 0.262086 0.550578 0.275450 0.466704 0.276372 0.586986 0.383750 0.427992 0.366699 0.622471 0.506337 0.361169 0.470390 0.573621 0.505415 0.439974 0.498041 0.545509 0.628001 0.439513 0.621549 0.537214 0.817411 0.455182 0.816950 0.500346 0.924329 0.463938 1.000000 0.091766 0.010585 0.039610 0.011090 0.595696 0.574804 0.019082 0.039402
0.491013 0.275438 0.509909 0.260229 0.478108 0.261612 0.551388 0.274516 0.467508 0.275899 0.587797 0.383744 0.426951 0.366691 0.622363 0.509102 0.361046 0.472693 0.575814 0.505415 0.439395 0.498502 0.545857 0.628008 0.439395 0.621556 0.542631 0.816968 0.455525 0.817890 0.504378 0.933570 0.465665 1.000000 0.095470 0.008777 0.048691 0.010564 0.610801 0.575769 0.018789 0.031528
0.492330 0.275722 0.511853 0.260383 0.479780 0.260848 0.552293 0.274328 0.467695 0.274328 0.588084 0.383561 0.425860 0.366828 0.622481 0.510923 0.359391 0.474202 0.576928 0.507670 0.441200 0.501162 0.546715 0.627594 0.439340 0.622016 0.544856 0.823750 0.455144 0.822356 0.510459 0.960409 0.465371 1.000000 0.075471 0.007698 0.050436 0.008260 0.606662 0.575112 0.017764 0.028075
