0.484242 0.262316 0.500000 0.246558 0.468484 0.246558 0.531516 0.262316 0.442220 0.267568 0.568285 0.372622 0.415957 0.377875 0.594548 0.503940 0.389693 0.509192 0.620812 0.624751 0.384441 0.635257 0.557780 0.624751 0.457978 0.624751 0.536769 0.803343 0.484242 0.808596 0.515758 0.997693 0.510505 0.981934 0.002998 0.002701 0.024022 0.008499 0.005306 0.049578 0.020077 0.082444
0.485534 0.264591 0.501315 0.243549 0.469752 0.243549 0.532878 0.259331 0.443449 0.264591 0.569702 0.375062 0.422407 0.375062 0.596005 0.511836 0.390844 0.511836 0.622307 0.627568 0.385583 0.632829 0.553921 0.622307 0.453970 0.627568 0.538139 0.811687 0.475012 0.806426 0.517097 1.000000 0.496055 0.985284 0.008759 0.000001 0.006173 0.002306 0.010659 0.058361 0.010048 0.063742
0.483081 0.263136 0.503904 0.247519 0.467464 0.247519 0.529933 0.263136 0.446641 0.263136 0.571580 0.377664 0.420612 0.372458 0.597609 0.507809 0.394583 0.507809 0.618432 0.627542 0.384171 0.627542 0.550756 0.627542 0.457052 0.622336 0.540345 0.809745 0.472670 0.804539 0.514316 1.000000 0.509110 0.976330 0.024586 0.039317 0.008294 0.018878 0.008024 0.032865 0.009944 0.045387
0.486117 0.266521 0.501262 0.246329 0.470973 0.251377 0.531551 0.261473 0.450780 0.266521 0.571937 0.377581 0.420491 0.372533 0.597178 0.503786 0.395250 0.503786 0.617370 0.619894 0.385154 0.614846 0.551744 0.624943 0.455828 0.624943 0.541648 0.801629 0.460877 0.791533 0.526503 0.988412 0.486117 0.968219 0.007582 0.035524 0.007757 0.034633 0.008024 0.031617 0.009642 0.027812
0.482147 0.262805 0.502550 0.247502 0.466844 0.247502 0.528055 0.262805 0.446440 0.262805 0.573964 0.375026 0.420935 0.375026 0.599469 0.507651 0.395430 0.502550 0.619873 0.619873 0.380127 0.624974 0.553560 0.624974 0.451541 0.624974 0.543358 0.808609 0.456642 0.803508 0.528055 0.997345 0.461743 0.987143 0.008087 0.000243 0.008261 0.029692 0.003226 0.023250 0.006496 0.026758
0.483255 0.264288 0.498712 0.248831 0.462647 0.248831 0.529625 0.264288 0.442038 0.269440 0.575995 0.377636 0.416277 0.372484 0.601755 0.506440 0.390516 0.506440 0.622364 0.619788 0.380212 0.630092 0.555386 0.624940 0.452342 0.624940 0.545082 0.815571 0.452342 0.810419 0.529625 1.000000 0.457495 1.000000 0.008564 0.008375 0.009275 0.045167 0.005584 0.034010 0.009841 0.017189
0.482147 0.262805 0.497450 0.247502 0.466844 0.247502 0.528055 0.262805 0.446440 0.267905 0.573964 0.375026 0.420935 0.375026 0.604570 0.502550 0.395430 0.507651 0.619873 0.614772 0.380127 0.624974 0.553560 0.624974 0.451541 0.624974 0.543358 0.808609 0.456642 0.808609 0.538257 0.992244 0.461743 1.000000 0.008825 0.000466 0.008261 0.029944 0.031837 0.019189 0.006496 0.026505
0.480470 0.260430 0.501302 0.244806 0.464846 0.244806 0.532550 0.260430 0.444013 0.265638 0.579423 0.375007 0.417973 0.375007 0.610671 0.500000 0.391933 0.510416 0.621087 0.614577 0.381517 0.635409 0.553383 0.624993 0.449221 0.624993 0.553383 0.812483 0.454430 0.812483 0.542966 1.000000 0.464846 1.000000 0.017189 0.008350 0.033038 0.030744 0.049121 0.034010 0.003316 0.008839
0.476316 0.261842 0.497368 0.246053 0.460526 0.246053 0.528947 0.261842 0.444737 0.267105 0.581579 0.372368 0.418421 0.377632 0.613158 0.503947 0.392105 0.514474 0.618421 0.614474 0.386842 0.635526 0.555263 0.625000 0.444737 0.625000 0.555263 0.814474 0.465789 0.809211 0.544737 1.000000 0.455263 0.993421 0.017666 0.054390 0.033038 0.002483 0.059830 0.046644 0.000007 0.036221
0.482338 0.255449 0.498641 0.239146 0.466035 0.239146 0.531248 0.255449 0.444297 0.260884 0.585593 0.375007 0.417124 0.375007 0.623634 0.500000 0.389952 0.510869 0.629068 0.619558 0.379083 0.635862 0.552986 0.624993 0.444297 0.624993 0.558420 0.826068 0.460600 0.820633 0.547552 1.000000 0.466035 1.000000 0.026267 0.017625 0.049886 0.007999 0.079583 0.035223 0.003459 0.017864
0.477778 0.247222 0.494444 0.230556 0.461111 0.236111 0.527778 0.247222 0.438889 0.258333 0.583333 0.369444 0.416667 0.380556 0.622222 0.502778 0.388889 0.525000 0.627778 0.613889 0.383333 0.652778 0.555556 0.625000 0.444444 0.625000 0.550000 0.825000 0.455556 0.830556 0.544444 1.000000 0.466667 1.000000 0.000677 0.000877 0.025624 0.018828 0.074432 0.046644 0.000007 0.026029
0.475000 0.250000 0.497222 0.233333 0.458333 0.233333 0.530556 0.250000 0.436111 0.255556 0.586111 0.372222 0.413889 0.377778 0.625000 0.500000 0.391667 0.522222 0.630556 0.616667 0.391667 0.650000 0.552778 0.622222 0.447222 0.627778 0.552778 0.827778 0.452778 0.827778 0.552778 1.000000 0.475000 1.000000 0.000001 0.022886 0.042193 0.033353 0.078896 0.048590 0.000007 0.008840
0.475000 0.250000 0.497222 0.233333 0.458333 0.233333 0.530556 0.250000 0.436111 0.255556 0.586111 0.372222 0.413889 0.377778 0.625000 0.500000 0.391667 0.522222 0.630556 0.616667 0.391667 0.650000 0.552778 0.622222 0.447222 0.627778 0.552778 0.827778 0.452778 0.827778 0.552778 1.000000 0.475000 1.000000 0.000001 0.022886 0.042193 0.033353 0.078896 0.048590 0.000007 0.008840
0.481946 0.255571 0.498611 0.233350 0.459725 0.238905 0.531942 0.250015 0.443059 0.261126 0.587495 0.372230 0.415283 0.377785 0.620826 0.505555 0.393062 0.522221 0.631936 0.622215 0.398617 0.644436 0.554163 0.622215 0.443059 0.627770 0.565274 0.822202 0.454169 0.833313 0.559719 1.000000 0.476390 1.000000 0.025825 0.014536 0.059858 0.018034 0.047755 0.063048 0.003536 0.000471
0.474725 0.251467 0.497192 0.229001 0.457876 0.234618 0.530891 0.245851 0.441026 0.257084 0.587057 0.369415 0.418560 0.380648 0.620756 0.504212 0.401710 0.521062 0.631989 0.627777 0.401710 0.644626 0.553357 0.622160 0.441026 0.627777 0.558974 0.824356 0.457876 0.829973 0.564590 1.000000 0.480342 1.000000 0.000879 0.004492 0.051032 0.002391 0.049121 0.038015 0.007152 0.017625
0.472527 0.254121 0.494505 0.232143 0.456044 0.237637 0.527473 0.248626 0.434066 0.259615 0.582418 0.369505 0.417582 0.380495 0.615385 0.506868 0.395604 0.517857 0.626374 0.627747 0.401099 0.633242 0.554945 0.622253 0.445055 0.627747 0.560440 0.803571 0.456044 0.820055 0.565934 1.000000 0.478022 1.000000 0.001046 0.013556 0.044106 0.017054 0.046118 0.065648 0.000007 0.008526
0.475001 0.259224 0.490790 0.238172 0.453950 0.243435 0.522367 0.253961 0.432898 0.269750 0.580259 0.369744 0.417110 0.380270 0.617099 0.506579 0.401321 0.522367 0.617099 0.627625 0.401321 0.632887 0.553944 0.622362 0.448687 0.627625 0.548681 0.806562 0.459213 0.817088 0.553944 0.985499 0.480264 1.000000 0.018451 0.015717 0.023946 0.022751 0.083714 0.035223 0.003351 0.026758
0.470751 0.250057 0.486705 0.234103 0.454797 0.239421 0.523931 0.250057 0.433526 0.260692 0.577110 0.367051 0.417572 0.383005 0.614336 0.505318 0.396300 0.521272 0.619654 0.627631 0.401618 0.632949 0.555838 0.622313 0.449480 0.627631 0.555838 0.813759 0.465433 0.824395 0.555838 0.983933 0.486705 1.000000 0.000001 0.007630 0.026465 0.015533 0.069883 0.063736 0.006771 0.025753
0.473410 0.255374 0.489364 0.234103 0.452138 0.239421 0.521272 0.250057 0.430867 0.266010 0.579769 0.367051 0.414913 0.383005 0.616995 0.505318 0.393641 0.521272 0.622313 0.622313 0.398959 0.638267 0.553179 0.622313 0.452138 0.627631 0.553179 0.813759 0.462774 0.824395 0.547862 0.994569 0.489364 1.000000 0.009359 0.023398 0.033038 0.030881 0.069255 0.063048 0.006771 0.017189
0.476069 0.250057 0.492023 0.234103 0.454797 0.239421 0.523931 0.250057 0.433526 0.260692 0.577110 0.367051 0.417572 0.383005 0.614336 0.500000 0.396300 0.526590 0.624972 0.616995 0.385664 0.648902 0.555838 0.622313 0.449480 0.627631 0.539885 0.813759 0.470751 0.824395 0.534567 1.000000 0.502659 1.000000 0.018305 0.013115 0.000000 0.007006 0.058043 0.019207 0.006771 0.060743
0.473125 0.254089 0.494625 0.237964 0.456999 0.237964 0.526875 0.254089 0.430124 0.264839 0.580627 0.366966 0.413998 0.383092 0.618252 0.506719 0.392498 0.522844 0.629002 0.619596 0.376373 0.651847 0.553751 0.624971 0.451624 0.624971 0.543001 0.823850 0.473125 0.829225 0.521500 1.000000 0.510750 1.000000 0.017090 0.024603 0.015849 0.015738 0.053490 0.009006 0.006844 0.050573
0.476069 0.258033 0.497341 0.236762 0.460115 0.242080 0.523931 0.252716 0.433526 0.263351 0.577110 0.369710 0.417572 0.380346 0.614336 0.507977 0.385664 0.518613 0.630290 0.624972 0.369710 0.651561 0.555838 0.624972 0.449480 0.624972 0.539885 0.832372 0.470751 0.827054 0.513295 1.000000 0.507977 1.000000 0.014191 0.024603 0.002027 0.007902 0.040574 0.034177 0.006771 0.057821
0.479171 0.263072 0.500000 0.242243 0.463550 0.247451 0.526036 0.257865 0.437514 0.268279 0.572901 0.372424 0.421892 0.377631 0.614558 0.507811 0.385442 0.513018 0.635387 0.632784 0.369820 0.637991 0.552072 0.622369 0.453135 0.627576 0.536450 0.825450 0.463550 0.820243 0.510414 1.000000 0.505207 0.997288 0.014191 0.056369 0.002027 0.022394 0.042447 0.044130 0.006630 0.041627
0.482528 0.256734 0.504032 0.235230 0.466400 0.240606 0.536288 0.251358 0.439520 0.262111 0.579296 0.369631 0.418015 0.380383 0.622305 0.509408 0.385759 0.514784 0.643809 0.643809 0.364255 0.643809 0.552416 0.622305 0.450272 0.627681 0.541664 0.831970 0.466400 0.821218 0.520160 1.000000 0.504032 1.000000 0.015415 0.034666 0.017426 0.014820 0.044514 0.022408 0.003423 0.042774
0.489250 0.254089 0.505375 0.232589 0.467749 0.237964 0.537626 0.248714 0.440874 0.259464 0.575251 0.372341 0.419373 0.377716 0.618252 0.506719 0.381748 0.517469 0.645128 0.635721 0.360247 0.641096 0.553751 0.624971 0.451624 0.624971 0.543001 0.829225 0.462374 0.823850 0.521500 1.000000 0.500000 1.000000 0.014220 0.045644 0.010288 0.024097 0.033202 0.028904 0.006844 0.033927
0.491850 0.250059 0.513584 0.228325 0.470116 0.233759 0.540751 0.244626 0.442948 0.255493 0.578786 0.369596 0.415781 0.380463 0.616820 0.510867 0.377746 0.521734 0.643988 0.641271 0.361446 0.646704 0.557052 0.624970 0.448382 0.624970 0.540751 0.831443 0.459249 0.826010 0.513584 1.000000 0.502717 0.989015 0.012639 0.065763 0.001949 0.025004 0.018334 0.042428 0.006919 0.042267
0.498684 0.251330 0.514473 0.235541 0.477633 0.235541 0.540787 0.251330 0.451319 0.256592 0.577627 0.372375 0.419741 0.377638 0.614467 0.509210 0.382901 0.514473 0.640782 0.635519 0.367113 0.640782 0.551313 0.624993 0.451319 0.624993 0.540787 0.830245 0.461844 0.819719 0.514473 1.000000 0.503947 0.977605 0.022318 0.065763 0.016728 0.023228 0.018334 0.044130 0.003351 0.033498
0.497369 0.251371 0.513155 0.235585 0.476321 0.235585 0.539465 0.251371 0.444749 0.256633 0.576299 0.372397 0.418439 0.377659 0.607871 0.509209 0.381605 0.514470 0.634181 0.640758 0.365819 0.635496 0.555251 0.624972 0.450011 0.624972 0.539465 0.830190 0.460535 0.814404 0.513155 1.000000 0.486845 0.961740 0.012411 0.038582 0.002027 0.022751 0.009360 0.042428 0.006700 0.042103
0.502577 0.253918 0.512884 0.238458 0.476809 0.238458 0.538652 0.253918 0.451041 0.259072 0.574726 0.372450 0.420120 0.377603 0.605648 0.506442 0.384045 0.511595 0.626262 0.635281 0.368585 0.635281 0.554112 0.624973 0.451041 0.624973 0.543805 0.820808 0.466502 0.810501 0.512884 1.000000 0.492270 0.980568 0.028430 0.021400 0.009190 0.013119 0.021691 0.044130 0.006562 0.043203
0.503825 0.255217 0.514024 0.239918 0.478326 0.239918 0.539522 0.255217 0.447729 0.260316 0.575220 0.372509 0.417131 0.377608 0.605818 0.510199 0.386533 0.515299 0.626216 0.632591 0.371234 0.637691 0.554821 0.622392 0.452828 0.627491 0.539522 0.816178 0.473227 0.811079 0.508924 1.000000 0.498725 0.994666 0.020090 0.008705 0.000844 0.009944 0.017036 0.030021 0.009741 0.060301
0.498763 0.263718 0.513608 0.243925 0.478970 0.248873 0.538349 0.263718 0.449280 0.268666 0.572988 0.372581 0.419590 0.377529 0.602677 0.511134 0.389900 0.516082 0.622471 0.629893 0.375055 0.629893 0.553194 0.624945 0.454228 0.624945 0.538349 0.822877 0.469073 0.808032 0.513608 1.000000 0.478970 0.956482 0.014799 0.004564 0.001087 0.018523 0.014625 0.025907 0.009452 0.049581
0.500000 0.262437 0.514695 0.242845 0.480407 0.247743 0.534287 0.262437 0.451018 0.262437 0.573473 0.375096 0.416731 0.375096 0.602862 0.507347 0.392240 0.512245 0.622455 0.624904 0.372647 0.624904 0.553880 0.624904 0.455916 0.624904 0.539186 0.820832 0.465713 0.806137 0.524491 1.000000 0.470611 0.957981 0.000574 0.006925 0.001087 0.032338 0.017036 0.001438 0.012476 0.041018
0.502451 0.262301 0.517154 0.247598 0.477945 0.247598 0.536758 0.262301 0.448539 0.267202 0.575966 0.375024 0.419133 0.375024 0.600471 0.507352 0.394628 0.512253 0.620075 0.620075 0.375024 0.629877 0.551461 0.624976 0.453440 0.624976 0.541659 0.825918 0.468143 0.811215 0.526956 1.000000 0.477945 0.992552 0.007734 0.007889 0.015592 0.018340 0.003478 0.003681 0.006241 0.040593
0.502475 0.263660 0.517323 0.248812 0.482677 0.248812 0.537121 0.263660 0.452980 0.268610 0.576718 0.372550 0.418333 0.377499 0.606415 0.501237 0.398535 0.511136 0.626213 0.620026 0.378737 0.629925 0.551970 0.624976 0.452980 0.624976 0.542071 0.813057 0.467828 0.803158 0.532172 1.000000 0.482677 1.000000 0.002279 0.003766 0.014370 0.017811 0.019624 0.005751 0.006302 0.043203
0.498711 0.259033 0.514175 0.243570 0.478094 0.243570 0.539946 0.253879 0.447168 0.264188 0.581181 0.372429 0.416242 0.377584 0.612107 0.506443 0.390470 0.516752 0.632725 0.624993 0.375007 0.640456 0.555409 0.624993 0.447168 0.624993 0.550255 0.820859 0.462631 0.810551 0.539946 1.000000 0.472940 1.000000 0.005763 0.012327 0.023994 0.013119 0.017382 0.018702 0.003282 0.034839
0.503826 0.262767 0.519132 0.247462 0.478317 0.247462 0.539539 0.257666 0.447707 0.262767 0.580353 0.369905 0.417096 0.380108 0.616065 0.502551 0.391587 0.517856 0.631371 0.619892 0.376282 0.645401 0.554844 0.624994 0.447707 0.624994 0.549742 0.834166 0.457910 0.829064 0.539539 1.000000 0.473216 1.000000 0.007032 0.006795 0.023963 0.023681 0.042428 0.020271 0.003249 0.023664
0.501289 0.264188 0.516752 0.248725 0.480671 0.248725 0.537369 0.259033 0.444591 0.264188 0.583758 0.372429 0.418819 0.377584 0.619839 0.501289 0.393047 0.516752 0.630148 0.609530 0.377584 0.645611 0.552832 0.624993 0.444591 0.624993 0.547678 0.841477 0.454899 0.836322 0.542524 1.000000 0.470362 1.000000 0.000165 0.007183 0.031206 0.017523 0.056677 0.020271 0.003282 0.023092
0.501289 0.264188 0.516752 0.248725 0.480671 0.248725 0.537369 0.259033 0.444591 0.264188 0.583758 0.372429 0.418819 0.377584 0.619839 0.501289 0.393047 0.516752 0.630148 0.609530 0.377584 0.645611 0.552832 0.624993 0.444591 0.624993 0.547678 0.841477 0.454899 0.836322 0.542524 1.000000 0.470362 1.000000 0.000165 0.007183 0.031206 0.017523 0.056677 0.020271 0.003282 0.023092
0.494846 0.266802 0.510307 0.251342 0.474232 0.251342 0.536075 0.256495 0.443311 0.266802 0.582457 0.369873 0.422697 0.380180 0.618532 0.493558 0.396929 0.524479 0.633992 0.601783 0.376315 0.653318 0.551535 0.622397 0.443311 0.627550 0.546382 0.833692 0.453618 0.833692 0.541228 1.000000 0.463925 1.000000 0.000120 0.000388 0.031022 0.010562 0.045167 0.005746 0.006562 0.023664
0.493690 0.269045 0.513883 0.248853 0.473497 0.253901 0.539123 0.253901 0.443208 0.269045 0.584557 0.370009 0.423015 0.380106 0.619894 0.491166 0.397774 0.516407 0.635039 0.582033 0.377581 0.647659 0.549220 0.622419 0.443208 0.627467 0.549220 0.824346 0.453304 0.829394 0.544172 1.000000 0.468449 1.000000 0.007577 0.007926 0.044276 0.010025 0.037766 0.009696 0.009642 0.015902
0.491250 0.272511 0.506250 0.252512 0.471251 0.257512 0.536248 0.262512 0.441253 0.272511 0.581246 0.367507 0.421254 0.382506 0.616244 0.487501 0.396255 0.522499 0.631243 0.582496 0.376256 0.652492 0.551247 0.622494 0.446253 0.627494 0.556247 0.822484 0.456252 0.827484 0.546248 1.000000 0.466252 1.000000 0.023471 0.000388 0.045233 0.016466 0.040487 0.007659 0.003182 0.007946
0.488971 0.279422 0.503676 0.259815 0.464462 0.264717 0.528185 0.264717 0.439954 0.279422 0.577202 0.367653 0.425249 0.382359 0.611514 0.490197 0.395838 0.524509 0.626219 0.583329 0.376231 0.651953 0.552694 0.622543 0.444856 0.627445 0.552694 0.818612 0.454659 0.823514 0.547792 1.000000 0.469364 1.000000 0.007762 0.007346 0.030513 0.009509 0.037053 0.016351 0.003119 0.015902
0.480868 0.275522 0.496174 0.255115 0.460461 0.260217 0.526784 0.260217 0.434952 0.275522 0.582904 0.367354 0.419647 0.382659 0.613514 0.494898 0.394138 0.525509 0.623718 0.586730 0.373731 0.658155 0.552293 0.622443 0.445156 0.627544 0.557395 0.821412 0.455359 0.831615 0.552293 1.000000 0.470665 1.000000 0.015922 0.006269 0.046175 0.017136 0.039753 0.007659 0.003249 0.007742
0.482677 0.283458 0.497525 0.263660 0.462879 0.268610 0.527222 0.263660 0.438131 0.278509 0.581667 0.367600 0.423282 0.382449 0.611364 0.491338 0.398535 0.521035 0.621263 0.595278 0.383686 0.644774 0.551970 0.620026 0.443080 0.629925 0.561869 0.808108 0.457929 0.827906 0.556920 0.996190 0.477727 1.000000 0.025113 0.006395 0.054015 0.001584 0.044752 0.018233 0.006302 0.007092
0.483757 0.282598 0.498751 0.262607 0.458769 0.267605 0.528737 0.267605 0.438778 0.282598 0.583712 0.367560 0.423784 0.382553 0.618697 0.502499 0.403793 0.522490 0.628692 0.617447 0.388800 0.642436 0.548728 0.622445 0.443775 0.627443 0.558724 0.817357 0.453771 0.837348 0.553726 0.992279 0.483757 1.000000 0.025401 0.030021 0.059727 0.010781 0.053137 0.005585 0.009547 0.001158
0.475020 0.282674 0.495004 0.262690 0.455036 0.267686 0.524980 0.262690 0.435052 0.277678 0.584932 0.367606 0.425060 0.382594 0.614908 0.507494 0.405076 0.522482 0.624900 0.622402 0.380096 0.647382 0.544964 0.622402 0.445044 0.627398 0.539968 0.822242 0.460032 0.832234 0.549960 1.000000 0.480016 1.000000 0.023858 0.006275 0.041571 0.002676 0.039584 0.017666 0.012726 0.031205
0.477727 0.285933 0.492576 0.266135 0.457929 0.271084 0.527222 0.266135 0.433181 0.280984 0.581667 0.365125 0.423282 0.384924 0.616314 0.508662 0.403484 0.528460 0.626213 0.632400 0.383686 0.647248 0.547020 0.622501 0.448030 0.627450 0.537121 0.825431 0.462879 0.835330 0.542071 1.000000 0.482677 1.000000 0.023277 0.006827 0.027078 0.009670 0.049981 0.008940 0.006302 0.038213
0.475000 0.285000 0.495000 0.265000 0.455000 0.270000 0.525000 0.265000 0.435000 0.280000 0.580000 0.365000 0.420000 0.385000 0.615000 0.505000 0.400000 0.530000 0.630000 0.635000 0.380000 0.655000 0.550000 0.620000 0.450000 0.630000 0.530000 0.835000 0.470000 0.840000 0.530000 1.000000 0.500000 1.000000 0.029525 0.013906 0.007751 0.008559 0.041413 0.006872 0.000006 0.059749
0.476486 0.290852 0.491337 0.271051 0.456685 0.276001 0.525989 0.271051 0.431934 0.285902 0.580442 0.365106 0.417083 0.384907 0.610143 0.508663 0.397282 0.528464 0.629944 0.632419 0.387382 0.652220 0.550740 0.622519 0.451735 0.627469 0.530939 0.835380 0.476486 0.835380 0.516088 1.000000 0.516088 1.000000 0.007856 0.020834 0.007041 0.007451 0.014439 0.018219 0.003152 0.067242
0.473762 0.287596 0.493753 0.267605 0.453771 0.272602 0.523739 0.267605 0.433780 0.282598 0.578715 0.367560 0.413789 0.382553 0.613699 0.502499 0.393798 0.522490 0.633690 0.632440 0.388800 0.647434 0.553726 0.622445 0.453771 0.627443 0.538733 0.832350 0.478760 0.832350 0.518742 1.000000 0.513744 1.000000 0.005522 0.012739 0.008409 0.012887 0.032157 0.032442 0.009547 0.061325
