0.476381 0.294942 0.491411 0.277764 0.461350 0.279911 0.515030 0.277764 0.444173 0.284206 0.566563 0.370094 0.411964 0.380830 0.603066 0.492485 0.390492 0.516104 0.626685 0.604140 0.431289 0.458129 0.560122 0.621317 0.461350 0.627759 0.566563 0.801683 0.482822 0.814566 0.549386 0.930515 0.500000 0.988490 0.053556 0.005092 0.019523 0.026406 0.025905 0.854917 0.027373 0.025064
0.479530 0.295837 0.492458 0.278599 0.462292 0.280754 0.516161 0.278599 0.442899 0.282909 0.565720 0.369099 0.410578 0.382027 0.600196 0.491920 0.391185 0.515622 0.623898 0.601812 0.434280 0.459598 0.561410 0.621205 0.462292 0.627669 0.563565 0.800049 0.481685 0.815132 0.548482 0.937953 0.501077 0.987513 0.038512 0.002850 0.009276 0.033236 0.019489 0.837171 0.030224 0.028977
0.481591 0.294255 0.496751 0.276929 0.466431 0.279094 0.518409 0.276929 0.444774 0.281260 0.566055 0.370056 0.412288 0.380884 0.600707 0.495669 0.390630 0.515160 0.624530 0.603956 0.438276 0.458851 0.559558 0.621281 0.462100 0.627779 0.563889 0.798872 0.483757 0.818364 0.553061 0.956971 0.503249 0.989457 0.029530 0.000119 0.015992 0.027353 0.016748 0.827367 0.027610 0.028255
0.482688 0.293335 0.497836 0.276022 0.467539 0.278186 0.519476 0.276022 0.448063 0.280350 0.564921 0.371240 0.411275 0.379896 0.599546 0.494590 0.391798 0.514066 0.625514 0.602792 0.439407 0.457801 0.560593 0.620104 0.463211 0.628760 0.560593 0.797555 0.482688 0.814867 0.554101 0.970678 0.504328 0.987990 0.011931 0.006392 0.005535 0.032299 0.012132 0.822350 0.030355 0.033191
0.485862 0.292819 0.501088 0.277593 0.468461 0.277593 0.522839 0.275418 0.448885 0.279768 0.566341 0.371124 0.411907 0.379824 0.598968 0.499456 0.392331 0.514682 0.625070 0.606037 0.442359 0.458129 0.559816 0.621263 0.461935 0.627789 0.557641 0.801799 0.483687 0.817025 0.555466 0.986685 0.505438 0.991035 0.000118 0.003157 0.004467 0.026943 0.002801 0.815350 0.027730 0.040263
0.485923 0.294255 0.501083 0.276929 0.468597 0.279094 0.522740 0.276929 0.449105 0.281260 0.566055 0.370056 0.412288 0.380884 0.596375 0.497834 0.392796 0.512994 0.622364 0.606121 0.442608 0.458851 0.559558 0.621281 0.462100 0.627779 0.553061 0.805369 0.483757 0.814032 0.553061 0.991623 0.505414 0.989457 0.011230 0.002255 0.003001 0.026523 0.000816 0.809883 0.027610 0.048077
0.486517 0.295604 0.501618 0.278346 0.471417 0.278346 0.523190 0.278346 0.449845 0.280503 0.566334 0.371106 0.413172 0.379735 0.596535 0.496225 0.393757 0.513483 0.620265 0.606243 0.443373 0.457395 0.557706 0.621343 0.462788 0.627815 0.551234 0.804707 0.482203 0.813336 0.551234 0.992385 0.505932 0.983756 0.011230 0.010848 0.000283 0.029643 0.007772 0.815350 0.026123 0.044421
0.485973 0.297691 0.501079 0.280428 0.470868 0.282585 0.522659 0.280428 0.449288 0.282585 0.565818 0.371062 0.414761 0.379694 0.596029 0.496224 0.393181 0.513487 0.615451 0.606280 0.442814 0.459538 0.557186 0.621385 0.462236 0.627859 0.548554 0.806970 0.481657 0.811286 0.546396 0.990397 0.503237 0.981765 0.011050 0.006501 0.003823 0.026589 0.019792 0.814157 0.024753 0.048373
0.488512 0.296493 0.503829 0.278987 0.471006 0.281175 0.525712 0.276798 0.451311 0.281175 0.569477 0.370893 0.414111 0.379646 0.600113 0.500000 0.392229 0.513130 0.617619 0.611601 0.444747 0.458423 0.556347 0.622542 0.460064 0.626919 0.547594 0.808544 0.479759 0.815108 0.543218 0.996733 0.501641 0.985792 0.007567 0.007397 0.001627 0.025297 0.024632 0.808217 0.020911 0.048159
0.489690 0.295978 0.502713 0.280785 0.472327 0.280785 0.526588 0.278614 0.452793 0.282955 0.569997 0.371944 0.415895 0.378455 0.600383 0.500000 0.394191 0.510852 0.617747 0.615034 0.441940 0.458761 0.554804 0.623716 0.459304 0.625886 0.541781 0.806033 0.478838 0.810374 0.537440 0.992692 0.500543 0.977499 0.015297 0.007531 0.003512 0.021703 0.026473 0.815553 0.017972 0.056276
0.490731 0.294451 0.505997 0.277004 0.475465 0.279185 0.527806 0.277004 0.453656 0.279185 0.571424 0.372963 0.416581 0.377325 0.599776 0.501636 0.392591 0.510359 0.619404 0.617223 0.440571 0.458018 0.553977 0.623766 0.458018 0.625947 0.538711 0.809141 0.475465 0.811322 0.532168 0.996698 0.499455 0.974889 0.015055 0.016484 0.004048 0.022698 0.015491 0.820621 0.015278 0.056025
0.492907 0.292128 0.508184 0.274669 0.477631 0.276851 0.532190 0.276851 0.457989 0.276851 0.573656 0.372876 0.418706 0.377241 0.602027 0.501637 0.392517 0.508184 0.617303 0.617303 0.440530 0.455807 0.551832 0.623850 0.455807 0.626033 0.536555 0.807171 0.475448 0.811536 0.527825 0.994856 0.499454 0.970850 0.011670 0.014028 0.001150 0.013542 0.027234 0.826664 0.009727 0.060043
0.494542 0.289879 0.509824 0.274598 0.477078 0.274598 0.533838 0.274598 0.457430 0.276781 0.575316 0.375019 0.420318 0.375019 0.601513 0.503820 0.391938 0.506003 0.616794 0.619523 0.437782 0.455793 0.551302 0.623889 0.453064 0.626072 0.533838 0.809451 0.472712 0.811634 0.527288 0.995012 0.496725 0.966632 0.018641 0.015348 0.000753 0.007708 0.022071 0.832376 0.005559 0.063449
0.495633 0.289855 0.510917 0.274572 0.480350 0.272389 0.537116 0.276755 0.460700 0.276755 0.576416 0.375005 0.421400 0.375005 0.602616 0.506004 0.390834 0.506004 0.620083 0.621720 0.436684 0.455788 0.550216 0.623904 0.451967 0.626087 0.537116 0.809486 0.467250 0.813853 0.526200 0.997252 0.493450 0.960135 0.003946 0.030561 0.010951 0.012709 0.015146 0.837425 0.002779 0.048284
0.496711 0.287281 0.514254 0.271930 0.481360 0.271930 0.538377 0.276316 0.461623 0.274123 0.577851 0.375000 0.422149 0.375000 0.604167 0.504386 0.389254 0.506579 0.619518 0.622807 0.435307 0.456140 0.549342 0.625000 0.450658 0.625000 0.533991 0.813596 0.461623 0.813596 0.525219 1.000000 0.490132 0.958333 0.011058 0.043419 0.010290 0.017656 0.022836 0.842438 0.000004 0.044338
0.496711 0.287281 0.512061 0.271930 0.481360 0.269737 0.538377 0.276316 0.461623 0.274123 0.577851 0.375000 0.422149 0.375000 0.601974 0.504386 0.389254 0.508772 0.619518 0.622807 0.435307 0.456140 0.549342 0.625000 0.450658 0.625000 0.531798 0.815789 0.457237 0.813596 0.520833 1.000000 0.485746 0.949561 0.010485 0.054690 0.006955 0.025043 0.011855 0.847939 0.000004 0.040287
0.495614 0.287281 0.513158 0.269737 0.480263 0.269737 0.537281 0.274123 0.460526 0.271930 0.578947 0.375000 0.421053 0.375000 0.607456 0.504386 0.388158 0.508772 0.620614 0.622807 0.432018 0.456140 0.550439 0.625000 0.449561 0.625000 0.530702 0.815789 0.453947 0.815789 0.519737 1.000000 0.482456 0.940789 0.013888 0.064060 0.003329 0.028826 0.033810 0.855608 0.000004 0.040128
0.493450 0.286572 0.510917 0.271288 0.478166 0.269105 0.534935 0.275655 0.458515 0.273472 0.578603 0.373908 0.421397 0.376092 0.604804 0.498362 0.388646 0.509279 0.617904 0.607533 0.430131 0.454694 0.550218 0.625000 0.449782 0.625000 0.528384 0.814956 0.451965 0.812773 0.517467 0.996179 0.478166 0.935044 0.017276 0.063492 0.000609 0.032441 0.028033 0.869890 0.000004 0.040129
0.493421 0.287281 0.508772 0.269737 0.478070 0.269737 0.535088 0.274123 0.458333 0.274123 0.578947 0.375000 0.421053 0.375000 0.607456 0.500000 0.390351 0.510965 0.627193 0.609649 0.429825 0.458333 0.550439 0.625000 0.449561 0.625000 0.528509 0.815789 0.453947 0.815789 0.517544 0.997807 0.478070 0.938596 0.017276 0.054423 0.000281 0.028826 0.014688 0.865858 0.000004 0.043744
0.489629 0.288757 0.504913 0.271290 0.474345 0.271290 0.531113 0.273474 0.456878 0.275657 0.579148 0.373910 0.421944 0.376093 0.607532 0.496179 0.391377 0.511463 0.627182 0.609715 0.428494 0.459062 0.550764 0.624999 0.448145 0.624999 0.531113 0.812770 0.454695 0.810587 0.515830 0.996174 0.472162 0.941590 0.006726 0.030963 0.002642 0.022153 0.018055 0.874518 0.001390 0.044421
0.489035 0.289474 0.504386 0.271930 0.473684 0.271930 0.530702 0.274123 0.453947 0.276316 0.578947 0.372807 0.421053 0.377193 0.611842 0.497807 0.390351 0.510965 0.629386 0.607456 0.429825 0.460526 0.550439 0.625000 0.449561 0.625000 0.530702 0.815789 0.458333 0.809211 0.517544 0.995614 0.471491 0.958333 0.009562 0.012868 0.003018 0.021313 0.031407 0.860439 0.000004 0.047958
0.485683 0.288004 0.501101 0.272586 0.470265 0.272586 0.529735 0.274788 0.452645 0.276991 0.578191 0.371701 0.419607 0.378309 0.613432 0.497247 0.390973 0.512665 0.628850 0.607375 0.428417 0.462006 0.551760 0.624995 0.450442 0.624995 0.531937 0.816618 0.461455 0.810010 0.516519 0.999430 0.468063 0.977404 0.006030 0.006367 0.000280 0.020659 0.042833 0.864230 0.002803 0.051737
0.484582 0.290198 0.500000 0.272577 0.469163 0.272577 0.526432 0.274780 0.451542 0.276982 0.579295 0.371696 0.420705 0.378304 0.614537 0.497247 0.392070 0.514868 0.629956 0.605176 0.427313 0.462004 0.550661 0.625000 0.449339 0.625000 0.530837 0.816630 0.462555 0.810022 0.517621 0.999449 0.462555 0.992841 0.009841 0.022698 0.003018 0.014084 0.041941 0.878622 0.000004 0.055510
0.483960 0.288719 0.499447 0.273232 0.468474 0.273232 0.525995 0.273232 0.450775 0.277657 0.579092 0.372789 0.419802 0.377214 0.614490 0.496681 0.391041 0.514380 0.629977 0.602875 0.426439 0.461284 0.550331 0.624999 0.450775 0.624999 0.532632 0.815262 0.461837 0.813050 0.517146 0.996677 0.461837 1.000000 0.002421 0.018703 0.006616 0.020881 0.042490 0.878622 0.001408 0.048228
0.483889 0.289447 0.499444 0.271669 0.468334 0.271669 0.526111 0.273891 0.450556 0.276113 0.579444 0.371668 0.419445 0.378335 0.614999 0.496111 0.390557 0.513889 0.632776 0.602777 0.426112 0.460556 0.550555 0.624999 0.450556 0.624999 0.532777 0.816108 0.463889 0.813886 0.515000 0.998328 0.468334 1.000000 0.001435 0.015031 0.006616 0.017505 0.036017 0.879670 0.001416 0.051957
0.483006 0.292781 0.498355 0.275239 0.467656 0.275239 0.524669 0.275239 0.450114 0.279624 0.577296 0.371722 0.419415 0.378300 0.612381 0.494518 0.390909 0.514253 0.629923 0.601965 0.425993 0.461626 0.550982 0.626086 0.452307 0.623893 0.529055 0.812473 0.465464 0.812473 0.511512 0.996668 0.476427 0.998860 0.007051 0.003470 0.004466 0.020207 0.037071 0.878622 0.004187 0.059449
0.482931 0.290217 0.498348 0.274799 0.467514 0.274799 0.524778 0.274799 0.449894 0.277002 0.577636 0.371707 0.419060 0.378315 0.612876 0.495044 0.390428 0.512664 0.628293 0.602965 0.425667 0.459805 0.551207 0.624989 0.452097 0.624989 0.531385 0.814400 0.467514 0.812197 0.511563 0.997203 0.480729 1.000000 0.001194 0.003983 0.000141 0.016224 0.043418 0.879670 0.004206 0.059345
0.483080 0.290957 0.498363 0.273491 0.467798 0.275674 0.524561 0.275674 0.450332 0.277857 0.576958 0.371736 0.419767 0.378286 0.611890 0.496179 0.389202 0.511462 0.629356 0.603157 0.426316 0.456881 0.550760 0.624989 0.452515 0.624989 0.531111 0.810563 0.472164 0.808380 0.509279 0.987404 0.487446 0.993953 0.005522 0.007820 0.000772 0.008033 0.035594 0.881724 0.004170 0.067553
0.482069 0.291354 0.499457 0.276140 0.466856 0.276140 0.525537 0.276140 0.451642 0.280487 0.575526 0.371769 0.419041 0.378290 0.610300 0.495653 0.390787 0.510867 0.627687 0.602150 0.425561 0.456532 0.551618 0.623884 0.453815 0.626057 0.534231 0.808623 0.475549 0.808623 0.516844 0.980321 0.490763 0.993362 0.002254 0.011562 0.000244 0.006670 0.035594 0.885619 0.006918 0.067587
0.483160 0.291401 0.498370 0.276191 0.467950 0.276191 0.524445 0.276191 0.450566 0.278363 0.574422 0.371798 0.417973 0.378317 0.607016 0.495654 0.389725 0.510865 0.626572 0.602127 0.426664 0.456542 0.552693 0.623856 0.454912 0.626029 0.537483 0.806380 0.476641 0.810726 0.520099 0.978040 0.491852 0.993250 0.005659 0.010812 0.000909 0.009843 0.024088 0.876749 0.009684 0.063741
0.481539 0.289329 0.496742 0.274126 0.466336 0.274126 0.522805 0.274126 0.448961 0.276298 0.572757 0.371860 0.416383 0.378376 0.607507 0.495656 0.388149 0.510859 0.627054 0.606421 0.427243 0.454391 0.553211 0.623796 0.457649 0.625968 0.535836 0.806232 0.477195 0.810576 0.522805 0.973466 0.492399 0.993013 0.005470 0.007113 0.005577 0.018990 0.031509 0.874086 0.013831 0.063802
0.480917 0.290089 0.496183 0.272642 0.465651 0.272642 0.522354 0.274823 0.448204 0.277004 0.572515 0.370782 0.415490 0.379506 0.605228 0.497274 0.389320 0.512540 0.624856 0.610680 0.428576 0.455837 0.555068 0.623766 0.456927 0.625947 0.537620 0.806960 0.476555 0.813503 0.524535 0.972708 0.494003 0.996698 0.005145 0.002967 0.008306 0.019834 0.026005 0.869078 0.015278 0.063415
0.478736 0.287908 0.494003 0.272642 0.463470 0.272642 0.520173 0.272642 0.446023 0.277004 0.572515 0.370782 0.415490 0.379506 0.603047 0.499455 0.387139 0.514721 0.622675 0.615042 0.428576 0.458018 0.555068 0.623766 0.456927 0.625947 0.539801 0.806960 0.478736 0.813503 0.524535 0.970527 0.494003 0.996698 0.003158 0.010383 0.004547 0.016178 0.020618 0.864910 0.015278 0.063312
0.477753 0.288381 0.492946 0.271018 0.462560 0.273188 0.518991 0.273188 0.445196 0.277529 0.571082 0.370858 0.414810 0.379540 0.601469 0.498915 0.388765 0.514108 0.618832 0.616119 0.427833 0.459847 0.555889 0.622630 0.458219 0.626971 0.545037 0.807119 0.479923 0.813630 0.529844 0.965561 0.497287 0.995948 0.011727 0.006622 0.000490 0.018434 0.027343 0.862223 0.017972 0.055550
0.479475 0.287727 0.494599 0.270443 0.462191 0.272603 0.518365 0.272603 0.447067 0.276924 0.570217 0.369828 0.414659 0.380630 0.602626 0.497299 0.390893 0.514584 0.619910 0.613968 0.429783 0.458410 0.557254 0.622611 0.457869 0.626932 0.548612 0.806256 0.479475 0.814898 0.533488 0.948852 0.498920 0.994223 0.018666 0.002048 0.001337 0.018854 0.032431 0.863142 0.019268 0.051396
0.480020 0.287785 0.495140 0.270505 0.462741 0.272665 0.518900 0.270505 0.445461 0.276985 0.570738 0.369863 0.413062 0.380663 0.600978 0.497300 0.389302 0.514580 0.618257 0.613938 0.430342 0.458421 0.557779 0.622577 0.458421 0.626897 0.551299 0.810493 0.480020 0.814813 0.534019 0.940090 0.497300 0.994089 0.031221 0.005842 0.005339 0.021559 0.027343 0.855014 0.020640 0.047399
0.480649 0.289294 0.495700 0.272093 0.465599 0.274243 0.521501 0.274243 0.446248 0.278543 0.568802 0.370996 0.413997 0.379596 0.601053 0.495700 0.388197 0.515050 0.618254 0.611803 0.431198 0.459149 0.558052 0.622554 0.459149 0.626854 0.553752 0.805309 0.480649 0.813910 0.538701 0.932163 0.497850 0.990215 0.030102 0.005472 0.006106 0.021065 0.033740 0.851198 0.021918 0.043916
0.482799 0.289294 0.497850 0.272093 0.465599 0.274243 0.521501 0.274243 0.448398 0.278543 0.568802 0.370996 0.413997 0.379596 0.598903 0.495700 0.390347 0.515050 0.620404 0.611803 0.431198 0.459149 0.558052 0.622554 0.459149 0.626854 0.553752 0.805309 0.480649 0.813910 0.540851 0.932163 0.497850 0.990215 0.024771 0.005472 0.006106 0.021065 0.017106 0.854144 0.021918 0.043916
0.485429 0.290070 0.500540 0.272801 0.470318 0.274959 0.524285 0.274959 0.450890 0.277118 0.569617 0.372099 0.412034 0.378575 0.599838 0.497302 0.388289 0.514571 0.619266 0.611711 0.433621 0.460604 0.558824 0.622504 0.459525 0.626822 0.554506 0.803832 0.478953 0.816784 0.541554 0.939828 0.498381 0.989477 0.022646 0.003220 0.006134 0.027726 0.021850 0.832633 0.023383 0.040019
0.488618 0.290788 0.503794 0.273444 0.473442 0.273444 0.527642 0.275612 0.451762 0.275612 0.568834 0.371004 0.412738 0.379676 0.599186 0.496748 0.388890 0.514092 0.620866 0.607316 0.436586 0.459892 0.557994 0.622492 0.460434 0.626828 0.553658 0.802436 0.479946 0.817612 0.547154 0.954196 0.499458 0.991052 0.005965 0.003220 0.006043 0.028241 0.013760 0.826183 0.023485 0.040110
0.491325 0.290723 0.506506 0.273374 0.473976 0.273374 0.528193 0.275542 0.454458 0.277711 0.569398 0.373133 0.413253 0.377470 0.599759 0.498916 0.389398 0.511928 0.623614 0.609518 0.437109 0.459880 0.558554 0.622530 0.458795 0.626867 0.552048 0.800361 0.478313 0.817710 0.549879 0.969517 0.500000 0.991204 0.007560 0.007142 0.002190 0.025051 0.007772 0.819724 0.022108 0.044082
0.490241 0.290723 0.507590 0.275542 0.475060 0.275542 0.529277 0.277711 0.455542 0.277711 0.568313 0.373133 0.414337 0.377470 0.596506 0.498916 0.388313 0.511928 0.620361 0.609518 0.436024 0.459880 0.557470 0.622530 0.459880 0.626867 0.548795 0.800361 0.477229 0.815542 0.550964 0.982530 0.498916 0.991204 0.019304 0.009912 0.001681 0.028305 0.002567 0.824687 0.022108 0.044703
0.492405 0.290605 0.509765 0.273246 0.477216 0.273246 0.531464 0.277586 0.455517 0.275416 0.570522 0.373061 0.414289 0.377401 0.598730 0.498915 0.388250 0.509765 0.620429 0.609580 0.438158 0.457687 0.555332 0.622599 0.459857 0.626939 0.544483 0.802701 0.479386 0.813550 0.548823 0.989312 0.501085 0.989312 0.026553 0.005910 0.000203 0.024302 0.008554 0.818600 0.019351 0.052343
0.494596 0.293028 0.509727 0.275735 0.479465 0.275735 0.531343 0.277897 0.457849 0.277897 0.570252 0.373007 0.416779 0.377330 0.598352 0.500540 0.388678 0.509187 0.617806 0.612943 0.438395 0.457309 0.555120 0.623751 0.457849 0.625912 0.544313 0.807486 0.477303 0.813971 0.548636 0.993382 0.498919 0.986898 0.026104 0.006771 0.000490 0.019308 0.014481 0.823608 0.016521 0.051515
0.494573 0.293759 0.509769 0.276391 0.477205 0.276391 0.531479 0.278562 0.455495 0.278562 0.570556 0.374084 0.416418 0.376255 0.596608 0.502171 0.388196 0.508684 0.616146 0.612890 0.438128 0.458752 0.555359 0.623745 0.457666 0.625916 0.542334 0.808276 0.475034 0.814789 0.542334 0.994979 0.496744 0.986295 0.022432 0.010891 0.003081 0.022932 0.008270 0.816837 0.016593 0.051620
0.492940 0.293636 0.510318 0.276258 0.477734 0.276258 0.532041 0.278430 0.458184 0.278430 0.573313 0.374009 0.416911 0.376182 0.597208 0.502172 0.388672 0.508689 0.614586 0.615129 0.436462 0.458727 0.553763 0.623818 0.456012 0.625991 0.540730 0.808460 0.473390 0.814976 0.538557 0.990929 0.495112 0.980067 0.018643 0.012457 0.002429 0.020233 0.010082 0.823909 0.012449 0.051620
0.493509 0.294983 0.510819 0.277672 0.478362 0.277672 0.534620 0.279836 0.458888 0.279836 0.573568 0.375042 0.419940 0.375042 0.597370 0.502705 0.389648 0.507032 0.612516 0.617385 0.437251 0.457265 0.551931 0.623876 0.454561 0.626040 0.538948 0.807797 0.471871 0.812124 0.534620 0.989554 0.493509 0.972243 0.014854 0.013230 0.005179 0.014105 0.016873 0.828884 0.008266 0.051957
0.496179 0.292048 0.511462 0.276766 0.480897 0.274583 0.535477 0.276766 0.461248 0.276766 0.576958 0.375011 0.419767 0.375011 0.598791 0.503821 0.387018 0.506004 0.611890 0.621714 0.435049 0.457973 0.550760 0.623898 0.452515 0.626081 0.537661 0.811654 0.469981 0.813838 0.531111 0.997228 0.489630 0.971029 0.010942 0.010058 0.011211 0.011760 0.018220 0.827979 0.004170 0.051697
0.497845 0.294181 0.512931 0.276940 0.482759 0.276940 0.536638 0.279095 0.463362 0.279095 0.577586 0.376078 0.422414 0.373922 0.599138 0.505388 0.387931 0.503233 0.612069 0.621767 0.435345 0.457974 0.547414 0.623922 0.452586 0.626078 0.534483 0.809267 0.469828 0.809267 0.528017 0.992457 0.487069 0.962284 0.010942 0.005843 0.016389 0.008038 0.017345 0.825551 0.000004 0.052042
0.497845 0.293111 0.515086 0.275870 0.484914 0.275870 0.540947 0.278026 0.465519 0.275870 0.577583 0.377160 0.424572 0.372850 0.599134 0.506465 0.387935 0.500000 0.612065 0.624995 0.433192 0.454743 0.547412 0.624995 0.450433 0.624995 0.534481 0.808178 0.465519 0.810333 0.528016 0.993516 0.484914 0.959035 0.011332 0.015434 0.016129 0.006683 0.017980 0.839298 0.002744 0.048284
