0.501937 0.282081 0.517433 0.266585 0.482567 0.266585 0.540678 0.274333 0.455448 0.270459 0.571671 0.375060 0.420581 0.375060 0.606538 0.506780 0.385714 0.502906 0.614286 0.634625 0.385714 0.611381 0.552300 0.623003 0.455448 0.626877 0.556175 0.808960 0.467070 0.812834 0.556175 0.991043 0.482567 0.994917 0.006630 0.007157 0.031448 0.023927 0.063101 0.084751 0.009867 0.013237
0.500954 0.285362 0.516217 0.266283 0.485691 0.266283 0.539112 0.277730 0.458980 0.273914 0.573454 0.373125 0.420822 0.376941 0.603980 0.506678 0.390296 0.502862 0.615428 0.632599 0.390296 0.613520 0.550559 0.624967 0.455164 0.624967 0.550559 0.811941 0.466612 0.811941 0.550559 0.991283 0.481875 0.983652 0.000001 0.008756 0.028858 0.024331 0.042670 0.075705 0.007288 0.019464
0.500947 0.280360 0.516094 0.265212 0.482012 0.265212 0.538816 0.272786 0.455504 0.272786 0.572898 0.375032 0.421422 0.375032 0.603193 0.507574 0.387340 0.500000 0.610767 0.632542 0.387340 0.609820 0.550176 0.624968 0.455504 0.624968 0.546390 0.814313 0.463078 0.810526 0.546390 0.999871 0.478225 0.973363 0.006366 0.016540 0.022492 0.030155 0.052260 0.084751 0.007233 0.019350
0.504663 0.283636 0.519585 0.264984 0.486011 0.268715 0.541967 0.276175 0.459898 0.276175 0.571810 0.373166 0.422594 0.376897 0.601654 0.507461 0.392751 0.500000 0.612845 0.634295 0.389020 0.608182 0.549428 0.623103 0.456168 0.626834 0.545698 0.813354 0.463629 0.809624 0.545698 0.999875 0.482281 0.970031 0.006241 0.023862 0.022189 0.029519 0.041591 0.064734 0.007126 0.019226
0.505514 0.284950 0.520218 0.266569 0.487134 0.266569 0.538599 0.277598 0.461401 0.277598 0.571683 0.376852 0.424641 0.373176 0.601092 0.509190 0.395232 0.494486 0.612120 0.634177 0.387880 0.601092 0.549627 0.623148 0.454049 0.626824 0.545951 0.810628 0.461401 0.810628 0.545951 0.998108 0.479782 0.946643 0.006241 0.030030 0.022189 0.024016 0.041591 0.053788 0.004681 0.018966
0.502697 0.283324 0.517082 0.265342 0.488312 0.265342 0.538660 0.276131 0.463138 0.276131 0.571027 0.376827 0.423579 0.373231 0.599797 0.506293 0.394809 0.495505 0.610586 0.628567 0.391212 0.603393 0.549449 0.624971 0.455946 0.624971 0.545853 0.808381 0.459542 0.804785 0.538660 0.995388 0.477523 0.923463 0.005996 0.041500 0.021369 0.034337 0.041591 0.062952 0.006868 0.012606
0.501798 0.281497 0.516185 0.263514 0.487411 0.267110 0.537766 0.274304 0.462234 0.274304 0.573733 0.375013 0.422670 0.375013 0.602507 0.508093 0.393896 0.497302 0.613298 0.630382 0.390299 0.608802 0.548556 0.623189 0.455041 0.626785 0.544959 0.813816 0.458637 0.810220 0.537766 1.000000 0.476621 0.921719 0.006002 0.044661 0.026177 0.034462 0.039767 0.063294 0.004580 0.012246
0.500893 0.283934 0.515178 0.266077 0.483036 0.266077 0.536606 0.273220 0.461608 0.276791 0.572320 0.376789 0.425895 0.373218 0.604462 0.505357 0.393753 0.498214 0.611604 0.623211 0.386610 0.608926 0.547320 0.623211 0.454465 0.626782 0.543749 0.812492 0.458037 0.808921 0.536606 1.000000 0.475893 0.926775 0.005780 0.041624 0.026177 0.029475 0.058711 0.059608 0.002273 0.012246
0.500000 0.283451 0.514085 0.265845 0.482394 0.265845 0.535211 0.272887 0.461268 0.276408 0.573944 0.375000 0.426056 0.375000 0.605634 0.505282 0.397887 0.498239 0.612676 0.621479 0.390845 0.607394 0.545775 0.625000 0.454225 0.625000 0.542253 0.811620 0.457746 0.804577 0.538732 0.998239 0.478873 0.924296 0.000001 0.049359 0.029710 0.029475 0.056684 0.051020 0.000005 0.012246
0.500000 0.285839 0.513986 0.268357 0.482517 0.268357 0.538462 0.275350 0.461538 0.275350 0.573427 0.376748 0.426573 0.373252 0.604895 0.506119 0.398601 0.495629 0.611888 0.625000 0.391608 0.611014 0.545455 0.625000 0.454545 0.625000 0.541958 0.810315 0.458042 0.803322 0.538462 1.000000 0.479021 0.932692 0.000226 0.044932 0.029710 0.028983 0.057249 0.052260 0.000005 0.012246
0.498239 0.283451 0.512324 0.265845 0.480634 0.265845 0.536972 0.272887 0.459507 0.272887 0.575704 0.375000 0.424296 0.375000 0.607394 0.505282 0.396127 0.498239 0.610915 0.621479 0.389085 0.614437 0.547535 0.625000 0.452465 0.625000 0.544014 0.815141 0.455986 0.808099 0.536972 1.000000 0.480634 0.955986 0.005891 0.046448 0.029821 0.029594 0.066309 0.052260 0.000005 0.012015
0.494755 0.282343 0.512238 0.264860 0.480769 0.268357 0.536713 0.271853 0.459790 0.275350 0.575175 0.376748 0.424825 0.373252 0.606643 0.502622 0.400350 0.499126 0.610140 0.621503 0.393357 0.618007 0.547203 0.625000 0.452797 0.625000 0.543706 0.810315 0.459790 0.806818 0.536713 1.000000 0.477273 0.974650 0.005565 0.020801 0.029710 0.022987 0.068620 0.042428 0.000005 0.018242
0.494755 0.282343 0.508741 0.264860 0.477273 0.268357 0.533217 0.271853 0.456294 0.275350 0.575175 0.373252 0.424825 0.376748 0.610140 0.502622 0.400350 0.502622 0.610140 0.614510 0.393357 0.618007 0.547203 0.625000 0.452797 0.625000 0.547203 0.810315 0.459790 0.810315 0.536713 1.000000 0.473776 0.992133 0.017345 0.012431 0.035223 0.023709 0.084022 0.041863 0.000005 0.012006
0.493924 0.284727 0.507812 0.267367 0.476563 0.267367 0.532117 0.274311 0.455730 0.274311 0.573783 0.375003 0.424481 0.375003 0.611976 0.503472 0.400176 0.503472 0.605032 0.611108 0.396704 0.621525 0.546006 0.624997 0.455730 0.624997 0.546006 0.812492 0.459202 0.809020 0.535589 0.999988 0.473091 0.999988 0.017666 0.017104 0.035223 0.033578 0.112491 0.050158 0.002213 0.006006
0.489584 0.283007 0.503472 0.262176 0.472225 0.265648 0.531247 0.272591 0.451394 0.272591 0.572910 0.373276 0.423618 0.376748 0.611100 0.501736 0.402787 0.505208 0.604157 0.609364 0.395843 0.619780 0.548606 0.623252 0.454865 0.626724 0.548606 0.814206 0.458337 0.810734 0.534719 0.998216 0.468753 0.998216 0.023978 0.011661 0.030850 0.033578 0.112491 0.031904 0.004420 0.006005
0.486112 0.283007 0.503472 0.262176 0.472225 0.265648 0.531247 0.272591 0.451394 0.272591 0.572910 0.373276 0.423618 0.376748 0.614572 0.501736 0.402787 0.508680 0.600685 0.609364 0.399315 0.626724 0.548606 0.623252 0.454865 0.626724 0.548606 0.814206 0.461809 0.810734 0.538191 0.994744 0.465281 0.994744 0.018344 0.006002 0.030850 0.027577 0.140675 0.040488 0.004420 0.012006
0.487852 0.281334 0.505206 0.263980 0.470497 0.263980 0.529503 0.270922 0.449672 0.274393 0.571153 0.371577 0.421905 0.378519 0.616275 0.500000 0.404551 0.510413 0.598920 0.607597 0.401080 0.628423 0.550328 0.624952 0.456614 0.624952 0.550328 0.812379 0.463556 0.808909 0.539915 0.989395 0.467027 0.985924 0.018702 0.005766 0.026104 0.032533 0.158452 0.032284 0.008839 0.012006
0.487936 0.281980 0.501723 0.261298 0.470701 0.264745 0.525852 0.268192 0.450019 0.275086 0.570663 0.371601 0.422443 0.378495 0.615473 0.499138 0.401762 0.509479 0.598238 0.605994 0.401762 0.626676 0.549981 0.623229 0.456913 0.626676 0.549981 0.809365 0.463807 0.809365 0.539640 0.985160 0.470701 0.988607 0.018702 0.000232 0.026104 0.031923 0.158452 0.049848 0.008779 0.012006
0.486406 0.285043 0.503399 0.264652 0.469413 0.268050 0.527188 0.271449 0.449022 0.274847 0.567971 0.370006 0.421834 0.380202 0.615550 0.495752 0.404841 0.512744 0.595159 0.604505 0.404841 0.628295 0.550978 0.621498 0.459218 0.628295 0.550978 0.805018 0.469413 0.811815 0.544181 0.971546 0.476210 0.991937 0.012985 0.005661 0.021475 0.029941 0.174140 0.040588 0.012985 0.017666
0.484810 0.282273 0.501688 0.265395 0.471307 0.265395 0.525317 0.272147 0.447678 0.275522 0.569200 0.370039 0.420673 0.380166 0.616458 0.498312 0.403795 0.515190 0.596205 0.606332 0.403795 0.633336 0.552322 0.623210 0.457805 0.626585 0.548946 0.805492 0.467932 0.812244 0.545571 0.960770 0.481434 0.997902 0.001027 0.005764 0.015295 0.030261 0.171358 0.039583 0.012897 0.023239
0.484707 0.276547 0.498301 0.259554 0.467714 0.262952 0.525489 0.266351 0.443924 0.269750 0.569670 0.368307 0.420135 0.381901 0.613851 0.497451 0.399743 0.514444 0.600257 0.609603 0.399743 0.633392 0.552677 0.623197 0.457518 0.626595 0.552677 0.806717 0.467714 0.820312 0.549279 0.949456 0.481308 1.000000 0.007576 0.005563 0.021189 0.031520 0.143318 0.048590 0.012985 0.016738
0.485012 0.280176 0.498335 0.263522 0.468359 0.263522 0.524980 0.270184 0.448375 0.273514 0.568279 0.370104 0.421729 0.380096 0.614908 0.496669 0.401745 0.513323 0.601585 0.609912 0.401745 0.633227 0.551625 0.623235 0.458367 0.626565 0.554956 0.803091 0.468359 0.819744 0.554956 0.936318 0.485012 1.000000 0.005894 0.010923 0.026805 0.030523 0.149637 0.047393 0.012725 0.010556
0.486765 0.277493 0.500000 0.260950 0.470222 0.260950 0.526469 0.270876 0.447062 0.274185 0.569482 0.370136 0.420592 0.380062 0.615803 0.495864 0.400741 0.512407 0.605877 0.608358 0.400741 0.628210 0.552938 0.621593 0.456988 0.628210 0.556247 0.800260 0.470222 0.820112 0.559556 0.929297 0.486765 1.000000 0.002262 0.005455 0.026805 0.024437 0.140374 0.047393 0.012641 0.016024
0.489315 0.278081 0.502466 0.258354 0.472877 0.261642 0.525480 0.268217 0.449863 0.271505 0.571507 0.370136 0.420273 0.379999 0.614247 0.491781 0.400547 0.511507 0.610960 0.603562 0.400547 0.626576 0.551781 0.623289 0.456438 0.626576 0.558357 0.800824 0.472877 0.817263 0.561644 0.922469 0.489315 1.000000 0.003185 0.000464 0.036537 0.018982 0.116909 0.047393 0.010467 0.015589
0.487189 0.280611 0.503203 0.264597 0.474378 0.267800 0.525622 0.274205 0.451959 0.274205 0.570461 0.370288 0.419931 0.379896 0.612097 0.495196 0.400714 0.511210 0.612097 0.607292 0.400714 0.623306 0.551244 0.623306 0.458364 0.626509 0.557650 0.796255 0.474378 0.812269 0.560852 0.917960 0.493594 1.000000 0.003411 0.004354 0.035913 0.021838 0.102416 0.046254 0.012237 0.015589
0.488868 0.281335 0.501590 0.262251 0.472965 0.265432 0.523854 0.271793 0.450701 0.274973 0.568383 0.370391 0.418895 0.379933 0.606550 0.491253 0.399812 0.507156 0.612911 0.605754 0.396631 0.621657 0.552480 0.621657 0.460243 0.628019 0.555660 0.793409 0.472965 0.815673 0.562021 0.926994 0.492049 1.000000 0.009252 0.010712 0.026014 0.031021 0.079698 0.038554 0.016206 0.015653
0.489076 0.281523 0.504682 0.265917 0.473471 0.265917 0.526529 0.275281 0.451623 0.275281 0.567104 0.372035 0.420412 0.378277 0.604557 0.493758 0.398564 0.503121 0.617041 0.606117 0.395443 0.615481 0.551498 0.621723 0.460986 0.627965 0.554619 0.793383 0.473471 0.812110 0.560861 0.933833 0.492197 0.999376 0.008351 0.010178 0.025655 0.029730 0.059792 0.046306 0.015902 0.015760
0.489860 0.281595 0.505460 0.262875 0.477380 0.265995 0.527301 0.275355 0.452419 0.275355 0.567861 0.372077 0.418098 0.378317 0.605302 0.496880 0.396258 0.503120 0.617783 0.609202 0.396258 0.612322 0.555381 0.621683 0.458659 0.627923 0.555381 0.796406 0.474259 0.815127 0.561621 0.955530 0.492980 1.000000 0.012477 0.005261 0.015903 0.024813 0.057550 0.055146 0.017886 0.026465
0.493835 0.281131 0.509248 0.262635 0.478421 0.265718 0.530827 0.274966 0.453760 0.274966 0.567819 0.373611 0.419851 0.376693 0.604811 0.496917 0.395189 0.503083 0.617141 0.610976 0.395189 0.607893 0.552405 0.623307 0.459925 0.626389 0.555488 0.799018 0.475339 0.811349 0.561653 0.974730 0.493835 0.996309 0.005580 0.005261 0.025207 0.024190 0.058495 0.061339 0.015707 0.020881
0.493835 0.281131 0.509248 0.262635 0.478421 0.265718 0.530827 0.274966 0.456843 0.274966 0.567819 0.373611 0.419851 0.376693 0.604811 0.500000 0.392107 0.500000 0.620224 0.610976 0.395189 0.604811 0.552405 0.623307 0.459925 0.626389 0.555488 0.802101 0.475339 0.814432 0.564736 0.990143 0.496917 1.000000 0.010155 0.010335 0.025111 0.024622 0.046704 0.079806 0.015707 0.020545
0.496917 0.281131 0.512331 0.262635 0.481504 0.265718 0.533909 0.274966 0.456843 0.274966 0.567819 0.373611 0.419851 0.376693 0.604811 0.500000 0.392107 0.500000 0.623307 0.614059 0.392107 0.601728 0.552405 0.623307 0.459925 0.626389 0.555488 0.802101 0.475339 0.814432 0.561653 0.996309 0.496917 1.000000 0.004615 0.010335 0.025111 0.024622 0.039460 0.070447 0.015707 0.020545
0.496898 0.278999 0.512407 0.263491 0.481389 0.263491 0.534119 0.272796 0.456575 0.272796 0.568239 0.375154 0.419354 0.375154 0.605460 0.502326 0.391438 0.499225 0.627172 0.623295 0.391438 0.598481 0.552730 0.623295 0.459677 0.626397 0.555832 0.809401 0.475186 0.815604 0.562035 1.000000 0.496898 1.000000 0.004959 0.010335 0.025173 0.024622 0.034102 0.070447 0.015804 0.020728
0.498429 0.277674 0.510998 0.258819 0.482717 0.258819 0.536138 0.268247 0.457577 0.268247 0.570704 0.375089 0.419868 0.375089 0.605271 0.507070 0.388444 0.500786 0.630410 0.626482 0.388444 0.598201 0.551850 0.623340 0.457577 0.626482 0.554992 0.811885 0.473289 0.818170 0.561277 1.000000 0.495286 1.000000 0.005302 0.012199 0.029434 0.021361 0.015488 0.077979 0.012006 0.020728
0.498438 0.278194 0.514058 0.259450 0.482818 0.259450 0.539050 0.268822 0.457826 0.268822 0.573415 0.375039 0.420337 0.375039 0.607779 0.509372 0.389097 0.500000 0.632771 0.631209 0.389097 0.596845 0.551546 0.624961 0.454702 0.624961 0.554670 0.812402 0.473446 0.815526 0.554670 0.993596 0.495314 0.993596 0.005304 0.007687 0.033086 0.012286 0.015317 0.077979 0.007956 0.025904
0.500767 0.276945 0.516097 0.258549 0.482370 0.261615 0.537559 0.270813 0.460908 0.270813 0.571285 0.375059 0.421049 0.375059 0.605012 0.506899 0.390389 0.500767 0.632606 0.626474 0.390389 0.592748 0.549823 0.623408 0.457842 0.626474 0.549823 0.810437 0.473172 0.810437 0.549823 0.994399 0.491568 0.979069 0.000001 0.008123 0.027440 0.019789 0.007526 0.076150 0.009761 0.026465
0.499224 0.274108 0.514749 0.255477 0.483698 0.255477 0.539589 0.264792 0.461963 0.264792 0.573745 0.376574 0.421597 0.373469 0.607901 0.510091 0.390547 0.500776 0.635846 0.631188 0.387442 0.600138 0.548905 0.624978 0.455753 0.624978 0.545799 0.808176 0.474383 0.805071 0.539589 1.000000 0.493014 0.975849 0.004706 0.001777 0.026331 0.010153 0.007526 0.066206 0.005931 0.038207
0.501534 0.278391 0.516870 0.259987 0.483130 0.259987 0.538341 0.269189 0.461659 0.269189 0.572080 0.376543 0.424852 0.373476 0.605820 0.511502 0.394180 0.499233 0.633426 0.631125 0.388045 0.600453 0.547542 0.624991 0.455525 0.624991 0.541408 0.812093 0.470861 0.809026 0.541408 1.000000 0.489265 0.956254 0.010433 0.013119 0.020904 0.012163 0.005788 0.056882 0.003905 0.036897
0.499256 0.278309 0.514135 0.263431 0.484378 0.263431 0.537940 0.272358 0.460572 0.272358 0.570673 0.376508 0.424863 0.373532 0.603406 0.510415 0.395106 0.501488 0.627212 0.629444 0.389155 0.602662 0.546868 0.623492 0.457596 0.626468 0.537940 0.810962 0.466523 0.810962 0.537940 1.000000 0.490329 0.935942 0.015146 0.044523 0.015440 0.025575 0.013480 0.054030 0.005683 0.030536
0.500000 0.288351 0.514447 0.271015 0.482664 0.271015 0.534673 0.276794 0.462438 0.279683 0.569346 0.372144 0.424876 0.377923 0.598240 0.505056 0.395982 0.505056 0.621355 0.626411 0.390203 0.609075 0.549120 0.623522 0.456659 0.626411 0.537562 0.811333 0.465327 0.814222 0.534673 1.000000 0.482664 0.921130 0.014951 0.036492 0.005994 0.025813 0.008225 0.053469 0.007358 0.034244
0.499282 0.285951 0.513647 0.268713 0.482043 0.268713 0.536632 0.274459 0.459058 0.277332 0.571110 0.372145 0.424580 0.377892 0.599841 0.507183 0.395849 0.504310 0.619953 0.627855 0.387229 0.610616 0.548125 0.622108 0.456185 0.627855 0.536632 0.814608 0.461931 0.820355 0.530886 1.000000 0.484916 0.918041 0.009888 0.064059 0.010206 0.030535 0.014162 0.045382 0.005488 0.028480
0.495057 0.286048 0.509179 0.269101 0.478110 0.271925 0.534600 0.274750 0.458339 0.280399 0.571317 0.370781 0.424446 0.379255 0.602386 0.506355 0.396201 0.506355 0.616509 0.627806 0.384904 0.613684 0.548722 0.622158 0.455515 0.627806 0.534600 0.811396 0.461164 0.817045 0.528951 1.000000 0.483759 0.915901 0.014619 0.062029 0.004826 0.030085 0.034861 0.036221 0.005394 0.033210
0.494286 0.285014 0.508571 0.265015 0.477144 0.267872 0.534283 0.273586 0.457146 0.279300 0.574281 0.370723 0.422862 0.379294 0.602850 0.505000 0.394293 0.507857 0.617135 0.630706 0.382865 0.616421 0.548568 0.622135 0.454289 0.627849 0.537140 0.816408 0.460003 0.816408 0.531427 1.000000 0.480001 0.922115 0.009738 0.049875 0.013739 0.030391 0.030714 0.036221 0.003638 0.028345
0.492938 0.284618 0.507062 0.267670 0.475990 0.267670 0.529659 0.276144 0.453393 0.278969 0.577679 0.372183 0.419497 0.377833 0.605925 0.502119 0.394075 0.507768 0.614399 0.626404 0.385601 0.617930 0.549432 0.623580 0.453393 0.626404 0.535308 0.821307 0.456217 0.812833 0.529659 1.000000 0.478815 0.920171 0.013474 0.061226 0.012918 0.038317 0.046468 0.037064 0.003595 0.027520
0.490819 0.280371 0.507768 0.266247 0.473870 0.266247 0.530367 0.271896 0.454097 0.274721 0.578389 0.373590 0.420199 0.376414 0.606637 0.500706 0.394776 0.506356 0.612286 0.619348 0.386301 0.622173 0.550140 0.624998 0.451272 0.624998 0.538841 0.819910 0.456922 0.805786 0.530367 1.000000 0.473870 0.935727 0.004992 0.031341 0.017184 0.029639 0.054458 0.038251 0.001798 0.028376
0.491667 0.281944 0.505556 0.265278 0.475000 0.268056 0.530556 0.273611 0.455556 0.276389 0.577778 0.373611 0.422222 0.376389 0.605556 0.501389 0.397222 0.504167 0.611111 0.612500 0.388889 0.615278 0.547222 0.626389 0.452778 0.623611 0.538889 0.815278 0.458333 0.804167 0.533333 1.000000 0.472222 0.973611 0.004943 0.016242 0.024257 0.029352 0.052235 0.037672 0.000005 0.023825
0.488260 0.282462 0.504834 0.265888 0.474448 0.268650 0.526933 0.274175 0.455111 0.276937 0.576656 0.373621 0.421962 0.376383 0.604280 0.503453 0.397101 0.506215 0.604280 0.613949 0.388814 0.619473 0.549032 0.624998 0.452349 0.624998 0.540745 0.818365 0.457874 0.804553 0.532458 1.000000 0.468923 0.989633 0.000001 0.009190 0.021205 0.028922 0.066730 0.036974 0.001758 0.023425
0.489012 0.282980 0.502747 0.266498 0.472529 0.266498 0.527471 0.271992 0.453300 0.277486 0.576918 0.373634 0.420334 0.376381 0.607136 0.502747 0.398358 0.508241 0.601642 0.609883 0.392864 0.620872 0.549448 0.626366 0.453300 0.623619 0.543953 0.815915 0.456047 0.807674 0.532965 1.000000 0.467035 0.999970 0.008944 0.013418 0.025240 0.037442 0.089490 0.037054 0.003497 0.013974
0.488453 0.282638 0.502038 0.266335 0.469433 0.266335 0.523774 0.271769 0.450414 0.277204 0.575398 0.372300 0.420527 0.377734 0.605285 0.497283 0.398791 0.505434 0.597134 0.597813 0.393357 0.619549 0.550944 0.624983 0.453131 0.624983 0.542793 0.815176 0.455848 0.809741 0.531925 1.000000 0.463999 1.000000 0.004799 0.008761 0.017075 0.037053 0.100467 0.038520 0.005190 0.018314
0.486416 0.279943 0.500000 0.263643 0.470116 0.266360 0.524451 0.271793 0.451099 0.274510 0.576069 0.372313 0.418498 0.377746 0.608670 0.494567 0.399480 0.508150 0.595086 0.592369 0.394047 0.624970 0.551618 0.624970 0.453815 0.624970 0.546185 0.815143 0.456532 0.809709 0.535318 0.997165 0.459249 0.997165 0.009888 0.000145 0.021617 0.040487 0.126881 0.031301 0.006919 0.013773
0.485058 0.282660 0.501358 0.263643 0.468757 0.266360 0.525809 0.271793 0.449740 0.277227 0.574711 0.369596 0.419856 0.380463 0.610028 0.494567 0.400839 0.513584 0.591011 0.592369 0.392688 0.630404 0.550260 0.624970 0.455174 0.624970 0.547543 0.815143 0.457890 0.809709 0.531243 0.989015 0.455174 0.991732 0.025208 0.009431 0.025837 0.040982 0.148802 0.022995 0.006919 0.009228
