0.396569 0.288376 0.402013 0.272044 0.399291 0.274766 0.431954 0.280210 0.478225 0.274766 0.475503 0.386362 0.502722 0.364588 0.480947 0.541508 0.461894 0.465296 0.461894 0.663992 0.404735 0.435356 0.486391 0.628608 0.535384 0.620442 0.391126 0.756535 0.557159 0.789197 0.382960 0.936178 0.608874 0.968840 0.189288 0.048376 0.218043 0.000448 0.060285 0.530989 0.027760 0.244593
0.394859 0.282801 0.403160 0.268966 0.397626 0.268966 0.433595 0.277267 0.475098 0.274500 0.480632 0.385175 0.497233 0.365807 0.488933 0.542886 0.464031 0.476482 0.477865 0.670162 0.403160 0.446046 0.486166 0.628659 0.535969 0.620359 0.397626 0.764236 0.563638 0.794671 0.375491 0.944082 0.618975 0.977285 0.145169 0.043551 0.191383 0.002037 0.044347 0.554810 0.028220 0.234257
0.399360 0.287691 0.407632 0.273905 0.399360 0.273905 0.432447 0.279419 0.479321 0.271147 0.479321 0.384195 0.490350 0.367652 0.493107 0.535844 0.460020 0.475185 0.476563 0.662678 0.404875 0.450369 0.493107 0.626834 0.537223 0.621319 0.404875 0.767454 0.559281 0.795027 0.374545 0.935647 0.625455 0.974249 0.121578 0.072382 0.196434 0.017957 0.070144 0.547092 0.038713 0.218573
0.401868 0.294937 0.407282 0.278695 0.399161 0.278695 0.434353 0.281402 0.474959 0.273281 0.474959 0.384272 0.491202 0.368029 0.488495 0.535869 0.469545 0.479020 0.474959 0.660395 0.401868 0.460070 0.493909 0.627910 0.539930 0.619789 0.409989 0.763265 0.558879 0.790336 0.372090 0.928398 0.623850 0.963590 0.104850 0.078977 0.201368 0.025633 0.062809 0.525563 0.043217 0.211884
0.388663 0.288938 0.396859 0.275277 0.388663 0.272544 0.426914 0.280741 0.467897 0.272544 0.470629 0.387297 0.492486 0.365439 0.484290 0.543032 0.476093 0.480192 0.476093 0.671446 0.405056 0.474727 0.495219 0.627730 0.541666 0.619534 0.410520 0.769805 0.560791 0.794394 0.369537 0.936469 0.629096 0.969255 0.094369 0.083861 0.203561 0.026179 0.048141 0.479270 0.047135 0.205796
0.391968 0.294063 0.400070 0.277858 0.391968 0.277858 0.432480 0.283260 0.464889 0.275158 0.472992 0.385891 0.489197 0.366985 0.489197 0.542538 0.478394 0.485821 0.478394 0.669476 0.405472 0.485821 0.497299 0.628964 0.540512 0.618160 0.416275 0.766705 0.562119 0.791012 0.375763 0.934155 0.632340 0.963864 0.093695 0.083247 0.200979 0.024565 0.059837 0.471142 0.048328 0.208836
0.384720 0.294142 0.392954 0.277674 0.384720 0.277674 0.423146 0.283163 0.464318 0.272184 0.469808 0.390209 0.491766 0.362762 0.480787 0.546661 0.478042 0.486276 0.475297 0.675665 0.403933 0.500000 0.494510 0.629004 0.543916 0.618025 0.414912 0.774477 0.563130 0.796435 0.376485 0.947397 0.637238 0.972100 0.089763 0.092928 0.192179 0.030001 0.035838 0.406491 0.049121 0.193515
0.388487 0.293494 0.396747 0.279727 0.388487 0.276974 0.424281 0.282481 0.465582 0.271467 0.468336 0.389864 0.498623 0.362329 0.482103 0.546808 0.482103 0.488986 0.476596 0.673465 0.416021 0.508260 0.490363 0.629410 0.542678 0.618397 0.418774 0.775341 0.564705 0.794615 0.382980 0.948806 0.641801 0.970833 0.080398 0.091691 0.174360 0.014649 0.041681 0.368380 0.042193 0.184756
0.391069 0.292415 0.399291 0.275973 0.391069 0.275973 0.429435 0.281454 0.467800 0.273232 0.470541 0.388329 0.497945 0.363665 0.486983 0.547272 0.476022 0.495204 0.484243 0.673330 0.412992 0.517127 0.489724 0.629484 0.541791 0.618522 0.421214 0.777465 0.569195 0.796648 0.385589 0.947369 0.648666 0.966552 0.072224 0.090674 0.163280 0.005643 0.039731 0.340882 0.040233 0.186603
0.382693 0.299000 0.388181 0.282536 0.382693 0.282536 0.415621 0.285280 0.467758 0.271560 0.465014 0.392297 0.506174 0.359369 0.481478 0.551450 0.475990 0.493826 0.478734 0.677676 0.412877 0.532242 0.484222 0.631027 0.544590 0.617307 0.418365 0.781948 0.566543 0.795669 0.385437 0.952078 0.646119 0.968542 0.070115 0.098338 0.156527 0.008081 0.039731 0.255660 0.036767 0.169951
0.382208 0.298858 0.387718 0.282325 0.382208 0.282325 0.415272 0.285081 0.464869 0.271304 0.467624 0.389785 0.500689 0.362231 0.484157 0.546841 0.478646 0.500000 0.486912 0.673589 0.415272 0.538575 0.489667 0.629503 0.542019 0.618481 0.423538 0.781048 0.566818 0.794825 0.393229 0.951882 0.652234 0.965658 0.075078 0.103113 0.160158 0.006431 0.026465 0.275450 0.040454 0.175441
0.382760 0.296226 0.388343 0.282269 0.382760 0.282269 0.416257 0.285060 0.463712 0.273895 0.469294 0.391134 0.502791 0.360429 0.486043 0.550246 0.488834 0.500000 0.491626 0.684234 0.424632 0.555828 0.488834 0.631197 0.539080 0.617240 0.427423 0.779142 0.572577 0.793100 0.399509 0.957793 0.659111 0.971751 0.075902 0.083667 0.151091 0.015230 0.020128 0.240446 0.035616 0.185152
0.381224 0.294587 0.384018 0.280613 0.381224 0.280613 0.417555 0.283408 0.465066 0.272229 0.467861 0.389608 0.506987 0.361661 0.487424 0.546113 0.520961 0.509782 0.498603 0.680260 0.498603 0.641134 0.487424 0.629955 0.537729 0.618776 0.431529 0.780871 0.571266 0.794845 0.409171 0.956939 0.660697 0.968118 0.072701 0.091752 0.138758 0.022034 0.013118 0.083607 0.032079 0.172819
0.381196 0.292621 0.386820 0.278561 0.381196 0.278561 0.417751 0.281373 0.465554 0.272938 0.465554 0.388226 0.510545 0.362919 0.488049 0.545694 0.538664 0.514763 0.499297 0.683478 0.527416 0.652547 0.485237 0.630051 0.538664 0.618804 0.437435 0.793143 0.569595 0.795954 0.414939 0.964670 0.665200 0.970293 0.049247 0.104642 0.116608 0.020184 0.019240 0.084213 0.030479 0.145779
0.381172 0.290636 0.386830 0.273661 0.384001 0.276490 0.417952 0.276490 0.466049 0.268002 0.463220 0.386830 0.514146 0.364196 0.485854 0.545268 0.545268 0.514146 0.502829 0.681072 0.533951 0.652779 0.483025 0.630145 0.539609 0.618828 0.440586 0.794241 0.570731 0.799900 0.420781 0.966825 0.669755 0.972483 0.044188 0.111631 0.106408 0.022455 0.005585 0.091066 0.028858 0.134737
0.385540 0.283957 0.391263 0.269650 0.388402 0.269650 0.419878 0.278234 0.477108 0.266788 0.462801 0.386971 0.514307 0.364079 0.485693 0.547215 0.534338 0.518600 0.500000 0.681705 0.514307 0.644505 0.482831 0.630198 0.540061 0.618752 0.448493 0.796164 0.568676 0.799026 0.431324 0.970715 0.674551 0.964992 0.033732 0.130643 0.091096 0.018028 0.011431 0.091253 0.029188 0.115048
0.395806 0.283867 0.401438 0.269787 0.398622 0.269787 0.426782 0.275419 0.480288 0.266971 0.466207 0.385245 0.514080 0.365533 0.483104 0.537313 0.539425 0.517600 0.500000 0.672484 0.525345 0.641507 0.483104 0.630243 0.536609 0.618979 0.457759 0.787943 0.564769 0.793575 0.443679 0.956906 0.674596 0.954090 0.024259 0.140100 0.072641 0.022682 0.004360 0.088586 0.025125 0.101625
0.388871 0.284073 0.394498 0.270006 0.391685 0.270006 0.425445 0.272819 0.478900 0.270006 0.462019 0.385354 0.515474 0.365661 0.481713 0.540091 0.552048 0.514770 0.495780 0.669507 0.549234 0.635746 0.484526 0.630119 0.537981 0.618866 0.459206 0.790482 0.557674 0.793296 0.450766 0.956472 0.673023 0.948032 0.033677 0.168118 0.079036 0.007567 0.005833 0.083966 0.028696 0.085635
0.391393 0.290444 0.396963 0.273736 0.394178 0.273736 0.430380 0.273736 0.472152 0.270951 0.472152 0.387912 0.508354 0.362849 0.483291 0.538291 0.525063 0.510443 0.486076 0.669176 0.505570 0.630189 0.486076 0.630189 0.533418 0.619050 0.463798 0.791707 0.550126 0.791707 0.458228 0.956010 0.669872 0.939301 0.032844 0.186253 0.061903 0.000347 0.016764 0.087250 0.024845 0.074338
0.399653 0.292386 0.402422 0.278545 0.402422 0.278545 0.427335 0.281314 0.479931 0.273009 0.471626 0.386505 0.507613 0.364359 0.488235 0.533218 0.532526 0.511073 0.491003 0.666091 0.521453 0.632873 0.488235 0.630105 0.532526 0.619032 0.466090 0.787891 0.543599 0.787891 0.463322 0.951214 0.665399 0.926300 0.038991 0.208867 0.066055 0.010198 0.029252 0.082400 0.026465 0.065228
0.405249 0.294255 0.410663 0.280719 0.407956 0.280719 0.432321 0.280719 0.478343 0.275304 0.478343 0.386299 0.500000 0.364641 0.491878 0.535193 0.502707 0.513536 0.486464 0.667845 0.470221 0.627237 0.494586 0.629944 0.527072 0.619116 0.470221 0.781546 0.535193 0.778839 0.470221 0.941270 0.659723 0.908784 0.050723 0.227057 0.071912 0.017565 0.041843 0.094372 0.027610 0.066895
0.414620 0.298255 0.420128 0.284483 0.414620 0.284483 0.442162 0.281729 0.475212 0.278975 0.480721 0.386389 0.500000 0.364355 0.494492 0.535116 0.494492 0.513082 0.483475 0.667318 0.461441 0.631513 0.494492 0.631513 0.524788 0.617742 0.475212 0.788503 0.533050 0.782995 0.477966 0.951001 0.659744 0.909688 0.044290 0.234098 0.056760 0.015138 0.055854 0.074843 0.024572 0.054798
0.430428 0.305060 0.435939 0.291283 0.427673 0.291283 0.457981 0.285773 0.466247 0.283018 0.488290 0.384965 0.493800 0.365678 0.493800 0.536508 0.477268 0.522731 0.485534 0.663253 0.441449 0.646721 0.499311 0.630189 0.518598 0.619168 0.480024 0.787243 0.529620 0.784488 0.485534 0.949808 0.661876 0.905723 0.049682 0.242642 0.053192 0.009852 0.032300 0.056136 0.022823 0.060085
0.419913 0.297745 0.425342 0.284171 0.419913 0.284171 0.449776 0.281456 0.476924 0.276027 0.487783 0.387335 0.501357 0.362901 0.495928 0.536650 0.490498 0.514932 0.485068 0.664247 0.457920 0.634384 0.495928 0.631669 0.514932 0.618095 0.485068 0.789129 0.523076 0.778270 0.490498 0.943874 0.656103 0.895007 0.033082 0.254559 0.032524 0.000743 0.044370 0.062053 0.013831 0.038089
0.420450 0.294266 0.425936 0.280551 0.420450 0.280551 0.445138 0.280551 0.480798 0.275065 0.480798 0.387532 0.505486 0.362844 0.491771 0.541147 0.502743 0.516459 0.483541 0.661844 0.467083 0.634413 0.494514 0.631670 0.519202 0.617954 0.486284 0.788027 0.516459 0.774312 0.491771 0.947128 0.645385 0.889522 0.027710 0.273448 0.034601 0.022680 0.044367 0.087769 0.017472 0.011153
0.406326 0.288000 0.409143 0.273914 0.409143 0.271097 0.431681 0.276731 0.488027 0.271097 0.468306 0.386605 0.513382 0.364067 0.482392 0.538737 0.519017 0.516199 0.473940 0.665515 0.493661 0.640159 0.490844 0.631707 0.527468 0.617621 0.482392 0.792292 0.510565 0.772571 0.490844 0.958511 0.637342 0.888079 0.032909 0.299382 0.045925 0.052254 0.050579 0.076007 0.023337 0.017850
0.408028 0.294456 0.408028 0.277734 0.408028 0.277734 0.430324 0.280521 0.491639 0.269372 0.463768 0.383641 0.519509 0.366919 0.472130 0.536928 0.541806 0.511845 0.463768 0.659558 0.525083 0.634475 0.488852 0.628901 0.527870 0.620539 0.486065 0.790549 0.502787 0.768253 0.494426 0.949410 0.625417 0.874160 0.022225 0.326791 0.037929 0.064032 0.039015 0.091730 0.021307 0.048054
0.410309 0.290950 0.413068 0.274392 0.410309 0.274392 0.432386 0.277151 0.495860 0.268872 0.468263 0.384781 0.520698 0.365463 0.473783 0.539326 0.562094 0.506209 0.446185 0.660755 0.556575 0.622118 0.487581 0.630398 0.523458 0.619359 0.490341 0.782183 0.493101 0.757345 0.501380 0.942248 0.614529 0.862215 0.016131 0.342180 0.019197 0.072390 0.082498 0.106199 0.014060 0.074717
0.422464 0.290787 0.425138 0.274746 0.419791 0.274746 0.446527 0.274746 0.491979 0.269398 0.475937 0.384365 0.521389 0.365649 0.473264 0.536763 0.566841 0.502005 0.446527 0.654403 0.561494 0.614298 0.486632 0.630340 0.516042 0.619646 0.500000 0.774717 0.494653 0.747980 0.510695 0.927115 0.606946 0.846905 0.007088 0.322688 0.015558 0.045868 0.065551 0.117563 0.003405 0.081958
0.419399 0.291667 0.419399 0.275273 0.416667 0.275273 0.443989 0.275273 0.493169 0.269809 0.474044 0.384563 0.525956 0.365437 0.468579 0.532104 0.561475 0.504781 0.441257 0.652322 0.556011 0.619536 0.487705 0.630464 0.512295 0.619536 0.498634 0.780738 0.463115 0.747951 0.515027 0.944672 0.594262 0.851776 0.008617 0.403268 0.005442 0.099324 0.059351 0.094592 0.000005 0.139530
0.419210 0.293537 0.424734 0.276964 0.413686 0.276964 0.449593 0.271440 0.477213 0.271440 0.477213 0.384684 0.518644 0.365350 0.468927 0.536597 0.554551 0.506215 0.441306 0.655365 0.540740 0.624983 0.496547 0.630507 0.507596 0.619459 0.502072 0.793468 0.449593 0.754799 0.526930 0.961953 0.582171 0.870805 0.035841 0.400070 0.014198 0.115050 0.055388 0.116293 0.005275 0.139667
0.428006 0.307111 0.430723 0.288094 0.419856 0.290810 0.460607 0.279943 0.463324 0.282660 0.490491 0.385897 0.504075 0.364163 0.474191 0.535318 0.495925 0.505433 0.444307 0.654855 0.460607 0.633121 0.506792 0.630404 0.498642 0.619537 0.509509 0.796126 0.444307 0.760808 0.531243 0.961847 0.574711 0.877628 0.036291 0.384347 0.015972 0.110104 0.043391 0.067552 0.006919 0.122093
0.430415 0.306107 0.435819 0.289892 0.425010 0.289892 0.462843 0.279083 0.465545 0.281785 0.495271 0.384475 0.500676 0.365558 0.473652 0.535806 0.484462 0.506080 0.443926 0.649305 0.452033 0.630388 0.508783 0.630388 0.495271 0.619579 0.511485 0.797934 0.443926 0.760101 0.535806 0.960075 0.565532 0.879004 0.042260 0.365085 0.012339 0.104737 0.036368 0.044661 0.005161 0.116642
0.424191 0.301256 0.429654 0.284865 0.418727 0.284865 0.456973 0.276669 0.473364 0.276669 0.489755 0.383212 0.506147 0.366821 0.465169 0.533465 0.487024 0.508879 0.429654 0.645472 0.440582 0.634545 0.506147 0.629081 0.497951 0.620885 0.511610 0.798457 0.437850 0.757479 0.533465 0.965101 0.558052 0.877681 0.031244 0.381942 0.010924 0.121677 0.046106 0.070087 0.005217 0.142206
0.419040 0.298298 0.421832 0.281547 0.416248 0.281547 0.444165 0.284339 0.491625 0.275964 0.480458 0.384841 0.511167 0.365299 0.452541 0.532803 0.486041 0.504886 0.410665 0.647264 0.438582 0.616555 0.502792 0.630513 0.505583 0.619346 0.508375 0.798017 0.430207 0.750558 0.539084 0.971104 0.550251 0.873394 0.045286 0.412319 0.018251 0.158983 0.052280 0.071231 0.010665 0.176584
0.417869 0.295025 0.420677 0.278177 0.417869 0.278177 0.440333 0.283793 0.496490 0.272562 0.479643 0.384877 0.513337 0.365222 0.448756 0.530887 0.488066 0.500000 0.401022 0.640394 0.440333 0.606699 0.502106 0.631970 0.504914 0.617931 0.516145 0.803251 0.429101 0.749901 0.547032 0.971724 0.516145 0.901527 0.031683 0.331861 0.002824 0.155371 0.064489 0.074903 0.008939 0.192011
0.414140 0.295471 0.416932 0.278718 0.416932 0.278718 0.436477 0.281510 0.500698 0.273133 0.472776 0.384821 0.520244 0.365276 0.444854 0.530016 0.509075 0.502094 0.397386 0.636120 0.461607 0.608198 0.497906 0.630536 0.509075 0.619367 0.517451 0.798068 0.425308 0.742224 0.550958 0.968393 0.500698 0.898588 0.024860 0.333487 0.004528 0.176500 0.073426 0.107974 0.008889 0.227452
0.415325 0.294559 0.418101 0.277901 0.415325 0.277901 0.443087 0.283454 0.495836 0.272349 0.476402 0.386174 0.515269 0.363964 0.445863 0.530539 0.506941 0.500000 0.393115 0.630483 0.468073 0.605497 0.501388 0.630483 0.506941 0.619378 0.520822 0.791505 0.426430 0.738756 0.556913 0.963631 0.495836 0.894225 0.027558 0.322521 0.005790 0.178493 0.088222 0.092896 0.010607 0.227101
0.416248 0.299693 0.421832 0.282943 0.416248 0.282943 0.446957 0.285735 0.491625 0.274568 0.483250 0.386237 0.508375 0.363903 0.446957 0.525823 0.488833 0.495114 0.393914 0.626326 0.441374 0.598408 0.505583 0.631909 0.502792 0.617950 0.522334 0.793829 0.430207 0.743578 0.564210 0.966917 0.480458 0.902707 0.042747 0.264133 0.003954 0.159774 0.073610 0.090032 0.010665 0.199581
0.411160 0.294559 0.413937 0.280677 0.411160 0.277901 0.441699 0.283454 0.491671 0.275125 0.475014 0.383398 0.516657 0.366741 0.441699 0.519434 0.536091 0.502776 0.386174 0.619378 0.530539 0.619378 0.500000 0.630483 0.508329 0.619378 0.522210 0.791505 0.427818 0.741533 0.563853 0.963631 0.463909 0.905330 0.031929 0.254525 0.011550 0.175002 0.084966 0.060313 0.010607 0.229121
0.413707 0.299110 0.416468 0.282542 0.413707 0.282542 0.444082 0.282542 0.488264 0.274257 0.474457 0.381951 0.518639 0.368144 0.438559 0.522781 0.549014 0.508974 0.380570 0.622191 0.543492 0.624952 0.496548 0.630475 0.510355 0.619430 0.524162 0.790635 0.433037 0.743692 0.568344 0.964602 0.449605 0.906613 0.024820 0.209431 0.026127 0.166681 0.088645 0.082765 0.008791 0.231518
0.414160 0.293984 0.416907 0.277503 0.414160 0.277503 0.441629 0.280250 0.493820 0.272009 0.469098 0.379137 0.526782 0.370897 0.433388 0.519228 0.562492 0.510988 0.378451 0.615369 0.543263 0.626356 0.491073 0.629103 0.513048 0.620863 0.526782 0.788422 0.430641 0.741725 0.573479 0.958729 0.433388 0.901044 0.015000 0.195970 0.042274 0.173011 0.085803 0.132014 0.005246 0.260668
0.417361 0.295792 0.420093 0.282133 0.417361 0.279401 0.439216 0.284865 0.493853 0.273937 0.469266 0.380481 0.526636 0.369553 0.431020 0.517074 0.545759 0.511610 0.376383 0.612690 0.523904 0.629081 0.491121 0.629081 0.512976 0.620885 0.529368 0.784798 0.431020 0.738356 0.575809 0.956906 0.420093 0.894073 0.007230 0.171602 0.048752 0.176620 0.078348 0.101144 0.005217 0.270567
0.418052 0.291716 0.418052 0.275327 0.418052 0.275327 0.434442 0.280790 0.497268 0.269864 0.469953 0.381859 0.524584 0.368201 0.428979 0.518438 0.543705 0.510243 0.377079 0.614044 0.519121 0.630433 0.491805 0.630433 0.513658 0.619507 0.532779 0.783402 0.431710 0.739697 0.581948 0.955492 0.412589 0.889934 0.005279 0.150187 0.055395 0.176652 0.065536 0.106816 0.006957 0.273789
0.415584 0.292736 0.415584 0.279010 0.418330 0.279010 0.432056 0.284500 0.497941 0.273519 0.470489 0.383328 0.519903 0.366857 0.429311 0.520589 0.522648 0.509608 0.377151 0.619417 0.495196 0.633143 0.492451 0.630398 0.517158 0.619417 0.536374 0.786876 0.434801 0.745697 0.588533 0.959825 0.404604 0.891194 0.006128 0.118812 0.058888 0.180492 0.061805 0.075725 0.012237 0.271060
0.421722 0.295379 0.421722 0.278900 0.424469 0.278900 0.438202 0.284393 0.501373 0.273406 0.468414 0.380523 0.526093 0.369537 0.429962 0.520599 0.523346 0.512360 0.377777 0.619477 0.476654 0.633210 0.482147 0.627716 0.523346 0.622223 0.462921 0.765046 0.495880 0.773286 0.435455 0.913362 0.517853 0.932588 0.014010 0.100879 0.061941 0.053789 0.069300 0.111239 0.006994 0.012973
0.416497 0.296506 0.419304 0.279665 0.419304 0.279665 0.436145 0.285278 0.495088 0.274051 0.467020 0.383517 0.523156 0.366676 0.427724 0.523858 0.520349 0.509824 0.371588 0.624903 0.475440 0.624903 0.492281 0.630517 0.517543 0.619290 0.537190 0.793313 0.433338 0.759631 0.598940 0.972949 0.385622 0.905585 0.019712 0.071444 0.053237 0.164948 0.074513 0.112192 0.012511 0.257700
0.412948 0.289506 0.412948 0.275235 0.415802 0.275235 0.432927 0.280943 0.498573 0.269526 0.467177 0.383693 0.521406 0.366568 0.424365 0.523547 0.521406 0.506422 0.370136 0.623443 0.464323 0.614880 0.492865 0.629151 0.518552 0.620588 0.538531 0.791838 0.435781 0.763296 0.607031 0.968796 0.384406 0.914567 0.030454 0.063084 0.053918 0.163722 0.063751 0.154214 0.014541 0.254407
0.416969 0.292777 0.416969 0.275745 0.419808 0.275745 0.434001 0.284261 0.496452 0.270068 0.468065 0.383615 0.522000 0.366583 0.428324 0.525548 0.522000 0.502839 0.371550 0.627740 0.479420 0.610708 0.493613 0.630579 0.516322 0.619224 0.544709 0.798060 0.431162 0.758319 0.609998 0.976896 0.385744 0.911606 0.017166 0.083180 0.061444 0.167720 0.074513 0.119672 0.012653 0.269128
0.414615 0.291829 0.417437 0.277716 0.417437 0.277716 0.437196 0.283361 0.496472 0.272071 0.465423 0.384977 0.524698 0.365218 0.428728 0.526110 0.533166 0.500706 0.375098 0.627725 0.496472 0.602321 0.490826 0.630548 0.519053 0.619257 0.547279 0.797084 0.428728 0.751922 0.615023 0.974911 0.392034 0.907168 0.011826 0.116391 0.071220 0.183200 0.073610 0.130175 0.012582 0.294305
