0.473045 0.268163 0.489750 0.254496 0.456341 0.256521 0.518603 0.270694 0.438118 0.274237 0.582383 0.370921 0.402684 0.379526 0.659831 0.463554 0.342953 0.489370 0.668436 0.569855 0.354596 0.602251 0.565172 0.621487 0.449760 0.628067 0.590482 0.774863 0.457859 0.789037 0.633002 0.940389 0.461909 0.957093 0.027980 0.008333 0.073887 0.043583 0.195943 0.191250 0.019024 0.036055
0.472636 0.268295 0.489865 0.254613 0.455914 0.256133 0.518243 0.271335 0.438178 0.274882 0.581078 0.370656 0.404227 0.379777 0.661142 0.461868 0.345952 0.486698 0.673304 0.567776 0.345952 0.600714 0.564356 0.621490 0.450340 0.628078 0.588679 0.774525 0.458954 0.788713 0.632765 0.941748 0.464022 0.957963 0.031878 0.007526 0.071362 0.041395 0.192918 0.158841 0.018721 0.033119
0.472161 0.269696 0.488864 0.255523 0.455964 0.257548 0.518222 0.270708 0.438754 0.275264 0.579468 0.369916 0.405347 0.380545 0.659948 0.461025 0.348151 0.489877 0.674626 0.566814 0.344102 0.603763 0.564283 0.621479 0.450902 0.628059 0.587566 0.775353 0.460519 0.790538 0.630590 0.944411 0.465581 0.960102 0.031521 0.009321 0.066993 0.039118 0.186420 0.142111 0.019346 0.028984
0.471449 0.268311 0.488630 0.254668 0.455279 0.256689 0.517939 0.270838 0.438098 0.274375 0.580598 0.370386 0.405758 0.379987 0.659933 0.461343 0.349162 0.489136 0.677620 0.565439 0.342088 0.602832 0.563417 0.621529 0.450226 0.628098 0.584641 0.771609 0.459322 0.788790 0.627088 0.943922 0.465386 0.958071 0.032163 0.006600 0.066459 0.038452 0.174739 0.132484 0.017380 0.026719
0.471624 0.270234 0.487696 0.256171 0.454549 0.258682 0.517327 0.271238 0.436971 0.276762 0.579100 0.369171 0.406838 0.381225 0.657447 0.460576 0.351091 0.490207 0.679544 0.564033 0.341047 0.603207 0.563531 0.621287 0.450531 0.628318 0.583620 0.769442 0.459069 0.786518 0.623295 0.943211 0.467104 0.955766 0.028554 0.002063 0.062531 0.038549 0.158581 0.122284 0.017914 0.025737
0.470780 0.269137 0.487405 0.255030 0.454155 0.257549 0.517633 0.269640 0.437530 0.275182 0.579599 0.369895 0.406798 0.380475 0.657687 0.462090 0.351885 0.490806 0.680862 0.564360 0.337779 0.603656 0.563478 0.621288 0.450124 0.628341 0.581111 0.767892 0.459193 0.784517 0.620910 0.945228 0.467253 0.956815 0.032173 0.003581 0.058486 0.036622 0.152760 0.107418 0.017328 0.019640
0.471405 0.270114 0.487960 0.256067 0.454850 0.258074 0.517558 0.271117 0.437794 0.275632 0.577256 0.369443 0.408196 0.380981 0.655515 0.461247 0.353515 0.492350 0.682605 0.563586 0.336459 0.606728 0.563209 0.621277 0.451339 0.628300 0.580266 0.767762 0.458864 0.784818 0.621402 0.947858 0.466389 0.955884 0.034582 0.001301 0.054633 0.039682 0.142332 0.098161 0.018534 0.021606
0.472229 0.271852 0.488667 0.257406 0.455790 0.259897 0.518058 0.272350 0.438355 0.276834 0.575344 0.368491 0.409961 0.381941 0.652555 0.459153 0.356660 0.493026 0.682942 0.562766 0.337731 0.606104 0.562392 0.621048 0.452303 0.628520 0.581819 0.769493 0.460772 0.784437 0.618183 0.950816 0.465753 0.953805 0.021578 0.007913 0.057732 0.036860 0.133747 0.089608 0.018721 0.024151
0.471423 0.272265 0.488469 0.257726 0.454879 0.260233 0.518048 0.273268 0.437833 0.277278 0.574199 0.367520 0.408756 0.383062 0.651406 0.460770 0.356616 0.496867 0.683993 0.565049 0.336061 0.609669 0.563671 0.620698 0.453375 0.628720 0.582220 0.774109 0.461397 0.785139 0.615810 0.960609 0.464405 0.957601 0.018419 0.010757 0.051532 0.040883 0.123718 0.079376 0.021720 0.021993
0.471442 0.269891 0.488627 0.255738 0.454762 0.257760 0.517944 0.271407 0.438082 0.275956 0.574555 0.367444 0.408765 0.383113 0.651890 0.461964 0.356703 0.498357 0.686766 0.566594 0.334968 0.611580 0.563435 0.621183 0.453245 0.628260 0.581126 0.779897 0.462343 0.787479 0.610948 0.965905 0.460322 0.959334 0.015268 0.021914 0.049276 0.038964 0.115858 0.074693 0.021254 0.017165
0.472731 0.271469 0.489243 0.257459 0.456220 0.259461 0.518263 0.272970 0.439208 0.277473 0.573300 0.366534 0.409688 0.384046 0.647851 0.460598 0.359654 0.500125 0.684876 0.564669 0.338139 0.612202 0.562793 0.621208 0.454219 0.628213 0.579304 0.778816 0.462224 0.785820 0.605822 0.962942 0.461223 0.954936 0.012305 0.018038 0.046351 0.041267 0.104526 0.069173 0.021677 0.017071
0.473281 0.271644 0.489762 0.257660 0.456801 0.259658 0.518728 0.272643 0.439821 0.277137 0.573164 0.366532 0.410356 0.384012 0.646577 0.460921 0.360414 0.500375 0.683534 0.564799 0.339939 0.611743 0.562177 0.621232 0.454304 0.628224 0.577659 0.781543 0.462294 0.785039 0.602629 0.966825 0.461296 0.954340 0.011996 0.018083 0.044368 0.040470 0.101617 0.071169 0.020999 0.014439
0.473760 0.272503 0.490098 0.258641 0.456927 0.261116 0.518814 0.272503 0.440093 0.277949 0.573274 0.366572 0.411378 0.383900 0.644568 0.462620 0.362858 0.500743 0.680710 0.564115 0.343550 0.610654 0.561392 0.621546 0.453956 0.627982 0.575750 0.783938 0.462868 0.785423 0.598524 0.967618 0.463363 0.949795 0.011196 0.017040 0.042893 0.036975 0.094359 0.069928 0.019554 0.010072
0.475261 0.272278 0.491589 0.258424 0.458933 0.260403 0.519791 0.273762 0.441121 0.278215 0.574217 0.366286 0.411929 0.384098 0.642991 0.464252 0.364431 0.501855 0.679605 0.565682 0.346619 0.612191 0.560858 0.621592 0.452996 0.628024 0.574217 0.786848 0.461407 0.787838 0.594503 0.968432 0.458439 0.948641 0.009738 0.022614 0.042316 0.036354 0.084563 0.071093 0.017648 0.008938
0.476342 0.271351 0.492692 0.257479 0.459993 0.259461 0.521428 0.272838 0.442157 0.276801 0.574936 0.367468 0.412925 0.382827 0.643803 0.466062 0.365362 0.500743 0.678980 0.568124 0.347526 0.610237 0.560073 0.622128 0.452066 0.627578 0.571468 0.788102 0.460488 0.787111 0.590791 0.969436 0.455534 0.948132 0.011971 0.026581 0.040377 0.033687 0.088428 0.070640 0.015461 0.005031
0.477366 0.269685 0.493782 0.255757 0.460951 0.257747 0.522136 0.271675 0.443043 0.276152 0.575860 0.367681 0.412202 0.382604 0.643511 0.468661 0.365443 0.502487 0.676840 0.569642 0.350519 0.613914 0.559941 0.622370 0.451997 0.627345 0.573372 0.791002 0.457966 0.789013 0.586803 0.970578 0.459459 0.951675 0.001538 0.008828 0.045167 0.039561 0.086415 0.075998 0.015206 0.013551
0.478367 0.267600 0.495179 0.253755 0.462050 0.255238 0.522869 0.271061 0.443754 0.274028 0.575777 0.368966 0.412108 0.381328 0.641541 0.469837 0.366617 0.501483 0.672693 0.570709 0.353761 0.612739 0.559954 0.622628 0.452160 0.627078 0.573305 0.792725 0.458588 0.790253 0.582205 0.967767 0.459083 0.947988 0.008761 0.011535 0.044762 0.038892 0.088560 0.078584 0.015431 0.012399
0.479369 0.268020 0.496070 0.254265 0.463158 0.255739 0.524561 0.270476 0.445474 0.274406 0.576140 0.369212 0.413545 0.381001 0.639016 0.471877 0.367861 0.501842 0.667998 0.572087 0.359019 0.613841 0.558947 0.622683 0.451369 0.627104 0.572701 0.790681 0.457264 0.789699 0.577613 0.963101 0.456281 0.945908 0.016936 0.013536 0.047560 0.037007 0.085302 0.089973 0.013138 0.014468
0.481062 0.269715 0.497087 0.256119 0.464553 0.258061 0.525250 0.271172 0.447072 0.276027 0.575750 0.369258 0.415024 0.380912 0.636447 0.473172 0.369865 0.501335 0.663154 0.572715 0.363067 0.610590 0.557784 0.622730 0.451442 0.627100 0.570894 0.789283 0.457269 0.787826 0.573322 0.960692 0.455327 0.940783 0.020496 0.015577 0.047529 0.035213 0.084841 0.094420 0.011750 0.013470
0.481589 0.269688 0.498436 0.255730 0.466187 0.258137 0.527796 0.270170 0.447897 0.275945 0.575447 0.369803 0.414686 0.380392 0.634649 0.474249 0.370886 0.500722 0.658234 0.570995 0.365591 0.609019 0.558119 0.623459 0.451748 0.626347 0.570634 0.790958 0.457523 0.788551 0.571115 0.960383 0.454636 0.939205 0.022833 0.017431 0.045448 0.036277 0.088028 0.095570 0.012567 0.012408
0.482444 0.268772 0.499760 0.255304 0.467053 0.257228 0.528618 0.270214 0.448776 0.275024 0.576715 0.370257 0.415108 0.379877 0.634432 0.475591 0.371820 0.500120 0.654633 0.570823 0.367011 0.606897 0.557476 0.623731 0.450700 0.626136 0.567096 0.790629 0.455029 0.788224 0.567096 0.960413 0.451662 0.937807 0.018326 0.015662 0.042440 0.037190 0.093023 0.095665 0.010413 0.009827
0.486473 0.274664 0.502611 0.259476 0.469860 0.261849 0.530140 0.273715 0.451824 0.280360 0.576655 0.368643 0.416226 0.381458 0.632188 0.474013 0.374457 0.499169 0.654021 0.571790 0.368762 0.602641 0.556720 0.623525 0.450400 0.626373 0.561466 0.791074 0.455146 0.788701 0.563365 0.958622 0.451349 0.932517 0.005408 0.017707 0.033860 0.034826 0.084460 0.091033 0.009066 0.000280
0.488403 0.273033 0.504497 0.257886 0.471363 0.260253 0.530531 0.273979 0.452429 0.278713 0.577391 0.369594 0.416455 0.380481 0.631826 0.474676 0.375275 0.497397 0.651233 0.571238 0.369594 0.598692 0.556091 0.623779 0.450062 0.626145 0.558931 0.792288 0.453376 0.788502 0.560351 0.959851 0.448642 0.929084 0.002669 0.017209 0.031976 0.036781 0.089006 0.089967 0.007836 0.001133
0.489487 0.269894 0.505552 0.255247 0.473422 0.256664 0.531067 0.270839 0.454995 0.275564 0.577371 0.371953 0.417667 0.378096 0.633598 0.475903 0.375615 0.493858 0.649663 0.571819 0.370890 0.594972 0.554691 0.624267 0.450270 0.625684 0.557054 0.792003 0.453577 0.787278 0.557526 0.961157 0.446490 0.924302 0.003596 0.022964 0.033019 0.035161 0.105007 0.096049 0.006317 0.002033
0.490170 0.271802 0.506085 0.256823 0.473787 0.258695 0.531831 0.272738 0.455531 0.277419 0.577704 0.371507 0.418083 0.378528 0.631536 0.476829 0.375018 0.494149 0.646515 0.575598 0.370805 0.593854 0.553831 0.624280 0.450382 0.625684 0.554299 0.790455 0.452722 0.784838 0.554299 0.957566 0.443360 0.920118 0.000894 0.026674 0.030870 0.036682 0.102491 0.100052 0.005365 0.003784
0.491424 0.268809 0.507871 0.254242 0.475448 0.256122 0.533715 0.270689 0.456652 0.275388 0.578826 0.373127 0.418590 0.376886 0.633334 0.479324 0.374419 0.492952 0.646021 0.578473 0.369250 0.593040 0.552981 0.624993 0.449603 0.624993 0.552511 0.789458 0.451483 0.783350 0.552041 0.957212 0.440205 0.920090 0.000000 0.029971 0.031639 0.035806 0.110434 0.099327 0.003291 0.004689
0.493738 0.269381 0.510751 0.254731 0.477671 0.256149 0.536270 0.272217 0.457350 0.274107 0.579748 0.372876 0.418598 0.377129 0.634094 0.482515 0.373231 0.494802 0.644964 0.583647 0.367560 0.596879 0.552811 0.625234 0.448843 0.624761 0.550920 0.790636 0.451206 0.781657 0.549503 0.962183 0.438447 0.924376 0.001005 0.033176 0.030211 0.033892 0.112404 0.099466 0.002108 0.008432
0.495028 0.270127 0.512074 0.254976 0.477983 0.256396 0.537168 0.272494 0.457150 0.275335 0.579307 0.372871 0.419272 0.377133 0.633757 0.485085 0.372871 0.495975 0.643700 0.590671 0.366243 0.598720 0.552793 0.625235 0.448628 0.624761 0.549952 0.790952 0.450048 0.779588 0.545691 0.962350 0.435844 0.924946 0.002454 0.033927 0.027865 0.034639 0.113914 0.097979 0.001811 0.008376
0.495821 0.266834 0.512536 0.252030 0.478629 0.253462 0.538801 0.269699 0.458572 0.273042 0.580349 0.374284 0.419890 0.375716 0.633835 0.489374 0.370702 0.496060 0.641476 0.596347 0.363539 0.601122 0.552173 0.625955 0.447588 0.624045 0.549785 0.789756 0.448543 0.773997 0.543099 0.966452 0.432307 0.926814 0.007398 0.035722 0.030849 0.033330 0.115778 0.101838 0.000307 0.006668
0.495925 0.268337 0.513183 0.252996 0.479147 0.254434 0.539070 0.270254 0.458054 0.273130 0.581256 0.374281 0.418744 0.375719 0.632071 0.490292 0.370805 0.496045 0.643097 0.601031 0.360259 0.602948 0.552972 0.625959 0.447028 0.624041 0.548658 0.793265 0.443672 0.777445 0.540029 0.970638 0.427373 0.929410 0.007267 0.027048 0.027415 0.043061 0.099823 0.089380 0.000002 0.001243
0.496370 0.266824 0.513795 0.253271 0.479913 0.254239 0.539448 0.270696 0.458616 0.270696 0.581073 0.373792 0.417475 0.376212 0.630927 0.492861 0.369557 0.500121 0.641576 0.606605 0.357456 0.609025 0.554452 0.624998 0.447000 0.624998 0.547676 0.793921 0.440708 0.780368 0.539448 0.975912 0.421347 0.939610 0.001620 0.025627 0.020845 0.050484 0.096504 0.082235 0.001850 0.000119
0.496972 0.264050 0.514414 0.250485 0.480015 0.251454 0.540092 0.268411 0.458212 0.269380 0.582243 0.375000 0.417515 0.375000 0.630208 0.496124 0.368580 0.499031 0.640383 0.609981 0.354530 0.608527 0.554142 0.625484 0.446100 0.624515 0.547359 0.792636 0.438348 0.777616 0.538154 0.977228 0.417030 0.939922 0.002950 0.025467 0.022651 0.052411 0.091650 0.078992 0.000310 0.003194
0.498332 0.265611 0.515491 0.252265 0.482126 0.253218 0.541230 0.270377 0.462107 0.271807 0.580791 0.373809 0.419686 0.376192 0.626549 0.496783 0.372021 0.497736 0.636082 0.612130 0.354385 0.606411 0.553146 0.625953 0.446378 0.624047 0.548379 0.791348 0.437798 0.779432 0.538370 0.972950 0.418732 0.940061 0.008356 0.020048 0.025591 0.051706 0.087141 0.067752 0.000614 0.008387
0.499288 0.262717 0.516855 0.249898 0.482670 0.250372 0.542970 0.268415 0.462253 0.269364 0.582378 0.375720 0.420471 0.374296 0.625585 0.499169 0.373465 0.495845 0.635556 0.612172 0.354473 0.606000 0.551991 0.626416 0.445160 0.623567 0.547718 0.793547 0.435664 0.782627 0.537747 0.973022 0.417147 0.941211 0.009530 0.018019 0.030259 0.050407 0.079153 0.063111 0.003627 0.010845
0.499882 0.264750 0.517317 0.251556 0.483390 0.252499 0.542291 0.269462 0.462186 0.271347 0.582815 0.375012 0.420720 0.375012 0.622867 0.501296 0.374541 0.497055 0.632762 0.615328 0.353808 0.606846 0.551715 0.626637 0.444751 0.623338 0.546532 0.795800 0.435798 0.782606 0.533809 0.972502 0.418363 0.934806 0.013129 0.018430 0.029393 0.048583 0.070209 0.055732 0.004501 0.008124
0.501296 0.264050 0.519201 0.251328 0.485275 0.251799 0.543703 0.270176 0.464072 0.269704 0.583283 0.375252 0.420722 0.374780 0.622864 0.501531 0.374545 0.497291 0.633230 0.615560 0.352399 0.607079 0.551713 0.626869 0.444281 0.623099 0.547473 0.797912 0.434386 0.782834 0.532866 0.974138 0.417423 0.933144 0.018434 0.016078 0.031840 0.049803 0.067824 0.051378 0.005101 0.011802
0.501536 0.263743 0.519491 0.250513 0.484998 0.250513 0.545479 0.269413 0.463735 0.268941 0.584226 0.375729 0.420263 0.374311 0.623444 0.502835 0.373484 0.498110 0.632422 0.617183 0.351276 0.609623 0.551622 0.626634 0.443889 0.623326 0.547842 0.798629 0.433021 0.784926 0.531777 0.978656 0.416011 0.936130 0.021336 0.014285 0.034137 0.051485 0.070324 0.052425 0.005715 0.014380
0.502499 0.263390 0.520590 0.249584 0.485361 0.250536 0.547251 0.266723 0.463461 0.269103 0.584861 0.374792 0.420614 0.375268 0.624851 0.503809 0.372531 0.500476 0.632944 0.620447 0.349203 0.613306 0.551535 0.626636 0.442990 0.623304 0.547727 0.799452 0.431564 0.786122 0.531540 0.986550 0.414425 0.944655 0.020455 0.011978 0.034863 0.050939 0.073624 0.051816 0.006971 0.015287
0.502981 0.264847 0.520630 0.251014 0.485810 0.251968 0.547341 0.268663 0.463391 0.270571 0.585022 0.373122 0.420463 0.376938 0.625089 0.502862 0.371333 0.502385 0.632244 0.621154 0.346530 0.616861 0.552111 0.625924 0.442404 0.624016 0.546864 0.797638 0.426664 0.786668 0.530646 0.989863 0.409492 0.958859 0.017069 0.000931 0.031486 0.058901 0.076115 0.050900 0.006984 0.020986
0.502636 0.261005 0.521324 0.247588 0.485864 0.248067 0.548158 0.266276 0.463821 0.267234 0.586973 0.375052 0.420215 0.375052 0.626745 0.503953 0.369900 0.501078 0.631537 0.620396 0.344503 0.615604 0.551513 0.626146 0.441299 0.623750 0.546721 0.792904 0.425486 0.785716 0.530428 0.990808 0.409194 0.967807 0.017001 0.002571 0.035512 0.057901 0.082173 0.051447 0.009153 0.021835
0.503213 0.263198 0.521776 0.249871 0.486553 0.250823 0.548431 0.268910 0.464182 0.270814 0.586510 0.372675 0.420868 0.377434 0.627920 0.501666 0.370414 0.503570 0.633156 0.617330 0.344235 0.616854 0.551287 0.625898 0.441335 0.623994 0.545575 0.794396 0.423724 0.784876 0.529868 0.987645 0.409920 0.957658 0.015030 0.009330 0.033208 0.061069 0.084481 0.048829 0.009395 0.023920
0.503826 0.261475 0.522478 0.248085 0.486609 0.248563 0.549259 0.266736 0.463653 0.268171 0.587041 0.373385 0.420611 0.376732 0.629126 0.501554 0.369439 0.503467 0.633909 0.617768 0.342658 0.618246 0.551650 0.626376 0.440698 0.623507 0.544955 0.793762 0.427307 0.777501 0.526782 0.989842 0.425394 0.933887 0.016692 0.023716 0.031515 0.053462 0.087897 0.049186 0.009745 0.014884
0.504640 0.262528 0.522724 0.249203 0.487508 0.249679 0.548898 0.268715 0.464189 0.269667 0.587446 0.372936 0.421358 0.377219 0.629324 0.500952 0.369962 0.503331 0.632656 0.617546 0.342836 0.617070 0.550802 0.626588 0.440394 0.623257 0.543187 0.795055 0.425166 0.778399 0.525579 0.990648 0.421358 0.939727 0.014201 0.023635 0.031292 0.055724 0.091546 0.048662 0.011212 0.016768
0.503893 0.263718 0.522295 0.250506 0.487378 0.250978 0.548247 0.269852 0.465201 0.270324 0.586939 0.372717 0.421790 0.377436 0.629406 0.500118 0.369886 0.503421 0.632709 0.614307 0.341103 0.615723 0.550606 0.626575 0.440664 0.623272 0.542113 0.793612 0.426037 0.776625 0.522767 0.985657 0.424149 0.937056 0.015787 0.026526 0.029079 0.054661 0.093212 0.044530 0.011116 0.014100
0.503760 0.263690 0.522562 0.250529 0.487779 0.250059 0.549354 0.269801 0.465217 0.268861 0.586956 0.372738 0.422444 0.377439 0.629729 0.499647 0.370271 0.502938 0.633020 0.614806 0.342068 0.614806 0.550294 0.626557 0.440306 0.623266 0.543243 0.793889 0.425735 0.777908 0.523502 0.984723 0.425735 0.939129 0.019407 0.029904 0.032258 0.052991 0.094384 0.046804 0.011972 0.016500
0.503660 0.262905 0.522080 0.249208 0.487130 0.249208 0.549001 0.268100 0.464932 0.268100 0.587258 0.372951 0.421480 0.377202 0.631182 0.499528 0.368582 0.503778 0.637322 0.615714 0.339300 0.617131 0.551363 0.626577 0.439900 0.623271 0.545695 0.796605 0.426203 0.781019 0.523497 0.989304 0.425258 0.947269 0.025901 0.025760 0.034146 0.051352 0.089514 0.045532 0.011127 0.016962
0.503418 0.261937 0.521803 0.248267 0.486447 0.248738 0.549145 0.266652 0.464762 0.267123 0.587329 0.373662 0.421392 0.376490 0.632584 0.498586 0.369066 0.501886 0.641541 0.613610 0.338895 0.615024 0.551502 0.626810 0.439777 0.623038 0.545845 0.796989 0.426106 0.783318 0.523217 0.988382 0.423278 0.957269 0.026882 0.021909 0.034175 0.050777 0.085895 0.042883 0.011106 0.016508
0.503988 0.262475 0.521817 0.248869 0.487097 0.249807 0.548561 0.267636 0.465046 0.268575 0.587503 0.372734 0.421412 0.377425 0.633483 0.496598 0.370270 0.503167 0.642867 0.611549 0.340243 0.616710 0.551376 0.626563 0.439710 0.623278 0.545276 0.796877 0.424696 0.784678 0.522286 0.987366 0.426103 0.957807 0.026837 0.032113 0.033608 0.053173 0.087215 0.040661 0.011353 0.018130
0.503474 0.262296 0.521536 0.248865 0.486801 0.249792 0.547934 0.267854 0.464107 0.268317 0.586375 0.372985 0.421962 0.377154 0.632688 0.493400 0.371943 0.501274 0.642877 0.603626 0.341376 0.613352 0.551176 0.626320 0.440487 0.623541 0.541914 0.793511 0.425667 0.785175 0.520609 0.981544 0.424278 0.963945 0.018294 0.026631 0.026327 0.052993 0.087535 0.037187 0.010616 0.011488
0.502881 0.263514 0.520399 0.249685 0.485825 0.250606 0.547597 0.267663 0.463697 0.269046 0.586320 0.372307 0.422209 0.377839 0.632879 0.492624 0.372422 0.501844 0.642560 0.602800 0.341075 0.613403 0.550824 0.626310 0.440648 0.623544 0.542065 0.794570 0.426357 0.787194 0.521782 0.982653 0.427279 0.968823 0.017640 0.029341 0.027642 0.051569 0.089631 0.034333 0.010860 0.011171
