0.564620 0.306991 0.568021 0.293386 0.551016 0.289985 0.554417 0.296788 0.506802 0.289985 0.513604 0.375012 0.482995 0.375012 0.527208 0.497449 0.510203 0.500850 0.622438 0.473642 0.622438 0.473642 0.520406 0.623288 0.482995 0.626689 0.557818 0.796741 0.465990 0.806944 0.561219 0.976997 0.435380 0.997403 0.061614 0.020783 0.058901 0.029941 0.542756 0.507925 0.004331 0.097560
0.564994 0.310017 0.568327 0.296685 0.551662 0.296685 0.558328 0.300018 0.508333 0.293352 0.511666 0.373345 0.485001 0.376678 0.524998 0.493334 0.508333 0.500000 0.621656 0.466670 0.618323 0.473336 0.518332 0.623322 0.485001 0.626655 0.554995 0.796640 0.458337 0.803306 0.588326 0.966625 0.421674 0.986623 0.004726 0.015146 0.057870 0.047687 0.550455 0.516188 0.004244 0.114043
0.570577 0.310379 0.573978 0.296773 0.556971 0.293372 0.560373 0.300175 0.512755 0.293372 0.512755 0.375003 0.488946 0.375003 0.529761 0.500850 0.516156 0.500850 0.628398 0.477041 0.624997 0.477041 0.516156 0.623296 0.482143 0.626698 0.556971 0.803564 0.454933 0.810367 0.614793 0.977030 0.414118 0.997437 0.031541 0.021561 0.066515 0.038216 0.532635 0.500770 0.002166 0.117692
0.570199 0.306525 0.573623 0.296252 0.556502 0.292828 0.563350 0.296252 0.515410 0.289403 0.515410 0.375012 0.488015 0.375012 0.529107 0.498288 0.511985 0.498288 0.628413 0.474317 0.624988 0.474317 0.515410 0.624988 0.481166 0.624988 0.556502 0.803054 0.446923 0.806478 0.621564 0.977695 0.398982 0.998241 0.041323 0.018619 0.072192 0.050642 0.540168 0.505403 0.004361 0.131553
0.568027 0.310374 0.571429 0.296769 0.554422 0.296769 0.557823 0.300170 0.513605 0.293367 0.513605 0.375000 0.486395 0.375000 0.527211 0.497449 0.510204 0.497449 0.625850 0.473639 0.622449 0.473639 0.520408 0.623299 0.479592 0.626701 0.557823 0.803571 0.442177 0.803571 0.605442 0.980442 0.380952 0.990646 0.018574 0.034320 0.056421 0.057756 0.540168 0.505403 0.000005 0.131496
0.566326 0.312075 0.569728 0.298469 0.556122 0.295068 0.559524 0.301871 0.511905 0.291667 0.515306 0.376701 0.484694 0.373299 0.525510 0.499150 0.508503 0.495748 0.624150 0.471939 0.620748 0.471939 0.522109 0.625000 0.477891 0.625000 0.556122 0.801871 0.437075 0.805272 0.596939 0.985544 0.365646 0.985544 0.009130 0.049207 0.051756 0.062274 0.559214 0.505403 0.000005 0.131350
0.563343 0.312504 0.570100 0.298991 0.553208 0.295613 0.556587 0.302369 0.509290 0.292234 0.516047 0.376692 0.482264 0.373314 0.522804 0.498311 0.505912 0.494933 0.624153 0.471284 0.617396 0.471284 0.522804 0.623308 0.478886 0.626686 0.553208 0.798980 0.438346 0.798980 0.580235 0.981408 0.353888 0.978030 0.007734 0.066737 0.045833 0.069315 0.565287 0.505403 0.002149 0.128110
0.561643 0.312539 0.568398 0.299028 0.551510 0.295650 0.558265 0.302405 0.507600 0.292272 0.514355 0.376714 0.480578 0.373337 0.521111 0.498311 0.500844 0.494933 0.619063 0.471290 0.612308 0.474667 0.524488 0.623285 0.480578 0.626663 0.548132 0.802303 0.443424 0.802303 0.565020 0.984698 0.348849 0.977942 0.012410 0.090870 0.028725 0.066357 0.568013 0.504681 0.006451 0.108156
0.563762 0.312114 0.567163 0.298511 0.550160 0.298511 0.560362 0.301912 0.509352 0.291710 0.516153 0.376726 0.478746 0.373326 0.522954 0.495749 0.499150 0.495749 0.618173 0.471945 0.611371 0.475345 0.522954 0.624974 0.482147 0.624974 0.539958 0.808609 0.454941 0.805209 0.553560 0.992244 0.342720 0.978642 0.005854 0.135120 0.020670 0.051988 0.559810 0.504681 0.006495 0.077076
0.567702 0.312518 0.571174 0.298631 0.553814 0.295159 0.564230 0.302102 0.512152 0.291687 0.515624 0.375012 0.480905 0.375012 0.526039 0.500000 0.498264 0.496528 0.619780 0.472225 0.612836 0.475697 0.519095 0.624988 0.484377 0.624988 0.536455 0.819414 0.477433 0.815942 0.543399 1.000000 0.345501 0.979120 0.016562 0.204852 0.023925 0.015990 0.565226 0.512082 0.004420 0.039915
0.566895 0.311638 0.573936 0.297555 0.556332 0.294035 0.566895 0.301076 0.514083 0.290514 0.514083 0.375012 0.482396 0.375012 0.528166 0.498240 0.500000 0.498240 0.623227 0.473594 0.612665 0.477115 0.517604 0.624988 0.485917 0.624988 0.535208 0.822151 0.500000 0.818630 0.531687 1.000000 0.355648 0.970024 0.034132 0.265532 0.023862 0.018626 0.544526 0.513831 0.004483 0.005236
0.569636 0.308948 0.576778 0.294664 0.558923 0.291093 0.566065 0.298235 0.516070 0.287522 0.516070 0.376798 0.480359 0.373227 0.530354 0.498214 0.498214 0.501786 0.630344 0.469646 0.616060 0.473217 0.516070 0.626773 0.487501 0.623202 0.526783 0.830323 0.516070 0.819610 0.519641 1.000000 0.369656 0.969595 0.028307 0.292142 0.016738 0.036885 0.551309 0.531777 0.004547 0.029239
0.570020 0.309440 0.577110 0.295259 0.555838 0.291714 0.566474 0.298804 0.513295 0.288168 0.516840 0.376801 0.477842 0.373256 0.531021 0.497341 0.499114 0.500886 0.626744 0.472524 0.612563 0.476069 0.516840 0.624972 0.488478 0.624972 0.520385 0.823508 0.527476 0.816418 0.506204 1.000000 0.389209 0.961775 0.028793 0.306010 0.005683 0.050524 0.543470 0.515982 0.006771 0.058282
0.568317 0.306735 0.575508 0.292352 0.557530 0.292352 0.561126 0.295948 0.514383 0.285161 0.517978 0.378647 0.474831 0.371456 0.525169 0.497303 0.496404 0.500899 0.622252 0.464943 0.615060 0.472134 0.517978 0.623150 0.489213 0.626746 0.503596 0.824506 0.546743 0.817315 0.503596 1.000000 0.406514 0.968331 0.022698 0.331540 0.022698 0.075410 0.583148 0.523137 0.009157 0.116022
0.573711 0.306735 0.580902 0.292352 0.562924 0.288756 0.566519 0.295948 0.516180 0.285161 0.516180 0.378647 0.476628 0.371456 0.530563 0.497303 0.498202 0.500899 0.624049 0.464943 0.616858 0.472134 0.512585 0.623150 0.494607 0.626746 0.498202 0.820910 0.559328 0.813719 0.501798 1.000000 0.440672 0.979118 0.028896 0.304160 0.018429 0.083696 0.567679 0.523137 0.009157 0.129184
0.570893 0.307701 0.581527 0.293523 0.560259 0.289978 0.563804 0.297067 0.517723 0.286433 0.510634 0.375050 0.482277 0.375050 0.528357 0.495569 0.500000 0.499114 0.620519 0.467212 0.613430 0.470756 0.507089 0.623177 0.500000 0.626722 0.496455 0.814590 0.563804 0.800411 0.475187 1.000000 0.475187 0.984734 0.018217 0.254708 0.013119 0.089680 0.548538 0.532812 0.009028 0.129725
0.574468 0.305851 0.581560 0.291667 0.563830 0.288121 0.567376 0.295213 0.517730 0.284574 0.514184 0.376773 0.485816 0.373227 0.535461 0.497340 0.503546 0.497340 0.627660 0.465426 0.617021 0.468972 0.500000 0.625000 0.500000 0.625000 0.492908 0.812943 0.570922 0.802305 0.460993 1.000000 0.514184 1.000000 0.038717 0.206798 0.006163 0.103205 0.550475 0.532812 0.000005 0.133125
0.572536 0.308609 0.583024 0.294626 0.562049 0.291130 0.565545 0.298121 0.520100 0.287634 0.509613 0.375028 0.485143 0.375028 0.534083 0.490387 0.502622 0.497378 0.624973 0.462421 0.617981 0.465917 0.499126 0.623225 0.506118 0.626720 0.485143 0.811994 0.572536 0.794516 0.453682 1.000000 0.551562 0.993773 0.029033 0.153357 0.010094 0.093509 0.528481 0.539583 0.006677 0.143509
0.570663 0.309555 0.581004 0.295767 0.560322 0.292320 0.563769 0.299214 0.518958 0.288873 0.508617 0.375048 0.484489 0.375048 0.532746 0.492244 0.505170 0.495691 0.618920 0.468116 0.615473 0.468116 0.498277 0.623229 0.508617 0.626676 0.470701 0.809365 0.567216 0.795577 0.436231 0.992054 0.584451 0.988607 0.012544 0.077953 0.033561 0.075868 0.522270 0.523937 0.008779 0.153115
0.569041 0.305113 0.576032 0.291130 0.558554 0.287634 0.565545 0.294626 0.516605 0.284138 0.513109 0.375028 0.481647 0.375028 0.534083 0.497378 0.506118 0.497378 0.624973 0.469412 0.617981 0.469412 0.499126 0.623225 0.506118 0.626720 0.460673 0.811994 0.565545 0.805003 0.418724 0.997268 0.614485 0.997268 0.006909 0.023077 0.046052 0.071567 0.540973 0.515146 0.006677 0.166382
0.572407 0.306053 0.579303 0.292261 0.558615 0.288813 0.565511 0.295709 0.513792 0.285365 0.513792 0.375012 0.482760 0.375012 0.534479 0.492242 0.503448 0.499138 0.624126 0.464659 0.617230 0.464659 0.500000 0.623264 0.503448 0.626712 0.455177 0.806005 0.555167 0.806005 0.410353 0.985299 0.631022 0.981851 0.001419 0.040240 0.058899 0.063290 0.539415 0.541089 0.004390 0.165958
0.571174 0.305574 0.578117 0.288215 0.557286 0.288215 0.564230 0.295159 0.512152 0.284743 0.515624 0.375012 0.480905 0.375012 0.532983 0.493056 0.505208 0.496528 0.623252 0.465281 0.616308 0.465281 0.501736 0.621516 0.501736 0.628460 0.449658 0.805526 0.557286 0.805526 0.390636 0.986064 0.626724 0.982592 0.012784 0.022195 0.069878 0.070663 0.548538 0.524437 0.004420 0.184558
0.568959 0.306053 0.575855 0.292261 0.555167 0.288813 0.562063 0.295709 0.513792 0.281917 0.513792 0.375012 0.482760 0.375012 0.531032 0.499138 0.503448 0.499138 0.624126 0.468106 0.617230 0.464659 0.500000 0.623264 0.503448 0.626712 0.448281 0.802557 0.565511 0.799109 0.379322 0.978403 0.617230 0.981851 0.029568 0.022202 0.071728 0.083890 0.558488 0.541089 0.004390 0.199387
0.566365 0.306076 0.573260 0.292286 0.556022 0.285391 0.562918 0.292286 0.514652 0.281943 0.514652 0.375027 0.480177 0.375027 0.528442 0.502586 0.504309 0.502586 0.621526 0.471558 0.614631 0.468110 0.500862 0.623249 0.504309 0.626697 0.449149 0.802521 0.559470 0.799074 0.366408 0.974898 0.604288 0.985241 0.053057 0.023382 0.071728 0.068152 0.568138 0.536894 0.006585 0.187975
0.568635 0.302895 0.575674 0.288816 0.558076 0.285296 0.565115 0.292336 0.512319 0.281777 0.512319 0.373290 0.480641 0.376809 0.526398 0.503520 0.501760 0.503520 0.624950 0.475362 0.617911 0.471842 0.505280 0.623191 0.501760 0.626710 0.452484 0.809736 0.554556 0.806217 0.357451 0.982203 0.589753 0.999802 0.072517 0.033804 0.078828 0.064217 0.554307 0.532182 0.008964 0.178845
0.564660 0.305146 0.571650 0.291166 0.554175 0.287670 0.561165 0.294661 0.512233 0.280680 0.515728 0.375049 0.477282 0.375049 0.529709 0.500874 0.501748 0.504369 0.620582 0.476408 0.613592 0.472913 0.512233 0.623204 0.494757 0.626699 0.466796 0.808446 0.543689 0.804951 0.358447 0.969222 0.571650 1.000000 0.112194 0.040111 0.072081 0.063209 0.548491 0.527753 0.008902 0.161843
0.564660 0.301651 0.571650 0.287670 0.550679 0.284175 0.561165 0.291166 0.512233 0.280680 0.519223 0.375049 0.473786 0.375049 0.529709 0.500874 0.498252 0.504369 0.620582 0.472913 0.610097 0.472913 0.515728 0.623204 0.491262 0.626699 0.480777 0.808446 0.533204 0.804951 0.361942 0.955242 0.554175 1.000000 0.157256 0.040175 0.054878 0.051489 0.568550 0.527753 0.008902 0.132919
0.562461 0.302939 0.569499 0.288863 0.551904 0.285344 0.562461 0.292382 0.509677 0.281825 0.516715 0.373318 0.474488 0.376837 0.527272 0.503519 0.499120 0.507038 0.618764 0.475367 0.611727 0.475367 0.520234 0.623163 0.488563 0.626682 0.495601 0.809667 0.523753 0.806148 0.368919 0.950425 0.537829 1.000000 0.191463 0.039714 0.046282 0.043718 0.569263 0.527753 0.011203 0.103431
0.566922 0.300127 0.574060 0.285851 0.552645 0.282282 0.563352 0.289420 0.509815 0.278713 0.516953 0.375080 0.474124 0.375080 0.527661 0.503569 0.502677 0.507138 0.620459 0.478585 0.616890 0.475016 0.520523 0.624920 0.488400 0.624920 0.513384 0.814085 0.516953 0.810516 0.384895 0.946144 0.524092 1.000000 0.233634 0.037618 0.016553 0.030420 0.557249 0.519490 0.011364 0.060596
0.562858 0.302816 0.573191 0.289039 0.552525 0.285595 0.562858 0.295927 0.507750 0.282150 0.518082 0.375145 0.469863 0.375145 0.528415 0.495695 0.500861 0.502583 0.614522 0.464696 0.611078 0.471585 0.528415 0.623132 0.483640 0.626577 0.538748 0.791901 0.500861 0.802234 0.407866 0.922783 0.504305 0.988225 0.269464 0.025213 0.006208 0.013683 0.582777 0.511319 0.015355 0.011644
0.566302 0.302816 0.573191 0.289039 0.552525 0.285595 0.562858 0.292483 0.507750 0.282150 0.514638 0.375145 0.473307 0.375145 0.528415 0.492250 0.504305 0.502583 0.617966 0.464696 0.614522 0.471585 0.528415 0.623132 0.483640 0.626577 0.552525 0.788457 0.497417 0.805678 0.428532 0.929672 0.497417 0.991669 0.275455 0.024437 0.028429 0.011363 0.557738 0.511319 0.015355 0.021658
0.564211 0.305631 0.571153 0.291747 0.553799 0.288276 0.560740 0.295218 0.512148 0.281334 0.515619 0.375048 0.477439 0.375048 0.529503 0.503471 0.505206 0.506942 0.619745 0.475704 0.616275 0.475704 0.522561 0.624952 0.484381 0.624952 0.557270 0.788083 0.494794 0.805438 0.446201 0.944273 0.487852 1.000000 0.263492 0.029508 0.057891 0.009504 0.560736 0.521222 0.008839 0.048387
0.565545 0.301617 0.572536 0.291130 0.555058 0.284138 0.562049 0.294626 0.509613 0.280643 0.516605 0.375028 0.478152 0.375028 0.527092 0.504370 0.506118 0.507865 0.621477 0.476404 0.621477 0.476404 0.523596 0.623225 0.481647 0.626720 0.558554 0.791020 0.481647 0.805003 0.495630 0.979789 0.464169 1.000000 0.167796 0.027851 0.056415 0.004420 0.565938 0.518703 0.006677 0.065379
0.566365 0.302628 0.573260 0.292286 0.556022 0.285391 0.562918 0.295733 0.511204 0.281943 0.518100 0.375027 0.476729 0.375027 0.528442 0.502586 0.507757 0.506033 0.621526 0.475005 0.621526 0.475005 0.524995 0.623249 0.480177 0.626697 0.562918 0.788731 0.473282 0.802521 0.521547 0.974898 0.452596 0.999031 0.141312 0.020907 0.062868 0.016836 0.565938 0.510725 0.006585 0.084184
0.567702 0.305574 0.574646 0.291687 0.557286 0.284743 0.564230 0.295159 0.512152 0.281271 0.519095 0.375012 0.477433 0.375012 0.529511 0.503472 0.508680 0.506944 0.623252 0.475697 0.623252 0.475697 0.526039 0.624988 0.477433 0.624988 0.564230 0.795110 0.463545 0.805526 0.546870 0.982592 0.446186 1.000000 0.099681 0.003414 0.061452 0.024437 0.565938 0.510725 0.004420 0.094729
0.571174 0.305574 0.578117 0.291687 0.557286 0.288215 0.564230 0.295159 0.515624 0.281271 0.519095 0.375012 0.477433 0.375012 0.529511 0.506944 0.505208 0.506944 0.623252 0.479169 0.619780 0.479169 0.526039 0.624988 0.477433 0.624988 0.560758 0.798582 0.456601 0.808998 0.574646 0.986064 0.432298 1.000000 0.039298 0.003700 0.053993 0.035882 0.566613 0.509657 0.004420 0.098715
0.570577 0.306977 0.577379 0.289971 0.556971 0.286570 0.567175 0.296773 0.516156 0.283168 0.519557 0.375003 0.478742 0.375003 0.526360 0.494048 0.505952 0.504252 0.614793 0.470239 0.614793 0.473640 0.522959 0.623296 0.478742 0.626698 0.556971 0.793361 0.448130 0.803564 0.601188 0.970227 0.420920 0.987234 0.015146 0.007734 0.058473 0.054552 0.565544 0.521222 0.002166 0.117385
0.571678 0.303322 0.578671 0.289336 0.561189 0.285839 0.568182 0.292832 0.519231 0.282343 0.519231 0.376748 0.480769 0.373252 0.526224 0.506119 0.508741 0.506119 0.627622 0.478147 0.624126 0.474650 0.522727 0.625000 0.477273 0.625000 0.557692 0.806818 0.445804 0.810315 0.620629 0.985140 0.407343 1.000000 0.047525 0.009291 0.055992 0.049121 0.568489 0.518703 0.000005 0.114017
0.570939 0.307450 0.577696 0.293938 0.557427 0.290560 0.567561 0.300694 0.516890 0.287182 0.516890 0.375011 0.479732 0.375011 0.527025 0.496622 0.503378 0.503378 0.618232 0.466219 0.611476 0.472975 0.523646 0.624989 0.479732 0.624989 0.557427 0.793892 0.442573 0.800648 0.614854 0.966174 0.391902 0.979686 0.039584 0.021435 0.054232 0.066357 0.575952 0.529284 0.004302 0.129190
0.570683 0.304329 0.574131 0.293985 0.556891 0.287089 0.567235 0.293985 0.515516 0.283641 0.518964 0.376736 0.477588 0.373288 0.522412 0.504310 0.501724 0.504310 0.622402 0.476726 0.615506 0.473278 0.525860 0.624988 0.477588 0.624988 0.560339 0.800833 0.439661 0.804281 0.605162 0.983575 0.377598 0.987023 0.014933 0.037858 0.052792 0.066357 0.577078 0.526765 0.004390 0.127988
0.568089 0.304352 0.574984 0.294010 0.557746 0.287115 0.564641 0.297457 0.516376 0.283667 0.519823 0.376751 0.475005 0.373303 0.519823 0.500862 0.499138 0.504309 0.619802 0.476729 0.612907 0.473282 0.526718 0.624973 0.478453 0.624973 0.561194 0.800798 0.437082 0.804245 0.592222 0.986965 0.361237 0.986965 0.009063 0.053047 0.052792 0.076553 0.575391 0.526765 0.006585 0.133824
0.564166 0.309191 0.570920 0.295683 0.554034 0.292306 0.560789 0.302437 0.513509 0.285551 0.516886 0.376734 0.476360 0.373357 0.520263 0.501689 0.500000 0.501689 0.614823 0.474671 0.608069 0.474671 0.527017 0.623266 0.479737 0.626643 0.554034 0.795500 0.442589 0.798877 0.574297 0.977866 0.354783 0.971112 0.014304 0.082451 0.036453 0.071863 0.579985 0.519993 0.008601 0.117147
0.564137 0.307590 0.570888 0.297464 0.554010 0.290712 0.560761 0.300839 0.513502 0.287337 0.513502 0.375103 0.476371 0.375103 0.516878 0.500000 0.496624 0.500000 0.611395 0.476371 0.604644 0.476371 0.527005 0.624897 0.483122 0.624897 0.547258 0.797053 0.452742 0.797053 0.560761 0.982712 0.348098 0.965834 0.014167 0.121061 0.020088 0.064201 0.569378 0.517378 0.012897 0.092877
0.563739 0.307923 0.570629 0.294142 0.553403 0.290696 0.563739 0.301032 0.512059 0.283806 0.512059 0.376830 0.477605 0.373384 0.518949 0.500861 0.494832 0.504307 0.611973 0.480189 0.605083 0.480189 0.525840 0.624893 0.484496 0.624893 0.539621 0.810941 0.470715 0.807495 0.546512 0.996989 0.346683 0.969426 0.011752 0.184081 0.005870 0.032696 0.551939 0.526907 0.013164 0.047514
0.567349 0.305929 0.574438 0.291750 0.556715 0.288206 0.567349 0.298840 0.514179 0.281116 0.514179 0.376823 0.478732 0.373278 0.521268 0.504431 0.496455 0.504431 0.616974 0.479618 0.609885 0.479618 0.521268 0.624950 0.485821 0.624950 0.535447 0.816362 0.496455 0.812817 0.535447 1.000000 0.351124 0.968783 0.023535 0.256769 0.014443 0.009034 0.563081 0.525795 0.009028 0.005538
0.569730 0.306205 0.576975 0.291716 0.558863 0.288094 0.569730 0.295338 0.515395 0.280849 0.515395 0.375030 0.479172 0.375030 0.526262 0.505433 0.497283 0.509056 0.620443 0.483700 0.613198 0.483700 0.519017 0.624970 0.486416 0.624970 0.529884 0.831443 0.515395 0.824199 0.522640 1.000000 0.363257 0.976337 0.028307 0.295977 0.012125 0.036753 0.545728 0.525795 0.006919 0.029239
0.570079 0.303241 0.577266 0.288866 0.559297 0.285272 0.566485 0.296053 0.516172 0.281678 0.516172 0.375116 0.473047 0.375116 0.523360 0.500898 0.494609 0.508086 0.616798 0.475742 0.609610 0.482930 0.523360 0.623087 0.487422 0.626681 0.526953 0.824338 0.523360 0.817151 0.505391 1.000000 0.379609 0.960902 0.040907 0.309361 0.003538 0.041191 0.565544 0.517378 0.013732 0.053677
0.572395 0.304532 0.579635 0.290053 0.557916 0.286434 0.568776 0.297293 0.518099 0.282814 0.514479 0.376928 0.474662 0.373308 0.521719 0.500000 0.492760 0.507240 0.619452 0.474662 0.608593 0.485521 0.521719 0.623072 0.489141 0.626692 0.514479 0.825779 0.536198 0.818540 0.500000 1.000000 0.402266 0.970570 0.011334 0.306445 0.020723 0.058395 0.562044 0.516242 0.013831 0.087928
0.573147 0.305536 0.580283 0.291263 0.562443 0.287695 0.569579 0.298399 0.519625 0.284127 0.512489 0.376899 0.476807 0.373331 0.523193 0.498216 0.494648 0.505352 0.619533 0.473239 0.612397 0.480375 0.516057 0.623101 0.494648 0.626669 0.498216 0.815782 0.558875 0.808645 0.505352 1.000000 0.433989 0.969212 0.040753 0.318417 0.034002 0.085621 0.552733 0.523778 0.013633 0.137390
0.576778 0.305377 0.583920 0.294664 0.566065 0.287522 0.569636 0.298235 0.519641 0.280380 0.512499 0.373227 0.483930 0.376798 0.526783 0.501786 0.498214 0.505357 0.619631 0.480359 0.612489 0.483930 0.501786 0.623202 0.501786 0.626773 0.498214 0.812468 0.562494 0.805326 0.466075 0.998163 0.473217 0.998163 0.048546 0.242336 0.007628 0.081625 0.536969 0.523775 0.004547 0.110328
