0.446219 0.297782 0.461277 0.278420 0.433311 0.282723 0.497849 0.276269 0.431160 0.291328 0.568840 0.370924 0.416101 0.379529 0.611865 0.491395 0.358017 0.476336 0.644134 0.603260 0.327899 0.431160 0.555933 0.622622 0.459126 0.626924 0.547328 0.807630 0.478487 0.811933 0.532269 0.938857 0.493546 0.990487 0.021574 0.006408 0.001515 0.021619 0.019795 0.640812 0.019185 0.047985
0.447520 0.297040 0.462514 0.279903 0.434667 0.284187 0.498929 0.277761 0.430383 0.292756 0.567475 0.369870 0.417531 0.380580 0.610316 0.487683 0.359695 0.476973 0.644589 0.596928 0.329706 0.431990 0.554623 0.622633 0.460372 0.626917 0.548196 0.804708 0.479650 0.811134 0.535344 0.933232 0.494645 0.984641 0.020496 0.005750 0.004942 0.021619 0.014250 0.640812 0.019103 0.044421
0.450521 0.295630 0.465580 0.278420 0.435462 0.282723 0.502151 0.276269 0.433311 0.289177 0.568840 0.370924 0.416101 0.379529 0.609714 0.489244 0.360168 0.476336 0.644134 0.594655 0.330051 0.431160 0.555933 0.622622 0.459126 0.626924 0.551630 0.805479 0.480639 0.814084 0.538723 0.928101 0.495697 0.986185 0.025895 0.008646 0.008822 0.018382 0.005412 0.646064 0.019185 0.043916
0.452699 0.295744 0.467749 0.278543 0.437648 0.280693 0.502150 0.276393 0.433348 0.289294 0.566652 0.370996 0.416147 0.379596 0.607503 0.489250 0.362396 0.474199 0.641904 0.590303 0.332295 0.429048 0.555902 0.622554 0.461299 0.626854 0.553752 0.801009 0.480649 0.811759 0.536551 0.930013 0.497850 0.981615 0.038358 0.001067 0.009760 0.024302 0.001434 0.648364 0.021918 0.037026
0.455400 0.294731 0.470446 0.277536 0.440354 0.281835 0.504836 0.277536 0.433906 0.290433 0.567169 0.372110 0.414561 0.378558 0.608008 0.492477 0.362975 0.477431 0.638100 0.593499 0.332883 0.427995 0.558571 0.623591 0.459699 0.625740 0.554273 0.797693 0.479043 0.812739 0.541376 0.939554 0.498388 0.982543 0.021000 0.003297 0.003023 0.024681 0.011966 0.672881 0.023283 0.040670
0.456261 0.293184 0.471381 0.278065 0.443301 0.280225 0.508100 0.278065 0.436821 0.288865 0.568578 0.373103 0.415222 0.377423 0.607458 0.494060 0.363383 0.478940 0.635537 0.595578 0.335304 0.427102 0.557779 0.623657 0.458421 0.625817 0.553459 0.798614 0.477860 0.813733 0.544819 0.954130 0.497300 0.986529 0.009807 0.002850 0.005854 0.021998 0.013098 0.691703 0.020640 0.040670
0.458950 0.292048 0.474074 0.276924 0.445987 0.279085 0.510803 0.276924 0.437344 0.287727 0.569137 0.371988 0.415739 0.378470 0.605866 0.495139 0.363886 0.477854 0.633953 0.596684 0.337960 0.423841 0.556174 0.622611 0.458950 0.626932 0.549692 0.797614 0.476234 0.814898 0.545371 0.968297 0.497839 0.985581 0.003727 0.010891 0.004664 0.025622 0.006365 0.704479 0.019268 0.040972
0.461277 0.293479 0.476336 0.276269 0.448370 0.280572 0.512908 0.276269 0.439765 0.287025 0.568840 0.373076 0.416101 0.377378 0.605412 0.495697 0.364471 0.478487 0.631227 0.596807 0.340807 0.422555 0.555933 0.622622 0.459126 0.626924 0.547328 0.799025 0.474185 0.814084 0.547328 0.981882 0.497849 0.984033 0.015515 0.018483 0.000934 0.028791 0.012690 0.722318 0.019185 0.041071
0.462172 0.291947 0.477303 0.276816 0.449203 0.278978 0.514050 0.276816 0.440556 0.287624 0.570252 0.374088 0.416779 0.376249 0.604837 0.497298 0.364901 0.477844 0.628614 0.601054 0.341123 0.419481 0.555120 0.622670 0.457849 0.626993 0.546474 0.804243 0.475142 0.812890 0.544313 0.992302 0.496758 0.990140 0.011487 0.009102 0.004206 0.022153 0.015401 0.726573 0.016521 0.044671
0.463396 0.292219 0.478468 0.277147 0.450477 0.279300 0.515072 0.277147 0.441864 0.287912 0.571055 0.374039 0.418179 0.376193 0.605505 0.498923 0.366503 0.475239 0.624884 0.606582 0.342818 0.417103 0.553829 0.623807 0.456937 0.625961 0.545217 0.804674 0.472009 0.811134 0.543063 0.994153 0.497847 0.983387 0.011529 0.021542 0.006772 0.023150 0.028990 0.723782 0.013712 0.040998
0.466758 0.293577 0.481770 0.278564 0.453890 0.280709 0.516085 0.278564 0.445311 0.287143 0.571846 0.375074 0.419575 0.375074 0.604016 0.499464 0.365959 0.473728 0.625463 0.610986 0.344512 0.415822 0.552544 0.623854 0.456034 0.625999 0.541821 0.804005 0.471047 0.808295 0.541821 0.988446 0.494638 0.975578 0.018925 0.018441 0.005724 0.019774 0.020081 0.728632 0.010925 0.045080
0.467683 0.292095 0.482764 0.277014 0.454756 0.279169 0.519390 0.279169 0.448293 0.285632 0.573251 0.376119 0.420285 0.373965 0.605568 0.498923 0.364270 0.470915 0.624958 0.613109 0.344879 0.412745 0.551707 0.623881 0.454756 0.626035 0.543089 0.804855 0.469838 0.809164 0.538780 0.990138 0.493537 0.972902 0.007746 0.019598 0.012463 0.017107 0.028367 0.730815 0.008230 0.041301
0.468619 0.291698 0.483769 0.274384 0.455634 0.276549 0.520560 0.276549 0.449142 0.285205 0.574664 0.376101 0.421008 0.373937 0.604963 0.501623 0.362575 0.469160 0.624440 0.616325 0.340933 0.412892 0.550858 0.624981 0.453470 0.624981 0.537873 0.804608 0.466455 0.808936 0.535709 0.992891 0.490261 0.971250 0.019312 0.023923 0.007383 0.018502 0.021850 0.707932 0.005511 0.045402
0.471863 0.286263 0.489178 0.271112 0.458876 0.273277 0.523809 0.275441 0.452383 0.281935 0.575755 0.377169 0.422081 0.372840 0.608221 0.502706 0.361477 0.468075 0.627701 0.621749 0.341997 0.407471 0.549782 0.626078 0.452383 0.623913 0.534631 0.805725 0.465369 0.807889 0.534631 0.991865 0.487013 0.965892 0.026782 0.020903 0.006312 0.015800 0.028927 0.720611 0.002755 0.049214
0.475108 0.283009 0.490260 0.267857 0.462121 0.270022 0.524892 0.272186 0.453463 0.278680 0.576840 0.378247 0.423160 0.371753 0.607143 0.505952 0.362554 0.466991 0.626623 0.625000 0.338745 0.408550 0.548701 0.625000 0.451299 0.625000 0.533550 0.804654 0.462121 0.808983 0.531385 0.990801 0.481602 0.966991 0.023081 0.020344 0.009359 0.016521 0.022530 0.696458 0.000004 0.045485
0.477816 0.283027 0.492966 0.265712 0.464830 0.267877 0.527595 0.272205 0.456173 0.276534 0.577374 0.378257 0.425872 0.371764 0.607675 0.508116 0.363107 0.466994 0.627154 0.627154 0.339299 0.408558 0.547074 0.624989 0.449680 0.624989 0.534088 0.806792 0.460501 0.811121 0.529759 0.992924 0.482144 0.964788 0.015297 0.026054 0.016198 0.011353 0.021337 0.691362 0.004134 0.041183
0.479440 0.281959 0.494590 0.264646 0.466455 0.266810 0.531381 0.271138 0.457799 0.275467 0.578992 0.379347 0.425336 0.370690 0.607127 0.507034 0.362575 0.465914 0.626604 0.626063 0.338769 0.409646 0.546530 0.626063 0.449142 0.623899 0.531381 0.807854 0.455634 0.807854 0.527052 0.993974 0.479440 0.959347 0.019064 0.038385 0.015179 0.018609 0.017403 0.687108 0.005511 0.037695
0.479444 0.282000 0.494591 0.266854 0.466462 0.266854 0.531375 0.273345 0.459970 0.275509 0.578978 0.379370 0.427514 0.370715 0.607107 0.507032 0.362600 0.465921 0.626581 0.626040 0.338799 0.409662 0.546521 0.626040 0.446988 0.623876 0.529211 0.809960 0.451315 0.807797 0.524883 0.996045 0.477280 0.952769 0.022470 0.048925 0.011773 0.016949 0.017403 0.682117 0.008266 0.037359
0.477280 0.282000 0.494591 0.266854 0.466462 0.266854 0.531375 0.273345 0.459970 0.273345 0.578978 0.379370 0.427514 0.370715 0.609271 0.507032 0.362600 0.463757 0.626581 0.623876 0.336635 0.407499 0.546521 0.626040 0.446988 0.623876 0.529211 0.809960 0.449151 0.809960 0.522720 0.993881 0.475117 0.939787 0.018641 0.059132 0.011773 0.020736 0.027343 0.668458 0.008266 0.033572
0.478906 0.279863 0.494050 0.264718 0.468088 0.264718 0.530830 0.271209 0.459434 0.273372 0.580591 0.379384 0.426982 0.370730 0.608716 0.504868 0.364240 0.461598 0.628188 0.623861 0.336114 0.407510 0.545975 0.626024 0.446453 0.623861 0.530830 0.809923 0.446453 0.809923 0.522176 0.991657 0.474579 0.935406 0.011009 0.070185 0.018231 0.024437 0.018556 0.655008 0.009643 0.026155
0.478021 0.280743 0.493031 0.265733 0.467299 0.265733 0.529484 0.274310 0.458722 0.276454 0.580948 0.379382 0.428701 0.370804 0.608824 0.503753 0.366516 0.463010 0.625979 0.621690 0.336495 0.409402 0.544495 0.625979 0.445856 0.623835 0.529484 0.808246 0.445856 0.803958 0.520907 0.986225 0.473732 0.928329 0.010827 0.070185 0.020561 0.021548 0.024208 0.648637 0.012289 0.026155
0.475336 0.280709 0.492494 0.265696 0.464613 0.265696 0.528953 0.274275 0.458179 0.276419 0.580425 0.379363 0.428154 0.370784 0.608305 0.501608 0.368103 0.463005 0.625463 0.617420 0.338078 0.407243 0.543966 0.625999 0.447456 0.623854 0.526808 0.806150 0.447456 0.804005 0.520374 0.984157 0.471047 0.932685 0.018724 0.057716 0.016492 0.024231 0.024560 0.659048 0.010925 0.030224
0.474586 0.281010 0.491889 0.265870 0.463772 0.268033 0.528658 0.272359 0.457283 0.276685 0.580567 0.378339 0.429166 0.371850 0.610847 0.501622 0.368606 0.464853 0.625987 0.614091 0.336163 0.408619 0.543798 0.627068 0.446469 0.622742 0.528658 0.810911 0.448632 0.802260 0.517844 0.988266 0.470261 0.947172 0.006770 0.043326 0.020561 0.018083 0.034071 0.649709 0.012396 0.029990
0.471353 0.283254 0.488649 0.268120 0.460543 0.270282 0.527566 0.274606 0.456218 0.276768 0.581617 0.378385 0.430274 0.371898 0.609724 0.499459 0.369736 0.462705 0.624858 0.614048 0.335144 0.410815 0.542701 0.627021 0.445408 0.622696 0.527566 0.808633 0.447570 0.799985 0.516756 0.988083 0.469191 0.957815 0.007312 0.039453 0.022956 0.015303 0.030808 0.625666 0.015146 0.030346
0.470680 0.286072 0.485883 0.270869 0.457649 0.270869 0.524976 0.273041 0.455477 0.279556 0.581445 0.377290 0.429415 0.372946 0.611851 0.503258 0.368602 0.466336 0.622710 0.616195 0.333853 0.412040 0.542351 0.627054 0.446789 0.622710 0.527148 0.811662 0.451133 0.802975 0.518461 0.991927 0.466336 0.978895 0.010827 0.019771 0.023267 0.014439 0.044878 0.635056 0.013831 0.033823
0.467820 0.284555 0.483092 0.269283 0.456911 0.271465 0.524544 0.271465 0.452548 0.280192 0.581269 0.376187 0.428549 0.374006 0.611813 0.502727 0.367460 0.465638 0.622722 0.613995 0.332553 0.413277 0.544180 0.627085 0.446002 0.622722 0.528908 0.812532 0.452548 0.808168 0.520181 0.993615 0.463456 0.991433 0.010827 0.007695 0.020561 0.011071 0.044284 0.625666 0.012504 0.037385
0.465487 0.283064 0.480826 0.267725 0.454531 0.269916 0.522461 0.272107 0.452340 0.278681 0.581625 0.377289 0.428236 0.372906 0.612303 0.502191 0.364689 0.467131 0.618877 0.613946 0.329628 0.414540 0.544373 0.627094 0.445766 0.622711 0.529034 0.813352 0.456722 0.808970 0.515887 0.995228 0.467679 0.995228 0.003184 0.000117 0.020966 0.003599 0.057961 0.623964 0.012558 0.044857
0.463986 0.282280 0.481447 0.267001 0.453073 0.269184 0.522918 0.273549 0.450890 0.277915 0.579667 0.376134 0.426881 0.373952 0.612407 0.502728 0.365767 0.469988 0.616772 0.607496 0.330844 0.415422 0.544744 0.627140 0.448708 0.622774 0.531649 0.810483 0.457438 0.808300 0.516370 0.991644 0.468351 0.996009 0.004083 0.003516 0.021306 0.012882 0.067301 0.638386 0.008338 0.037666
0.462180 0.281851 0.479720 0.266504 0.451218 0.268696 0.519184 0.273081 0.449025 0.279658 0.580573 0.376126 0.424908 0.373934 0.611267 0.501096 0.363520 0.470402 0.615652 0.604142 0.328440 0.415590 0.545493 0.626066 0.449025 0.623874 0.534531 0.810232 0.459988 0.808040 0.519184 0.990014 0.468758 0.996591 0.008184 0.004130 0.025461 0.011695 0.063127 0.638386 0.006980 0.037850
0.461248 0.285499 0.478714 0.268033 0.450332 0.272399 0.518012 0.272399 0.448149 0.281132 0.579142 0.375011 0.424133 0.375011 0.609707 0.499454 0.363003 0.471072 0.611890 0.604249 0.328072 0.418675 0.546393 0.626081 0.450332 0.623898 0.537661 0.809471 0.463431 0.807288 0.522378 0.981946 0.472164 0.992862 0.012985 0.007729 0.026139 0.010685 0.070033 0.632437 0.004170 0.037844
0.459978 0.282897 0.475329 0.267546 0.449014 0.269739 0.516995 0.271932 0.444628 0.278511 0.578398 0.375001 0.422698 0.375001 0.606907 0.502193 0.361295 0.471492 0.611293 0.607455 0.324015 0.416667 0.547697 0.624999 0.451207 0.624999 0.538925 0.809208 0.466557 0.809208 0.525767 0.982451 0.477522 0.995609 0.008984 0.007762 0.023750 0.009677 0.056930 0.629517 0.001397 0.041611
0.459978 0.282897 0.475329 0.267546 0.446821 0.269739 0.516995 0.269739 0.444628 0.278511 0.576205 0.375001 0.422698 0.375001 0.606907 0.500000 0.359102 0.471492 0.609100 0.607455 0.324015 0.421053 0.549890 0.624999 0.451207 0.624999 0.541118 0.809208 0.470943 0.811401 0.525767 0.980259 0.484101 0.997802 0.013343 0.011147 0.018237 0.002565 0.070169 0.621039 0.001397 0.048724
0.459425 0.285223 0.474573 0.267911 0.446441 0.272240 0.511361 0.272240 0.444277 0.280895 0.574117 0.373947 0.420473 0.376111 0.604413 0.499459 0.362045 0.469163 0.610905 0.607659 0.329585 0.421555 0.550313 0.624971 0.455097 0.624971 0.539493 0.804582 0.472409 0.808910 0.526509 0.964718 0.487557 0.988522 0.006600 0.003087 0.010943 0.014134 0.056316 0.631045 0.006889 0.049023
0.458168 0.284943 0.473185 0.267781 0.445297 0.272071 0.509653 0.269926 0.441007 0.280652 0.571865 0.372896 0.421700 0.377187 0.601898 0.497318 0.361634 0.471576 0.608333 0.608869 0.329456 0.420091 0.550412 0.623886 0.456023 0.626031 0.541832 0.801939 0.473185 0.808374 0.528960 0.954249 0.490347 0.984282 0.011507 0.001087 0.011811 0.013759 0.057048 0.641797 0.008195 0.045199
0.454573 0.284220 0.469715 0.266915 0.441593 0.271241 0.508653 0.269078 0.437267 0.279894 0.571386 0.372912 0.419961 0.377238 0.599507 0.496214 0.361555 0.472419 0.610323 0.608701 0.326944 0.422665 0.551917 0.623843 0.456736 0.626007 0.545427 0.805553 0.474042 0.812042 0.530285 0.954814 0.491347 0.989425 0.020819 0.001435 0.013284 0.017191 0.040863 0.631337 0.011019 0.040889
0.455169 0.288654 0.467978 0.269441 0.440225 0.275846 0.506404 0.271576 0.435956 0.284385 0.570449 0.371912 0.418877 0.378316 0.600336 0.495730 0.363373 0.472248 0.608875 0.604605 0.329216 0.425282 0.553370 0.623819 0.457304 0.625953 0.549100 0.801007 0.476517 0.811681 0.536292 0.944039 0.493596 0.984600 0.020761 0.001477 0.013879 0.016190 0.050477 0.629963 0.013595 0.040481
0.451573 0.285847 0.466639 0.268628 0.438660 0.272933 0.503228 0.270781 0.434355 0.283694 0.569950 0.369786 0.417137 0.380548 0.602234 0.492467 0.361177 0.473096 0.615148 0.606539 0.326740 0.423594 0.554884 0.623757 0.458030 0.625909 0.550579 0.806702 0.475249 0.813159 0.539817 0.937992 0.494619 0.987495 0.018545 0.006035 0.011373 0.023381 0.046026 0.633423 0.016450 0.036676
0.450521 0.288101 0.465580 0.268740 0.437613 0.273042 0.502151 0.270891 0.433311 0.283798 0.568840 0.369849 0.416101 0.380605 0.603260 0.492471 0.360168 0.473109 0.618319 0.606487 0.325748 0.423630 0.555933 0.623697 0.459126 0.625849 0.553781 0.804403 0.476336 0.813008 0.540874 0.927025 0.495697 0.987260 0.029594 0.006035 0.012382 0.026094 0.045309 0.633423 0.019185 0.032977
0.451916 0.287674 0.467043 0.268224 0.438949 0.274707 0.503782 0.270385 0.432466 0.283351 0.568614 0.369795 0.417339 0.380600 0.605353 0.492976 0.358989 0.473527 0.622641 0.607514 0.326573 0.423822 0.555648 0.622641 0.458399 0.626964 0.553487 0.804172 0.477849 0.814978 0.544842 0.925193 0.497299 0.985703 0.018909 0.003297 0.012520 0.019756 0.044574 0.637576 0.017895 0.036601
0.453748 0.287025 0.466655 0.269815 0.440840 0.274118 0.505378 0.271967 0.434387 0.284874 0.569916 0.370924 0.415025 0.379529 0.606487 0.493546 0.359093 0.476336 0.623697 0.609714 0.326824 0.422555 0.557008 0.622622 0.458050 0.626924 0.554857 0.801176 0.477412 0.811933 0.548403 0.928101 0.496773 0.984033 0.012337 0.002472 0.012475 0.021619 0.045445 0.661210 0.019185 0.037026
0.455709 0.287727 0.470833 0.270443 0.442746 0.274764 0.509722 0.272603 0.436264 0.283406 0.570217 0.371988 0.414659 0.378470 0.606947 0.492978 0.360645 0.477854 0.626391 0.607487 0.328237 0.423841 0.557254 0.622611 0.457869 0.626932 0.555094 0.799775 0.477314 0.814898 0.548612 0.933728 0.501080 0.985581 0.011508 0.011226 0.012568 0.021998 0.040274 0.669517 0.019268 0.036693
0.458578 0.286972 0.473641 0.271910 0.445667 0.274061 0.510221 0.274061 0.439212 0.282669 0.570471 0.373044 0.415542 0.377348 0.604900 0.493545 0.359595 0.476330 0.626418 0.605438 0.331622 0.426839 0.555409 0.622652 0.458578 0.626956 0.551105 0.794796 0.475792 0.814162 0.548953 0.949726 0.501614 0.979851 0.003533 0.020023 0.011229 0.025159 0.028110 0.672490 0.017818 0.037144
0.460942 0.286265 0.476131 0.271076 0.447922 0.273246 0.513019 0.273246 0.441413 0.281925 0.569437 0.373061 0.415374 0.377401 0.606325 0.496745 0.358957 0.479386 0.628024 0.603070 0.330748 0.427308 0.556417 0.622599 0.458772 0.626939 0.549908 0.796191 0.476131 0.815720 0.547738 0.967613 0.502170 0.982802 0.007903 0.020023 0.004661 0.025622 0.028180 0.681145 0.019351 0.041119
0.462008 0.287246 0.477205 0.272049 0.448982 0.274220 0.514111 0.272049 0.442470 0.280733 0.570556 0.374084 0.416418 0.376255 0.609634 0.495658 0.359973 0.476119 0.629172 0.597693 0.331751 0.428358 0.555359 0.623745 0.457666 0.625916 0.548847 0.795251 0.477205 0.814789 0.548847 0.979782 0.503256 0.984124 0.012082 0.015778 0.007269 0.019308 0.038770 0.666360 0.016593 0.044894
0.462008 0.287246 0.477205 0.272049 0.451153 0.274220 0.516282 0.274220 0.444641 0.280733 0.570556 0.374084 0.416418 0.376255 0.609634 0.491316 0.359973 0.478290 0.627001 0.584667 0.333922 0.430529 0.555359 0.623745 0.457666 0.625916 0.544505 0.799592 0.477205 0.814789 0.544505 0.988466 0.505427 0.981953 0.019624 0.020427 0.000252 0.019308 0.043865 0.680214 0.016593 0.052436
0.465005 0.290029 0.480080 0.274954 0.454237 0.274954 0.518844 0.277107 0.447776 0.283568 0.572682 0.374017 0.417627 0.376171 0.609293 0.488155 0.361634 0.477388 0.620061 0.567837 0.335792 0.430010 0.553300 0.623829 0.456391 0.625983 0.544686 0.802574 0.475773 0.811188 0.542533 0.989933 0.501615 0.977012 0.011669 0.016021 0.009318 0.015812 0.056043 0.680214 0.012342 0.048519
0.467158 0.292182 0.482233 0.277107 0.454237 0.277107 0.518844 0.281414 0.445623 0.285722 0.572682 0.374017 0.417627 0.376171 0.613600 0.481695 0.361634 0.477388 0.617907 0.533380 0.335792 0.432163 0.553300 0.623829 0.456391 0.625983 0.540379 0.804728 0.475773 0.811188 0.536072 0.989933 0.501615 0.977012 0.015297 0.016021 0.001949 0.015812 0.089129 0.673912 0.012342 0.055889
0.468226 0.293198 0.483305 0.278118 0.455301 0.278118 0.519926 0.282427 0.446684 0.284581 0.573781 0.375057 0.418679 0.375057 0.619019 0.493537 0.362670 0.478458 0.603940 0.502154 0.336820 0.435374 0.552239 0.624943 0.455301 0.624943 0.537160 0.805895 0.472534 0.810204 0.530697 0.989002 0.498384 0.971768 0.015235 0.020976 0.000909 0.016794 0.450849 0.669963 0.009601 0.055990
0.469838 0.296404 0.487073 0.281323 0.459065 0.281323 0.521545 0.285632 0.450448 0.285632 0.573251 0.373965 0.420285 0.376119 0.627113 0.485996 0.362115 0.479533 0.596950 0.479533 0.336262 0.438598 0.551707 0.623881 0.454756 0.626035 0.534471 0.807009 0.471992 0.811318 0.525853 0.992292 0.497846 0.975057 0.015076 0.020323 0.002496 0.014105 0.709842 0.657592 0.008230 0.059396
0.471158 0.300243 0.488250 0.285288 0.460476 0.285288 0.524569 0.287424 0.451930 0.289561 0.573707 0.372882 0.422020 0.377155 0.631391 0.483977 0.364336 0.481840 0.601481 0.460476 0.338699 0.439111 0.550206 0.624982 0.454067 0.624982 0.528842 0.806579 0.471158 0.808716 0.518160 0.990313 0.494659 0.968949 0.018791 0.016830 0.007689 0.011408 0.864428 0.667670 0.005440 0.066802
