0.509198 0.262918 0.519880 0.246301 0.489021 0.248675 0.534123 0.260544 0.455788 0.266478 0.579225 0.378047 0.411873 0.372112 0.611271 0.518100 0.408312 0.464690 0.637383 0.641537 0.453414 0.353122 0.556674 0.626108 0.452227 0.623734 0.573291 0.833814 0.481900 0.818385 0.522254 0.996419 0.504451 1.000000 0.122219 0.013922 0.054269 0.002468 0.005245 0.889952 0.011337 0.022742
0.509403 0.263447 0.519982 0.246992 0.488246 0.250518 0.532912 0.261097 0.455334 0.266974 0.577578 0.377463 0.411844 0.372761 0.610489 0.517337 0.410668 0.464444 0.639875 0.641932 0.454159 0.353954 0.557595 0.625476 0.452983 0.624300 0.570525 0.832349 0.476492 0.820595 0.532912 0.975750 0.498825 1.000000 0.101520 0.002091 0.045459 0.013663 0.000122 0.884717 0.013473 0.018072
0.509381 0.264295 0.519935 0.247878 0.489446 0.250223 0.532835 0.261950 0.456611 0.266640 0.578568 0.376870 0.410878 0.373352 0.611403 0.516417 0.410878 0.463647 0.639547 0.640720 0.453093 0.354590 0.557460 0.625475 0.453093 0.624302 0.570360 0.829518 0.476547 0.822482 0.538698 0.973756 0.496482 1.000000 0.088878 0.005204 0.047058 0.015556 0.002682 0.882437 0.013442 0.017399
0.508941 0.267833 0.519323 0.251682 0.489329 0.253990 0.532013 0.266679 0.454720 0.268987 0.577004 0.377427 0.412036 0.372813 0.609306 0.514709 0.410883 0.462796 0.639300 0.638147 0.452413 0.353201 0.557393 0.625457 0.453567 0.624303 0.568929 0.822726 0.475485 0.819266 0.545857 0.973851 0.495097 1.000000 0.066818 0.004096 0.043710 0.016458 0.002316 0.888780 0.013958 0.017043
0.510384 0.267810 0.520767 0.252812 0.489616 0.253965 0.533458 0.265503 0.456158 0.270118 0.577300 0.377415 0.412316 0.372800 0.610759 0.517018 0.411162 0.461638 0.639602 0.639314 0.452697 0.350879 0.557687 0.625469 0.452697 0.624315 0.570378 0.822758 0.475771 0.820451 0.549611 0.979667 0.496539 1.000000 0.062334 0.004086 0.045564 0.013395 0.001146 0.889933 0.013224 0.016829
0.510312 0.269692 0.520625 0.254796 0.490833 0.255942 0.533229 0.267400 0.456459 0.271983 0.576769 0.378544 0.412918 0.371669 0.609998 0.517187 0.411772 0.462188 0.639789 0.638643 0.453022 0.349899 0.557291 0.624894 0.453022 0.624894 0.569895 0.818536 0.475938 0.821973 0.552707 0.988116 0.496563 1.000000 0.052841 0.003657 0.045806 0.013149 0.001686 0.891970 0.013134 0.016158
0.510358 0.270980 0.520715 0.254868 0.490793 0.256019 0.533375 0.269830 0.456268 0.270980 0.577107 0.378010 0.411384 0.372255 0.610482 0.518414 0.410233 0.465474 0.641555 0.642706 0.451664 0.352691 0.558693 0.624292 0.452815 0.625443 0.573655 0.819937 0.476983 0.825691 0.556392 1.000000 0.495397 1.000000 0.053865 0.009210 0.048049 0.013398 0.003693 0.891870 0.014658 0.013938
0.510958 0.270164 0.522493 0.254015 0.491349 0.255169 0.534028 0.267857 0.456744 0.270164 0.577862 0.377440 0.410603 0.372826 0.611313 0.518168 0.409450 0.467413 0.643611 0.643900 0.450976 0.352063 0.558252 0.624290 0.453283 0.625444 0.573248 0.820386 0.477507 0.826153 0.559406 1.000000 0.495963 1.000000 0.047544 0.009210 0.049527 0.015044 0.005752 0.893888 0.014692 0.013938
0.510287 0.271121 0.521716 0.255119 0.490856 0.256262 0.534289 0.268835 0.456567 0.269978 0.577722 0.377417 0.410848 0.372845 0.612011 0.516859 0.408563 0.467711 0.641728 0.643728 0.449709 0.351128 0.558291 0.624298 0.453138 0.625441 0.573150 0.817459 0.478284 0.824317 0.564006 1.000000 0.495428 1.000000 0.039318 0.012970 0.049438 0.012768 0.003513 0.899668 0.014558 0.015596
0.510856 0.271742 0.522283 0.255744 0.491430 0.255744 0.534853 0.269457 0.456005 0.269457 0.577133 0.376872 0.410297 0.373444 0.611415 0.517426 0.405726 0.471718 0.642268 0.644268 0.448006 0.352875 0.558850 0.623699 0.453720 0.625985 0.572563 0.819104 0.478860 0.825960 0.566849 1.000000 0.494858 1.000000 0.031498 0.014540 0.045836 0.014394 0.000203 0.905994 0.016011 0.017506
0.510547 0.271951 0.521950 0.255988 0.491163 0.255988 0.534492 0.269671 0.455816 0.269671 0.577822 0.376854 0.410206 0.373433 0.612029 0.517104 0.406785 0.473774 0.640535 0.643671 0.447834 0.352909 0.558437 0.624286 0.453535 0.625427 0.572120 0.816987 0.478620 0.826109 0.567559 1.000000 0.493444 1.000000 0.029839 0.015981 0.047450 0.014619 0.005635 0.906632 0.015250 0.017020
0.508174 0.271983 0.520575 0.257327 0.489008 0.257327 0.535231 0.270856 0.454058 0.270856 0.578073 0.377959 0.410090 0.372322 0.609640 0.518884 0.399943 0.472660 0.636698 0.644026 0.443912 0.356538 0.557779 0.623732 0.454058 0.625987 0.570181 0.812009 0.477734 0.819900 0.570181 1.000000 0.492390 1.000000 0.020936 0.015466 0.047159 0.015959 0.002365 0.916865 0.015078 0.017736
0.508998 0.272801 0.521370 0.258180 0.489877 0.258180 0.535992 0.270552 0.455010 0.269427 0.577608 0.377403 0.410020 0.372904 0.607976 0.517996 0.401022 0.473006 0.634970 0.646217 0.443763 0.356032 0.557362 0.623722 0.455010 0.625972 0.569734 0.810430 0.477505 0.819428 0.569734 1.000000 0.492127 1.000000 0.021062 0.013771 0.047166 0.019156 0.001666 0.917027 0.015759 0.015785
0.508958 0.273258 0.521275 0.258701 0.489923 0.258701 0.535831 0.272138 0.455211 0.269899 0.578380 0.377391 0.409303 0.372912 0.607493 0.518475 0.398106 0.474806 0.634366 0.647242 0.444014 0.358356 0.558225 0.623729 0.454092 0.625968 0.568303 0.810721 0.477606 0.817439 0.568303 1.000000 0.491042 1.000000 0.017138 0.017589 0.043124 0.016865 0.000715 0.915307 0.015689 0.021758
0.507873 0.273926 0.520245 0.259304 0.488753 0.258180 0.535992 0.271677 0.453885 0.269427 0.578732 0.377403 0.408896 0.372904 0.607976 0.519121 0.396523 0.476380 0.633845 0.647342 0.442638 0.360531 0.558487 0.623722 0.453885 0.625972 0.566360 0.810430 0.475256 0.818303 0.566360 0.998263 0.489877 1.000000 0.013415 0.011621 0.039518 0.020780 0.001404 0.917293 0.015759 0.021808
0.507838 0.274377 0.520155 0.258701 0.489923 0.258701 0.535831 0.272138 0.455211 0.271018 0.578380 0.377391 0.409303 0.372912 0.607493 0.518475 0.394747 0.475926 0.634366 0.643883 0.444014 0.361715 0.558225 0.623729 0.454092 0.625968 0.564943 0.811841 0.475366 0.816319 0.563824 0.997713 0.489923 1.000000 0.013280 0.011826 0.037349 0.020332 0.002420 0.915049 0.015689 0.024065
0.509263 0.273480 0.521613 0.257761 0.490176 0.257761 0.537332 0.270112 0.456492 0.270112 0.581121 0.377898 0.409336 0.372284 0.610313 0.519368 0.394740 0.476702 0.635014 0.646242 0.445265 0.359934 0.557542 0.623786 0.452001 0.626032 0.559788 0.809044 0.473334 0.816904 0.562033 0.996548 0.487930 1.000000 0.000000 0.011554 0.034288 0.017596 0.003567 0.914221 0.012155 0.031571
0.509826 0.274005 0.522178 0.258283 0.490736 0.258283 0.537900 0.270636 0.457047 0.269513 0.581695 0.378440 0.409883 0.371702 0.610892 0.521055 0.393038 0.476137 0.635597 0.649073 0.444694 0.362718 0.556990 0.624368 0.451432 0.625491 0.559236 0.808533 0.471645 0.815270 0.560359 1.000000 0.485121 1.000000 0.002019 0.011857 0.035751 0.017879 0.003593 0.914865 0.010726 0.029894
0.510065 0.274944 0.523484 0.260407 0.492172 0.260407 0.539140 0.270471 0.458623 0.270471 0.582753 0.378945 0.411655 0.371117 0.611829 0.522086 0.391526 0.476236 0.635313 0.651808 0.446322 0.363289 0.554796 0.624969 0.450795 0.624969 0.555914 0.809486 0.467570 0.815078 0.557033 0.997359 0.483226 1.000000 0.000119 0.001547 0.037946 0.020682 0.006781 0.916445 0.007120 0.026084
0.510625 0.274908 0.524047 0.259250 0.492730 0.259250 0.539706 0.270435 0.459176 0.269316 0.584444 0.378926 0.412200 0.371097 0.611288 0.522090 0.392068 0.475114 0.635894 0.652950 0.444636 0.363267 0.554246 0.624989 0.449110 0.624989 0.554246 0.812891 0.465887 0.816247 0.552009 1.000000 0.480427 1.000000 0.003638 0.003556 0.038871 0.018102 0.000113 0.921003 0.004272 0.027851
0.512611 0.275238 0.524942 0.259544 0.493554 0.259544 0.541757 0.270754 0.459924 0.268512 0.585477 0.379492 0.411721 0.370524 0.612381 0.524102 0.393785 0.475898 0.635922 0.657501 0.446472 0.361556 0.554089 0.624992 0.448714 0.624992 0.554089 0.815563 0.465529 0.817805 0.547363 1.000000 0.478981 1.000000 0.010972 0.005258 0.040478 0.018263 0.002952 0.916224 0.003568 0.027689
0.513172 0.274669 0.527746 0.258974 0.495236 0.258974 0.544562 0.270185 0.461604 0.266821 0.586041 0.380048 0.412278 0.369958 0.611825 0.525784 0.395462 0.476458 0.633125 0.659189 0.447030 0.362111 0.553530 0.625558 0.448151 0.624437 0.552409 0.816136 0.462725 0.818378 0.543441 1.000000 0.473936 1.000000 0.012586 0.005280 0.040035 0.020704 0.005342 0.914990 0.002142 0.025747
0.516219 0.273779 0.529641 0.259238 0.498322 0.258119 0.546419 0.270423 0.462529 0.267067 0.584449 0.380038 0.413314 0.369972 0.611293 0.526565 0.395418 0.476231 0.632545 0.660788 0.445752 0.359905 0.554248 0.624995 0.447989 0.624995 0.552011 0.816262 0.461411 0.819618 0.544182 1.000000 0.472596 1.000000 0.008788 0.003431 0.035324 0.021097 0.007692 0.923124 0.002847 0.025640
0.518333 0.273336 0.532777 0.258891 0.500556 0.257780 0.548333 0.271113 0.463889 0.267780 0.586110 0.381112 0.412779 0.368890 0.610554 0.527777 0.397223 0.474445 0.629443 0.662221 0.446112 0.358890 0.553888 0.625554 0.447223 0.624443 0.553888 0.816664 0.457223 0.818886 0.541666 1.000000 0.466111 1.000000 0.019646 0.001647 0.041719 0.026290 0.008137 0.919173 0.001416 0.016356
0.518997 0.274785 0.533314 0.259367 0.501377 0.258265 0.548732 0.271481 0.466135 0.268177 0.587278 0.382712 0.414374 0.367294 0.608202 0.529184 0.398956 0.471917 0.626925 0.660239 0.447413 0.357382 0.552036 0.626099 0.446312 0.623896 0.550935 0.815522 0.454021 0.818826 0.538821 1.000000 0.462831 1.000000 0.018018 0.002656 0.043921 0.026833 0.000111 0.919173 0.002104 0.014433
0.521015 0.275114 0.534115 0.259830 0.502456 0.258739 0.548307 0.274022 0.466431 0.269656 0.585424 0.381007 0.416214 0.368998 0.607258 0.526200 0.398747 0.473800 0.622541 0.656110 0.445689 0.358082 0.552674 0.626635 0.445689 0.623360 0.550490 0.816587 0.452239 0.813312 0.533023 1.000000 0.458789 0.993439 0.024877 0.000598 0.038534 0.025750 0.010233 0.929899 0.002085 0.014631
0.521467 0.273914 0.535598 0.259783 0.504076 0.257609 0.550815 0.271740 0.467120 0.266305 0.586685 0.383696 0.413859 0.366305 0.607337 0.527174 0.398642 0.467391 0.624728 0.657608 0.450815 0.357609 0.552989 0.626087 0.446468 0.623913 0.551902 0.819564 0.450815 0.818478 0.532337 1.000000 0.460598 0.997825 0.030113 0.010234 0.042179 0.032967 0.003312 0.906342 0.000696 0.008901
0.521058 0.274570 0.535097 0.260531 0.503780 0.258372 0.550215 0.272410 0.468143 0.267011 0.584772 0.383640 0.414148 0.366362 0.605291 0.526188 0.396869 0.467873 0.623649 0.654696 0.450864 0.358803 0.553455 0.626619 0.447625 0.623379 0.549136 0.818842 0.449784 0.816682 0.528617 1.000000 0.458424 0.989466 0.026509 0.012346 0.033650 0.037672 0.000333 0.907345 0.001377 0.010708
0.522948 0.275113 0.536986 0.261074 0.505669 0.258914 0.551025 0.272953 0.467873 0.267553 0.585581 0.383102 0.412799 0.366903 0.605019 0.524568 0.397680 0.467333 0.624457 0.653075 0.451675 0.357184 0.554265 0.626077 0.447355 0.623917 0.548865 0.821537 0.447355 0.817218 0.526187 1.000000 0.453835 0.974882 0.028590 0.013074 0.032011 0.042543 0.004322 0.902483 0.002061 0.008791
0.523068 0.275223 0.537016 0.261275 0.505901 0.260202 0.550964 0.274150 0.468349 0.267712 0.584224 0.382515 0.413630 0.367494 0.605683 0.523068 0.397536 0.467276 0.623922 0.652891 0.453328 0.356765 0.554183 0.626068 0.447963 0.623922 0.547745 0.821340 0.446890 0.817048 0.525214 1.000000 0.453328 0.966184 0.026479 0.015500 0.028576 0.044135 0.003794 0.902085 0.002733 0.008722
0.523287 0.275964 0.538276 0.262046 0.506156 0.259904 0.552195 0.273823 0.469754 0.267399 0.585385 0.383030 0.414079 0.366970 0.604657 0.523287 0.399090 0.465471 0.623929 0.652837 0.454765 0.357334 0.553265 0.626070 0.447270 0.623929 0.547912 0.820931 0.447270 0.813436 0.526499 1.000000 0.452623 0.963329 0.027073 0.011363 0.033082 0.040889 0.003545 0.896727 0.000681 0.008743
0.524047 0.276704 0.538846 0.262963 0.507135 0.260848 0.552587 0.276704 0.470139 0.269305 0.586412 0.383463 0.416231 0.366551 0.605438 0.524047 0.400376 0.464854 0.623407 0.654061 0.457455 0.359152 0.551530 0.626579 0.445828 0.623407 0.545188 0.818957 0.446885 0.807330 0.525104 1.000000 0.453227 0.959541 0.023549 0.011425 0.034871 0.034687 0.000912 0.893296 0.003365 0.012319
0.524420 0.277335 0.538074 0.263681 0.506564 0.261580 0.551728 0.276285 0.470854 0.271033 0.586388 0.383416 0.417288 0.366611 0.604243 0.522056 0.400483 0.465340 0.622098 0.650194 0.457200 0.358209 0.550677 0.627087 0.445647 0.622886 0.543325 0.820343 0.446697 0.805639 0.523369 1.000000 0.452999 0.958984 0.021934 0.011244 0.034215 0.033251 0.003300 0.898681 0.004680 0.013933
0.524679 0.276829 0.537416 0.261969 0.506634 0.260908 0.552277 0.274706 0.469483 0.270461 0.587305 0.382975 0.416411 0.367053 0.606411 0.524148 0.398366 0.467891 0.623394 0.657891 0.457807 0.359623 0.551215 0.627109 0.445070 0.622863 0.543785 0.827724 0.447193 0.807556 0.520433 1.000000 0.451438 0.974205 0.026507 0.004449 0.034932 0.031855 0.002617 0.896544 0.004730 0.015442
0.523883 0.276292 0.537683 0.262493 0.506900 0.260370 0.552544 0.274169 0.469748 0.270985 0.586511 0.382441 0.416673 0.367580 0.606679 0.523618 0.398628 0.468421 0.624725 0.657365 0.458071 0.359088 0.551482 0.627644 0.445334 0.622336 0.542990 0.827203 0.448518 0.808096 0.519637 1.000000 0.451702 0.978995 0.024754 0.000474 0.031630 0.030204 0.002483 0.897850 0.004054 0.018993
0.524622 0.274391 0.538538 0.260474 0.506423 0.259404 0.553525 0.273320 0.468955 0.270109 0.587782 0.382512 0.416500 0.367525 0.609192 0.525960 0.397231 0.470293 0.626320 0.662985 0.457180 0.358961 0.551384 0.627658 0.444334 0.622305 0.543891 0.829984 0.450757 0.808574 0.519269 1.000000 0.450757 0.998053 0.027378 0.010972 0.035133 0.023664 0.007577 0.901772 0.005452 0.022755
0.526060 0.274501 0.539888 0.260673 0.507978 0.259609 0.553716 0.273437 0.469685 0.270246 0.587753 0.382996 0.416501 0.367041 0.610090 0.524465 0.399483 0.470217 0.628173 0.659551 0.457985 0.359595 0.550525 0.627641 0.445221 0.622323 0.540951 0.827612 0.456921 0.809530 0.514360 1.000000 0.454794 1.000000 0.026635 0.023184 0.032843 0.015791 0.007491 0.897192 0.005418 0.035095
0.525795 0.273429 0.539623 0.259601 0.508776 0.258537 0.554515 0.273429 0.470482 0.269175 0.587490 0.382992 0.416233 0.367036 0.609828 0.524465 0.400277 0.470216 0.630039 0.658493 0.458781 0.359590 0.550260 0.627645 0.446017 0.622327 0.540687 0.829751 0.459845 0.813795 0.511967 1.000000 0.457717 1.000000 0.030338 0.026181 0.033003 0.014019 0.002206 0.893992 0.004740 0.038016
0.525743 0.274155 0.539543 0.260355 0.507696 0.258232 0.554404 0.273094 0.469480 0.269909 0.587312 0.382433 0.414280 0.367572 0.609605 0.525743 0.400480 0.471604 0.629774 0.660559 0.458865 0.360141 0.551220 0.627651 0.447188 0.622344 0.538481 0.827223 0.464173 0.812361 0.508758 1.000000 0.463111 1.000000 0.026526 0.029960 0.026227 0.012511 0.001846 0.888391 0.002027 0.048667
0.525158 0.274369 0.538929 0.260598 0.507150 0.258479 0.553760 0.274369 0.469015 0.270132 0.586598 0.382418 0.414991 0.367587 0.609902 0.524364 0.400161 0.471399 0.628970 0.659954 0.459482 0.360172 0.551641 0.627116 0.446770 0.622879 0.536811 0.826265 0.465838 0.813553 0.508210 1.000000 0.466897 1.000000 0.022225 0.030118 0.021507 0.007696 0.007327 0.889209 0.002022 0.055386
0.525370 0.274049 0.538055 0.260307 0.506342 0.258192 0.552854 0.272992 0.468288 0.269820 0.585624 0.381871 0.414376 0.368129 0.609937 0.523520 0.401691 0.471723 0.628964 0.657770 0.458774 0.360729 0.551797 0.627114 0.448203 0.622886 0.534884 0.826903 0.467230 0.816332 0.505285 1.000000 0.472516 1.000000 0.020678 0.023090 0.016747 0.010811 0.009291 0.887583 0.000003 0.058092
0.523897 0.274689 0.537552 0.259984 0.506040 0.258933 0.551207 0.273639 0.468225 0.270488 0.584820 0.381830 0.413605 0.368175 0.607929 0.521533 0.401000 0.471114 0.627886 0.654934 0.457721 0.359772 0.552257 0.626573 0.449318 0.623422 0.532300 0.822998 0.470326 0.812494 0.502889 1.000000 0.482931 1.000000 0.016098 0.015355 0.009873 0.009026 0.004909 0.888807 0.002007 0.067454
0.522655 0.275533 0.535154 0.260950 0.503906 0.259909 0.549737 0.274491 0.467450 0.271367 0.584110 0.381777 0.413286 0.368236 0.607025 0.521353 0.400787 0.470314 0.626816 0.654679 0.457034 0.360945 0.552862 0.626556 0.449742 0.623431 0.534113 0.820295 0.471616 0.813004 0.504948 1.000000 0.483074 1.000000 0.019793 0.017963 0.009708 0.008602 0.004891 0.887583 0.003315 0.067275
0.522041 0.275957 0.534488 0.261436 0.503371 0.260399 0.549009 0.274920 0.466031 0.271808 0.583238 0.381755 0.413132 0.368271 0.608132 0.521782 0.401722 0.469920 0.627839 0.654548 0.456695 0.361010 0.553158 0.626543 0.450472 0.623431 0.534488 0.818431 0.477440 0.810133 0.502334 0.992687 0.489887 0.997873 0.027209 0.024590 0.008046 0.000592 0.009096 0.886786 0.004623 0.076536
0.520225 0.274927 0.533709 0.261444 0.502593 0.259369 0.548230 0.274927 0.465254 0.270778 0.583495 0.381759 0.412356 0.368275 0.607350 0.521781 0.400947 0.469921 0.629132 0.655580 0.454882 0.361015 0.553416 0.626539 0.450733 0.623427 0.533709 0.818421 0.478737 0.811160 0.505705 0.988522 0.494295 0.995782 0.019362 0.020374 0.006342 0.000373 0.002347 0.889211 0.005282 0.079712
0.519407 0.275660 0.532862 0.261170 0.501811 0.260135 0.547352 0.273590 0.465586 0.270485 0.582543 0.381232 0.412800 0.368812 0.608418 0.521994 0.400380 0.469208 0.629118 0.654476 0.454201 0.360531 0.553562 0.626531 0.451095 0.623426 0.534932 0.818009 0.480076 0.809729 0.508021 0.984647 0.498706 0.993962 0.020090 0.017041 0.006558 0.001602 0.008530 0.892811 0.005930 0.079995
0.516678 0.274464 0.530020 0.261122 0.499230 0.259069 0.545415 0.273438 0.463309 0.271385 0.581336 0.380176 0.411992 0.369913 0.608021 0.520783 0.399676 0.468440 0.629574 0.654206 0.452019 0.359650 0.554652 0.626495 0.452019 0.623416 0.537204 0.819445 0.485888 0.809181 0.504362 0.982631 0.506415 0.999052 0.034513 0.023125 0.005644 0.007556 0.008719 0.896841 0.008495 0.086109
0.516229 0.273562 0.529625 0.259136 0.497682 0.258105 0.545082 0.272531 0.461616 0.269440 0.581147 0.380727 0.411125 0.369392 0.608968 0.521897 0.399790 0.468314 0.630608 0.654823 0.451312 0.358058 0.555386 0.625971 0.452342 0.623910 0.538899 0.819692 0.486347 0.811449 0.506955 0.992806 0.506955 1.000000 0.031057 0.023536 0.006289 0.005990 0.010571 0.897169 0.009841 0.084120
0.513281 0.273962 0.527584 0.259659 0.494892 0.258637 0.542909 0.272940 0.460156 0.269875 0.579688 0.380213 0.410096 0.369996 0.607272 0.520177 0.397836 0.467052 0.629748 0.656056 0.449940 0.359780 0.556190 0.626428 0.454026 0.623363 0.544952 0.825648 0.487740 0.811345 0.497957 1.000000 0.508173 1.000000 0.065246 0.024119 0.012350 0.001843 0.009759 0.896071 0.013011 0.074425
0.512514 0.272960 0.525794 0.258658 0.494126 0.257636 0.542139 0.270917 0.459393 0.268874 0.578915 0.380223 0.410359 0.370007 0.607518 0.520176 0.398100 0.468076 0.628971 0.655021 0.449178 0.358770 0.556441 0.626417 0.454286 0.623353 0.547247 0.825620 0.487997 0.810297 0.499234 0.997241 0.505363 1.000000 0.072150 0.029250 0.014296 0.002141 0.013953 0.900438 0.013661 0.071471
