0.504870 0.271123 0.521102 0.254891 0.488637 0.258137 0.543827 0.267877 0.465912 0.267877 0.576292 0.375011 0.426954 0.375011 0.592525 0.504870 0.404229 0.517856 0.595771 0.615250 0.394489 0.641222 0.543827 0.624989 0.452926 0.624989 0.521102 0.848997 0.472405 0.848997 0.504870 1.000000 0.475651 1.000000 0.009157 0.023062 0.008927 0.005341 0.030224 0.025142 0.004133 0.059792
0.504111 0.266493 0.520555 0.253338 0.487667 0.253338 0.543577 0.266493 0.467934 0.266493 0.579754 0.375024 0.425179 0.375024 0.596198 0.509866 0.405446 0.519733 0.599487 0.621687 0.398868 0.651286 0.543577 0.624976 0.451490 0.624976 0.523844 0.848616 0.474512 0.848616 0.507400 1.000000 0.477800 1.000000 0.005316 0.028169 0.017740 0.000728 0.029268 0.027238 0.006282 0.060666
0.504934 0.269757 0.518091 0.253311 0.488488 0.256600 0.544404 0.266468 0.465464 0.266468 0.577296 0.375011 0.425993 0.375011 0.593742 0.509868 0.406258 0.523024 0.600320 0.628278 0.399680 0.654592 0.544404 0.624989 0.452307 0.624989 0.521380 0.845365 0.472042 0.848654 0.504934 1.000000 0.478620 1.000000 0.010110 0.018921 0.008507 0.005369 0.020962 0.026290 0.004187 0.061150
0.503981 0.271501 0.519904 0.255578 0.488058 0.258763 0.542197 0.268317 0.465765 0.268317 0.574043 0.373410 0.427549 0.376595 0.593151 0.510350 0.408441 0.519904 0.599520 0.624997 0.398887 0.644105 0.545381 0.624997 0.453026 0.624997 0.526273 0.832000 0.468950 0.835184 0.507165 1.000000 0.475319 1.000000 0.000461 0.014425 0.006809 0.008465 0.026465 0.017755 0.002029 0.053368
0.501603 0.270833 0.517628 0.254808 0.485577 0.258013 0.540064 0.267628 0.463141 0.267628 0.575320 0.373397 0.424679 0.376603 0.594551 0.511218 0.405449 0.520833 0.600962 0.639423 0.395833 0.649038 0.546474 0.623397 0.453526 0.626603 0.524038 0.831731 0.466346 0.838141 0.508013 1.000000 0.475962 1.000000 0.009711 0.004809 0.002421 0.017299 0.028228 0.018364 0.000005 0.053416
0.500000 0.271497 0.515924 0.255573 0.484076 0.258758 0.538217 0.268312 0.461783 0.268312 0.573248 0.373408 0.426752 0.376592 0.592357 0.510350 0.404459 0.516720 0.598726 0.634554 0.391720 0.647293 0.544586 0.625000 0.455414 0.625000 0.519108 0.835191 0.471338 0.838376 0.506369 1.000000 0.480892 1.000000 0.018832 0.009029 0.002289 0.012856 0.027821 0.019263 0.000005 0.062106
0.498366 0.268791 0.514706 0.252451 0.482026 0.255719 0.537582 0.265523 0.462418 0.265523 0.576797 0.373366 0.423203 0.376634 0.596405 0.510621 0.400327 0.520425 0.602941 0.638072 0.387255 0.647876 0.547386 0.625000 0.452614 0.625000 0.524510 0.843954 0.468954 0.847222 0.511438 1.000000 0.478758 1.000000 0.012629 0.008454 0.003901 0.014157 0.028858 0.017685 0.000005 0.056499
0.500806 0.270166 0.516935 0.254037 0.484678 0.254037 0.536290 0.266940 0.462098 0.266940 0.574998 0.373390 0.423389 0.376615 0.597579 0.512097 0.404034 0.521774 0.607256 0.634675 0.387906 0.644352 0.549193 0.624997 0.452420 0.624997 0.529838 0.844348 0.468549 0.847573 0.516935 1.000000 0.481452 1.000000 0.007830 0.003758 0.004518 0.014012 0.026289 0.000559 0.002052 0.051039
0.496689 0.265749 0.513244 0.249194 0.480134 0.249194 0.536421 0.262438 0.456957 0.262438 0.576152 0.371700 0.420537 0.378322 0.599329 0.510761 0.397360 0.520694 0.612573 0.626644 0.387427 0.649821 0.549664 0.623334 0.453646 0.626644 0.529799 0.845168 0.470201 0.848479 0.519866 1.000000 0.480134 1.000000 0.012788 0.008564 0.004954 0.018482 0.016347 0.026930 0.004216 0.052140
0.499172 0.262464 0.515725 0.249222 0.482619 0.249222 0.538900 0.262464 0.459445 0.265775 0.575316 0.371714 0.419718 0.378335 0.595180 0.507449 0.399854 0.520691 0.608422 0.623320 0.393233 0.633252 0.552142 0.623320 0.452824 0.626631 0.532278 0.845131 0.466066 0.848441 0.525657 1.000000 0.482619 1.000000 0.017644 0.005836 0.000797 0.023211 0.010033 0.025428 0.006323 0.047410
0.498277 0.257851 0.515511 0.244063 0.481042 0.244063 0.539640 0.257851 0.456913 0.261298 0.577557 0.371601 0.415549 0.378495 0.598238 0.502585 0.391421 0.516373 0.612026 0.599100 0.391421 0.619782 0.553428 0.623229 0.453466 0.626676 0.532746 0.857623 0.463807 0.864516 0.529299 1.000000 0.481042 1.000000 0.022796 0.010606 0.002415 0.034427 0.004681 0.055146 0.008779 0.041844
0.500000 0.260364 0.517117 0.246670 0.482883 0.246670 0.541080 0.260364 0.458920 0.263787 0.575314 0.373335 0.417839 0.376759 0.592431 0.503423 0.393875 0.513694 0.616395 0.592431 0.400722 0.599278 0.554774 0.623241 0.452073 0.626665 0.537657 0.859454 0.465766 0.866301 0.534234 1.000000 0.479460 1.000000 0.017808 0.001698 0.003081 0.025165 0.042070 0.080556 0.008718 0.041195
0.500844 0.261960 0.517726 0.248454 0.483962 0.248454 0.537985 0.261960 0.460327 0.261960 0.575126 0.373383 0.416433 0.376759 0.592008 0.505065 0.396174 0.515194 0.615644 0.599605 0.419809 0.569217 0.554867 0.623240 0.453574 0.626617 0.537985 0.852839 0.470456 0.856216 0.531232 1.000000 0.483962 1.000000 0.013573 0.004098 0.002389 0.023609 0.037392 0.177528 0.010750 0.046726
0.500892 0.259082 0.518738 0.244806 0.483047 0.244806 0.540153 0.262651 0.458062 0.262651 0.579414 0.373295 0.411663 0.376864 0.593690 0.501785 0.390249 0.526769 0.611536 0.526769 0.408094 0.537476 0.557999 0.623136 0.450924 0.626705 0.540153 0.876546 0.468770 0.876546 0.533015 1.000000 0.486616 1.000000 0.013020 0.001014 0.004840 0.026917 0.162208 0.373146 0.011364 0.045077
0.506031 0.261349 0.523262 0.247564 0.488800 0.247564 0.543939 0.264795 0.461230 0.261349 0.574955 0.371628 0.416429 0.378520 0.585294 0.509477 0.395752 0.530154 0.602525 0.495692 0.450891 0.499138 0.554278 0.623203 0.454337 0.626649 0.540493 0.864439 0.475015 0.867885 0.533601 1.000000 0.488800 1.000000 0.008810 0.008237 0.007934 0.021041 0.690948 0.706238 0.010972 0.045387
0.505869 0.267748 0.522638 0.254333 0.489100 0.250979 0.542761 0.267748 0.462270 0.267748 0.572946 0.371716 0.418670 0.378424 0.583007 0.512577 0.395193 0.529346 0.603130 0.479039 0.435439 0.502515 0.552823 0.623253 0.455562 0.626607 0.539407 0.858020 0.475685 0.861374 0.532700 1.000000 0.489100 1.000000 0.008944 0.008237 0.007241 0.019756 0.805281 0.736288 0.010677 0.045387
0.503399 0.266351 0.523790 0.252757 0.486406 0.249358 0.540782 0.266351 0.459218 0.262952 0.571369 0.371705 0.418435 0.378503 0.581565 0.511045 0.391247 0.531436 0.598557 0.477060 0.432029 0.500850 0.554376 0.623197 0.455819 0.626595 0.544181 0.864492 0.472812 0.864492 0.530587 1.000000 0.486406 1.000000 0.004992 0.003995 0.008033 0.024908 0.829167 0.760836 0.012985 0.036140
0.505026 0.271303 0.521781 0.257899 0.488272 0.254548 0.538535 0.271303 0.458114 0.267952 0.568693 0.371829 0.417903 0.378531 0.578746 0.512566 0.391096 0.532671 0.595500 0.482408 0.438009 0.492461 0.555290 0.623145 0.458114 0.626496 0.538535 0.861057 0.474868 0.861057 0.528482 1.000000 0.484921 1.000000 0.008939 0.009256 0.005420 0.028475 0.815888 0.780373 0.017074 0.045077
0.505095 0.269898 0.522076 0.256313 0.488113 0.252917 0.539058 0.266502 0.460942 0.263106 0.569625 0.371788 0.416790 0.378581 0.576418 0.507642 0.393015 0.531416 0.593399 0.494056 0.447357 0.487264 0.556040 0.623117 0.457546 0.626513 0.539058 0.864257 0.474527 0.864257 0.525473 1.000000 0.484717 1.000000 0.004715 0.009256 0.005192 0.029163 0.698874 0.766309 0.017306 0.045077
0.503469 0.265828 0.520815 0.251951 0.486123 0.251951 0.541631 0.265828 0.458369 0.262359 0.572853 0.369905 0.416739 0.380312 0.579792 0.508673 0.388985 0.536427 0.593669 0.498265 0.451431 0.484389 0.555507 0.623157 0.454900 0.626626 0.538161 0.872940 0.472246 0.872940 0.520815 1.000000 0.486123 1.000000 0.000593 0.004955 0.000306 0.026548 0.688931 0.777145 0.013255 0.044449
0.500861 0.264929 0.518082 0.251152 0.483640 0.251152 0.538748 0.264929 0.456086 0.264929 0.573191 0.371701 0.414754 0.378590 0.580079 0.509472 0.390645 0.533582 0.590412 0.499139 0.449197 0.481918 0.555969 0.623132 0.456086 0.626577 0.535304 0.871119 0.473307 0.867675 0.518082 1.000000 0.483640 1.000000 0.004698 0.009442 0.004698 0.029871 0.734098 0.779253 0.015355 0.049163
0.502639 0.260712 0.520234 0.246636 0.485044 0.246636 0.541348 0.260712 0.456893 0.260712 0.576537 0.373318 0.414666 0.376837 0.580056 0.517595 0.386514 0.535189 0.541348 0.531671 0.449855 0.485924 0.555423 0.623163 0.453374 0.626682 0.537829 0.876527 0.470969 0.876527 0.520234 1.000000 0.485044 1.000000 0.000306 0.004210 0.004765 0.026548 0.396745 0.766420 0.011203 0.044449
0.500868 0.262204 0.518225 0.248318 0.483511 0.248318 0.542525 0.262204 0.459210 0.265676 0.577240 0.373291 0.417553 0.376763 0.577240 0.515622 0.386309 0.529507 0.584183 0.505207 0.452267 0.487850 0.552940 0.623237 0.452267 0.626709 0.535583 0.869711 0.469625 0.869711 0.518225 1.000000 0.483511 1.000000 0.000140 0.004266 0.008471 0.021231 0.812833 0.743532 0.006631 0.045077
0.500850 0.262805 0.517853 0.245801 0.483847 0.249202 0.538257 0.259404 0.460042 0.266205 0.575665 0.375026 0.419235 0.375026 0.579065 0.507651 0.385228 0.521254 0.579065 0.507651 0.453241 0.490648 0.551860 0.623274 0.453241 0.626674 0.534857 0.857919 0.466844 0.854518 0.517853 1.000000 0.477046 1.000000 0.000684 0.003078 0.007404 0.023774 0.500000 0.707331 0.006495 0.042007
0.499167 0.265005 0.515833 0.248339 0.482500 0.251672 0.539166 0.261672 0.459168 0.265005 0.575832 0.375003 0.422502 0.375003 0.579165 0.505000 0.385836 0.515000 0.579165 0.505000 0.452501 0.491667 0.549166 0.624997 0.452501 0.624997 0.535833 0.848326 0.465834 0.844992 0.515833 1.000000 0.475834 1.000000 0.010318 0.003367 0.014844 0.018748 0.500000 0.688702 0.002120 0.038249
0.500845 0.260141 0.517736 0.246627 0.483953 0.250006 0.541384 0.256762 0.460305 0.266897 0.578546 0.375003 0.419765 0.375003 0.585302 0.513513 0.379226 0.516891 0.581924 0.506757 0.453548 0.496622 0.551519 0.624997 0.450170 0.624997 0.534628 0.861478 0.463683 0.858100 0.517736 1.000000 0.470440 1.000000 0.001014 0.008000 0.011581 0.020092 0.867931 0.673336 0.002149 0.041130
0.498276 0.256058 0.515516 0.238818 0.481036 0.242266 0.539651 0.252610 0.456901 0.259506 0.577579 0.376736 0.418973 0.373288 0.594819 0.521550 0.374150 0.514654 0.581027 0.507758 0.453453 0.500862 0.553443 0.624988 0.450005 0.624988 0.536203 0.866344 0.460349 0.862897 0.512068 1.000000 0.467245 1.000000 0.010936 0.001351 0.008151 0.025216 0.787717 0.652546 0.004390 0.036529
0.495833 0.258339 0.512500 0.245006 0.479167 0.248339 0.535833 0.255005 0.459168 0.265005 0.575832 0.375003 0.422502 0.375003 0.592498 0.518333 0.372503 0.511666 0.572498 0.501667 0.455834 0.498333 0.552499 0.624997 0.449168 0.624997 0.532499 0.858325 0.459168 0.851659 0.509166 1.000000 0.462501 1.000000 0.006933 0.007540 0.002407 0.019791 0.757989 0.662142 0.002120 0.041251
0.500000 0.258468 0.513512 0.241578 0.479732 0.244956 0.540537 0.255090 0.459463 0.261846 0.577696 0.376700 0.418926 0.373322 0.601342 0.515201 0.371633 0.511823 0.567561 0.501689 0.456085 0.505067 0.554049 0.626678 0.449329 0.623300 0.533781 0.863142 0.459463 0.856386 0.513512 1.000000 0.459463 1.000000 0.002088 0.013831 0.002808 0.024693 0.674946 0.630150 0.004302 0.041048
0.498311 0.256757 0.511824 0.239865 0.478041 0.243243 0.538851 0.256757 0.457770 0.263514 0.579392 0.375000 0.420608 0.375000 0.606419 0.516892 0.369932 0.513514 0.555743 0.493243 0.457770 0.506757 0.552365 0.625000 0.447635 0.625000 0.532095 0.861486 0.457770 0.854730 0.508446 1.000000 0.457770 1.000000 0.007462 0.014034 0.007063 0.020245 0.698895 0.636077 0.000005 0.041251
0.498299 0.259354 0.511905 0.242347 0.477891 0.245748 0.535714 0.255952 0.457483 0.262755 0.579932 0.375000 0.420068 0.375000 0.610544 0.517857 0.372449 0.517857 0.552721 0.494048 0.457483 0.507653 0.552721 0.626701 0.447279 0.623299 0.532313 0.861395 0.457483 0.857993 0.505102 1.000000 0.457483 1.000000 0.011974 0.013831 0.006669 0.020914 0.691527 0.640432 0.000005 0.041441
0.499144 0.258567 0.516267 0.241444 0.478596 0.244869 0.536814 0.255143 0.458049 0.261992 0.581334 0.375003 0.416954 0.375003 0.615579 0.522260 0.372434 0.518835 0.553937 0.491439 0.451200 0.511986 0.553937 0.624997 0.447775 0.624997 0.533390 0.868142 0.458049 0.864717 0.505993 1.000000 0.458049 1.000000 0.012145 0.013634 0.007909 0.025413 0.720316 0.623157 0.002178 0.040469
0.500000 0.256034 0.517241 0.242241 0.482759 0.245690 0.537931 0.256034 0.458621 0.262931 0.582759 0.373276 0.417241 0.376724 0.620690 0.518103 0.372414 0.521552 0.558621 0.490517 0.444828 0.518103 0.551724 0.625000 0.448276 0.625000 0.531034 0.873276 0.462069 0.873276 0.506897 1.000000 0.458621 1.000000 0.005717 0.022213 0.012582 0.021918 0.714660 0.610694 0.000005 0.044130
0.500000 0.258562 0.517123 0.244863 0.482877 0.248288 0.537671 0.258562 0.458904 0.261986 0.582192 0.371575 0.417808 0.378425 0.626712 0.515411 0.373288 0.518836 0.554795 0.491438 0.441781 0.518836 0.551370 0.625000 0.448630 0.625000 0.534247 0.878425 0.462329 0.875000 0.506849 1.000000 0.458904 1.000000 0.013749 0.021668 0.017049 0.022159 0.697964 0.597736 0.000005 0.038899
0.500862 0.256040 0.514655 0.242248 0.483621 0.245696 0.538792 0.256040 0.459484 0.259488 0.580171 0.373279 0.418105 0.376727 0.631893 0.514655 0.373279 0.518103 0.552585 0.493966 0.438795 0.518103 0.552585 0.624997 0.449139 0.624997 0.535344 0.876715 0.462932 0.876715 0.504310 1.000000 0.462932 1.000000 0.017279 0.017424 0.012977 0.022159 0.692867 0.597736 0.002195 0.039192
0.500874 0.257873 0.514860 0.240391 0.479896 0.243887 0.539335 0.257873 0.458917 0.261369 0.581292 0.373255 0.416960 0.376751 0.637234 0.516608 0.371507 0.520104 0.549824 0.499126 0.434442 0.523601 0.553320 0.624997 0.448428 0.624997 0.535838 0.883732 0.462413 0.880235 0.507867 1.000000 0.462413 1.000000 0.014746 0.017424 0.013749 0.022710 0.681266 0.580070 0.002225 0.038899
0.497396 0.260422 0.514757 0.243062 0.480035 0.246534 0.539062 0.260422 0.459202 0.260422 0.580727 0.375003 0.417537 0.375003 0.639754 0.513889 0.372399 0.517361 0.552950 0.500000 0.434897 0.524305 0.552950 0.624997 0.448786 0.624997 0.535589 0.874991 0.462674 0.874991 0.504340 1.000000 0.462674 1.000000 0.018065 0.017666 0.013154 0.021918 0.678421 0.562512 0.002213 0.039735
0.497378 0.257873 0.514860 0.243887 0.479896 0.243887 0.535838 0.257873 0.455421 0.257873 0.581292 0.373255 0.416960 0.376751 0.637234 0.516608 0.371507 0.520104 0.549824 0.502622 0.434442 0.527097 0.553320 0.624997 0.448428 0.624997 0.532342 0.876739 0.465910 0.876739 0.504371 1.000000 0.465910 1.000000 0.008759 0.022069 0.008759 0.018065 0.668934 0.562512 0.002225 0.048534
0.499150 0.261104 0.516153 0.247502 0.482147 0.247502 0.536557 0.264505 0.458342 0.264505 0.577365 0.373326 0.417534 0.376726 0.631775 0.512752 0.373326 0.516153 0.553560 0.502550 0.444739 0.522954 0.553560 0.624974 0.451541 0.624974 0.529756 0.869821 0.468544 0.869821 0.505951 1.000000 0.468544 1.000000 0.000438 0.022069 0.000836 0.021265 0.659718 0.567512 0.006495 0.052919
0.495749 0.257704 0.512752 0.244101 0.478746 0.244101 0.536557 0.261104 0.454941 0.261104 0.577365 0.373326 0.417534 0.376726 0.628375 0.512752 0.373326 0.516153 0.553560 0.502550 0.444739 0.522954 0.553560 0.624974 0.451541 0.624974 0.529756 0.866420 0.468544 0.866420 0.505951 1.000000 0.468544 1.000000 0.000444 0.022379 0.001267 0.020955 0.654780 0.567512 0.006495 0.053661
0.497450 0.261104 0.514453 0.247502 0.480446 0.247502 0.534857 0.261104 0.456642 0.261104 0.575665 0.373326 0.419235 0.376726 0.623274 0.516153 0.375026 0.519554 0.551860 0.502550 0.443039 0.522954 0.551860 0.624974 0.453241 0.624974 0.531456 0.866420 0.470244 0.866420 0.504251 1.000000 0.473645 1.000000 0.008879 0.018079 0.003185 0.020955 0.662329 0.579645 0.006495 0.049215
0.495778 0.261873 0.512666 0.244985 0.478889 0.244985 0.536310 0.261873 0.458623 0.261873 0.576842 0.373337 0.418091 0.376714 0.617375 0.511822 0.377559 0.518577 0.546443 0.501689 0.445113 0.518577 0.553199 0.623285 0.451868 0.626663 0.532932 0.859723 0.472134 0.863101 0.505911 1.000000 0.475512 1.000000 0.009005 0.022796 0.002808 0.015538 0.635800 0.588586 0.006451 0.054435
0.496667 0.261688 0.509999 0.248356 0.480002 0.248356 0.533330 0.261688 0.456671 0.261688 0.576660 0.371678 0.420007 0.378344 0.609990 0.508333 0.383344 0.518332 0.546663 0.501667 0.450004 0.514999 0.549996 0.624989 0.453337 0.624989 0.529997 0.854968 0.470003 0.858302 0.506666 1.000000 0.476669 1.000000 0.005526 0.013733 0.005773 0.020058 0.609533 0.597438 0.004244 0.050308
0.495000 0.263354 0.511666 0.246689 0.478335 0.250022 0.534997 0.263354 0.458337 0.263354 0.574993 0.373345 0.421674 0.376678 0.608324 0.509999 0.385010 0.523331 0.544996 0.503333 0.451671 0.516665 0.548329 0.623322 0.455004 0.626655 0.524998 0.856635 0.471669 0.856635 0.508333 1.000000 0.478335 1.000000 0.008363 0.013933 0.002098 0.019166 0.609533 0.609705 0.004244 0.054751
0.496689 0.260783 0.513244 0.247539 0.480134 0.247539 0.536421 0.264094 0.456957 0.264094 0.576152 0.370045 0.420537 0.379977 0.605951 0.512416 0.387427 0.522349 0.543043 0.499172 0.453646 0.512416 0.549664 0.624989 0.453646 0.624989 0.526488 0.850135 0.470201 0.853446 0.509933 1.000000 0.480134 1.000000 0.008584 0.008992 0.000306 0.019730 0.631723 0.620126 0.004216 0.055678
0.495066 0.263178 0.511512 0.250022 0.478620 0.250022 0.534536 0.266468 0.458885 0.266468 0.574007 0.371722 0.422704 0.378300 0.606899 0.513157 0.393101 0.523024 0.544404 0.496711 0.458885 0.509868 0.547693 0.624989 0.455596 0.624989 0.524669 0.855232 0.472042 0.855232 0.511512 1.000000 0.481909 1.000000 0.012744 0.008867 0.001228 0.019494 0.654641 0.627056 0.004187 0.054423
0.495833 0.260005 0.512500 0.246672 0.479167 0.246672 0.535833 0.263339 0.459168 0.263339 0.575832 0.373336 0.422502 0.376669 0.612498 0.513333 0.389169 0.523333 0.542499 0.496667 0.455834 0.506667 0.549166 0.623331 0.452501 0.626664 0.525833 0.856659 0.469167 0.856659 0.515833 1.000000 0.479167 1.000000 0.016816 0.008783 0.002098 0.014990 0.655938 0.649114 0.002120 0.054751
0.497517 0.257456 0.514073 0.244211 0.480961 0.247522 0.537251 0.264078 0.461094 0.264078 0.576985 0.373347 0.421359 0.376658 0.613408 0.515728 0.388247 0.522350 0.543873 0.495861 0.457782 0.509106 0.550496 0.624997 0.451160 0.624997 0.527317 0.853469 0.464405 0.853469 0.520695 1.000000 0.480961 1.000000 0.020819 0.006385 0.001199 0.019583 0.668304 0.631048 0.002108 0.050614
0.497483 0.255878 0.514261 0.242455 0.480705 0.242455 0.537751 0.262589 0.460571 0.262589 0.578018 0.373325 0.420304 0.376681 0.614930 0.517617 0.386748 0.524328 0.544462 0.497483 0.453860 0.514261 0.551173 0.624997 0.450504 0.624997 0.527684 0.856536 0.463927 0.856536 0.520973 1.000000 0.480705 1.000000 0.021576 0.006385 0.001645 0.020092 0.668304 0.618528 0.002137 0.050614
0.499155 0.255073 0.516047 0.241560 0.478886 0.241560 0.539695 0.258451 0.458616 0.258451 0.580235 0.373314 0.418076 0.376692 0.620774 0.518581 0.380915 0.521959 0.549830 0.501689 0.455238 0.515202 0.553208 0.623308 0.448481 0.626686 0.529560 0.853032 0.461994 0.856411 0.526182 1.000000 0.478886 1.000000 0.026968 0.006116 0.001626 0.019822 0.661029 0.608576 0.002149 0.051355
