0.499266 0.265112 0.516883 0.253368 0.483117 0.248963 0.535967 0.272452 0.458161 0.263644 0.569732 0.375216 0.415587 0.375216 0.590285 0.516149 0.392098 0.520553 0.600561 0.639465 0.383290 0.640933 0.556520 0.623316 0.458161 0.626252 0.543307 0.839120 0.469905 0.846460 0.541839 1.000000 0.484585 1.000000 0.017313 0.004514 0.002527 0.036513 0.019630 0.027753 0.018703 0.036424
0.498887 0.263945 0.516702 0.252068 0.482556 0.249099 0.536002 0.271368 0.455833 0.262461 0.568664 0.375292 0.414263 0.375292 0.589448 0.520785 0.390509 0.520785 0.601325 0.648462 0.381601 0.638070 0.558271 0.623224 0.458802 0.626193 0.543425 0.841463 0.472163 0.845917 0.536002 1.000000 0.484040 1.000000 0.010648 0.002143 0.008285 0.036589 0.015642 0.027386 0.021755 0.040953
0.499627 0.264133 0.517541 0.252190 0.483206 0.247712 0.535455 0.271597 0.456335 0.262640 0.568297 0.376095 0.413043 0.374602 0.589197 0.519407 0.389157 0.517914 0.599646 0.640326 0.381693 0.632862 0.557847 0.623905 0.460813 0.625398 0.542919 0.838872 0.478727 0.844844 0.530976 1.000000 0.487684 1.000000 0.003898 0.012942 0.008654 0.033986 0.018655 0.031928 0.023781 0.047996
0.499627 0.262868 0.517524 0.250937 0.483222 0.246463 0.536912 0.271817 0.456377 0.261377 0.566740 0.377706 0.411635 0.373231 0.587619 0.520880 0.389264 0.514914 0.604025 0.635717 0.381807 0.626769 0.559283 0.623786 0.462342 0.625277 0.542878 0.840038 0.481730 0.844512 0.529455 1.000000 0.489187 1.000000 0.003220 0.017105 0.014459 0.035118 0.000930 0.028658 0.027569 0.052178
0.498881 0.262750 0.518279 0.250813 0.482467 0.246336 0.536184 0.271703 0.457101 0.262750 0.567519 0.377645 0.412337 0.373168 0.588409 0.522382 0.389955 0.514921 0.598854 0.632800 0.381002 0.623847 0.560059 0.623847 0.460085 0.625340 0.546629 0.837223 0.473515 0.840208 0.531708 1.000000 0.483959 1.000000 0.002858 0.004513 0.010365 0.039698 0.015606 0.023744 0.025676 0.039876
0.498499 0.262140 0.518008 0.250134 0.481992 0.245632 0.536017 0.271144 0.454979 0.260639 0.567531 0.377693 0.411459 0.373191 0.590042 0.523261 0.387448 0.515757 0.600547 0.641816 0.379944 0.626809 0.560028 0.623807 0.460982 0.625308 0.546522 0.838407 0.472987 0.842909 0.531515 1.000000 0.483492 1.000000 0.002376 0.002085 0.010306 0.044195 0.020705 0.031637 0.026782 0.037551
0.498861 0.259199 0.518611 0.245525 0.482149 0.242487 0.536842 0.268314 0.454802 0.259199 0.568746 0.377700 0.410744 0.373142 0.590016 0.526587 0.386436 0.520510 0.602170 0.648127 0.378840 0.637492 0.561150 0.623819 0.459360 0.625338 0.547477 0.842591 0.476072 0.845630 0.533803 1.000000 0.486707 1.000000 0.000137 0.008851 0.010047 0.036516 0.013442 0.031396 0.026143 0.043970
0.500000 0.258674 0.518071 0.246626 0.481929 0.242109 0.537648 0.267709 0.456328 0.260180 0.569273 0.377643 0.411150 0.373125 0.590356 0.528236 0.387055 0.520707 0.603910 0.648711 0.379525 0.645699 0.560237 0.624616 0.459340 0.624616 0.548190 0.839965 0.477411 0.842977 0.533131 1.000000 0.487953 1.000000 0.003980 0.010713 0.006150 0.033980 0.008616 0.032362 0.024952 0.044072
0.499632 0.259135 0.517283 0.248838 0.483452 0.244426 0.536406 0.269431 0.456975 0.260606 0.567295 0.378280 0.414318 0.372397 0.590830 0.528315 0.390783 0.516548 0.607010 0.659228 0.383429 0.641577 0.558470 0.623926 0.459917 0.625397 0.546702 0.831327 0.476097 0.831327 0.530522 1.000000 0.481981 1.000000 0.005574 0.016119 0.006608 0.031802 0.010384 0.032812 0.023432 0.042999
0.498888 0.258220 0.516687 0.246353 0.482571 0.241903 0.535970 0.267120 0.455871 0.258220 0.567120 0.378368 0.412855 0.372435 0.590853 0.526700 0.387639 0.519283 0.616069 0.664648 0.383189 0.648331 0.559703 0.623115 0.460321 0.626082 0.544870 0.832262 0.475154 0.835229 0.525587 1.000000 0.472188 1.000000 0.005541 0.027117 0.012895 0.036348 0.007048 0.043160 0.025524 0.045075
0.501471 0.260659 0.517647 0.244482 0.482353 0.244482 0.539706 0.259188 0.455882 0.259188 0.566177 0.376837 0.414705 0.373895 0.592648 0.522427 0.391175 0.518015 0.623531 0.656252 0.385293 0.648899 0.558824 0.623899 0.460294 0.625369 0.544118 0.837137 0.473529 0.841549 0.526471 1.000000 0.463235 1.000000 0.005108 0.036991 0.012447 0.037621 0.014943 0.037218 0.024365 0.041382
0.500731 0.261221 0.518283 0.248057 0.483179 0.246595 0.538760 0.265609 0.456852 0.262684 0.568014 0.376771 0.414435 0.373846 0.595804 0.527425 0.393957 0.523037 0.627982 0.659064 0.388107 0.657601 0.557775 0.623960 0.459777 0.625423 0.543148 0.840434 0.474404 0.844821 0.525596 1.000000 0.461240 1.000000 0.005173 0.045420 0.008298 0.035571 0.018248 0.029587 0.022366 0.042664
0.500723 0.263162 0.518079 0.250145 0.484813 0.247252 0.536882 0.267501 0.458779 0.261716 0.567255 0.377423 0.416836 0.373084 0.599074 0.523503 0.398033 0.522057 0.629447 0.650781 0.393694 0.656566 0.557130 0.623300 0.458779 0.626193 0.541221 0.837358 0.474689 0.843144 0.522418 1.000000 0.458779 1.000000 0.005243 0.055316 0.010516 0.028972 0.006297 0.029699 0.020271 0.046916
0.503936 0.265618 0.519681 0.252735 0.486760 0.249873 0.538288 0.269912 0.460996 0.264186 0.569778 0.377262 0.419487 0.372968 0.601268 0.518965 0.403742 0.521828 0.631326 0.643492 0.399448 0.656374 0.554033 0.624885 0.456702 0.624885 0.539720 0.846743 0.478172 0.836724 0.521112 1.000000 0.458133 0.995603 0.009175 0.072088 0.000321 0.014534 0.005787 0.023387 0.013673 0.052659
0.504309 0.265183 0.521543 0.252257 0.487074 0.249385 0.541649 0.266619 0.462659 0.265183 0.573246 0.375770 0.419573 0.374334 0.603406 0.517952 0.406648 0.520825 0.635002 0.642901 0.402339 0.660135 0.551703 0.625666 0.455478 0.624230 0.535905 0.851148 0.478457 0.836786 0.517234 1.000000 0.461223 1.000000 0.006592 0.067662 0.005107 0.011145 0.012305 0.018172 0.009144 0.056544
0.504710 0.269227 0.522099 0.254736 0.487320 0.253287 0.543836 0.269227 0.462685 0.267778 0.575717 0.375013 0.420660 0.375013 0.606148 0.518476 0.409068 0.524273 0.636580 0.643101 0.404720 0.664838 0.551082 0.625711 0.452541 0.624262 0.535141 0.841631 0.481524 0.830038 0.514854 1.000000 0.461236 1.000000 0.005779 0.076955 0.007722 0.004047 0.009701 0.014832 0.004613 0.067996
0.503233 0.271560 0.520473 0.257193 0.485992 0.255756 0.542024 0.271560 0.463004 0.270123 0.576506 0.373568 0.421339 0.376441 0.606677 0.512931 0.412719 0.522988 0.635412 0.632179 0.408409 0.658040 0.549208 0.624995 0.452947 0.624995 0.531967 0.837631 0.477372 0.829011 0.510416 1.000000 0.463004 1.000000 0.004188 0.058702 0.008672 0.002336 0.007402 0.008547 0.002745 0.063680
0.501776 0.277700 0.520241 0.262075 0.486151 0.260654 0.540128 0.274859 0.463423 0.269177 0.574218 0.374290 0.425071 0.375711 0.605468 0.509233 0.412287 0.523437 0.632457 0.622869 0.406605 0.651278 0.547230 0.625710 0.453480 0.624289 0.525923 0.838777 0.474787 0.830254 0.503196 1.000000 0.467685 1.000000 0.000808 0.042694 0.002314 0.003409 0.001788 0.013340 0.000909 0.064537
0.501765 0.279669 0.518714 0.265545 0.484817 0.264133 0.539900 0.276844 0.463631 0.272607 0.575209 0.372886 0.426909 0.377123 0.606282 0.507062 0.415610 0.524010 0.630292 0.618640 0.411373 0.648300 0.544137 0.625702 0.453745 0.624289 0.515889 0.841796 0.473518 0.837559 0.500353 1.000000 0.474930 1.000000 0.019794 0.027522 0.002450 0.004997 0.004969 0.013590 0.002699 0.070802
0.502472 0.279683 0.519419 0.265560 0.485524 0.264148 0.542016 0.276858 0.464340 0.274034 0.577323 0.371482 0.426208 0.378543 0.609805 0.502825 0.414910 0.525421 0.629577 0.615808 0.409260 0.651115 0.544840 0.625694 0.451629 0.624281 0.518007 0.846011 0.468577 0.843186 0.502472 1.000000 0.482699 1.000000 0.015880 0.004346 0.001874 0.008218 0.022027 0.010141 0.004496 0.063173
0.501806 0.277532 0.519141 0.261641 0.485915 0.261641 0.542255 0.273198 0.462802 0.271753 0.581259 0.371431 0.425242 0.378654 0.615929 0.504334 0.413685 0.524558 0.630375 0.615568 0.403573 0.648794 0.545144 0.625680 0.448356 0.624235 0.519141 0.848148 0.464246 0.845259 0.497472 1.000000 0.481581 1.000000 0.003065 0.003259 0.007878 0.007025 0.040118 0.000706 0.008278 0.059883
0.502940 0.272892 0.520579 0.258193 0.485300 0.256723 0.544099 0.269952 0.461781 0.267013 0.583787 0.369909 0.423562 0.380199 0.620536 0.508085 0.410333 0.533074 0.630826 0.619801 0.395633 0.668310 0.545569 0.625681 0.447082 0.624211 0.517639 0.849114 0.464721 0.847644 0.498530 1.000000 0.480891 1.000000 0.009469 0.000645 0.007631 0.005508 0.053506 0.006986 0.009360 0.064661
0.500724 0.272239 0.518105 0.256307 0.483343 0.256307 0.542728 0.269342 0.461617 0.267894 0.583283 0.369282 0.425407 0.380869 0.620941 0.505431 0.409475 0.531503 0.626735 0.616958 0.390646 0.660410 0.544176 0.625649 0.447133 0.624200 0.518105 0.840012 0.464514 0.838563 0.500724 1.000000 0.478998 1.000000 0.012059 0.003835 0.009661 0.002595 0.069375 0.012626 0.011067 0.064277
0.499642 0.274206 0.516818 0.258461 0.482466 0.258461 0.539720 0.271343 0.462427 0.268480 0.581229 0.371537 0.429506 0.378694 0.619875 0.507515 0.408036 0.530416 0.621306 0.624885 0.387997 0.659237 0.542582 0.624885 0.446682 0.624885 0.521112 0.841018 0.465290 0.839586 0.503936 1.000000 0.483897 1.000000 0.005234 0.000132 0.016668 0.005347 0.084261 0.004375 0.013673 0.059035
0.497853 0.272088 0.516458 0.256345 0.482110 0.256345 0.539357 0.269225 0.462074 0.267794 0.582292 0.372269 0.429157 0.377993 0.619502 0.511092 0.406259 0.531128 0.619502 0.631309 0.383360 0.659932 0.543650 0.625584 0.444900 0.624153 0.520752 0.844552 0.462074 0.838827 0.509303 1.000000 0.482110 1.000000 0.015377 0.003825 0.015018 0.005080 0.083361 0.008756 0.014583 0.058577
0.500000 0.267963 0.517268 0.252134 0.482732 0.253573 0.543170 0.263646 0.459708 0.262207 0.583461 0.371570 0.429490 0.378765 0.620875 0.511152 0.406466 0.528420 0.622314 0.637783 0.377686 0.660807 0.543170 0.624832 0.443879 0.624832 0.525902 0.850753 0.462586 0.846436 0.515829 1.000000 0.487049 1.000000 0.008712 0.009596 0.025937 0.008213 0.079744 0.019548 0.016497 0.051089
0.499288 0.267691 0.516365 0.253461 0.482212 0.252038 0.540556 0.264845 0.462290 0.264845 0.581824 0.371572 0.429560 0.378687 0.614553 0.516721 0.402523 0.528105 0.617399 0.647639 0.374062 0.656177 0.543402 0.626293 0.445214 0.623447 0.529172 0.851131 0.463713 0.841170 0.526326 1.000000 0.487904 1.000000 0.015108 0.008941 0.027535 0.006652 0.063676 0.012622 0.014500 0.047101
0.499294 0.267131 0.516230 0.251607 0.482358 0.250195 0.538811 0.264309 0.461189 0.264309 0.581151 0.371569 0.428728 0.378626 0.610789 0.516936 0.400502 0.528226 0.613612 0.649601 0.369452 0.651012 0.544457 0.625608 0.445664 0.624197 0.530344 0.855654 0.464011 0.840130 0.531755 1.000000 0.486592 1.000000 0.022224 0.006403 0.026158 0.005064 0.057249 0.019479 0.012582 0.046485
0.498568 0.265497 0.517185 0.249745 0.482815 0.248312 0.540098 0.264065 0.459902 0.262633 0.583060 0.370039 0.424100 0.380064 0.610270 0.521839 0.396890 0.530432 0.614566 0.656454 0.363953 0.652158 0.547259 0.624949 0.445581 0.624949 0.528642 0.858377 0.465630 0.849785 0.535802 1.000000 0.488543 1.000000 0.038699 0.004434 0.019083 0.000453 0.046301 0.027134 0.009119 0.053643
0.499292 0.267366 0.517704 0.253203 0.483712 0.250370 0.538949 0.267366 0.459634 0.263117 0.580023 0.370759 0.422809 0.379257 0.606934 0.520891 0.395899 0.527973 0.611183 0.655443 0.363323 0.644113 0.548864 0.624284 0.448304 0.625700 0.527619 0.848065 0.468132 0.850898 0.540366 1.000000 0.492210 1.000000 0.053379 0.006377 0.008798 0.004857 0.046407 0.030063 0.003608 0.058084
0.500356 0.267451 0.518875 0.253206 0.483262 0.248933 0.540242 0.267451 0.459046 0.261753 0.578703 0.371439 0.420584 0.378562 0.604344 0.521011 0.390670 0.525285 0.610042 0.660612 0.359331 0.639244 0.550213 0.623575 0.450499 0.626424 0.525997 0.845796 0.470442 0.852919 0.543091 1.000000 0.493234 1.000000 0.060834 0.003573 0.001265 0.010277 0.041057 0.021403 0.000910 0.062506
0.501053 0.270410 0.520712 0.256367 0.485607 0.252155 0.540371 0.271814 0.461735 0.263388 0.575477 0.372918 0.419608 0.377131 0.600753 0.520361 0.390120 0.521765 0.607774 0.659379 0.359227 0.631295 0.551605 0.624274 0.453310 0.625678 0.526329 0.839120 0.474373 0.850354 0.541776 1.000000 0.494032 1.000000 0.059402 0.002813 0.007137 0.013144 0.037979 0.023486 0.006258 0.067032
0.501400 0.270716 0.521003 0.256714 0.485998 0.252513 0.540606 0.272116 0.460794 0.262315 0.575611 0.374331 0.418788 0.375731 0.598015 0.521353 0.387983 0.517153 0.606416 0.659974 0.358579 0.619368 0.551808 0.623568 0.453793 0.626369 0.528004 0.842001 0.474796 0.850402 0.537806 1.000000 0.495799 1.000000 0.048382 0.000713 0.004242 0.014416 0.028866 0.020893 0.007132 0.064306
0.504499 0.273305 0.522496 0.259461 0.487887 0.253923 0.543262 0.274689 0.462967 0.263614 0.573719 0.375750 0.418667 0.374366 0.597254 0.521112 0.388210 0.512806 0.606945 0.655399 0.360522 0.612482 0.552953 0.623558 0.454661 0.626326 0.533572 0.842293 0.476811 0.849215 0.532187 1.000000 0.497577 1.000000 0.026213 0.002844 0.001519 0.013637 0.028161 0.017315 0.009696 0.059661
0.503432 0.273519 0.522648 0.259793 0.488333 0.255675 0.543237 0.273519 0.463626 0.263911 0.572062 0.376465 0.418330 0.373720 0.594024 0.519217 0.388132 0.508236 0.607750 0.650987 0.362053 0.605691 0.554218 0.624908 0.455390 0.624908 0.537747 0.837662 0.478725 0.841780 0.526766 1.000000 0.495196 1.000000 0.008285 0.010289 0.001769 0.012510 0.015551 0.012939 0.012237 0.058712
0.505246 0.272317 0.524832 0.258327 0.489857 0.252731 0.545816 0.272317 0.463277 0.263923 0.572397 0.377240 0.415712 0.373043 0.594781 0.526930 0.386333 0.508744 0.610169 0.671025 0.359753 0.608071 0.555609 0.624858 0.456282 0.624858 0.540220 0.838902 0.477267 0.838902 0.522034 1.000000 0.495453 1.000000 0.003962 0.004810 0.001299 0.019739 0.013382 0.015366 0.015146 0.053953
0.505274 0.268289 0.523558 0.257038 0.489803 0.251412 0.543248 0.273915 0.463081 0.264070 0.569970 0.377992 0.416669 0.372366 0.591067 0.525667 0.385727 0.507384 0.609351 0.660686 0.363224 0.608647 0.555906 0.625525 0.457455 0.624118 0.537622 0.829458 0.477145 0.826645 0.520745 1.000000 0.492616 1.000000 0.002360 0.007235 0.010395 0.020276 0.002326 0.002104 0.017020 0.059312
0.508027 0.262102 0.524082 0.247507 0.490513 0.246048 0.543055 0.263562 0.459864 0.259183 0.569326 0.378862 0.416079 0.371564 0.597056 0.524811 0.383970 0.505838 0.614570 0.660544 0.363537 0.619679 0.556191 0.624057 0.458404 0.625517 0.534298 0.831305 0.475918 0.834224 0.521163 1.000000 0.493432 1.000000 0.014550 0.001061 0.016464 0.025920 0.018920 0.018184 0.018593 0.060149
0.508051 0.260309 0.525616 0.245672 0.491949 0.244208 0.546108 0.260309 0.461210 0.257382 0.569529 0.378874 0.415834 0.371555 0.597340 0.529641 0.385095 0.509148 0.617833 0.662843 0.370457 0.626249 0.556355 0.624786 0.458283 0.624786 0.535862 0.832640 0.475848 0.832640 0.519761 1.000000 0.491949 1.000000 0.007980 0.002899 0.014246 0.026031 0.009476 0.030379 0.018648 0.058117
0.506097 0.261849 0.523313 0.250372 0.490316 0.244633 0.540529 0.270457 0.463058 0.260414 0.569222 0.379490 0.417149 0.370882 0.592176 0.528693 0.388456 0.514346 0.618000 0.660680 0.379848 0.640595 0.556310 0.624814 0.457319 0.624814 0.540529 0.828534 0.474535 0.828534 0.519009 1.000000 0.484578 1.000000 0.007116 0.011157 0.007871 0.023104 0.012911 0.041164 0.017362 0.051444
0.505789 0.260109 0.523157 0.248530 0.489869 0.244189 0.540525 0.268793 0.462370 0.260109 0.569471 0.380235 0.417504 0.370104 0.594075 0.529308 0.391452 0.517730 0.620126 0.659566 0.381321 0.649434 0.556445 0.624830 0.456581 0.624830 0.539077 0.834690 0.472501 0.839032 0.515920 1.000000 0.479738 1.000000 0.007767 0.011830 0.009347 0.024839 0.010766 0.031163 0.016592 0.049898
0.504982 0.260518 0.522062 0.249131 0.489325 0.246284 0.541989 0.267635 0.463704 0.263365 0.571880 0.378658 0.418156 0.371541 0.596077 0.528112 0.398229 0.518148 0.623122 0.654791 0.386842 0.654791 0.554800 0.624901 0.455164 0.624901 0.534873 0.836983 0.472244 0.839830 0.514945 1.000000 0.477938 1.000000 0.000379 0.014811 0.007775 0.020925 0.015856 0.016537 0.012689 0.055064
0.505648 0.262066 0.522593 0.249358 0.488703 0.247946 0.543774 0.266303 0.464698 0.263478 0.573428 0.377856 0.420924 0.372208 0.598845 0.527535 0.402567 0.519063 0.622850 0.651797 0.392683 0.656034 0.552247 0.624968 0.453402 0.624968 0.533890 0.836778 0.471759 0.838190 0.514121 1.000000 0.473171 1.000000 0.002708 0.024569 0.000300 0.013340 0.007202 0.016652 0.007193 0.054855
0.502816 0.262358 0.519715 0.249684 0.485918 0.248275 0.542247 0.266583 0.461977 0.265174 0.574637 0.376426 0.421138 0.373610 0.599986 0.524292 0.405647 0.520068 0.621109 0.646810 0.398606 0.658076 0.552105 0.625686 0.452120 0.624278 0.532390 0.838332 0.471835 0.832699 0.514082 1.000000 0.470427 0.998872 0.001727 0.032719 0.000727 0.009123 0.000290 0.017317 0.005379 0.059449
0.501746 0.266070 0.518505 0.252104 0.484987 0.252104 0.542247 0.268863 0.462641 0.267466 0.575765 0.375004 0.422140 0.375004 0.600904 0.520251 0.409570 0.521647 0.620457 0.640358 0.403984 0.659911 0.550627 0.624996 0.451468 0.624996 0.532471 0.840072 0.473814 0.828899 0.514315 1.000000 0.468227 1.000000 0.000714 0.044689 0.005096 0.002430 0.003184 0.014363 0.002668 0.061551
0.501045 0.267062 0.519150 0.254527 0.484332 0.253135 0.541434 0.271240 0.462048 0.268455 0.576253 0.374304 0.424443 0.375697 0.604108 0.516365 0.411908 0.520543 0.619429 0.634749 0.411908 0.645891 0.548398 0.626392 0.450905 0.623607 0.530292 0.839483 0.473190 0.826949 0.512187 1.000000 0.469011 1.000000 0.000513 0.041330 0.008050 0.000893 0.020666 0.027477 0.000890 0.061726
0.501393 0.268468 0.518105 0.255934 0.486073 0.255934 0.541780 0.272646 0.463791 0.269861 0.577990 0.372919 0.424796 0.377097 0.608628 0.513579 0.413654 0.520542 0.621162 0.629170 0.410869 0.636134 0.547351 0.626385 0.449864 0.623600 0.527853 0.842249 0.472147 0.831108 0.511141 1.000000 0.470754 1.000000 0.004390 0.036104 0.009618 0.001791 0.033887 0.017005 0.003546 0.062723
0.499650 0.269981 0.516455 0.255976 0.484245 0.257377 0.540262 0.272781 0.461838 0.271381 0.578074 0.372211 0.425427 0.377813 0.610283 0.512254 0.415625 0.522057 0.621487 0.625688 0.411423 0.636891 0.545864 0.625688 0.450635 0.624288 0.520656 0.846955 0.471641 0.842754 0.505252 1.000000 0.474442 1.000000 0.014790 0.026724 0.004126 0.001930 0.040624 0.009960 0.004457 0.066621
0.499294 0.271219 0.516241 0.257097 0.483759 0.257097 0.538836 0.272632 0.461164 0.271219 0.579791 0.371487 0.424446 0.378549 0.613684 0.511298 0.414560 0.525420 0.622158 0.624276 0.410324 0.653933 0.545897 0.625688 0.449866 0.624276 0.520477 0.850232 0.468225 0.847408 0.504943 1.000000 0.482347 1.000000 0.014302 0.006979 0.006311 0.006681 0.051877 0.010903 0.005394 0.062014
0.499290 0.269946 0.516331 0.255745 0.483669 0.255745 0.539052 0.269946 0.460948 0.271366 0.580235 0.370772 0.425445 0.379293 0.617157 0.507100 0.414085 0.521301 0.621418 0.617867 0.408404 0.636328 0.546153 0.624968 0.448167 0.624968 0.520591 0.842241 0.465208 0.843661 0.503550 1.000000 0.485089 1.000000 0.010813 0.005268 0.005149 0.004604 0.071953 0.009705 0.007234 0.062030
