0.565438 0.309875 0.572513 0.295726 0.554827 0.288651 0.554827 0.299263 0.508843 0.281577 0.515917 0.384156 0.466396 0.366470 0.561901 0.500884 0.522992 0.472587 0.632646 0.461975 0.618497 0.444289 0.512380 0.624687 0.505306 0.624687 0.473471 0.805085 0.593736 0.794473 0.353206 0.960722 0.611422 0.992557 0.141793 0.124499 0.062939 0.105238 0.540608 0.435733 0.022538 0.220464
0.562753 0.308207 0.569823 0.297601 0.555682 0.290530 0.552146 0.301136 0.506187 0.283459 0.516793 0.382449 0.463763 0.368308 0.566288 0.502652 0.520328 0.474369 0.636995 0.460227 0.619318 0.446086 0.516793 0.622854 0.502652 0.626389 0.488510 0.813763 0.583965 0.799622 0.354167 0.955177 0.591035 0.997602 0.195024 0.128330 0.046816 0.092087 0.547687 0.432627 0.024782 0.186510
0.565044 0.307540 0.572172 0.296848 0.554352 0.289720 0.554352 0.300412 0.508019 0.282592 0.518711 0.382386 0.465250 0.368129 0.565044 0.503564 0.522275 0.475051 0.636326 0.460795 0.618505 0.450103 0.515147 0.624743 0.500891 0.624743 0.511583 0.817202 0.575737 0.813638 0.369020 0.945509 0.575737 1.000000 0.260844 0.120082 0.001217 0.076153 0.555774 0.424789 0.020435 0.125976
0.563600 0.310084 0.570667 0.295950 0.553000 0.288884 0.553000 0.299484 0.507067 0.281817 0.514133 0.380750 0.464667 0.370150 0.563600 0.497350 0.524733 0.472617 0.634266 0.458483 0.620133 0.444350 0.524733 0.624550 0.496467 0.624550 0.535333 0.811816 0.563600 0.808283 0.383400 0.931949 0.553000 1.000000 0.305035 0.128545 0.004167 0.071925 0.532345 0.422918 0.027025 0.093510
0.561401 0.312289 0.568418 0.298254 0.554384 0.291237 0.547366 0.301763 0.505263 0.284220 0.512280 0.382461 0.466668 0.368427 0.561401 0.505263 0.526315 0.473685 0.631573 0.463159 0.621047 0.449125 0.522806 0.624556 0.498246 0.624556 0.540349 0.810513 0.554384 0.803496 0.403513 0.933315 0.533332 1.000000 0.297130 0.130150 0.016109 0.057720 0.550902 0.416643 0.026836 0.066826
0.561184 0.305650 0.568383 0.291253 0.550387 0.284055 0.546788 0.294852 0.503599 0.276857 0.510797 0.381230 0.460410 0.370433 0.561184 0.500000 0.525194 0.474806 0.636765 0.460410 0.622369 0.446014 0.535991 0.622369 0.492802 0.625968 0.568383 0.805922 0.535991 0.820318 0.431617 0.946286 0.514396 1.000000 0.301466 0.103580 0.022464 0.029469 0.525874 0.414872 0.036741 0.014005
0.558970 0.310768 0.566011 0.293165 0.551929 0.289644 0.544888 0.296685 0.506161 0.282603 0.506161 0.381180 0.463914 0.370618 0.558970 0.500880 0.527285 0.476236 0.629382 0.462154 0.622341 0.448071 0.534326 0.624101 0.495599 0.624101 0.583614 0.796611 0.516723 0.817734 0.460393 0.944476 0.502640 1.000000 0.309728 0.057286 0.051844 0.004996 0.527805 0.419670 0.038193 0.053998
0.559385 0.306776 0.566476 0.289050 0.548749 0.285504 0.548749 0.296140 0.502659 0.278413 0.506204 0.381230 0.463660 0.370593 0.555840 0.498227 0.527477 0.473410 0.630293 0.462773 0.619657 0.448592 0.538113 0.622316 0.492023 0.625861 0.587748 0.796040 0.506204 0.817312 0.502659 0.976854 0.477841 1.000000 0.228592 0.069513 0.046700 0.011688 0.513748 0.406895 0.038464 0.065050
0.559385 0.306776 0.566476 0.292595 0.552294 0.289050 0.548749 0.296140 0.506204 0.281959 0.506204 0.381230 0.463660 0.370593 0.555840 0.501773 0.531022 0.473410 0.633838 0.459228 0.626748 0.448592 0.538113 0.622316 0.492023 0.625861 0.587748 0.796040 0.495568 0.817312 0.541658 0.976854 0.460114 1.000000 0.168032 0.063143 0.046700 0.029329 0.534613 0.396126 0.038464 0.082692
0.560392 0.311921 0.567294 0.298117 0.550039 0.294666 0.550039 0.305019 0.508627 0.284313 0.505176 0.380941 0.467216 0.370588 0.553490 0.501725 0.529333 0.474118 0.625961 0.463765 0.625961 0.449961 0.536235 0.622510 0.491373 0.625961 0.591451 0.791608 0.484471 0.808863 0.584549 0.967608 0.443059 0.995216 0.112940 0.057599 0.059761 0.042027 0.532470 0.405958 0.035223 0.112470
0.561453 0.311314 0.568377 0.300927 0.554529 0.294003 0.547604 0.304389 0.509521 0.283617 0.509521 0.380556 0.471437 0.370170 0.547604 0.501731 0.530294 0.474034 0.630696 0.463648 0.627234 0.446337 0.533756 0.622906 0.485286 0.626368 0.589150 0.792550 0.471437 0.809861 0.620309 0.972582 0.419505 0.996817 0.045912 0.062267 0.068738 0.041167 0.539869 0.424481 0.024268 0.124442
0.563245 0.314598 0.570176 0.300736 0.556314 0.297271 0.545917 0.307667 0.511263 0.286874 0.511263 0.380442 0.473143 0.370045 0.549383 0.501733 0.535521 0.474009 0.632554 0.463613 0.632554 0.446285 0.532055 0.623024 0.483539 0.626489 0.590968 0.796297 0.462746 0.810159 0.639485 0.966104 0.403833 0.993828 0.015737 0.062917 0.077105 0.048780 0.539869 0.416565 0.019869 0.140205
0.566302 0.313149 0.569746 0.299372 0.555969 0.295927 0.549081 0.306260 0.511194 0.285595 0.514638 0.382034 0.473307 0.368257 0.555969 0.499139 0.535304 0.471585 0.635187 0.461252 0.635187 0.444031 0.531859 0.623132 0.480195 0.626577 0.593856 0.788457 0.456086 0.805678 0.645520 0.960670 0.383756 0.984780 0.021427 0.079580 0.091502 0.051080 0.534000 0.413658 0.015355 0.156794
0.565871 0.314522 0.572804 0.300655 0.555470 0.297188 0.548536 0.307588 0.510401 0.286787 0.510401 0.380393 0.475732 0.369992 0.558937 0.501733 0.538136 0.470532 0.638675 0.460131 0.635208 0.442797 0.531202 0.623074 0.482666 0.626541 0.597073 0.789484 0.454931 0.810285 0.638675 0.966295 0.368259 0.980162 0.046415 0.102485 0.092757 0.056288 0.531952 0.411766 0.017666 0.167661
0.566189 0.315186 0.569628 0.301433 0.555874 0.297994 0.552436 0.304871 0.507736 0.287679 0.507736 0.380516 0.473352 0.370201 0.552436 0.504298 0.535244 0.469914 0.631519 0.463037 0.631519 0.442407 0.535244 0.624642 0.483668 0.624642 0.593696 0.786246 0.456160 0.810315 0.621203 0.965043 0.353009 0.971920 0.061883 0.134017 0.074758 0.059714 0.542764 0.411766 0.024101 0.157290
0.562751 0.316905 0.566189 0.303152 0.552436 0.299713 0.545559 0.306590 0.507736 0.289398 0.507736 0.382235 0.473352 0.368481 0.548997 0.506017 0.535244 0.475072 0.628080 0.468195 0.624642 0.447564 0.535244 0.622923 0.483668 0.626361 0.590258 0.787966 0.466476 0.812034 0.600573 0.966762 0.342693 0.966762 0.084073 0.185387 0.066195 0.042115 0.539583 0.427563 0.024101 0.131806
0.559658 0.317617 0.563067 0.303981 0.549431 0.300572 0.542613 0.310799 0.505114 0.290345 0.505114 0.382389 0.471023 0.368753 0.546022 0.508523 0.528977 0.471023 0.624429 0.467614 0.621020 0.447160 0.535795 0.624429 0.488068 0.624429 0.576703 0.794880 0.484659 0.811925 0.580112 0.972149 0.344890 0.948286 0.068856 0.248143 0.034841 0.026976 0.553243 0.416643 0.030430 0.080763
0.559570 0.316033 0.566579 0.302016 0.552562 0.298512 0.545554 0.309025 0.507008 0.288000 0.503504 0.382611 0.471967 0.368595 0.552562 0.512264 0.535041 0.477223 0.629653 0.470215 0.626149 0.449190 0.531537 0.624397 0.492992 0.624397 0.573587 0.806612 0.514017 0.820629 0.566579 0.995835 0.356330 0.946777 0.083976 0.319198 0.035451 0.007871 0.543805 0.427563 0.031282 0.038217
0.562716 0.312747 0.566300 0.298412 0.551965 0.294828 0.544797 0.305579 0.505376 0.284077 0.505376 0.384423 0.473122 0.366504 0.555549 0.513439 0.530462 0.474018 0.634392 0.470434 0.623641 0.452515 0.526878 0.624537 0.494624 0.624537 0.569884 0.818062 0.537630 0.825229 0.555549 1.000000 0.369192 0.950662 0.093140 0.363447 0.041175 0.040729 0.540889 0.416234 0.027412 0.002413
0.562225 0.310621 0.569439 0.299799 0.551403 0.292585 0.551403 0.303407 0.504509 0.281763 0.508116 0.382765 0.468437 0.368337 0.562225 0.512625 0.529760 0.472946 0.634369 0.465731 0.627154 0.451303 0.529760 0.624449 0.493687 0.624449 0.562225 0.822846 0.551403 0.822846 0.536974 1.000000 0.392685 0.952706 0.092663 0.371838 0.023200 0.058831 0.557800 0.400832 0.029897 0.038483
0.561363 0.308693 0.568582 0.297864 0.550534 0.290645 0.550534 0.301474 0.503610 0.279816 0.507219 0.384494 0.471123 0.366446 0.568582 0.510829 0.532486 0.471123 0.640773 0.460295 0.629944 0.445856 0.521657 0.626335 0.500000 0.622725 0.546924 0.821252 0.572191 0.814032 0.514438 1.000000 0.424199 0.958415 0.093602 0.368787 0.022052 0.079143 0.550475 0.411974 0.027610 0.073824
0.557897 0.307313 0.565134 0.292839 0.550659 0.285602 0.550659 0.296457 0.500000 0.281983 0.503619 0.383302 0.463815 0.368828 0.572371 0.499095 0.532567 0.470147 0.641123 0.452054 0.626649 0.441199 0.528948 0.622126 0.503619 0.625744 0.532567 0.824764 0.586845 0.813908 0.510856 1.000000 0.456578 0.973124 0.042960 0.350831 0.027951 0.083630 0.520448 0.405239 0.041584 0.126873
0.564422 0.305838 0.571580 0.291522 0.553685 0.287943 0.553685 0.298680 0.507158 0.280785 0.503579 0.380998 0.471368 0.370261 0.582317 0.491947 0.542948 0.466894 0.650319 0.441841 0.632424 0.438262 0.514316 0.624371 0.510737 0.624371 0.521474 0.817638 0.603791 0.799742 0.485684 0.996588 0.500000 0.978693 0.074617 0.322582 0.002252 0.106357 0.505677 0.395643 0.031952 0.143499
0.562031 0.304018 0.569223 0.293230 0.551243 0.286038 0.558435 0.300422 0.504495 0.282442 0.504495 0.383130 0.464939 0.368746 0.587203 0.487414 0.536859 0.465838 0.651931 0.440666 0.633951 0.437070 0.518879 0.624062 0.511687 0.624062 0.526071 0.818246 0.597991 0.800267 0.482919 1.000000 0.533263 1.000000 0.082659 0.243968 0.007197 0.087331 0.485664 0.388753 0.039015 0.133191
0.560827 0.303414 0.567879 0.289309 0.546722 0.285783 0.557301 0.299888 0.500882 0.282257 0.507934 0.384517 0.465620 0.366886 0.596089 0.479724 0.539670 0.458567 0.656034 0.430358 0.631351 0.423305 0.511460 0.624299 0.514986 0.624299 0.490303 0.814713 0.603141 0.793556 0.444462 0.998076 0.599615 0.994550 0.042756 0.158428 0.039904 0.092531 0.481528 0.400611 0.033736 0.188068
0.557892 0.301763 0.561401 0.287728 0.547366 0.284220 0.547366 0.298254 0.498246 0.280711 0.512280 0.382461 0.466668 0.368427 0.596487 0.473685 0.547366 0.449125 0.652625 0.424565 0.635082 0.410530 0.508772 0.624556 0.512280 0.624556 0.473685 0.807004 0.599996 0.789461 0.421056 0.989453 0.642099 0.982435 0.028918 0.087229 0.055862 0.099509 0.491536 0.381942 0.026836 0.216082
0.558482 0.304774 0.561922 0.291014 0.544721 0.287574 0.548161 0.297894 0.496560 0.284133 0.513760 0.380456 0.469039 0.370136 0.603203 0.466459 0.551602 0.445818 0.654805 0.414857 0.637604 0.404537 0.506880 0.624704 0.510320 0.624704 0.465599 0.800149 0.596323 0.789829 0.407117 0.979035 0.668565 0.968714 0.027018 0.030672 0.064594 0.101672 0.493759 0.378619 0.021918 0.226403
0.554961 0.300220 0.561940 0.286262 0.544492 0.282772 0.547982 0.296731 0.499128 0.279283 0.516576 0.380481 0.467721 0.370012 0.614284 0.460742 0.551472 0.439804 0.663139 0.404908 0.645691 0.390950 0.506107 0.624753 0.509596 0.624753 0.457252 0.806212 0.596836 0.795743 0.387460 0.980692 0.677097 0.977203 0.037405 0.017615 0.070080 0.098310 0.490082 0.373406 0.020007 0.233885
0.554064 0.300313 0.561040 0.286361 0.543600 0.282873 0.550576 0.296825 0.494768 0.282873 0.519184 0.380536 0.463376 0.370073 0.613360 0.457272 0.554064 0.439832 0.669167 0.397976 0.644751 0.391000 0.508720 0.624695 0.508720 0.624695 0.463376 0.809559 0.595920 0.795607 0.369201 0.970006 0.655215 0.976982 0.092386 0.049595 0.062931 0.094074 0.477274 0.365941 0.022223 0.226736
0.550576 0.298569 0.557552 0.284617 0.540112 0.281129 0.547088 0.295081 0.491280 0.281129 0.519184 0.378793 0.463376 0.371817 0.613360 0.452040 0.554064 0.438088 0.669167 0.392744 0.641263 0.385768 0.508720 0.622952 0.508720 0.626439 0.463376 0.807815 0.595920 0.797351 0.355249 0.964774 0.641263 0.982214 0.115450 0.073607 0.062931 0.094074 0.470059 0.372900 0.022223 0.226736
0.547700 0.295950 0.554767 0.281817 0.533567 0.278284 0.544167 0.292417 0.487633 0.278284 0.519433 0.380750 0.459367 0.370150 0.614833 0.447883 0.551233 0.440817 0.671366 0.387817 0.643100 0.380750 0.515900 0.624550 0.505300 0.624550 0.473500 0.815349 0.597166 0.797683 0.349834 0.967282 0.621900 0.995549 0.147862 0.115700 0.064992 0.098423 0.454833 0.393039 0.027025 0.224888
0.543858 0.296500 0.550875 0.282466 0.529823 0.278957 0.543858 0.292991 0.484211 0.282466 0.522806 0.380707 0.456142 0.370181 0.621047 0.443862 0.550875 0.436845 0.673677 0.380707 0.638591 0.373690 0.519297 0.622802 0.501754 0.626310 0.494737 0.815776 0.589470 0.801741 0.354392 0.952612 0.603504 1.000000 0.213733 0.125283 0.035683 0.091486 0.460720 0.393823 0.026836 0.187879
0.540963 0.293442 0.547935 0.282984 0.527018 0.279498 0.537477 0.293442 0.481697 0.282984 0.523532 0.380598 0.457294 0.370139 0.617659 0.439863 0.547935 0.432891 0.666466 0.377111 0.638577 0.366653 0.520046 0.624632 0.499128 0.624632 0.516559 0.816373 0.579311 0.802428 0.370139 0.934904 0.582797 1.000000 0.277597 0.129274 0.001236 0.082997 0.468449 0.393630 0.024437 0.140645
0.541785 0.290188 0.545341 0.279520 0.524004 0.275964 0.541785 0.290188 0.477774 0.279520 0.524004 0.382648 0.452881 0.368423 0.620019 0.439546 0.545341 0.425321 0.666249 0.375535 0.637800 0.361311 0.531116 0.624465 0.491999 0.624465 0.545341 0.820052 0.566677 0.812939 0.388871 0.937404 0.563121 1.000000 0.318276 0.125766 0.013750 0.071825 0.471183 0.368348 0.029473 0.096973
0.542345 0.294450 0.549402 0.280335 0.524701 0.276807 0.542345 0.294450 0.478828 0.283864 0.521172 0.379140 0.454126 0.372083 0.619977 0.432072 0.549402 0.425014 0.669380 0.372083 0.637621 0.365025 0.531759 0.622624 0.492943 0.626153 0.552931 0.813176 0.556460 0.813176 0.411781 0.936683 0.542345 1.000000 0.306413 0.126516 0.021392 0.055957 0.437256 0.351502 0.031502 0.068991
0.536086 0.294925 0.543127 0.280842 0.522004 0.277322 0.539607 0.294925 0.476236 0.284363 0.518483 0.379419 0.451592 0.372378 0.617060 0.435749 0.546648 0.421667 0.662828 0.379419 0.634663 0.365337 0.539607 0.622341 0.490318 0.625862 0.578333 0.808933 0.539607 0.819495 0.448071 0.946236 0.514963 1.000000 0.306765 0.118923 0.037530 0.031082 0.448061 0.333482 0.038193 0.014200
0.536426 0.292720 0.543364 0.282312 0.522549 0.278843 0.539895 0.292720 0.477451 0.285781 0.515611 0.379448 0.453167 0.372510 0.612747 0.431485 0.557241 0.417608 0.661314 0.372510 0.633561 0.355164 0.539895 0.622287 0.491327 0.625756 0.588463 0.799212 0.522549 0.820027 0.473982 0.951854 0.505204 1.000000 0.290111 0.079581 0.053553 0.003116 0.437256 0.348434 0.039857 0.034555
0.535176 0.291585 0.542211 0.281032 0.521105 0.277515 0.542211 0.291585 0.471860 0.284550 0.517588 0.379524 0.450754 0.372489 0.616079 0.428770 0.552763 0.414699 0.658290 0.365454 0.630149 0.351383 0.542211 0.622235 0.489447 0.625753 0.591456 0.801630 0.507035 0.822735 0.517588 0.988060 0.478895 1.000000 0.205361 0.074323 0.053096 0.019912 0.460417 0.343160 0.040417 0.056933
0.534990 0.295309 0.541988 0.281313 0.520994 0.277814 0.541988 0.295309 0.472008 0.284812 0.520994 0.379285 0.451014 0.372287 0.615467 0.428271 0.552485 0.414275 0.657454 0.361790 0.629462 0.351293 0.541988 0.620715 0.486004 0.627713 0.594473 0.799163 0.493002 0.820157 0.562982 0.977612 0.458012 1.000000 0.146653 0.068819 0.063443 0.031765 0.472955 0.343160 0.035715 0.079483
0.536332 0.294116 0.539793 0.280275 0.522491 0.276815 0.539793 0.294116 0.474048 0.283736 0.525952 0.380622 0.453287 0.370241 0.622838 0.425605 0.546713 0.411764 0.657440 0.352940 0.629759 0.346020 0.543253 0.622838 0.477509 0.626298 0.595156 0.799310 0.477509 0.820071 0.602077 0.975781 0.439446 1.000000 0.078577 0.063966 0.068355 0.030021 0.496897 0.346278 0.026465 0.091053
0.535446 0.294240 0.542362 0.283865 0.521613 0.276949 0.538904 0.294240 0.473199 0.283865 0.521613 0.380694 0.455908 0.370319 0.618442 0.422191 0.552737 0.411817 0.656482 0.349570 0.632275 0.346112 0.542362 0.622765 0.480116 0.626223 0.597693 0.795673 0.469741 0.816422 0.639191 0.975497 0.417869 1.000000 0.026389 0.068900 0.071364 0.047366 0.475292 0.348657 0.028659 0.115927
0.538419 0.295101 0.541833 0.284856 0.521344 0.281441 0.538419 0.298516 0.476949 0.288271 0.524759 0.380476 0.456459 0.370231 0.616963 0.421456 0.548663 0.411211 0.657943 0.356571 0.630623 0.346326 0.541833 0.622939 0.476949 0.626354 0.596473 0.793688 0.463289 0.814178 0.654528 0.964437 0.398404 0.991757 0.005741 0.088399 0.076202 0.048520 0.453816 0.346278 0.023937 0.121691
0.537583 0.295001 0.541000 0.284751 0.523917 0.281334 0.537583 0.298418 0.476083 0.288168 0.523917 0.380417 0.459000 0.370167 0.616166 0.421417 0.554666 0.411167 0.657166 0.353084 0.633249 0.342834 0.541000 0.622999 0.476083 0.626416 0.599083 0.790415 0.462417 0.810915 0.650333 0.964665 0.383834 0.985165 0.015246 0.111322 0.083919 0.044725 0.461104 0.356709 0.021768 0.129834
0.538682 0.292837 0.542120 0.282521 0.524928 0.279083 0.538682 0.296275 0.476791 0.285960 0.524928 0.382235 0.456160 0.368481 0.617765 0.420057 0.552436 0.409742 0.655587 0.351289 0.631519 0.337536 0.542120 0.622923 0.476791 0.626361 0.600573 0.787966 0.456160 0.815473 0.631519 0.966762 0.363324 0.980516 0.053795 0.128511 0.085649 0.059999 0.463086 0.364422 0.024101 0.142935
0.538376 0.298741 0.541787 0.285097 0.521320 0.281686 0.538376 0.298741 0.476975 0.288508 0.521320 0.380609 0.456508 0.370376 0.613421 0.421543 0.552020 0.411310 0.654355 0.356731 0.630477 0.343087 0.541787 0.622802 0.480386 0.626213 0.596365 0.786538 0.463330 0.813827 0.613421 0.967329 0.350762 0.967329 0.072476 0.172552 0.075581 0.058481 0.453816 0.356709 0.028268 0.131274
0.532784 0.294666 0.539686 0.284313 0.518980 0.277411 0.536235 0.294666 0.470667 0.284313 0.518980 0.380941 0.453412 0.370588 0.608706 0.422353 0.550039 0.412000 0.650118 0.356784 0.625961 0.342980 0.543137 0.622510 0.484471 0.625961 0.594902 0.788157 0.477569 0.819216 0.591451 0.974510 0.346431 0.957255 0.102305 0.230477 0.064686 0.049888 0.458331 0.363735 0.035223 0.107775
0.536177 0.294998 0.539622 0.284662 0.518950 0.277771 0.536177 0.298444 0.470714 0.284662 0.515504 0.381133 0.453487 0.370797 0.611976 0.422478 0.549958 0.412142 0.649875 0.360461 0.622312 0.343234 0.543068 0.622312 0.487941 0.625757 0.584413 0.798028 0.501723 0.818700 0.577522 0.984080 0.353570 0.949626 0.085342 0.292322 0.037337 0.020058 0.454272 0.371119 0.039583 0.050860
0.534748 0.295854 0.541698 0.285430 0.520849 0.281955 0.534748 0.299329 0.472201 0.285430 0.517374 0.382725 0.454827 0.368826 0.614669 0.427897 0.552122 0.413998 0.652892 0.361876 0.625094 0.344502 0.538223 0.622487 0.489576 0.625962 0.579921 0.806653 0.527799 0.820552 0.562547 0.990818 0.367957 0.938696 0.100816 0.359132 0.043265 0.018983 0.471312 0.380598 0.035468 0.009136
0.542134 0.292914 0.545720 0.282156 0.527791 0.278570 0.542134 0.296500 0.477588 0.282156 0.520619 0.382561 0.459659 0.368218 0.624610 0.425592 0.556478 0.411249 0.667641 0.353874 0.635368 0.335945 0.531377 0.626403 0.488346 0.622817 0.574408 0.820043 0.556478 0.823628 0.552892 1.000000 0.391526 0.952721 0.104192 0.392746 0.055571 0.068403 0.452865 0.375724 0.025138 0.034514
0.537124 0.292649 0.544368 0.281783 0.522637 0.278161 0.537124 0.292649 0.475552 0.281783 0.519015 0.379573 0.450199 0.372330 0.624049 0.426657 0.562477 0.408548 0.667511 0.354220 0.634914 0.343355 0.537124 0.622238 0.493662 0.625860 0.569721 0.825062 0.566099 0.828684 0.533502 1.000000 0.417603 0.962692 0.109009 0.375497 0.027013 0.055146 0.462121 0.332588 0.039298 0.058465
