0.434910 0.291712 0.455739 0.270883 0.434910 0.270883 0.497396 0.281297 0.445324 0.281297 0.528640 0.385442 0.466153 0.364613 0.518225 0.541658 0.445324 0.510414 0.414081 0.624973 0.403667 0.614558 0.539054 0.624973 0.466153 0.624973 0.559883 0.802018 0.403667 0.791603 0.601540 0.968648 0.372424 0.999892 0.040702 0.066807 0.023446 0.114200 0.264034 0.075952 0.006630 0.151477
0.429703 0.286505 0.450532 0.276090 0.429703 0.265676 0.492189 0.276090 0.450532 0.276090 0.544261 0.380234 0.460946 0.369820 0.523432 0.526036 0.440117 0.505207 0.419288 0.609351 0.388045 0.609351 0.533847 0.630180 0.460946 0.619766 0.585919 0.807225 0.398460 0.796811 0.617162 0.963441 0.346388 0.994684 0.028220 0.026091 0.104308 0.108000 0.240056 0.098994 0.006630 0.199053
0.433673 0.283163 0.454082 0.272959 0.433673 0.272959 0.494898 0.283163 0.454082 0.272959 0.535714 0.385204 0.464286 0.364796 0.505102 0.538265 0.443878 0.507653 0.392857 0.599490 0.382653 0.599490 0.535714 0.630102 0.464286 0.619898 0.586735 0.793367 0.392857 0.783163 0.637755 0.956633 0.341837 0.977041 0.000000 0.049366 0.096411 0.131274 0.278220 0.142000 0.000009 0.227686
0.429703 0.286505 0.450532 0.265676 0.429703 0.265676 0.492189 0.276090 0.460946 0.265676 0.544261 0.380234 0.460946 0.369820 0.513018 0.536450 0.440117 0.505207 0.388045 0.598937 0.377631 0.598937 0.533847 0.630180 0.460946 0.619766 0.596333 0.796811 0.398460 0.796811 0.658820 0.963441 0.346388 0.994684 0.000000 0.026091 0.127455 0.108000 0.289583 0.138577 0.006630 0.222200
0.434910 0.286505 0.455739 0.265676 0.434910 0.265676 0.497396 0.276090 0.455739 0.265676 0.539054 0.380234 0.466153 0.369820 0.518225 0.526036 0.445324 0.505207 0.393252 0.598937 0.372424 0.598937 0.539054 0.630180 0.455739 0.619766 0.591126 0.786396 0.393252 0.786396 0.664027 0.942612 0.362009 0.994684 0.036567 0.066807 0.102416 0.100945 0.286741 0.161827 0.006630 0.216617
0.429703 0.286505 0.450532 0.265676 0.429703 0.265676 0.492189 0.276090 0.450532 0.276090 0.544261 0.380234 0.460946 0.369820 0.502604 0.536450 0.440117 0.505207 0.388045 0.598937 0.377631 0.598937 0.533847 0.630180 0.460946 0.619766 0.585919 0.796811 0.398460 0.796811 0.690063 0.932198 0.377631 0.994684 0.112303 0.074617 0.109666 0.108000 0.258101 0.138577 0.006630 0.204411
0.440117 0.286505 0.460946 0.265676 0.440117 0.265676 0.502604 0.276090 0.460946 0.276090 0.544261 0.380234 0.460946 0.369820 0.523432 0.536450 0.450532 0.505207 0.398460 0.609351 0.388045 0.609351 0.533847 0.630180 0.460946 0.619766 0.585919 0.796811 0.398460 0.796811 0.700477 0.932198 0.398460 0.994684 0.127124 0.108000 0.109666 0.108000 0.289716 0.147584 0.006630 0.204411
0.437515 0.271793 0.448382 0.260926 0.437515 0.250059 0.502717 0.271793 0.448382 0.260926 0.546185 0.380463 0.459249 0.369596 0.513584 0.543468 0.437515 0.510867 0.404914 0.630404 0.394047 0.630404 0.535318 0.630404 0.459249 0.619537 0.567919 0.815143 0.404914 0.804276 0.709190 0.956414 0.415781 1.000000 0.194400 0.107791 0.069431 0.091053 0.222390 0.062427 0.006919 0.146653
0.427083 0.281250 0.447917 0.270833 0.427083 0.260417 0.489583 0.281250 0.447917 0.270833 0.531250 0.385417 0.468750 0.364583 0.510417 0.552083 0.447917 0.510417 0.406250 0.635417 0.416667 0.614583 0.531250 0.625000 0.468750 0.625000 0.531250 0.812500 0.416667 0.791667 0.677083 0.927083 0.427083 0.989583 0.288015 0.113149 0.000002 0.096411 0.245640 0.047606 0.000009 0.096411
0.425532 0.279255 0.436170 0.257979 0.425532 0.257979 0.478723 0.268617 0.446809 0.268617 0.531915 0.385638 0.468085 0.364362 0.510638 0.545213 0.446809 0.502660 0.436170 0.619681 0.414894 0.598404 0.531915 0.630319 0.468085 0.619681 0.521277 0.811170 0.425532 0.811170 0.648936 0.938830 0.446809 1.000000 0.268703 0.102988 0.018703 0.069605 0.207808 0.053827 0.000009 0.050902
0.427778 0.269444 0.450000 0.258333 0.427778 0.247222 0.483333 0.269444 0.450000 0.269444 0.527778 0.380556 0.472222 0.369444 0.505556 0.547222 0.450000 0.502778 0.450000 0.647222 0.427778 0.602778 0.527778 0.625000 0.472222 0.625000 0.494444 0.836111 0.427778 0.825000 0.638889 0.969444 0.450000 1.000000 0.312574 0.104828 0.049848 0.069604 0.119222 0.017036 0.000009 0.019757
0.434676 0.272786 0.446037 0.250065 0.434676 0.250065 0.491479 0.261425 0.457397 0.261425 0.548283 0.386393 0.457397 0.363672 0.536922 0.568164 0.434676 0.511361 0.480119 0.704493 0.400594 0.636328 0.525562 0.624968 0.468758 0.624968 0.480119 0.840821 0.446037 0.829460 0.616447 0.988510 0.480119 1.000000 0.303322 0.087792 0.035824 0.049054 0.105797 0.036161 0.007234 0.030825
0.424500 0.270597 0.447731 0.247366 0.424500 0.247366 0.494192 0.258981 0.470962 0.258981 0.529038 0.386750 0.482577 0.363520 0.517423 0.549365 0.436116 0.502904 0.494192 0.700365 0.378039 0.619057 0.505808 0.630673 0.482577 0.619057 0.482577 0.828134 0.470962 0.828134 0.552269 1.000000 0.529038 1.000000 0.139693 0.108719 0.007052 0.017666 0.025892 0.045167 0.014794 0.019611
0.417635 0.278466 0.440356 0.255745 0.417635 0.255745 0.485799 0.267106 0.497160 0.267106 0.485799 0.380713 0.519881 0.369352 0.474438 0.539762 0.440356 0.517041 0.428996 0.676091 0.349471 0.619287 0.485799 0.630648 0.508521 0.619287 0.463078 0.835141 0.485799 0.835141 0.519881 1.000000 0.519881 1.000000 0.121468 0.088983 0.035223 0.018925 0.079719 0.074071 0.007234 0.001843
0.427083 0.296875 0.447917 0.276042 0.427083 0.276042 0.479167 0.286458 0.468750 0.276042 0.520833 0.380208 0.479167 0.369792 0.541667 0.526042 0.416667 0.484375 0.531250 0.651042 0.333333 0.578125 0.510417 0.630208 0.489583 0.619792 0.458333 0.807292 0.500000 0.807292 0.479167 0.984375 0.531250 0.984375 0.128330 0.037934 0.077798 0.004410 0.071632 0.072350 0.000009 0.108719
0.430851 0.289894 0.452128 0.268617 0.430851 0.268617 0.484043 0.279255 0.462766 0.268617 0.537234 0.385638 0.462766 0.364362 0.569149 0.523936 0.398936 0.481383 0.590426 0.662234 0.313830 0.566489 0.515957 0.630319 0.484043 0.619681 0.473404 0.811170 0.505319 0.811170 0.473404 1.000000 0.547872 0.992021 0.073558 0.038335 0.045949 0.008759 0.023603 0.091053 0.000009 0.108782
0.423985 0.282814 0.434844 0.271955 0.423985 0.271955 0.478281 0.271955 0.456563 0.271955 0.532578 0.380548 0.456563 0.369688 0.576015 0.521719 0.380548 0.478281 0.597734 0.662890 0.293673 0.554297 0.521719 0.630312 0.489141 0.619452 0.467422 0.814920 0.510859 0.814920 0.445703 1.000000 0.565156 0.999528 0.055830 0.055830 0.077222 0.006063 0.046425 0.076789 0.013831 0.126276
0.432350 0.291847 0.442758 0.271032 0.432350 0.271032 0.484389 0.281440 0.453166 0.281440 0.536427 0.385516 0.453166 0.364701 0.588465 0.531223 0.390720 0.468777 0.619688 0.656115 0.297051 0.552038 0.526019 0.624892 0.484389 0.624892 0.494796 0.812229 0.494796 0.801821 0.484389 0.989159 0.515611 0.978751 0.033866 0.018575 0.038738 0.019313 0.031209 0.096682 0.013255 0.071271
0.436228 0.279455 0.446857 0.268826 0.436228 0.258198 0.489371 0.268826 0.457485 0.268826 0.542515 0.385742 0.446857 0.364484 0.595658 0.523915 0.383085 0.460142 0.638173 0.662087 0.287426 0.545172 0.542515 0.630201 0.468114 0.619573 0.563772 0.800260 0.425599 0.810889 0.627544 0.959690 0.372456 1.000000 0.081535 0.016641 0.039583 0.096069 0.021860 0.081536 0.013537 0.109188
0.441436 0.293754 0.451621 0.273383 0.441436 0.273383 0.492361 0.283569 0.451621 0.283569 0.543286 0.385419 0.441436 0.365049 0.594211 0.528009 0.390511 0.456714 0.634951 0.660414 0.298846 0.528009 0.543286 0.629859 0.471991 0.619674 0.563656 0.792819 0.431251 0.803004 0.645136 0.935409 0.380326 0.986334 0.125666 0.016641 0.039583 0.107620 0.014173 0.128169 0.019464 0.109188
0.445419 0.292072 0.455815 0.281676 0.435023 0.271280 0.497401 0.281676 0.455815 0.281676 0.538986 0.385640 0.445419 0.364847 0.590968 0.520793 0.383041 0.468811 0.642950 0.666342 0.289473 0.541586 0.538986 0.624757 0.476608 0.624757 0.528590 0.801495 0.455815 0.801495 0.611761 0.947044 0.445419 0.978234 0.183952 0.018575 0.018703 0.075292 0.007687 0.117563 0.019869 0.018575
0.438844 0.289941 0.460115 0.268669 0.438844 0.268669 0.502659 0.279305 0.460115 0.279305 0.534567 0.385664 0.460115 0.364392 0.587746 0.534567 0.385664 0.470751 0.640926 0.672833 0.289941 0.545203 0.513295 0.630290 0.492023 0.619654 0.428208 0.821736 0.534567 0.800464 0.406936 1.000000 0.662197 0.938730 0.099742 0.163716 0.105515 0.033975 0.007687 0.095183 0.006771 0.206683
0.445324 0.286505 0.466153 0.276090 0.445324 0.265676 0.497396 0.276090 0.466153 0.276090 0.539054 0.390649 0.455739 0.359406 0.591126 0.536450 0.393252 0.463550 0.632784 0.682252 0.309937 0.546865 0.518225 0.630180 0.486982 0.619766 0.434910 0.796811 0.518225 0.786396 0.434910 1.000000 0.664027 0.921783 0.147584 0.202786 0.119974 0.020983 0.020602 0.077979 0.006630 0.206582
0.442948 0.288094 0.453815 0.266360 0.442948 0.266360 0.497283 0.277227 0.464682 0.277227 0.519017 0.385897 0.475549 0.364163 0.529884 0.527167 0.399480 0.483700 0.519017 0.646704 0.312544 0.559768 0.519017 0.624970 0.486416 0.624970 0.475549 0.809709 0.464682 0.809709 0.616820 0.950980 0.497283 0.994448 0.323558 0.092877 0.073558 0.050532 0.053295 0.090794 0.006919 0.036282
0.444162 0.300577 0.454797 0.279305 0.444162 0.279305 0.486705 0.289941 0.476069 0.279305 0.507977 0.385664 0.486705 0.364392 0.465433 0.523931 0.422890 0.481387 0.380346 0.598382 0.337803 0.566474 0.518613 0.630290 0.486705 0.619654 0.497341 0.800464 0.465433 0.811100 0.635608 0.928095 0.476069 1.000000 0.302309 0.051961 0.053414 0.035223 0.176174 0.091053 0.006771 0.004361
0.429348 0.293478 0.440217 0.271739 0.429348 0.271739 0.472826 0.282609 0.483696 0.271739 0.494565 0.380435 0.505435 0.369565 0.451087 0.510870 0.451087 0.489130 0.364130 0.608696 0.364130 0.586957 0.494565 0.630435 0.505435 0.619565 0.483696 0.826087 0.472826 0.815217 0.592391 0.967391 0.483696 1.000000 0.226380 0.070234 0.017665 0.052568 0.128881 0.095498 0.000009 0.034903
0.427849 0.286322 0.438949 0.264122 0.427849 0.264122 0.483350 0.275222 0.494450 0.275222 0.505550 0.386223 0.505550 0.364023 0.494450 0.552726 0.438949 0.508325 0.461149 0.697028 0.372348 0.597126 0.494450 0.630427 0.494450 0.619327 0.450049 0.819129 0.461149 0.808029 0.549951 0.985632 0.527750 0.974532 0.245579 0.176719 0.059100 0.041769 0.051003 0.067193 0.014138 0.017958
0.423315 0.284147 0.446037 0.272786 0.423315 0.261425 0.480119 0.272786 0.468758 0.272786 0.514201 0.386393 0.480119 0.363672 0.502840 0.556804 0.434676 0.511361 0.446037 0.693132 0.389233 0.613607 0.514201 0.636328 0.491479 0.613607 0.457397 0.818100 0.434676 0.806739 0.536922 0.999871 0.525562 0.977149 0.227686 0.247011 0.096411 0.105512 0.104477 0.038110 0.007234 0.005358
0.404870 0.274066 0.428652 0.250283 0.404870 0.250283 0.476217 0.262174 0.464326 0.262174 0.500000 0.392978 0.488109 0.357305 0.476217 0.571348 0.440544 0.523783 0.404870 0.714043 0.392978 0.642695 0.500000 0.630804 0.511891 0.618913 0.381087 0.809173 0.500000 0.832956 0.476217 1.000000 0.535674 1.000000 0.314021 0.073266 0.187167 0.046523 0.105391 0.032533 0.015146 0.169501
0.399265 0.274828 0.411116 0.251126 0.399265 0.251126 0.458521 0.262977 0.470372 0.262977 0.482223 0.393340 0.494074 0.357786 0.470372 0.571107 0.446670 0.523702 0.411116 0.701469 0.399265 0.618511 0.494074 0.630363 0.529628 0.618511 0.363712 0.808130 0.505926 0.831832 0.399265 1.000000 0.553330 1.000000 0.248803 0.113202 0.217312 0.078363 0.114610 0.058998 0.030224 0.166187
0.414773 0.267045 0.437500 0.255682 0.414773 0.255682 0.482955 0.255682 0.471591 0.255682 0.517045 0.380682 0.482955 0.369318 0.482955 0.562500 0.448864 0.528409 0.392045 0.676136 0.380682 0.653409 0.517045 0.630682 0.482955 0.619318 0.528409 0.823864 0.392045 0.801136 0.596591 1.000000 0.369318 1.000000 0.095498 0.114200 0.018703 0.147584 0.155779 0.091754 0.000010 0.166286
0.425019 0.275056 0.436127 0.252839 0.425019 0.252839 0.480560 0.263947 0.447235 0.263947 0.524994 0.386139 0.469452 0.363922 0.502777 0.552765 0.436127 0.519440 0.380585 0.641632 0.380585 0.619415 0.536102 0.630523 0.469452 0.619415 0.569427 0.819366 0.391693 0.797149 0.613861 0.997100 0.347260 1.000000 0.022379 0.065226 0.041141 0.131274 0.257655 0.094221 0.007072 0.186874
0.418555 0.271955 0.429415 0.261095 0.418555 0.261095 0.472852 0.271955 0.440274 0.261095 0.527148 0.380548 0.461992 0.369688 0.494570 0.543437 0.440274 0.510859 0.364259 0.619452 0.364259 0.608593 0.538008 0.630312 0.472852 0.619452 0.570585 0.814920 0.396837 0.793201 0.624882 0.977809 0.320821 0.988669 0.046816 0.013215 0.041769 0.145105 0.269076 0.161827 0.013831 0.186874
0.425019 0.275056 0.436127 0.252839 0.425019 0.252839 0.480560 0.263947 0.447235 0.263947 0.536102 0.386139 0.458344 0.363922 0.491669 0.552765 0.436127 0.519440 0.358368 0.619415 0.358368 0.608307 0.536102 0.630523 0.469452 0.619415 0.591644 0.819366 0.391693 0.808257 0.647186 0.985991 0.313935 1.000000 0.011363 0.006277 0.091053 0.138165 0.269464 0.183643 0.007072 0.215387
0.422222 0.275000 0.433333 0.263889 0.422222 0.252778 0.477778 0.263889 0.444444 0.263889 0.533333 0.386111 0.466667 0.363889 0.500000 0.552778 0.433333 0.519444 0.355556 0.619444 0.355556 0.608333 0.533333 0.630556 0.466667 0.619444 0.588889 0.819444 0.388889 0.797222 0.666667 0.986111 0.344444 1.000000 0.047930 0.068441 0.091053 0.131274 0.299527 0.161618 0.000009 0.222327
0.423913 0.277174 0.434783 0.266304 0.423913 0.255435 0.478261 0.266304 0.456522 0.266304 0.532609 0.385870 0.467391 0.364130 0.500000 0.548913 0.445652 0.516304 0.369565 0.614130 0.369565 0.603261 0.532609 0.625000 0.467391 0.625000 0.576087 0.809783 0.391304 0.798913 0.684783 0.951087 0.358696 1.000000 0.135156 0.081426 0.073558 0.131274 0.289583 0.183643 0.000009 0.204833
0.426648 0.282660 0.448382 0.260926 0.426648 0.260926 0.491850 0.271793 0.459249 0.271793 0.535318 0.380463 0.470116 0.369596 0.513584 0.543468 0.448382 0.521734 0.383180 0.619537 0.372313 0.608670 0.535318 0.630404 0.459249 0.619537 0.567919 0.815143 0.394047 0.793409 0.698323 0.956414 0.383180 1.000000 0.181675 0.098298 0.055600 0.100369 0.289716 0.183643 0.006919 0.169800
0.433399 0.275222 0.444499 0.253022 0.433399 0.253022 0.488900 0.264122 0.455599 0.264122 0.544401 0.386223 0.466700 0.364023 0.511100 0.552726 0.433399 0.519425 0.377898 0.619327 0.377898 0.630427 0.533300 0.630427 0.455599 0.619327 0.566601 0.819129 0.400099 0.808029 0.699803 0.952331 0.400099 1.000000 0.194400 0.091053 0.070058 0.077222 0.289583 0.080391 0.014138 0.146653
0.434844 0.271955 0.445703 0.250236 0.434844 0.250236 0.489141 0.261095 0.456563 0.261095 0.543437 0.380548 0.467422 0.369688 0.510859 0.543437 0.445703 0.521719 0.413126 0.608593 0.402266 0.619452 0.532578 0.630312 0.456563 0.619452 0.554297 0.814920 0.402266 0.804061 0.695468 0.945232 0.423985 1.000000 0.225449 0.124436 0.051108 0.077222 0.250000 0.087958 0.013831 0.128330
0.423913 0.271739 0.434783 0.260870 0.423913 0.260870 0.478261 0.271739 0.456522 0.271739 0.532609 0.380435 0.467391 0.369565 0.500000 0.543478 0.445652 0.521739 0.423913 0.608696 0.413043 0.608696 0.532609 0.630435 0.467391 0.619565 0.521739 0.826087 0.402174 0.815217 0.663043 0.956522 0.434783 1.000000 0.280391 0.154985 0.017665 0.102416 0.211604 0.069033 0.000009 0.084751
0.426648 0.271793 0.448382 0.250059 0.426648 0.250059 0.480983 0.260926 0.470116 0.260926 0.535318 0.380463 0.470116 0.369596 0.513584 0.532601 0.448382 0.500000 0.448382 0.641271 0.415781 0.586936 0.524451 0.630404 0.470116 0.619537 0.502717 0.815143 0.415781 0.815143 0.633121 0.956414 0.459249 1.000000 0.274551 0.155850 0.023446 0.086245 0.126854 0.061632 0.006919 0.048968
0.425166 0.281042 0.447339 0.258869 0.436253 0.258869 0.480599 0.269955 0.469512 0.269955 0.536031 0.380820 0.480599 0.369734 0.524945 0.536031 0.458426 0.513858 0.469512 0.635810 0.425166 0.602550 0.513858 0.624723 0.469512 0.624723 0.480599 0.835367 0.447339 0.835367 0.613637 0.979491 0.469512 1.000000 0.287122 0.068607 0.020990 0.019552 0.138717 0.065610 0.021189 0.016464
0.418693 0.282212 0.441923 0.258981 0.430308 0.258981 0.488385 0.270597 0.465154 0.270597 0.546461 0.386750 0.465154 0.363520 0.534846 0.560981 0.441923 0.514519 0.476769 0.700365 0.395462 0.642288 0.523231 0.630673 0.465154 0.619057 0.465154 0.839749 0.441923 0.839749 0.558077 1.000000 0.500000 1.000000 0.242203 0.129795 0.056021 0.033383 0.104477 0.062427 0.014794 0.052862
0.443415 0.284978 0.454732 0.262344 0.443415 0.262344 0.500000 0.273661 0.466049 0.273661 0.556585 0.386830 0.466049 0.364196 0.567902 0.545268 0.432098 0.500000 0.533951 0.681072 0.375513 0.613170 0.522634 0.624487 0.454732 0.624487 0.488683 0.816875 0.454732 0.828192 0.556585 1.000000 0.511317 0.997947 0.158016 0.102416 0.010432 0.013831 0.100677 0.069604 0.028858 0.055600
0.439129 0.281417 0.450196 0.259282 0.428061 0.259282 0.494466 0.270350 0.483399 0.270350 0.538736 0.381025 0.483399 0.369957 0.549804 0.547037 0.428061 0.491699 0.538736 0.679846 0.361657 0.591307 0.505534 0.624509 0.472331 0.624509 0.483399 0.812656 0.472331 0.823724 0.538736 1.000000 0.516601 1.000000 0.119186 0.073558 0.005864 0.013831 0.047654 0.051367 0.028220 0.037277
0.426648 0.282660 0.437515 0.271793 0.426648 0.271793 0.480983 0.271793 0.459249 0.271793 0.535318 0.380463 0.470116 0.369596 0.546185 0.532601 0.404914 0.489133 0.546185 0.673872 0.317978 0.565202 0.513584 0.630404 0.480983 0.619537 0.480983 0.815143 0.470116 0.815143 0.513584 0.999882 0.513584 0.999882 0.111200 0.091224 0.027990 0.031496 0.022698 0.112242 0.006919 0.037934
0.425532 0.289894 0.436170 0.268617 0.425532 0.268617 0.478723 0.268617 0.457447 0.268617 0.542553 0.385638 0.457447 0.364362 0.574468 0.523936 0.393617 0.481383 0.585106 0.662234 0.308511 0.555851 0.531915 0.630319 0.468085 0.619681 0.521277 0.811170 0.446809 0.811170 0.574468 0.992021 0.436170 0.992021 0.109756 0.016521 0.004871 0.048479 0.047755 0.112242 0.000009 0.016521
0.427147 0.286643 0.437554 0.265828 0.427147 0.265828 0.479185 0.276236 0.447962 0.276236 0.541631 0.380312 0.447962 0.369905 0.583261 0.526019 0.395924 0.473981 0.614484 0.661318 0.302255 0.536427 0.541631 0.630095 0.468777 0.619688 0.541631 0.807025 0.437554 0.807025 0.604076 0.973547 0.395924 0.994363 0.114200 0.017036 0.000002 0.079033 0.016393 0.165249 0.013255 0.052568
0.425599 0.274141 0.446857 0.263512 0.425599 0.263512 0.489371 0.274141 0.446857 0.263512 0.542515 0.380427 0.446857 0.369799 0.595658 0.529229 0.383085 0.465457 0.627544 0.656773 0.287426 0.529229 0.542515 0.624887 0.468114 0.624887 0.553143 0.805575 0.425599 0.816203 0.627544 0.975633 0.372456 1.000000 0.112572 0.016641 0.018703 0.096069 0.031209 0.125666 0.013537 0.088307
0.420500 0.280050 0.441700 0.258850 0.420500 0.258850 0.484100 0.269450 0.441700 0.269450 0.537100 0.386050 0.441700 0.364850 0.590100 0.523850 0.378100 0.460250 0.632500 0.661650 0.272100 0.523850 0.547700 0.629850 0.473500 0.619250 0.558300 0.799449 0.420500 0.810049 0.632500 0.958449 0.378100 1.000000 0.119114 0.016641 0.006037 0.125829 0.021860 0.140812 0.027025 0.106114
