0.516471 0.294874 0.527114 0.277643 0.498733 0.279671 0.537756 0.278150 0.462244 0.281191 0.575259 0.370894 0.410551 0.379509 0.613776 0.501140 0.375075 0.512290 0.608201 0.459583 0.362405 0.636962 0.561069 0.622771 0.453121 0.626826 0.588943 0.810793 0.461737 0.822956 0.561576 0.928369 0.477954 1.000000 0.119641 0.014015 0.064762 0.040286 0.950925 0.050866 0.018077 0.032874
0.517758 0.294009 0.528920 0.277773 0.500507 0.278281 0.539575 0.279296 0.462962 0.279803 0.575598 0.371636 0.410703 0.378739 0.615172 0.502029 0.374173 0.509640 0.610099 0.463470 0.357937 0.633437 0.560884 0.622783 0.452815 0.626842 0.587774 0.808986 0.462455 0.823193 0.564943 0.944453 0.478691 1.000000 0.098801 0.012297 0.064280 0.037903 0.947848 0.045118 0.017451 0.030038
0.520303 0.295447 0.531470 0.279205 0.503553 0.279205 0.541114 0.280727 0.465485 0.279712 0.576644 0.372598 0.411682 0.377674 0.614712 0.502030 0.373106 0.505583 0.611667 0.467515 0.355341 0.628924 0.559386 0.622833 0.452288 0.626894 0.583242 0.807083 0.463962 0.822311 0.567508 0.971538 0.481727 1.000000 0.071349 0.010868 0.062903 0.032418 0.936961 0.047703 0.014870 0.021992
0.523209 0.295656 0.534310 0.280015 0.506559 0.279511 0.544401 0.282033 0.467709 0.279006 0.577197 0.373357 0.411703 0.376889 0.615038 0.501514 0.372853 0.502523 0.613020 0.466195 0.355193 0.621093 0.559033 0.623111 0.452068 0.626643 0.574674 0.809795 0.466195 0.820391 0.565592 0.990929 0.482845 1.000000 0.042554 0.004769 0.049716 0.027834 0.926777 0.048402 0.014138 0.003439
0.525611 0.296741 0.537664 0.281173 0.509542 0.280169 0.547205 0.283684 0.470371 0.278662 0.577336 0.374580 0.413624 0.375584 0.615502 0.502134 0.371943 0.498117 0.615000 0.468990 0.352860 0.613619 0.557249 0.623663 0.451790 0.626174 0.565284 0.815999 0.469367 0.820519 0.561769 1.000000 0.484934 1.000000 0.019231 0.002597 0.038904 0.019401 0.912279 0.052250 0.011512 0.015419
0.527476 0.298218 0.539411 0.282802 0.511562 0.281310 0.548860 0.284791 0.472773 0.279321 0.577704 0.375301 0.415085 0.374803 0.615499 0.502114 0.372317 0.494654 0.614007 0.467302 0.352922 0.604558 0.555325 0.623953 0.451886 0.625943 0.554331 0.814421 0.471281 0.816411 0.549358 1.000000 0.487194 1.000000 0.006583 0.004987 0.026909 0.014012 0.921433 0.053504 0.009183 0.033964
0.529755 0.298163 0.541657 0.282790 0.514381 0.281798 0.551079 0.285269 0.475204 0.279318 0.578354 0.375526 0.416191 0.374534 0.615548 0.501984 0.370567 0.491074 0.614060 0.465782 0.353210 0.593728 0.554055 0.623978 0.451400 0.625962 0.543640 0.812922 0.471733 0.814409 0.540169 1.000000 0.487602 0.997401 0.011800 0.006677 0.013506 0.010076 0.922021 0.065460 0.006946 0.051739
0.531278 0.299403 0.543099 0.284626 0.516008 0.282656 0.552458 0.287089 0.477588 0.280193 0.578564 0.376243 0.417988 0.373780 0.615999 0.502340 0.369717 0.488548 0.614029 0.465397 0.354940 0.586568 0.552458 0.624496 0.450990 0.625481 0.534726 0.811670 0.468722 0.814133 0.527830 1.000000 0.486947 0.994411 0.018466 0.002239 0.003284 0.011667 0.925100 0.079104 0.004390 0.059898
0.533203 0.299318 0.545410 0.284670 0.517578 0.282717 0.554687 0.287111 0.479981 0.279299 0.579101 0.376954 0.419922 0.373048 0.615233 0.501953 0.370606 0.486328 0.613280 0.461426 0.356446 0.582031 0.551269 0.624999 0.449707 0.624999 0.528808 0.809568 0.466309 0.812009 0.516601 0.995113 0.487305 0.985348 0.017635 0.010186 0.002980 0.009273 0.925758 0.083940 0.001243 0.066730
0.534667 0.300299 0.547362 0.285163 0.519042 0.283210 0.557127 0.286628 0.481446 0.279304 0.581052 0.377445 0.420901 0.372562 0.616207 0.502930 0.371586 0.486817 0.614254 0.461915 0.356938 0.585935 0.549803 0.624996 0.448244 0.624996 0.524902 0.811514 0.462892 0.814932 0.508301 0.999496 0.491699 0.984848 0.014209 0.028958 0.002275 0.009845 0.928199 0.082998 0.002487 0.066747
0.535741 0.300629 0.548384 0.285555 0.520666 0.283610 0.558109 0.286527 0.482737 0.279720 0.582909 0.377946 0.422440 0.372111 0.617920 0.503890 0.373813 0.485898 0.614030 0.461585 0.357280 0.588987 0.548384 0.625458 0.446267 0.624485 0.520180 0.811213 0.459396 0.815589 0.501216 0.999399 0.491004 0.978490 0.015993 0.039169 0.003849 0.008129 0.942879 0.077934 0.006811 0.069798
0.537389 0.300549 0.550500 0.285010 0.522337 0.283554 0.561183 0.286467 0.484947 0.279184 0.585462 0.378727 0.423764 0.371443 0.618967 0.505948 0.376663 0.487982 0.613625 0.462732 0.357240 0.595780 0.547101 0.625400 0.443673 0.624429 0.517481 0.809434 0.456298 0.819146 0.496115 1.000000 0.487375 0.960935 0.015661 0.048071 0.001690 0.004390 0.957175 0.065516 0.011750 0.071406
0.539821 0.298451 0.553014 0.283304 0.524186 0.280861 0.564252 0.285747 0.487052 0.277929 0.587705 0.379559 0.424999 0.370764 0.620441 0.509528 0.377605 0.489984 0.614578 0.466042 0.356595 0.603340 0.546173 0.625327 0.441123 0.624350 0.516368 0.810508 0.447475 0.824678 0.493892 1.000000 0.489495 0.955624 0.015146 0.088751 0.002492 0.010123 0.964119 0.062108 0.016182 0.060886
0.540612 0.298159 0.554272 0.283036 0.525489 0.280109 0.565492 0.287426 0.488902 0.277669 0.589884 0.380115 0.425483 0.370358 0.623544 0.511342 0.379139 0.490853 0.613787 0.465974 0.355235 0.607933 0.545491 0.626471 0.439143 0.623056 0.517196 0.813800 0.433776 0.815263 0.495731 1.000000 0.478657 0.935758 0.013438 0.122378 0.009031 0.026074 0.987502 0.052768 0.019578 0.038833
0.539741 0.298887 0.553710 0.284436 0.525290 0.281064 0.565271 0.287808 0.489162 0.275765 0.589357 0.380296 0.426058 0.370180 0.623558 0.509875 0.380777 0.491570 0.610552 0.461704 0.355247 0.609588 0.545521 0.626448 0.439064 0.623076 0.517101 0.815277 0.426058 0.816241 0.495424 1.000000 0.467003 0.903911 0.011980 0.160479 0.008545 0.037756 0.998196 0.045832 0.019639 0.026152
0.540215 0.298207 0.554140 0.283802 0.525809 0.279960 0.564703 0.287643 0.489316 0.276119 0.590153 0.380317 0.426413 0.370233 0.621364 0.510444 0.381757 0.492677 0.610800 0.460025 0.353907 0.613201 0.545016 0.626646 0.438418 0.622805 0.518127 0.816315 0.416810 0.812954 0.496039 1.000000 0.457144 0.896984 0.008018 0.178467 0.012857 0.051134 0.990810 0.039033 0.021108 0.008811
0.539617 0.298194 0.554023 0.283788 0.525691 0.280426 0.564588 0.288110 0.489195 0.276105 0.590038 0.380309 0.426289 0.370225 0.621252 0.510444 0.381630 0.492677 0.610687 0.460503 0.353778 0.613208 0.545379 0.626654 0.438294 0.622812 0.518008 0.815855 0.416685 0.812973 0.495918 1.000000 0.457022 0.897009 0.009014 0.178467 0.011353 0.051134 0.991424 0.039033 0.020803 0.009716
0.536688 0.297553 0.551123 0.283119 0.521772 0.279750 0.563633 0.286968 0.486167 0.277345 0.589615 0.379831 0.426503 0.370689 0.620409 0.509743 0.381275 0.493865 0.609824 0.457778 0.351924 0.615598 0.545349 0.627146 0.438532 0.622334 0.518404 0.817203 0.412550 0.810948 0.496752 1.000000 0.448637 0.927869 0.008354 0.138866 0.011548 0.058778 0.989882 0.036705 0.020537 0.001251
0.534358 0.294810 0.548724 0.280923 0.519513 0.277092 0.561653 0.285711 0.484557 0.275655 0.589906 0.378610 0.426136 0.371906 0.619595 0.507422 0.382081 0.495451 0.608581 0.456663 0.351434 0.614686 0.545372 0.627137 0.438587 0.622348 0.519035 0.816764 0.410813 0.807187 0.497486 1.000000 0.439544 0.940788 0.007455 0.114901 0.012511 0.063285 0.995908 0.028950 0.020439 0.003547
0.531101 0.293020 0.545400 0.278244 0.516325 0.275861 0.557792 0.283011 0.482007 0.275385 0.589727 0.377862 0.425764 0.372619 0.619278 0.505124 0.383343 0.496068 0.609269 0.457937 0.351885 0.615227 0.545400 0.627620 0.439110 0.621900 0.520138 0.818751 0.411941 0.804452 0.498213 1.000000 0.432437 0.964126 0.004073 0.087663 0.014084 0.064052 0.993906 0.023198 0.019736 0.005199
0.527434 0.292303 0.541092 0.277232 0.511892 0.275819 0.554750 0.281470 0.478453 0.276290 0.588189 0.376606 0.425705 0.373780 0.619273 0.503297 0.384730 0.497174 0.607970 0.454787 0.354588 0.615387 0.545802 0.627162 0.440305 0.622452 0.520369 0.816491 0.416756 0.808485 0.500589 0.997814 0.426647 0.983685 0.007915 0.058029 0.010841 0.058746 0.996284 0.022582 0.017699 0.002425
0.524074 0.290144 0.538166 0.275582 0.508573 0.274173 0.552728 0.280750 0.476161 0.276992 0.587019 0.375637 0.425899 0.374697 0.619901 0.502466 0.385031 0.498708 0.604869 0.454083 0.356377 0.616143 0.545682 0.626947 0.441400 0.622719 0.520786 0.818600 0.422611 0.812494 0.501057 0.997571 0.421671 0.998040 0.006172 0.029802 0.010774 0.051282 0.984864 0.025151 0.016455 0.009706
0.521640 0.289242 0.535754 0.274188 0.506586 0.272306 0.549867 0.280304 0.473655 0.275129 0.585620 0.374862 0.424259 0.375333 0.620433 0.500941 0.385683 0.499530 0.601145 0.452015 0.357456 0.617611 0.547044 0.626549 0.443077 0.623256 0.522111 0.820841 0.429904 0.817078 0.501411 1.000000 0.421436 1.000000 0.004027 0.007600 0.007784 0.045713 0.966222 0.021173 0.012582 0.019027
0.519176 0.289763 0.532657 0.274887 0.503835 0.273957 0.547068 0.280465 0.471759 0.277676 0.583793 0.374834 0.424342 0.375299 0.618658 0.499419 0.387618 0.499884 0.601458 0.452467 0.361585 0.615636 0.547068 0.626328 0.444797 0.623539 0.524289 0.815995 0.438289 0.814136 0.502905 0.990322 0.426667 1.000000 0.000795 0.008759 0.008109 0.037034 0.975082 0.020830 0.010360 0.027181
0.517521 0.289170 0.531445 0.274318 0.501740 0.273390 0.546297 0.279888 0.470180 0.277567 0.582499 0.374570 0.423303 0.375498 0.617308 0.501276 0.388029 0.502205 0.600600 0.453007 0.363431 0.618701 0.548153 0.626127 0.446045 0.623806 0.527732 0.815027 0.444189 0.812706 0.506382 0.986290 0.432585 0.997893 0.005198 0.016790 0.008913 0.032201 0.979267 0.020186 0.007388 0.031150
0.516526 0.289352 0.530492 0.274455 0.501164 0.272593 0.544923 0.280507 0.469043 0.275852 0.581699 0.374542 0.421094 0.375473 0.617544 0.500698 0.388508 0.502095 0.602647 0.453215 0.364766 0.620337 0.549578 0.625923 0.447629 0.624061 0.529561 0.814459 0.448094 0.813062 0.510940 0.982512 0.437388 1.000000 0.001456 0.018886 0.006784 0.033065 0.991354 0.017104 0.003556 0.034453
0.515770 0.288962 0.529221 0.273193 0.500000 0.271801 0.543599 0.278758 0.467069 0.275048 0.580241 0.374305 0.418832 0.375697 0.617810 0.499072 0.389611 0.503247 0.603432 0.452227 0.367812 0.623376 0.551484 0.625695 0.449444 0.624303 0.532003 0.814469 0.451763 0.813078 0.513451 0.975414 0.444342 1.000000 0.003801 0.016266 0.003523 0.035088 0.998303 0.014544 0.001183 0.036642
0.514828 0.288822 0.528265 0.273068 0.498610 0.272141 0.542629 0.277701 0.465248 0.274458 0.579699 0.373618 0.417521 0.376398 0.615841 0.499652 0.387866 0.505213 0.603793 0.452389 0.368405 0.626151 0.552823 0.625687 0.449957 0.624297 0.535216 0.817520 0.451810 0.815203 0.517608 0.969503 0.450420 1.000000 0.007579 0.005397 0.004675 0.038322 0.990551 0.021238 0.003541 0.032226
0.515022 0.289240 0.527864 0.274104 0.499427 0.273187 0.541166 0.279608 0.466402 0.275939 0.578318 0.373636 0.418242 0.376388 0.614553 0.498853 0.386593 0.504816 0.604463 0.456197 0.370540 0.623612 0.553091 0.625447 0.450349 0.624529 0.541166 0.814420 0.456770 0.814878 0.521902 0.960736 0.456311 1.000000 0.021609 0.011508 0.011722 0.030224 0.984277 0.034153 0.004379 0.030795
0.515052 0.289732 0.526911 0.273768 0.498176 0.274224 0.539682 0.278329 0.464423 0.277873 0.577083 0.372745 0.417900 0.377306 0.615396 0.496807 0.385516 0.505473 0.606274 0.458950 0.370464 0.624975 0.553821 0.624975 0.451196 0.624975 0.550628 0.812893 0.460318 0.813349 0.528279 0.952464 0.460774 0.998987 0.045134 0.014620 0.023865 0.027135 0.979922 0.038896 0.006389 0.020810
0.513930 0.288761 0.525805 0.272318 0.496574 0.273232 0.538594 0.275972 0.461406 0.276886 0.576046 0.371886 0.414819 0.378281 0.614412 0.496118 0.381934 0.507079 0.607104 0.458666 0.368232 0.627200 0.556863 0.624460 0.452271 0.625373 0.560974 0.815831 0.461406 0.814461 0.536310 0.940976 0.464603 1.000000 0.068775 0.009891 0.030965 0.032517 0.965994 0.043418 0.011633 0.008529
0.513797 0.287349 0.525199 0.270930 0.496009 0.271842 0.537513 0.275491 0.459522 0.275491 0.574912 0.371725 0.413001 0.378567 0.613224 0.495781 0.379707 0.508096 0.607751 0.458382 0.365568 0.628503 0.558949 0.623942 0.453137 0.625766 0.570351 0.817779 0.462715 0.815498 0.542986 0.927696 0.468644 0.997477 0.096371 0.005688 0.038822 0.035179 0.950910 0.042879 0.015395 0.002649
0.514928 0.286527 0.525952 0.269991 0.497014 0.270910 0.537435 0.274125 0.457971 0.274585 0.575100 0.371044 0.411579 0.379312 0.613224 0.497818 0.376211 0.511139 0.610928 0.461991 0.361972 0.631942 0.559942 0.623674 0.453378 0.625971 0.576937 0.816133 0.463943 0.816592 0.548459 0.931424 0.469914 1.000000 0.105119 0.007307 0.047112 0.035810 0.927391 0.046088 0.016968 0.010413
0.516230 0.287052 0.527280 0.270937 0.497813 0.271858 0.538331 0.274621 0.458677 0.275542 0.574704 0.371310 0.410332 0.379138 0.613380 0.497928 0.373037 0.511280 0.610157 0.463396 0.358764 0.636056 0.560892 0.623164 0.454072 0.626387 0.580230 0.814702 0.463741 0.820688 0.553985 0.944082 0.471108 1.000000 0.095732 0.003036 0.049468 0.039908 0.935259 0.051305 0.019064 0.016201
0.518581 0.286372 0.529199 0.270214 0.500115 0.271138 0.539817 0.274369 0.460414 0.275292 0.574903 0.371315 0.409632 0.379163 0.613681 0.499192 0.370392 0.510272 0.612296 0.467800 0.356543 0.635840 0.561053 0.622452 0.454412 0.627069 0.581827 0.809882 0.465492 0.820500 0.561053 0.965919 0.472416 1.000000 0.077268 0.006370 0.052673 0.038671 0.920312 0.057601 0.019704 0.016925
0.521026 0.286278 0.532116 0.270105 0.503466 0.270567 0.542282 0.275188 0.462801 0.274264 0.575091 0.372229 0.409659 0.378236 0.613446 0.500693 0.368994 0.509011 0.614832 0.469270 0.355593 0.632392 0.560766 0.622226 0.454483 0.627309 0.580175 0.809839 0.464649 0.822315 0.565387 0.986361 0.472967 1.000000 0.059414 0.002404 0.051032 0.040098 0.893613 0.061525 0.019428 0.016232
0.522330 0.287009 0.533323 0.271435 0.504466 0.271435 0.544316 0.276474 0.464616 0.274184 0.575921 0.373122 0.410567 0.377244 0.613023 0.500458 0.368885 0.505038 0.614855 0.468853 0.356975 0.625046 0.559889 0.622756 0.453623 0.626878 0.573173 0.814677 0.463242 0.820174 0.569508 1.000000 0.472403 1.000000 0.028146 0.000136 0.042410 0.038539 0.891321 0.068874 0.017213 0.006169
0.523953 0.286121 0.534852 0.270682 0.506244 0.270682 0.545296 0.275223 0.467646 0.274315 0.576174 0.373307 0.412700 0.376940 0.612502 0.498184 0.367745 0.501362 0.615227 0.467305 0.357755 0.618519 0.558011 0.623514 0.453115 0.626238 0.567093 0.814234 0.462651 0.815596 0.568001 1.000000 0.472187 0.998596 0.013645 0.000565 0.038214 0.035141 0.881874 0.083287 0.014170 0.000870
0.527323 0.285573 0.537668 0.270281 0.509782 0.269831 0.546663 0.275678 0.470203 0.273429 0.576798 0.373728 0.414432 0.376426 0.614129 0.497414 0.369005 0.497414 0.615028 0.465031 0.361359 0.609856 0.556558 0.623799 0.452212 0.626047 0.561956 0.812701 0.462557 0.810452 0.563755 1.000000 0.472002 0.989910 0.006096 0.001103 0.034798 0.029976 0.897856 0.092718 0.011169 0.008746
0.530595 0.286507 0.541354 0.271266 0.513560 0.270369 0.550768 0.277093 0.471871 0.273955 0.578113 0.374818 0.415387 0.375266 0.613527 0.500336 0.371904 0.496302 0.616665 0.464922 0.363835 0.604337 0.555250 0.624061 0.451250 0.625854 0.556147 0.812338 0.461560 0.809649 0.562871 1.000000 0.471422 0.985822 0.009794 0.000000 0.030632 0.027409 0.884335 0.086055 0.008277 0.016322
0.532416 0.285898 0.543556 0.270303 0.515484 0.269857 0.552913 0.275204 0.474490 0.272976 0.579648 0.375460 0.416565 0.374569 0.613066 0.501560 0.372898 0.494430 0.619750 0.465467 0.365769 0.601370 0.553804 0.624540 0.449983 0.625431 0.552022 0.810793 0.459341 0.805892 0.557814 0.996601 0.469143 0.979223 0.012966 0.001491 0.029863 0.025665 0.859252 0.090018 0.004823 0.019536
0.534623 0.287393 0.546127 0.271907 0.518252 0.271022 0.555419 0.277217 0.477102 0.272792 0.580198 0.376330 0.418254 0.373675 0.610286 0.501991 0.374892 0.492257 0.621790 0.464381 0.367370 0.602432 0.552322 0.624998 0.449227 0.624998 0.545685 0.810392 0.456749 0.804198 0.547012 0.995344 0.466040 0.972779 0.013675 0.004174 0.024144 0.025678 0.830705 0.089891 0.001974 0.024743
0.535919 0.287247 0.547856 0.272216 0.519562 0.270447 0.558024 0.277963 0.479775 0.271774 0.581454 0.376990 0.419209 0.373011 0.611074 0.501216 0.375885 0.492816 0.623010 0.463196 0.366601 0.603779 0.551392 0.625000 0.447944 0.625000 0.540340 0.810675 0.452365 0.804928 0.539014 0.998561 0.461649 0.964521 0.016678 0.010677 0.019471 0.028323 0.828663 0.083881 0.000850 0.026744
0.539038 0.286290 0.550572 0.272095 0.523068 0.269433 0.559887 0.278749 0.482699 0.270764 0.583399 0.378118 0.420150 0.371907 0.611346 0.504103 0.374902 0.493013 0.622437 0.469945 0.364699 0.606578 0.550572 0.625209 0.445879 0.624766 0.538594 0.809751 0.447210 0.805315 0.532827 1.000000 0.454308 0.964572 0.011186 0.011831 0.021412 0.029932 0.830585 0.085295 0.004518 0.022977
0.540216 0.288204 0.552148 0.274063 0.524306 0.271853 0.561870 0.279808 0.484532 0.271411 0.585735 0.378800 0.420894 0.371288 0.612692 0.503867 0.376259 0.493261 0.619321 0.480003 0.362117 0.609047 0.549496 0.625840 0.443875 0.624072 0.537564 0.812777 0.439013 0.807474 0.529609 1.000000 0.447410 0.965243 0.007365 0.025360 0.026072 0.037293 0.846178 0.072979 0.008441 0.011855
0.541415 0.290061 0.554192 0.275962 0.525995 0.273319 0.563444 0.282571 0.486342 0.274200 0.586795 0.380381 0.422898 0.369807 0.613671 0.507270 0.378839 0.493171 0.622483 0.474666 0.360334 0.612129 0.548024 0.626668 0.442283 0.623144 0.535247 0.815680 0.432590 0.804665 0.523792 1.000000 0.441843 0.957548 0.002655 0.036221 0.028217 0.041291 0.849540 0.060067 0.012344 0.004505
0.542059 0.292764 0.554731 0.277907 0.526328 0.275285 0.564345 0.282277 0.487437 0.274848 0.587504 0.380596 0.424075 0.369672 0.615034 0.508193 0.379504 0.492899 0.622462 0.474983 0.358966 0.611757 0.547303 0.626614 0.441118 0.623118 0.532882 0.814950 0.428882 0.805774 0.519336 1.000000 0.437185 0.940799 0.001836 0.040838 0.027235 0.042662 0.862313 0.056009 0.014749 0.003033
0.540854 0.292812 0.553824 0.278113 0.525723 0.275951 0.564199 0.281572 0.488544 0.273790 0.587544 0.380140 0.425425 0.370197 0.613051 0.506377 0.380897 0.492110 0.622562 0.473521 0.357984 0.610997 0.546474 0.626993 0.440556 0.622670 0.530046 0.813322 0.425425 0.805108 0.518373 0.998786 0.436233 0.933074 0.007985 0.053161 0.024486 0.045394 0.846848 0.050866 0.016521 0.001652
0.541031 0.293117 0.553988 0.278433 0.525482 0.276273 0.564354 0.281888 0.488770 0.274114 0.587677 0.379930 0.425712 0.370428 0.613159 0.506479 0.381226 0.492226 0.622661 0.473222 0.358335 0.611000 0.546214 0.626980 0.440397 0.622661 0.530233 0.813131 0.425712 0.804925 0.518572 0.997987 0.436510 0.933201 0.007206 0.052321 0.025670 0.044101 0.848164 0.050866 0.017055 0.001674
0.538954 0.290552 0.551472 0.276308 0.522984 0.274582 0.562262 0.280193 0.487159 0.273719 0.587297 0.379468 0.425005 0.370835 0.612331 0.505935 0.380115 0.492986 0.620532 0.475289 0.355081 0.611684 0.546724 0.627223 0.440975 0.622475 0.528595 0.816707 0.422415 0.805054 0.515215 1.000000 0.430616 0.933679 0.007239 0.052515 0.021308 0.052421 0.854563 0.045935 0.015669 0.001888
