0.605310 0.333397 0.614680 0.318562 0.596331 0.314267 0.599845 0.315048 0.551435 0.296309 0.575640 0.395080 0.458130 0.357211 0.586571 0.523912 0.406987 0.482139 0.609995 0.646888 0.443685 0.586376 0.526450 0.629320 0.439781 0.618389 0.518642 0.811637 0.440952 0.800706 0.491704 0.990049 0.345304 0.949448 0.034076 0.183949 0.052264 0.024371 0.032969 0.231434 0.043129 0.015669
0.606417 0.331224 0.614938 0.316118 0.596734 0.311858 0.599445 0.313407 0.551030 0.295203 0.578530 0.396681 0.458072 0.356012 0.595185 0.526435 0.406171 0.481505 0.623459 0.646118 0.444129 0.584533 0.525079 0.629463 0.438319 0.617843 0.515009 0.809568 0.446453 0.797561 0.486734 0.984639 0.363178 0.961786 0.033189 0.163777 0.054065 0.038366 0.033210 0.237188 0.046771 0.032176
0.604565 0.329113 0.612698 0.314784 0.595658 0.310524 0.606502 0.310524 0.548797 0.294645 0.582103 0.396500 0.454688 0.356223 0.603791 0.527013 0.405117 0.484799 0.632450 0.645133 0.446168 0.587041 0.524786 0.629255 0.438423 0.618023 0.513555 0.812825 0.453139 0.801981 0.477538 0.987488 0.390400 0.977806 0.045280 0.134510 0.057406 0.045162 0.023350 0.238666 0.047015 0.044861
0.603253 0.326523 0.611390 0.312187 0.594342 0.307925 0.605966 0.308700 0.546299 0.292428 0.580782 0.396262 0.452538 0.355968 0.606353 0.522569 0.406045 0.486149 0.633474 0.631827 0.445952 0.588821 0.526152 0.629115 0.440528 0.618654 0.512592 0.813925 0.459900 0.804239 0.475010 0.988275 0.417281 0.992537 0.044265 0.103958 0.050038 0.047650 0.013864 0.227188 0.042551 0.056421
0.602717 0.325860 0.610397 0.311269 0.593118 0.307429 0.605405 0.307813 0.544735 0.292453 0.578526 0.394595 0.452577 0.357348 0.603101 0.520159 0.407650 0.489056 0.629597 0.628445 0.450273 0.590430 0.525535 0.628445 0.443361 0.619613 0.505184 0.811608 0.470625 0.805080 0.464481 0.981716 0.445665 0.995923 0.039536 0.087853 0.035708 0.057639 0.014862 0.231330 0.039705 0.081682
0.601357 0.327059 0.609321 0.312268 0.592254 0.308854 0.604011 0.308096 0.544089 0.292925 0.577843 0.394566 0.453446 0.357399 0.602874 0.518963 0.412107 0.489381 0.623733 0.627430 0.456480 0.591022 0.523609 0.628189 0.445103 0.619845 0.495164 0.806061 0.479615 0.803785 0.445482 0.975968 0.478477 0.994552 0.040078 0.060936 0.022132 0.069154 0.002731 0.227645 0.039943 0.109513
0.602495 0.325453 0.610893 0.310947 0.592570 0.307130 0.607458 0.307893 0.544090 0.292624 0.578828 0.394165 0.453238 0.357900 0.602495 0.518991 0.410866 0.493033 0.620055 0.627021 0.457055 0.593429 0.523095 0.627785 0.444840 0.620150 0.490648 0.800328 0.486448 0.801091 0.441786 0.975925 0.504390 1.000000 0.027220 0.044003 0.015375 0.082137 0.008354 0.233974 0.040940 0.131115
0.602478 0.326575 0.610836 0.312139 0.592601 0.309100 0.606657 0.308340 0.544733 0.294664 0.577405 0.391158 0.453557 0.360766 0.595640 0.519185 0.411768 0.496391 0.618054 0.630496 0.458876 0.600104 0.522319 0.626697 0.446719 0.621378 0.486229 0.798792 0.494207 0.799932 0.436462 0.975826 0.528398 1.000000 0.021430 0.030834 0.007328 0.091092 0.018216 0.230852 0.039523 0.148542
0.603211 0.326746 0.611194 0.311540 0.592947 0.308118 0.607393 0.308499 0.545808 0.294813 0.575080 0.390992 0.456092 0.360960 0.590286 0.518722 0.413896 0.498194 0.606252 0.631247 0.459514 0.603496 0.521479 0.626686 0.447349 0.621363 0.480802 0.796993 0.496769 0.799274 0.427201 0.973004 0.539346 1.000000 0.019470 0.022073 0.003449 0.096929 0.007149 0.225080 0.039794 0.160872
0.601960 0.327684 0.609861 0.312634 0.591802 0.309248 0.604217 0.310001 0.544772 0.296833 0.571485 0.387882 0.457485 0.363803 0.585406 0.516178 0.416476 0.502634 0.601960 0.629801 0.462000 0.609485 0.520693 0.626039 0.450337 0.622277 0.478931 0.794593 0.501129 0.803622 0.419862 0.965028 0.538376 1.000000 0.028886 0.029625 0.010427 0.095727 0.011649 0.219631 0.036969 0.164236
0.603176 0.327854 0.610240 0.312238 0.592766 0.309635 0.603176 0.309635 0.545918 0.298110 0.571944 0.386971 0.459659 0.365035 0.583842 0.517475 0.419876 0.505577 0.597227 0.630504 0.463377 0.614144 0.519148 0.625670 0.449249 0.622324 0.477878 0.791867 0.502417 0.805996 0.413555 0.957321 0.532161 1.000000 0.040548 0.042960 0.008187 0.102563 0.008579 0.209113 0.040347 0.167167
0.604383 0.323133 0.611556 0.308033 0.593435 0.305013 0.605138 0.306145 0.545868 0.294065 0.572294 0.388444 0.459039 0.363528 0.582110 0.521707 0.418268 0.506984 0.594190 0.636472 0.461682 0.616086 0.518687 0.626279 0.449979 0.621749 0.475273 0.798050 0.502831 0.811263 0.404299 0.961892 0.522462 1.000000 0.051317 0.056014 0.008236 0.097736 0.009980 0.208692 0.040001 0.165374
0.601619 0.324902 0.609098 0.309944 0.591148 0.306578 0.603489 0.307326 0.544032 0.294238 0.570582 0.388472 0.456903 0.363044 0.578808 0.523091 0.416517 0.506637 0.587783 0.638639 0.462138 0.616203 0.520099 0.626299 0.452416 0.622186 0.475974 0.798312 0.502898 0.810279 0.397820 0.953498 0.514116 1.000000 0.068573 0.065600 0.013353 0.088976 0.005246 0.212859 0.035066 0.163394
0.601444 0.328942 0.609262 0.314051 0.591392 0.310700 0.604050 0.311073 0.544114 0.297299 0.568684 0.387388 0.457003 0.363935 0.581341 0.522150 0.418659 0.508748 0.587297 0.639415 0.465193 0.618941 0.521033 0.626386 0.453280 0.622291 0.485668 0.800981 0.503164 0.810660 0.399673 0.947656 0.510610 1.000000 0.105178 0.070510 0.000975 0.086990 0.013655 0.209582 0.032763 0.146020
0.599698 0.328180 0.606707 0.313055 0.589737 0.310104 0.600436 0.310104 0.542517 0.297930 0.567972 0.388313 0.456192 0.362858 0.581621 0.522965 0.418932 0.505626 0.584572 0.639171 0.467628 0.615561 0.523334 0.626997 0.452503 0.621832 0.496034 0.802967 0.499354 0.808870 0.401593 0.933561 0.503044 1.000000 0.150304 0.072211 0.009859 0.082661 0.024075 0.213989 0.030814 0.127118
0.594433 0.326963 0.600222 0.311406 0.583940 0.309597 0.591900 0.307426 0.537628 0.298742 0.565126 0.387024 0.451155 0.363506 0.577428 0.522704 0.416060 0.503890 0.577066 0.637398 0.468161 0.609900 0.528945 0.627267 0.454774 0.622202 0.509407 0.799852 0.494573 0.801299 0.403758 0.915993 0.490955 0.995954 0.199070 0.075520 0.011699 0.065153 0.029786 0.223383 0.020745 0.105487
0.594261 0.326947 0.600050 0.311388 0.583767 0.309579 0.591728 0.307408 0.537451 0.298723 0.564951 0.387014 0.450970 0.363494 0.577254 0.522706 0.415871 0.503890 0.577254 0.637411 0.467615 0.609911 0.529490 0.627279 0.454588 0.622213 0.509227 0.799880 0.494391 0.801327 0.403568 0.916032 0.490773 0.996000 0.197753 0.075520 0.009444 0.065153 0.028781 0.222506 0.020285 0.106804
0.592322 0.324976 0.598075 0.309514 0.581534 0.308075 0.590883 0.305918 0.535149 0.296928 0.563555 0.385385 0.448131 0.364889 0.577938 0.520945 0.415409 0.502247 0.576141 0.638168 0.467908 0.608323 0.532272 0.627021 0.456042 0.622706 0.524361 0.796022 0.492719 0.800337 0.408937 0.907851 0.483729 0.995948 0.240147 0.079431 0.026093 0.055049 0.038529 0.220727 0.014885 0.079702
0.592376 0.325313 0.597721 0.309991 0.582043 0.308566 0.589526 0.306428 0.535721 0.297520 0.564940 0.385175 0.449135 0.365221 0.580974 0.521290 0.416710 0.502405 0.582043 0.638164 0.469802 0.606807 0.531445 0.626761 0.454480 0.622842 0.538216 0.791382 0.490468 0.802428 0.419917 0.903267 0.478710 0.995911 0.271950 0.082275 0.056935 0.056351 0.034414 0.223630 0.017930 0.049871
0.589668 0.324024 0.595682 0.309167 0.579057 0.306691 0.589315 0.307752 0.532719 0.295372 0.563847 0.385925 0.447826 0.364348 0.580825 0.517863 0.416345 0.500531 0.587192 0.633176 0.471172 0.603817 0.533780 0.626809 0.454547 0.622918 0.543685 0.789521 0.482491 0.804024 0.428018 0.904127 0.470818 0.995741 0.270818 0.068087 0.058877 0.040459 0.023181 0.227648 0.014868 0.029378
0.586440 0.320321 0.593504 0.305487 0.575139 0.302662 0.578317 0.305134 0.529579 0.292066 0.559952 0.385659 0.447995 0.364468 0.581496 0.509977 0.414443 0.495497 0.593857 0.625467 0.468126 0.596153 0.534876 0.626173 0.457177 0.623701 0.545825 0.791814 0.473777 0.804528 0.438459 0.920371 0.462828 0.990653 0.242495 0.047841 0.054076 0.017868 0.020679 0.235752 0.010119 0.008130
0.588236 0.322378 0.594956 0.306817 0.576566 0.305049 0.577981 0.304695 0.530237 0.294086 0.558883 0.385328 0.449604 0.364816 0.582224 0.510521 0.415654 0.497082 0.594602 0.624751 0.468348 0.599288 0.535542 0.625812 0.455970 0.624044 0.552871 0.793444 0.468348 0.804761 0.469409 0.944100 0.444653 0.992197 0.193823 0.061795 0.063587 0.013952 0.024314 0.231503 0.010809 0.011020
0.585182 0.321861 0.591190 0.306662 0.573871 0.303835 0.585535 0.306662 0.526509 0.293231 0.561854 0.386896 0.445569 0.363214 0.582708 0.513785 0.413051 0.500000 0.597552 0.626535 0.465008 0.603561 0.538526 0.626182 0.454051 0.623708 0.554431 0.793718 0.459707 0.805382 0.498233 0.952417 0.432844 0.987055 0.138463 0.056632 0.061063 0.000466 0.010180 0.222309 0.009452 0.020224
0.589918 0.320254 0.597026 0.304971 0.578900 0.302128 0.579966 0.303905 0.532342 0.290400 0.561130 0.388847 0.451665 0.361481 0.585653 0.511817 0.415413 0.495469 0.601646 0.622704 0.465881 0.598892 0.534119 0.626258 0.453086 0.623415 0.566105 0.793298 0.454863 0.803605 0.525234 0.966736 0.426786 0.988416 0.133891 0.051131 0.096284 0.001414 0.017060 0.228613 0.016298 0.057085
0.590890 0.322187 0.597237 0.308082 0.580664 0.303498 0.590185 0.307729 0.534469 0.292214 0.565501 0.390597 0.450544 0.359918 0.586306 0.515427 0.415634 0.497443 0.603232 0.622627 0.464649 0.602174 0.534469 0.626505 0.449486 0.622979 0.564795 0.791183 0.447723 0.801409 0.557743 0.969966 0.416692 0.985834 0.070519 0.049916 0.099600 0.001863 0.002722 0.218465 0.020443 0.061114
0.596327 0.322588 0.602946 0.307956 0.586920 0.304473 0.581346 0.308305 0.541631 0.292279 0.562882 0.390522 0.456279 0.360213 0.582740 0.515938 0.420047 0.491552 0.598765 0.622542 0.467078 0.594323 0.531180 0.626026 0.449659 0.623239 0.571592 0.788718 0.444782 0.796383 0.584482 0.967088 0.413776 0.972662 0.054535 0.046456 0.120091 0.000954 0.002488 0.222290 0.024420 0.086462
0.598405 0.321336 0.605733 0.307378 0.588634 0.302841 0.588983 0.308774 0.542223 0.291675 0.564905 0.392173 0.459521 0.359023 0.581306 0.520239 0.417996 0.491625 0.597009 0.625623 0.462313 0.595613 0.528963 0.626321 0.446610 0.622483 0.568395 0.788933 0.437188 0.793470 0.603639 0.968644 0.399152 0.971087 0.014081 0.049629 0.124208 0.001934 0.006539 0.224838 0.031151 0.093247
0.598632 0.320749 0.605559 0.306894 0.589626 0.302391 0.588587 0.308279 0.543904 0.291653 0.564686 0.391410 0.460773 0.359890 0.575770 0.519570 0.416436 0.488743 0.585815 0.628334 0.456616 0.591964 0.527970 0.626602 0.446571 0.622099 0.566072 0.791132 0.429598 0.793210 0.610755 0.962243 0.386647 0.964668 0.008868 0.046660 0.121731 0.014247 0.001853 0.223648 0.032471 0.103907
0.599111 0.323231 0.606319 0.308815 0.590873 0.304696 0.588470 0.306412 0.546595 0.294056 0.563757 0.392222 0.463531 0.359271 0.571308 0.520938 0.420969 0.486270 0.579546 0.630088 0.455979 0.590272 0.525657 0.626999 0.447055 0.621507 0.562727 0.789695 0.425431 0.791755 0.603573 0.962345 0.374288 0.960629 0.002637 0.053389 0.122518 0.020243 0.005326 0.206293 0.034813 0.111524
0.604424 0.323382 0.611722 0.309830 0.596084 0.303922 0.596432 0.311567 0.548477 0.292455 0.567937 0.395315 0.461254 0.356395 0.571412 0.528408 0.413646 0.487056 0.581142 0.640999 0.449091 0.595476 0.527279 0.627446 0.443531 0.620844 0.558207 0.795985 0.416426 0.797375 0.591219 0.970778 0.354223 0.966608 0.001650 0.063622 0.112961 0.027195 0.019131 0.211798 0.037251 0.106264
0.604915 0.326798 0.612241 0.313542 0.596194 0.307960 0.597938 0.312844 0.549100 0.295053 0.566891 0.393079 0.461540 0.358543 0.567938 0.529477 0.410957 0.491104 0.575961 0.651922 0.443400 0.599247 0.527820 0.627154 0.443749 0.621224 0.554333 0.798089 0.410957 0.800879 0.575961 0.974256 0.334909 0.967976 0.010095 0.078483 0.101626 0.035941 0.018386 0.208806 0.036278 0.106447
0.609228 0.333145 0.615864 0.318128 0.602942 0.314286 0.587924 0.312190 0.554047 0.296823 0.558936 0.393566 0.468480 0.357942 0.562778 0.529774 0.413298 0.482625 0.572208 0.656203 0.445430 0.592988 0.525059 0.628262 0.447525 0.620230 0.552650 0.791363 0.413298 0.797998 0.561730 0.972973 0.325636 0.962496 0.037440 0.095308 0.098973 0.035168 0.014722 0.222808 0.034978 0.113887
0.609890 0.334859 0.617256 0.319774 0.602873 0.315214 0.594103 0.314161 0.556918 0.296270 0.562180 0.393794 0.467814 0.358012 0.565337 0.527100 0.413088 0.481846 0.570950 0.653389 0.448169 0.591648 0.524644 0.628482 0.445362 0.619712 0.547096 0.793360 0.413439 0.799324 0.546745 0.976480 0.315565 0.956134 0.043689 0.121626 0.093562 0.028749 0.006601 0.230889 0.038281 0.099069
0.606909 0.335998 0.614533 0.321097 0.599631 0.316938 0.594087 0.314859 0.555967 0.298571 0.559779 0.391792 0.466212 0.359563 0.565670 0.520706 0.414230 0.481547 0.570175 0.647195 0.450964 0.591401 0.526164 0.628481 0.447845 0.620164 0.540372 0.795515 0.416656 0.799674 0.532402 0.972253 0.308881 0.941064 0.041357 0.152556 0.071917 0.032361 0.003204 0.230943 0.033153 0.081769
0.609587 0.337477 0.615804 0.321932 0.601987 0.318824 0.590588 0.313642 0.557427 0.298789 0.558464 0.392745 0.466925 0.358548 0.565027 0.524007 0.415802 0.477720 0.571935 0.653542 0.455526 0.587911 0.525648 0.628672 0.448963 0.620036 0.535665 0.796204 0.422020 0.801385 0.519430 0.971335 0.308374 0.932302 0.048434 0.180609 0.063003 0.025117 0.001063 0.239127 0.032382 0.065959
0.609248 0.336256 0.615417 0.320490 0.601022 0.317406 0.590397 0.313636 0.556809 0.297527 0.559551 0.392466 0.466326 0.358877 0.561950 0.527162 0.415943 0.477808 0.569833 0.657060 0.457757 0.584742 0.525620 0.628956 0.448503 0.619702 0.531446 0.795869 0.428625 0.799297 0.506769 0.967924 0.309694 0.920284 0.056452 0.212182 0.056468 0.013373 0.013624 0.246199 0.033006 0.046197
0.604601 0.334862 0.611733 0.321957 0.598488 0.316184 0.598149 0.319240 0.555697 0.299542 0.562829 0.392257 0.461963 0.358975 0.565546 0.527084 0.418492 0.485312 0.571998 0.651723 0.455850 0.588555 0.527169 0.628629 0.448039 0.620139 0.522754 0.802851 0.439549 0.799116 0.498302 0.972998 0.323400 0.916622 0.037369 0.233061 0.039597 0.001869 0.010051 0.215999 0.031618 0.007024
0.605539 0.331361 0.612770 0.318965 0.598308 0.312767 0.601063 0.317932 0.554577 0.297616 0.566629 0.392997 0.461262 0.358563 0.571106 0.529355 0.416154 0.486313 0.578681 0.652627 0.457130 0.588236 0.526342 0.628868 0.445767 0.619571 0.517045 0.809301 0.449210 0.800004 0.488120 0.981125 0.334546 0.931541 0.036698 0.234294 0.037462 0.024949 0.009091 0.229720 0.035586 0.022461
0.607376 0.330449 0.614304 0.317287 0.599756 0.311745 0.602874 0.315901 0.555420 0.296851 0.568236 0.394182 0.463284 0.357813 0.572046 0.529962 0.416523 0.486665 0.584516 0.649115 0.458435 0.589538 0.523554 0.628679 0.444926 0.619326 0.514894 0.812950 0.454971 0.804637 0.480257 0.986485 0.351405 0.954272 0.047764 0.209950 0.044987 0.039546 0.024261 0.233957 0.040240 0.032185
0.607329 0.330492 0.614209 0.317076 0.599761 0.311572 0.602857 0.316044 0.555385 0.296780 0.569145 0.394477 0.463536 0.357668 0.571897 0.530358 0.418471 0.485638 0.589785 0.648696 0.459752 0.588495 0.522360 0.628743 0.444959 0.619111 0.513760 0.812441 0.466288 0.800401 0.474544 0.983755 0.381319 0.966555 0.056741 0.187747 0.047852 0.059856 0.041309 0.229262 0.041729 0.052168
0.605536 0.331669 0.612674 0.319093 0.598398 0.313315 0.599078 0.316374 0.553193 0.297340 0.568488 0.394209 0.463462 0.357841 0.573926 0.528126 0.421315 0.485300 0.593300 0.645048 0.462782 0.586927 0.519884 0.628734 0.448167 0.619217 0.510027 0.811934 0.473659 0.799698 0.472299 0.977801 0.417577 0.985958 0.054082 0.137757 0.047938 0.063269 0.039349 0.224967 0.040791 0.061773
0.605582 0.332415 0.612649 0.319964 0.598852 0.314580 0.597505 0.316262 0.553422 0.298091 0.567556 0.394334 0.463909 0.357654 0.575295 0.528267 0.422854 0.486539 0.596832 0.643356 0.466264 0.585811 0.518761 0.627876 0.449775 0.620136 0.502271 0.807575 0.481407 0.799836 0.468956 0.978862 0.445737 0.990303 0.032021 0.114394 0.036436 0.072587 0.040511 0.229377 0.040168 0.084590
0.611400 0.333070 0.618895 0.320466 0.604586 0.314674 0.602202 0.316378 0.557574 0.297981 0.571541 0.394051 0.464911 0.358621 0.581421 0.527254 0.425052 0.490461 0.603564 0.646149 0.470362 0.590619 0.514649 0.627071 0.448899 0.620257 0.489098 0.802858 0.494209 0.806265 0.445152 0.976941 0.482626 1.000000 0.032767 0.094726 0.030281 0.095511 0.035047 0.228681 0.046578 0.122000
0.609322 0.337148 0.617364 0.324414 0.602285 0.318718 0.602285 0.320728 0.557384 0.302299 0.568442 0.388751 0.465905 0.363620 0.580505 0.480565 0.426700 0.494639 0.621050 0.543561 0.473947 0.592149 0.513152 0.625323 0.452501 0.622307 0.478973 0.793536 0.503100 0.806605 0.441108 0.964431 0.515833 1.000000 0.005600 0.064851 0.009273 0.101767 0.140450 0.236171 0.043870 0.149097
0.608682 0.332951 0.616397 0.319534 0.601303 0.314838 0.598284 0.314838 0.555012 0.299743 0.569100 0.390311 0.465785 0.362135 0.578493 0.517443 0.427210 0.493627 0.604992 0.640884 0.470817 0.593923 0.512747 0.625790 0.452368 0.621764 0.470481 0.792838 0.507044 0.805920 0.429893 0.963577 0.540588 1.000000 0.004592 0.038247 0.004110 0.108304 0.043838 0.221381 0.044563 0.170749
0.610573 0.335581 0.618148 0.321420 0.602669 0.317139 0.599705 0.315822 0.556892 0.302319 0.573359 0.391568 0.468302 0.361928 0.587520 0.520007 0.432075 0.495636 0.607609 0.634943 0.471925 0.597070 0.508810 0.625393 0.449530 0.621112 0.468961 0.784789 0.513091 0.798621 0.424172 0.954065 0.552281 0.994244 0.004357 0.046514 0.007758 0.132464 0.020125 0.203374 0.053292 0.187429
0.608616 0.334325 0.616498 0.320532 0.600735 0.315935 0.598765 0.315278 0.555088 0.301157 0.570851 0.389824 0.468064 0.363224 0.581688 0.520525 0.431612 0.498194 0.601720 0.633492 0.472990 0.601310 0.508785 0.625611 0.452301 0.621342 0.460182 0.785867 0.512069 0.800645 0.412565 0.951050 0.546878 0.994398 0.004392 0.045832 0.011799 0.121831 0.029532 0.205432 0.049750 0.196147
0.612642 0.334273 0.620506 0.320183 0.604778 0.315595 0.602811 0.314940 0.559229 0.301504 0.573647 0.389980 0.473048 0.364420 0.584461 0.519415 0.434709 0.502048 0.601173 0.632795 0.476325 0.606580 0.503523 0.624602 0.449782 0.620998 0.458302 0.782219 0.512698 0.798604 0.406200 0.948028 0.541206 0.994232 0.007977 0.062306 0.003511 0.137153 0.020052 0.207082 0.059805 0.197304
0.612628 0.334178 0.620836 0.320059 0.604747 0.315462 0.603105 0.315133 0.559105 0.301342 0.573553 0.389999 0.473074 0.364387 0.584389 0.519702 0.434328 0.502299 0.600807 0.633314 0.475701 0.607045 0.503612 0.624777 0.449761 0.620836 0.457642 0.783046 0.512149 0.799136 0.405761 0.949197 0.541045 0.995495 0.006361 0.060633 0.002184 0.135999 0.019151 0.206923 0.059717 0.197120
0.615985 0.334507 0.623234 0.320009 0.607418 0.316055 0.604782 0.314407 0.560958 0.302545 0.569525 0.389204 0.476935 0.365151 0.578092 0.522983 0.437394 0.506178 0.595556 0.634685 0.477264 0.612608 0.502966 0.624470 0.450574 0.621175 0.461778 0.784609 0.511533 0.800425 0.398183 0.951338 0.531962 0.999775 0.035856 0.071837 0.007627 0.137002 0.029009 0.201104 0.059501 0.184476
