0.591360 0.316364 0.601831 0.302228 0.580889 0.296993 0.596072 0.299610 0.532722 0.283380 0.555235 0.387567 0.460995 0.362960 0.556282 0.539397 0.402358 0.512696 0.591360 0.656673 0.388745 0.648820 0.525392 0.623689 0.458378 0.625783 0.623820 0.764525 0.560994 0.778137 0.501832 0.950386 0.476178 0.994888 0.379042 0.307402 0.234179 0.191847 0.090318 0.087084 0.020679 0.005484
0.589583 0.316721 0.599865 0.302326 0.578787 0.296671 0.594210 0.301298 0.528404 0.282790 0.552053 0.387154 0.456429 0.362990 0.556166 0.527505 0.406047 0.512082 0.600379 0.633925 0.409132 0.651405 0.527376 0.626727 0.464141 0.623129 0.534060 0.803580 0.552567 0.776333 0.464141 1.000000 0.505784 0.990201 0.120632 0.235177 0.044695 0.157193 0.116013 0.110778 0.010802 0.154603
0.585039 0.311485 0.598542 0.298502 0.575172 0.289674 0.596984 0.299541 0.527394 0.271497 0.551283 0.393019 0.458844 0.357186 0.562708 0.542065 0.407950 0.512983 0.622431 0.630870 0.421972 0.652162 0.524278 0.628273 0.465595 0.621522 0.519085 0.814710 0.540377 0.798092 0.454170 1.000000 0.538300 1.000000 0.096969 0.130526 0.027516 0.119395 0.164100 0.132463 0.012897 0.136387
0.582558 0.316149 0.596512 0.302713 0.574290 0.292893 0.593928 0.303229 0.528295 0.272738 0.548967 0.391085 0.459044 0.359043 0.562920 0.532687 0.409948 0.516150 0.630104 0.616409 0.434754 0.652068 0.526744 0.627261 0.465245 0.622610 0.527778 0.815376 0.533979 0.806073 0.448191 1.000000 0.555685 1.000000 0.131059 0.083323 0.031611 0.106614 0.183990 0.153873 0.010201 0.112353
0.577594 0.319503 0.590441 0.305115 0.567831 0.296893 0.588900 0.307170 0.522610 0.276338 0.543679 0.389903 0.457349 0.360099 0.572456 0.525051 0.416239 0.516829 0.650050 0.607784 0.446044 0.646325 0.532374 0.626797 0.466598 0.623200 0.534429 0.813332 0.521069 0.810763 0.434225 0.982910 0.552415 1.000000 0.173392 0.044903 0.018687 0.078780 0.173022 0.153660 0.001310 0.086459
0.569670 0.321127 0.581384 0.308437 0.559909 0.301116 0.579431 0.308925 0.516960 0.284034 0.533554 0.381646 0.458881 0.368468 0.553076 0.511957 0.421301 0.520254 0.628237 0.586630 0.454489 0.646661 0.533066 0.624699 0.474499 0.625187 0.541363 0.795519 0.511103 0.805280 0.434966 0.950233 0.537946 1.000000 0.207205 0.024333 0.016088 0.044487 0.203702 0.158983 0.009633 0.048379
0.568604 0.309434 0.580703 0.295883 0.556504 0.289107 0.580703 0.300239 0.513430 0.277976 0.533273 0.381547 0.463097 0.368479 0.564248 0.515608 0.432606 0.524320 0.658623 0.585785 0.468905 0.653541 0.530853 0.624987 0.472776 0.624987 0.556504 0.786635 0.505687 0.802122 0.431638 0.921664 0.521658 1.000000 0.287651 0.034858 0.053257 0.046467 0.224201 0.148668 0.004622 0.008380
0.561522 0.291019 0.573241 0.277836 0.546874 0.271977 0.577635 0.288578 0.504394 0.271000 0.537109 0.382815 0.464356 0.367190 0.563475 0.518066 0.436036 0.523437 0.659177 0.586424 0.476075 0.651365 0.530761 0.625486 0.467774 0.624510 0.575194 0.786128 0.500977 0.806635 0.438966 0.892083 0.506836 1.000000 0.375479 0.048720 0.094220 0.053172 0.241284 0.153624 0.001865 0.028496
0.553151 0.275945 0.566096 0.262004 0.535226 0.258021 0.574560 0.275945 0.494897 0.264494 0.541201 0.381998 0.464027 0.368057 0.560121 0.522903 0.444111 0.529376 0.660697 0.586634 0.492407 0.658332 0.531243 0.624973 0.463529 0.624973 0.595970 0.784798 0.507842 0.815170 0.442617 0.885374 0.505352 1.000000 0.437714 0.076589 0.135523 0.073478 0.277730 0.153165 0.006657 0.049623
0.543042 0.265925 0.557221 0.249721 0.521774 0.248202 0.571906 0.265419 0.483289 0.258836 0.546587 0.379861 0.460502 0.370240 0.568868 0.525192 0.451894 0.534307 0.660523 0.597605 0.497974 0.662928 0.533421 0.623937 0.459489 0.625962 0.613936 0.786486 0.511140 0.821932 0.442272 0.889281 0.500506 1.000000 0.474647 0.098602 0.163545 0.083291 0.238740 0.126192 0.009028 0.064361
0.535190 0.264848 0.550943 0.249095 0.514356 0.247571 0.569237 0.267389 0.481325 0.261800 0.554500 0.382742 0.456425 0.367497 0.577876 0.530109 0.455409 0.526551 0.656641 0.611414 0.494537 0.656641 0.534174 0.624627 0.454901 0.625135 0.627675 0.776058 0.507241 0.820777 0.458458 0.908180 0.495554 1.000000 0.465062 0.101312 0.202760 0.085093 0.194875 0.095035 0.013915 0.092864
0.534082 0.266098 0.550239 0.249940 0.513380 0.249940 0.570941 0.267612 0.482580 0.265593 0.557308 0.382228 0.455315 0.368091 0.576495 0.529664 0.449761 0.532188 0.639104 0.627113 0.492679 0.662457 0.534082 0.623578 0.453295 0.626103 0.630521 0.775558 0.506816 0.818981 0.500757 0.937131 0.491164 1.000000 0.395367 0.110007 0.210523 0.088651 0.140587 0.112074 0.016079 0.093826
0.532507 0.272075 0.549446 0.256133 0.513078 0.255635 0.570370 0.272573 0.483186 0.270580 0.557915 0.382177 0.456283 0.368227 0.569872 0.531137 0.441337 0.527650 0.611222 0.639744 0.472226 0.655686 0.533006 0.623802 0.452796 0.625795 0.623179 0.778741 0.498630 0.815608 0.526031 0.967059 0.474218 1.000000 0.319373 0.111619 0.200473 0.079728 0.090302 0.105105 0.018088 0.092354
0.529353 0.276670 0.545498 0.260526 0.509295 0.259547 0.565067 0.273735 0.477007 0.270800 0.553325 0.383810 0.448632 0.366198 0.565556 0.535469 0.428084 0.527641 0.609586 0.647011 0.450589 0.662177 0.538649 0.624018 0.459395 0.625975 0.604204 0.785461 0.486791 0.813347 0.547944 0.993869 0.462330 1.000000 0.206707 0.082977 0.142203 0.033034 0.094057 0.093052 0.002492 0.076565
0.529419 0.280520 0.546508 0.264895 0.510864 0.262454 0.565063 0.278079 0.476685 0.271243 0.555785 0.384523 0.445435 0.365480 0.563110 0.536865 0.415162 0.513916 0.601195 0.654051 0.415162 0.642821 0.540649 0.625243 0.458130 0.624754 0.589965 0.805416 0.481079 0.813717 0.569457 1.000000 0.451783 1.000000 0.115751 0.082398 0.105032 0.022896 0.084732 0.064040 0.001554 0.046573
0.529390 0.280612 0.545975 0.265003 0.510366 0.262564 0.564511 0.278173 0.476708 0.271344 0.555731 0.384514 0.445488 0.365489 0.563048 0.536707 0.415245 0.513780 0.600609 0.653291 0.415245 0.642071 0.540609 0.625486 0.458171 0.624511 0.589877 0.804996 0.481098 0.813777 0.569389 1.000000 0.451830 1.000000 0.115971 0.082400 0.105211 0.022798 0.083918 0.064040 0.001553 0.046892
0.534654 0.288429 0.550704 0.272379 0.516172 0.269947 0.566754 0.281620 0.479208 0.274324 0.556540 0.383758 0.445162 0.366248 0.563836 0.535505 0.403820 0.511187 0.593018 0.655638 0.397498 0.645911 0.540490 0.624997 0.457807 0.624997 0.579400 0.813222 0.485044 0.814681 0.580373 1.000000 0.443216 1.000000 0.063420 0.110135 0.086033 0.029852 0.060561 0.073517 0.002166 0.019491
0.539826 0.293661 0.555463 0.278024 0.521746 0.274603 0.569635 0.286331 0.482652 0.276558 0.561327 0.384064 0.443559 0.365984 0.568657 0.532130 0.393715 0.501344 0.587715 0.656739 0.373191 0.630840 0.539826 0.625953 0.455287 0.623999 0.569146 0.824352 0.493403 0.814090 0.580385 1.000000 0.436718 1.000000 0.029206 0.154131 0.074923 0.048531 0.032563 0.062274 0.006222 0.016287
0.543026 0.296931 0.559441 0.280516 0.525119 0.277034 0.573369 0.285490 0.484829 0.275542 0.565907 0.382983 0.439067 0.367066 0.573369 0.531213 0.381367 0.502363 0.588788 0.664520 0.349035 0.632685 0.542031 0.625224 0.452994 0.624727 0.566902 0.826677 0.501244 0.821702 0.571876 1.000000 0.427129 1.000000 0.031558 0.200754 0.070372 0.059275 0.020648 0.050909 0.006334 0.037364
0.545451 0.301803 0.563334 0.285411 0.527569 0.281437 0.579726 0.289881 0.488327 0.277463 0.567307 0.382274 0.441137 0.367869 0.574262 0.529804 0.374078 0.500497 0.589661 0.662432 0.331855 0.623687 0.539490 0.623687 0.452065 0.626171 0.570785 0.813439 0.510680 0.821884 0.557870 1.000000 0.415804 0.978852 0.070605 0.265681 0.088544 0.079166 0.021799 0.043907 0.010754 0.040598
0.548626 0.301941 0.566909 0.285690 0.531867 0.280611 0.583667 0.289245 0.491748 0.272993 0.570463 0.380657 0.437916 0.369484 0.579605 0.521837 0.363771 0.505586 0.591285 0.647275 0.310447 0.635087 0.541008 0.621883 0.450612 0.627977 0.590269 0.800136 0.526789 0.828068 0.541008 1.000000 0.409985 0.966709 0.149294 0.338646 0.124500 0.100169 0.008974 0.034447 0.010671 0.029967
0.551969 0.302215 0.569628 0.285061 0.533300 0.282033 0.586278 0.287079 0.491927 0.275979 0.568619 0.378403 0.442481 0.371844 0.580224 0.520182 0.363266 0.507568 0.595360 0.655907 0.308270 0.639256 0.537337 0.622102 0.451563 0.627652 0.595865 0.799200 0.552978 0.813327 0.527246 1.000000 0.419272 0.934420 0.193102 0.424874 0.142237 0.147833 0.009357 0.042239 0.014138 0.057529
0.554072 0.298217 0.571884 0.280914 0.535751 0.277860 0.588169 0.285494 0.493511 0.274298 0.567304 0.379642 0.440585 0.370482 0.575955 0.524682 0.364248 0.508397 0.596820 0.659544 0.305723 0.642750 0.538804 0.624429 0.453307 0.625447 0.592240 0.817306 0.568830 0.793387 0.520484 1.000000 0.432442 0.925704 0.188220 0.446618 0.122921 0.175925 0.029896 0.030147 0.010045 0.105767
0.555797 0.298647 0.571118 0.280771 0.536900 0.278728 0.584908 0.283325 0.491445 0.273621 0.560904 0.379852 0.438841 0.370148 0.571629 0.539198 0.366318 0.515705 0.603294 0.672497 0.310649 0.654111 0.541496 0.624489 0.458759 0.625511 0.602273 0.810393 0.576226 0.787410 0.511364 1.000000 0.443948 0.932456 0.227903 0.435149 0.125776 0.175016 0.052846 0.025410 0.000318 0.099217
0.558771 0.296135 0.575454 0.279452 0.541076 0.274902 0.588598 0.284507 0.495071 0.269846 0.558265 0.380563 0.440471 0.369440 0.571410 0.541329 0.380815 0.520096 0.614382 0.672268 0.337843 0.661146 0.540065 0.625251 0.461199 0.624746 0.589610 0.815340 0.581521 0.777423 0.500632 1.000000 0.473332 0.955378 0.211936 0.386326 0.104791 0.186663 0.074972 0.025880 0.001609 0.131291
0.556411 0.291216 0.571289 0.275346 0.540046 0.269891 0.581208 0.282289 0.491941 0.263940 0.555915 0.381970 0.438877 0.368084 0.573769 0.539674 0.393748 0.522317 0.618898 0.668118 0.369448 0.665143 0.539054 0.623981 0.466153 0.625965 0.570297 0.796563 0.566826 0.787636 0.497892 0.989477 0.499876 0.997908 0.171298 0.275399 0.079149 0.143738 0.071668 0.036967 0.006631 0.120273
0.549892 0.283763 0.559894 0.267569 0.531793 0.265664 0.566562 0.274713 0.482734 0.268045 0.549892 0.378069 0.435581 0.372353 0.571325 0.527149 0.402717 0.526196 0.613715 0.644317 0.404622 0.662416 0.543700 0.623836 0.470827 0.625741 0.546558 0.803399 0.552749 0.787205 0.481306 1.000000 0.518456 1.000000 0.103674 0.198983 0.013083 0.105462 0.065046 0.071443 0.018507 0.144390
0.544272 0.276898 0.547990 0.260630 0.525680 0.261095 0.546596 0.268997 0.475017 0.268997 0.544737 0.374970 0.429467 0.376364 0.573089 0.520916 0.413664 0.532071 0.623752 0.636650 0.435510 0.663608 0.550314 0.622706 0.475482 0.625960 0.532652 0.800723 0.538694 0.797004 0.470369 0.999190 0.544737 1.000000 0.065315 0.104026 0.038644 0.054650 0.070265 0.084582 0.032903 0.144159
0.545511 0.269574 0.550108 0.253024 0.524824 0.254404 0.551946 0.263138 0.474716 0.267275 0.546890 0.373007 0.435642 0.377604 0.579069 0.513216 0.430125 0.533443 0.632394 0.618948 0.466901 0.657563 0.544591 0.622626 0.472878 0.626763 0.528961 0.802829 0.534018 0.800531 0.464603 0.990388 0.558382 1.000000 0.077677 0.070940 0.024609 0.060471 0.076878 0.102954 0.022260 0.135231
0.545409 0.269638 0.548154 0.254083 0.526193 0.255455 0.541291 0.264606 0.476781 0.267808 0.546782 0.374868 0.443382 0.375326 0.588416 0.514869 0.437892 0.532255 0.652469 0.619642 0.493709 0.648008 0.539461 0.623759 0.470376 0.626047 0.530311 0.807683 0.524821 0.807683 0.456650 0.986573 0.567370 1.000000 0.108511 0.026688 0.006463 0.058561 0.082655 0.154154 0.012528 0.108523
0.545076 0.271773 0.545987 0.255837 0.527319 0.258113 0.535515 0.265854 0.479966 0.270407 0.542344 0.375585 0.446273 0.374674 0.586510 0.511724 0.444451 0.528571 0.656173 0.610073 0.515936 0.640579 0.540068 0.624187 0.471315 0.625553 0.536881 0.807224 0.517757 0.812688 0.454468 0.972049 0.556914 1.000000 0.142041 0.019946 0.002628 0.045764 0.096319 0.184581 0.014498 0.082974
0.549558 0.272034 0.550925 0.256084 0.532241 0.256995 0.542722 0.265654 0.485304 0.267021 0.539077 0.377301 0.456138 0.372744 0.588293 0.512190 0.462518 0.529507 0.668953 0.600597 0.548647 0.631129 0.534064 0.624749 0.470721 0.625205 0.561862 0.801563 0.513102 0.817513 0.449759 0.951034 0.546368 1.000000 0.254470 0.018516 0.056085 0.050679 0.124062 0.210844 0.006092 0.019408
0.555355 0.270983 0.558117 0.255332 0.537863 0.254872 0.550292 0.264999 0.490448 0.263158 0.535561 0.379162 0.460066 0.370876 0.580213 0.518644 0.476178 0.524628 0.665836 0.595519 0.569165 0.626822 0.531878 0.624981 0.472495 0.624981 0.577451 0.790241 0.518068 0.817401 0.453161 0.935246 0.526354 1.000000 0.311213 0.061866 0.090419 0.058468 0.168497 0.201762 0.005567 0.011625
0.555878 0.276937 0.556772 0.261738 0.538444 0.260844 0.545149 0.272467 0.491060 0.270678 0.525927 0.378410 0.466473 0.371705 0.569288 0.516093 0.492401 0.524586 0.652434 0.585381 0.580017 0.620249 0.529056 0.624272 0.478543 0.625613 0.579123 0.784305 0.512964 0.818279 0.454404 0.905001 0.520116 1.000000 0.351730 0.045372 0.092462 0.041154 0.181741 0.182561 0.009677 0.040239
0.565136 0.273859 0.563760 0.256887 0.544953 0.259640 0.547705 0.268355 0.500459 0.275694 0.522476 0.377526 0.479358 0.372481 0.548164 0.524311 0.505046 0.531192 0.625226 0.578897 0.601373 0.632107 0.513761 0.624767 0.484404 0.625226 0.574769 0.796781 0.543118 0.806414 0.459634 0.905952 0.499083 1.000000 0.366949 0.164285 0.119704 0.093396 0.248681 0.191523 0.002334 0.008738
0.574248 0.273397 0.571523 0.256595 0.556537 0.258866 0.544276 0.267948 0.516121 0.273397 0.523841 0.376481 0.487058 0.373756 0.560170 0.526793 0.517937 0.531334 0.636461 0.590823 0.613755 0.634418 0.498865 0.624881 0.490237 0.624881 0.553812 0.801985 0.600586 0.778371 0.482971 0.909156 0.489328 0.963650 0.281679 0.370545 0.127659 0.194380 0.202258 0.176780 0.013881 0.102649
0.576832 0.271655 0.573211 0.255361 0.559180 0.257624 0.545149 0.266223 0.517992 0.273465 0.525686 0.374851 0.491740 0.375757 0.554201 0.522405 0.523876 0.534625 0.615304 0.610665 0.614399 0.642348 0.491740 0.623791 0.490835 0.625601 0.534286 0.804385 0.624357 0.772702 0.511655 0.959180 0.487214 0.905318 0.119857 0.489950 0.116787 0.235763 0.131986 0.158923 0.022205 0.160963
0.578491 0.271663 0.574477 0.256054 0.560206 0.257838 0.546827 0.268096 0.517839 0.275677 0.519623 0.373790 0.499108 0.376912 0.546827 0.524974 0.526758 0.535232 0.599897 0.643602 0.610155 0.649846 0.486175 0.623534 0.495094 0.625764 0.530772 0.801922 0.633345 0.762230 0.514717 0.976742 0.500000 0.877737 0.107130 0.524846 0.120358 0.257201 0.077231 0.145189 0.023871 0.174088
0.577796 0.276096 0.573960 0.261176 0.559892 0.263307 0.548809 0.271407 0.517264 0.280785 0.518543 0.373714 0.501918 0.377124 0.538578 0.522913 0.519396 0.532717 0.584190 0.638435 0.587601 0.648239 0.485720 0.623515 0.493819 0.625646 0.527069 0.788912 0.624687 0.750973 0.514280 0.960703 0.501918 0.907844 0.101631 0.468257 0.119567 0.267254 0.077209 0.134160 0.026081 0.178905
0.569980 0.279776 0.568707 0.263660 0.550470 0.267901 0.557256 0.272142 0.505938 0.285290 0.518661 0.374355 0.501696 0.376475 0.537322 0.524493 0.505938 0.534248 0.566587 0.639429 0.552167 0.660211 0.484308 0.622888 0.495335 0.626281 0.514420 0.795929 0.615360 0.756910 0.488549 0.981269 0.534354 0.926982 0.098990 0.378037 0.098564 0.244648 0.039997 0.103408 0.025949 0.181700
0.551258 0.281944 0.551678 0.266398 0.531511 0.270180 0.544956 0.273961 0.486135 0.284885 0.513865 0.374376 0.483614 0.375637 0.521848 0.522688 0.484034 0.530251 0.541595 0.639489 0.512184 0.659236 0.520167 0.621422 0.482354 0.628565 0.596214 0.772675 0.491177 0.803346 0.546636 0.952078 0.459666 0.985269 0.234112 0.070648 0.140172 0.017641 0.036194 0.067531 0.003211 0.132235
0.542955 0.278777 0.545035 0.264216 0.520073 0.269209 0.547947 0.274201 0.477639 0.289594 0.514249 0.374880 0.476390 0.375296 0.515497 0.521737 0.467238 0.528394 0.532138 0.642385 0.483463 0.661107 0.528394 0.621584 0.480967 0.628241 0.582061 0.781755 0.477639 0.802556 0.558764 0.963975 0.457669 0.984776 0.143390 0.028668 0.084682 0.011834 0.040925 0.057730 0.011921 0.108989
0.534621 0.278982 0.538742 0.261672 0.510304 0.269503 0.546986 0.267854 0.470737 0.288050 0.514838 0.372541 0.470325 0.377899 0.513189 0.508964 0.450954 0.534106 0.545749 0.593456 0.465379 0.674238 0.531324 0.621070 0.483514 0.628489 0.565945 0.787580 0.477744 0.797060 0.569654 0.970989 0.429522 0.962746 0.058817 0.079260 0.044169 0.027629 0.120930 0.071926 0.018903 0.076145
0.533187 0.282648 0.538103 0.265849 0.509423 0.272815 0.545888 0.271176 0.469272 0.290432 0.515569 0.371965 0.468862 0.378520 0.510653 0.512496 0.439772 0.528885 0.534826 0.629264 0.459439 0.673513 0.531548 0.621480 0.484021 0.628035 0.559818 0.793559 0.489347 0.798475 0.571700 0.975061 0.416828 0.942284 0.031023 0.158614 0.031474 0.009371 0.076109 0.103848 0.019836 0.041887
0.530370 0.280289 0.538748 0.262695 0.506493 0.268978 0.550896 0.270654 0.469630 0.287829 0.522830 0.372027 0.464184 0.378310 0.516965 0.513195 0.422295 0.527019 0.533302 0.625879 0.418525 0.661485 0.531208 0.622108 0.481778 0.627554 0.553409 0.807261 0.500209 0.801396 0.560950 0.991575 0.408052 0.923714 0.024973 0.239152 0.027327 0.011192 0.059046 0.078478 0.016541 0.004365
0.528194 0.281949 0.537486 0.263364 0.504541 0.268010 0.550579 0.273501 0.469483 0.288284 0.531995 0.371070 0.458924 0.379095 0.537908 0.502429 0.416264 0.526504 0.556915 0.605488 0.392189 0.657440 0.534529 0.622383 0.474552 0.627452 0.548045 0.802315 0.502429 0.806117 0.545933 1.000000 0.403170 0.923959 0.027168 0.272086 0.020656 0.029265 0.043733 0.031787 0.011565 0.025402
0.527933 0.281908 0.537209 0.263356 0.504322 0.267994 0.549859 0.273476 0.468904 0.288233 0.531728 0.371295 0.458785 0.378885 0.536788 0.502846 0.416200 0.526036 0.555340 0.607412 0.391745 0.657165 0.534680 0.622591 0.474807 0.627229 0.547750 0.802208 0.500949 0.805581 0.545642 1.000000 0.403129 0.924905 0.026431 0.264906 0.019384 0.025818 0.043656 0.030979 0.012082 0.023203
0.525827 0.278780 0.537597 0.260036 0.501853 0.263959 0.553725 0.270934 0.467852 0.284882 0.538904 0.369883 0.450416 0.380345 0.550674 0.489756 0.403775 0.526372 0.571597 0.580860 0.384595 0.656707 0.539776 0.621835 0.470904 0.627937 0.551981 0.811016 0.519289 0.821042 0.521468 1.000000 0.392441 0.919120 0.066134 0.368642 0.019406 0.051869 0.040706 0.051901 0.013602 0.057640
0.525349 0.274073 0.537304 0.256361 0.502325 0.260346 0.553687 0.266545 0.471773 0.278058 0.543946 0.373255 0.450962 0.376797 0.555458 0.503874 0.397386 0.521143 0.569184 0.597743 0.367720 0.648663 0.535976 0.622096 0.469116 0.627852 0.558557 0.817361 0.536418 0.816918 0.510295 1.000000 0.401814 0.909459 0.111811 0.417143 0.046840 0.085880 0.018236 0.040372 0.006484 0.072209
0.530857 0.268403 0.543873 0.250001 0.508416 0.253592 0.561378 0.259426 0.475651 0.269301 0.549259 0.374327 0.450068 0.375674 0.552401 0.518402 0.392168 0.531867 0.558685 0.635547 0.358955 0.675044 0.534897 0.623429 0.465777 0.626570 0.569457 0.819119 0.553299 0.807898 0.502132 1.000000 0.420445 0.891830 0.162709 0.463791 0.073974 0.123237 0.010118 0.040439 0.000856 0.087499
