0.553907 0.285272 0.553907 0.270897 0.535938 0.270897 0.543125 0.281678 0.489219 0.281678 0.521563 0.375116 0.467656 0.375116 0.564688 0.490117 0.546719 0.475742 0.668907 0.475742 0.668907 0.464961 0.535938 0.623087 0.474844 0.626681 0.571876 0.799182 0.446093 0.806369 0.607813 0.989652 0.395781 1.000000 0.004721 0.028838 0.045649 0.059594 0.429429 0.316029 0.013732 0.114583
0.559808 0.291119 0.559808 0.276837 0.545525 0.276837 0.545525 0.287549 0.495537 0.283978 0.524102 0.376814 0.470542 0.373243 0.566949 0.487503 0.549096 0.476791 0.674067 0.473220 0.674067 0.466079 0.531243 0.623186 0.474113 0.626757 0.566949 0.801716 0.438407 0.805287 0.624079 0.983818 0.377707 0.994529 0.033934 0.035966 0.053609 0.067316 0.424630 0.320635 0.006819 0.125666
0.561132 0.297113 0.561132 0.282938 0.546956 0.282938 0.543412 0.290026 0.500886 0.286482 0.522149 0.375078 0.468991 0.375078 0.564676 0.481395 0.550500 0.474307 0.670992 0.470763 0.674536 0.463675 0.532781 0.623150 0.476079 0.626693 0.564676 0.800343 0.433552 0.800343 0.610746 0.984625 0.355587 0.988168 0.021290 0.048791 0.043055 0.085413 0.410607 0.308325 0.011283 0.133138
0.559783 0.300127 0.563352 0.285851 0.549076 0.285851 0.541938 0.289420 0.502677 0.285851 0.520523 0.375080 0.470555 0.375080 0.563352 0.482154 0.552645 0.475016 0.670427 0.467878 0.673996 0.464308 0.534799 0.624920 0.474124 0.624920 0.563352 0.799809 0.431294 0.799809 0.595475 0.988974 0.334927 0.981836 0.002029 0.078536 0.033345 0.080996 0.421074 0.309121 0.011364 0.127963
0.557050 0.303891 0.560615 0.289629 0.546353 0.286063 0.539222 0.293195 0.500000 0.286063 0.517828 0.375204 0.467909 0.375204 0.560615 0.485738 0.549919 0.471475 0.667584 0.471475 0.671149 0.464344 0.535656 0.624796 0.478606 0.624796 0.560615 0.803077 0.439385 0.799511 0.574878 0.992054 0.325285 0.974226 0.020298 0.113858 0.021578 0.083925 0.424630 0.294113 0.018169 0.114568
0.558271 0.305464 0.561857 0.294707 0.547513 0.291121 0.536756 0.294707 0.500896 0.287535 0.511654 0.377183 0.468623 0.373597 0.554685 0.488346 0.547513 0.474002 0.665848 0.474002 0.665848 0.466830 0.533170 0.624610 0.486553 0.624610 0.554685 0.803906 0.465037 0.800320 0.558271 0.997545 0.325187 0.958100 0.032122 0.192064 0.010406 0.061482 0.423284 0.307283 0.025138 0.076799
0.556859 0.308100 0.560413 0.297439 0.546198 0.293885 0.535537 0.297439 0.500000 0.290331 0.507107 0.375620 0.468017 0.375620 0.553306 0.485785 0.546198 0.475124 0.663470 0.475124 0.663470 0.468017 0.531983 0.624380 0.492893 0.624380 0.546198 0.805619 0.489339 0.798511 0.539091 0.993965 0.332976 0.940659 0.036921 0.258651 0.006812 0.038221 0.404314 0.307283 0.031725 0.031410
0.564165 0.305672 0.567832 0.294672 0.553165 0.291005 0.542166 0.294672 0.505500 0.283672 0.509166 0.375337 0.472501 0.375337 0.560498 0.489000 0.549499 0.478001 0.670496 0.478001 0.674162 0.470667 0.527499 0.624663 0.490834 0.624663 0.542166 0.815325 0.512833 0.807992 0.527499 1.000000 0.347837 0.939989 0.048415 0.323239 0.001075 0.014653 0.396700 0.313870 0.023363 0.013578
0.564697 0.307733 0.568341 0.293153 0.553762 0.293153 0.550117 0.296798 0.510023 0.285863 0.513668 0.376985 0.473575 0.373340 0.564697 0.489977 0.550117 0.475397 0.670398 0.479042 0.670398 0.471752 0.524603 0.624837 0.488154 0.624837 0.535538 0.814371 0.531893 0.796147 0.513668 1.000000 0.371518 0.931007 0.054226 0.357011 0.004311 0.061139 0.397787 0.304810 0.016250 0.061227
0.568843 0.309076 0.572514 0.294390 0.557828 0.290718 0.550485 0.294390 0.513769 0.283375 0.513769 0.375165 0.473381 0.375165 0.565171 0.492657 0.550485 0.477970 0.675319 0.477970 0.675319 0.474299 0.521112 0.624835 0.491739 0.624835 0.524783 0.815758 0.550485 0.797400 0.495411 1.000000 0.403620 0.940593 0.053807 0.358473 0.003236 0.081081 0.410918 0.304527 0.016369 0.098323
0.566038 0.310027 0.573275 0.295553 0.558801 0.291934 0.551564 0.295553 0.511760 0.284697 0.515379 0.375161 0.471956 0.375161 0.566038 0.490954 0.547946 0.476480 0.670976 0.480098 0.670976 0.472861 0.518997 0.624839 0.493668 0.624839 0.511760 0.809385 0.566038 0.787674 0.479193 0.997549 0.443008 0.943271 0.042075 0.346088 0.017089 0.105515 0.401538 0.304527 0.016133 0.145601
0.566038 0.311836 0.569657 0.297362 0.555183 0.293743 0.551564 0.297362 0.511760 0.286506 0.518997 0.376970 0.468338 0.373351 0.562420 0.492763 0.544327 0.478289 0.670976 0.481907 0.667357 0.474670 0.526234 0.623030 0.486430 0.626649 0.540709 0.796720 0.522616 0.793101 0.471956 0.984884 0.461101 0.992121 0.137973 0.163559 0.017105 0.045440 0.417525 0.309861 0.016133 0.041673
0.566917 0.308293 0.570534 0.293824 0.556065 0.290207 0.552448 0.297442 0.509043 0.282973 0.519894 0.377018 0.465637 0.373401 0.563300 0.489149 0.545214 0.474680 0.668196 0.478297 0.668196 0.471063 0.534363 0.622982 0.480106 0.626599 0.570534 0.792986 0.469255 0.803838 0.527128 0.991928 0.436700 1.000000 0.135108 0.032165 0.048028 0.037633 0.415249 0.297375 0.018432 0.086194
0.565083 0.313547 0.572119 0.299475 0.558047 0.295957 0.551011 0.299475 0.512313 0.288921 0.519349 0.376870 0.470097 0.373352 0.561565 0.489446 0.543975 0.475374 0.667104 0.475374 0.663586 0.468338 0.526385 0.623130 0.484169 0.626648 0.551011 0.791993 0.487687 0.791993 0.558047 0.981964 0.438435 0.985482 0.034312 0.086111 0.037003 0.010894 0.427992 0.319204 0.013442 0.039324
0.568655 0.313399 0.572176 0.299316 0.558093 0.295795 0.554572 0.299316 0.512323 0.288753 0.526406 0.376773 0.470073 0.373252 0.565134 0.489438 0.547530 0.475355 0.667237 0.475355 0.663716 0.468313 0.529927 0.623227 0.473594 0.626748 0.568655 0.792225 0.455990 0.795745 0.610905 0.978826 0.403179 0.985867 0.000827 0.053207 0.067161 0.037459 0.438238 0.312686 0.004483 0.104746
0.566019 0.309864 0.573062 0.295780 0.558977 0.292259 0.551935 0.295780 0.513204 0.285217 0.527288 0.376764 0.470951 0.373243 0.566019 0.482395 0.548414 0.471832 0.671651 0.464790 0.668130 0.461269 0.530809 0.623236 0.470951 0.626757 0.569541 0.792246 0.446304 0.792246 0.632919 0.968298 0.386446 0.975340 0.038286 0.053514 0.067161 0.047062 0.440700 0.316029 0.002243 0.118770
0.568261 0.307629 0.575353 0.296991 0.561169 0.293445 0.554077 0.296991 0.515071 0.286353 0.525709 0.375003 0.472518 0.375003 0.564715 0.484929 0.554077 0.474291 0.667549 0.477837 0.671095 0.463653 0.529255 0.623224 0.472518 0.626770 0.575353 0.793432 0.440604 0.796978 0.632089 0.974279 0.366138 0.977825 0.012577 0.065336 0.079642 0.058998 0.413381 0.309965 0.002256 0.143187
0.570416 0.311638 0.573936 0.297555 0.559853 0.294035 0.552812 0.297555 0.514083 0.286993 0.521125 0.375012 0.475355 0.375012 0.563374 0.484156 0.552812 0.477115 0.672518 0.470073 0.668997 0.466553 0.524645 0.624988 0.478875 0.624988 0.549291 0.790464 0.461271 0.790464 0.591540 0.973545 0.376773 0.973545 0.025131 0.103904 0.042579 0.038219 0.423284 0.322276 0.004483 0.080798
0.570802 0.310319 0.574299 0.296334 0.560313 0.292837 0.549824 0.296334 0.518356 0.289341 0.514860 0.373255 0.483392 0.376751 0.563810 0.485140 0.553320 0.478147 0.672199 0.474651 0.668702 0.467658 0.500874 0.621501 0.500874 0.628493 0.451924 0.789329 0.563810 0.785832 0.350528 0.960653 0.591781 0.981632 0.079769 0.075952 0.072420 0.099050 0.399434 0.336679 0.002225 0.211453
0.569636 0.307163 0.573207 0.292878 0.558923 0.289307 0.548209 0.292878 0.512499 0.285736 0.523212 0.375013 0.473217 0.375013 0.562494 0.485716 0.551780 0.478574 0.669626 0.475003 0.669626 0.471431 0.526783 0.624987 0.476788 0.624987 0.551780 0.792827 0.458933 0.792827 0.569636 0.985665 0.330374 0.964238 0.017673 0.171097 0.042515 0.038283 0.423189 0.312686 0.004547 0.080798
0.569142 0.311189 0.572688 0.297006 0.562050 0.293460 0.547868 0.293460 0.515956 0.289915 0.515956 0.371467 0.480498 0.378558 0.565596 0.484931 0.554959 0.484931 0.671969 0.477839 0.668423 0.474293 0.508864 0.623215 0.494681 0.626760 0.480498 0.796956 0.551413 0.796956 0.345760 0.945877 0.554959 0.995517 0.182583 0.096733 0.042550 0.084247 0.389915 0.335354 0.004516 0.153931
0.568247 0.307668 0.571792 0.293486 0.557611 0.289941 0.543430 0.293486 0.515068 0.286396 0.518613 0.371483 0.476069 0.378574 0.564702 0.484932 0.554066 0.481387 0.671061 0.474297 0.667515 0.470751 0.515068 0.623199 0.490250 0.626744 0.493796 0.800464 0.532794 0.800464 0.351984 0.928095 0.529249 0.995455 0.228722 0.082236 0.033533 0.058279 0.408895 0.323173 0.006771 0.114464
0.570137 0.303078 0.570137 0.288691 0.559346 0.288691 0.541363 0.292288 0.516185 0.288691 0.516185 0.371416 0.480218 0.378610 0.566540 0.486512 0.559346 0.482915 0.674442 0.479319 0.670846 0.472125 0.516185 0.623189 0.487411 0.626785 0.516185 0.803026 0.523379 0.803026 0.372315 0.928912 0.508992 1.000000 0.271189 0.086382 0.000001 0.054857 0.389915 0.324127 0.004580 0.064081
0.568776 0.300913 0.568776 0.290053 0.557916 0.286434 0.536198 0.290053 0.514479 0.286434 0.514479 0.373308 0.474662 0.376928 0.565156 0.485521 0.557916 0.481901 0.673749 0.478281 0.673749 0.474662 0.525338 0.623072 0.485521 0.626692 0.547057 0.804061 0.514479 0.811300 0.395027 0.927133 0.489141 1.000000 0.321399 0.089111 0.024185 0.035697 0.386164 0.306435 0.013831 0.011513
0.568282 0.303241 0.568282 0.288866 0.557500 0.285272 0.535938 0.288866 0.514375 0.285272 0.510781 0.371523 0.478437 0.378710 0.561094 0.486523 0.561094 0.482930 0.668907 0.479336 0.676095 0.472148 0.525156 0.623087 0.485625 0.626681 0.561094 0.795588 0.503594 0.813557 0.424531 0.924964 0.471250 1.000000 0.323980 0.082142 0.047210 0.021289 0.389915 0.316321 0.013732 0.034866
0.566966 0.300913 0.566966 0.286434 0.556106 0.282814 0.527148 0.290053 0.512669 0.282814 0.512669 0.373308 0.476472 0.376928 0.559726 0.485521 0.559726 0.485521 0.668319 0.481901 0.675559 0.474662 0.527148 0.623072 0.483711 0.626692 0.570585 0.793201 0.490951 0.811300 0.443894 0.959711 0.458373 1.000000 0.286606 0.063200 0.061139 0.003252 0.384212 0.321554 0.013831 0.067094
0.561000 0.296970 0.561000 0.282403 0.553716 0.282403 0.520940 0.286045 0.513657 0.286045 0.510015 0.373448 0.473597 0.377090 0.561000 0.486343 0.561000 0.482702 0.666612 0.479060 0.673895 0.475418 0.531866 0.621089 0.484522 0.628373 0.571925 0.795895 0.473597 0.810462 0.502731 0.985268 0.426254 1.000000 0.183216 0.052300 0.043694 0.032907 0.386892 0.300448 0.020881 0.090784
0.559254 0.294405 0.559254 0.280040 0.548481 0.280040 0.516160 0.287223 0.512569 0.287223 0.512569 0.373411 0.473066 0.377002 0.555663 0.488329 0.562846 0.484737 0.663399 0.481146 0.670581 0.470373 0.534116 0.621202 0.480249 0.628385 0.570028 0.793579 0.458701 0.807944 0.555663 0.991094 0.408425 1.000000 0.088488 0.041324 0.037770 0.047108 0.406989 0.321050 0.018300 0.103395
0.558907 0.294264 0.555390 0.280196 0.548357 0.280196 0.513188 0.290747 0.516705 0.290747 0.509671 0.371635 0.478020 0.378668 0.558907 0.480657 0.562424 0.480657 0.660896 0.477140 0.664413 0.470107 0.530773 0.621332 0.481537 0.628365 0.565941 0.790141 0.449885 0.797174 0.594076 0.976534 0.390098 0.990601 0.017693 0.036424 0.038544 0.063481 0.375947 0.312753 0.015678 0.124377
0.559417 0.294661 0.555922 0.280680 0.552427 0.280680 0.506990 0.287670 0.520971 0.291166 0.510485 0.371554 0.482524 0.378544 0.562912 0.476408 0.569903 0.476408 0.664271 0.472913 0.667767 0.469418 0.524466 0.623204 0.482524 0.626699 0.562912 0.794465 0.444078 0.794465 0.622330 0.969222 0.374175 0.979707 0.034030 0.043150 0.052626 0.071708 0.363388 0.290696 0.008902 0.142000
0.556806 0.291130 0.553310 0.277147 0.546318 0.277147 0.497378 0.287634 0.518353 0.287634 0.511361 0.371532 0.483395 0.378523 0.560301 0.476404 0.570789 0.476404 0.661678 0.472908 0.668669 0.465917 0.525344 0.623225 0.479900 0.626720 0.563797 0.794516 0.434455 0.794516 0.619729 0.969302 0.354053 0.976294 0.028289 0.048367 0.052626 0.079706 0.371989 0.301973 0.006677 0.154481
0.551011 0.287162 0.547493 0.276608 0.543975 0.276608 0.494723 0.283644 0.515831 0.283644 0.508795 0.371593 0.480651 0.378629 0.565083 0.473615 0.572119 0.477133 0.663586 0.470097 0.670622 0.466579 0.529903 0.624889 0.480651 0.624889 0.565083 0.797270 0.434917 0.797270 0.600263 0.980205 0.332896 0.973169 0.003606 0.084751 0.037616 0.082548 0.350882 0.295759 0.013442 0.146629
0.548699 0.286610 0.545157 0.275985 0.541615 0.275985 0.492031 0.283069 0.513282 0.286610 0.506198 0.371612 0.481406 0.378695 0.562866 0.477864 0.573491 0.477864 0.665576 0.474322 0.672660 0.467239 0.527448 0.623075 0.484948 0.626617 0.566408 0.800162 0.442447 0.796620 0.587658 0.987874 0.322028 0.963082 0.033048 0.121366 0.042094 0.082526 0.355014 0.295759 0.015789 0.146909
0.542400 0.287117 0.535333 0.272984 0.531800 0.272984 0.485867 0.283584 0.507067 0.283584 0.500000 0.371917 0.478800 0.378984 0.556533 0.477917 0.567133 0.477917 0.659000 0.470850 0.666066 0.467317 0.528267 0.622783 0.492933 0.626316 0.556533 0.799449 0.471733 0.795916 0.563600 0.986716 0.326867 0.944316 0.038496 0.206582 0.014786 0.057753 0.365959 0.301973 0.027025 0.090085
0.541454 0.285521 0.534245 0.271102 0.530640 0.271102 0.480174 0.281916 0.505407 0.281916 0.498198 0.372034 0.476570 0.379243 0.559477 0.476570 0.566687 0.476570 0.660409 0.472965 0.664013 0.469360 0.527035 0.624362 0.498198 0.624362 0.548663 0.804596 0.498198 0.800991 0.545059 0.999249 0.335987 0.941574 0.043909 0.272698 0.001795 0.028013 0.342590 0.285772 0.032182 0.038016
0.544890 0.285627 0.541226 0.270968 0.537561 0.270968 0.482594 0.285627 0.511910 0.285627 0.497252 0.373575 0.482594 0.377239 0.552219 0.487174 0.566877 0.479845 0.651161 0.501832 0.673148 0.476181 0.519239 0.622761 0.500916 0.626425 0.544890 0.813315 0.522903 0.809651 0.533897 1.000000 0.354336 0.937908 0.060259 0.330980 0.014580 0.014653 0.309734 0.292079 0.025690 0.004579
0.547319 0.284333 0.543679 0.269773 0.536399 0.269773 0.492720 0.284333 0.510920 0.284333 0.500000 0.371692 0.481800 0.378972 0.565519 0.477250 0.565519 0.480890 0.667438 0.477250 0.667438 0.473610 0.518200 0.622848 0.500000 0.626488 0.536399 0.808486 0.543679 0.797566 0.521840 1.000000 0.383522 0.928604 0.054643 0.361296 0.008082 0.056208 0.323181 0.303805 0.023193 0.048463
0.549713 0.284877 0.542482 0.274031 0.538867 0.274031 0.495481 0.284877 0.513558 0.288493 0.499096 0.371649 0.484634 0.378881 0.564175 0.480115 0.567791 0.480115 0.669025 0.476499 0.676256 0.472884 0.513558 0.621119 0.502712 0.628350 0.520789 0.805510 0.560560 0.798279 0.495481 0.997132 0.415939 0.932053 0.054275 0.366839 0.005956 0.081418 0.338951 0.302297 0.020730 0.091967
0.548831 0.284782 0.545214 0.270313 0.537980 0.270313 0.494574 0.284782 0.516277 0.284782 0.501809 0.371592 0.483723 0.378827 0.570534 0.476489 0.570534 0.480106 0.671813 0.476489 0.679047 0.469255 0.505426 0.621173 0.509043 0.628408 0.516277 0.798412 0.574151 0.783944 0.472872 0.982885 0.462020 0.950331 0.093023 0.314950 0.014851 0.094009 0.315379 0.306163 0.018432 0.106727
0.549566 0.286691 0.542485 0.272529 0.538944 0.272529 0.500000 0.286691 0.514162 0.286691 0.500000 0.371660 0.485838 0.378741 0.570808 0.477872 0.570808 0.477872 0.673480 0.474332 0.677020 0.467251 0.503540 0.623029 0.510621 0.626570 0.492919 0.800049 0.574349 0.778807 0.464596 0.984150 0.485838 0.973529 0.029514 0.261991 0.023559 0.094466 0.323805 0.306163 0.018041 0.145267
0.544890 0.285427 0.537707 0.271062 0.534116 0.274653 0.494613 0.285427 0.505387 0.289018 0.512569 0.371615 0.473066 0.378798 0.566437 0.479351 0.566437 0.479351 0.666990 0.475760 0.674172 0.468577 0.530525 0.622998 0.483840 0.626589 0.573619 0.791783 0.469475 0.806148 0.534116 0.989298 0.437154 1.000000 0.142404 0.027158 0.056873 0.039241 0.363780 0.293509 0.018300 0.104981
0.544009 0.283548 0.540416 0.272770 0.533231 0.272770 0.497306 0.287140 0.508083 0.287140 0.511676 0.373362 0.475750 0.376954 0.561972 0.481139 0.565564 0.477546 0.666156 0.477546 0.673342 0.470361 0.529639 0.621249 0.482935 0.628434 0.579935 0.790100 0.457787 0.808063 0.583527 0.991284 0.418269 0.998469 0.086468 0.020864 0.069126 0.053368 0.371989 0.289188 0.016016 0.136427
0.550304 0.286643 0.543365 0.272767 0.536427 0.272767 0.498265 0.286643 0.508673 0.290113 0.505204 0.369905 0.484389 0.380312 0.567650 0.473981 0.571119 0.473981 0.671726 0.470512 0.675195 0.463573 0.508673 0.623157 0.501735 0.626626 0.512142 0.789679 0.536427 0.786210 0.519081 0.973547 0.557242 0.977017 0.005375 0.033550 0.002270 0.045759 0.338586 0.293962 0.013255 0.061507
0.552304 0.282807 0.545212 0.268623 0.541666 0.272169 0.502659 0.282807 0.509752 0.286353 0.516844 0.371457 0.481383 0.378549 0.570034 0.474291 0.570034 0.474291 0.672868 0.470745 0.679960 0.463653 0.523936 0.623224 0.477837 0.626770 0.577126 0.789886 0.453015 0.793432 0.644500 0.974279 0.382095 0.977825 0.013173 0.069813 0.089372 0.042515 0.359028 0.292945 0.002256 0.145398
0.553191 0.286348 0.549645 0.272163 0.542553 0.275709 0.503546 0.286348 0.510638 0.289894 0.517730 0.371454 0.482269 0.378546 0.570922 0.474291 0.574468 0.474291 0.673759 0.470745 0.680851 0.467199 0.524823 0.623227 0.475177 0.626773 0.581560 0.786348 0.446809 0.793440 0.641844 0.974291 0.365248 0.974291 0.007750 0.081192 0.097586 0.044574 0.359028 0.277194 0.000005 0.160216
0.553566 0.283951 0.546424 0.273237 0.542853 0.273237 0.503571 0.283951 0.514284 0.287522 0.517855 0.369656 0.478574 0.380369 0.571421 0.473217 0.574992 0.476788 0.674982 0.469646 0.682124 0.466075 0.528569 0.623202 0.475003 0.626773 0.578563 0.791042 0.442863 0.794613 0.621416 0.983879 0.346444 0.973166 0.022547 0.097382 0.078710 0.055611 0.359028 0.281726 0.004547 0.152376
0.554066 0.284623 0.550520 0.273987 0.543430 0.273987 0.504432 0.284623 0.515068 0.288168 0.504432 0.369710 0.490250 0.380346 0.571792 0.476069 0.571792 0.479615 0.678151 0.472524 0.681696 0.468979 0.493796 0.621426 0.511522 0.628517 0.454797 0.791601 0.571792 0.791601 0.344893 0.961775 0.603700 0.986592 0.110824 0.061051 0.058266 0.085464 0.330898 0.311816 0.006771 0.184389
0.553023 0.279819 0.545834 0.269034 0.538644 0.269034 0.502696 0.279819 0.509886 0.287008 0.506291 0.369689 0.484722 0.380473 0.574592 0.477533 0.574592 0.477533 0.682436 0.473938 0.682436 0.466748 0.499101 0.621324 0.509886 0.628514 0.470343 0.793875 0.567402 0.793875 0.340930 0.952046 0.585376 0.998778 0.165706 0.078699 0.043476 0.074368 0.330898 0.293962 0.011445 0.159119
0.547602 0.279955 0.544009 0.269177 0.536824 0.269177 0.500898 0.283548 0.504491 0.287140 0.508083 0.369769 0.479343 0.380547 0.569157 0.477546 0.569157 0.481139 0.676934 0.477546 0.676934 0.470361 0.511676 0.621249 0.500898 0.628434 0.493713 0.800878 0.558379 0.797285 0.346418 0.937395 0.561972 1.000000 0.230356 0.098860 0.036273 0.076834 0.335896 0.299724 0.016016 0.136169
0.550277 0.280040 0.543094 0.265676 0.539503 0.269267 0.500000 0.280040 0.507182 0.287223 0.507182 0.369820 0.478453 0.380593 0.571824 0.473964 0.568232 0.477555 0.679559 0.473964 0.679559 0.466782 0.514365 0.621202 0.500000 0.628385 0.510774 0.800761 0.543094 0.800761 0.363535 0.926453 0.539503 1.000000 0.268712 0.083663 0.015457 0.050369 0.323181 0.292945 0.018300 0.084345
