0.456896 0.267005 0.473206 0.253026 0.454566 0.255356 0.519805 0.267005 0.466216 0.271665 0.564074 0.369523 0.454566 0.381173 0.610672 0.497670 0.431267 0.525629 0.601353 0.523299 0.419617 0.642127 0.529124 0.623487 0.452236 0.625817 0.508155 0.828522 0.475536 0.821532 0.489515 1.000000 0.543104 0.989289 0.006249 0.084164 0.011089 0.040748 0.222034 0.019176 0.023755 0.070158
0.454110 0.269388 0.470375 0.255447 0.451786 0.255447 0.514522 0.269388 0.461081 0.271712 0.558670 0.369301 0.451786 0.380918 0.609788 0.497096 0.430874 0.520331 0.598170 0.522655 0.419257 0.638832 0.533111 0.622567 0.456434 0.627214 0.519169 0.831686 0.454110 0.829363 0.502904 1.000000 0.554022 0.968776 0.000386 0.201591 0.010825 0.009664 0.256919 0.016286 0.013317 0.017530
0.452579 0.269834 0.468771 0.255954 0.450266 0.255954 0.515036 0.272147 0.459518 0.272147 0.556674 0.369303 0.452579 0.380869 0.607565 0.496530 0.434073 0.524289 0.598312 0.524289 0.417880 0.646890 0.533542 0.623758 0.457205 0.626071 0.521976 0.836575 0.447952 0.829635 0.512723 1.000000 0.556674 0.975368 0.004429 0.218482 0.011576 0.020464 0.223535 0.000958 0.011784 0.002824
0.449911 0.271432 0.468334 0.257615 0.447608 0.257615 0.512091 0.273735 0.459123 0.273735 0.558149 0.370459 0.449911 0.379671 0.604208 0.490212 0.433790 0.517848 0.601906 0.522454 0.419973 0.639904 0.535120 0.623784 0.456820 0.626086 0.528211 0.837958 0.438396 0.826443 0.518999 1.000000 0.546635 0.976135 0.003273 0.228465 0.018594 0.038110 0.139573 0.001087 0.010264 0.018924
0.448731 0.273708 0.465231 0.259565 0.446374 0.261922 0.512375 0.271351 0.460517 0.278423 0.559519 0.370354 0.448731 0.379782 0.604306 0.490571 0.432230 0.518858 0.604306 0.535358 0.422801 0.648504 0.535947 0.624932 0.455802 0.624932 0.543019 0.837080 0.432230 0.830009 0.535947 1.000000 0.524161 1.000000 0.020871 0.192612 0.039996 0.045607 0.113516 0.014481 0.010507 0.047034
0.448846 0.275039 0.465122 0.261088 0.446521 0.258763 0.511626 0.275039 0.455822 0.275039 0.558129 0.370371 0.446521 0.379672 0.604633 0.488955 0.432570 0.509882 0.602308 0.528483 0.427919 0.612190 0.539528 0.623816 0.455822 0.626141 0.546504 0.833082 0.427919 0.826106 0.551154 1.000000 0.504650 1.000000 0.003690 0.164588 0.033927 0.056137 0.137664 0.019516 0.005921 0.054737
0.445945 0.276223 0.464544 0.262274 0.445945 0.259949 0.508719 0.276223 0.455245 0.278548 0.557543 0.369221 0.448270 0.380846 0.601717 0.485469 0.434320 0.508719 0.601717 0.529643 0.429670 0.606367 0.538943 0.624966 0.455245 0.624966 0.550568 0.827237 0.422695 0.817937 0.564517 1.000000 0.483144 1.000000 0.003155 0.145628 0.041383 0.062282 0.115593 0.019442 0.007401 0.071464
0.443881 0.275523 0.462394 0.261638 0.443881 0.259324 0.508678 0.275523 0.453138 0.277837 0.557276 0.368091 0.448509 0.381976 0.601246 0.486115 0.436938 0.511571 0.598932 0.527770 0.429996 0.606453 0.538763 0.624967 0.455452 0.624967 0.552648 0.828616 0.418425 0.817045 0.568847 1.000000 0.453138 1.000000 0.003314 0.113766 0.044571 0.069709 0.131181 0.005096 0.007367 0.082287
0.442447 0.273859 0.461050 0.259907 0.440122 0.259907 0.505232 0.273859 0.451749 0.276185 0.556390 0.366873 0.447098 0.383151 0.602897 0.485467 0.435471 0.515696 0.600572 0.524998 0.428495 0.608710 0.540112 0.624988 0.456400 0.624988 0.554065 0.824968 0.416869 0.811016 0.570342 1.000000 0.426170 1.000000 0.002812 0.080186 0.042219 0.078886 0.137664 0.004023 0.004442 0.088821
0.441871 0.273876 0.460472 0.259925 0.439545 0.259925 0.504650 0.273876 0.451171 0.276202 0.555804 0.366884 0.448846 0.383160 0.602308 0.483142 0.434895 0.515695 0.599983 0.524996 0.427919 0.608702 0.539528 0.624978 0.455822 0.624978 0.553479 0.824944 0.416294 0.813318 0.569755 1.000000 0.425594 1.000000 0.002812 0.079532 0.042219 0.075029 0.138785 0.009555 0.005921 0.088022
0.442714 0.273170 0.458916 0.259282 0.440399 0.261597 0.507522 0.273170 0.454287 0.275485 0.556129 0.368068 0.447343 0.381956 0.602421 0.486112 0.435770 0.513888 0.600106 0.523146 0.426512 0.618044 0.539927 0.624988 0.456601 0.624988 0.563073 0.819414 0.417253 0.807841 0.579275 1.000000 0.405680 1.000000 0.012450 0.050905 0.057764 0.079589 0.138829 0.000391 0.004420 0.105185
0.440423 0.274543 0.456778 0.260524 0.438087 0.260524 0.503505 0.272206 0.452105 0.274543 0.554904 0.367996 0.447432 0.382014 0.601631 0.489486 0.435750 0.515186 0.599295 0.526868 0.424069 0.622658 0.540886 0.624995 0.456778 0.624995 0.566586 0.823584 0.417060 0.816575 0.587613 1.000000 0.382014 1.000000 0.008153 0.014700 0.058310 0.077306 0.136744 0.006614 0.002974 0.106035
0.440141 0.271714 0.456573 0.259977 0.437793 0.259977 0.501174 0.271714 0.449531 0.274061 0.555164 0.365610 0.444836 0.384390 0.604460 0.487676 0.433099 0.520540 0.599765 0.522887 0.419014 0.628521 0.543427 0.623826 0.456573 0.626174 0.573944 0.825704 0.416667 0.825704 0.588028 1.000000 0.369718 1.000000 0.025323 0.007528 0.062214 0.078273 0.164365 0.013913 0.000004 0.110588
0.438682 0.273595 0.455191 0.259445 0.436324 0.259445 0.502358 0.271237 0.448116 0.273595 0.556601 0.365572 0.445757 0.384439 0.606127 0.485850 0.429248 0.518867 0.601411 0.518867 0.408023 0.624994 0.542451 0.622636 0.455191 0.627353 0.577827 0.825457 0.417457 0.825457 0.594335 1.000000 0.365572 1.000000 0.029114 0.016400 0.072470 0.072268 0.169501 0.023937 0.003002 0.114879
0.437797 0.271922 0.454384 0.257704 0.435427 0.257704 0.501777 0.269552 0.447275 0.274292 0.556279 0.364338 0.442536 0.385665 0.610781 0.485190 0.425949 0.518365 0.606041 0.515995 0.411731 0.632107 0.544431 0.622629 0.456754 0.627368 0.577606 0.819309 0.418840 0.826418 0.594193 1.000000 0.371447 1.000000 0.027634 0.009691 0.067781 0.078615 0.183448 0.000001 0.001507 0.113103
0.438967 0.276408 0.455399 0.262324 0.436620 0.262324 0.502347 0.274061 0.448357 0.278756 0.556338 0.365610 0.443662 0.384390 0.610329 0.482981 0.415493 0.515845 0.610329 0.515845 0.377934 0.623826 0.544601 0.623826 0.455399 0.626174 0.577465 0.821009 0.420188 0.828052 0.596244 1.000000 0.384977 1.000000 0.024033 0.003520 0.067027 0.070406 0.137236 0.039357 0.000004 0.107535
0.442491 0.272897 0.458922 0.261161 0.440143 0.261161 0.503521 0.272897 0.449533 0.275245 0.559857 0.364443 0.442491 0.385568 0.613845 0.481808 0.404934 0.514671 0.611497 0.514671 0.339209 0.608563 0.543425 0.622647 0.454227 0.627342 0.576288 0.826864 0.423712 0.831558 0.595066 1.000000 0.395544 1.000000 0.023177 0.006799 0.071016 0.062654 0.159934 0.104288 0.002988 0.098001
0.442179 0.273387 0.460868 0.259369 0.439842 0.259369 0.505256 0.273387 0.451523 0.275723 0.558990 0.364499 0.444515 0.385525 0.612723 0.476638 0.411808 0.511681 0.615059 0.514017 0.348730 0.609802 0.542636 0.623820 0.453860 0.626156 0.570671 0.824734 0.428161 0.827071 0.584688 1.000000 0.409472 1.000000 0.023623 0.013753 0.064178 0.052850 0.122366 0.101115 0.004462 0.084625
0.440399 0.276642 0.456601 0.260440 0.438085 0.262754 0.500579 0.274327 0.449658 0.276642 0.556129 0.364596 0.447343 0.385428 0.611679 0.478011 0.428826 0.515045 0.613994 0.512730 0.410310 0.619201 0.539927 0.623831 0.456601 0.626145 0.560758 0.825200 0.428826 0.825200 0.572331 1.000000 0.419568 1.000000 0.014948 0.030300 0.052680 0.056367 0.123785 0.010835 0.004420 0.076942
0.441158 0.280885 0.456849 0.267435 0.438917 0.267435 0.501681 0.278643 0.450125 0.280885 0.555479 0.363823 0.450125 0.386239 0.604794 0.475903 0.427709 0.514010 0.609277 0.509527 0.400810 0.612640 0.537547 0.623848 0.456849 0.626089 0.548755 0.821108 0.436675 0.821108 0.559963 1.000000 0.429950 1.000000 0.000001 0.022206 0.039984 0.041734 0.089749 0.029469 0.007136 0.050878
0.442767 0.282624 0.458176 0.269416 0.440566 0.269416 0.502201 0.280423 0.453773 0.282624 0.555032 0.364071 0.453773 0.386084 0.603460 0.471934 0.429559 0.513758 0.607863 0.509355 0.381131 0.606212 0.533019 0.623822 0.458176 0.626023 0.537422 0.817534 0.444968 0.819735 0.557233 1.000000 0.447169 1.000000 0.026345 0.025328 0.034144 0.027509 0.097052 0.093928 0.011214 0.028903
0.442084 0.278555 0.457982 0.262657 0.439813 0.264928 0.503407 0.274013 0.451169 0.278555 0.557916 0.362591 0.451169 0.387574 0.605612 0.469338 0.430728 0.521577 0.612426 0.514763 0.401202 0.630596 0.535204 0.623782 0.455711 0.626053 0.528390 0.823650 0.451169 0.830463 0.569272 1.000000 0.457982 1.000000 0.078040 0.017562 0.016763 0.013134 0.086360 0.036005 0.011570 0.003776
0.440462 0.278192 0.456806 0.261849 0.438127 0.264183 0.503502 0.273523 0.449801 0.278192 0.559538 0.362246 0.449801 0.387929 0.608569 0.474317 0.431123 0.530353 0.613239 0.523348 0.412444 0.649428 0.536190 0.623745 0.454471 0.626080 0.510507 0.831544 0.454471 0.840883 0.582886 1.000000 0.470815 1.000000 0.160974 0.023412 0.010798 0.006241 0.101050 0.008019 0.011894 0.039143
0.442517 0.279939 0.458775 0.263681 0.440194 0.266004 0.505226 0.275294 0.451807 0.277616 0.560967 0.363551 0.451807 0.386776 0.612063 0.477355 0.435549 0.526129 0.614385 0.526129 0.414647 0.635288 0.530774 0.623675 0.456452 0.625998 0.500581 0.828059 0.458775 0.841995 0.563289 1.000000 0.479678 1.000000 0.143518 0.027286 0.009903 0.002761 0.119182 0.023255 0.016271 0.050108
0.445037 0.280149 0.458778 0.264119 0.440457 0.266409 0.504580 0.275569 0.451908 0.277859 0.559543 0.364883 0.454198 0.385494 0.609925 0.474809 0.435877 0.525191 0.612215 0.525191 0.408396 0.630536 0.527481 0.623666 0.458778 0.625956 0.483969 0.822906 0.470229 0.827486 0.490840 1.000000 0.500000 1.000000 0.078084 0.028102 0.029205 0.012004 0.122339 0.039718 0.017504 0.086508
0.442374 0.271898 0.459182 0.257492 0.437572 0.257492 0.504802 0.267096 0.447176 0.271898 0.562428 0.363139 0.449577 0.387150 0.615251 0.478390 0.432770 0.528813 0.617653 0.531214 0.401556 0.634460 0.531214 0.622455 0.456781 0.627257 0.478390 0.821744 0.473588 0.833749 0.504802 1.000000 0.512005 1.000000 0.116017 0.028380 0.044343 0.016306 0.122339 0.053855 0.015292 0.108327
0.442072 0.270099 0.458968 0.255617 0.437245 0.255617 0.507241 0.265272 0.446900 0.270099 0.562755 0.361818 0.446900 0.388368 0.615856 0.477674 0.434831 0.533188 0.618269 0.528360 0.391385 0.636975 0.533791 0.622493 0.456554 0.627320 0.475863 0.815586 0.483104 0.834895 0.519309 1.000000 0.531378 1.000000 0.146816 0.029110 0.057550 0.027640 0.121651 0.099726 0.012295 0.133268
0.443695 0.268660 0.460831 0.251524 0.441247 0.253972 0.509792 0.261316 0.451039 0.268660 0.566097 0.361686 0.446143 0.388614 0.617506 0.476744 0.433903 0.533049 0.619954 0.535497 0.389838 0.628522 0.534273 0.621178 0.453487 0.628522 0.477968 0.807229 0.477968 0.834158 0.509792 1.000000 0.524480 1.000000 0.132752 0.027803 0.054698 0.027975 0.120498 0.110729 0.015591 0.131258
0.443094 0.266192 0.460414 0.251347 0.440620 0.251347 0.507422 0.261244 0.448043 0.266192 0.564328 0.362684 0.443094 0.387426 0.616285 0.481444 0.430724 0.533401 0.621234 0.540824 0.378766 0.627419 0.537112 0.622471 0.455465 0.627419 0.475258 0.808032 0.482681 0.832774 0.490103 1.000000 0.524742 1.000000 0.120082 0.016846 0.069191 0.025548 0.104810 0.133791 0.009452 0.144358
0.441509 0.265420 0.456286 0.250643 0.436583 0.250643 0.505541 0.258031 0.446434 0.265420 0.562185 0.363931 0.441509 0.386096 0.613904 0.487070 0.421807 0.528938 0.613904 0.533863 0.370088 0.624986 0.535095 0.622524 0.461211 0.627449 0.468599 0.809695 0.505541 0.826935 0.461211 1.000000 0.549871 1.000000 0.099388 0.004663 0.075431 0.043678 0.126569 0.113597 0.004704 0.178261
0.442941 0.265758 0.457356 0.251343 0.438136 0.251343 0.505406 0.260953 0.450148 0.268160 0.563065 0.364260 0.445343 0.385882 0.613517 0.484384 0.426124 0.527629 0.608712 0.525226 0.363659 0.623728 0.531833 0.623728 0.459758 0.626131 0.466966 0.815927 0.517418 0.808719 0.435733 1.000000 0.567870 1.000000 0.062459 0.017561 0.065477 0.078289 0.163846 0.140567 0.010708 0.200973
0.442626 0.265124 0.459360 0.250781 0.440235 0.253171 0.507172 0.262734 0.449798 0.267515 0.564546 0.365529 0.445016 0.384654 0.614748 0.485059 0.428282 0.523308 0.609967 0.523308 0.358955 0.616541 0.531078 0.623713 0.459360 0.626104 0.471313 0.819742 0.531078 0.817351 0.411548 1.000000 0.583671 1.000000 0.016959 0.032665 0.053163 0.095313 0.166152 0.165291 0.012178 0.208396
0.445625 0.266365 0.462355 0.252024 0.443234 0.254414 0.510158 0.263975 0.452795 0.266365 0.565131 0.366750 0.445625 0.383481 0.620104 0.488647 0.428894 0.524499 0.612934 0.522109 0.357190 0.615324 0.531669 0.624884 0.457575 0.624884 0.474306 0.825655 0.526889 0.804144 0.393042 1.000000 0.586642 0.988184 0.017713 0.017514 0.047552 0.101698 0.202051 0.175133 0.013699 0.206029
0.446564 0.264643 0.463376 0.252635 0.444163 0.252635 0.509006 0.264643 0.453769 0.267045 0.564243 0.367912 0.446564 0.382322 0.621881 0.490394 0.427352 0.521614 0.609873 0.521614 0.360107 0.608072 0.530620 0.624883 0.458572 0.624883 0.475384 0.821814 0.530620 0.812208 0.388926 1.000000 0.590660 0.994729 0.027155 0.015717 0.045632 0.101130 0.256881 0.166787 0.013765 0.203920
0.446564 0.264643 0.463376 0.252635 0.444163 0.252635 0.509006 0.264643 0.453769 0.267045 0.564243 0.367912 0.446564 0.382322 0.621881 0.490394 0.429753 0.521614 0.612275 0.519213 0.360107 0.608072 0.530620 0.624883 0.458572 0.624883 0.475384 0.821814 0.530620 0.812208 0.388926 1.000000 0.590660 0.994729 0.027155 0.015717 0.045632 0.101130 0.242423 0.177620 0.013765 0.203920
0.443695 0.267436 0.460831 0.252748 0.441247 0.252748 0.509792 0.264988 0.453487 0.267436 0.563649 0.367806 0.448591 0.382494 0.624850 0.495104 0.426559 0.524480 0.612610 0.522032 0.355566 0.610162 0.529377 0.624850 0.458383 0.624850 0.470623 0.830486 0.529377 0.808453 0.392286 1.000000 0.590577 0.999400 0.011879 0.018714 0.046393 0.104589 0.278449 0.171243 0.015591 0.206029
0.445156 0.269175 0.459621 0.254710 0.442746 0.254710 0.507835 0.266764 0.454799 0.266764 0.563281 0.368014 0.452388 0.382478 0.621138 0.490960 0.428281 0.522299 0.609085 0.517478 0.355960 0.606674 0.524710 0.625960 0.459621 0.623549 0.464442 0.835691 0.531942 0.816406 0.399353 1.000000 0.587388 1.000000 0.002652 0.024021 0.041821 0.104654 0.275806 0.171216 0.019964 0.203269
0.445309 0.265874 0.462515 0.251126 0.442851 0.251126 0.511676 0.263416 0.455141 0.263416 0.565752 0.366652 0.450225 0.383859 0.624744 0.492011 0.428103 0.526424 0.614912 0.519050 0.359278 0.609996 0.526424 0.624744 0.457599 0.624744 0.469889 0.828760 0.526424 0.806638 0.413355 1.000000 0.592790 0.995905 0.014777 0.007791 0.037913 0.105401 0.251023 0.170289 0.020357 0.201189
0.447286 0.264957 0.464651 0.250073 0.444805 0.250073 0.514264 0.262476 0.457209 0.264957 0.566358 0.366664 0.452247 0.384029 0.625894 0.495659 0.427441 0.530388 0.615971 0.522946 0.360463 0.614731 0.526667 0.624653 0.454728 0.624653 0.474573 0.818145 0.521706 0.810703 0.424960 1.000000 0.591164 1.000000 0.024353 0.001573 0.035124 0.106712 0.248657 0.160189 0.023711 0.193708
0.450152 0.264740 0.467173 0.250150 0.447720 0.250150 0.515806 0.262308 0.459878 0.264740 0.566870 0.369300 0.452583 0.381458 0.622797 0.493313 0.430699 0.529787 0.610639 0.520061 0.362613 0.612463 0.525532 0.624621 0.455015 0.624621 0.472036 0.816720 0.520669 0.816720 0.437993 1.000000 0.579028 1.000000 0.043034 0.015230 0.035360 0.101645 0.270658 0.172664 0.024793 0.191281
0.451943 0.268614 0.470928 0.254375 0.449570 0.254375 0.516019 0.263868 0.461436 0.266241 0.565856 0.368288 0.454316 0.382527 0.620439 0.491694 0.432957 0.524918 0.610947 0.517799 0.371255 0.610353 0.525512 0.624592 0.454316 0.624592 0.482794 0.819194 0.489914 0.814448 0.451943 1.000000 0.520765 1.000000 0.026803 0.012830 0.019085 0.058998 0.243574 0.151705 0.025712 0.127780
0.452621 0.261284 0.469629 0.246706 0.450192 0.246706 0.518223 0.256425 0.459910 0.263714 0.569246 0.365760 0.452621 0.385198 0.620269 0.492104 0.425895 0.533408 0.612980 0.523689 0.362723 0.628165 0.525512 0.625736 0.452621 0.623306 0.489066 0.832258 0.474488 0.820110 0.464770 1.000000 0.508504 1.000000 0.022900 0.016144 0.002551 0.035223 0.194365 0.130377 0.027878 0.090823
0.452721 0.263006 0.469478 0.248643 0.450327 0.248643 0.519750 0.258218 0.462296 0.265400 0.570021 0.368337 0.452721 0.382700 0.617899 0.490424 0.428782 0.528727 0.608323 0.523939 0.376117 0.626876 0.526931 0.624482 0.450327 0.624482 0.498205 0.837537 0.474266 0.832749 0.481447 1.000000 0.512568 1.000000 0.019000 0.024911 0.010390 0.039579 0.207546 0.105041 0.028996 0.079088
0.450756 0.265054 0.469742 0.250815 0.448383 0.250815 0.517206 0.262681 0.460249 0.269801 0.567043 0.367101 0.453130 0.383714 0.614506 0.492880 0.431771 0.528478 0.605014 0.526105 0.381934 0.628152 0.529072 0.623406 0.450756 0.625779 0.502966 0.846486 0.457876 0.832246 0.491101 1.000000 0.550430 0.969891 0.020165 0.177458 0.009735 0.014093 0.203443 0.100956 0.025712 0.048052
0.451679 0.263169 0.468383 0.246466 0.449293 0.248852 0.518493 0.258397 0.461224 0.265555 0.566217 0.365776 0.451679 0.384866 0.611555 0.489859 0.430203 0.532810 0.602010 0.530424 0.382479 0.640190 0.532810 0.623486 0.449293 0.625872 0.513721 0.840631 0.444521 0.828700 0.511334 1.000000 0.554286 0.959941 0.024526 0.229199 0.013122 0.004339 0.185067 0.087239 0.022806 0.020424
0.451356 0.269673 0.467766 0.255607 0.449012 0.255607 0.512308 0.267329 0.458389 0.272017 0.561538 0.365789 0.451356 0.384544 0.603735 0.490037 0.430257 0.532234 0.596702 0.529890 0.390404 0.640072 0.533406 0.623662 0.453700 0.626006 0.521685 0.827615 0.434946 0.822926 0.535751 0.998749 0.531062 0.961240 0.044378 0.223535 0.016315 0.033314 0.159815 0.067514 0.016424 0.011951
0.449949 0.269178 0.466437 0.255046 0.447594 0.255046 0.513543 0.266823 0.457015 0.269178 0.563005 0.365747 0.449949 0.384589 0.603045 0.490579 0.433462 0.535330 0.595979 0.535330 0.391066 0.650741 0.534741 0.622477 0.452305 0.627187 0.527675 0.820324 0.428751 0.817968 0.548873 0.999328 0.513543 0.975775 0.048883 0.196043 0.023539 0.042190 0.148647 0.077382 0.016501 0.027736
0.446489 0.271687 0.463137 0.257418 0.444111 0.257418 0.510702 0.269309 0.456002 0.269309 0.563024 0.366818 0.448867 0.383465 0.603454 0.490487 0.432220 0.538052 0.593941 0.538052 0.389411 0.656965 0.536863 0.623669 0.451246 0.626048 0.532106 0.818686 0.422707 0.813930 0.548754 0.994678 0.486920 0.987543 0.037783 0.160748 0.024547 0.051105 0.163409 0.075846 0.015146 0.040222
0.445214 0.270254 0.461709 0.256116 0.442858 0.256116 0.508836 0.270254 0.452284 0.272610 0.560676 0.366865 0.449927 0.383360 0.603091 0.489396 0.435789 0.531811 0.588953 0.531811 0.398087 0.647273 0.537113 0.623709 0.452284 0.626066 0.539469 0.821644 0.419294 0.816931 0.551251 1.000000 0.473491 1.000000 0.015363 0.139549 0.032910 0.057569 0.208491 0.070240 0.013505 0.058268
0.443504 0.271638 0.460156 0.257366 0.441125 0.259744 0.507731 0.269259 0.453019 0.274017 0.560064 0.366789 0.450641 0.383440 0.600503 0.490485 0.436368 0.533303 0.588609 0.535682 0.398308 0.654620 0.536276 0.623696 0.453019 0.626075 0.545791 0.821134 0.417338 0.818755 0.560064 1.000000 0.453019 1.000000 0.007104 0.112027 0.044718 0.061407 0.182485 0.066542 0.013633 0.073614
