0.484043 0.279142 0.503813 0.263326 0.473311 0.262761 0.550696 0.269539 0.463143 0.268974 0.595884 0.377991 0.425298 0.372908 0.615089 0.489268 0.388018 0.502259 0.561993 0.555356 0.373896 0.618620 0.543353 0.627657 0.435465 0.621444 0.534315 0.793725 0.416260 0.790900 0.512286 0.965440 0.411177 0.976738 0.023308 0.027217 0.048706 0.048937 0.269840 0.050878 0.027002 0.018616
0.484271 0.279093 0.504494 0.263364 0.473598 0.262803 0.550557 0.269544 0.462925 0.268982 0.596059 0.377399 0.424726 0.373467 0.615158 0.487501 0.387089 0.503792 0.558422 0.552102 0.373607 0.622882 0.543816 0.627376 0.435399 0.621759 0.539322 0.793653 0.418547 0.791968 0.512920 0.964424 0.410121 0.977344 0.040225 0.016955 0.056978 0.045088 0.284071 0.053609 0.026494 0.022813
0.484526 0.278623 0.504600 0.263009 0.473373 0.263009 0.550326 0.269143 0.462221 0.269143 0.594936 0.376765 0.424302 0.373977 0.615010 0.487175 0.386941 0.504461 0.555344 0.548513 0.374674 0.625466 0.544749 0.627139 0.436012 0.622120 0.539731 0.791638 0.417053 0.791081 0.514080 0.957811 0.410919 0.973982 0.039042 0.024898 0.053261 0.050579 0.302849 0.056604 0.024519 0.025861
0.484884 0.278803 0.504854 0.262716 0.472680 0.262716 0.549787 0.269373 0.461585 0.269928 0.594719 0.376990 0.423309 0.373661 0.615244 0.486825 0.386697 0.501248 0.554779 0.546736 0.375048 0.618850 0.545349 0.627171 0.436623 0.622178 0.539247 0.787486 0.419426 0.786932 0.513729 0.950576 0.413879 0.972210 0.037293 0.023577 0.049908 0.050140 0.310271 0.057523 0.022974 0.020995
0.485714 0.277742 0.504945 0.261259 0.473076 0.262357 0.548353 0.267852 0.460988 0.270050 0.593958 0.376646 0.422526 0.373898 0.613739 0.485989 0.385712 0.501923 0.553847 0.543682 0.374723 0.618409 0.546155 0.627201 0.437361 0.622255 0.537913 0.783797 0.422526 0.782698 0.514286 0.943141 0.415932 0.966768 0.030119 0.017952 0.043271 0.048341 0.312917 0.059186 0.021003 0.012612
0.487230 0.278011 0.506249 0.261708 0.474187 0.262795 0.548636 0.267143 0.461689 0.270947 0.593197 0.376371 0.423649 0.374197 0.615478 0.483426 0.386153 0.501902 0.555158 0.542659 0.376914 0.618738 0.544289 0.626890 0.438865 0.622542 0.527986 0.784483 0.427996 0.783396 0.512227 0.947510 0.423105 0.963813 0.002139 0.012848 0.028559 0.040953 0.318209 0.065790 0.021466 0.011338
0.487796 0.277344 0.506238 0.260530 0.474236 0.262157 0.548545 0.266496 0.461761 0.271378 0.593022 0.376061 0.422708 0.374434 0.616345 0.482914 0.385282 0.504068 0.557766 0.543663 0.376604 0.623396 0.544748 0.627193 0.439522 0.622312 0.521967 0.786117 0.436268 0.783947 0.491050 0.952092 0.450370 0.960770 0.013302 0.031741 0.015130 0.027967 0.312619 0.066355 0.020041 0.038911
0.488307 0.276475 0.506798 0.259072 0.474167 0.261247 0.547044 0.266142 0.461114 0.271580 0.592727 0.375457 0.420869 0.374913 0.617745 0.484228 0.383343 0.504351 0.561184 0.548947 0.376273 0.623999 0.547044 0.626175 0.439360 0.623455 0.535623 0.781718 0.433378 0.789875 0.516588 0.937804 0.426851 0.973155 0.015297 0.000175 0.034040 0.035076 0.300581 0.071033 0.017320 0.011893
0.489222 0.273386 0.508322 0.256469 0.473941 0.258106 0.547615 0.265200 0.459753 0.269566 0.592365 0.374892 0.420460 0.375437 0.620197 0.485675 0.383896 0.505321 0.566715 0.556619 0.376802 0.626473 0.547615 0.625927 0.439561 0.623744 0.535063 0.782005 0.436286 0.789100 0.518691 0.937538 0.432466 0.974102 0.007840 0.000248 0.030609 0.030740 0.283963 0.068729 0.016336 0.019241
0.490292 0.273474 0.509169 0.256754 0.475729 0.258911 0.546923 0.265923 0.460628 0.270777 0.591689 0.374871 0.420176 0.375411 0.620814 0.487056 0.386737 0.508630 0.573351 0.560407 0.380265 0.631062 0.547463 0.625668 0.440672 0.624050 0.534518 0.782079 0.441211 0.792327 0.520495 0.940108 0.443368 0.973008 0.001889 0.002779 0.029277 0.025159 0.263660 0.061471 0.015113 0.027303
0.491235 0.271574 0.509574 0.255393 0.476133 0.257551 0.546791 0.264563 0.461030 0.271035 0.591559 0.374595 0.420038 0.375674 0.621764 0.489482 0.387675 0.507282 0.578075 0.569310 0.381742 0.626484 0.547330 0.625405 0.441073 0.624326 0.532767 0.783442 0.443231 0.795308 0.515507 0.945794 0.461030 0.973302 0.004464 0.027709 0.026311 0.022848 0.241234 0.060920 0.014771 0.033266
0.491663 0.270202 0.509950 0.254067 0.475528 0.256218 0.545986 0.263748 0.459392 0.269664 0.590090 0.374008 0.419053 0.376159 0.622899 0.490184 0.387858 0.507396 0.582560 0.576241 0.382479 0.626799 0.549214 0.625185 0.441643 0.624647 0.543297 0.781700 0.440567 0.796223 0.532002 0.933375 0.445946 0.985547 0.011633 0.011036 0.039325 0.030853 0.227138 0.059957 0.011644 0.010030
0.492643 0.268045 0.510835 0.251993 0.476055 0.254669 0.545615 0.263230 0.459468 0.269651 0.588956 0.373455 0.418802 0.376665 0.623736 0.491171 0.387768 0.510434 0.587351 0.585879 0.384023 0.631361 0.549896 0.624405 0.442346 0.625475 0.549896 0.781181 0.442346 0.798304 0.539194 0.935283 0.445556 0.986650 0.022069 0.005426 0.049151 0.030030 0.208199 0.062708 0.009880 0.000000
0.492471 0.268580 0.510435 0.252201 0.475563 0.255371 0.543721 0.263825 0.459184 0.271750 0.587575 0.373194 0.419029 0.376893 0.624032 0.495773 0.387856 0.509510 0.590745 0.596161 0.383629 0.627334 0.550062 0.624692 0.443334 0.625221 0.549533 0.785841 0.441220 0.799050 0.543721 0.944876 0.445976 0.985031 0.010584 0.012007 0.046088 0.034925 0.193931 0.062073 0.008410 0.002828
0.491241 0.267558 0.509021 0.251870 0.475030 0.253962 0.541965 0.264420 0.457773 0.271218 0.585891 0.372667 0.418554 0.377373 0.622496 0.500261 0.389270 0.511766 0.594258 0.602756 0.384563 0.628379 0.550855 0.624196 0.444700 0.625765 0.547717 0.786304 0.442086 0.800423 0.545103 0.941091 0.450452 0.980834 0.000777 0.019516 0.037895 0.038148 0.174505 0.055452 0.005659 0.001388
0.490043 0.266528 0.507337 0.250282 0.473797 0.253426 0.540353 0.262859 0.457026 0.270720 0.586471 0.372390 0.416673 0.377630 0.623156 0.501310 0.387325 0.512316 0.600097 0.609268 0.382609 0.628659 0.552407 0.623942 0.444449 0.626038 0.550835 0.787975 0.442353 0.803173 0.546642 0.941527 0.452310 0.985025 0.005638 0.021179 0.039793 0.039211 0.155226 0.055395 0.004003 0.000724
0.489053 0.266847 0.506777 0.249644 0.472371 0.252772 0.539098 0.263719 0.457253 0.271539 0.586536 0.373193 0.417634 0.376842 0.619379 0.506647 0.387920 0.512902 0.601133 0.625504 0.380621 0.627589 0.551609 0.624983 0.444220 0.624983 0.552652 0.787108 0.443178 0.798577 0.549524 0.927860 0.452040 0.986246 0.009120 0.016932 0.045922 0.035887 0.125293 0.048213 0.005311 0.003960
0.488233 0.265442 0.506014 0.248706 0.471497 0.251844 0.537916 0.262304 0.455808 0.270672 0.586031 0.372653 0.416584 0.377360 0.620548 0.509152 0.386774 0.515428 0.609042 0.634145 0.378929 0.630484 0.553083 0.625255 0.444302 0.624732 0.562497 0.787380 0.441687 0.796270 0.553083 0.911327 0.453193 0.989774 0.042591 0.023756 0.059747 0.040371 0.108058 0.046018 0.003330 0.023314
0.488225 0.265797 0.505305 0.248717 0.471145 0.251822 0.536877 0.261656 0.455618 0.270455 0.585012 0.372418 0.417317 0.377593 0.615549 0.511128 0.387298 0.513716 0.612443 0.635864 0.381087 0.627582 0.552922 0.624995 0.444749 0.624995 0.558615 0.791654 0.443196 0.797865 0.552405 0.908109 0.456653 0.983675 0.027830 0.025872 0.051095 0.038009 0.076898 0.051747 0.002966 0.013728
0.488986 0.266142 0.505891 0.248724 0.471568 0.251798 0.537141 0.261531 0.455687 0.270240 0.584783 0.372185 0.416754 0.377820 0.613984 0.511014 0.386529 0.514088 0.619619 0.636012 0.382943 0.627303 0.553022 0.624741 0.445442 0.625254 0.556095 0.792259 0.444417 0.800968 0.554558 0.903425 0.459273 0.981292 0.010240 0.028021 0.045662 0.038597 0.051649 0.059399 0.001956 0.007696
0.488269 0.267533 0.504919 0.250379 0.471115 0.253406 0.536201 0.262992 0.455474 0.271569 0.583628 0.372477 0.416625 0.377523 0.611882 0.507694 0.385343 0.511731 0.625000 0.632316 0.382820 0.622729 0.553355 0.624748 0.446393 0.625252 0.554364 0.789228 0.445888 0.799823 0.553860 0.898713 0.461024 0.976412 0.003421 0.028137 0.039968 0.038986 0.032186 0.065658 0.000316 0.002873
0.487339 0.269739 0.503724 0.253850 0.470457 0.257326 0.535501 0.264277 0.455065 0.272718 0.583167 0.372518 0.417826 0.377484 0.610972 0.507572 0.386049 0.509558 0.626861 0.627730 0.383069 0.617799 0.552879 0.624254 0.446128 0.625744 0.552879 0.785127 0.446128 0.798533 0.555362 0.899823 0.462513 0.972315 0.006889 0.029924 0.038114 0.036131 0.022783 0.066399 0.001264 0.000000
0.488231 0.268957 0.504584 0.253100 0.471383 0.256073 0.536298 0.263506 0.456021 0.271930 0.583374 0.372524 0.417865 0.377479 0.612610 0.508300 0.385656 0.509291 0.631936 0.627724 0.382187 0.615336 0.553146 0.624255 0.445615 0.625742 0.550668 0.789268 0.447102 0.798188 0.554137 0.903736 0.463950 0.973111 0.014422 0.027821 0.033261 0.032689 0.016442 0.065879 0.001577 0.007524
0.488782 0.269483 0.505054 0.253211 0.471524 0.256663 0.536612 0.263073 0.456732 0.272441 0.583455 0.372538 0.418271 0.377468 0.614026 0.507150 0.385728 0.506657 0.634735 0.627462 0.382276 0.612177 0.552883 0.624011 0.445391 0.625983 0.549925 0.787715 0.445884 0.801028 0.553376 0.902111 0.466100 0.974101 0.015353 0.036117 0.032756 0.033703 0.016825 0.068142 0.002198 0.006647
0.489957 0.270122 0.506324 0.253259 0.472598 0.257227 0.538065 0.262683 0.457719 0.271610 0.585181 0.372786 0.419034 0.377250 0.616923 0.506200 0.384317 0.506695 0.641225 0.626222 0.380349 0.614319 0.551952 0.624238 0.443832 0.625726 0.546496 0.786418 0.445320 0.804272 0.549968 0.903960 0.469126 0.980834 0.020102 0.040008 0.031119 0.029010 0.010757 0.071678 0.005368 0.013356
0.491240 0.270401 0.507526 0.253622 0.473968 0.257076 0.538616 0.262998 0.458176 0.271881 0.585992 0.372554 0.418696 0.377489 0.618563 0.502838 0.382671 0.503825 0.642250 0.617329 0.382178 0.609926 0.551941 0.623744 0.443371 0.626212 0.545525 0.788079 0.443865 0.806338 0.550460 0.905531 0.472488 0.981036 0.025787 0.050821 0.030468 0.030603 0.013038 0.086941 0.005969 0.013293
0.491117 0.269912 0.507896 0.254120 0.474339 0.256587 0.538985 0.264483 0.458054 0.271392 0.586360 0.372557 0.418575 0.377492 0.620904 0.501357 0.380576 0.501357 0.644098 0.616340 0.381563 0.605976 0.552310 0.623742 0.442755 0.626209 0.543920 0.789060 0.441275 0.809293 0.549349 0.910458 0.473845 0.984481 0.030363 0.061085 0.026749 0.033424 0.020049 0.097751 0.006283 0.013565
0.492167 0.270096 0.509574 0.253186 0.474759 0.256170 0.540410 0.263133 0.457352 0.270096 0.587659 0.373049 0.418558 0.377028 0.625459 0.502362 0.376779 0.500373 0.647342 0.617750 0.378769 0.603824 0.551850 0.623718 0.441933 0.626205 0.542400 0.790830 0.437457 0.807741 0.545384 0.925615 0.474759 0.987784 0.025027 0.072875 0.027187 0.037621 0.030862 0.110075 0.007917 0.010133
0.494309 0.270126 0.511135 0.252805 0.476493 0.255279 0.540828 0.263197 0.458677 0.269631 0.588337 0.372567 0.418096 0.377516 0.626443 0.499258 0.376526 0.495793 0.647228 0.612092 0.380485 0.597245 0.551221 0.623969 0.442346 0.625948 0.542808 0.791240 0.440366 0.806087 0.537859 0.938221 0.476493 0.983751 0.005283 0.067353 0.030662 0.034470 0.035016 0.119998 0.008192 0.012498
0.495827 0.270757 0.512518 0.253085 0.478156 0.255539 0.541971 0.263393 0.459993 0.269284 0.588605 0.372861 0.419740 0.377279 0.627385 0.499018 0.375561 0.491655 0.645057 0.612904 0.383415 0.590323 0.549825 0.623703 0.441830 0.626158 0.540007 0.791586 0.440848 0.805822 0.535589 0.960941 0.478646 0.980086 0.010291 0.069728 0.030230 0.029918 0.045926 0.142617 0.010627 0.016854
0.495158 0.271957 0.512588 0.255495 0.477728 0.257916 0.541154 0.266147 0.459330 0.271957 0.588119 0.373148 0.421081 0.377021 0.628305 0.497095 0.375085 0.492737 0.642830 0.607001 0.381863 0.588119 0.549869 0.623463 0.440931 0.626368 0.534860 0.787596 0.439963 0.804057 0.536313 0.983684 0.481117 0.980779 0.031385 0.074564 0.019239 0.027022 0.057973 0.143013 0.011715 0.027293
0.498170 0.270642 0.514762 0.253562 0.480114 0.255514 0.542578 0.264298 0.460106 0.269178 0.589425 0.373121 0.419115 0.377025 0.629441 0.496096 0.373243 0.488288 0.642617 0.607359 0.380075 0.582471 0.549410 0.623951 0.442050 0.625903 0.535258 0.792798 0.444978 0.803046 0.527450 0.984092 0.485970 0.980188 0.013631 0.067124 0.023740 0.023991 0.062617 0.147524 0.010876 0.031878
0.498067 0.271159 0.514982 0.254243 0.480185 0.255693 0.542047 0.265359 0.459886 0.268742 0.589410 0.373134 0.418806 0.377001 0.630007 0.495892 0.373376 0.489609 0.638706 0.607050 0.381592 0.578053 0.549296 0.623966 0.442488 0.625899 0.531898 0.793120 0.446837 0.802303 0.524165 0.989822 0.490334 0.980156 0.020119 0.068502 0.017852 0.022348 0.076803 0.151545 0.010463 0.040473
0.499399 0.270943 0.516232 0.254110 0.481122 0.255072 0.543166 0.264691 0.460922 0.268057 0.589819 0.373388 0.418598 0.376754 0.630701 0.495070 0.372907 0.489299 0.636953 0.606172 0.382045 0.574428 0.549419 0.623967 0.442165 0.625891 0.531623 0.792303 0.446974 0.802403 0.517675 0.988534 0.482565 0.980358 0.010938 0.054162 0.017358 0.021350 0.085276 0.156796 0.010719 0.042196
0.499283 0.271547 0.516019 0.254332 0.481112 0.255767 0.543276 0.264852 0.461506 0.269156 0.589660 0.373400 0.418948 0.376748 0.631262 0.495338 0.372564 0.489121 0.635566 0.604364 0.382606 0.569935 0.549014 0.624448 0.442379 0.625404 0.527496 0.793247 0.449073 0.800420 0.511716 0.989303 0.483024 0.977827 0.014795 0.048019 0.010732 0.017736 0.092100 0.163958 0.010961 0.052530
0.499642 0.271529 0.517299 0.253872 0.481985 0.255303 0.544501 0.264848 0.461941 0.268666 0.590315 0.373655 0.418991 0.376518 0.628970 0.497256 0.372701 0.487711 0.633742 0.607972 0.383677 0.566453 0.549273 0.624198 0.441421 0.625629 0.523980 0.793135 0.451442 0.807452 0.501551 0.999296 0.494393 0.983070 0.012810 0.058822 0.004379 0.011056 0.082770 0.169655 0.011851 0.064832
0.498201 0.270047 0.515954 0.253733 0.480447 0.255173 0.545703 0.262850 0.461734 0.268128 0.591765 0.374647 0.419510 0.375607 0.629671 0.501320 0.372968 0.490284 0.630631 0.615996 0.381125 0.568494 0.549541 0.624633 0.439183 0.625113 0.522671 0.802646 0.446860 0.807924 0.503479 1.000000 0.486205 1.000000 0.018698 0.050846 0.005574 0.011686 0.089889 0.155801 0.014361 0.061046
0.497878 0.271127 0.515801 0.254619 0.480426 0.256034 0.545515 0.264996 0.462503 0.268769 0.590794 0.374892 0.420525 0.375364 0.626640 0.500354 0.372416 0.487147 0.625697 0.614024 0.380906 0.566386 0.548345 0.626287 0.440335 0.623457 0.522404 0.808347 0.445052 0.803631 0.494576 1.000000 0.482313 0.986634 0.000840 0.055606 0.008195 0.017031 0.091227 0.163342 0.014418 0.053383
0.498359 0.271027 0.516179 0.254613 0.481007 0.256020 0.545724 0.265399 0.463186 0.268682 0.590745 0.374669 0.420979 0.375607 0.625449 0.501290 0.372207 0.487221 0.623104 0.617124 0.380179 0.567414 0.548069 0.626504 0.440207 0.623221 0.521807 0.809870 0.443489 0.805180 0.491324 1.000000 0.479600 0.989953 0.003592 0.055691 0.008153 0.018926 0.091592 0.162675 0.014933 0.051023
0.499305 0.270157 0.517386 0.253930 0.482150 0.255321 0.547058 0.265521 0.464069 0.268766 0.591103 0.374937 0.421879 0.375400 0.623556 0.501970 0.372271 0.486671 0.621238 0.615559 0.380616 0.565487 0.547058 0.626222 0.439960 0.623441 0.521095 0.808891 0.445524 0.806109 0.490032 1.000000 0.479369 0.988314 0.005295 0.048768 0.010290 0.013472 0.086112 0.167072 0.016536 0.054633
0.501255 0.270010 0.519052 0.254038 0.484371 0.255407 0.548257 0.265903 0.466118 0.268641 0.591152 0.375422 0.422766 0.374966 0.621726 0.502738 0.373939 0.485397 0.619901 0.617277 0.381697 0.563886 0.546432 0.625947 0.439650 0.623665 0.519052 0.805741 0.447408 0.807110 0.489390 0.999681 0.480720 0.967738 0.000235 0.051638 0.008124 0.008124 0.080092 0.163873 0.017730 0.061557
0.502271 0.269565 0.520443 0.253665 0.485463 0.255028 0.549517 0.265931 0.466383 0.268202 0.590856 0.375413 0.422772 0.374959 0.621748 0.504429 0.374164 0.486258 0.618568 0.622088 0.382795 0.566212 0.546337 0.626177 0.440035 0.623451 0.517717 0.805619 0.449575 0.805619 0.488643 0.998689 0.485009 0.961892 0.002768 0.054320 0.005584 0.005424 0.083408 0.165300 0.017361 0.066999
0.502916 0.269114 0.520857 0.253415 0.485871 0.254312 0.549564 0.266422 0.467032 0.268216 0.590830 0.376315 0.423075 0.374072 0.620433 0.507289 0.374633 0.485310 0.614602 0.625255 0.381361 0.565599 0.546424 0.625704 0.439671 0.623909 0.515923 0.800186 0.449091 0.806914 0.487217 0.991264 0.483628 0.953587 0.007621 0.057243 0.000997 0.004743 0.086479 0.157347 0.017714 0.071455
0.504054 0.270215 0.521587 0.254874 0.487399 0.255751 0.549639 0.267585 0.468551 0.269339 0.589525 0.376725 0.424282 0.373657 0.617577 0.506027 0.376506 0.484111 0.612317 0.623056 0.383080 0.567390 0.546132 0.624809 0.440061 0.624809 0.514574 0.785670 0.455840 0.811530 0.483015 0.978527 0.493097 0.945215 0.010035 0.059678 0.006547 0.006864 0.082300 0.155024 0.017588 0.088500
0.505096 0.269396 0.522876 0.254217 0.488616 0.254217 0.550197 0.266794 0.469535 0.267661 0.589661 0.376946 0.424867 0.373477 0.616983 0.507047 0.378897 0.484063 0.610478 0.624572 0.384535 0.569929 0.545427 0.624572 0.440045 0.625006 0.511601 0.776790 0.458693 0.808015 0.482545 0.971942 0.492953 0.952861 0.022557 0.041607 0.013337 0.013137 0.083488 0.146269 0.018508 0.101927
0.505577 0.268872 0.523595 0.253857 0.489275 0.253857 0.551052 0.267156 0.470398 0.268014 0.590092 0.377411 0.426211 0.373121 0.615832 0.509116 0.379449 0.485521 0.609397 0.624519 0.383310 0.576471 0.544188 0.624948 0.439510 0.624519 0.510296 0.780678 0.454954 0.806419 0.478979 0.973303 0.488846 0.937266 0.016908 0.053713 0.009846 0.010138 0.079167 0.138998 0.020771 0.095172
0.507058 0.267512 0.525452 0.252113 0.491231 0.252113 0.552828 0.265801 0.471982 0.265801 0.590899 0.378302 0.426639 0.372314 0.616565 0.510908 0.380441 0.486953 0.611004 0.624692 0.382580 0.584483 0.542990 0.625548 0.439472 0.623837 0.510908 0.790663 0.452733 0.805207 0.478826 0.978450 0.495081 0.925407 0.007226 0.084591 0.000165 0.007006 0.076400 0.128917 0.022348 0.084318
0.509499 0.266207 0.527654 0.251430 0.493456 0.251008 0.554675 0.265785 0.473613 0.265785 0.591406 0.378512 0.427171 0.372179 0.616316 0.511083 0.382840 0.489973 0.611250 0.626343 0.382840 0.588345 0.542431 0.625499 0.438992 0.623810 0.511611 0.798178 0.451658 0.812955 0.479523 0.983946 0.493878 0.910906 0.001777 0.108259 0.006088 0.006339 0.073103 0.114575 0.023675 0.077505
0.511034 0.266916 0.529109 0.251784 0.495061 0.251363 0.555591 0.265655 0.474884 0.263974 0.592162 0.378309 0.426964 0.372424 0.616542 0.512400 0.384089 0.495586 0.612338 0.629258 0.381566 0.596050 0.542560 0.624634 0.438314 0.624634 0.512295 0.797397 0.448822 0.821778 0.480769 0.988656 0.494220 0.901644 0.003202 0.147575 0.008049 0.002634 0.068694 0.098645 0.024376 0.072154
0.511159 0.265458 0.529096 0.250858 0.495307 0.250441 0.555794 0.265041 0.474867 0.263790 0.592086 0.378505 0.427312 0.372248 0.615863 0.513662 0.386431 0.497393 0.611274 0.630880 0.381008 0.600846 0.542445 0.625457 0.438158 0.623789 0.511993 0.797740 0.441912 0.811089 0.479873 0.990463 0.494890 0.907867 0.003118 0.153048 0.007455 0.007335 0.067886 0.083832 0.024723 0.062067
