0.598862 0.339463 0.606118 0.328579 0.591606 0.321323 0.591606 0.328579 0.544442 0.306811 0.522675 0.382998 0.504535 0.368487 0.504535 0.528117 0.515419 0.506349 0.562582 0.611560 0.591606 0.597048 0.504535 0.626071 0.468255 0.622443 0.522675 0.821981 0.468255 0.825609 0.529931 1.000000 0.334021 0.988867 0.018225 0.219043 0.053100 0.045167 0.233053 0.197313 0.034713 0.029389
0.602794 0.337549 0.610136 0.326535 0.595452 0.319193 0.591780 0.326535 0.551397 0.304508 0.522027 0.381603 0.511014 0.370590 0.522027 0.524781 0.511014 0.506425 0.577096 0.620232 0.577096 0.609219 0.492658 0.623904 0.474301 0.623904 0.518356 0.833163 0.488986 0.833163 0.522027 1.000000 0.345809 0.983683 0.033212 0.264345 0.077292 0.068114 0.166565 0.181862 0.042193 0.016595
0.604093 0.335496 0.611528 0.324343 0.596658 0.316908 0.589222 0.324343 0.552046 0.302038 0.522306 0.380107 0.514870 0.372672 0.518588 0.525094 0.507435 0.513941 0.563199 0.636622 0.563199 0.632904 0.485130 0.625469 0.477694 0.621751 0.514870 0.837372 0.507435 0.833655 0.507435 1.000000 0.358731 0.982359 0.055749 0.294385 0.092250 0.091546 0.129279 0.156265 0.047510 0.000001
0.603810 0.333721 0.611159 0.319022 0.596460 0.311673 0.578087 0.319022 0.552364 0.300648 0.526641 0.381491 0.504593 0.370467 0.511943 0.517455 0.497244 0.506431 0.556039 0.616671 0.541340 0.616671 0.493569 0.624021 0.475196 0.624021 0.508268 0.829803 0.522967 0.822453 0.486220 1.000000 0.375979 0.965766 0.057286 0.329228 0.065838 0.111941 0.167404 0.138308 0.039874 0.052501
0.598911 0.329239 0.606376 0.314309 0.591446 0.310576 0.576516 0.314309 0.546656 0.299379 0.527994 0.381494 0.501866 0.370296 0.513064 0.519596 0.486936 0.515863 0.554121 0.601710 0.513064 0.650233 0.498134 0.624105 0.472006 0.624105 0.498134 0.836857 0.524261 0.825659 0.468274 1.000000 0.389892 0.982424 0.045167 0.306310 0.038981 0.118024 0.181862 0.093664 0.038110 0.080747
0.600838 0.328481 0.604608 0.313403 0.589529 0.309633 0.574450 0.313403 0.544293 0.298324 0.525445 0.381256 0.499058 0.369947 0.510366 0.524503 0.476440 0.505654 0.563141 0.603665 0.495288 0.637592 0.499058 0.622513 0.476440 0.626283 0.487749 0.837383 0.540524 0.826074 0.461361 1.000000 0.416125 1.000000 0.022158 0.293654 0.017940 0.126813 0.220550 0.097736 0.031248 0.115537
0.595218 0.329706 0.598881 0.315057 0.587894 0.311395 0.569583 0.315057 0.543947 0.300408 0.521973 0.380977 0.500000 0.369990 0.510987 0.520142 0.463378 0.498169 0.569583 0.593387 0.467040 0.615361 0.492676 0.622685 0.485351 0.626347 0.478027 0.824108 0.554934 0.813122 0.445066 1.000000 0.445066 0.992572 0.030433 0.288387 0.015286 0.131685 0.239854 0.098530 0.028014 0.136625
0.597164 0.327671 0.600831 0.313005 0.586164 0.309338 0.567832 0.313005 0.542166 0.298339 0.520166 0.379003 0.498167 0.371670 0.512833 0.518333 0.454168 0.489000 0.575165 0.591664 0.435835 0.602664 0.487167 0.624663 0.494500 0.624663 0.468834 0.822658 0.556832 0.815325 0.424835 1.000000 0.476167 1.000000 0.038989 0.223723 0.013114 0.105189 0.240985 0.063298 0.023363 0.129966
0.597753 0.328247 0.601407 0.313630 0.586790 0.309976 0.579481 0.317284 0.542938 0.302667 0.524667 0.383062 0.502741 0.368445 0.502741 0.525580 0.444272 0.481728 0.572173 0.591358 0.433309 0.602321 0.480815 0.624247 0.491778 0.624247 0.451580 0.821579 0.557555 0.810616 0.407729 1.000000 0.521012 1.000000 0.021561 0.162347 0.010432 0.121634 0.307191 0.122806 0.034966 0.154817
0.600507 0.328867 0.607750 0.318002 0.593263 0.310758 0.586019 0.318002 0.549801 0.303514 0.524448 0.383195 0.506338 0.368708 0.502716 0.524448 0.441145 0.477363 0.578775 0.589641 0.430279 0.596885 0.473742 0.625860 0.495473 0.622238 0.444767 0.817818 0.560666 0.810574 0.390439 1.000000 0.560666 1.000000 0.037064 0.106075 0.017882 0.119708 0.323027 0.143163 0.039298 0.153762
0.600774 0.329044 0.604373 0.314647 0.593576 0.311048 0.568383 0.318247 0.546788 0.303850 0.525194 0.383030 0.503599 0.368634 0.507198 0.516196 0.438816 0.476606 0.575581 0.584578 0.420820 0.595376 0.478406 0.624168 0.492802 0.624168 0.431617 0.814919 0.550387 0.814919 0.374032 1.000000 0.582779 1.000000 0.015127 0.043476 0.015561 0.106766 0.292756 0.124156 0.036741 0.169889
0.603573 0.335863 0.607084 0.321819 0.596551 0.314797 0.568464 0.321819 0.550909 0.304264 0.526332 0.381505 0.508777 0.370972 0.508777 0.514922 0.442069 0.476301 0.571975 0.581630 0.424514 0.588652 0.473668 0.623761 0.491223 0.623761 0.428025 0.802820 0.540376 0.809842 0.361317 0.992411 0.607084 0.999433 0.028246 0.025487 0.011308 0.104274 0.283043 0.130371 0.044851 0.161650
0.606028 0.333384 0.613156 0.319128 0.598900 0.315564 0.570389 0.319128 0.556133 0.301308 0.527621 0.379716 0.506237 0.372588 0.509801 0.518711 0.442085 0.479507 0.577517 0.586427 0.420701 0.597118 0.474161 0.622066 0.491981 0.625630 0.424265 0.803829 0.545441 0.814521 0.345858 0.992720 0.602464 1.000000 0.039961 0.002319 0.016170 0.105706 0.290588 0.114772 0.043242 0.173070
0.600811 0.331690 0.604317 0.314157 0.590291 0.310651 0.558733 0.314157 0.548214 0.300132 0.523669 0.377274 0.499123 0.373767 0.509643 0.521039 0.439514 0.492987 0.576266 0.591168 0.418475 0.601687 0.485098 0.622726 0.492110 0.626233 0.418475 0.798049 0.537694 0.808569 0.327307 0.973373 0.583278 1.000000 0.037042 0.004097 0.065979 0.086819 0.272797 0.086728 0.029060 0.193572
0.595805 0.320030 0.602968 0.305704 0.588642 0.302123 0.581479 0.305704 0.545664 0.291378 0.527757 0.380915 0.495523 0.370171 0.509849 0.531338 0.445382 0.499105 0.581479 0.606549 0.420312 0.624457 0.488360 0.624457 0.488360 0.624457 0.423893 0.807113 0.538501 0.807113 0.316448 0.986188 0.567153 1.000000 0.064021 0.041649 0.056951 0.094243 0.279954 0.055225 0.029683 0.193279
0.594297 0.318523 0.601414 0.304289 0.587180 0.300731 0.572947 0.304289 0.540921 0.293614 0.526688 0.379015 0.494662 0.371898 0.512454 0.532025 0.455520 0.503558 0.569388 0.613868 0.430612 0.617427 0.491104 0.624543 0.487546 0.624543 0.441287 0.806021 0.530246 0.809579 0.316743 0.973265 0.551597 1.000000 0.118468 0.039381 0.039466 0.081156 0.222995 0.023433 0.027217 0.157471
0.597048 0.312253 0.600676 0.297742 0.586164 0.297742 0.571652 0.297742 0.542628 0.290486 0.531745 0.377557 0.495465 0.373929 0.520861 0.529931 0.473697 0.519047 0.568024 0.624257 0.484581 0.646025 0.491837 0.624257 0.480953 0.624257 0.462813 0.820167 0.524489 0.820167 0.324951 0.972541 0.539001 1.000000 0.187281 0.048057 0.004230 0.088037 0.170281 0.074610 0.034713 0.116421
0.599845 0.310295 0.599845 0.295772 0.588953 0.292141 0.559907 0.295772 0.541753 0.292141 0.527230 0.375648 0.498185 0.375648 0.523600 0.531769 0.487292 0.520877 0.570799 0.633429 0.516338 0.647952 0.498185 0.622537 0.476400 0.626168 0.487292 0.822227 0.512708 0.825858 0.334802 0.960195 0.530861 1.000000 0.248557 0.029399 0.019932 0.084859 0.145761 0.095356 0.032415 0.074594
0.599580 0.308149 0.599580 0.289877 0.588617 0.289877 0.552074 0.293531 0.541111 0.293531 0.526494 0.373926 0.500914 0.377581 0.515531 0.516444 0.500914 0.523753 0.552074 0.640691 0.548420 0.644345 0.497259 0.622419 0.475333 0.626074 0.504568 0.823407 0.504568 0.827061 0.351087 0.962270 0.511877 1.000000 0.277472 0.034813 0.048847 0.078629 0.115490 0.119452 0.034966 0.034407
0.589925 0.304709 0.589925 0.290176 0.579025 0.286543 0.560858 0.293809 0.535425 0.290176 0.524525 0.373742 0.499092 0.377376 0.524525 0.522708 0.513625 0.526342 0.564491 0.638974 0.568125 0.646241 0.499092 0.624441 0.477292 0.624441 0.520892 0.820640 0.495458 0.824273 0.375559 0.951439 0.484558 1.000000 0.301961 0.045308 0.067405 0.056872 0.105391 0.104843 0.030114 0.006365
0.584952 0.295929 0.584952 0.281155 0.573872 0.281155 0.540629 0.288542 0.529549 0.284849 0.525855 0.373495 0.492613 0.377188 0.522161 0.521238 0.518468 0.524932 0.584952 0.632046 0.596033 0.635739 0.511081 0.624658 0.470451 0.624658 0.548017 0.816725 0.477838 0.827806 0.400273 0.960775 0.470451 1.000000 0.314504 0.022933 0.079178 0.039999 0.172060 0.139254 0.023535 0.048905
0.584413 0.294473 0.584413 0.279792 0.569732 0.279792 0.551382 0.287133 0.525691 0.283463 0.525691 0.375216 0.488990 0.375216 0.536701 0.522021 0.518351 0.522021 0.610104 0.621114 0.613774 0.613774 0.514681 0.624784 0.470639 0.624784 0.555052 0.811961 0.474309 0.826641 0.422927 0.962436 0.459629 1.000000 0.296979 0.027705 0.081653 0.029150 0.179109 0.193408 0.018703 0.061832
0.578908 0.290803 0.578908 0.279792 0.567897 0.276122 0.545877 0.287133 0.523856 0.283463 0.527526 0.375216 0.487155 0.375216 0.534866 0.514681 0.523856 0.518351 0.611939 0.610104 0.626619 0.606434 0.516516 0.624784 0.468804 0.624784 0.560557 0.808291 0.461464 0.826641 0.472474 0.991797 0.432103 1.000000 0.217426 0.032815 0.089010 0.011793 0.199526 0.194541 0.018703 0.086546
0.581030 0.291508 0.581030 0.276941 0.570104 0.276941 0.544612 0.287866 0.526403 0.287866 0.522761 0.375269 0.493627 0.375269 0.544612 0.513657 0.537328 0.510015 0.632015 0.601060 0.635656 0.597418 0.515478 0.622910 0.468134 0.626552 0.562821 0.804999 0.453567 0.819567 0.511836 1.000000 0.420791 1.000000 0.160307 0.024207 0.090327 0.008204 0.200152 0.168874 0.020881 0.104946
0.579502 0.292212 0.579502 0.281370 0.568661 0.277757 0.543365 0.288598 0.525296 0.288598 0.525296 0.375327 0.492773 0.375327 0.550592 0.512648 0.539751 0.505421 0.637321 0.592150 0.637321 0.588536 0.514455 0.624673 0.467477 0.624673 0.557819 0.805359 0.442181 0.819814 0.550592 1.000000 0.402430 1.000000 0.086340 0.018627 0.088807 0.008851 0.205845 0.165104 0.023026 0.116010
0.582064 0.294389 0.582064 0.279960 0.571243 0.279960 0.542385 0.290781 0.527956 0.290781 0.524349 0.377355 0.499098 0.373747 0.556814 0.510822 0.553206 0.507214 0.643387 0.586573 0.646994 0.586573 0.509920 0.622645 0.466633 0.626253 0.556814 0.810221 0.434168 0.817435 0.589279 1.000000 0.387274 1.000000 0.027256 0.016643 0.096682 0.012840 0.195238 0.153865 0.029897 0.131521
0.584350 0.295928 0.584350 0.281416 0.573466 0.281416 0.540814 0.292300 0.529931 0.292300 0.522675 0.375743 0.504535 0.375743 0.548070 0.506349 0.558954 0.502721 0.624257 0.586164 0.649653 0.586164 0.508163 0.622443 0.464627 0.626071 0.555326 0.814725 0.424720 0.818353 0.606118 1.000000 0.370301 1.000000 0.001418 0.015417 0.095267 0.014818 0.181468 0.134374 0.034713 0.141704
0.584114 0.295200 0.584114 0.280571 0.573143 0.280571 0.547543 0.291543 0.529257 0.287886 0.525600 0.375657 0.500000 0.375657 0.554857 0.507314 0.558514 0.500000 0.631657 0.587771 0.646286 0.584114 0.510971 0.624343 0.463429 0.624343 0.554857 0.818172 0.423200 0.818172 0.598743 1.000000 0.353714 1.000000 0.004826 0.037277 0.089578 0.018663 0.172994 0.116765 0.032652 0.136015
0.580944 0.293548 0.580944 0.278996 0.570030 0.278996 0.544565 0.289910 0.526375 0.286272 0.522737 0.377220 0.497272 0.373582 0.555478 0.504547 0.551840 0.497272 0.631875 0.584582 0.631875 0.580944 0.511823 0.624599 0.468168 0.624599 0.548203 0.817409 0.420875 0.817409 0.584582 1.000000 0.337203 1.000000 0.003110 0.049512 0.073395 0.039823 0.162483 0.110672 0.025503 0.135925
0.577825 0.295483 0.577825 0.281004 0.566966 0.281004 0.541627 0.291863 0.523529 0.288244 0.516289 0.375118 0.494570 0.375118 0.538008 0.512669 0.538008 0.501810 0.617642 0.599544 0.624882 0.595924 0.516289 0.624882 0.472852 0.624882 0.541627 0.816730 0.433034 0.820350 0.563346 1.000000 0.324441 1.000000 0.008416 0.102599 0.041799 0.036356 0.186321 0.132138 0.013831 0.105765
0.578392 0.293082 0.578392 0.282143 0.567454 0.278497 0.541931 0.293082 0.523700 0.289435 0.512761 0.376943 0.498177 0.373297 0.509115 0.522788 0.523700 0.511850 0.567454 0.613942 0.607561 0.595711 0.512761 0.624880 0.476300 0.624880 0.530992 0.825418 0.450777 0.825418 0.545577 1.000000 0.323162 1.000000 0.006558 0.157136 0.028858 0.012686 0.189174 0.192014 0.013931 0.069154
0.579276 0.291331 0.575631 0.280396 0.564697 0.276751 0.539182 0.291331 0.524603 0.287686 0.517313 0.375163 0.495444 0.375163 0.520958 0.528248 0.524603 0.520958 0.571986 0.630304 0.597501 0.623015 0.510023 0.623015 0.477219 0.626660 0.524603 0.827128 0.473575 0.827128 0.531893 1.000000 0.327779 0.991148 0.011726 0.225511 0.032057 0.017239 0.140006 0.134599 0.016250 0.028485
0.580665 0.294672 0.580665 0.283672 0.569665 0.280006 0.543999 0.291005 0.529333 0.287339 0.518333 0.375337 0.500000 0.375337 0.521999 0.521999 0.514666 0.525666 0.573331 0.631997 0.576998 0.635663 0.500000 0.624663 0.481667 0.624663 0.514666 0.833658 0.492667 0.833658 0.518333 1.000000 0.338671 0.983988 0.016717 0.270573 0.045664 0.040101 0.131027 0.133148 0.023363 0.005563
0.580447 0.290097 0.580447 0.279001 0.565653 0.275302 0.547159 0.290097 0.524966 0.286398 0.521268 0.375168 0.491678 0.375168 0.524966 0.523117 0.491678 0.523117 0.573050 0.622983 0.554556 0.637778 0.506473 0.622983 0.480582 0.626682 0.513870 0.833811 0.513870 0.833811 0.499075 1.000000 0.354825 0.970664 0.033465 0.324552 0.030145 0.064757 0.134877 0.159666 0.016490 0.039559
0.575712 0.292933 0.575712 0.278338 0.564766 0.278338 0.542873 0.289284 0.520980 0.285635 0.517332 0.376854 0.488142 0.373206 0.528278 0.526453 0.480844 0.522805 0.590307 0.610375 0.528278 0.643214 0.510034 0.624970 0.484493 0.624970 0.513683 0.829301 0.531927 0.822003 0.480844 1.000000 0.375030 0.957007 0.057313 0.349028 0.015043 0.079812 0.179357 0.134967 0.006969 0.069516
0.579630 0.289815 0.579630 0.275000 0.568519 0.275000 0.531482 0.282407 0.524074 0.282407 0.516667 0.375000 0.483333 0.375000 0.524074 0.523148 0.468519 0.519444 0.601852 0.597222 0.505556 0.649074 0.512963 0.623148 0.487037 0.626852 0.494444 0.834259 0.553704 0.819444 0.475926 1.000000 0.401852 0.967593 0.000123 0.360005 0.023100 0.101394 0.241860 0.121119 0.000005 0.133926
0.575728 0.289239 0.575728 0.278291 0.564779 0.278291 0.539233 0.285590 0.520985 0.285590 0.517335 0.376828 0.480840 0.373179 0.542882 0.515511 0.455293 0.515511 0.626821 0.595800 0.462592 0.643244 0.502737 0.624997 0.499088 0.624997 0.499088 0.814773 0.568429 0.811123 0.440695 1.000000 0.440695 0.989950 0.090646 0.310947 0.012582 0.090490 0.199086 0.074700 0.002323 0.119636
0.576642 0.289234 0.576642 0.278285 0.565693 0.274635 0.536496 0.285584 0.521898 0.285584 0.518248 0.376825 0.481752 0.373175 0.551095 0.515511 0.445255 0.504562 0.642336 0.592153 0.437956 0.625000 0.500000 0.625000 0.500000 0.625000 0.478102 0.818431 0.572993 0.807482 0.445255 1.000000 0.474453 1.000000 0.014841 0.266379 0.012520 0.098093 0.203584 0.066977 0.000005 0.157001
0.572464 0.288043 0.572464 0.273551 0.561594 0.273551 0.532609 0.284420 0.521739 0.284420 0.521739 0.378623 0.478261 0.371377 0.561594 0.512681 0.438406 0.505435 0.652174 0.585145 0.434783 0.632246 0.500000 0.625000 0.500000 0.625000 0.467391 0.817029 0.576087 0.802536 0.427536 1.000000 0.518116 1.000000 0.008197 0.214560 0.025528 0.101664 0.193240 0.082892 0.000005 0.182423
0.575508 0.285161 0.575508 0.270778 0.564721 0.270778 0.535956 0.281565 0.525169 0.281565 0.525169 0.378647 0.482022 0.371456 0.571913 0.508090 0.435279 0.500899 0.665399 0.572812 0.424492 0.626746 0.496404 0.623150 0.496404 0.626746 0.460448 0.810123 0.575508 0.802932 0.410109 1.000000 0.568317 1.000000 0.017504 0.144935 0.023198 0.116414 0.196942 0.083090 0.009157 0.194804
0.577825 0.281004 0.577825 0.266525 0.566966 0.266525 0.534388 0.281004 0.527148 0.281004 0.530768 0.378738 0.480091 0.371498 0.577825 0.505430 0.429415 0.501810 0.671939 0.570585 0.414935 0.628502 0.494570 0.624882 0.494570 0.624882 0.451133 0.809490 0.570585 0.809490 0.389597 1.000000 0.603163 1.000000 0.020257 0.077707 0.027081 0.106165 0.194047 0.081837 0.013831 0.197893
0.579006 0.280040 0.575415 0.269267 0.564641 0.269267 0.535912 0.280040 0.525138 0.280040 0.532321 0.377002 0.482044 0.373411 0.579006 0.502693 0.424585 0.499102 0.668785 0.567335 0.406629 0.628385 0.492818 0.624793 0.492818 0.624793 0.446132 0.804352 0.557459 0.811535 0.374309 1.000000 0.622100 1.000000 0.028220 0.011818 0.030646 0.092441 0.188165 0.092556 0.018300 0.187043
0.578703 0.279269 0.578703 0.264795 0.567848 0.264795 0.538899 0.279269 0.524425 0.279269 0.531662 0.376970 0.481003 0.373351 0.578703 0.503619 0.423106 0.503619 0.669167 0.568752 0.401395 0.630267 0.495477 0.623030 0.491858 0.626649 0.437580 0.807576 0.560610 0.814813 0.357972 1.000000 0.611270 1.000000 0.026380 0.037349 0.050289 0.097875 0.188165 0.079083 0.016133 0.208275
0.578703 0.277460 0.578703 0.262986 0.567848 0.262986 0.542518 0.273842 0.524425 0.277460 0.531662 0.375161 0.481003 0.375161 0.575085 0.501809 0.430343 0.509046 0.661929 0.574180 0.405013 0.632077 0.495477 0.624839 0.491858 0.624839 0.437580 0.805766 0.560610 0.809385 0.343498 0.997549 0.600414 1.000000 0.046591 0.055800 0.052769 0.099685 0.173721 0.050511 0.016133 0.212097
0.577944 0.282998 0.577944 0.268826 0.567315 0.268826 0.542515 0.275912 0.524800 0.279455 0.528343 0.375113 0.482286 0.375113 0.563772 0.502657 0.436228 0.509743 0.645259 0.580601 0.414971 0.630201 0.496457 0.623116 0.492914 0.626658 0.439771 0.803803 0.553143 0.803803 0.333484 0.980948 0.577944 1.000000 0.075254 0.067353 0.056064 0.090881 0.170827 0.049323 0.013537 0.201089
0.573565 0.282851 0.573565 0.268669 0.562929 0.268669 0.541657 0.275760 0.520385 0.275760 0.527476 0.371483 0.477842 0.378574 0.552293 0.506204 0.442389 0.516840 0.630290 0.598382 0.428208 0.637380 0.502659 0.623199 0.492023 0.626744 0.453025 0.807554 0.541657 0.807554 0.332485 0.970638 0.555838 1.000000 0.118893 0.064089 0.052432 0.067109 0.165549 0.042620 0.006771 0.168992
0.570491 0.285851 0.570491 0.268005 0.559783 0.268005 0.520523 0.278713 0.516953 0.278713 0.516953 0.367941 0.474124 0.382218 0.534799 0.500000 0.445570 0.528553 0.588337 0.582090 0.449140 0.657043 0.513384 0.621351 0.495539 0.628489 0.474124 0.814085 0.524092 0.817655 0.334927 0.960421 0.531230 1.000000 0.178078 0.036715 0.059483 0.020077 0.141196 0.070178 0.011364 0.111653
0.572305 0.287549 0.568734 0.269696 0.561593 0.273266 0.515175 0.276837 0.515175 0.280408 0.518746 0.369673 0.475898 0.380385 0.536599 0.512497 0.458045 0.526780 0.586587 0.616045 0.483040 0.648180 0.515175 0.623186 0.490181 0.626757 0.497322 0.815999 0.515175 0.819569 0.347356 0.951682 0.518746 1.000000 0.236513 0.035546 0.024906 0.022602 0.103579 0.103259 0.006819 0.070423
0.579984 0.287008 0.576389 0.269034 0.569200 0.269034 0.522467 0.276224 0.522467 0.279819 0.522467 0.369689 0.486520 0.380473 0.529657 0.520670 0.479330 0.527860 0.572795 0.624919 0.518873 0.653678 0.511683 0.621324 0.479330 0.628514 0.518873 0.815443 0.511683 0.819038 0.371486 0.948451 0.504493 1.000000 0.278093 0.064514 0.025417 0.062766 0.109740 0.112444 0.011445 0.041758
0.576437 0.285078 0.572840 0.270689 0.565646 0.270689 0.515287 0.277883 0.522481 0.281480 0.518884 0.371406 0.482914 0.378600 0.518884 0.515287 0.493705 0.526078 0.554855 0.637586 0.544064 0.644780 0.515287 0.623198 0.482914 0.626795 0.551258 0.810244 0.497302 0.821035 0.396585 0.946931 0.486511 1.000000 0.330099 0.039985 0.065022 0.023536 0.091053 0.104466 0.002291 0.036940
