0.498094 0.308407 0.509532 0.293156 0.482842 0.293156 0.536222 0.289343 0.463778 0.293156 0.578162 0.373224 0.433276 0.377037 0.604852 0.502860 0.410399 0.506672 0.547660 0.514298 0.452340 0.521924 0.540034 0.624869 0.448527 0.624869 0.528596 0.834573 0.452340 0.834573 0.509532 1.000000 0.456153 1.000000 0.015023 0.000322 0.030520 0.013777 0.501798 0.444583 0.014569 0.023132
0.495232 0.308346 0.510489 0.289276 0.479976 0.293090 0.533373 0.285462 0.460906 0.293090 0.575327 0.373184 0.434208 0.376998 0.602025 0.499047 0.411324 0.506675 0.544815 0.514303 0.453278 0.518117 0.541001 0.624909 0.449464 0.624909 0.529559 0.830866 0.453278 0.834680 0.510489 1.000000 0.457092 1.000000 0.014703 0.000460 0.025474 0.013777 0.483582 0.470849 0.012143 0.023453
0.496126 0.303389 0.507748 0.287893 0.480629 0.291767 0.530993 0.284019 0.457385 0.287893 0.577482 0.373123 0.430266 0.376997 0.604601 0.500969 0.407021 0.508717 0.546489 0.516465 0.453511 0.520339 0.542615 0.624940 0.449637 0.624940 0.530993 0.834142 0.453511 0.838016 0.511622 1.000000 0.461259 1.000000 0.015373 0.006689 0.026130 0.019031 0.483582 0.477621 0.009867 0.023453
0.493166 0.304741 0.504882 0.289120 0.477545 0.289120 0.532218 0.285215 0.458019 0.289120 0.575175 0.371129 0.430683 0.378940 0.606416 0.500000 0.407252 0.511716 0.543933 0.515621 0.450209 0.519526 0.543933 0.624966 0.450209 0.624966 0.532218 0.835845 0.458019 0.839750 0.512692 1.000000 0.465830 1.000000 0.016070 0.000670 0.021315 0.013640 0.497726 0.498351 0.007460 0.029236
0.490081 0.303596 0.505952 0.283757 0.474210 0.287725 0.529758 0.279790 0.454371 0.287725 0.577371 0.371048 0.426597 0.378983 0.605145 0.498016 0.406758 0.513887 0.541661 0.517855 0.450403 0.521823 0.545629 0.624984 0.450403 0.624984 0.529758 0.831307 0.462306 0.843211 0.513887 1.000000 0.470242 1.000000 0.002024 0.005109 0.015146 0.013363 0.472139 0.489228 0.005052 0.041782
0.491142 0.304140 0.502953 0.288392 0.475394 0.288392 0.526574 0.280519 0.451773 0.288392 0.573817 0.371067 0.428152 0.378941 0.605312 0.497047 0.404531 0.516732 0.542322 0.516732 0.451773 0.524606 0.546258 0.623028 0.451773 0.626965 0.530511 0.827746 0.463584 0.839556 0.514763 1.000000 0.471458 1.000000 0.003170 0.005190 0.010240 0.012559 0.481568 0.501474 0.002506 0.042103
0.490079 0.303571 0.501984 0.287698 0.474206 0.287698 0.525794 0.279762 0.454365 0.287698 0.573413 0.371032 0.426587 0.378968 0.605159 0.498016 0.406746 0.517857 0.541667 0.517857 0.446429 0.525794 0.545635 0.625000 0.454365 0.625000 0.533730 0.831349 0.466270 0.839286 0.517857 1.000000 0.474206 1.000000 0.009877 0.005661 0.016334 0.018121 0.481568 0.482334 0.000006 0.036010
0.487205 0.304140 0.502953 0.288392 0.471458 0.288392 0.526574 0.284455 0.451773 0.288392 0.573817 0.371067 0.428152 0.378941 0.605312 0.500984 0.404531 0.516732 0.542322 0.520669 0.451773 0.528542 0.546258 0.623028 0.451773 0.626965 0.530511 0.827746 0.467521 0.839556 0.518700 1.000000 0.475394 1.000000 0.003246 0.011299 0.010240 0.006688 0.479294 0.476063 0.002506 0.047973
0.489088 0.305562 0.500992 0.289689 0.473215 0.289689 0.524801 0.285721 0.449406 0.289689 0.572418 0.369052 0.425598 0.380956 0.604163 0.500000 0.405757 0.519841 0.548610 0.519841 0.449406 0.531745 0.548610 0.623012 0.453374 0.626980 0.532737 0.829355 0.469247 0.845227 0.520833 1.000000 0.477183 1.000000 0.002767 0.010873 0.005316 0.012677 0.466518 0.460417 0.002526 0.047546
0.488190 0.304158 0.503937 0.288412 0.472444 0.292349 0.527556 0.284476 0.452762 0.288412 0.570857 0.371079 0.425206 0.378952 0.602350 0.497048 0.405524 0.516730 0.547238 0.516730 0.448825 0.528540 0.547238 0.623016 0.456698 0.626953 0.539365 0.831652 0.472444 0.843461 0.523619 0.989113 0.480317 1.000000 0.019720 0.010633 0.017748 0.017096 0.468791 0.460417 0.005012 0.035115
0.489174 0.306108 0.500984 0.290361 0.473426 0.290361 0.528542 0.286424 0.449805 0.290361 0.571848 0.369099 0.426183 0.380909 0.603343 0.499016 0.402562 0.518700 0.544290 0.518700 0.449805 0.530511 0.548227 0.624996 0.453742 0.624996 0.540353 0.829714 0.473426 0.845462 0.532479 0.979316 0.481300 1.000000 0.004503 0.015869 0.017063 0.007441 0.473289 0.476063 0.002506 0.040582
0.491213 0.306694 0.502929 0.291073 0.475593 0.291073 0.526360 0.287168 0.452162 0.287168 0.569317 0.369177 0.424825 0.380892 0.600558 0.498047 0.405299 0.517573 0.545886 0.517573 0.456067 0.525384 0.549791 0.623013 0.456067 0.626918 0.545886 0.829988 0.471687 0.845608 0.534170 0.958858 0.483403 1.000000 0.022853 0.003232 0.018432 0.017507 0.466518 0.496577 0.007460 0.028703
0.487208 0.302221 0.502952 0.286477 0.471465 0.286477 0.526567 0.282541 0.451785 0.286477 0.569862 0.369131 0.424234 0.380939 0.597414 0.499016 0.400618 0.518696 0.546247 0.514760 0.451785 0.522631 0.550183 0.624965 0.455721 0.624965 0.546247 0.837504 0.471465 0.849312 0.538375 0.959517 0.483272 1.000000 0.014614 0.002836 0.018543 0.018546 0.471519 0.529605 0.007518 0.028195
0.488378 0.305326 0.503874 0.289830 0.472881 0.289830 0.527119 0.285956 0.453511 0.289830 0.569734 0.371186 0.422518 0.378934 0.596853 0.499031 0.403147 0.514528 0.546489 0.514528 0.453511 0.522276 0.550363 0.623003 0.457385 0.626877 0.546489 0.832205 0.469007 0.843827 0.534867 0.952302 0.484504 1.000000 0.024815 0.009428 0.018543 0.027435 0.471519 0.496577 0.009867 0.022930
0.492252 0.307263 0.503874 0.291767 0.472881 0.291767 0.527119 0.287893 0.453511 0.291767 0.569734 0.369249 0.422518 0.380871 0.596853 0.500969 0.403147 0.516465 0.542615 0.512591 0.449637 0.524213 0.550363 0.624940 0.457385 0.624940 0.546489 0.830268 0.469007 0.841890 0.534867 0.958113 0.484504 1.000000 0.022853 0.009428 0.018063 0.028131 0.497438 0.492599 0.009867 0.023041
0.493222 0.309252 0.504841 0.289886 0.473857 0.293760 0.528080 0.286013 0.454492 0.289886 0.566810 0.371221 0.423507 0.378967 0.593922 0.499032 0.400269 0.518397 0.543572 0.514524 0.450618 0.526143 0.551318 0.622970 0.458365 0.626843 0.547445 0.828242 0.469984 0.839861 0.535826 0.975418 0.485476 1.000000 0.019072 0.008582 0.013559 0.027125 0.471519 0.503979 0.012331 0.023350
0.493325 0.306439 0.504768 0.291183 0.478069 0.291183 0.527652 0.287369 0.455185 0.291183 0.565792 0.371277 0.424673 0.378905 0.592490 0.497139 0.401789 0.512396 0.539094 0.512396 0.451371 0.520024 0.550536 0.623002 0.458999 0.626816 0.542908 0.825145 0.470441 0.836587 0.535280 0.981520 0.485697 1.000000 0.003509 0.008065 0.007262 0.026450 0.477949 0.505452 0.012143 0.029351
0.495230 0.306349 0.510493 0.291085 0.479967 0.291085 0.529572 0.287270 0.457072 0.287270 0.567730 0.371217 0.426546 0.378849 0.594441 0.497138 0.403651 0.512401 0.544836 0.508586 0.453257 0.520033 0.548651 0.623059 0.457072 0.626875 0.544836 0.825296 0.472335 0.836744 0.537204 1.000000 0.487599 1.000000 0.007251 0.002817 0.018063 0.015872 0.494342 0.505452 0.007288 0.029114
0.496214 0.308800 0.511358 0.293655 0.481069 0.293655 0.530289 0.289869 0.458352 0.289869 0.568151 0.373164 0.424277 0.376950 0.594653 0.498107 0.401560 0.513251 0.545434 0.509465 0.454566 0.520824 0.549220 0.623050 0.458352 0.626836 0.545434 0.827501 0.473497 0.835073 0.537861 1.000000 0.488642 1.000000 0.006344 0.002301 0.018174 0.020031 0.494342 0.507401 0.009643 0.029003
0.499046 0.308256 0.510493 0.292993 0.479967 0.292993 0.533388 0.289177 0.457072 0.289177 0.567730 0.373125 0.426546 0.376941 0.590625 0.499046 0.399835 0.514309 0.544836 0.510493 0.453257 0.521941 0.548651 0.624967 0.457072 0.624967 0.544836 0.834836 0.468520 0.838652 0.537204 1.000000 0.487599 1.000000 0.006450 0.014690 0.018282 0.021944 0.479270 0.515964 0.007288 0.022823
0.499053 0.308762 0.510414 0.293614 0.483906 0.293614 0.533135 0.289827 0.461184 0.289827 0.567217 0.373139 0.427102 0.376926 0.589939 0.498107 0.400594 0.513254 0.540709 0.513254 0.449824 0.520828 0.548283 0.623074 0.457397 0.626861 0.540709 0.831354 0.468758 0.835141 0.536922 1.000000 0.487693 1.000000 0.005675 0.013762 0.012499 0.021050 0.462234 0.512541 0.007233 0.028915
0.499046 0.310164 0.514309 0.294901 0.483783 0.294901 0.533388 0.291085 0.460888 0.287270 0.567730 0.371217 0.426546 0.378849 0.590625 0.500954 0.399835 0.512401 0.541020 0.512401 0.453257 0.523849 0.548651 0.623059 0.457072 0.626875 0.541020 0.832928 0.472335 0.832928 0.533388 1.000000 0.487599 1.000000 0.000223 0.001382 0.012499 0.015445 0.483408 0.495640 0.007288 0.035105
0.498106 0.308734 0.513256 0.293584 0.482956 0.293584 0.535981 0.289797 0.460232 0.289797 0.570068 0.373121 0.426145 0.376908 0.592792 0.498106 0.399633 0.513256 0.539768 0.513256 0.448869 0.520831 0.547343 0.623092 0.456444 0.626879 0.539768 0.831401 0.467807 0.835189 0.524618 1.000000 0.490531 1.000000 0.012867 0.020670 0.017288 0.021050 0.468664 0.512541 0.004823 0.028915
0.500954 0.308212 0.516221 0.292945 0.485687 0.292945 0.535304 0.289128 0.462787 0.289128 0.569654 0.373095 0.428437 0.376912 0.592555 0.499046 0.401720 0.510496 0.527671 0.514313 0.451337 0.518129 0.546754 0.624996 0.455154 0.624996 0.539121 0.831097 0.466604 0.831097 0.523854 1.000000 0.489504 1.000000 0.012653 0.020350 0.017074 0.016483 0.483691 0.514243 0.002429 0.029450
0.499038 0.309621 0.514423 0.294237 0.487500 0.294237 0.537499 0.290391 0.464424 0.290391 0.572113 0.375004 0.425964 0.375004 0.591343 0.501923 0.399041 0.509615 0.525961 0.517307 0.452886 0.521153 0.545191 0.624996 0.456732 0.624996 0.533653 0.836529 0.468270 0.832682 0.522115 1.000000 0.483654 1.000000 0.001000 0.008262 0.016803 0.021315 0.474306 0.495640 0.002448 0.035011
0.501908 0.312045 0.517174 0.296779 0.486643 0.292963 0.540072 0.292963 0.463745 0.289147 0.574419 0.373106 0.429398 0.376923 0.589684 0.502862 0.398867 0.510495 0.536255 0.518128 0.448479 0.521944 0.543888 0.624985 0.452296 0.624985 0.532439 0.831068 0.467561 0.827252 0.520990 1.000000 0.486643 1.000000 0.000347 0.007748 0.020730 0.005322 0.448691 0.499335 0.004858 0.041644
0.503875 0.307194 0.519378 0.291692 0.488373 0.291692 0.538755 0.287816 0.465120 0.287816 0.577510 0.373077 0.426365 0.376953 0.593012 0.504844 0.395361 0.508720 0.534880 0.520346 0.445743 0.524222 0.546506 0.624985 0.449618 0.624985 0.531004 0.834262 0.461245 0.830387 0.519378 1.000000 0.480622 1.000000 0.005871 0.015737 0.015445 0.011756 0.454325 0.478543 0.004935 0.041534
0.505859 0.304711 0.521482 0.289088 0.490236 0.289088 0.541011 0.289088 0.466801 0.285182 0.576163 0.375015 0.427743 0.375015 0.591786 0.503906 0.392591 0.507812 0.541011 0.519529 0.447272 0.523435 0.544916 0.624985 0.451178 0.624985 0.529293 0.835896 0.462895 0.831991 0.517576 1.000000 0.478518 1.000000 0.005871 0.009611 0.016048 0.011756 0.443381 0.493784 0.004973 0.041534
0.507809 0.306735 0.523426 0.295022 0.492191 0.291118 0.542948 0.291118 0.468765 0.283309 0.578087 0.377013 0.429722 0.373109 0.589800 0.505857 0.394583 0.509761 0.542948 0.525378 0.445339 0.525378 0.542948 0.626891 0.449244 0.622987 0.531235 0.837726 0.460957 0.833821 0.515617 1.000000 0.476574 1.000000 0.005871 0.011192 0.026805 0.007153 0.403192 0.485100 0.009944 0.035332
0.511713 0.310639 0.527330 0.298926 0.496096 0.295022 0.546852 0.295022 0.472670 0.287213 0.578087 0.377013 0.429722 0.373109 0.593704 0.509761 0.394583 0.509761 0.546852 0.525378 0.445339 0.529283 0.542948 0.626891 0.449244 0.622987 0.531235 0.841630 0.464861 0.833821 0.515617 1.000000 0.476574 1.000000 0.006632 0.001866 0.027125 0.001279 0.434860 0.463240 0.009944 0.040881
0.512686 0.310691 0.528299 0.295078 0.497073 0.291175 0.547815 0.291175 0.473653 0.283368 0.579041 0.377047 0.430717 0.373144 0.590751 0.505855 0.391684 0.505855 0.540009 0.525371 0.442427 0.529275 0.540009 0.626856 0.450233 0.622953 0.528299 0.837633 0.461943 0.829827 0.512686 1.000000 0.473653 0.997667 0.006314 0.004172 0.031672 0.006819 0.411983 0.453413 0.012428 0.035664
0.516852 0.307691 0.528747 0.291831 0.500991 0.291831 0.552538 0.287865 0.477200 0.283900 0.580294 0.375098 0.429619 0.375098 0.592189 0.509913 0.393933 0.505948 0.540643 0.525773 0.445479 0.525773 0.540643 0.624902 0.449445 0.624902 0.528747 0.846949 0.461340 0.839019 0.508922 1.000000 0.473235 0.997624 0.013476 0.006164 0.033071 0.007544 0.432998 0.467876 0.012625 0.034702
0.515740 0.306198 0.531480 0.290458 0.500000 0.290458 0.551156 0.290458 0.476390 0.286523 0.578701 0.377029 0.429169 0.373094 0.594441 0.506886 0.393753 0.506886 0.547221 0.522627 0.448844 0.522627 0.543286 0.624938 0.448844 0.624938 0.527545 0.845301 0.460649 0.837431 0.511805 1.000000 0.472455 0.986963 0.002216 0.007412 0.022469 0.007153 0.435979 0.493784 0.010022 0.040364
0.515740 0.306198 0.531480 0.290458 0.500000 0.290458 0.551156 0.290458 0.476390 0.286523 0.578701 0.377029 0.429169 0.373094 0.594441 0.506886 0.397689 0.506886 0.551156 0.522627 0.448844 0.522627 0.543286 0.624938 0.448844 0.624938 0.527545 0.845301 0.460649 0.837431 0.507870 1.000000 0.472455 0.971223 0.008409 0.010348 0.022469 0.007153 0.427378 0.478543 0.010022 0.040364
0.514869 0.305708 0.530730 0.289848 0.499009 0.289848 0.550555 0.289848 0.475218 0.285883 0.582277 0.377081 0.427636 0.373116 0.594172 0.507930 0.395915 0.503965 0.550555 0.523791 0.447462 0.523791 0.542625 0.622919 0.447462 0.626884 0.530730 0.844967 0.459357 0.841001 0.510904 1.000000 0.471253 0.971851 0.014072 0.011192 0.033866 0.007153 0.417841 0.458830 0.012625 0.034702
0.509679 0.311251 0.525167 0.295763 0.498064 0.295763 0.548397 0.291892 0.474833 0.288020 0.579372 0.377071 0.432244 0.373199 0.594859 0.508712 0.397398 0.504840 0.548397 0.520327 0.447731 0.520327 0.540654 0.624865 0.447731 0.624865 0.529038 0.841685 0.459346 0.837813 0.509679 1.000000 0.470962 0.965582 0.014690 0.011512 0.032301 0.002219 0.459298 0.487354 0.014795 0.034381
0.508782 0.312643 0.524395 0.297030 0.493169 0.297030 0.547815 0.293127 0.473653 0.289223 0.579041 0.375095 0.430717 0.375095 0.594654 0.507807 0.399491 0.507807 0.543912 0.519516 0.442427 0.519516 0.540009 0.624905 0.450233 0.624905 0.528299 0.839585 0.458040 0.835681 0.508782 1.000000 0.465846 0.972296 0.013168 0.006385 0.031992 0.013034 0.465085 0.488808 0.012428 0.029129
0.507748 0.313074 0.523245 0.297578 0.492252 0.297578 0.546489 0.293704 0.469007 0.289830 0.577482 0.375060 0.430266 0.375060 0.596853 0.506780 0.399273 0.506780 0.546489 0.518402 0.449637 0.522276 0.542615 0.626877 0.449637 0.623003 0.527119 0.839953 0.457385 0.832205 0.503874 1.000000 0.465133 0.991043 0.014167 0.003731 0.020686 0.013034 0.474285 0.478543 0.009867 0.034893
0.507809 0.308687 0.519522 0.293070 0.492191 0.293070 0.542948 0.289165 0.468765 0.289165 0.578087 0.375061 0.429722 0.375061 0.597609 0.507809 0.402391 0.507809 0.542948 0.519522 0.453148 0.523426 0.542948 0.624939 0.449244 0.624939 0.527330 0.843582 0.457052 0.835774 0.503904 1.000000 0.464861 1.000000 0.014578 0.002674 0.021773 0.013034 0.479284 0.469616 0.009944 0.034482
0.503874 0.309200 0.519371 0.293704 0.488378 0.293704 0.542615 0.289830 0.469007 0.289830 0.577482 0.375060 0.430266 0.375060 0.600727 0.502906 0.403147 0.506780 0.546489 0.518402 0.453511 0.522276 0.542615 0.626877 0.449637 0.623003 0.527119 0.839953 0.453511 0.832205 0.507748 1.000000 0.461259 1.000000 0.007998 0.007643 0.020686 0.018924 0.468664 0.469616 0.009867 0.029003
0.503874 0.311137 0.519371 0.291767 0.488378 0.295641 0.542615 0.291767 0.469007 0.291767 0.577482 0.373123 0.430266 0.376997 0.600727 0.504843 0.407021 0.508717 0.546489 0.520339 0.457385 0.520339 0.542615 0.624940 0.449637 0.624940 0.527119 0.841890 0.453511 0.834142 0.507748 1.000000 0.457385 1.000000 0.009028 0.000469 0.021097 0.018924 0.467014 0.483408 0.009867 0.028592
0.503844 0.311628 0.515377 0.292406 0.488467 0.296250 0.538443 0.292406 0.465401 0.292406 0.576887 0.373137 0.430802 0.376981 0.599953 0.503844 0.407736 0.507689 0.546132 0.519222 0.457712 0.519222 0.542288 0.626863 0.450024 0.623019 0.526910 0.842146 0.453868 0.838301 0.507689 1.000000 0.453868 1.000000 0.009028 0.005684 0.020442 0.019134 0.467014 0.483408 0.009791 0.028381
0.500000 0.311628 0.515377 0.296250 0.484623 0.296250 0.538443 0.292406 0.465401 0.292406 0.576887 0.373137 0.430802 0.376981 0.603797 0.503844 0.407736 0.507689 0.549976 0.519222 0.461557 0.523066 0.542288 0.626863 0.450024 0.623019 0.530755 0.838301 0.453868 0.838301 0.507689 1.000000 0.453868 1.000000 0.019931 0.005682 0.025794 0.019134 0.476046 0.467014 0.009791 0.023029
0.499031 0.307223 0.510656 0.291723 0.483532 0.291723 0.537780 0.287848 0.464157 0.291723 0.576530 0.373096 0.429283 0.376971 0.603654 0.500969 0.406033 0.504844 0.549405 0.516468 0.456407 0.520343 0.541655 0.624966 0.452532 0.624966 0.530031 0.841962 0.456407 0.838087 0.506781 1.000000 0.456407 1.000000 0.020980 0.005787 0.026759 0.023968 0.477949 0.462234 0.007401 0.022823
0.494187 0.311069 0.509689 0.295567 0.478685 0.295567 0.532942 0.287816 0.459307 0.291692 0.575572 0.373077 0.428303 0.376953 0.602701 0.504844 0.405050 0.508720 0.548444 0.516471 0.451556 0.524222 0.544568 0.624985 0.451556 0.624985 0.529066 0.842013 0.451556 0.842013 0.505813 1.000000 0.455432 1.000000 0.016086 0.006120 0.016282 0.029754 0.497438 0.453184 0.004935 0.022698
0.495119 0.306694 0.506834 0.291073 0.479498 0.294978 0.534170 0.287168 0.459972 0.291073 0.577127 0.373082 0.428731 0.376987 0.604464 0.501953 0.405299 0.509763 0.545886 0.517573 0.456067 0.521478 0.541981 0.626918 0.452162 0.623013 0.530265 0.841703 0.452162 0.841703 0.506834 1.000000 0.459972 1.000000 0.022238 0.012237 0.026450 0.030224 0.483582 0.483408 0.007460 0.017345
0.490311 0.307194 0.505813 0.291692 0.478685 0.291692 0.529066 0.287816 0.459307 0.291692 0.575572 0.373077 0.428303 0.376953 0.602701 0.497093 0.405050 0.508720 0.544568 0.516471 0.459307 0.520346 0.544568 0.624985 0.451556 0.624985 0.529066 0.834262 0.455432 0.838138 0.505813 1.000000 0.459307 1.000000 0.016881 0.000460 0.015445 0.023968 0.466134 0.488407 0.004935 0.029322
0.494141 0.308617 0.505859 0.292994 0.478518 0.292994 0.533199 0.285182 0.458989 0.289088 0.576163 0.371109 0.427743 0.378921 0.607409 0.500000 0.408214 0.511717 0.544916 0.519529 0.458989 0.523435 0.544916 0.624985 0.451178 0.624985 0.529293 0.835896 0.458989 0.835896 0.509764 1.000000 0.466801 1.000000 0.010929 0.000459 0.015445 0.018440 0.479294 0.474285 0.004973 0.035319
0.489088 0.307546 0.504960 0.287705 0.473215 0.291673 0.528769 0.283737 0.453374 0.291673 0.576386 0.371036 0.425598 0.378972 0.604163 0.498016 0.405757 0.513888 0.544641 0.517857 0.453374 0.525793 0.544641 0.624996 0.453374 0.624996 0.532737 0.823403 0.461311 0.839275 0.508928 1.000000 0.469247 1.000000 0.019708 0.000228 0.020508 0.024003 0.466134 0.468498 0.002526 0.030860
0.490079 0.307540 0.501984 0.291667 0.474206 0.291667 0.525794 0.287698 0.454365 0.291667 0.573413 0.371032 0.426587 0.378968 0.605159 0.501984 0.402778 0.517857 0.541667 0.521825 0.450397 0.529762 0.545635 0.625000 0.454365 0.625000 0.533730 0.823413 0.466270 0.835317 0.513889 1.000000 0.470238 1.000000 0.013293 0.011994 0.015602 0.017788 0.479294 0.476063 0.000006 0.037074
