0.495703 0.275042 0.514610 0.261290 0.479373 0.258712 0.539534 0.276760 0.452731 0.270744 0.576490 0.370439 0.410618 0.379893 0.622041 0.490761 0.372803 0.512247 0.629775 0.500215 0.363349 0.634288 0.563599 0.622255 0.449293 0.627412 0.548988 0.830240 0.465622 0.833678 0.562739 1.000000 0.478514 1.000000 0.043082 0.004595 0.006042 0.024190 0.103079 0.063977 0.016421 0.047471
0.498284 0.273851 0.516307 0.260119 0.481119 0.258402 0.541196 0.274709 0.453654 0.269560 0.578101 0.370833 0.410742 0.379416 0.628738 0.494421 0.372979 0.513303 0.625305 0.500429 0.360105 0.637749 0.562652 0.623159 0.448505 0.626592 0.546346 0.829997 0.464812 0.830856 0.558361 1.000000 0.475111 1.000000 0.042850 0.008837 0.005579 0.022900 0.289027 0.054695 0.014210 0.050401
0.499144 0.272422 0.517111 0.258733 0.482033 0.257022 0.541922 0.272422 0.456367 0.268144 0.578711 0.371666 0.411878 0.378511 0.626622 0.500000 0.371666 0.512833 0.624911 0.501711 0.355411 0.636889 0.561600 0.623200 0.447811 0.626622 0.543633 0.830245 0.464067 0.831101 0.553045 1.000000 0.472622 1.000000 0.041330 0.011114 0.005932 0.020530 0.363735 0.051114 0.011986 0.052805
0.499570 0.270603 0.517629 0.256844 0.482371 0.255124 0.542568 0.271463 0.454852 0.267163 0.580407 0.371220 0.410133 0.378959 0.625985 0.498495 0.371435 0.516554 0.624265 0.505375 0.349935 0.643830 0.563208 0.623191 0.446252 0.626630 0.543428 0.833023 0.466031 0.832163 0.548588 1.000000 0.467751 1.000000 0.037289 0.027758 0.008222 0.015557 0.187439 0.034004 0.012047 0.060455
0.499785 0.271656 0.517813 0.257062 0.482617 0.255346 0.541849 0.270797 0.455147 0.266505 0.580478 0.371235 0.409650 0.378960 0.624259 0.505151 0.370161 0.518027 0.624259 0.502575 0.347842 0.648510 0.563310 0.622756 0.446562 0.627049 0.542707 0.833932 0.465448 0.833073 0.544424 1.000000 0.464590 1.000000 0.033424 0.030512 0.009262 0.017919 0.899423 0.034141 0.012573 0.060054
0.500854 0.271346 0.518788 0.255975 0.482920 0.255121 0.543553 0.269638 0.454739 0.267076 0.581128 0.371262 0.408624 0.378948 0.618704 0.505337 0.370195 0.519001 0.628097 0.507045 0.346283 0.649660 0.564049 0.623187 0.446199 0.626603 0.543553 0.833267 0.464987 0.832413 0.541845 1.000000 0.459009 1.000000 0.028508 0.038965 0.009408 0.018953 0.355774 0.027628 0.013052 0.059934
0.501067 0.270509 0.519000 0.255992 0.483135 0.253430 0.543763 0.269655 0.454956 0.265385 0.581336 0.372125 0.407990 0.378103 0.617201 0.507899 0.369563 0.516438 0.629156 0.507899 0.345654 0.646234 0.564258 0.623178 0.446416 0.626594 0.542910 0.834951 0.461787 0.837512 0.538640 1.000000 0.454102 1.000000 0.025835 0.036661 0.010359 0.025681 0.417796 0.028259 0.013595 0.055135
0.499156 0.274323 0.517717 0.259981 0.481440 0.258294 0.541339 0.273480 0.453599 0.269261 0.578460 0.370499 0.409729 0.379780 0.621486 0.491142 0.370078 0.515608 0.629922 0.508858 0.344768 0.644686 0.564117 0.622751 0.447694 0.626970 0.539652 0.835351 0.456974 0.842944 0.532902 1.000000 0.450225 0.999864 0.026526 0.027351 0.018392 0.034839 0.032416 0.028779 0.015044 0.050139
0.497272 0.273168 0.515738 0.258900 0.479646 0.257221 0.539239 0.273168 0.451108 0.269811 0.578688 0.368853 0.409141 0.381443 0.637442 0.489718 0.370532 0.515738 0.608904 0.495593 0.343673 0.644157 0.565259 0.622334 0.446912 0.627370 0.535882 0.832169 0.450269 0.843920 0.526649 1.000000 0.446912 0.982411 0.030553 0.012650 0.027427 0.043573 0.579396 0.023482 0.015502 0.049210
0.494815 0.274348 0.513066 0.260245 0.477393 0.258586 0.537125 0.275178 0.450016 0.271859 0.578605 0.368923 0.409366 0.381367 0.638336 0.487556 0.372034 0.514103 0.608471 0.495022 0.342168 0.641032 0.564502 0.622781 0.447528 0.626929 0.533806 0.830182 0.447528 0.840137 0.520533 1.000000 0.443380 0.968726 0.026667 0.010265 0.029105 0.049075 0.570494 0.013712 0.015322 0.046770
0.493581 0.274928 0.511802 0.261677 0.476188 0.259192 0.535821 0.275757 0.448857 0.271616 0.578889 0.367690 0.409102 0.382598 0.638521 0.489440 0.372660 0.516772 0.607877 0.496066 0.341187 0.644319 0.564809 0.622785 0.447200 0.626926 0.532508 0.828186 0.445544 0.838953 0.517600 1.000000 0.440574 0.971470 0.026952 0.009444 0.032099 0.051725 0.577194 0.007412 0.015297 0.047163
0.489889 0.276533 0.508047 0.261676 0.472557 0.260851 0.532808 0.274882 0.446145 0.274057 0.579029 0.368148 0.408178 0.382179 0.638455 0.491127 0.371862 0.518364 0.603789 0.497730 0.341324 0.645470 0.564997 0.623186 0.447796 0.626487 0.529507 0.832002 0.447796 0.836129 0.512999 1.000000 0.437066 0.984695 0.028178 0.022949 0.036094 0.051172 0.583370 0.007898 0.016296 0.053588
0.487557 0.275196 0.504977 0.259435 0.470137 0.259435 0.530693 0.271048 0.444421 0.272707 0.579635 0.368933 0.407922 0.381376 0.638532 0.491705 0.372252 0.518250 0.599544 0.498341 0.341559 0.645998 0.564704 0.623601 0.447739 0.626089 0.529863 0.834303 0.452716 0.830155 0.511613 1.000000 0.437785 1.000000 0.024333 0.034106 0.033520 0.043581 0.588714 0.006094 0.015850 0.059924
0.486150 0.275507 0.502687 0.258970 0.467132 0.260623 0.529974 0.269719 0.442326 0.274680 0.579585 0.367289 0.408425 0.382999 0.638293 0.492145 0.374524 0.521085 0.596123 0.498760 0.343930 0.647595 0.563875 0.624443 0.448114 0.625270 0.529147 0.836119 0.459690 0.828678 0.509302 1.000000 0.442326 1.000000 0.021297 0.045649 0.032339 0.033591 0.590377 0.001108 0.015271 0.069857
0.484702 0.275076 0.502067 0.258537 0.466509 0.261018 0.528529 0.269288 0.441702 0.275076 0.578972 0.366865 0.409452 0.383403 0.641818 0.490077 0.376374 0.520673 0.596337 0.500000 0.345778 0.645539 0.563260 0.624039 0.448317 0.625693 0.531010 0.835732 0.468163 0.827463 0.507029 1.000000 0.451625 1.000000 0.011937 0.055008 0.028700 0.019420 0.581759 0.001227 0.014746 0.079331
0.484234 0.275541 0.500830 0.258116 0.465149 0.260605 0.529043 0.268073 0.441915 0.274712 0.579660 0.365989 0.409553 0.384244 0.646043 0.492117 0.375531 0.523649 0.594596 0.498755 0.344829 0.648118 0.563064 0.624054 0.447723 0.625713 0.529872 0.837310 0.475106 0.828182 0.505809 1.000000 0.462659 1.000000 0.012388 0.059949 0.028706 0.007114 0.613368 0.000789 0.013739 0.091939
0.483870 0.274185 0.499586 0.257642 0.464846 0.260123 0.527710 0.267568 0.440858 0.275839 0.580648 0.366000 0.409426 0.384197 0.645994 0.490074 0.376339 0.520679 0.594710 0.495864 0.344907 0.647235 0.562451 0.624074 0.447475 0.625729 0.529364 0.837482 0.477253 0.828383 0.507031 1.000000 0.473117 1.000000 0.014304 0.052248 0.026553 0.003295 0.618515 0.001783 0.012641 0.095400
0.483870 0.274185 0.499586 0.257642 0.464846 0.260123 0.527710 0.267568 0.440858 0.275839 0.580648 0.366000 0.409426 0.384197 0.645994 0.490074 0.376339 0.520679 0.593883 0.495864 0.344907 0.647235 0.562451 0.624074 0.447475 0.625729 0.529364 0.837482 0.477253 0.828383 0.507031 1.000000 0.473117 1.000000 0.014304 0.052269 0.026553 0.003295 0.619078 0.001783 0.012641 0.095400
0.484334 0.274076 0.500000 0.257585 0.465369 0.260059 0.528034 0.266655 0.441458 0.274901 0.580805 0.365600 0.410125 0.384564 0.645943 0.490106 0.377144 0.522263 0.594822 0.494228 0.345811 0.646768 0.561840 0.623681 0.447229 0.626155 0.529683 0.833114 0.481860 0.825693 0.505772 1.000000 0.481036 1.000000 0.010218 0.055891 0.025147 0.006190 0.627816 0.003642 0.011551 0.103195
0.483796 0.275406 0.500205 0.258998 0.464926 0.261459 0.528100 0.268843 0.441134 0.275406 0.580608 0.364834 0.409957 0.385344 0.645422 0.489539 0.377140 0.522357 0.594555 0.494462 0.345964 0.647063 0.561738 0.623270 0.447697 0.626552 0.527279 0.830840 0.483796 0.823456 0.500205 1.000000 0.490360 1.000000 0.008325 0.047887 0.029164 0.008313 0.621861 0.003146 0.012016 0.110080
0.484363 0.277623 0.499797 0.261376 0.465679 0.263001 0.526604 0.271124 0.442121 0.277623 0.578594 0.365355 0.411252 0.384851 0.642768 0.489643 0.377946 0.520512 0.594028 0.494517 0.347078 0.646424 0.560722 0.623678 0.449432 0.626115 0.526604 0.830012 0.486800 0.820264 0.498985 1.000000 0.494923 1.000000 0.005645 0.048288 0.030176 0.010567 0.619992 0.000170 0.012932 0.112687
0.483635 0.277753 0.499798 0.260781 0.465047 0.263206 0.526468 0.269671 0.442418 0.276944 0.577383 0.365035 0.410899 0.385240 0.639612 0.489494 0.377764 0.521012 0.593546 0.492726 0.347862 0.647087 0.561219 0.623650 0.450499 0.626075 0.525659 0.828118 0.487675 0.823269 0.500606 1.000000 0.496565 1.000000 0.011607 0.046108 0.034941 0.007438 0.625283 0.002066 0.014926 0.114123
0.485617 0.277656 0.501598 0.261674 0.468037 0.263273 0.527169 0.271263 0.444064 0.276857 0.575913 0.364756 0.412101 0.385532 0.638241 0.491010 0.379339 0.522174 0.594291 0.491010 0.350572 0.648429 0.560730 0.622859 0.451256 0.626854 0.527169 0.825026 0.488014 0.823428 0.503995 0.997627 0.496804 1.000000 0.009882 0.045784 0.033662 0.007642 0.645968 0.003598 0.015267 0.111206
0.487776 0.278164 0.503807 0.262132 0.469340 0.263735 0.528656 0.270950 0.444491 0.277362 0.575949 0.364734 0.411626 0.385575 0.637671 0.493788 0.378762 0.525851 0.596790 0.491383 0.351508 0.654103 0.561521 0.622842 0.450903 0.626849 0.531863 0.829648 0.488578 0.828847 0.507014 0.985154 0.499800 1.000000 0.005098 0.042324 0.027565 0.007324 0.660702 0.006604 0.015826 0.104033
0.490151 0.277086 0.505427 0.261005 0.470854 0.262614 0.529548 0.270654 0.444322 0.277086 0.575377 0.363920 0.411357 0.386432 0.638894 0.495779 0.377588 0.527940 0.599497 0.489347 0.351056 0.655779 0.562512 0.622814 0.450754 0.626834 0.536784 0.835075 0.486935 0.830251 0.510251 0.986230 0.500603 1.000000 0.016914 0.036378 0.022592 0.004325 0.694406 0.009427 0.016899 0.094426
0.491042 0.275834 0.506515 0.259546 0.471496 0.261175 0.530133 0.270947 0.443806 0.275020 0.577369 0.362161 0.408786 0.388222 0.641707 0.496539 0.372952 0.533187 0.605873 0.485137 0.346077 0.659421 0.564338 0.622772 0.449507 0.626844 0.543978 0.845106 0.482083 0.838591 0.517103 0.995771 0.500000 1.000000 0.027120 0.023362 0.013166 0.005211 0.740193 0.010365 0.017637 0.077658
0.493334 0.276979 0.508686 0.260819 0.473941 0.262435 0.531312 0.271323 0.444851 0.275363 0.578986 0.363440 0.408489 0.386874 0.641206 0.496768 0.370511 0.528282 0.608884 0.478991 0.343845 0.655145 0.564442 0.622823 0.448083 0.626863 0.551513 0.843419 0.478789 0.839379 0.524039 0.993716 0.500606 1.000000 0.038916 0.014636 0.000805 0.006373 0.799043 0.017572 0.015954 0.064310
0.500000 0.279407 0.513563 0.263450 0.480853 0.264248 0.532710 0.273024 0.449738 0.275418 0.578185 0.363176 0.409848 0.387110 0.640414 0.494814 0.369958 0.525929 0.610895 0.474071 0.343630 0.652780 0.563825 0.622463 0.448143 0.627250 0.558240 0.845849 0.479257 0.837073 0.528721 0.972700 0.502393 1.000000 0.064821 0.013051 0.009655 0.003477 0.835540 0.023929 0.015243 0.054816
0.505186 0.279407 0.518748 0.263450 0.485241 0.264248 0.536300 0.273822 0.451733 0.277013 0.577786 0.363974 0.410247 0.386313 0.640015 0.497208 0.369559 0.525131 0.612890 0.472476 0.341635 0.652780 0.564223 0.622463 0.447744 0.627250 0.565819 0.848243 0.478858 0.837073 0.539491 0.968711 0.503590 1.000000 0.070737 0.010339 0.018936 0.002285 0.874406 0.022205 0.015243 0.044611
0.510789 0.279621 0.524376 0.264436 0.490809 0.264436 0.541159 0.275625 0.455644 0.277223 0.577123 0.365135 0.411689 0.385115 0.637862 0.501798 0.369331 0.524975 0.616283 0.471429 0.341359 0.652847 0.564335 0.622477 0.446853 0.627272 0.573127 0.843056 0.477223 0.838261 0.545954 0.978920 0.501998 1.000000 0.075513 0.008436 0.028483 0.000394 0.936487 0.025057 0.014251 0.032825
0.516677 0.279829 0.528589 0.264740 0.496823 0.264740 0.542089 0.275064 0.458705 0.276652 0.576236 0.366388 0.412646 0.383859 0.632619 0.504566 0.371352 0.524419 0.616737 0.472801 0.342763 0.649891 0.563530 0.622097 0.447588 0.627656 0.573854 0.836511 0.476970 0.836511 0.552412 0.988983 0.501588 1.000000 0.059785 0.007696 0.031118 0.000820 0.975737 0.019647 0.014160 0.029175
0.522165 0.280525 0.533248 0.264693 0.502375 0.264693 0.544330 0.275775 0.461211 0.275775 0.575995 0.367603 0.412922 0.382643 0.628241 0.507718 0.372550 0.519592 0.615576 0.469721 0.347218 0.643876 0.562537 0.621711 0.448545 0.628044 0.572037 0.828322 0.479418 0.836238 0.556996 1.000000 0.500000 1.000000 0.041089 0.015962 0.031466 0.000985 0.988807 0.027250 0.014115 0.032236
0.526633 0.280576 0.537763 0.265471 0.507553 0.263881 0.547303 0.277396 0.463032 0.272626 0.575129 0.368823 0.411356 0.381543 0.628395 0.508745 0.371605 0.519080 0.617265 0.469789 0.350140 0.645488 0.563999 0.621637 0.449517 0.627997 0.567974 0.828341 0.480522 0.837086 0.560819 1.000000 0.500398 1.000000 0.017092 0.018003 0.020125 0.002039 0.972802 0.036015 0.017217 0.040740
0.530513 0.281484 0.540750 0.267310 0.510827 0.264948 0.550200 0.279122 0.465943 0.274397 0.574610 0.370465 0.411609 0.379915 0.629731 0.509056 0.373025 0.517717 0.618707 0.466534 0.357276 0.642921 0.563586 0.621660 0.450194 0.627960 0.562011 0.830333 0.481692 0.838207 0.562011 1.000000 0.502953 1.000000 0.002399 0.016294 0.011558 0.001784 0.960252 0.047072 0.017554 0.049737
0.533415 0.282309 0.543696 0.268073 0.514434 0.264910 0.551605 0.280727 0.467771 0.272028 0.574541 0.370888 0.410037 0.379588 0.630694 0.509293 0.371284 0.517202 0.621994 0.465794 0.359420 0.643743 0.564259 0.621598 0.451163 0.627925 0.557141 0.833555 0.481217 0.841464 0.560305 1.000000 0.501779 1.000000 0.015168 0.014172 0.002359 0.007732 0.940149 0.057622 0.019649 0.055192
0.537109 0.284056 0.547374 0.270633 0.518949 0.266685 0.553690 0.282476 0.469997 0.273002 0.574219 0.370907 0.409990 0.379592 0.633436 0.508290 0.372091 0.516976 0.624750 0.464075 0.361827 0.644095 0.564744 0.621197 0.451047 0.628303 0.550532 0.832799 0.480261 0.837537 0.559217 1.000000 0.502369 1.000000 0.033541 0.011386 0.009303 0.007919 0.932196 0.060032 0.020120 0.065505
0.540312 0.282115 0.550793 0.267602 0.522575 0.263571 0.555630 0.280502 0.471782 0.270021 0.577399 0.369994 0.407283 0.380475 0.637060 0.511086 0.368583 0.520761 0.630610 0.463518 0.358909 0.648952 0.566111 0.621540 0.449207 0.627990 0.549180 0.842449 0.479844 0.844868 0.558049 1.000000 0.503225 1.000000 0.036802 0.010104 0.010075 0.008739 0.915558 0.061701 0.019516 0.069018
0.540413 0.284136 0.550664 0.270731 0.523853 0.266000 0.554607 0.282559 0.474175 0.269942 0.576686 0.370876 0.408726 0.379550 0.635827 0.507294 0.370087 0.515968 0.628730 0.459981 0.358259 0.642135 0.564858 0.621633 0.449730 0.627941 0.545933 0.835328 0.481272 0.835328 0.551452 1.000000 0.504140 1.000000 0.036306 0.012551 0.013113 0.004034 0.917182 0.058101 0.018585 0.076161
0.541392 0.284210 0.551593 0.271655 0.524914 0.266163 0.556301 0.283426 0.474694 0.269301 0.575919 0.371311 0.408780 0.379158 0.637125 0.507847 0.370330 0.516478 0.631632 0.458411 0.356206 0.642814 0.564933 0.622412 0.450368 0.627120 0.542962 0.836632 0.480187 0.835847 0.545316 1.000000 0.501373 1.000000 0.035993 0.011058 0.018616 0.007728 0.901081 0.051461 0.019495 0.077701
0.540680 0.283299 0.550068 0.270000 0.522687 0.266089 0.554762 0.280170 0.472619 0.270782 0.577449 0.370918 0.407687 0.379524 0.637687 0.508605 0.369354 0.517211 0.633775 0.456190 0.351361 0.646292 0.564932 0.622823 0.449932 0.626735 0.540680 0.840306 0.478095 0.833265 0.538333 1.000000 0.496088 1.000000 0.031889 0.013821 0.019546 0.010734 0.892436 0.042345 0.018937 0.078489
0.539663 0.282335 0.548951 0.267630 0.521863 0.264534 0.553594 0.278465 0.473106 0.269178 0.577586 0.372109 0.408097 0.378301 0.635630 0.507546 0.370175 0.516059 0.634082 0.458789 0.349279 0.646852 0.565203 0.622860 0.449115 0.626730 0.536568 0.835688 0.475428 0.827949 0.532698 1.000000 0.490906 1.000000 0.036948 0.015035 0.026865 0.010696 0.881221 0.035079 0.018240 0.083962
0.539459 0.279571 0.549567 0.265576 0.521576 0.261688 0.553455 0.276461 0.471815 0.266353 0.579113 0.372097 0.406502 0.378317 0.637428 0.509719 0.369959 0.519049 0.636650 0.463068 0.346633 0.651229 0.565895 0.623238 0.448489 0.626348 0.537127 0.839390 0.474147 0.833170 0.528574 1.000000 0.488143 1.000000 0.029923 0.015657 0.025380 0.014088 0.877728 0.025269 0.018325 0.081406
0.539459 0.279571 0.549567 0.265576 0.521576 0.261688 0.553455 0.276461 0.471815 0.266353 0.579113 0.372097 0.406502 0.378317 0.637428 0.509719 0.369959 0.519049 0.636650 0.463068 0.346633 0.651229 0.565895 0.623238 0.448489 0.626348 0.537127 0.839390 0.474147 0.833170 0.528574 1.000000 0.488143 1.000000 0.029923 0.015657 0.025380 0.014088 0.877728 0.025269 0.018325 0.081406
0.539589 0.276896 0.548950 0.262854 0.520867 0.259734 0.553631 0.273776 0.470942 0.265975 0.580154 0.372066 0.406195 0.378307 0.640220 0.511701 0.368751 0.521842 0.635540 0.460996 0.344568 0.656017 0.566112 0.623253 0.447539 0.626374 0.537249 0.840897 0.470942 0.836996 0.527108 1.000000 0.482643 1.000000 0.027758 0.014583 0.024193 0.017345 0.899989 0.024467 0.017390 0.077192
0.538226 0.278329 0.548214 0.263730 0.519785 0.261425 0.554361 0.275255 0.470610 0.268340 0.580485 0.371300 0.407605 0.378984 0.640417 0.509604 0.369956 0.521898 0.631197 0.458125 0.346136 0.655592 0.565118 0.622553 0.446791 0.627163 0.535921 0.836925 0.468305 0.840767 0.524395 1.000000 0.479062 1.000000 0.026696 0.010662 0.023645 0.017896 0.926253 0.025872 0.015170 0.075041
0.535223 0.282071 0.545017 0.267756 0.517140 0.265496 0.551798 0.278304 0.471181 0.272277 0.580428 0.370222 0.408647 0.380017 0.639949 0.506593 0.371729 0.521661 0.627894 0.459127 0.347619 0.653511 0.564606 0.621867 0.446318 0.627894 0.535976 0.832827 0.462140 0.845635 0.522414 1.000000 0.476455 0.983512 0.023205 0.009841 0.022950 0.024919 0.948169 0.023589 0.013914 0.066026
0.532761 0.284154 0.542495 0.269926 0.514789 0.266931 0.549984 0.280409 0.469111 0.273670 0.580685 0.370267 0.407708 0.380002 0.641339 0.505803 0.371765 0.520780 0.625614 0.457130 0.346305 0.653320 0.565709 0.621870 0.445898 0.627860 0.535756 0.832287 0.456381 0.849510 0.521528 1.000000 0.472855 0.973814 0.023967 0.026897 0.026084 0.033618 0.965529 0.019163 0.014783 0.060053
0.529970 0.285582 0.540331 0.271522 0.512210 0.268562 0.548471 0.281882 0.468550 0.275222 0.579551 0.369943 0.409349 0.380303 0.640972 0.503145 0.373088 0.518685 0.623212 0.457264 0.346448 0.648187 0.564751 0.622287 0.446349 0.627467 0.535150 0.828750 0.449309 0.844290 0.519610 1.000000 0.467810 0.966391 0.021996 0.043519 0.026679 0.042955 0.980036 0.016993 0.014138 0.049672
0.527060 0.288089 0.538762 0.274924 0.509508 0.271267 0.546807 0.285895 0.467820 0.277850 0.578987 0.369270 0.410043 0.380971 0.639690 0.502377 0.374206 0.516273 0.621406 0.457033 0.345683 0.645723 0.564360 0.622320 0.446611 0.627439 0.535837 0.824906 0.445148 0.840265 0.519747 1.000000 0.461969 0.961671 0.019741 0.046012 0.026145 0.049072 0.985808 0.013385 0.013973 0.042336
0.523596 0.287639 0.536034 0.273737 0.505304 0.271542 0.547009 0.283980 0.465795 0.279591 0.580664 0.369583 0.410922 0.380558 0.639196 0.502012 0.373608 0.516645 0.617247 0.455918 0.342147 0.644684 0.563105 0.623466 0.445309 0.626392 0.533107 0.825401 0.442383 0.834913 0.517743 1.000000 0.457016 0.973194 0.023198 0.038026 0.024962 0.048706 0.991008 0.008492 0.010715 0.042475
