0.572099 0.318417 0.582781 0.304175 0.564978 0.300614 0.568539 0.304175 0.522253 0.282812 0.522253 0.382505 0.458165 0.368263 0.536495 0.510681 0.458165 0.496440 0.611264 0.492879 0.572099 0.471516 0.518692 0.624616 0.500890 0.624616 0.486648 0.813320 0.568539 0.799078 0.465286 1.000000 0.543616 1.000000 0.018954 0.155335 0.048861 0.065176 0.539180 0.568550 0.024959 0.171287
0.572513 0.316949 0.579587 0.306338 0.565438 0.299263 0.568976 0.306338 0.522992 0.285114 0.522992 0.380619 0.459322 0.370007 0.533604 0.507959 0.455785 0.497347 0.611422 0.490273 0.568976 0.472587 0.515917 0.624687 0.501769 0.624687 0.473471 0.812159 0.565438 0.798010 0.452248 1.000000 0.579587 1.000000 0.035652 0.090142 0.061651 0.059491 0.544670 0.577390 0.022538 0.182934
0.569823 0.317045 0.580429 0.302904 0.566288 0.299368 0.566288 0.306439 0.523864 0.281692 0.523864 0.380682 0.456692 0.370076 0.534470 0.507955 0.456692 0.497348 0.615783 0.486742 0.569823 0.469066 0.516793 0.624621 0.502652 0.624621 0.463763 0.811995 0.566288 0.801389 0.439015 1.000000 0.615783 0.995834 0.046758 0.030654 0.078568 0.053134 0.554762 0.577979 0.024782 0.197785
0.571757 0.316123 0.582521 0.301771 0.568169 0.298183 0.568169 0.301771 0.525115 0.280244 0.525115 0.380704 0.456946 0.369940 0.535878 0.509867 0.453358 0.495515 0.618399 0.484752 0.571757 0.470400 0.517939 0.624678 0.500000 0.624678 0.456946 0.814834 0.568169 0.807658 0.424655 1.000000 0.639926 0.997814 0.046231 0.001341 0.089440 0.060221 0.567577 0.575626 0.022861 0.212315
0.572690 0.316033 0.583458 0.305264 0.569100 0.298085 0.569100 0.305264 0.526025 0.283726 0.526025 0.380646 0.457822 0.369877 0.536793 0.509871 0.454233 0.499103 0.619354 0.484744 0.569100 0.473975 0.518845 0.624739 0.497308 0.624739 0.454233 0.811398 0.569100 0.811398 0.411157 1.000000 0.651661 0.994468 0.036471 0.017983 0.096716 0.067949 0.567577 0.577390 0.020581 0.222950
0.575435 0.317552 0.582453 0.303517 0.568418 0.300009 0.561401 0.303517 0.526315 0.285974 0.526315 0.380707 0.452634 0.370181 0.536840 0.503509 0.456142 0.496491 0.614030 0.485966 0.568418 0.471931 0.515789 0.622802 0.505263 0.626310 0.456142 0.805250 0.571927 0.801741 0.400004 0.987698 0.642099 0.980681 0.005562 0.003366 0.086746 0.051085 0.543918 0.559711 0.026836 0.216170
0.573468 0.318123 0.580635 0.303787 0.566300 0.296620 0.566300 0.300204 0.523295 0.282285 0.523295 0.379047 0.455203 0.371879 0.526878 0.508064 0.451619 0.500896 0.609306 0.482977 0.569884 0.472226 0.519711 0.622745 0.501792 0.626329 0.448035 0.809102 0.573468 0.805518 0.379943 0.995459 0.637976 0.999043 0.005367 0.018703 0.112194 0.063475 0.585202 0.584545 0.027412 0.237994
0.571074 0.315207 0.578182 0.304546 0.563967 0.297439 0.563967 0.300993 0.521322 0.279670 0.521322 0.379174 0.453802 0.372067 0.524876 0.503554 0.453802 0.500000 0.606611 0.485785 0.567520 0.478678 0.521322 0.624380 0.503554 0.624380 0.446694 0.805619 0.567520 0.805619 0.368513 0.990411 0.624380 0.997519 0.003064 0.016310 0.124334 0.046030 0.559046 0.558998 0.031725 0.232334
0.568456 0.315081 0.575568 0.304413 0.561343 0.297301 0.561343 0.300857 0.522226 0.279520 0.522226 0.379092 0.454659 0.371979 0.522226 0.503556 0.454659 0.503556 0.604017 0.485775 0.568456 0.478663 0.522226 0.624465 0.500889 0.624465 0.447547 0.809383 0.564899 0.805827 0.358644 0.987190 0.607573 1.000000 0.025411 0.039623 0.122173 0.050357 0.568138 0.568550 0.029473 0.230173
0.568456 0.315081 0.575568 0.300857 0.561343 0.293744 0.561343 0.300857 0.518670 0.279520 0.522226 0.379092 0.454659 0.371979 0.525782 0.500000 0.458215 0.503556 0.607573 0.485775 0.568456 0.475107 0.522226 0.624465 0.500889 0.624465 0.454659 0.809383 0.554231 0.809383 0.351532 0.983634 0.589792 1.000000 0.058595 0.033145 0.111508 0.031750 0.545451 0.571790 0.029473 0.200902
0.567609 0.314964 0.574726 0.300731 0.560492 0.297172 0.560492 0.300731 0.521350 0.282939 0.521350 0.379015 0.457299 0.371898 0.524909 0.500000 0.464416 0.503558 0.603193 0.485766 0.571168 0.475091 0.524909 0.624543 0.496442 0.624543 0.471533 0.809579 0.546259 0.809579 0.354106 0.973265 0.571168 1.000000 0.108692 0.044818 0.094006 0.034787 0.547890 0.565763 0.027217 0.173107
0.565746 0.314157 0.572759 0.303638 0.558733 0.296625 0.558733 0.303638 0.520162 0.286106 0.520162 0.377274 0.457046 0.373767 0.523669 0.500000 0.467565 0.503506 0.600811 0.485974 0.572759 0.471948 0.530682 0.622726 0.492110 0.626233 0.488604 0.805062 0.534188 0.805062 0.365878 0.952334 0.555227 1.000000 0.148950 0.039583 0.085826 0.029629 0.548157 0.567021 0.029060 0.145751
0.569253 0.315911 0.576266 0.305391 0.562240 0.298378 0.558733 0.301885 0.520162 0.284353 0.520162 0.379027 0.457046 0.372014 0.527175 0.501753 0.471072 0.501753 0.604317 0.484221 0.576266 0.473702 0.530682 0.624479 0.492110 0.624479 0.506136 0.806816 0.527175 0.803309 0.372891 0.950580 0.537694 1.000000 0.195325 0.044894 0.056227 0.017703 0.552965 0.548674 0.029060 0.104225
0.571168 0.314964 0.578284 0.304289 0.564051 0.297172 0.560492 0.304289 0.521350 0.282939 0.521350 0.379015 0.457299 0.371898 0.528467 0.500000 0.471533 0.503558 0.606751 0.485766 0.581843 0.475091 0.532025 0.624543 0.489325 0.624543 0.521350 0.813138 0.521350 0.806021 0.386132 0.951914 0.524909 1.000000 0.227868 0.050112 0.031829 0.015465 0.538547 0.546112 0.027217 0.073598
0.564827 0.316033 0.571835 0.305520 0.561322 0.298512 0.557818 0.305520 0.519273 0.284496 0.519273 0.379107 0.456198 0.372099 0.526281 0.501752 0.473719 0.498248 0.606876 0.484231 0.582347 0.470215 0.536793 0.624397 0.487736 0.624397 0.540298 0.806612 0.508760 0.806612 0.407140 0.939769 0.508760 1.000000 0.256121 0.036566 0.016577 0.003015 0.549968 0.536462 0.031282 0.030446
0.563549 0.319799 0.573996 0.309353 0.560067 0.302388 0.556585 0.305870 0.521763 0.288460 0.518281 0.378995 0.459085 0.372031 0.525246 0.500871 0.476496 0.500871 0.605335 0.483460 0.584442 0.476496 0.535692 0.622746 0.486942 0.626228 0.556585 0.803817 0.500871 0.810781 0.434710 0.946585 0.500871 1.000000 0.261489 0.023978 0.013868 0.010767 0.549968 0.527935 0.028858 0.012589
0.565290 0.319799 0.572254 0.309353 0.561808 0.302388 0.554844 0.305870 0.523504 0.288460 0.516540 0.378995 0.460826 0.372031 0.523504 0.500871 0.478237 0.500871 0.607076 0.483460 0.582701 0.473013 0.537433 0.622746 0.485201 0.626228 0.565290 0.796853 0.492165 0.810781 0.457344 0.953549 0.492165 1.000000 0.242516 0.012006 0.023285 0.018424 0.547210 0.540196 0.028858 0.038496
0.565214 0.320662 0.572079 0.310365 0.561782 0.303500 0.554917 0.306932 0.520594 0.289771 0.517162 0.379011 0.458812 0.372146 0.524026 0.499142 0.479406 0.499142 0.606402 0.481980 0.582376 0.471683 0.537755 0.622705 0.486271 0.626138 0.572079 0.787456 0.479406 0.808050 0.510297 0.969369 0.472541 0.996827 0.169594 0.000432 0.038544 0.046285 0.547210 0.531780 0.030639 0.077385
0.566476 0.321026 0.573294 0.310799 0.559658 0.303981 0.556249 0.307390 0.522159 0.290345 0.515341 0.378980 0.460796 0.372162 0.522159 0.498295 0.477841 0.501705 0.600566 0.484659 0.576703 0.471023 0.539204 0.621020 0.484659 0.627838 0.573294 0.788062 0.474432 0.805107 0.532386 0.968740 0.460796 0.992603 0.134956 0.004766 0.032800 0.047967 0.536641 0.554142 0.030430 0.082425
0.567802 0.326258 0.574582 0.312698 0.561022 0.305918 0.557631 0.309308 0.523731 0.292357 0.516950 0.377109 0.462709 0.373719 0.520341 0.495762 0.476269 0.502543 0.601703 0.485592 0.574582 0.475422 0.537291 0.621195 0.483050 0.627976 0.571192 0.787310 0.469489 0.804260 0.561022 0.970374 0.452539 0.990715 0.081747 0.004421 0.037616 0.049848 0.530491 0.552295 0.025927 0.088518
0.570041 0.322334 0.576875 0.308667 0.563208 0.305251 0.556375 0.305251 0.525625 0.288168 0.518792 0.377001 0.464125 0.373584 0.522208 0.493167 0.477792 0.500000 0.607625 0.479500 0.580291 0.476083 0.535875 0.622999 0.481208 0.626416 0.573458 0.797249 0.460708 0.807499 0.593958 0.974915 0.440209 0.991998 0.031053 0.000666 0.045550 0.057357 0.541142 0.538688 0.021768 0.103502
0.571810 0.322185 0.578649 0.311926 0.564971 0.305087 0.558132 0.308506 0.527356 0.287989 0.520517 0.376897 0.465805 0.373477 0.523937 0.496580 0.476063 0.500000 0.609425 0.482902 0.582069 0.479483 0.534195 0.623103 0.479483 0.626523 0.571810 0.800918 0.452127 0.807757 0.626523 0.971895 0.428190 0.995832 0.032225 0.007391 0.048691 0.064876 0.541409 0.535103 0.017424 0.114043
0.573021 0.320843 0.579814 0.310654 0.566229 0.303862 0.559436 0.307258 0.528869 0.290276 0.518680 0.378581 0.467735 0.371788 0.525473 0.497453 0.474527 0.500849 0.613777 0.480471 0.583210 0.477075 0.532265 0.623117 0.481320 0.626513 0.569625 0.799727 0.450753 0.803123 0.644344 0.966147 0.413393 0.986525 0.067972 0.009414 0.048691 0.071512 0.542306 0.551813 0.017306 0.120908
0.571323 0.320843 0.578116 0.310654 0.564530 0.303862 0.557738 0.307258 0.523774 0.286880 0.520378 0.378581 0.466037 0.371788 0.527171 0.494056 0.472829 0.497453 0.612079 0.480471 0.581512 0.477075 0.533963 0.623117 0.479622 0.626513 0.571323 0.796330 0.442262 0.803123 0.639250 0.966147 0.398110 0.983129 0.053500 0.010208 0.049953 0.083317 0.531799 0.541809 0.017306 0.133976
0.567509 0.322255 0.577763 0.308583 0.564091 0.305164 0.557254 0.305164 0.523073 0.288073 0.519654 0.376946 0.464964 0.373528 0.523073 0.493164 0.471800 0.500000 0.608527 0.479491 0.577763 0.476073 0.536745 0.623054 0.478636 0.626472 0.574345 0.797381 0.437618 0.804217 0.629036 0.978544 0.386346 0.985380 0.025705 0.015600 0.045550 0.089382 0.541142 0.553502 0.019597 0.139812
0.565738 0.320714 0.575983 0.307054 0.562323 0.303639 0.555493 0.303639 0.521344 0.286564 0.517929 0.378768 0.463289 0.371938 0.524759 0.494878 0.470119 0.498293 0.610133 0.481218 0.575983 0.477803 0.538419 0.624647 0.480364 0.624647 0.569153 0.798811 0.432554 0.802226 0.616963 0.976390 0.371085 0.979805 0.028114 0.022361 0.029135 0.105189 0.531799 0.543667 0.023937 0.139314
0.567109 0.314360 0.574082 0.303901 0.560137 0.296929 0.556651 0.300415 0.518303 0.282984 0.521789 0.380598 0.459037 0.370139 0.528761 0.499128 0.466009 0.499128 0.615916 0.481697 0.574082 0.478211 0.539220 0.624632 0.479954 0.624632 0.567109 0.805914 0.431147 0.805914 0.605458 0.990683 0.354451 0.987197 0.016550 0.043687 0.025892 0.109818 0.544130 0.543667 0.024437 0.132304
0.564470 0.315186 0.571347 0.304871 0.561032 0.297994 0.554155 0.304871 0.519771 0.284241 0.523209 0.380516 0.457880 0.370201 0.533524 0.497421 0.464756 0.497421 0.616046 0.480229 0.567908 0.473352 0.540401 0.624642 0.478510 0.624642 0.561032 0.803438 0.437249 0.800000 0.588539 0.985673 0.351289 0.978797 0.011120 0.069090 0.014188 0.099311 0.537366 0.555778 0.024101 0.110125
0.567742 0.319069 0.571172 0.305349 0.560882 0.301919 0.554022 0.301919 0.519722 0.284769 0.516292 0.380808 0.457983 0.370519 0.530012 0.500857 0.461413 0.493998 0.608902 0.483708 0.560882 0.473418 0.540302 0.624336 0.485423 0.624336 0.554022 0.799265 0.451123 0.799265 0.567742 0.981053 0.348224 0.970764 0.000944 0.110389 0.006369 0.095911 0.531916 0.556101 0.032812 0.086546
0.567759 0.318441 0.571234 0.304541 0.560809 0.301067 0.550385 0.301067 0.522586 0.287167 0.515637 0.380987 0.456565 0.370563 0.533011 0.506081 0.456565 0.495656 0.609457 0.488707 0.557335 0.478282 0.539960 0.624225 0.487838 0.624225 0.546910 0.808390 0.466989 0.808390 0.557335 0.996031 0.345370 0.971707 0.005661 0.167864 0.019720 0.074929 0.527206 0.554347 0.035468 0.047888
0.570518 0.317011 0.577659 0.302729 0.563377 0.299158 0.556236 0.299158 0.520530 0.284876 0.516960 0.381280 0.452691 0.370569 0.541954 0.509819 0.452691 0.499107 0.616934 0.488396 0.556236 0.477684 0.541954 0.624076 0.488396 0.624076 0.541954 0.813313 0.491966 0.816883 0.545524 1.000000 0.349146 0.970416 0.005786 0.244394 0.032652 0.038646 0.527455 0.564941 0.038738 0.005894
0.569583 0.315057 0.580569 0.300408 0.565920 0.293083 0.562258 0.300408 0.521973 0.282097 0.521973 0.380977 0.456053 0.369990 0.540285 0.509156 0.452391 0.501831 0.624516 0.490844 0.562258 0.479858 0.536622 0.626347 0.485351 0.622685 0.543947 0.827771 0.503662 0.824108 0.536622 1.000000 0.357173 0.981585 0.022933 0.267358 0.007410 0.007884 0.522970 0.571673 0.028014 0.017288
0.571061 0.312658 0.582135 0.297892 0.567369 0.290509 0.563678 0.297892 0.523072 0.275743 0.526763 0.382796 0.452934 0.368030 0.545220 0.511997 0.449242 0.500923 0.630124 0.489848 0.563678 0.482466 0.534146 0.626433 0.486157 0.622741 0.537838 0.833155 0.519380 0.825772 0.523072 1.000000 0.371721 0.984505 0.028793 0.290129 0.003958 0.010344 0.536060 0.559742 0.025879 0.045946
0.572471 0.312318 0.579904 0.297452 0.565038 0.290019 0.568755 0.297452 0.520441 0.275154 0.524157 0.382931 0.453544 0.368065 0.542739 0.509291 0.446111 0.501858 0.628218 0.490709 0.565038 0.479559 0.535306 0.624502 0.486992 0.624502 0.527874 0.832624 0.535306 0.825191 0.505575 1.000000 0.394081 0.988716 0.023224 0.301950 0.026044 0.033914 0.521661 0.576664 0.028430 0.086563
0.574206 0.313110 0.581535 0.302117 0.566877 0.294788 0.566877 0.302117 0.522903 0.280130 0.526568 0.382736 0.453278 0.368078 0.544890 0.510994 0.445949 0.503664 0.629174 0.492671 0.559548 0.485342 0.530232 0.624593 0.489923 0.624593 0.511910 0.833470 0.555884 0.818812 0.500916 1.000000 0.427626 0.983714 0.010186 0.314631 0.032673 0.059048 0.522970 0.568091 0.025690 0.132065
0.573331 0.313005 0.580665 0.302005 0.569665 0.294672 0.565998 0.302005 0.525666 0.280006 0.529333 0.382670 0.452335 0.368003 0.547665 0.514666 0.445001 0.503667 0.631997 0.489000 0.558665 0.481667 0.525666 0.624663 0.492667 0.624663 0.507333 0.826325 0.562332 0.807992 0.470667 1.000000 0.470667 1.000000 0.031617 0.253607 0.024036 0.065979 0.550113 0.578045 0.023363 0.144451
0.575718 0.310704 0.583106 0.299623 0.568331 0.292236 0.568331 0.299623 0.524008 0.277462 0.527702 0.380882 0.453830 0.369801 0.542476 0.513851 0.446443 0.506464 0.631122 0.491689 0.560944 0.480609 0.524008 0.624658 0.494460 0.624658 0.494460 0.831499 0.575718 0.809338 0.464911 1.000000 0.498153 1.000000 0.000813 0.242518 0.040345 0.081620 0.542756 0.587880 0.023535 0.177109
0.577565 0.310704 0.584952 0.295929 0.570178 0.288542 0.566485 0.295929 0.525855 0.277462 0.525855 0.380882 0.455677 0.369801 0.544323 0.510157 0.448290 0.502770 0.632969 0.487996 0.559097 0.480609 0.518468 0.624658 0.500000 0.624658 0.485226 0.827806 0.573872 0.809338 0.459371 1.000000 0.536936 1.000000 0.012046 0.173687 0.041987 0.066309 0.532812 0.580499 0.023535 0.172748
0.574408 0.312636 0.581580 0.301878 0.567236 0.294707 0.563650 0.301878 0.524205 0.280363 0.524205 0.380768 0.456073 0.370011 0.538549 0.506275 0.452487 0.502689 0.621024 0.484760 0.567236 0.481174 0.520619 0.624610 0.499104 0.624610 0.474002 0.814664 0.574408 0.800320 0.448901 1.000000 0.574408 1.000000 0.036981 0.128881 0.071884 0.075586 0.545006 0.567599 0.025138 0.205446
0.576591 0.314758 0.583715 0.300508 0.569466 0.296946 0.562341 0.300508 0.526718 0.282696 0.526718 0.378880 0.455471 0.371755 0.544529 0.507125 0.455471 0.503562 0.622901 0.485751 0.565904 0.482188 0.516031 0.624682 0.501781 0.624682 0.466158 0.817049 0.573028 0.802800 0.434096 1.000000 0.608652 1.000000 0.028178 0.064871 0.066916 0.063475 0.540822 0.560856 0.022698 0.201866
0.575126 0.311742 0.582197 0.301136 0.568056 0.294065 0.564520 0.301136 0.525631 0.279924 0.529167 0.378914 0.451389 0.371843 0.543308 0.506187 0.454924 0.499116 0.621086 0.484975 0.568056 0.477904 0.518561 0.622854 0.500884 0.626389 0.458460 0.810228 0.568056 0.810228 0.419571 1.000000 0.638763 0.994066 0.034834 0.005367 0.084968 0.050378 0.549527 0.550158 0.024782 0.210308
0.576050 0.311643 0.583125 0.297494 0.568976 0.293957 0.565438 0.297494 0.526529 0.279808 0.530066 0.378850 0.452248 0.371776 0.544215 0.502653 0.459322 0.499116 0.622034 0.484967 0.572513 0.474355 0.515917 0.622918 0.501769 0.626455 0.452248 0.810391 0.565438 0.813928 0.406264 0.994326 0.653869 0.987251 0.026236 0.045957 0.085783 0.043084 0.534914 0.550885 0.022538 0.208429
0.574992 0.316009 0.581968 0.302057 0.568016 0.298569 0.564528 0.302057 0.526160 0.281129 0.526160 0.378793 0.456400 0.371817 0.543600 0.500872 0.463376 0.500872 0.620335 0.483432 0.574992 0.472968 0.515696 0.622952 0.501744 0.626439 0.452912 0.804327 0.571504 0.804327 0.393616 0.985702 0.648239 0.978726 0.005499 0.012980 0.092441 0.062864 0.525968 0.560790 0.022223 0.225036
0.570319 0.314856 0.581000 0.300614 0.563198 0.293494 0.566759 0.297054 0.520473 0.279252 0.524033 0.378945 0.456384 0.371824 0.531154 0.503560 0.456384 0.503560 0.613044 0.482198 0.570319 0.475077 0.520473 0.624616 0.499110 0.624616 0.442143 0.806199 0.573879 0.806199 0.370933 0.991343 0.637968 0.994903 0.012759 0.020119 0.125021 0.071039 0.563058 0.577979 0.024959 0.253968
0.564909 0.315797 0.575435 0.301763 0.561401 0.294746 0.561401 0.298254 0.519297 0.280711 0.522806 0.378953 0.456142 0.371935 0.529823 0.501754 0.459651 0.505263 0.610522 0.484211 0.568418 0.473685 0.519297 0.624556 0.501754 0.624556 0.438599 0.799987 0.564909 0.803496 0.357901 0.978927 0.621047 0.989453 0.002378 0.014676 0.132689 0.051140 0.549968 0.581565 0.026836 0.245236
0.563993 0.315911 0.574512 0.301885 0.556980 0.294872 0.560486 0.298378 0.518409 0.280846 0.521915 0.379027 0.455293 0.372014 0.528928 0.498247 0.462306 0.505260 0.609577 0.484221 0.571006 0.477208 0.521915 0.624479 0.500877 0.624479 0.441267 0.803309 0.556980 0.803309 0.350099 0.978632 0.606071 0.996165 0.017778 0.017427 0.134858 0.039907 0.536107 0.563653 0.029060 0.231624
0.566759 0.314856 0.577440 0.300614 0.559638 0.293494 0.563198 0.297054 0.520473 0.279252 0.524033 0.378945 0.456384 0.371824 0.531154 0.500000 0.463505 0.507121 0.613044 0.485758 0.577440 0.482198 0.520473 0.624616 0.499110 0.624616 0.452824 0.809760 0.548956 0.809760 0.342450 0.984222 0.588121 1.000000 0.068045 0.021975 0.106896 0.030418 0.536107 0.551813 0.024959 0.195222
0.568169 0.312535 0.575345 0.298183 0.560993 0.291008 0.564581 0.298183 0.517939 0.280244 0.525115 0.377116 0.456946 0.373528 0.535878 0.499103 0.467709 0.506279 0.614811 0.484752 0.578933 0.481164 0.525115 0.624678 0.492824 0.624678 0.467709 0.811246 0.535878 0.814834 0.345722 0.976287 0.571757 1.000000 0.107592 0.014626 0.095015 0.025708 0.529236 0.544938 0.022861 0.165890
0.567646 0.311997 0.574674 0.301455 0.560618 0.294427 0.560618 0.301455 0.518449 0.280370 0.525477 0.378764 0.458710 0.371736 0.536019 0.498243 0.469252 0.505271 0.613329 0.480673 0.578188 0.473644 0.528991 0.624750 0.486822 0.624750 0.486822 0.803968 0.525477 0.803968 0.356801 0.951559 0.550076 1.000000 0.156322 0.028036 0.078105 0.032396 0.543121 0.564862 0.020148 0.141178
0.567685 0.311195 0.574809 0.300508 0.560560 0.293384 0.560560 0.300508 0.517812 0.279134 0.524936 0.378880 0.457252 0.371755 0.535624 0.500000 0.471501 0.503562 0.613995 0.485751 0.578372 0.475064 0.532061 0.624682 0.485751 0.624682 0.500000 0.809925 0.517812 0.806362 0.364631 0.955981 0.535624 1.000000 0.183366 0.027749 0.063775 0.019884 0.529236 0.548674 0.022698 0.110151
