0.574705 0.294013 0.568113 0.274239 0.568113 0.276436 0.493408 0.280830 0.548338 0.280830 0.513183 0.375309 0.504394 0.375309 0.539549 0.502746 0.447267 0.496155 0.618648 0.568662 0.537352 0.588437 0.489014 0.623592 0.493408 0.625789 0.462648 0.812551 0.524169 0.808156 0.420901 1.000000 0.557127 1.000000 0.024311 0.000550 0.013242 0.067142 0.213917 0.386728 0.022399 0.097321
0.574705 0.291816 0.568113 0.274239 0.568113 0.274239 0.493408 0.280830 0.550535 0.280830 0.513183 0.375309 0.504394 0.375309 0.537352 0.507141 0.449465 0.496155 0.616451 0.575254 0.535155 0.588437 0.489014 0.623592 0.493408 0.625789 0.456056 0.810353 0.528563 0.808156 0.407718 1.000000 0.572507 0.999312 0.022379 0.011308 0.024711 0.074569 0.215995 0.374016 0.022399 0.116217
0.573441 0.292379 0.566814 0.272500 0.566814 0.274709 0.491717 0.281335 0.551353 0.281335 0.507178 0.376311 0.507178 0.374102 0.520431 0.508835 0.454169 0.495583 0.588902 0.575097 0.540309 0.586141 0.485091 0.623689 0.500552 0.625898 0.438708 0.815850 0.544727 0.811432 0.376863 1.000000 0.584484 1.000000 0.022665 0.010882 0.047046 0.082777 0.223492 0.373014 0.018290 0.149794
0.571082 0.288381 0.564571 0.271018 0.564571 0.271018 0.492946 0.277529 0.551548 0.279699 0.505969 0.375199 0.508139 0.375199 0.514651 0.514108 0.458219 0.496744 0.577594 0.581392 0.549378 0.579221 0.486435 0.622630 0.499457 0.626971 0.445196 0.807119 0.529844 0.804948 0.382253 0.989436 0.553719 0.995948 0.035814 0.014244 0.044923 0.064799 0.219525 0.389950 0.017972 0.123828
0.572515 0.285727 0.563791 0.268280 0.565972 0.268280 0.491822 0.277004 0.552887 0.277004 0.502726 0.375144 0.509269 0.375144 0.498364 0.510359 0.461289 0.495093 0.557248 0.588871 0.548525 0.586690 0.487460 0.623766 0.500545 0.625947 0.450385 0.804780 0.520173 0.806960 0.395862 0.987975 0.535439 0.998879 0.027771 0.009114 0.044786 0.045448 0.215097 0.363357 0.015278 0.098688
0.572052 0.284944 0.565452 0.267343 0.567652 0.267343 0.490650 0.276144 0.552251 0.278344 0.501650 0.375147 0.510450 0.375147 0.495050 0.511550 0.462049 0.496150 0.552251 0.586352 0.545651 0.584152 0.484050 0.623753 0.503850 0.625954 0.440048 0.808559 0.528051 0.810759 0.376247 0.991164 0.547851 1.000000 0.032593 0.009723 0.051905 0.049822 0.223198 0.362959 0.015412 0.115850
0.571561 0.284767 0.564955 0.267152 0.567157 0.267152 0.487890 0.275959 0.549542 0.275959 0.498899 0.375044 0.507707 0.375044 0.490092 0.507156 0.463669 0.498349 0.549542 0.579818 0.547340 0.582020 0.490092 0.623855 0.503303 0.626057 0.461467 0.806611 0.518716 0.811015 0.408622 0.989367 0.523120 1.000000 0.040143 0.019313 0.038191 0.032048 0.239464 0.359188 0.008412 0.075919
0.571723 0.284271 0.564999 0.266340 0.567240 0.266340 0.488793 0.275306 0.547068 0.275306 0.497759 0.373925 0.508965 0.376166 0.488793 0.508405 0.466380 0.499440 0.549309 0.584611 0.549309 0.584611 0.488793 0.622713 0.504483 0.627196 0.457415 0.815469 0.520172 0.817710 0.349830 0.985811 0.517931 1.000000 0.127942 0.029653 0.039901 0.031838 0.234821 0.351632 0.008562 0.077522
0.571004 0.283011 0.564188 0.264833 0.564188 0.264833 0.491479 0.273922 0.543739 0.276194 0.498296 0.373896 0.507384 0.376168 0.486935 0.512497 0.468758 0.505680 0.552827 0.589750 0.552827 0.589750 0.496024 0.623832 0.498296 0.626104 0.498296 0.823780 0.496024 0.823780 0.427860 1.000000 0.416499 1.000000 0.122646 0.124754 0.006511 0.007910 0.250823 0.342261 0.007233 0.007275
0.566664 0.286120 0.557775 0.270565 0.559998 0.268342 0.484445 0.277231 0.542221 0.279453 0.491111 0.372783 0.506666 0.377227 0.471112 0.508333 0.471112 0.506111 0.539998 0.588330 0.548887 0.588330 0.502222 0.623884 0.500000 0.626106 0.515555 0.821654 0.493334 0.817210 0.497778 1.000000 0.335562 0.957204 0.049962 0.257882 0.007351 0.002575 0.272917 0.326839 0.002830 0.032526
0.567402 0.287381 0.560827 0.269845 0.563019 0.269845 0.488492 0.278613 0.543291 0.278613 0.484108 0.372867 0.508220 0.377251 0.442461 0.506576 0.473149 0.504384 0.490684 0.596446 0.552059 0.587678 0.503836 0.622749 0.503836 0.627133 0.514796 0.815641 0.501644 0.815641 0.499452 1.000000 0.356975 0.953734 0.043050 0.253700 0.007012 0.001879 0.252877 0.327078 0.009770 0.021767
0.574765 0.283517 0.568070 0.267894 0.570301 0.265662 0.489957 0.274590 0.547983 0.276821 0.476566 0.370556 0.518970 0.379483 0.429699 0.506695 0.485493 0.504464 0.429699 0.620516 0.554679 0.591503 0.494421 0.622748 0.510043 0.627212 0.510043 0.825841 0.514507 0.819146 0.496652 1.000000 0.378368 0.955285 0.045395 0.257401 0.001942 0.018867 0.105537 0.297085 0.005683 0.017036
0.581596 0.284725 0.574652 0.266206 0.576967 0.266206 0.493634 0.270836 0.556134 0.275465 0.475116 0.370372 0.523727 0.379631 0.428820 0.506944 0.491320 0.511574 0.419561 0.627313 0.565393 0.604166 0.491320 0.622684 0.509838 0.627313 0.523727 0.835645 0.530671 0.835645 0.482060 1.000000 0.424191 0.999995 0.110903 0.214718 0.027656 0.049556 0.079595 0.291441 0.001475 0.016344
0.585277 0.281552 0.578268 0.265197 0.578268 0.265197 0.498832 0.267534 0.557240 0.274543 0.475468 0.370333 0.526868 0.379678 0.424069 0.505841 0.494159 0.512850 0.417060 0.624995 0.568922 0.603967 0.487150 0.622658 0.510514 0.627331 0.529204 0.839938 0.536213 0.844611 0.470796 1.000000 0.435750 1.000000 0.148023 0.197849 0.046130 0.058465 0.096699 0.295382 0.002974 0.023380
0.586434 0.283916 0.579425 0.265228 0.579425 0.265228 0.502336 0.267564 0.560737 0.274572 0.474304 0.370350 0.530369 0.379694 0.425247 0.503504 0.497664 0.510512 0.415903 0.622642 0.567745 0.603954 0.483648 0.622642 0.511680 0.627314 0.537377 0.837558 0.544385 0.846902 0.464959 1.000000 0.439263 1.000000 0.186935 0.208476 0.066195 0.071040 0.087446 0.282812 0.005949 0.030917
0.585472 0.283079 0.578398 0.264217 0.580756 0.264217 0.502947 0.266574 0.561893 0.273648 0.474653 0.370319 0.531241 0.379750 0.422781 0.507074 0.498232 0.511789 0.410992 0.627323 0.571325 0.606103 0.481727 0.622607 0.512379 0.627323 0.533599 0.839528 0.550104 0.846602 0.465222 1.000000 0.444001 1.000000 0.176045 0.209217 0.065792 0.078438 0.084294 0.287844 0.007506 0.020483
0.579463 0.281765 0.577159 0.263339 0.577159 0.265643 0.503455 0.267946 0.558733 0.274856 0.478119 0.369290 0.528791 0.380806 0.425144 0.500576 0.498848 0.514395 0.413627 0.613436 0.565643 0.604223 0.480422 0.620346 0.512668 0.629559 0.540307 0.823033 0.549520 0.829943 0.457390 1.000000 0.450480 1.000000 0.227548 0.214882 0.088524 0.078495 0.089712 0.273708 0.008799 0.033552
0.575207 0.287950 0.575207 0.269855 0.575207 0.272117 0.500565 0.272117 0.559374 0.281165 0.477947 0.369377 0.527708 0.380687 0.428186 0.498304 0.500565 0.511875 0.416876 0.613659 0.563898 0.606873 0.480209 0.622706 0.514137 0.627230 0.525446 0.819488 0.554850 0.819488 0.462114 1.000000 0.477947 1.000000 0.176665 0.188849 0.069083 0.083929 0.086142 0.252108 0.007200 0.005500
0.579115 0.290173 0.574529 0.271827 0.576822 0.271827 0.503440 0.271827 0.563063 0.281000 0.471335 0.370435 0.533251 0.379607 0.423178 0.503440 0.496560 0.512613 0.418592 0.618099 0.560770 0.608927 0.475921 0.622686 0.519492 0.627272 0.510319 0.829073 0.553890 0.826780 0.459869 1.000000 0.512613 1.000000 0.130548 0.117867 0.046782 0.072012 0.097851 0.272846 0.005840 0.001777
0.575328 0.292429 0.568632 0.276806 0.573096 0.274574 0.499442 0.276806 0.561936 0.283502 0.472659 0.370547 0.530689 0.379475 0.423556 0.502232 0.492746 0.506696 0.430252 0.611597 0.557473 0.600437 0.486050 0.622757 0.510602 0.627221 0.550777 0.814704 0.503906 0.825864 0.548545 1.000000 0.445875 1.000000 0.107227 0.081712 0.086640 0.015027 0.133073 0.284617 0.004264 0.114251
0.574887 0.295713 0.568279 0.278092 0.572684 0.278092 0.497797 0.278092 0.561672 0.284700 0.471367 0.370600 0.530836 0.379410 0.425113 0.500551 0.493392 0.502753 0.436126 0.610679 0.552861 0.595261 0.482380 0.621691 0.515418 0.628299 0.533038 0.808909 0.513215 0.815516 0.533038 0.996126 0.466962 1.000000 0.084117 0.071647 0.070165 0.015948 0.140572 0.275678 0.002803 0.087861
0.574559 0.293868 0.567980 0.278517 0.570173 0.278517 0.497807 0.278517 0.557015 0.285096 0.471492 0.370619 0.530701 0.379391 0.423249 0.500000 0.495614 0.502193 0.442985 0.603066 0.552630 0.592102 0.484650 0.622802 0.513157 0.627188 0.550437 0.807006 0.480264 0.817970 0.587716 0.993402 0.416670 1.000000 0.046355 0.048070 0.092595 0.031849 0.173832 0.268478 0.002792 0.163535
0.577778 0.291667 0.573333 0.276111 0.573333 0.273889 0.500000 0.276111 0.555556 0.282778 0.468889 0.371667 0.531111 0.378333 0.420000 0.498333 0.495556 0.500556 0.462222 0.585000 0.560000 0.589444 0.484444 0.622778 0.515556 0.627222 0.551111 0.811667 0.482222 0.820556 0.593333 0.998333 0.411111 1.000000 0.037193 0.057844 0.088307 0.034478 0.261551 0.289791 0.000004 0.162347
0.576233 0.290919 0.573991 0.272982 0.576233 0.275224 0.491031 0.275224 0.558296 0.284193 0.475336 0.371637 0.524664 0.378363 0.417040 0.499439 0.497758 0.506166 0.470852 0.577915 0.565022 0.582399 0.488789 0.622758 0.511211 0.627242 0.544843 0.820067 0.475336 0.826794 0.585202 1.000000 0.396861 1.000000 0.021682 0.067715 0.071072 0.039430 0.327548 0.296180 0.000004 0.144727
0.577626 0.295091 0.575342 0.274543 0.577626 0.276827 0.490868 0.276827 0.561644 0.285959 0.472603 0.370434 0.527397 0.379566 0.415525 0.496005 0.497717 0.507420 0.486301 0.569064 0.566210 0.580479 0.488584 0.621575 0.511416 0.628425 0.545662 0.827055 0.472603 0.833904 0.589041 1.000000 0.374429 1.000000 0.016244 0.092727 0.066016 0.039011 0.380748 0.312343 0.000004 0.145670
0.576291 0.290493 0.571596 0.271714 0.576291 0.274061 0.489437 0.271714 0.562207 0.281103 0.473005 0.370305 0.526995 0.379695 0.411972 0.499413 0.496479 0.511150 0.494131 0.565141 0.569249 0.583920 0.489437 0.621479 0.510563 0.628521 0.541080 0.832747 0.475352 0.839789 0.576291 1.000000 0.381455 1.000000 0.021966 0.088895 0.055518 0.031578 0.425786 0.322607 0.000004 0.128881
0.572248 0.293578 0.567661 0.272936 0.574541 0.275229 0.491972 0.272936 0.560780 0.284404 0.473624 0.371560 0.526376 0.378440 0.413991 0.495413 0.491972 0.504587 0.512615 0.545872 0.574541 0.561927 0.489679 0.621560 0.510321 0.628440 0.537844 0.825688 0.482798 0.830275 0.567661 1.000000 0.384174 1.000000 0.026544 0.110594 0.053344 0.022726 0.492302 0.391540 0.000004 0.116898
0.574766 0.288551 0.567757 0.269860 0.574766 0.269860 0.492991 0.272196 0.558411 0.279206 0.474299 0.370327 0.525701 0.379673 0.420561 0.491822 0.485981 0.508178 0.537383 0.515187 0.584112 0.552570 0.488318 0.622664 0.511682 0.627336 0.532710 0.832944 0.490654 0.837617 0.546729 1.000000 0.394860 1.000000 0.044309 0.117426 0.048561 0.013727 0.569724 0.460193 0.000004 0.097952
0.571593 0.284634 0.566898 0.265855 0.571593 0.265855 0.491784 0.270550 0.555162 0.277592 0.468311 0.371485 0.529341 0.378526 0.426060 0.495892 0.496479 0.512323 0.545773 0.512323 0.588024 0.538144 0.484742 0.622647 0.517605 0.627342 0.531689 0.838600 0.496479 0.843295 0.541078 1.000000 0.362682 1.000000 0.054000 0.177882 0.047343 0.016037 0.560796 0.489157 0.002988 0.099178
0.573595 0.282720 0.568922 0.264029 0.573595 0.266365 0.491823 0.268702 0.552568 0.275711 0.463787 0.371501 0.533877 0.378510 0.440423 0.492991 0.512850 0.511682 0.559577 0.495327 0.596958 0.511682 0.480141 0.623826 0.522195 0.626163 0.529204 0.834098 0.510514 0.836434 0.531541 1.000000 0.360987 0.999978 0.069430 0.218091 0.052365 0.002660 0.554235 0.549848 0.002974 0.090632
0.571998 0.285159 0.567390 0.266727 0.571998 0.269031 0.493664 0.273639 0.546655 0.278247 0.463713 0.372708 0.532831 0.377316 0.442978 0.494816 0.519007 0.510944 0.562782 0.490208 0.601949 0.501728 0.479841 0.623836 0.523615 0.626140 0.523615 0.828886 0.519007 0.828886 0.525919 1.000000 0.371556 0.990161 0.063451 0.228524 0.046535 0.004552 0.565778 0.568035 0.004400 0.074182
0.573629 0.290527 0.569063 0.272263 0.573629 0.272263 0.496005 0.276829 0.550799 0.281395 0.464041 0.372718 0.534817 0.377284 0.461758 0.491438 0.539383 0.509703 0.575912 0.477740 0.610159 0.486872 0.477740 0.623857 0.523402 0.626140 0.518835 0.817919 0.532534 0.817919 0.516552 1.000000 0.388700 0.973169 0.069848 0.253003 0.049080 0.029737 0.544136 0.588354 0.001455 0.051279
0.574850 0.292896 0.570348 0.274887 0.568097 0.277138 0.493809 0.277138 0.545585 0.281640 0.464545 0.369434 0.527576 0.380690 0.493809 0.481991 0.545585 0.515758 0.586106 0.448224 0.615371 0.461731 0.482554 0.621561 0.525325 0.628315 0.514070 0.828665 0.543334 0.817410 0.505065 1.000000 0.419522 0.970487 0.062208 0.246706 0.025372 0.033118 0.530672 0.667512 0.010034 0.017845
0.572236 0.291320 0.567649 0.272974 0.565356 0.272974 0.487387 0.275267 0.544717 0.279854 0.464456 0.369288 0.530958 0.380754 0.519492 0.488534 0.574529 0.516052 0.608927 0.442670 0.629565 0.442670 0.478215 0.621539 0.526372 0.628419 0.508026 0.825633 0.563063 0.821047 0.489681 1.000000 0.443817 0.986157 0.075026 0.259011 0.028823 0.065807 0.513192 0.695999 0.005840 0.013745
0.571915 0.292817 0.565066 0.274553 0.565066 0.274553 0.485160 0.276836 0.544519 0.281402 0.469179 0.370439 0.528538 0.379571 0.546802 0.477741 0.592462 0.502854 0.613009 0.420665 0.631273 0.416099 0.476028 0.621570 0.526255 0.628419 0.505708 0.820192 0.576481 0.820192 0.471462 1.000000 0.473745 0.993701 0.105500 0.251702 0.038535 0.084456 0.527119 0.713834 0.002906 0.034321
0.569005 0.292421 0.562217 0.274321 0.562217 0.274321 0.483032 0.278846 0.544118 0.283371 0.469457 0.369344 0.530543 0.380656 0.555430 0.462104 0.602941 0.493778 0.611991 0.403281 0.630090 0.403281 0.473982 0.620475 0.526018 0.629525 0.505656 0.815045 0.575792 0.819570 0.458145 0.991516 0.483032 1.000000 0.135081 0.229119 0.045632 0.087322 0.518323 0.726008 0.000004 0.030168
0.567778 0.293889 0.563333 0.276111 0.563333 0.278333 0.483333 0.280556 0.545556 0.285000 0.474444 0.369444 0.525556 0.380556 0.574444 0.460556 0.616667 0.485000 0.614444 0.382778 0.630000 0.385000 0.476667 0.622778 0.523333 0.627222 0.505556 0.820556 0.581111 0.818333 0.463333 1.000000 0.496667 1.000000 0.114610 0.223205 0.043376 0.096320 0.584005 0.729477 0.000004 0.047284
0.562768 0.292048 0.556218 0.272399 0.558401 0.274583 0.490721 0.283316 0.540935 0.285499 0.473256 0.370644 0.530019 0.379377 0.588966 0.436141 0.626081 0.475439 0.610798 0.361911 0.623898 0.368461 0.473256 0.623898 0.523470 0.626081 0.501637 0.822571 0.586783 0.818204 0.455790 1.000000 0.503821 1.000000 0.120558 0.236558 0.045167 0.109779 0.572900 0.756495 0.004170 0.056163
0.563854 0.290271 0.557249 0.270455 0.559451 0.272657 0.486789 0.281464 0.544037 0.285868 0.471376 0.369539 0.535230 0.380548 0.592479 0.422384 0.634314 0.464220 0.614497 0.354126 0.627709 0.356328 0.469174 0.622754 0.524221 0.627158 0.497798 0.823125 0.588075 0.818721 0.458164 1.000000 0.528624 1.000000 0.108688 0.195190 0.047935 0.116617 0.531644 0.742682 0.008412 0.057249
0.568845 0.290688 0.562183 0.270700 0.564404 0.272921 0.491117 0.279584 0.544416 0.281805 0.473350 0.370637 0.535533 0.379521 0.599937 0.421716 0.642132 0.448366 0.608820 0.341767 0.624366 0.339546 0.466688 0.623811 0.524429 0.626031 0.488896 0.828126 0.582170 0.825905 0.462246 1.000000 0.559962 1.000000 0.077125 0.124358 0.042838 0.103848 0.586857 0.734046 0.011313 0.055056
0.568560 0.289897 0.561925 0.269993 0.561925 0.274416 0.491154 0.281051 0.542021 0.283262 0.473461 0.371727 0.533174 0.378361 0.606157 0.427017 0.643755 0.442498 0.606157 0.340764 0.623850 0.336341 0.469037 0.623850 0.524328 0.626062 0.484519 0.829530 0.572983 0.829530 0.460191 1.000000 0.564137 1.000000 0.063057 0.088697 0.029498 0.086078 0.625666 0.726297 0.008449 0.050801
0.564941 0.288806 0.558392 0.271343 0.558392 0.273526 0.488540 0.284440 0.538746 0.284440 0.473260 0.371755 0.532198 0.378304 0.610781 0.426328 0.645708 0.435059 0.606416 0.334646 0.619513 0.328098 0.471077 0.622787 0.523466 0.627153 0.481991 0.830161 0.564941 0.832344 0.462345 1.000000 0.569307 1.000000 0.048817 0.056332 0.019505 0.074648 0.635393 0.724032 0.006949 0.046746
0.566543 0.292797 0.557887 0.275485 0.557887 0.277649 0.488639 0.286305 0.538411 0.286305 0.477819 0.372865 0.527591 0.377193 0.620643 0.422637 0.648775 0.426965 0.607659 0.333913 0.616315 0.325257 0.473491 0.623889 0.521099 0.626053 0.475655 0.825140 0.560051 0.827304 0.451851 1.000000 0.579527 1.000000 0.042566 0.028776 0.008911 0.069158 0.652991 0.722384 0.006889 0.057433
0.567077 0.297146 0.558422 0.277672 0.560586 0.282000 0.489181 0.288491 0.538948 0.288491 0.478362 0.372878 0.528129 0.377206 0.623335 0.413990 0.655792 0.413990 0.603861 0.320948 0.612516 0.312293 0.474035 0.623876 0.519474 0.626040 0.471871 0.825107 0.556258 0.825107 0.448069 1.000000 0.584387 1.000000 0.036161 0.011477 0.002067 0.069229 0.653633 0.717360 0.008266 0.061585
0.566788 0.295327 0.560325 0.275937 0.560325 0.280246 0.491382 0.284555 0.538780 0.286709 0.480610 0.372887 0.525853 0.377196 0.627113 0.405204 0.659429 0.403050 0.601259 0.310408 0.605568 0.301790 0.476301 0.622804 0.517236 0.627113 0.469838 0.821013 0.556016 0.821013 0.441830 1.000000 0.594796 1.000000 0.036309 0.002841 0.004887 0.073805 0.653859 0.716462 0.008230 0.073209
0.564884 0.296306 0.558502 0.281415 0.558502 0.281415 0.477663 0.287797 0.539356 0.287797 0.484045 0.375018 0.520210 0.375018 0.609559 0.400546 0.660615 0.389910 0.601049 0.311198 0.603177 0.300561 0.479790 0.621791 0.515955 0.628173 0.473408 0.808998 0.543611 0.806870 0.443625 0.987695 0.581903 0.987695 0.041721 0.017551 0.005360 0.054224 0.594094 0.715497 0.005418 0.059722
0.566322 0.293909 0.557552 0.278562 0.559744 0.276370 0.474239 0.285139 0.542205 0.285139 0.483008 0.375030 0.522473 0.375030 0.605786 0.396955 0.664982 0.383800 0.599209 0.304871 0.603594 0.293909 0.478624 0.622777 0.515895 0.627162 0.478624 0.811329 0.535627 0.811329 0.454507 0.991110 0.568514 0.995495 0.042447 0.022273 0.005634 0.042277 0.578946 0.710287 0.006980 0.033975
0.561947 0.296770 0.555426 0.279381 0.557600 0.279381 0.472830 0.285902 0.542385 0.285902 0.483698 0.375019 0.520649 0.375019 0.614113 0.392408 0.661932 0.379366 0.596725 0.303291 0.596725 0.292423 0.479351 0.622808 0.516302 0.627155 0.468483 0.807562 0.535864 0.805389 0.435879 0.985796 0.561947 0.990143 0.038888 0.009846 0.013119 0.040285 0.603531 0.714624 0.005535 0.053500
0.559827 0.295948 0.551280 0.278854 0.553417 0.278854 0.472223 0.285264 0.538460 0.285264 0.491453 0.377141 0.510683 0.372868 0.626064 0.389961 0.655977 0.375005 0.591877 0.298084 0.587604 0.283128 0.485043 0.622859 0.512820 0.627132 0.465813 0.802339 0.527777 0.800203 0.429490 0.977547 0.544870 0.981820 0.031094 0.002429 0.025673 0.024765 0.643612 0.708326 0.002720 0.061415
0.555379 0.293778 0.549050 0.276901 0.551160 0.276901 0.468882 0.285339 0.534282 0.283230 0.494198 0.376056 0.504747 0.373946 0.627109 0.386604 0.648205 0.371837 0.587025 0.297998 0.580696 0.283230 0.492089 0.622889 0.508966 0.627109 0.477321 0.797993 0.523734 0.797993 0.445676 0.970987 0.534282 0.977316 0.030809 0.008738 0.024061 0.022135 0.660438 0.702563 0.001342 0.054222
