0.540988 0.257673 0.549123 0.242654 0.519712 0.242029 0.555380 0.258924 0.472153 0.257047 0.573527 0.384077 0.424595 0.365930 0.616079 0.534886 0.365773 0.507353 0.691171 0.616862 0.445871 0.507353 0.542865 0.626874 0.459012 0.623119 0.493429 0.837131 0.549123 0.823364 0.452129 1.000000 0.514080 1.000000 0.015790 0.183320 0.033519 0.092254 0.148521 0.625466 0.002390 0.208104
0.541615 0.258541 0.549689 0.243634 0.521118 0.243013 0.555900 0.260404 0.473292 0.257299 0.573913 0.384007 0.426708 0.365994 0.614285 0.533696 0.367081 0.505124 0.691925 0.613198 0.442857 0.506988 0.541615 0.626863 0.457764 0.623136 0.482609 0.836800 0.543478 0.821272 0.429814 1.000000 0.556522 1.000000 0.011588 0.111620 0.045130 0.091705 0.162370 0.621055 0.000794 0.217179
0.543005 0.258675 0.551049 0.244443 0.521967 0.243206 0.557856 0.261150 0.473702 0.259294 0.573944 0.383050 0.428531 0.366962 0.612928 0.532177 0.367271 0.505569 0.692750 0.610762 0.445238 0.505569 0.540530 0.626850 0.456995 0.623138 0.475558 0.832286 0.539293 0.821766 0.417393 1.000000 0.591270 1.000000 0.013295 0.051671 0.054146 0.089808 0.171098 0.632465 0.003152 0.222534
0.545520 0.259899 0.552310 0.245085 0.524535 0.245085 0.557865 0.260516 0.475774 0.259899 0.572679 0.380875 0.430716 0.369148 0.611564 0.530244 0.369611 0.508641 0.690569 0.608015 0.449233 0.503703 0.539348 0.625914 0.457257 0.624063 0.470836 0.829599 0.538114 0.824044 0.406644 1.000000 0.606009 1.000000 0.009316 0.025634 0.060251 0.089281 0.171440 0.651137 0.004323 0.225587
0.545055 0.259295 0.551844 0.244483 0.523453 0.244483 0.557399 0.259295 0.475312 0.259912 0.572829 0.380265 0.431492 0.369773 0.609860 0.529625 0.368538 0.509875 0.688244 0.606157 0.448156 0.503703 0.538266 0.625907 0.457414 0.624056 0.464820 0.832049 0.537032 0.827729 0.392609 1.000000 0.603688 1.000000 0.000789 0.024611 0.064451 0.086279 0.176444 0.659050 0.005501 0.227563
0.543364 0.257317 0.550798 0.242449 0.522301 0.242449 0.556993 0.258556 0.473982 0.258556 0.574338 0.380594 0.429998 0.369443 0.609649 0.529271 0.366811 0.510067 0.688324 0.606087 0.449202 0.502633 0.538408 0.625910 0.457256 0.624052 0.463450 0.830960 0.535930 0.829721 0.378581 1.000000 0.592303 1.000000 0.015078 0.038111 0.065265 0.082349 0.179581 0.663066 0.005521 0.227854
0.541820 0.257721 0.549845 0.242906 0.520216 0.242906 0.556017 0.258955 0.472686 0.258955 0.572067 0.379941 0.429477 0.370064 0.607251 0.529320 0.368367 0.512037 0.683793 0.605862 0.450464 0.502778 0.540586 0.626232 0.457871 0.623763 0.467130 0.831167 0.530092 0.829315 0.368367 1.000000 0.582560 1.000000 0.041695 0.034528 0.069085 0.072072 0.176368 0.665130 0.001965 0.217102
0.539506 0.258028 0.546913 0.243830 0.518518 0.242596 0.553086 0.259879 0.470371 0.258645 0.570987 0.379631 0.427779 0.370372 0.603702 0.529629 0.368520 0.514197 0.677776 0.609258 0.455556 0.501235 0.543209 0.626542 0.458025 0.623455 0.481482 0.835798 0.524074 0.828391 0.362347 1.000000 0.567283 1.000000 0.097136 0.039725 0.055647 0.061380 0.170145 0.671465 0.001573 0.190549
0.538313 0.259461 0.545111 0.244630 0.516685 0.244630 0.550672 0.259461 0.469102 0.260079 0.567975 0.378726 0.427699 0.371311 0.602580 0.530743 0.368376 0.516530 0.673645 0.615403 0.459215 0.503553 0.546965 0.626526 0.457361 0.623436 0.512977 0.839720 0.518539 0.829215 0.370848 0.994827 0.556852 1.000000 0.185790 0.040369 0.023397 0.054707 0.151035 0.668615 0.005509 0.142305
0.538174 0.258023 0.545563 0.242630 0.516624 0.242630 0.552952 0.258639 0.470446 0.259255 0.568960 0.379935 0.427961 0.370084 0.601593 0.532017 0.371315 0.514777 0.673016 0.617602 0.461210 0.501231 0.548026 0.626838 0.455053 0.623143 0.532017 0.844801 0.514161 0.831871 0.387324 0.980259 0.540022 1.000000 0.237153 0.052054 0.003589 0.053893 0.154086 0.666383 0.003920 0.111178
0.539013 0.258424 0.546357 0.243736 0.517594 0.243736 0.553701 0.259036 0.471696 0.258424 0.568388 0.380818 0.429470 0.369191 0.600211 0.532588 0.371945 0.514228 0.670587 0.618876 0.464353 0.498929 0.548805 0.626831 0.453337 0.623160 0.556760 0.837962 0.503519 0.831230 0.420291 0.968924 0.518818 1.000000 0.268543 0.053622 0.037273 0.045504 0.151993 0.672418 0.002726 0.063342
0.541868 0.260210 0.549176 0.245594 0.521162 0.245594 0.555266 0.259601 0.473661 0.259601 0.566228 0.380790 0.431641 0.369219 0.601549 0.532429 0.376832 0.513550 0.672192 0.621342 0.470616 0.499543 0.548567 0.626822 0.453564 0.623168 0.568664 0.834488 0.497412 0.830225 0.440776 0.972729 0.510810 1.000000 0.268332 0.047419 0.053518 0.039013 0.140865 0.662714 0.002714 0.035717
0.542165 0.263664 0.549368 0.249259 0.522358 0.248658 0.555370 0.263064 0.475541 0.261263 0.564373 0.380706 0.433526 0.369302 0.600987 0.532562 0.381307 0.513355 0.671212 0.621994 0.476742 0.497749 0.548168 0.626196 0.453933 0.623795 0.576978 0.832671 0.489946 0.828470 0.470739 0.985127 0.504352 1.000000 0.237857 0.034425 0.065113 0.029970 0.136581 0.662292 0.002675 0.011310
0.542210 0.263744 0.550562 0.249425 0.521925 0.248232 0.557125 0.264340 0.475987 0.261954 0.563688 0.383065 0.433031 0.366957 0.599484 0.532217 0.381723 0.509546 0.669287 0.620515 0.479566 0.495227 0.548773 0.625884 0.454509 0.624094 0.582779 0.824554 0.479566 0.832907 0.527891 0.998167 0.483146 1.000000 0.151432 0.032696 0.073490 0.011489 0.137956 0.656200 0.004178 0.015947
0.542805 0.264050 0.549964 0.249732 0.523118 0.248539 0.555333 0.264646 0.475987 0.261664 0.563686 0.383367 0.432437 0.366663 0.598884 0.531917 0.382920 0.508650 0.666299 0.621405 0.483146 0.496122 0.549964 0.625582 0.453914 0.624388 0.587549 0.821262 0.471215 0.828421 0.560106 1.000000 0.473004 1.000000 0.104358 0.024303 0.078416 0.000461 0.131454 0.646393 0.004938 0.033476
0.543888 0.265239 0.550434 0.250957 0.524250 0.249766 0.554599 0.265239 0.475453 0.262263 0.562335 0.382471 0.432011 0.367593 0.599231 0.531837 0.385000 0.508629 0.667665 0.622290 0.489140 0.493752 0.551029 0.625266 0.454625 0.624671 0.593280 0.823429 0.466526 0.827595 0.590899 1.000000 0.461766 1.000000 0.070463 0.025642 0.081679 0.009280 0.129085 0.647584 0.007198 0.048219
0.544799 0.266280 0.551872 0.252722 0.525347 0.250954 0.555999 0.268048 0.475832 0.263332 0.561304 0.381814 0.432802 0.368256 0.598440 0.528589 0.387413 0.509137 0.667996 0.617597 0.493516 0.492042 0.551283 0.625260 0.454612 0.624671 0.594313 0.823908 0.458148 0.828034 0.613176 1.000000 0.449896 1.000000 0.039207 0.017943 0.080997 0.021475 0.132264 0.650056 0.007506 0.062367
0.544653 0.266273 0.551726 0.252715 0.525200 0.250947 0.555853 0.268042 0.476274 0.263326 0.561158 0.381810 0.433242 0.368252 0.598295 0.528590 0.387263 0.509137 0.667853 0.617600 0.493368 0.492042 0.551137 0.625263 0.454463 0.624674 0.594169 0.823916 0.458000 0.828043 0.612442 1.000000 0.449747 1.000000 0.040177 0.017977 0.080997 0.020748 0.132264 0.651261 0.007131 0.062367
0.545580 0.264159 0.552638 0.251221 0.526172 0.248868 0.557343 0.267100 0.477357 0.262983 0.562048 0.382374 0.433247 0.367671 0.599688 0.529407 0.389137 0.507646 0.669088 0.612921 0.497942 0.490002 0.550873 0.625272 0.453832 0.624684 0.592631 0.824648 0.450891 0.829942 0.628507 1.000000 0.433835 1.000000 0.009694 0.021981 0.080350 0.030000 0.140926 0.648345 0.005991 0.070277
0.546629 0.262872 0.553712 0.249296 0.527151 0.248116 0.558434 0.265233 0.477571 0.262282 0.562565 0.381510 0.433303 0.368524 0.600340 0.527889 0.391986 0.508411 0.670579 0.608161 0.501180 0.489523 0.550170 0.624688 0.453961 0.625278 0.589716 0.825959 0.446879 0.830681 0.638706 1.000000 0.422089 1.000000 0.015553 0.027589 0.077966 0.036528 0.148420 0.645936 0.005261 0.072727
0.545832 0.263915 0.554084 0.250947 0.526968 0.248589 0.558800 0.266863 0.478042 0.261557 0.560569 0.381221 0.433831 0.368842 0.597116 0.528000 0.391389 0.510905 0.667853 0.604632 0.499853 0.489095 0.549958 0.625263 0.455642 0.624674 0.584148 0.824506 0.446210 0.825095 0.631305 1.000000 0.407895 1.000000 0.019049 0.044141 0.067925 0.042040 0.159596 0.655576 0.007131 0.069063
0.543239 0.261891 0.552123 0.247676 0.523692 0.246491 0.558639 0.263668 0.475715 0.258930 0.562785 0.382722 0.432477 0.367322 0.594177 0.528431 0.388646 0.508885 0.664662 0.601877 0.498815 0.488746 0.550346 0.626162 0.454392 0.623793 0.579370 0.829917 0.444915 0.822809 0.613724 1.000000 0.393976 1.000000 0.008283 0.063051 0.061287 0.042280 0.175905 0.653127 0.006034 0.060184
0.540085 0.261691 0.548308 0.247595 0.520703 0.245833 0.554769 0.261691 0.476066 0.259342 0.561816 0.382094 0.431429 0.367998 0.588834 0.527751 0.386205 0.508957 0.656964 0.600580 0.494861 0.491337 0.551244 0.626423 0.455510 0.623486 0.571801 0.826702 0.444351 0.819067 0.595882 1.000000 0.377982 1.000000 0.004249 0.086871 0.046322 0.048055 0.181016 0.649994 0.008601 0.050699
0.538373 0.261881 0.547128 0.247874 0.517946 0.246707 0.552964 0.262465 0.471256 0.260714 0.558217 0.381524 0.431570 0.368684 0.584480 0.528598 0.386631 0.507003 0.655098 0.600383 0.491683 0.493580 0.551797 0.626063 0.458417 0.623728 0.569305 0.822161 0.447912 0.814574 0.582145 1.000000 0.366788 1.000000 0.008589 0.112572 0.036700 0.050887 0.191143 0.640446 0.013008 0.045849
0.534165 0.261426 0.542888 0.246888 0.513811 0.246306 0.549866 0.261426 0.469615 0.261426 0.558589 0.381803 0.430652 0.368428 0.584758 0.526024 0.383548 0.506251 0.653961 0.601041 0.487061 0.494039 0.552193 0.626047 0.458566 0.623721 0.564405 0.826095 0.456240 0.818535 0.567312 1.000000 0.356216 0.986598 0.014821 0.167084 0.027742 0.038467 0.180036 0.642208 0.013702 0.023208
0.531387 0.262128 0.540687 0.248178 0.511625 0.247016 0.547662 0.263871 0.466869 0.262128 0.556961 0.382444 0.429670 0.367913 0.583117 0.528917 0.380265 0.504505 0.650541 0.605059 0.480238 0.496948 0.551730 0.625984 0.461638 0.623659 0.553474 0.829999 0.474425 0.828255 0.549987 1.000000 0.355853 0.969496 0.008130 0.242167 0.009557 0.019715 0.174445 0.634486 0.017029 0.017148
0.531644 0.261719 0.540977 0.248303 0.511812 0.245970 0.546810 0.264052 0.466897 0.259969 0.556727 0.383630 0.430149 0.366714 0.584725 0.528874 0.375901 0.503208 0.651806 0.607037 0.477980 0.496209 0.550310 0.626286 0.462814 0.623369 0.549727 0.833360 0.493146 0.829277 0.536894 1.000000 0.361319 0.964020 0.018749 0.293073 0.007518 0.006259 0.165141 0.642208 0.016718 0.047452
0.534133 0.261359 0.542885 0.247355 0.514295 0.245021 0.548137 0.263109 0.467617 0.259025 0.560390 0.383888 0.427941 0.366384 0.589563 0.530341 0.375428 0.503501 0.654913 0.607943 0.476953 0.495916 0.549304 0.626614 0.462366 0.623113 0.544052 0.833164 0.509627 0.829664 0.523631 1.000000 0.372511 0.962113 0.023456 0.327112 0.006436 0.029172 0.160194 0.640159 0.014864 0.079692
0.533940 0.264439 0.542606 0.251151 0.514876 0.248841 0.548961 0.265594 0.472126 0.260395 0.560515 0.383447 0.431108 0.366693 0.592289 0.529030 0.375648 0.503611 0.658148 0.612220 0.473281 0.497834 0.545495 0.627241 0.462882 0.622619 0.530474 0.842149 0.522964 0.820196 0.509677 1.000000 0.390668 0.965201 0.011367 0.329389 0.002625 0.054650 0.144753 0.641319 0.010667 0.116179
0.534753 0.264403 0.544021 0.251081 0.515639 0.248764 0.550971 0.266140 0.473356 0.260927 0.563135 0.384301 0.431073 0.365766 0.595571 0.532002 0.375468 0.503041 0.663919 0.615989 0.471618 0.497828 0.544021 0.628152 0.461772 0.621781 0.522590 0.840725 0.535912 0.812923 0.494208 1.000000 0.415434 0.981476 0.013977 0.315314 0.007084 0.079792 0.148625 0.639747 0.007375 0.149762
0.539015 0.258856 0.548619 0.242650 0.518007 0.242050 0.554021 0.260657 0.474190 0.257056 0.567826 0.386706 0.430973 0.363297 0.603840 0.534363 0.371550 0.504352 0.677069 0.618396 0.466387 0.495348 0.545017 0.627400 0.456183 0.622598 0.513205 0.849486 0.542617 0.821275 0.474190 1.000000 0.438776 1.000000 0.013654 0.283133 0.015213 0.099768 0.152016 0.657043 0.001527 0.175906
0.540717 0.261533 0.551496 0.245366 0.520958 0.244168 0.556885 0.262132 0.475450 0.257342 0.570058 0.386081 0.431738 0.363926 0.607183 0.535179 0.371261 0.502844 0.679636 0.619608 0.464672 0.498653 0.543711 0.627392 0.454492 0.622602 0.500000 0.834572 0.546107 0.814812 0.460480 1.000000 0.470061 1.000000 0.003355 0.250371 0.031571 0.113651 0.148070 0.644972 0.002287 0.207766
0.543058 0.262204 0.553860 0.246001 0.522654 0.244801 0.559261 0.264005 0.476445 0.258004 0.572464 0.387628 0.432637 0.362424 0.610271 0.535857 0.369625 0.501650 0.683485 0.621673 0.464443 0.499850 0.540658 0.628275 0.454241 0.621673 0.489048 0.844316 0.544258 0.819111 0.454241 1.000000 0.508252 1.000000 0.025668 0.184148 0.032813 0.109699 0.145335 0.641326 0.006495 0.210806
0.545719 0.263663 0.554654 0.246984 0.525465 0.246388 0.557037 0.263067 0.478406 0.258302 0.574311 0.386969 0.433135 0.363142 0.611244 0.531720 0.369992 0.500745 0.680939 0.617499 0.462919 0.499553 0.539166 0.628221 0.453388 0.621668 0.481981 0.844454 0.542145 0.821222 0.442665 1.000000 0.549293 1.000000 0.025959 0.123570 0.036250 0.108327 0.137670 0.641021 0.009482 0.215510
0.547792 0.263124 0.556725 0.247044 0.526948 0.246448 0.559703 0.264315 0.478709 0.258359 0.576378 0.386996 0.432853 0.363174 0.612706 0.531713 0.370321 0.501935 0.680002 0.613897 0.460843 0.500744 0.538263 0.628190 0.452506 0.621639 0.475732 0.840798 0.538859 0.824123 0.430471 1.000000 0.579356 1.000000 0.026397 0.072527 0.041165 0.104159 0.140113 0.638957 0.011756 0.219369
0.546828 0.264682 0.557431 0.249956 0.527979 0.248189 0.563321 0.265271 0.481446 0.258203 0.576869 0.384844 0.434323 0.365406 0.608676 0.531513 0.376009 0.503829 0.679949 0.608676 0.462597 0.504418 0.536225 0.627525 0.452583 0.622224 0.471432 0.836632 0.540349 0.828974 0.418419 1.000000 0.607498 1.000000 0.016825 0.032162 0.042826 0.105191 0.169397 0.624749 0.014255 0.223430
0.545447 0.263941 0.556625 0.248645 0.526033 0.247469 0.561331 0.265118 0.481321 0.259235 0.576039 0.383368 0.435433 0.366895 0.610161 0.528092 0.378367 0.503971 0.683699 0.604572 0.461907 0.505148 0.534269 0.626339 0.454259 0.623398 0.467202 0.829894 0.539564 0.828717 0.407194 1.000000 0.610749 1.000000 0.012252 0.024481 0.047119 0.102022 0.170057 0.621086 0.014612 0.226653
0.545282 0.262306 0.555833 0.247065 0.524766 0.246479 0.560523 0.264064 0.479044 0.259375 0.575763 0.383058 0.436253 0.367231 0.607417 0.527257 0.379394 0.505569 0.680689 0.599943 0.460873 0.506741 0.532972 0.626321 0.455011 0.623390 0.463804 0.829724 0.540593 0.829138 0.396393 1.000000 0.598624 1.000000 0.002199 0.043313 0.048914 0.102205 0.182496 0.619551 0.015306 0.229812
0.544231 0.259887 0.554224 0.245192 0.524246 0.243429 0.557751 0.264001 0.477223 0.256948 0.574797 0.382735 0.434902 0.367453 0.607713 0.527332 0.378474 0.507347 0.680011 0.600219 0.464879 0.504996 0.533651 0.626669 0.456650 0.623143 0.461353 0.832984 0.537178 0.835336 0.380237 1.000000 0.590079 1.000000 0.016760 0.040478 0.054098 0.088445 0.177465 0.630700 0.012351 0.222743
0.542197 0.258872 0.550431 0.244757 0.522201 0.242993 0.554548 0.262989 0.473976 0.256519 0.573956 0.382376 0.431043 0.367674 0.604538 0.527053 0.378113 0.509410 0.672760 0.602332 0.462213 0.505881 0.539257 0.627622 0.455744 0.622328 0.466330 0.835815 0.526906 0.836403 0.369291 1.000000 0.574544 1.000000 0.043084 0.035133 0.062507 0.071375 0.168049 0.627114 0.006365 0.209401
0.540094 0.258255 0.548939 0.244105 0.520637 0.241746 0.553066 0.260614 0.472877 0.254718 0.572523 0.382076 0.426887 0.367925 0.600825 0.527123 0.374411 0.511792 0.670401 0.606721 0.464623 0.508844 0.544222 0.627358 0.456368 0.622641 0.484670 0.835494 0.516509 0.835494 0.369104 1.000000 0.557783 1.000000 0.092160 0.030837 0.052138 0.050975 0.167305 0.621730 0.000754 0.176358
0.538043 0.256611 0.546269 0.241923 0.517479 0.240748 0.550969 0.257786 0.469889 0.254849 0.570946 0.381757 0.428173 0.368244 0.600910 0.528643 0.375295 0.511604 0.670240 0.610311 0.466363 0.507491 0.545681 0.627349 0.455200 0.622649 0.518654 0.840627 0.506316 0.836514 0.377057 0.998675 0.541568 1.000000 0.192419 0.025966 0.007493 0.040989 0.159992 0.626847 0.001124 0.114801
0.536951 0.260395 0.546189 0.245384 0.517321 0.244229 0.551385 0.260972 0.473441 0.255776 0.569283 0.382218 0.431871 0.367784 0.599306 0.527713 0.379332 0.508083 0.667435 0.607967 0.472287 0.506351 0.543302 0.627597 0.455543 0.622401 0.530023 0.837179 0.500000 0.832560 0.394920 0.973436 0.523672 1.000000 0.228504 0.032931 0.013436 0.036848 0.159274 0.619987 0.001469 0.086498
0.541808 0.257542 0.549463 0.241643 0.520610 0.241643 0.553585 0.259897 0.473502 0.256364 0.570073 0.384144 0.434049 0.365890 0.605404 0.532534 0.376342 0.508391 0.674299 0.615561 0.472324 0.501914 0.543575 0.628516 0.452303 0.621450 0.563007 0.849923 0.487634 0.834613 0.420506 0.980647 0.503533 1.000000 0.291577 0.030614 0.062247 0.029585 0.146072 0.643926 0.005248 0.024418
0.542566 0.260080 0.550592 0.245175 0.522501 0.245175 0.556325 0.261227 0.477785 0.258933 0.569511 0.383910 0.435362 0.366138 0.601042 0.528951 0.383766 0.506019 0.669836 0.613224 0.480652 0.500860 0.542566 0.626983 0.452561 0.622970 0.573524 0.831072 0.484091 0.834512 0.451414 0.961782 0.494410 1.000000 0.287095 0.032149 0.083059 0.025814 0.149783 0.629417 0.006205 0.000812
0.545016 0.260536 0.552495 0.245003 0.524881 0.245003 0.555947 0.262837 0.478858 0.258810 0.568603 0.385374 0.435712 0.364663 0.606572 0.531497 0.382785 0.505034 0.673881 0.615489 0.480009 0.496980 0.543866 0.628145 0.451820 0.621817 0.587012 0.830647 0.471955 0.834099 0.485762 0.964114 0.485186 1.000000 0.273404 0.011400 0.099145 0.010189 0.134122 0.641080 0.005494 0.036721
0.543931 0.262487 0.551867 0.247749 0.524091 0.246615 0.557536 0.262487 0.479877 0.258519 0.567739 0.384361 0.435095 0.365655 0.601751 0.527209 0.382944 0.503968 0.669207 0.612238 0.481577 0.498299 0.545632 0.625842 0.451534 0.624142 0.590414 0.820274 0.467406 0.826510 0.520690 1.000000 0.469673 1.000000 0.189199 0.021633 0.101117 0.004697 0.139076 0.633045 0.003609 0.047142
0.545309 0.262234 0.553831 0.248031 0.525424 0.246895 0.558944 0.263371 0.480541 0.258258 0.568603 0.384384 0.434522 0.365636 0.603259 0.528691 0.383958 0.504829 0.672572 0.615616 0.486223 0.496307 0.546445 0.625842 0.450430 0.624138 0.593601 0.822418 0.463497 0.828668 0.553831 1.000000 0.460656 1.000000 0.135579 0.024369 0.104070 0.000747 0.139245 0.637378 0.003978 0.054633
0.545928 0.261260 0.554459 0.246473 0.526590 0.245904 0.559009 0.261829 0.481657 0.258417 0.569816 0.383545 0.433881 0.366482 0.604511 0.528580 0.384398 0.504692 0.674469 0.616170 0.487345 0.495023 0.547065 0.625271 0.449238 0.624702 0.601098 0.820926 0.456632 0.825476 0.588585 1.000000 0.447531 1.000000 0.103984 0.024604 0.115638 0.007190 0.139784 0.639246 0.004707 0.074050
0.548828 0.260956 0.556187 0.246237 0.528448 0.245670 0.560150 0.261522 0.481460 0.258125 0.570907 0.383804 0.434472 0.366254 0.605440 0.529863 0.386351 0.504387 0.676771 0.614781 0.491650 0.493065 0.545997 0.624971 0.448625 0.624971 0.598646 0.824245 0.448625 0.831605 0.616196 1.000000 0.435038 1.000000 0.056711 0.020024 0.114981 0.017396 0.148488 0.640798 0.006848 0.082220
