0.564790 0.312175 0.559554 0.299087 0.559554 0.296469 0.494110 0.304322 0.533377 0.301704 0.457461 0.377619 0.541230 0.372384 0.420813 0.508508 0.567407 0.503272 0.449608 0.592276 0.609292 0.613218 0.478403 0.626307 0.522905 0.623689 0.543848 0.799080 0.509817 0.814786 0.504581 0.984941 0.478403 1.000000 0.181530 0.028080 0.088514 0.001402 0.192293 0.053025 0.001669 0.137024
0.569219 0.309143 0.563843 0.295702 0.563843 0.293014 0.499328 0.301078 0.534274 0.298390 0.456318 0.379034 0.545026 0.370970 0.421372 0.513441 0.569219 0.502688 0.450942 0.602149 0.614918 0.618278 0.475135 0.626342 0.523521 0.623654 0.547714 0.803759 0.499328 0.822576 0.534274 0.991928 0.464382 1.000000 0.146304 0.014715 0.099433 0.011499 0.183384 0.062020 0.001711 0.162130
0.571330 0.304351 0.565896 0.288047 0.560461 0.288047 0.503397 0.296199 0.530570 0.296199 0.457202 0.380437 0.544157 0.369567 0.419159 0.513587 0.571330 0.500000 0.451767 0.589673 0.617525 0.616846 0.476223 0.624998 0.522418 0.624998 0.546874 0.812495 0.489810 0.826082 0.555026 1.000000 0.454484 1.000000 0.101072 0.002068 0.089998 0.024147 0.217467 0.054461 0.001730 0.165878
0.568361 0.305966 0.565599 0.292156 0.560075 0.289394 0.510358 0.300442 0.524168 0.294918 0.455117 0.383303 0.540740 0.366731 0.410924 0.521406 0.565599 0.499309 0.449593 0.607029 0.612554 0.618078 0.482737 0.626364 0.521406 0.623602 0.543502 0.822470 0.477213 0.833518 0.568361 1.000000 0.435782 1.000000 0.054359 0.004021 0.059628 0.042134 0.233607 0.060842 0.005275 0.161693
0.570652 0.304348 0.565217 0.288043 0.562500 0.288043 0.508152 0.296196 0.524457 0.296196 0.456522 0.380435 0.543478 0.369565 0.421196 0.513587 0.576087 0.497283 0.453804 0.600543 0.622283 0.616848 0.475543 0.625000 0.524457 0.625000 0.543478 0.815217 0.472826 0.826087 0.586957 0.994565 0.432065 1.000000 0.033482 0.017167 0.084480 0.056340 0.196748 0.037789 0.000005 0.189188
0.571330 0.300275 0.565896 0.283971 0.560461 0.283971 0.508831 0.292123 0.522418 0.294840 0.459919 0.381795 0.541440 0.368208 0.419159 0.509511 0.576765 0.501359 0.454484 0.596466 0.620243 0.620922 0.476223 0.623639 0.522418 0.626357 0.544157 0.816571 0.465354 0.824723 0.595787 0.993199 0.416441 1.000000 0.017243 0.013209 0.086339 0.065749 0.221166 0.028469 0.001730 0.196927
0.574567 0.297701 0.571806 0.286654 0.563520 0.286654 0.516571 0.294940 0.524856 0.292178 0.458574 0.380554 0.546950 0.369507 0.411624 0.515880 0.580091 0.502071 0.455812 0.601495 0.627041 0.620827 0.472382 0.626350 0.522094 0.623589 0.552473 0.822435 0.461335 0.830720 0.599423 1.000000 0.403339 1.000000 0.044335 0.000503 0.105567 0.059783 0.257962 0.041862 0.007033 0.214254
0.578607 0.296464 0.575800 0.285234 0.564570 0.282427 0.519652 0.296464 0.525267 0.293657 0.457889 0.380686 0.550533 0.369456 0.412971 0.518248 0.581414 0.501404 0.457889 0.602470 0.631948 0.624929 0.471926 0.624929 0.519652 0.624929 0.556148 0.824254 0.466311 0.832676 0.598259 1.000000 0.390512 1.000000 0.059117 0.032764 0.108981 0.041709 0.256422 0.050425 0.010725 0.207254
0.575130 0.292164 0.572321 0.280930 0.563895 0.280930 0.521767 0.292164 0.521767 0.289356 0.459978 0.382039 0.544235 0.367996 0.409423 0.519660 0.577938 0.500000 0.457169 0.603918 0.628493 0.623578 0.476829 0.626387 0.518958 0.623578 0.555470 0.822988 0.465595 0.828605 0.591981 1.000000 0.381337 1.000000 0.063475 0.044616 0.099201 0.049670 0.276164 0.044035 0.005365 0.202169
0.576271 0.291667 0.573446 0.280367 0.562147 0.280367 0.516949 0.294492 0.519774 0.291667 0.457627 0.382062 0.542373 0.367938 0.412429 0.520480 0.579096 0.500706 0.460452 0.608051 0.627119 0.625000 0.477401 0.625000 0.522599 0.625000 0.550847 0.825565 0.474576 0.825565 0.587571 1.000000 0.375706 1.000000 0.054877 0.072777 0.085885 0.050370 0.260129 0.031464 0.000005 0.186543
0.573442 0.290268 0.570617 0.278969 0.559318 0.278969 0.516948 0.290268 0.516948 0.287443 0.454805 0.383482 0.542370 0.366534 0.409610 0.521891 0.581916 0.504943 0.460454 0.609456 0.624286 0.626404 0.477403 0.626404 0.525422 0.623580 0.545195 0.826957 0.480227 0.824132 0.579091 1.000000 0.375714 1.000000 0.051191 0.088066 0.074234 0.049596 0.267916 0.018252 0.003595 0.174313
0.570207 0.292187 0.567399 0.280954 0.556166 0.280954 0.514041 0.292187 0.516850 0.289379 0.455068 0.382052 0.539316 0.368011 0.410135 0.522466 0.581440 0.505617 0.460684 0.603906 0.620756 0.623564 0.477534 0.626373 0.528083 0.623564 0.542124 0.831377 0.494383 0.825760 0.570207 1.000000 0.379244 1.000000 0.052616 0.128791 0.067968 0.038586 0.275401 0.007857 0.007152 0.149724
0.567310 0.294600 0.564535 0.280721 0.553432 0.280721 0.509021 0.291824 0.514572 0.289048 0.450732 0.383421 0.539553 0.366767 0.409096 0.522205 0.583964 0.505551 0.461834 0.599924 0.617272 0.622130 0.478488 0.624906 0.531226 0.624906 0.525675 0.830306 0.517348 0.824754 0.556208 1.000000 0.392442 0.980193 0.023621 0.193399 0.035451 0.011805 0.282550 0.009996 0.012373 0.093948
0.571105 0.293587 0.565583 0.277019 0.557299 0.279780 0.504832 0.288064 0.513117 0.290826 0.455128 0.384712 0.537969 0.365383 0.416468 0.520020 0.582151 0.503452 0.466173 0.600100 0.615288 0.616668 0.474457 0.624952 0.532446 0.624952 0.521401 0.829294 0.526923 0.826533 0.543492 1.000000 0.413707 0.970125 0.036163 0.203806 0.046322 0.001943 0.265405 0.007950 0.008791 0.080597
0.570794 0.293170 0.565242 0.276513 0.556913 0.279289 0.504164 0.287618 0.512493 0.290394 0.454192 0.384786 0.537479 0.365353 0.415325 0.523598 0.581899 0.501388 0.462521 0.601333 0.615214 0.615214 0.476402 0.626319 0.531927 0.623542 0.523598 0.828984 0.526374 0.826208 0.543032 1.000000 0.412549 0.973348 0.042399 0.200865 0.043641 0.001870 0.260589 0.009832 0.010607 0.081547
0.569699 0.293663 0.564179 0.279861 0.555897 0.279861 0.503450 0.288142 0.511732 0.290902 0.453764 0.384755 0.536575 0.365432 0.415119 0.522773 0.577980 0.497930 0.464805 0.602824 0.608344 0.608344 0.475847 0.624907 0.533814 0.624907 0.514492 0.829174 0.539335 0.826413 0.528294 1.000000 0.417879 0.961671 0.037749 0.241622 0.030330 0.012104 0.263721 0.010988 0.012304 0.050799
0.567828 0.297187 0.562456 0.283755 0.557083 0.283755 0.503358 0.291814 0.514103 0.294500 0.455005 0.385834 0.535593 0.364343 0.420083 0.520147 0.575887 0.493284 0.463064 0.598049 0.605436 0.603421 0.473809 0.624912 0.535593 0.624912 0.503358 0.818323 0.554397 0.810264 0.522162 1.000000 0.436201 0.944578 0.017828 0.261892 0.023274 0.032182 0.241449 0.012976 0.011973 0.016075
0.566776 0.299673 0.564131 0.283806 0.556197 0.286450 0.505950 0.294384 0.513884 0.297029 0.455703 0.384300 0.537685 0.365788 0.421324 0.519173 0.574709 0.492727 0.463637 0.593221 0.603800 0.603800 0.471571 0.624956 0.535041 0.624956 0.500661 0.815366 0.558842 0.807432 0.513884 1.000000 0.458348 0.942306 0.026490 0.245117 0.027300 0.044534 0.244695 0.008799 0.008419 0.006972
0.567647 0.300282 0.562493 0.284820 0.554761 0.284820 0.510952 0.297705 0.513529 0.297705 0.459412 0.382746 0.536722 0.367284 0.425911 0.516751 0.570224 0.488403 0.467143 0.586330 0.598571 0.596638 0.472297 0.624985 0.531568 0.624985 0.490336 0.802799 0.567647 0.789914 0.477451 0.980613 0.477451 0.939380 0.055208 0.241377 0.015267 0.074916 0.248261 0.004361 0.004922 0.036368
0.567982 0.298643 0.562803 0.285694 0.555033 0.285694 0.508417 0.296053 0.516186 0.296053 0.456621 0.384106 0.536905 0.365978 0.428133 0.511007 0.567982 0.487698 0.464390 0.583521 0.599060 0.596470 0.472160 0.624958 0.534315 0.624958 0.482519 0.803655 0.578342 0.788116 0.479929 0.977172 0.495468 0.943504 0.023183 0.239853 0.002074 0.087078 0.217876 0.009016 0.008245 0.065463
0.567917 0.300735 0.565354 0.287921 0.555102 0.287921 0.511533 0.298172 0.516659 0.298172 0.457712 0.382748 0.534599 0.367370 0.429521 0.508329 0.567917 0.490389 0.462838 0.585216 0.598671 0.600593 0.473090 0.626222 0.534599 0.623659 0.480778 0.805625 0.585857 0.782559 0.475653 0.995278 0.511533 0.954272 0.022235 0.229352 0.006443 0.099326 0.200451 0.002439 0.009791 0.085693
0.571580 0.298276 0.566374 0.285261 0.558565 0.285261 0.511713 0.295673 0.516919 0.295673 0.457052 0.381568 0.535139 0.368554 0.428420 0.509110 0.568977 0.493493 0.464861 0.592403 0.600212 0.608020 0.472670 0.626240 0.535139 0.623638 0.475272 0.808443 0.587197 0.785017 0.472670 0.998455 0.535139 0.972426 0.008907 0.185571 0.015743 0.099326 0.201566 0.000572 0.009944 0.094779
0.572332 0.294839 0.567072 0.281688 0.559181 0.281688 0.511836 0.294839 0.517097 0.292209 0.453970 0.381638 0.538139 0.368487 0.427668 0.510521 0.572332 0.497370 0.461861 0.589429 0.598635 0.610471 0.469752 0.626253 0.538139 0.623623 0.467122 0.810372 0.588114 0.791960 0.459231 1.000000 0.559181 0.986600 0.008178 0.138833 0.025055 0.091860 0.194241 0.009815 0.010048 0.096407
0.572041 0.295775 0.569397 0.282556 0.558822 0.282556 0.513879 0.293131 0.516523 0.293131 0.453075 0.380373 0.537673 0.369798 0.423994 0.512558 0.572041 0.499339 0.461006 0.589225 0.598477 0.613018 0.468937 0.626236 0.540316 0.623592 0.461006 0.816582 0.587903 0.798076 0.450431 1.000000 0.579972 0.993709 0.003933 0.097648 0.033763 0.081435 0.212093 0.009815 0.011784 0.098006
0.573362 0.301062 0.570719 0.285200 0.560144 0.285200 0.512558 0.295775 0.520489 0.295775 0.451753 0.380373 0.538994 0.369798 0.425316 0.509914 0.570719 0.496695 0.459684 0.586581 0.597156 0.610374 0.467615 0.626236 0.541638 0.623592 0.454396 0.813938 0.591868 0.798076 0.443822 1.000000 0.602443 0.991065 0.005420 0.071798 0.042887 0.085907 0.198223 0.005246 0.011784 0.111601
0.573719 0.299432 0.571062 0.283493 0.560436 0.283493 0.512619 0.294119 0.520588 0.294119 0.448862 0.379128 0.539184 0.371158 0.424953 0.511954 0.571062 0.501328 0.464801 0.588994 0.600284 0.615559 0.470114 0.626185 0.541840 0.623529 0.446205 0.814799 0.589658 0.801516 0.430266 1.000000 0.613567 0.990130 0.014382 0.043408 0.067449 0.080193 0.208632 0.003270 0.015227 0.123678
0.577845 0.300020 0.575160 0.286599 0.564423 0.286599 0.518790 0.294651 0.521474 0.294651 0.448998 0.377865 0.537580 0.372496 0.422155 0.512079 0.569792 0.504026 0.465104 0.592608 0.602003 0.616767 0.470473 0.624820 0.542949 0.624820 0.440946 0.810036 0.588582 0.801983 0.414103 1.000000 0.623478 0.992568 0.008128 0.022601 0.077931 0.073473 0.218791 0.012138 0.017097 0.130566
0.571200 0.298492 0.571200 0.285058 0.560452 0.285058 0.520151 0.293118 0.520151 0.293118 0.452981 0.376408 0.538958 0.373722 0.420740 0.508060 0.565826 0.505374 0.461042 0.599411 0.598067 0.618218 0.466415 0.623592 0.541645 0.626278 0.434174 0.806292 0.584633 0.806292 0.401933 1.000000 0.627622 0.991680 0.004426 0.002088 0.072882 0.071231 0.208704 0.024504 0.010265 0.130217
0.571883 0.299803 0.571883 0.286368 0.561134 0.286368 0.518139 0.297116 0.520826 0.294429 0.453646 0.377732 0.539636 0.372358 0.416025 0.506718 0.563821 0.506718 0.453646 0.595396 0.596067 0.619580 0.467082 0.624955 0.539636 0.624955 0.429461 0.807685 0.585319 0.810372 0.389153 1.000000 0.620252 0.995789 0.000962 0.017617 0.081914 0.076893 0.218050 0.031897 0.008555 0.141524
0.572464 0.296568 0.569805 0.285932 0.559168 0.283272 0.516620 0.293909 0.519279 0.293909 0.455458 0.379005 0.540553 0.371027 0.415569 0.506648 0.561827 0.503989 0.458117 0.589084 0.593738 0.618336 0.466095 0.623654 0.537894 0.626314 0.426206 0.804482 0.580442 0.807142 0.375681 0.995947 0.607034 0.987970 0.013017 0.027081 0.082939 0.076874 0.248076 0.036125 0.005080 0.142667
0.573639 0.295297 0.573639 0.281785 0.562830 0.281785 0.519592 0.292595 0.519592 0.289892 0.454736 0.379070 0.541211 0.370963 0.411498 0.506080 0.562830 0.503378 0.449331 0.589853 0.592555 0.619579 0.465545 0.624984 0.538508 0.624984 0.433117 0.803339 0.579044 0.808743 0.370963 0.997908 0.600662 0.997908 0.041172 0.032887 0.071232 0.072495 0.239469 0.028204 0.005161 0.126358
0.572810 0.296266 0.570138 0.280234 0.559450 0.282906 0.511356 0.290922 0.519371 0.293594 0.455245 0.379095 0.535403 0.371080 0.409823 0.510020 0.562122 0.504676 0.447229 0.584834 0.588841 0.614225 0.471277 0.624913 0.538075 0.624913 0.439214 0.801260 0.578154 0.806603 0.367072 0.985622 0.586170 0.998982 0.061477 0.055853 0.077979 0.065758 0.253882 0.013317 0.011910 0.126358
0.573513 0.296170 0.570839 0.280131 0.562820 0.282804 0.509356 0.290823 0.520049 0.290823 0.455892 0.379038 0.538761 0.371019 0.410448 0.510024 0.565493 0.504678 0.450546 0.587547 0.586879 0.614279 0.469258 0.624971 0.536088 0.624971 0.455892 0.801402 0.578859 0.806748 0.367677 0.972486 0.578859 1.000000 0.127469 0.073558 0.041351 0.076909 0.258242 0.001493 0.006807 0.097627
0.574037 0.297060 0.571393 0.281195 0.560816 0.281195 0.510577 0.289127 0.518509 0.291772 0.455049 0.379029 0.537018 0.371097 0.410098 0.508594 0.563460 0.503305 0.447117 0.587919 0.584613 0.611716 0.470914 0.624937 0.537018 0.624937 0.465626 0.802096 0.576681 0.804741 0.373080 0.955458 0.568748 0.997765 0.163328 0.082182 0.030007 0.069109 0.245281 0.001493 0.010102 0.078608
0.573234 0.295337 0.570619 0.282259 0.560157 0.282259 0.510462 0.290105 0.518309 0.292721 0.452921 0.379033 0.536617 0.371186 0.411073 0.504577 0.560157 0.501962 0.447690 0.585658 0.583696 0.609197 0.473845 0.624891 0.536617 0.624891 0.481691 0.800130 0.570619 0.807976 0.379687 0.941367 0.557541 0.993677 0.213341 0.080828 0.012782 0.058449 0.237442 0.012093 0.013325 0.044205
0.568095 0.299498 0.565573 0.286888 0.555485 0.286888 0.510088 0.294454 0.517654 0.296976 0.454603 0.380203 0.532786 0.370115 0.411729 0.501261 0.558007 0.498739 0.447037 0.576922 0.578183 0.602143 0.477302 0.624841 0.535309 0.624841 0.492434 0.786251 0.552963 0.803906 0.389030 0.914875 0.542875 0.975404 0.245291 0.049984 0.000308 0.028130 0.247330 0.000302 0.016063 0.001526
0.571780 0.301965 0.569216 0.289147 0.558962 0.289147 0.517945 0.299401 0.520509 0.296838 0.456419 0.378872 0.538453 0.371181 0.415402 0.507050 0.558962 0.501923 0.446165 0.586520 0.587161 0.612156 0.471801 0.624974 0.533326 0.624974 0.492309 0.794169 0.553835 0.809550 0.402585 0.927474 0.535890 0.994127 0.226971 0.066073 0.018527 0.041653 0.216144 0.030191 0.006528 0.003173
0.572901 0.304730 0.570297 0.291712 0.559883 0.291712 0.518225 0.302126 0.523432 0.296919 0.455739 0.380234 0.539054 0.369820 0.414081 0.510414 0.562486 0.502604 0.440117 0.593730 0.591126 0.619766 0.471360 0.624973 0.533847 0.624973 0.500000 0.796811 0.549468 0.815036 0.421892 0.940009 0.528640 1.000000 0.211515 0.059929 0.032278 0.032599 0.194993 0.020713 0.006630 0.026464
0.573647 0.304045 0.571017 0.288263 0.563126 0.288263 0.510521 0.298784 0.523672 0.296154 0.455285 0.377693 0.536824 0.372432 0.415831 0.506576 0.563126 0.501315 0.434243 0.593374 0.592059 0.611786 0.476328 0.624938 0.531563 0.624938 0.515782 0.795905 0.534193 0.816947 0.439504 0.945830 0.518412 1.000000 0.222002 0.030113 0.045167 0.010991 0.161093 0.017454 0.010048 0.067832
0.573647 0.304045 0.571017 0.288263 0.563126 0.288263 0.510521 0.298784 0.523672 0.296154 0.455285 0.377693 0.536824 0.372432 0.415831 0.506576 0.560496 0.498685 0.434243 0.593374 0.592059 0.609156 0.476328 0.624938 0.531563 0.624938 0.515782 0.795905 0.534193 0.816947 0.439504 0.945830 0.518412 1.000000 0.222002 0.029771 0.045167 0.010991 0.161093 0.029587 0.010048 0.067832
0.577110 0.305895 0.574451 0.292600 0.566474 0.292600 0.513295 0.300577 0.526590 0.297918 0.454797 0.377687 0.539885 0.372369 0.422890 0.505318 0.563815 0.500000 0.433526 0.598382 0.598382 0.611677 0.476069 0.624972 0.529249 0.624972 0.523931 0.803123 0.534567 0.816418 0.462774 0.973297 0.510636 1.000000 0.193361 0.045877 0.056229 0.022234 0.114200 0.036549 0.006771 0.074704
0.577110 0.308554 0.574451 0.292600 0.566474 0.292600 0.515954 0.303236 0.526590 0.297918 0.454797 0.377687 0.539885 0.372369 0.422890 0.505318 0.566474 0.500000 0.433526 0.601041 0.606359 0.614336 0.476069 0.624972 0.529249 0.624972 0.526590 0.800464 0.529249 0.816418 0.489364 0.991910 0.497341 1.000000 0.150353 0.047984 0.061908 0.013395 0.113202 0.041458 0.006771 0.089222
0.575482 0.308289 0.572810 0.292258 0.564794 0.292258 0.516700 0.302945 0.524715 0.297602 0.452573 0.377759 0.538075 0.372416 0.420510 0.508684 0.564794 0.497996 0.433870 0.599529 0.607545 0.615561 0.479293 0.626248 0.530059 0.623577 0.532731 0.805267 0.522043 0.818627 0.487308 1.000000 0.481964 1.000000 0.162385 0.046654 0.058242 0.002917 0.122926 0.044287 0.011910 0.105411
0.577230 0.306589 0.571858 0.293157 0.563799 0.293157 0.512760 0.301216 0.523505 0.298530 0.450976 0.379118 0.539622 0.371059 0.416054 0.510745 0.566485 0.497314 0.434858 0.602078 0.612152 0.618196 0.480525 0.626255 0.528877 0.623568 0.544995 0.811607 0.502015 0.825039 0.520819 0.999646 0.469779 1.000000 0.147252 0.006396 0.068671 0.028655 0.147179 0.048244 0.011973 0.148742
0.577500 0.306918 0.574828 0.290883 0.566811 0.293555 0.516035 0.301573 0.526724 0.298900 0.451896 0.379073 0.540086 0.371056 0.414483 0.512694 0.569483 0.496659 0.441207 0.600884 0.617587 0.619591 0.481293 0.624936 0.526724 0.624936 0.548104 0.809333 0.489310 0.825367 0.548104 0.996402 0.459914 1.000000 0.110647 0.014146 0.072768 0.042004 0.180559 0.045545 0.010210 0.169389
0.578836 0.304245 0.573492 0.290883 0.565474 0.290883 0.520043 0.301573 0.525388 0.298900 0.450560 0.379073 0.541423 0.371056 0.415819 0.510022 0.573492 0.499332 0.442543 0.598211 0.618923 0.619591 0.482629 0.624936 0.525388 0.624936 0.546767 0.812005 0.477284 0.828040 0.568147 0.993730 0.445215 1.000000 0.067860 0.024814 0.063851 0.053948 0.176206 0.036996 0.010210 0.179162
0.577953 0.303775 0.575264 0.287647 0.567200 0.287647 0.521504 0.298399 0.526880 0.295711 0.454304 0.379039 0.543008 0.370975 0.413983 0.510752 0.575264 0.500000 0.446240 0.591393 0.620961 0.618273 0.481184 0.623649 0.521504 0.626337 0.545696 0.817186 0.470432 0.827938 0.583328 0.997283 0.432800 1.000000 0.036847 0.021728 0.067577 0.052235 0.215677 0.039381 0.003423 0.181393
0.582428 0.303390 0.579725 0.289877 0.568915 0.289877 0.525674 0.297985 0.528377 0.297985 0.458111 0.379061 0.544592 0.370954 0.414870 0.511486 0.579725 0.503378 0.444598 0.600670 0.625668 0.622290 0.474326 0.624993 0.522972 0.624993 0.547295 0.816873 0.466218 0.833089 0.595940 0.995241 0.417572 1.000000 0.030921 0.010725 0.094715 0.057726 0.202880 0.034812 0.003440 0.200422
0.582619 0.304035 0.582619 0.290379 0.571695 0.290379 0.530726 0.298572 0.530726 0.295841 0.459714 0.380509 0.547114 0.369584 0.410553 0.519801 0.577157 0.506145 0.440596 0.604469 0.626319 0.623588 0.476102 0.626319 0.517070 0.623588 0.552576 0.822967 0.465177 0.825698 0.601738 1.000000 0.405090 1.000000 0.033308 0.007507 0.096869 0.042525 0.216537 0.057261 0.008695 0.198058
0.578973 0.303598 0.578973 0.289864 0.567985 0.289864 0.524035 0.300851 0.526782 0.295357 0.458110 0.380511 0.546010 0.369523 0.408666 0.515108 0.576226 0.506867 0.438882 0.608502 0.625670 0.624983 0.477338 0.624983 0.518541 0.624983 0.551504 0.817265 0.463604 0.822758 0.595454 1.000000 0.394932 1.000000 0.045652 0.013685 0.092196 0.052149 0.211659 0.057261 0.005246 0.203425
