0.441722 0.294733 0.454673 0.279193 0.441722 0.279193 0.496115 0.286963 0.480574 0.286963 0.509065 0.377617 0.496115 0.372437 0.477984 0.525254 0.459853 0.520073 0.426182 0.634039 0.413231 0.636629 0.503885 0.626268 0.490935 0.623678 0.470214 0.792036 0.436542 0.781675 0.498705 0.991475 0.527196 0.934492 0.108956 0.275966 0.057158 0.098975 0.075415 0.044455 0.006596 0.041748
0.444661 0.291514 0.454957 0.278644 0.444661 0.278644 0.498713 0.286366 0.483270 0.283792 0.511583 0.379027 0.501287 0.371305 0.475548 0.520591 0.467826 0.512870 0.413774 0.623547 0.411200 0.626121 0.501287 0.626121 0.485844 0.623547 0.488417 0.803720 0.436939 0.785703 0.509009 0.989041 0.511583 0.950433 0.058249 0.228662 0.009771 0.073773 0.092681 0.073703 0.016393 0.070211
0.444119 0.293372 0.457115 0.277777 0.444119 0.280376 0.498700 0.285575 0.485705 0.285575 0.514295 0.379142 0.501300 0.371345 0.472710 0.516894 0.467511 0.511696 0.405133 0.623457 0.407732 0.623457 0.503899 0.626056 0.480507 0.623457 0.498700 0.805394 0.436322 0.789799 0.511696 0.992529 0.480507 0.966538 0.031293 0.160622 0.004171 0.056450 0.086568 0.081143 0.019869 0.073419
0.440173 0.294145 0.453039 0.281279 0.442747 0.281279 0.496784 0.286426 0.483918 0.286426 0.507076 0.379060 0.507076 0.371341 0.465905 0.515439 0.468478 0.510293 0.401576 0.615793 0.404149 0.615793 0.501930 0.626086 0.483918 0.623513 0.501930 0.806209 0.435027 0.788197 0.519942 0.988905 0.453039 0.965747 0.031282 0.124042 0.006630 0.062709 0.088125 0.088049 0.018029 0.091860
0.440185 0.293249 0.450588 0.280246 0.440185 0.280246 0.494799 0.288048 0.484396 0.285447 0.507802 0.379070 0.505201 0.371268 0.466192 0.514304 0.466192 0.511703 0.398575 0.615729 0.398575 0.618329 0.505201 0.626131 0.481796 0.623531 0.513003 0.810777 0.429783 0.792572 0.528607 0.995422 0.427182 0.969416 0.013394 0.090335 0.016792 0.065566 0.092152 0.093648 0.016564 0.108457
0.442121 0.294208 0.452411 0.281346 0.442121 0.281346 0.496141 0.289063 0.485852 0.289063 0.509003 0.379097 0.506431 0.371380 0.465273 0.515434 0.465273 0.512862 0.400962 0.615758 0.398390 0.618331 0.503859 0.626048 0.480707 0.623475 0.521865 0.806116 0.431831 0.793254 0.545017 0.986184 0.408680 0.965605 0.008977 0.046719 0.038356 0.056854 0.082650 0.089780 0.019664 0.120948
0.437919 0.294557 0.448159 0.281757 0.437919 0.281757 0.491680 0.286877 0.484000 0.286877 0.504480 0.379038 0.509600 0.371358 0.460959 0.512160 0.468640 0.509600 0.399519 0.614561 0.402079 0.614561 0.501920 0.627362 0.484000 0.622242 0.522400 0.809124 0.430239 0.791204 0.550561 0.988326 0.391839 0.960166 0.013899 0.026921 0.038997 0.065688 0.071444 0.088202 0.017937 0.133771
0.439199 0.296697 0.449332 0.281496 0.439199 0.284030 0.492400 0.286563 0.484800 0.286563 0.505067 0.380298 0.510134 0.370165 0.461999 0.517100 0.469599 0.512034 0.403732 0.613369 0.403732 0.618435 0.502533 0.626035 0.482266 0.623502 0.527867 0.803372 0.431599 0.790705 0.560801 0.978175 0.393598 0.957908 0.014109 0.022523 0.048449 0.058784 0.076168 0.087856 0.019365 0.138825
0.442026 0.298350 0.452108 0.283226 0.442026 0.283226 0.494959 0.288267 0.484876 0.288267 0.507562 0.379010 0.507562 0.371448 0.472273 0.512603 0.467232 0.515124 0.414299 0.613428 0.409257 0.618469 0.505041 0.626031 0.479835 0.623511 0.532768 0.804996 0.434464 0.789872 0.573098 0.973878 0.406737 0.958754 0.025690 0.032953 0.052175 0.049877 0.083901 0.075621 0.019268 0.133677
0.442349 0.296637 0.452485 0.281432 0.444883 0.283966 0.493031 0.289034 0.485429 0.286500 0.508236 0.377729 0.505702 0.372660 0.477826 0.506969 0.472758 0.512037 0.427144 0.613402 0.422076 0.623538 0.505702 0.626073 0.480361 0.623538 0.533577 0.803461 0.439815 0.793325 0.584260 0.978316 0.411939 0.965645 0.040189 0.023567 0.052862 0.042573 0.067904 0.061919 0.017755 0.124231
0.442603 0.296616 0.452585 0.281643 0.442603 0.284138 0.492513 0.289129 0.487522 0.289129 0.504991 0.378968 0.509982 0.371481 0.475045 0.513725 0.475045 0.513725 0.430126 0.618537 0.427630 0.623528 0.502496 0.626023 0.482531 0.623528 0.532442 0.800709 0.442603 0.793223 0.592334 0.970404 0.420144 0.957926 0.053958 0.030419 0.057257 0.039027 0.059276 0.053089 0.019076 0.127601
0.442222 0.296845 0.454647 0.281935 0.444707 0.281935 0.494409 0.289390 0.484468 0.286905 0.506834 0.378853 0.504349 0.371397 0.479498 0.515532 0.474528 0.513047 0.439737 0.617420 0.434767 0.622390 0.506834 0.624875 0.481983 0.624875 0.529200 0.798830 0.447192 0.788890 0.601267 0.965330 0.429797 0.955389 0.089324 0.033398 0.040702 0.038521 0.055600 0.044969 0.014243 0.107236
0.443286 0.295829 0.455889 0.283226 0.443286 0.283226 0.496219 0.288267 0.483616 0.288267 0.508822 0.379010 0.506302 0.371448 0.493698 0.520165 0.481095 0.517644 0.453368 0.628552 0.445807 0.631073 0.503781 0.623511 0.481095 0.626031 0.516384 0.799955 0.453368 0.797434 0.604606 0.968837 0.440765 0.968837 0.130536 0.027686 0.029260 0.019635 0.079413 0.041662 0.019268 0.073747
0.442087 0.297949 0.454957 0.282505 0.442087 0.282505 0.496139 0.287653 0.480696 0.287653 0.509009 0.380314 0.503861 0.370018 0.501287 0.521878 0.480696 0.511583 0.467826 0.635130 0.444661 0.611965 0.503861 0.624834 0.483270 0.624834 0.498713 0.805007 0.452383 0.802433 0.604243 0.977459 0.447235 0.982607 0.183893 0.045718 0.002390 0.029144 0.074099 0.058075 0.016393 0.045718
0.440782 0.300060 0.453517 0.284777 0.440782 0.284777 0.494269 0.289871 0.481534 0.289871 0.507004 0.379017 0.507004 0.371376 0.504457 0.519103 0.484081 0.508915 0.468799 0.638812 0.443329 0.608248 0.496816 0.626077 0.489175 0.623530 0.478987 0.801821 0.458611 0.801821 0.603791 0.959736 0.453517 0.980112 0.245072 0.044950 0.019063 0.031573 0.086365 0.071355 0.017845 0.021860
0.442747 0.298005 0.455613 0.282566 0.442747 0.282566 0.496784 0.287712 0.481344 0.287712 0.512223 0.377774 0.501930 0.372627 0.509649 0.516726 0.481344 0.509006 0.478771 0.635092 0.445320 0.611934 0.499357 0.624800 0.486491 0.624800 0.476198 0.804923 0.460759 0.804923 0.599711 0.954167 0.463332 0.982472 0.260762 0.049780 0.024139 0.025703 0.075333 0.059480 0.018029 0.004466
0.442783 0.298133 0.455641 0.282704 0.442783 0.282704 0.496786 0.287847 0.478785 0.287847 0.517358 0.377851 0.499357 0.372708 0.514786 0.516715 0.476213 0.506429 0.483928 0.635006 0.435068 0.601576 0.499357 0.624720 0.483928 0.624720 0.468498 0.802157 0.460784 0.802157 0.589361 0.943593 0.476213 0.984738 0.279896 0.068121 0.031641 0.021821 0.075333 0.075366 0.021298 0.013524
0.441796 0.298524 0.454588 0.283174 0.441796 0.283174 0.498081 0.288290 0.477614 0.288290 0.518549 0.377835 0.498081 0.372718 0.513432 0.515990 0.475055 0.508315 0.485289 0.636236 0.446913 0.610652 0.495523 0.626002 0.487847 0.623444 0.457146 0.794858 0.464822 0.802534 0.572275 0.935572 0.482731 0.981623 0.289409 0.072428 0.041685 0.027717 0.061397 0.031882 0.021189 0.030433
0.440142 0.296611 0.453014 0.283738 0.440142 0.281163 0.496782 0.286312 0.473611 0.286312 0.517378 0.376422 0.494207 0.373847 0.512229 0.518022 0.473611 0.512873 0.483909 0.639026 0.442716 0.628728 0.496782 0.626153 0.491633 0.623578 0.442716 0.790924 0.463313 0.798648 0.545698 0.953121 0.494207 0.976292 0.280990 0.105859 0.074729 0.047768 0.061611 0.036136 0.014756 0.049873
0.435896 0.292642 0.448978 0.276942 0.435896 0.276942 0.496075 0.282176 0.469910 0.284792 0.517007 0.376370 0.490842 0.373753 0.517007 0.517661 0.467294 0.515045 0.488226 0.635404 0.435896 0.627555 0.496075 0.624938 0.496075 0.624938 0.430662 0.789778 0.490842 0.802861 0.511774 0.962468 0.514391 0.975551 0.260021 0.052499 0.093505 0.015990 0.076313 0.034058 0.009996 0.110888
0.439462 0.293913 0.452342 0.278456 0.436886 0.278456 0.496136 0.283609 0.470375 0.283609 0.519321 0.376348 0.488408 0.373772 0.519321 0.518033 0.462647 0.518033 0.490984 0.631380 0.429158 0.621076 0.496136 0.626228 0.496136 0.623652 0.426582 0.783370 0.501288 0.801402 0.490984 0.955968 0.511592 0.974000 0.246320 0.009757 0.103191 0.000608 0.077979 0.043775 0.009841 0.141864
0.440116 0.291373 0.452994 0.278495 0.437541 0.275919 0.499356 0.281070 0.465873 0.281070 0.522537 0.376369 0.486478 0.373793 0.525113 0.520605 0.458146 0.507727 0.494205 0.628782 0.427238 0.610753 0.496780 0.626207 0.494205 0.623631 0.427238 0.780745 0.507083 0.803926 0.468448 0.963616 0.519961 0.979070 0.205152 0.000674 0.101899 0.012856 0.094269 0.026417 0.011481 0.157296
0.440142 0.290174 0.453014 0.277301 0.440142 0.277301 0.499356 0.282450 0.468462 0.282450 0.525102 0.375134 0.486484 0.375134 0.530251 0.519309 0.458164 0.511585 0.501931 0.632589 0.422120 0.609418 0.491633 0.624866 0.496782 0.624866 0.429843 0.784488 0.512229 0.799935 0.434993 0.967281 0.530251 0.975005 0.126527 0.004637 0.075155 0.014894 0.089342 0.047221 0.014756 0.145576
0.440751 0.291037 0.453493 0.275747 0.440751 0.275747 0.499363 0.283392 0.471331 0.280843 0.524846 0.375132 0.486621 0.375132 0.532491 0.522935 0.461138 0.512742 0.504460 0.632513 0.420365 0.607030 0.491718 0.624868 0.496815 0.624868 0.430558 0.782865 0.519750 0.798155 0.410171 0.958700 0.537588 0.968894 0.080821 0.008750 0.075583 0.028901 0.096168 0.071632 0.014606 0.159448
0.440101 0.290990 0.455394 0.278246 0.440101 0.278246 0.498726 0.285893 0.468139 0.283344 0.524215 0.375104 0.485981 0.375104 0.531861 0.520391 0.460492 0.515293 0.508921 0.632543 0.414612 0.609603 0.493628 0.624896 0.496177 0.624896 0.429905 0.782928 0.524215 0.798221 0.384025 0.961351 0.547155 0.971546 0.041888 0.009163 0.083220 0.038064 0.080961 0.086875 0.012985 0.173052
0.441672 0.291416 0.456888 0.278736 0.441672 0.276200 0.500000 0.286344 0.469568 0.281272 0.525360 0.375103 0.484784 0.375103 0.532968 0.519654 0.461960 0.514582 0.515216 0.633773 0.416313 0.605877 0.492392 0.626165 0.497464 0.623629 0.428993 0.783396 0.530432 0.796076 0.378273 0.955843 0.558328 0.965986 0.030950 0.008331 0.080443 0.043902 0.065859 0.095954 0.012919 0.182131
0.444266 0.290363 0.459466 0.277696 0.441732 0.277696 0.502533 0.285296 0.469599 0.280230 0.527867 0.376498 0.487333 0.373965 0.538001 0.523434 0.461999 0.513300 0.520267 0.637436 0.421465 0.607035 0.492400 0.624769 0.492400 0.624769 0.431599 0.784371 0.535467 0.794505 0.380931 0.956641 0.570935 0.961708 0.024805 0.012562 0.070691 0.072666 0.071039 0.072669 0.019365 0.194954
0.445532 0.291630 0.460733 0.278963 0.442999 0.276430 0.503800 0.284030 0.468333 0.281496 0.529134 0.375231 0.486066 0.375231 0.539267 0.522167 0.460733 0.512034 0.526600 0.638702 0.422732 0.605768 0.491133 0.626035 0.493667 0.623502 0.432866 0.785638 0.536734 0.793238 0.389798 0.957908 0.582335 0.960441 0.033444 0.005653 0.063558 0.069355 0.056381 0.064314 0.019365 0.190519
0.446492 0.289744 0.461600 0.277154 0.446492 0.274636 0.506925 0.284708 0.471672 0.279672 0.529587 0.377875 0.489298 0.372839 0.542177 0.521403 0.464118 0.511331 0.527069 0.637233 0.428865 0.607017 0.489298 0.624643 0.491816 0.624643 0.436420 0.783279 0.537141 0.790833 0.398649 0.954506 0.590020 0.957024 0.033307 0.013305 0.050902 0.081568 0.069136 0.055111 0.024068 0.187167
0.448361 0.290926 0.463475 0.278331 0.445842 0.275812 0.508816 0.285888 0.471032 0.280850 0.528968 0.376571 0.488665 0.374052 0.536525 0.522671 0.460956 0.512595 0.526449 0.641062 0.433247 0.620910 0.491184 0.625948 0.491184 0.623429 0.440804 0.779605 0.539044 0.789681 0.410577 0.955932 0.599499 0.955932 0.046806 0.021795 0.052984 0.086007 0.043475 0.016886 0.022470 0.190071
0.450059 0.289488 0.465231 0.276845 0.447530 0.274316 0.510747 0.284431 0.470288 0.279373 0.530976 0.377991 0.490517 0.372934 0.541091 0.527183 0.462702 0.504425 0.525919 0.643502 0.424772 0.582814 0.490517 0.625802 0.487989 0.623273 0.442473 0.785108 0.533505 0.790165 0.419715 0.959586 0.609365 0.952000 0.051951 0.054776 0.041722 0.087966 0.062833 0.077093 0.027401 0.177988
0.452455 0.292931 0.467469 0.280419 0.449953 0.277917 0.512512 0.285424 0.472474 0.282921 0.530028 0.378011 0.492493 0.373006 0.535033 0.523147 0.467469 0.503128 0.520019 0.638255 0.424930 0.580701 0.489991 0.625743 0.487488 0.623241 0.449953 0.793400 0.520019 0.788396 0.429934 0.963560 0.610103 0.941039 0.037340 0.107804 0.023613 0.068270 0.052257 0.099190 0.028714 0.136522
0.454087 0.294029 0.469391 0.278725 0.451536 0.278725 0.515304 0.286377 0.471942 0.281276 0.530609 0.378203 0.494899 0.373102 0.533159 0.526145 0.469391 0.505739 0.510203 0.643478 0.426029 0.592464 0.492348 0.625623 0.482145 0.623072 0.461739 0.796521 0.510203 0.788869 0.443884 0.977623 0.607130 0.941913 0.025131 0.126346 0.007577 0.069589 0.066989 0.087109 0.032534 0.109775
0.453087 0.289545 0.468725 0.276514 0.450481 0.273908 0.515638 0.281726 0.471331 0.279120 0.531275 0.378158 0.492181 0.372945 0.528669 0.529320 0.466119 0.505864 0.500000 0.649208 0.429631 0.597083 0.497394 0.625752 0.479150 0.623145 0.463512 0.802977 0.494787 0.792552 0.447875 0.988021 0.604250 0.943715 0.033292 0.170199 0.016839 0.045863 0.069227 0.059487 0.029910 0.089427
0.452236 0.291518 0.467727 0.278609 0.449655 0.276027 0.514200 0.281191 0.470309 0.281191 0.529691 0.379300 0.490964 0.371555 0.524527 0.529045 0.467727 0.505809 0.488382 0.647809 0.426418 0.588427 0.498709 0.627154 0.480636 0.621991 0.467727 0.797554 0.480636 0.784645 0.457400 0.986027 0.594236 0.929227 0.039825 0.211985 0.017666 0.013118 0.083070 0.093032 0.026328 0.057249
0.451362 0.292479 0.466926 0.276914 0.448768 0.276914 0.513619 0.282102 0.469520 0.279508 0.529183 0.378081 0.492866 0.372893 0.521401 0.525940 0.466926 0.510376 0.477302 0.645265 0.443580 0.619325 0.500648 0.624513 0.477302 0.624513 0.472114 0.798312 0.459144 0.782748 0.466926 0.990270 0.581063 0.925419 0.043197 0.261454 0.015104 0.016704 0.095943 0.007833 0.028110 0.015429
0.450167 0.296198 0.465501 0.280865 0.450167 0.280865 0.514055 0.285976 0.470612 0.285976 0.524277 0.377974 0.496167 0.372863 0.506389 0.518528 0.468056 0.510861 0.462945 0.638637 0.445056 0.623304 0.501278 0.625859 0.478278 0.623304 0.483389 0.807301 0.442501 0.786857 0.478278 0.993853 0.567721 0.922299 0.022563 0.306074 0.001837 0.045853 0.070178 0.000245 0.026059 0.037269
0.453399 0.298483 0.465994 0.283369 0.450880 0.283369 0.513854 0.285888 0.471032 0.285888 0.523930 0.376571 0.493703 0.374052 0.503778 0.515114 0.465994 0.515114 0.450880 0.630986 0.435766 0.636024 0.503778 0.625948 0.478589 0.623429 0.488665 0.809833 0.435766 0.774567 0.486146 0.988679 0.546601 0.915629 0.021621 0.299869 0.000452 0.068616 0.090344 0.016240 0.022470 0.061781
0.448917 0.292435 0.464436 0.279503 0.446331 0.279503 0.508406 0.284676 0.467022 0.284676 0.521338 0.377789 0.492887 0.372616 0.490301 0.520045 0.459263 0.512286 0.433398 0.633850 0.423052 0.636437 0.508406 0.626091 0.477368 0.623504 0.485128 0.796798 0.425639 0.781279 0.503233 0.988197 0.521338 0.936468 0.073161 0.276741 0.026576 0.081184 0.079206 0.015136 0.018122 0.057709
0.450632 0.296832 0.465822 0.284174 0.448100 0.284174 0.511393 0.291769 0.468354 0.289237 0.521519 0.377846 0.496202 0.372783 0.488607 0.517089 0.468354 0.509494 0.427847 0.623420 0.422784 0.628483 0.506329 0.625951 0.475949 0.623420 0.501266 0.800638 0.430379 0.780384 0.508861 0.982919 0.498734 0.944944 0.022479 0.215258 0.010240 0.064274 0.091368 0.052455 0.022583 0.080716
0.448159 0.297117 0.463520 0.284317 0.448159 0.284317 0.509600 0.291997 0.468640 0.286877 0.517280 0.379038 0.496800 0.371358 0.481440 0.514720 0.466080 0.509600 0.419999 0.619682 0.414879 0.624802 0.509600 0.627362 0.476320 0.622242 0.509600 0.809124 0.427679 0.786084 0.514720 0.988326 0.466080 0.960166 0.009092 0.160969 0.009841 0.065933 0.086369 0.063521 0.017937 0.091860
0.447893 0.296718 0.463332 0.283852 0.447893 0.283852 0.509649 0.291572 0.468478 0.286426 0.519942 0.379060 0.494210 0.371341 0.481344 0.512866 0.463332 0.507720 0.414442 0.618367 0.409295 0.623513 0.512223 0.626086 0.473625 0.623513 0.517369 0.811356 0.429881 0.788197 0.527662 0.996625 0.440173 0.965747 0.008825 0.101075 0.018784 0.056716 0.090499 0.068107 0.018029 0.091482
0.447893 0.295432 0.463332 0.279993 0.447893 0.279993 0.509649 0.287712 0.468478 0.282566 0.519942 0.380347 0.494210 0.370054 0.481344 0.509006 0.465905 0.506433 0.414442 0.611934 0.409295 0.617080 0.512223 0.627373 0.473625 0.622226 0.525089 0.810069 0.427307 0.789483 0.537955 0.992765 0.419588 0.959314 0.000140 0.071534 0.032324 0.060065 0.090692 0.085391 0.018029 0.108372
0.448557 0.296112 0.463614 0.283565 0.448557 0.283565 0.508783 0.291093 0.466123 0.286074 0.521330 0.378922 0.491217 0.371393 0.481180 0.506901 0.463614 0.506901 0.415935 0.607277 0.408407 0.612296 0.513802 0.627352 0.473651 0.622333 0.531367 0.803010 0.428482 0.782934 0.548933 0.976158 0.398369 0.946045 0.000450 0.029159 0.041368 0.065025 0.086699 0.089623 0.015982 0.118996
0.448298 0.298237 0.463430 0.283105 0.448298 0.283105 0.506305 0.290671 0.468475 0.288149 0.518915 0.378942 0.493695 0.371376 0.481085 0.510088 0.465952 0.510088 0.415512 0.613492 0.407946 0.616014 0.513871 0.626102 0.473519 0.623580 0.534047 0.805167 0.428122 0.784990 0.556746 0.981709 0.390291 0.951445 0.004986 0.016135 0.042211 0.061859 0.090499 0.096645 0.016063 0.122985
0.444854 0.295264 0.460067 0.282587 0.444854 0.282587 0.505705 0.290193 0.467673 0.285123 0.515846 0.378933 0.495563 0.371327 0.480350 0.505705 0.465138 0.508240 0.419500 0.612193 0.411894 0.619799 0.513311 0.627405 0.475280 0.622334 0.536130 0.807420 0.429642 0.787137 0.569090 0.982365 0.391611 0.957011 0.019141 0.015885 0.043383 0.060326 0.078348 0.072139 0.014532 0.126127
0.448203 0.299054 0.463181 0.284076 0.448203 0.284076 0.505616 0.294061 0.470669 0.289069 0.518098 0.378933 0.495632 0.371444 0.488143 0.506241 0.468173 0.508737 0.430730 0.613578 0.420745 0.618571 0.510609 0.626059 0.475662 0.623563 0.540564 0.800795 0.435722 0.785818 0.580503 0.973035 0.405767 0.955561 0.018488 0.021226 0.063685 0.051666 0.082784 0.066920 0.017490 0.130868
0.448814 0.296504 0.463795 0.284020 0.448814 0.284020 0.508739 0.291510 0.471286 0.286517 0.516230 0.378901 0.496255 0.371411 0.491261 0.508739 0.466292 0.508739 0.436330 0.616105 0.426342 0.621099 0.511236 0.626092 0.476280 0.623596 0.536205 0.800874 0.438826 0.790887 0.593633 0.968165 0.411361 0.958178 0.060091 0.018310 0.051597 0.044947 0.090056 0.040362 0.015902 0.115275
0.452288 0.296920 0.466969 0.284686 0.452288 0.284686 0.511010 0.292026 0.471862 0.287133 0.520797 0.377662 0.493883 0.372769 0.496330 0.514681 0.466969 0.509787 0.452288 0.614997 0.432714 0.619891 0.511010 0.624784 0.474309 0.624784 0.535478 0.793610 0.444948 0.783823 0.596647 0.955096 0.427821 0.945309 0.069443 0.024476 0.058413 0.033437 0.075433 0.034269 0.018702 0.103924
0.452616 0.297994 0.467579 0.285525 0.450122 0.283031 0.509976 0.293007 0.470073 0.288019 0.522445 0.377799 0.495012 0.372811 0.504988 0.514963 0.472567 0.509976 0.462592 0.622201 0.447628 0.627189 0.509976 0.624695 0.472567 0.624695 0.524939 0.799268 0.447628 0.791786 0.604744 0.961371 0.432665 0.958877 0.118402 0.018731 0.043280 0.018871 0.079545 0.015101 0.022245 0.074378
