0.455103 0.257055 0.475752 0.242038 0.446343 0.242663 0.527063 0.257681 0.440711 0.258933 0.572743 0.363432 0.424442 0.386584 0.634065 0.500469 0.384394 0.535511 0.550842 0.505475 0.309305 0.616232 0.544584 0.621863 0.458232 0.628121 0.453226 0.821475 0.522683 0.836493 0.437582 1.000000 0.573368 1.000000 0.115209 0.022081 0.102079 0.051242 0.614810 0.154882 0.003584 0.232111
0.453289 0.256918 0.475161 0.241920 0.444541 0.241920 0.526402 0.258792 0.438917 0.258168 0.571394 0.364399 0.423920 0.385645 0.633883 0.501250 0.385801 0.533744 0.552647 0.504374 0.308940 0.613105 0.545773 0.622478 0.458913 0.627478 0.456414 0.823068 0.531401 0.834316 0.403923 1.000000 0.586391 1.000000 0.061209 0.027577 0.101904 0.061553 0.624110 0.164720 0.005968 0.240696
0.451773 0.254792 0.473694 0.240387 0.443630 0.239761 0.525053 0.257298 0.437993 0.256045 0.570149 0.365653 0.422962 0.384442 0.633408 0.502818 0.386008 0.534135 0.551985 0.502818 0.307091 0.613052 0.547601 0.623074 0.459289 0.626832 0.461168 0.822872 0.533822 0.831015 0.384756 1.000000 0.597081 1.000000 0.025688 0.018722 0.102153 0.064056 0.637547 0.172962 0.008774 0.241372
0.452545 0.256500 0.473705 0.241564 0.444454 0.241564 0.525361 0.258367 0.438230 0.256500 0.568927 0.366659 0.423294 0.383462 0.633030 0.505446 0.389064 0.532207 0.550878 0.500467 0.311268 0.608758 0.547766 0.623072 0.460013 0.626807 0.462503 0.825341 0.539053 0.830319 0.387819 1.000000 0.610003 1.000000 0.023767 0.011743 0.100776 0.070246 0.656998 0.180569 0.009907 0.244902
0.453955 0.256286 0.475660 0.242023 0.445893 0.241403 0.526511 0.260627 0.440932 0.257526 0.568680 0.367911 0.424808 0.382174 0.633174 0.507442 0.390701 0.531007 0.547596 0.499380 0.312564 0.606043 0.546355 0.623407 0.460156 0.626508 0.464497 0.826812 0.540774 0.829293 0.400003 1.000000 0.622632 1.000000 0.032269 0.003043 0.094045 0.074715 0.667717 0.184735 0.008291 0.242235
0.455368 0.255294 0.477530 0.241135 0.447981 0.240519 0.527395 0.259603 0.441825 0.255910 0.568025 0.369182 0.426434 0.380879 0.631433 0.510158 0.393191 0.530473 0.545863 0.498461 0.316855 0.604962 0.546479 0.623430 0.459062 0.626508 0.470758 0.822889 0.537245 0.827814 0.414738 1.000000 0.635127 1.000000 0.037305 0.033353 0.088579 0.075882 0.677783 0.184293 0.007055 0.233408
0.456685 0.254344 0.478343 0.240112 0.449879 0.239493 0.529702 0.257438 0.444310 0.255581 0.569922 0.368818 0.427603 0.381194 0.631182 0.511138 0.394807 0.530939 0.541458 0.500000 0.320553 0.610762 0.545790 0.622519 0.456685 0.627469 0.477724 0.821766 0.522895 0.832286 0.433172 1.000000 0.643557 1.000000 0.043767 0.090960 0.074596 0.062107 0.668695 0.169871 0.003152 0.204306
0.457507 0.257451 0.478599 0.242563 0.451924 0.241943 0.530086 0.258071 0.449443 0.256210 0.570408 0.369731 0.431454 0.380276 0.628718 0.513027 0.395474 0.533498 0.537530 0.501861 0.322896 0.618483 0.544354 0.622205 0.453785 0.627788 0.484182 0.824433 0.489765 0.836839 0.448823 1.000000 0.636783 0.998125 0.045029 0.181028 0.059325 0.025610 0.661799 0.151573 0.002370 0.146308
0.457507 0.257451 0.478599 0.242563 0.451924 0.241943 0.530706 0.258071 0.449443 0.256210 0.570408 0.369731 0.431454 0.380276 0.628718 0.513027 0.395474 0.533498 0.537530 0.501861 0.322896 0.618483 0.544354 0.622205 0.453785 0.627788 0.484182 0.824433 0.489765 0.836839 0.448202 1.000000 0.636783 0.998125 0.044216 0.181028 0.059325 0.025610 0.661799 0.151573 0.002370 0.146308
0.458231 0.256376 0.479970 0.241469 0.452020 0.240848 0.532142 0.256997 0.448915 0.255134 0.571271 0.368173 0.430903 0.381837 0.627169 0.509782 0.397985 0.532763 0.534005 0.500466 0.327802 0.618474 0.545185 0.621579 0.452642 0.628411 0.493634 0.828404 0.467548 0.840204 0.460716 1.000000 0.617232 0.986162 0.033412 0.231646 0.045102 0.005624 0.651398 0.150045 0.002769 0.100120
0.458386 0.256507 0.478806 0.241656 0.451580 0.241656 0.530166 0.256507 0.449105 0.256507 0.570387 0.367270 0.431779 0.382740 0.626078 0.508972 0.397126 0.534343 0.532641 0.501547 0.328441 0.620973 0.546254 0.620973 0.451580 0.629017 0.504177 0.827030 0.445392 0.838168 0.475713 1.000000 0.586476 0.986058 0.025471 0.251918 0.033931 0.034953 0.644440 0.141858 0.002758 0.054704
0.456364 0.261063 0.476364 0.245912 0.450304 0.245912 0.527272 0.258639 0.448485 0.259851 0.568484 0.367729 0.432728 0.382274 0.619999 0.507121 0.399395 0.531363 0.524848 0.499242 0.331517 0.619241 0.546666 0.621665 0.452122 0.628332 0.513333 0.828329 0.435758 0.833178 0.488485 1.000000 0.559393 0.968328 0.015867 0.261219 0.023620 0.050410 0.638978 0.139335 0.001544 0.025529
0.456593 0.263425 0.475686 0.248509 0.448837 0.249702 0.526999 0.261635 0.445257 0.264618 0.566378 0.367840 0.433920 0.382160 0.618288 0.505072 0.401104 0.531325 0.521032 0.497912 0.334278 0.619033 0.547285 0.622613 0.452417 0.627387 0.518646 0.825477 0.421987 0.828460 0.499553 1.000000 0.530579 0.960322 0.016883 0.267100 0.020833 0.071772 0.638501 0.138314 0.000384 0.003168
0.457091 0.264075 0.476228 0.248527 0.448719 0.249723 0.527061 0.260487 0.444532 0.265870 0.567129 0.365741 0.436160 0.384280 0.619158 0.503289 0.401474 0.531995 0.516894 0.496711 0.333896 0.621102 0.546198 0.623494 0.450513 0.626484 0.527659 0.829218 0.411042 0.819649 0.519885 1.000000 0.470248 1.000000 0.017054 0.164991 0.002816 0.082999 0.635557 0.133120 0.004189 0.035551
0.455793 0.262928 0.475573 0.247942 0.449199 0.249141 0.526524 0.260530 0.446801 0.264127 0.568484 0.365429 0.436012 0.384611 0.618236 0.503896 0.401245 0.534467 0.516334 0.498501 0.333510 0.622582 0.546305 0.623781 0.449199 0.626179 0.531919 0.828184 0.412035 0.817994 0.529522 1.000000 0.439608 1.000000 0.018859 0.104354 0.004895 0.078277 0.626635 0.136046 0.005725 0.038552
0.456802 0.264197 0.475869 0.249301 0.449652 0.250492 0.526515 0.261217 0.447268 0.264792 0.568224 0.366085 0.436543 0.383960 0.616487 0.503724 0.400793 0.532920 0.510427 0.495978 0.335846 0.621700 0.546178 0.623488 0.449056 0.626467 0.539027 0.827265 0.410326 0.820710 0.542007 1.000000 0.414497 1.000000 0.015489 0.069011 0.016032 0.079054 0.630557 0.126063 0.006069 0.051481
0.455678 0.264160 0.474652 0.248743 0.447377 0.250522 0.526237 0.261195 0.445598 0.266532 0.567743 0.366145 0.438483 0.383933 0.613399 0.504892 0.402314 0.532167 0.508449 0.495998 0.334126 0.616957 0.545211 0.624072 0.448563 0.625851 0.544618 0.828042 0.407057 0.820334 0.551734 1.000000 0.391048 1.000000 0.011503 0.042697 0.026811 0.080183 0.628102 0.139410 0.007928 0.066003
0.453451 0.263844 0.473612 0.248426 0.446335 0.250205 0.526388 0.259693 0.446335 0.265623 0.565525 0.366430 0.439812 0.383627 0.610592 0.505189 0.401861 0.531280 0.508598 0.493922 0.333668 0.614891 0.544770 0.623786 0.449893 0.626158 0.550700 0.830144 0.406012 0.825400 0.567897 1.000000 0.371026 1.000000 0.016947 0.014468 0.034759 0.082225 0.634982 0.137701 0.006795 0.078147
0.453132 0.261645 0.473962 0.246171 0.445991 0.247362 0.525740 0.258669 0.444800 0.261645 0.566805 0.366390 0.437659 0.383649 0.609655 0.505059 0.402545 0.533030 0.507290 0.492561 0.332318 0.612185 0.545975 0.623492 0.449562 0.626468 0.553117 0.829412 0.410877 0.827031 0.579303 1.000000 0.365051 1.000000 0.029113 0.011892 0.036768 0.076241 0.634071 0.157512 0.005683 0.071686
0.455174 0.262216 0.474767 0.247373 0.446269 0.248561 0.524046 0.259248 0.442706 0.263997 0.566199 0.366711 0.438550 0.383335 0.608947 0.506234 0.404115 0.532951 0.505640 0.493766 0.334056 0.609541 0.545419 0.623196 0.449831 0.626759 0.556106 0.827435 0.415989 0.829810 0.594104 1.000000 0.372648 1.000000 0.041252 0.015139 0.042373 0.067309 0.632866 0.163826 0.006047 0.069209
0.457756 0.262099 0.477915 0.247277 0.448270 0.247870 0.526532 0.259135 0.442933 0.263285 0.567442 0.367635 0.439376 0.382458 0.610131 0.508152 0.406767 0.531275 0.507559 0.493330 0.337397 0.605981 0.544319 0.623175 0.448862 0.626732 0.557363 0.824168 0.421589 0.830690 0.610724 1.000000 0.386608 1.000000 0.061741 0.012695 0.049353 0.054669 0.639564 0.169552 0.008683 0.062942
0.460427 0.260493 0.480509 0.245727 0.452158 0.245727 0.528942 0.259903 0.446842 0.260493 0.569696 0.367991 0.439164 0.382166 0.615766 0.506202 0.411994 0.531009 0.508860 0.492617 0.341707 0.603658 0.543708 0.622559 0.447433 0.627284 0.556702 0.821606 0.429713 0.831057 0.622264 1.000000 0.406087 1.000000 0.082826 0.009776 0.053134 0.038344 0.642649 0.187268 0.011283 0.048360
0.462290 0.261560 0.482245 0.246887 0.454660 0.246887 0.530374 0.261560 0.449964 0.262147 0.569111 0.369555 0.442334 0.380707 0.617239 0.506309 0.417096 0.530374 0.511005 0.495158 0.345491 0.605500 0.541525 0.622521 0.447030 0.627217 0.552090 0.816207 0.432357 0.828533 0.634847 1.000000 0.421792 1.000000 0.114397 0.006616 0.051920 0.029222 0.641006 0.189186 0.014577 0.040505
0.465300 0.259598 0.484708 0.244895 0.457066 0.245483 0.531760 0.259010 0.451773 0.260775 0.571753 0.367228 0.441186 0.383107 0.619980 0.506028 0.417661 0.532495 0.515880 0.496030 0.346496 0.606600 0.541170 0.622480 0.445891 0.627185 0.548816 0.823623 0.437069 0.833622 0.647623 0.993007 0.437657 1.000000 0.155998 0.014517 0.050051 0.019730 0.636924 0.193838 0.016482 0.025688
0.467670 0.262770 0.486893 0.248207 0.457767 0.249372 0.533495 0.261605 0.450777 0.265100 0.570776 0.367040 0.443205 0.383351 0.617960 0.503932 0.418739 0.531310 0.517184 0.497524 0.349419 0.608203 0.539320 0.622766 0.446700 0.626843 0.532330 0.831307 0.445535 0.834802 0.645338 0.975771 0.451942 1.000000 0.221969 0.011841 0.028293 0.006352 0.625868 0.181367 0.017810 0.008883
0.468470 0.263015 0.488231 0.248484 0.459170 0.249066 0.534727 0.261852 0.451034 0.263015 0.571343 0.367631 0.442316 0.382742 0.620745 0.504214 0.416743 0.528624 0.521940 0.497820 0.349904 0.610574 0.538214 0.623360 0.448128 0.626266 0.515547 0.833756 0.452196 0.836662 0.641668 0.965108 0.467889 1.000000 0.277695 0.018214 0.006846 0.001444 0.631041 0.162544 0.017399 0.040316
0.466703 0.260642 0.486564 0.245454 0.457357 0.246622 0.533297 0.259474 0.449763 0.261810 0.571851 0.366958 0.439832 0.383315 0.622673 0.503651 0.410040 0.530522 0.523950 0.496641 0.344614 0.611720 0.538554 0.622819 0.449763 0.626908 0.500000 0.834283 0.459109 0.840125 0.632019 0.966303 0.481307 1.000000 0.307404 0.020286 0.016211 0.000977 0.635869 0.152329 0.014881 0.071348
0.466507 0.257696 0.486662 0.241098 0.456430 0.241690 0.529343 0.257103 0.449316 0.261253 0.572617 0.363806 0.435682 0.386332 0.628340 0.501927 0.404264 0.533345 0.532900 0.493035 0.335500 0.612779 0.538235 0.623449 0.453466 0.626413 0.481327 0.834483 0.467693 0.845154 0.617077 0.980310 0.491405 1.000000 0.322455 0.016067 0.041935 0.002860 0.651631 0.160103 0.010569 0.104516
0.464095 0.256625 0.485127 0.239198 0.452076 0.240400 0.527192 0.254822 0.444264 0.260230 0.571660 0.361787 0.431044 0.388228 0.631152 0.501202 0.397993 0.536056 0.535004 0.494592 0.330088 0.616580 0.541013 0.622589 0.456283 0.627396 0.468902 0.826904 0.470705 0.847335 0.592092 1.000000 0.507962 1.000000 0.303353 0.035437 0.070766 0.012624 0.650233 0.152987 0.003444 0.128843
0.461562 0.259985 0.482420 0.242703 0.450239 0.243299 0.525328 0.256409 0.442492 0.261773 0.570619 0.361891 0.430573 0.388112 0.630809 0.500149 0.396008 0.533522 0.537246 0.497169 0.327475 0.616953 0.543802 0.622317 0.455006 0.627680 0.457390 0.823149 0.484803 0.841623 0.558700 1.000000 0.520560 1.000000 0.275070 0.011074 0.096674 0.011697 0.640832 0.144607 0.001516 0.173386
0.458485 0.262108 0.478794 0.244785 0.447732 0.245382 0.522400 0.256732 0.441162 0.262705 0.568396 0.361864 0.429215 0.388147 0.631714 0.500448 0.392777 0.533899 0.536139 0.502240 0.322887 0.619917 0.545697 0.622904 0.456693 0.627085 0.450122 0.817638 0.502688 0.824806 0.532555 1.000000 0.529569 1.000000 0.262047 0.030500 0.117622 0.036309 0.630452 0.139209 0.003041 0.217986
0.456707 0.263517 0.476278 0.245726 0.446032 0.246319 0.519571 0.256994 0.440694 0.262331 0.566423 0.361965 0.430019 0.388060 0.631659 0.499555 0.390877 0.532767 0.536177 0.500148 0.320896 0.616981 0.544479 0.622912 0.459079 0.627063 0.449590 0.818621 0.510675 0.838192 0.491104 1.000000 0.539735 1.000000 0.201688 0.034383 0.116998 0.037780 0.638953 0.136613 0.004530 0.219996
0.455088 0.262099 0.474654 0.244312 0.444416 0.245498 0.519121 0.255577 0.438487 0.260913 0.566553 0.361706 0.426629 0.388387 0.631179 0.498666 0.390462 0.531275 0.539872 0.501038 0.319907 0.616653 0.545801 0.622582 0.461017 0.627325 0.454495 0.817053 0.517342 0.836619 0.449752 1.000000 0.557659 1.000000 0.133130 0.025365 0.114459 0.038183 0.632072 0.140922 0.008683 0.223407
0.455088 0.262099 0.474654 0.244312 0.444416 0.245498 0.519121 0.255577 0.438487 0.260913 0.566553 0.361706 0.426629 0.388387 0.631179 0.498666 0.390462 0.531275 0.539872 0.501038 0.319907 0.616653 0.545801 0.622582 0.461017 0.627325 0.454495 0.817053 0.517342 0.836619 0.449752 1.000000 0.557659 1.000000 0.133130 0.025209 0.114459 0.038183 0.632072 0.140922 0.008683 0.223407
0.452434 0.260690 0.473179 0.243501 0.441173 0.244686 0.518819 0.255355 0.435838 0.261282 0.566829 0.362045 0.423984 0.388124 0.629657 0.500148 0.388421 0.532155 0.537786 0.499555 0.318480 0.613950 0.547269 0.622248 0.461918 0.627583 0.459547 0.820217 0.524153 0.836220 0.417464 1.000000 0.569793 1.000000 0.074722 0.025742 0.108888 0.042266 0.637956 0.148129 0.011700 0.225047
0.452634 0.263905 0.472639 0.246253 0.441454 0.248018 0.517358 0.256844 0.436159 0.265082 0.565607 0.364521 0.423802 0.385703 0.627388 0.502795 0.389087 0.526919 0.536775 0.501030 0.320244 0.609295 0.547955 0.622828 0.462637 0.626947 0.464990 0.821707 0.528537 0.831710 0.398501 1.000000 0.580905 1.000000 0.031209 0.021551 0.104081 0.048308 0.639953 0.144859 0.013489 0.224912
0.453989 0.260919 0.474701 0.243757 0.442745 0.244940 0.520269 0.256184 0.436827 0.263286 0.565836 0.364481 0.422624 0.385785 0.627382 0.505326 0.388892 0.527222 0.538022 0.500592 0.319653 0.607705 0.549266 0.622500 0.462274 0.627234 0.468192 0.821931 0.533288 0.829625 0.395402 1.000000 0.594242 1.000000 0.020748 0.017529 0.102492 0.055606 0.647982 0.151617 0.014698 0.230322
0.454548 0.262152 0.475141 0.245089 0.443958 0.245677 0.520446 0.257445 0.438662 0.264505 0.565162 0.365705 0.423953 0.384532 0.626941 0.506325 0.390416 0.525153 0.538097 0.502206 0.321577 0.606348 0.547511 0.622822 0.463374 0.626941 0.466904 0.822868 0.538097 0.829340 0.407479 1.000000 0.608113 1.000000 0.039025 0.007695 0.100107 0.061260 0.646509 0.149323 0.013863 0.234500
0.456253 0.258651 0.476944 0.241507 0.445020 0.242689 0.522465 0.254513 0.439700 0.261607 0.565621 0.366246 0.423738 0.383981 0.628877 0.506355 0.391223 0.525273 0.540200 0.503990 0.323828 0.606265 0.547294 0.622818 0.463347 0.626956 0.470441 0.827957 0.541383 0.832095 0.416644 1.000000 0.624739 1.000000 0.039282 0.010429 0.091402 0.064268 0.643476 0.148916 0.013553 0.229805
0.457816 0.260908 0.478251 0.243392 0.446722 0.244560 0.523792 0.255653 0.441468 0.264995 0.566414 0.367171 0.426287 0.382935 0.626552 0.508466 0.395343 0.520727 0.538973 0.504963 0.330534 0.605387 0.545979 0.622903 0.461319 0.626990 0.477667 0.829591 0.536637 0.831926 0.428623 1.000000 0.635310 1.000000 0.033056 0.041333 0.076225 0.066728 0.640812 0.137652 0.009294 0.213714
0.459918 0.257878 0.481216 0.240130 0.449268 0.241313 0.527363 0.254329 0.443944 0.261428 0.569959 0.366737 0.425603 0.383302 0.629713 0.510501 0.394839 0.523517 0.539787 0.508726 0.327394 0.611077 0.548069 0.621726 0.456368 0.628234 0.487132 0.831161 0.515530 0.837077 0.440394 1.000000 0.638588 1.000000 0.026983 0.104605 0.062868 0.048098 0.631668 0.140171 0.005650 0.177998
0.461539 0.256266 0.483938 0.239761 0.452108 0.239172 0.530504 0.256266 0.446213 0.258034 0.567638 0.367670 0.426172 0.382406 0.630119 0.509726 0.396111 0.527409 0.535809 0.506779 0.327146 0.615825 0.549955 0.621130 0.456234 0.628793 0.495727 0.836277 0.472738 0.846297 0.458592 1.000000 0.631888 0.991889 0.027227 0.240044 0.056423 0.014539 0.641841 0.145788 0.007881 0.102702
0.460591 0.257997 0.482193 0.241066 0.450665 0.242233 0.528316 0.256829 0.444243 0.261500 0.565098 0.367760 0.427312 0.382356 0.625818 0.509050 0.396952 0.525981 0.532987 0.504379 0.328058 0.615893 0.551670 0.620564 0.455920 0.629321 0.501460 0.832499 0.453001 0.843592 0.476938 1.000000 0.607719 0.975540 0.039986 0.279567 0.057155 0.041046 0.645200 0.141805 0.009665 0.069711
0.456809 0.259118 0.478260 0.242885 0.448693 0.242885 0.526958 0.258538 0.444055 0.260277 0.564061 0.368109 0.427822 0.382023 0.623775 0.508986 0.397096 0.523480 0.526958 0.499710 0.327527 0.615658 0.552467 0.620876 0.455650 0.628992 0.515943 0.834800 0.440577 0.848134 0.494492 1.000000 0.589570 0.965242 0.023091 0.309821 0.039235 0.057575 0.658018 0.137708 0.010336 0.031967
0.455397 0.260118 0.477127 0.243535 0.446248 0.243535 0.525160 0.260118 0.442817 0.261833 0.562901 0.367621 0.429665 0.382489 0.618941 0.507720 0.395927 0.524875 0.524589 0.496283 0.329595 0.610649 0.550893 0.621514 0.456541 0.628376 0.521730 0.830803 0.430809 0.839381 0.501715 1.000000 0.555467 0.955462 0.014835 0.299964 0.029027 0.073282 0.659515 0.135476 0.009467 0.005442
0.454233 0.261924 0.475269 0.245436 0.444567 0.246573 0.521889 0.260218 0.441725 0.264767 0.562255 0.365967 0.429785 0.384160 0.616266 0.506965 0.396241 0.526295 0.519615 0.495025 0.326880 0.613282 0.550884 0.621810 0.457075 0.628064 0.525300 0.827621 0.417846 0.829895 0.510518 1.000000 0.534965 0.960659 0.017959 0.293603 0.025229 0.096574 0.655567 0.140497 0.010136 0.021739
0.455527 0.262999 0.475793 0.247237 0.446520 0.247800 0.522518 0.261873 0.444831 0.265251 0.562487 0.366581 0.432446 0.383470 0.617093 0.504504 0.398107 0.524207 0.516325 0.493245 0.329427 0.611464 0.549539 0.623285 0.455527 0.626663 0.532088 0.827635 0.409928 0.824258 0.526459 1.000000 0.482549 1.000000 0.018654 0.193482 0.011077 0.102312 0.655416 0.136077 0.006452 0.045075
0.454403 0.262166 0.474106 0.245841 0.445397 0.246404 0.520828 0.261040 0.444271 0.264981 0.562484 0.365744 0.431887 0.384320 0.617650 0.503096 0.396423 0.526176 0.513510 0.490712 0.327746 0.611177 0.550100 0.624124 0.455529 0.625813 0.536027 0.825086 0.406555 0.817206 0.536590 1.000000 0.445397 1.000000 0.023081 0.142044 0.007008 0.110803 0.659245 0.138334 0.007168 0.057485
0.453320 0.262510 0.474192 0.246151 0.444294 0.246715 0.519885 0.261382 0.441474 0.264202 0.563321 0.365178 0.429627 0.384922 0.616912 0.502821 0.394653 0.526513 0.511987 0.491538 0.326959 0.614514 0.551475 0.624104 0.455576 0.625796 0.543013 0.826055 0.404807 0.820978 0.549219 1.000000 0.415525 1.000000 0.022328 0.097159 0.001225 0.115162 0.652280 0.131631 0.008980 0.067673
0.452971 0.262469 0.473748 0.246184 0.443986 0.246746 0.519233 0.261346 0.440617 0.264153 0.563033 0.365231 0.429386 0.384884 0.616941 0.502808 0.394009 0.525831 0.513617 0.489892 0.327186 0.612308 0.551802 0.624100 0.455779 0.625785 0.551240 0.829624 0.406363 0.825693 0.565840 1.000000 0.387271 1.000000 0.022846 0.047811 0.012931 0.111872 0.658456 0.131135 0.009654 0.076267
