0.575808 0.312156 0.581175 0.298739 0.567758 0.293372 0.559708 0.296055 0.522139 0.282638 0.516772 0.376560 0.468469 0.373876 0.522139 0.502683 0.452368 0.502683 0.581175 0.516101 0.567758 0.513417 0.508721 0.623440 0.506038 0.626124 0.471153 0.811284 0.575808 0.805917 0.425533 0.993761 0.648262 0.991077 0.015146 0.000904 0.052457 0.070767 0.415328 0.510058 0.018803 0.180662
0.570598 0.314182 0.578590 0.298197 0.562606 0.295533 0.554613 0.298197 0.517316 0.284877 0.511988 0.375455 0.466699 0.375455 0.517316 0.503330 0.453379 0.500666 0.578590 0.513986 0.562606 0.516650 0.511988 0.623213 0.509324 0.625877 0.469363 0.807033 0.573262 0.799041 0.416082 0.985525 0.634535 0.985525 0.019809 0.011536 0.072529 0.058921 0.431935 0.487482 0.027169 0.185116
0.570225 0.313175 0.575525 0.297275 0.562275 0.294625 0.554325 0.297275 0.517225 0.284025 0.511925 0.376775 0.466875 0.374125 0.519875 0.503975 0.453625 0.501325 0.580825 0.514575 0.564925 0.514575 0.511925 0.623225 0.509275 0.625875 0.466875 0.803424 0.572875 0.800774 0.403275 0.980974 0.623225 0.983624 0.031510 0.025486 0.077979 0.057906 0.425321 0.495322 0.027025 0.188996
0.571991 0.311357 0.577324 0.298025 0.561326 0.295359 0.550660 0.295359 0.515998 0.284693 0.510665 0.375349 0.470670 0.375349 0.515998 0.503333 0.457339 0.503333 0.582656 0.519331 0.569325 0.513998 0.507999 0.623318 0.510665 0.625984 0.465338 0.807295 0.571991 0.804629 0.393347 0.983273 0.614652 0.991272 0.051077 0.033731 0.069107 0.054889 0.411768 0.502814 0.023786 0.177788
0.572376 0.309678 0.577737 0.296275 0.561654 0.293595 0.553612 0.293595 0.513403 0.282872 0.510722 0.374012 0.470514 0.376693 0.516084 0.502681 0.462472 0.510722 0.580418 0.516084 0.569695 0.518764 0.508042 0.623307 0.510722 0.625988 0.467833 0.808268 0.569695 0.802907 0.384735 0.979825 0.604543 0.995909 0.075442 0.045556 0.064715 0.051514 0.421365 0.495247 0.023914 0.170554
0.569325 0.310024 0.574657 0.294026 0.561326 0.291359 0.553327 0.294026 0.513332 0.283360 0.510665 0.374016 0.470670 0.376682 0.518664 0.504666 0.465338 0.515331 0.582656 0.515331 0.571991 0.517998 0.510665 0.621985 0.507999 0.627317 0.476003 0.805962 0.569325 0.800629 0.380015 0.973941 0.587989 0.997938 0.105973 0.078235 0.059277 0.061194 0.427967 0.504281 0.023786 0.167533
0.564918 0.308594 0.567595 0.292531 0.554210 0.289854 0.548855 0.292531 0.508700 0.281823 0.511377 0.372842 0.465868 0.378196 0.516731 0.504016 0.460514 0.514724 0.580980 0.514724 0.570272 0.517401 0.522085 0.621804 0.500669 0.627158 0.489961 0.806518 0.559564 0.801164 0.380204 0.969816 0.572949 1.000000 0.133558 0.082972 0.068492 0.059675 0.434447 0.504714 0.029012 0.158693
0.560770 0.309009 0.566112 0.292982 0.552756 0.290311 0.544743 0.292982 0.504675 0.284968 0.507346 0.373118 0.464607 0.378460 0.512688 0.504007 0.461935 0.514692 0.582139 0.517363 0.571455 0.517363 0.526044 0.621540 0.502003 0.626882 0.496661 0.805853 0.550085 0.811195 0.387142 0.963453 0.560770 1.000000 0.142990 0.064267 0.074235 0.033667 0.426540 0.498478 0.035787 0.131549
0.565897 0.301622 0.568643 0.285147 0.554914 0.285147 0.546677 0.285147 0.505491 0.279656 0.505491 0.373010 0.467051 0.378502 0.510983 0.504805 0.467051 0.513042 0.585117 0.515788 0.576880 0.521279 0.524711 0.622871 0.502746 0.625617 0.521966 0.804088 0.527457 0.806834 0.406646 0.974323 0.483526 1.000000 0.184702 0.109188 0.029260 0.002524 0.439928 0.476171 0.035030 0.047962
0.561753 0.301168 0.564468 0.284882 0.550896 0.284882 0.545467 0.284882 0.502036 0.282167 0.502036 0.371743 0.469463 0.379887 0.510179 0.502036 0.469463 0.512893 0.588897 0.521037 0.580754 0.518322 0.523751 0.621471 0.504750 0.626899 0.526466 0.800623 0.540038 0.811480 0.407031 0.947202 0.550896 1.000000 0.222454 0.043819 0.022787 0.014961 0.404740 0.484485 0.036368 0.055305
0.563152 0.300249 0.565897 0.283775 0.552169 0.281029 0.546677 0.283775 0.500000 0.281029 0.502746 0.371638 0.469797 0.379875 0.505491 0.506178 0.475289 0.517161 0.587863 0.530889 0.585117 0.517161 0.524711 0.621498 0.502746 0.626990 0.546677 0.799970 0.538440 0.810953 0.420374 0.948239 0.538440 1.000000 0.263570 0.061004 0.011069 0.018811 0.400731 0.487274 0.035030 0.022023
0.560415 0.297923 0.563192 0.281257 0.549304 0.278479 0.543749 0.284034 0.499306 0.278479 0.502083 0.372921 0.471529 0.378476 0.507639 0.506250 0.479862 0.511805 0.590969 0.525694 0.585414 0.520138 0.527083 0.622913 0.499306 0.625691 0.568748 0.806241 0.529860 0.817351 0.435419 0.956236 0.532638 1.000000 0.302432 0.046343 0.039409 0.014706 0.413778 0.455054 0.033661 0.020813
0.558639 0.296809 0.561366 0.280444 0.545002 0.277717 0.545002 0.283172 0.495909 0.280444 0.498636 0.373176 0.471362 0.378631 0.504091 0.504091 0.479545 0.509546 0.585913 0.523183 0.583186 0.515001 0.528638 0.621369 0.501364 0.626824 0.572276 0.798650 0.523183 0.817742 0.460453 0.945930 0.523183 1.000000 0.283536 0.036221 0.038534 0.002068 0.413778 0.463394 0.038291 0.040605
0.560072 0.297510 0.562772 0.281311 0.546573 0.278611 0.546573 0.286711 0.495275 0.281311 0.497975 0.373106 0.473676 0.378506 0.503375 0.505400 0.479076 0.508100 0.584371 0.518899 0.584371 0.513499 0.527674 0.621494 0.500675 0.626894 0.581671 0.791585 0.522274 0.807785 0.484476 0.958977 0.508775 1.000000 0.265300 0.059017 0.059969 0.003366 0.434447 0.470435 0.036172 0.060020
0.559499 0.294459 0.559499 0.278233 0.545976 0.278233 0.545976 0.283642 0.494591 0.280937 0.502705 0.372889 0.472955 0.378298 0.505409 0.502705 0.481069 0.508113 0.581134 0.521636 0.581134 0.513522 0.529749 0.621702 0.494591 0.627111 0.583839 0.797493 0.510818 0.816424 0.524340 0.984102 0.494591 1.000000 0.193262 0.052295 0.060552 0.000391 0.415390 0.462942 0.031040 0.067798
0.560206 0.294354 0.562911 0.280825 0.546676 0.278119 0.546676 0.283531 0.492559 0.280825 0.503382 0.372824 0.473618 0.378236 0.506088 0.502706 0.479030 0.508118 0.584558 0.521647 0.581852 0.513529 0.530441 0.621764 0.492559 0.627176 0.584558 0.797645 0.497971 0.819292 0.554794 0.984350 0.481735 1.000000 0.145337 0.034716 0.060552 0.015208 0.417978 0.470007 0.029326 0.086051
0.560861 0.292114 0.563597 0.275702 0.547185 0.275702 0.544449 0.281172 0.495213 0.278437 0.503419 0.374174 0.473330 0.376909 0.506155 0.505471 0.481536 0.508206 0.580009 0.527353 0.582744 0.513677 0.530773 0.620355 0.492478 0.628561 0.585480 0.800888 0.489742 0.822771 0.585480 0.992362 0.473330 1.000000 0.093658 0.020595 0.058435 0.028656 0.401679 0.462942 0.029646 0.098141
0.559610 0.291364 0.562320 0.277816 0.546063 0.275107 0.546063 0.283235 0.494581 0.280526 0.505419 0.372651 0.475614 0.378070 0.505419 0.502710 0.478324 0.505419 0.581287 0.521676 0.578577 0.513548 0.532515 0.621930 0.486452 0.627349 0.583996 0.803471 0.481033 0.825147 0.611092 0.990430 0.456647 1.000000 0.042145 0.029805 0.053494 0.022549 0.422021 0.467476 0.024173 0.096676
0.560683 0.292042 0.563410 0.275678 0.547046 0.275678 0.547046 0.283860 0.495227 0.281133 0.508864 0.373862 0.476136 0.376589 0.508864 0.504773 0.478863 0.507500 0.582501 0.523864 0.579774 0.515682 0.530682 0.622047 0.484318 0.627502 0.585229 0.807505 0.470681 0.826596 0.631593 0.992963 0.440681 1.000000 0.013074 0.025205 0.063142 0.032144 0.419253 0.467617 0.019111 0.112821
0.562748 0.289249 0.565476 0.275608 0.549107 0.272880 0.546379 0.281064 0.497272 0.281064 0.508184 0.373822 0.478175 0.376550 0.505456 0.504774 0.478175 0.507502 0.581845 0.526600 0.581845 0.518415 0.530010 0.622086 0.483631 0.627542 0.584573 0.810329 0.467262 0.826698 0.633680 0.993117 0.431796 1.000000 0.006259 0.029993 0.061891 0.033023 0.418045 0.466617 0.017377 0.115907
0.560683 0.289315 0.563410 0.275678 0.547046 0.272951 0.547046 0.281133 0.495227 0.278405 0.508864 0.373862 0.476136 0.376589 0.508864 0.504773 0.478863 0.502046 0.582501 0.526591 0.582501 0.515682 0.530682 0.622047 0.484318 0.627502 0.579774 0.810232 0.465227 0.823869 0.626138 0.992963 0.418862 1.000000 0.002130 0.041979 0.053316 0.041226 0.408309 0.451438 0.019111 0.112077
0.557676 0.293440 0.560358 0.277345 0.544263 0.277345 0.546945 0.285392 0.493294 0.282710 0.509389 0.373918 0.474515 0.376601 0.506706 0.505365 0.479881 0.500000 0.581819 0.526826 0.579137 0.516096 0.530850 0.623399 0.485246 0.626082 0.576454 0.805816 0.461102 0.821911 0.619375 0.988232 0.407450 1.000000 0.004421 0.048353 0.050665 0.052729 0.417910 0.434997 0.020508 0.117026
0.557747 0.294235 0.560402 0.278305 0.541817 0.278305 0.544472 0.283615 0.494026 0.283615 0.509956 0.373886 0.475441 0.376541 0.504646 0.503983 0.480751 0.498672 0.584297 0.522568 0.578987 0.514603 0.531197 0.623459 0.483406 0.626114 0.571022 0.804001 0.462166 0.817276 0.608193 0.984544 0.395790 1.000000 0.004474 0.072542 0.042084 0.045379 0.440018 0.434997 0.018603 0.104332
0.556172 0.294254 0.558785 0.278578 0.543109 0.278578 0.543109 0.286416 0.493468 0.283803 0.509144 0.372633 0.475180 0.377859 0.506532 0.503266 0.483018 0.498041 0.587524 0.516329 0.579686 0.508491 0.530045 0.623448 0.485630 0.626060 0.571848 0.798495 0.464729 0.814171 0.600587 0.976155 0.391575 0.991831 0.023567 0.089111 0.048152 0.048618 0.455463 0.444991 0.019972 0.109840
0.555068 0.294150 0.557691 0.281038 0.541957 0.281038 0.541957 0.286283 0.492133 0.283660 0.507867 0.375441 0.471155 0.375441 0.505245 0.503933 0.479022 0.496067 0.586536 0.522290 0.578669 0.511800 0.534090 0.621937 0.486889 0.627181 0.565557 0.802875 0.468532 0.813365 0.586536 0.983814 0.381997 0.991681 0.018068 0.112535 0.021074 0.051150 0.435804 0.429422 0.026742 0.086092
0.556636 0.295443 0.556636 0.279452 0.540645 0.279452 0.543310 0.284782 0.492671 0.282117 0.508662 0.375400 0.471349 0.375400 0.505997 0.505997 0.476679 0.498001 0.583289 0.529984 0.575293 0.513992 0.532649 0.623267 0.487340 0.625932 0.559301 0.807168 0.482010 0.812499 0.572628 0.991070 0.378065 0.991070 0.022787 0.158704 0.015104 0.029382 0.410709 0.434997 0.025478 0.054905
0.554736 0.290516 0.557439 0.277001 0.538518 0.277001 0.546627 0.282407 0.489864 0.279704 0.506082 0.377013 0.468240 0.374310 0.506082 0.506758 0.473646 0.498648 0.581766 0.531085 0.576360 0.512164 0.533112 0.622987 0.492567 0.625690 0.552033 0.814902 0.500676 0.817605 0.560142 1.000000 0.379040 0.998707 0.017648 0.201703 0.003557 0.017267 0.401006 0.444525 0.032753 0.017840
0.556045 0.292222 0.558779 0.275819 0.539642 0.275819 0.547844 0.284021 0.490431 0.281287 0.506835 0.376974 0.468560 0.374240 0.509569 0.505468 0.471294 0.500000 0.586118 0.530073 0.575183 0.513670 0.531440 0.623026 0.493165 0.625760 0.547844 0.819868 0.517770 0.819868 0.553311 1.000000 0.383809 0.994839 0.017625 0.248127 0.005261 0.009095 0.394235 0.451438 0.031379 0.013670
0.554977 0.287650 0.557726 0.273905 0.538484 0.273905 0.546731 0.282152 0.489005 0.279403 0.508247 0.375614 0.467014 0.375614 0.508247 0.504811 0.469762 0.499313 0.585215 0.529550 0.574220 0.510308 0.530238 0.623012 0.494502 0.625761 0.543982 0.823680 0.524740 0.820931 0.543982 1.000000 0.390045 0.983114 0.021768 0.269537 0.006453 0.014087 0.401006 0.459544 0.031551 0.027159
0.554977 0.287650 0.557726 0.273905 0.538484 0.273905 0.546731 0.282152 0.489005 0.279403 0.510996 0.375614 0.464265 0.375614 0.510996 0.504811 0.464265 0.496564 0.585215 0.524053 0.571471 0.513057 0.530238 0.623012 0.494502 0.625761 0.535735 0.823680 0.538484 0.818182 0.530238 1.000000 0.403789 0.974868 0.017437 0.297550 0.015989 0.033236 0.419253 0.451410 0.031551 0.062809
0.552229 0.287650 0.554977 0.273905 0.538484 0.273905 0.546731 0.282152 0.489005 0.279403 0.508247 0.375614 0.467014 0.375614 0.513744 0.507559 0.461516 0.499313 0.585215 0.529550 0.571471 0.515806 0.527489 0.623012 0.497251 0.625761 0.535735 0.820931 0.549480 0.815433 0.521991 1.000000 0.420283 0.974868 0.035634 0.302305 0.011452 0.047239 0.391730 0.466745 0.031551 0.072275
0.554977 0.287650 0.560475 0.273905 0.541233 0.273905 0.546731 0.282152 0.491753 0.279403 0.508247 0.375614 0.467014 0.375614 0.510996 0.507559 0.461516 0.502062 0.582466 0.526801 0.568722 0.515806 0.521991 0.623012 0.502749 0.625761 0.530238 0.815433 0.563224 0.809935 0.516493 1.000000 0.450520 0.983114 0.036659 0.284632 0.004031 0.055822 0.409656 0.473243 0.031551 0.087356
0.560542 0.283580 0.563326 0.269662 0.543841 0.269662 0.552191 0.278013 0.493737 0.275229 0.510438 0.375437 0.468685 0.375437 0.516005 0.509046 0.457551 0.503479 0.585594 0.531315 0.571676 0.514614 0.518789 0.623172 0.502088 0.625955 0.518789 0.809669 0.580027 0.804102 0.488170 1.000000 0.482603 0.996166 0.050321 0.280698 0.010726 0.089082 0.388163 0.496653 0.026612 0.131274
0.559542 0.286755 0.565081 0.270139 0.545695 0.270139 0.551234 0.278447 0.495846 0.275678 0.512462 0.375376 0.468152 0.375376 0.512462 0.513847 0.459844 0.505539 0.581698 0.527694 0.570620 0.513847 0.518001 0.624624 0.501385 0.624624 0.518001 0.812944 0.581698 0.801866 0.495846 1.000000 0.504154 1.000000 0.036221 0.252008 0.007072 0.093232 0.437167 0.496461 0.024708 0.135425
0.558501 0.284578 0.564007 0.270813 0.541983 0.270813 0.552995 0.279072 0.492429 0.276319 0.511700 0.375427 0.467652 0.375427 0.511700 0.510324 0.453887 0.504818 0.577772 0.521336 0.566760 0.515830 0.519959 0.623196 0.500688 0.625949 0.517206 0.810400 0.577772 0.799388 0.495182 1.000000 0.517206 1.000000 0.030064 0.221710 0.015287 0.091391 0.447432 0.502779 0.026319 0.137806
0.559335 0.287609 0.564729 0.271426 0.543153 0.271426 0.551244 0.282214 0.497303 0.276820 0.510788 0.376611 0.473030 0.373914 0.510788 0.511462 0.459544 0.503371 0.578214 0.519553 0.570123 0.511462 0.508091 0.624738 0.508091 0.624738 0.500000 0.808136 0.578214 0.797348 0.483818 0.994232 0.570123 0.994232 0.013576 0.135904 0.010574 0.078622 0.461985 0.509789 0.020618 0.136864
0.561116 0.288395 0.566373 0.275252 0.547973 0.272623 0.550601 0.283138 0.498029 0.277881 0.511172 0.375140 0.476999 0.375140 0.511172 0.509200 0.461228 0.501314 0.579516 0.517086 0.571630 0.509200 0.503286 0.624860 0.508543 0.624860 0.487514 0.808864 0.582145 0.790464 0.476999 0.984982 0.600545 0.977097 0.008237 0.101843 0.017169 0.093129 0.463434 0.516886 0.015067 0.160342
0.561410 0.287069 0.566750 0.271049 0.548060 0.271049 0.550730 0.281729 0.500000 0.276389 0.513350 0.375178 0.473300 0.375178 0.513350 0.508677 0.457280 0.503338 0.580099 0.516687 0.569420 0.514017 0.505340 0.623487 0.508010 0.626157 0.481310 0.813055 0.580099 0.802375 0.462620 0.997284 0.630829 0.994614 0.007952 0.041480 0.029871 0.079862 0.461985 0.509359 0.017005 0.163741
0.563769 0.286540 0.566455 0.273115 0.547659 0.270430 0.550344 0.281170 0.499329 0.275800 0.515439 0.375146 0.472478 0.375146 0.515439 0.509398 0.459053 0.504028 0.582565 0.520138 0.571825 0.517453 0.507384 0.624854 0.504699 0.624854 0.477849 0.810121 0.577195 0.804751 0.450998 0.995388 0.644320 0.995388 0.004507 0.014171 0.040057 0.081091 0.449498 0.495322 0.015390 0.172259
0.561764 0.286149 0.564421 0.270210 0.545825 0.270210 0.548482 0.280836 0.498008 0.275523 0.513947 0.373815 0.474099 0.376471 0.519260 0.506641 0.460816 0.503985 0.583017 0.514611 0.572390 0.514611 0.505977 0.623529 0.505977 0.626185 0.471442 0.806829 0.577704 0.798860 0.436907 0.987474 0.638804 0.987474 0.000856 0.025599 0.049121 0.084901 0.447691 0.502814 0.015227 0.184595
0.561084 0.286206 0.566396 0.270272 0.547805 0.270272 0.550461 0.280895 0.497344 0.275583 0.513279 0.373849 0.473442 0.376504 0.518591 0.506640 0.460163 0.506640 0.584986 0.514607 0.571707 0.517263 0.505312 0.623496 0.507967 0.626151 0.470786 0.809403 0.574363 0.801436 0.425637 0.987343 0.622168 0.989999 0.020647 0.036223 0.048293 0.071512 0.449259 0.502145 0.016915 0.173705
0.560762 0.285353 0.563403 0.269502 0.544911 0.269502 0.547553 0.277428 0.497358 0.277428 0.513209 0.372533 0.473582 0.377816 0.515851 0.501981 0.460373 0.507265 0.584538 0.512549 0.571329 0.515190 0.505284 0.623505 0.507925 0.626146 0.468298 0.805789 0.571329 0.795222 0.415462 0.985432 0.610956 0.985432 0.027333 0.048821 0.053671 0.070456 0.444915 0.509671 0.016826 0.177920
0.558455 0.287198 0.561082 0.271435 0.542692 0.271435 0.545319 0.276690 0.495402 0.279317 0.511165 0.373895 0.474385 0.376523 0.516420 0.505254 0.463876 0.510509 0.584727 0.513136 0.571591 0.515763 0.505911 0.623477 0.508538 0.626105 0.469131 0.804753 0.568963 0.794244 0.408706 0.980774 0.600490 0.983401 0.041539 0.057249 0.057019 0.066528 0.450708 0.509399 0.018408 0.173537
0.554085 0.286959 0.556723 0.271130 0.538255 0.271130 0.540893 0.276406 0.493404 0.276406 0.511872 0.374022 0.469660 0.376661 0.511872 0.505936 0.464383 0.511213 0.583106 0.516489 0.569914 0.519127 0.509234 0.622020 0.509234 0.627297 0.469660 0.804061 0.567276 0.796146 0.398426 0.980826 0.591020 0.986102 0.053799 0.065808 0.064751 0.055543 0.453184 0.488648 0.023535 0.173529
0.553491 0.284682 0.556199 0.268431 0.534532 0.268431 0.542657 0.273848 0.488489 0.273848 0.510157 0.374059 0.469530 0.376768 0.515573 0.506771 0.461405 0.512188 0.583283 0.517605 0.569741 0.523021 0.512865 0.623232 0.507448 0.625941 0.474947 0.810113 0.558908 0.804696 0.388278 0.991576 0.580575 1.000000 0.078112 0.054943 0.067179 0.041152 0.436513 0.487350 0.025892 0.152942
0.551306 0.286115 0.553971 0.270123 0.532649 0.272789 0.543310 0.275454 0.487340 0.275454 0.508662 0.371402 0.471349 0.379398 0.519323 0.501999 0.466018 0.512660 0.585954 0.517990 0.575293 0.515325 0.513992 0.621935 0.505997 0.627265 0.484675 0.805836 0.553971 0.805836 0.391392 0.979076 0.567297 1.000000 0.106905 0.061775 0.057093 0.039335 0.399097 0.504964 0.025478 0.133865
0.548105 0.283526 0.550854 0.267033 0.531612 0.269782 0.542607 0.275280 0.482132 0.275280 0.509621 0.371490 0.465639 0.379737 0.517868 0.503436 0.462890 0.517180 0.586589 0.519929 0.575594 0.519929 0.523365 0.621638 0.501374 0.627135 0.493128 0.811310 0.545356 0.814059 0.388671 0.987237 0.556352 1.000000 0.120232 0.056821 0.067794 0.027896 0.405155 0.498603 0.031551 0.123880
0.548370 0.284409 0.551134 0.267825 0.531786 0.267825 0.540078 0.273353 0.482034 0.273353 0.506910 0.370092 0.468214 0.381148 0.515202 0.505528 0.462686 0.519348 0.587066 0.524876 0.576010 0.516584 0.523494 0.621616 0.501382 0.627144 0.520730 0.806803 0.537314 0.815095 0.401878 0.980935 0.537314 1.000000 0.185889 0.060128 0.025708 0.017467 0.396822 0.520488 0.031726 0.064878
0.550139 0.283647 0.550139 0.269911 0.530908 0.269911 0.539150 0.272658 0.484203 0.275405 0.506181 0.371562 0.467719 0.379804 0.517171 0.500687 0.470466 0.514423 0.588602 0.519918 0.580360 0.517171 0.525413 0.621570 0.500687 0.627064 0.530908 0.802894 0.544644 0.808388 0.407277 0.959492 0.544644 1.000000 0.222366 0.075705 0.014795 0.033513 0.389261 0.485549 0.033292 0.066063
0.547915 0.285423 0.550693 0.268757 0.531249 0.271535 0.539582 0.274313 0.484028 0.277090 0.503472 0.371532 0.470140 0.379865 0.511805 0.504861 0.475695 0.515972 0.589581 0.527083 0.584025 0.518749 0.525694 0.621524 0.500694 0.627079 0.547915 0.810407 0.539582 0.818740 0.417364 0.963180 0.534027 1.000000 0.262362 0.071676 0.009058 0.024577 0.391546 0.478855 0.033661 0.026443
