0.496511 0.269031 0.510467 0.255075 0.476973 0.255075 0.530005 0.269031 0.451852 0.271822 0.580246 0.372304 0.409985 0.377887 0.619322 0.489533 0.373700 0.497907 0.549543 0.514654 0.468599 0.514654 0.557917 0.623509 0.451852 0.626300 0.563499 0.807726 0.468599 0.816099 0.555125 0.991942 0.485346 1.000000 0.024101 0.000000 0.037863 0.025135 0.492423 0.537852 0.012442 0.018371
0.497194 0.268492 0.511225 0.254461 0.480357 0.254461 0.530868 0.268492 0.455101 0.271298 0.578572 0.372320 0.410203 0.377932 0.620665 0.490178 0.373723 0.498597 0.550511 0.515434 0.469132 0.512628 0.558929 0.622068 0.452295 0.627680 0.561735 0.810080 0.471938 0.818499 0.556123 1.000000 0.485969 1.000000 0.013974 0.009627 0.029735 0.020496 0.499194 0.546975 0.014297 0.027901
0.500000 0.269672 0.511100 0.255797 0.480575 0.255797 0.530525 0.269672 0.455599 0.272447 0.577701 0.372348 0.411199 0.377898 0.619327 0.488900 0.375123 0.500000 0.549951 0.513875 0.472250 0.513875 0.558276 0.622102 0.452824 0.627652 0.558276 0.810804 0.472250 0.819129 0.558276 1.000000 0.488900 1.000000 0.000001 0.003753 0.024708 0.020386 0.499194 0.546277 0.014138 0.032182
0.500000 0.270826 0.513723 0.257103 0.480788 0.259847 0.530191 0.270826 0.456086 0.273570 0.576849 0.372376 0.412173 0.377865 0.618018 0.487649 0.376493 0.498628 0.549403 0.515095 0.472554 0.515095 0.557637 0.622135 0.453342 0.627624 0.554892 0.808768 0.472554 0.817002 0.557637 0.998145 0.489022 0.998145 0.009294 0.003323 0.019757 0.019819 0.488069 0.537402 0.013982 0.036863
0.497941 0.270774 0.511667 0.257048 0.478725 0.259793 0.528139 0.270774 0.454018 0.273519 0.577553 0.372347 0.412839 0.377838 0.615986 0.487646 0.377151 0.495882 0.550100 0.512353 0.470489 0.515099 0.555591 0.622162 0.454018 0.627653 0.550100 0.811583 0.470489 0.814328 0.555591 0.995513 0.486960 0.992768 0.018722 0.001282 0.018688 0.023988 0.488216 0.528821 0.012237 0.037237
0.500694 0.271006 0.514572 0.257128 0.481264 0.257128 0.531226 0.271006 0.456283 0.273782 0.578413 0.373707 0.411872 0.376482 0.620048 0.490285 0.375788 0.495836 0.553432 0.515266 0.470161 0.518042 0.556208 0.623518 0.453507 0.626293 0.550656 0.812264 0.472937 0.815040 0.553432 1.000000 0.486816 0.995459 0.014040 0.008215 0.018861 0.019916 0.494988 0.519894 0.012373 0.042011
0.502083 0.270922 0.513189 0.257038 0.482646 0.259815 0.532626 0.270922 0.457655 0.273698 0.579830 0.373660 0.413228 0.376437 0.618704 0.493058 0.377131 0.498612 0.549287 0.518049 0.468762 0.520825 0.554840 0.623563 0.452102 0.626340 0.546510 0.812379 0.471539 0.812379 0.549287 0.998419 0.485422 0.992865 0.018785 0.008698 0.017692 0.015985 0.490197 0.515739 0.008839 0.047170
0.502778 0.270847 0.513888 0.254182 0.483334 0.256959 0.533331 0.268070 0.458336 0.273625 0.580551 0.373619 0.416672 0.376397 0.619437 0.493056 0.375008 0.495834 0.549997 0.515277 0.466669 0.518054 0.552775 0.623603 0.450003 0.626381 0.541664 0.812481 0.469446 0.812481 0.544442 0.998580 0.486112 0.993025 0.023453 0.003836 0.016521 0.009057 0.501609 0.531132 0.003536 0.051838
0.504190 0.268855 0.518156 0.254888 0.484637 0.257682 0.537709 0.268855 0.459497 0.271648 0.585196 0.375000 0.414804 0.375000 0.621508 0.495112 0.375698 0.495112 0.548883 0.517458 0.465084 0.517458 0.551676 0.623603 0.448324 0.626397 0.540503 0.816341 0.467877 0.813547 0.543296 1.000000 0.484637 0.989525 0.023113 0.002911 0.024229 0.009057 0.498437 0.522211 0.000005 0.051568
0.504167 0.269444 0.518056 0.255556 0.484722 0.258333 0.537500 0.269444 0.462500 0.272222 0.584722 0.375000 0.415278 0.375000 0.620833 0.494444 0.376389 0.494444 0.545833 0.516667 0.462500 0.516667 0.551389 0.625000 0.448611 0.625000 0.540278 0.816667 0.468056 0.808333 0.540278 1.000000 0.481944 0.986111 0.018432 0.008817 0.023760 0.008558 0.501761 0.519800 0.000005 0.052066
0.503511 0.268262 0.517556 0.254217 0.483849 0.257026 0.537219 0.268262 0.461377 0.271071 0.584971 0.375002 0.416434 0.375002 0.621487 0.498596 0.374300 0.492978 0.542836 0.518258 0.458568 0.518258 0.551263 0.624998 0.447332 0.624998 0.542836 0.813197 0.464186 0.807579 0.534410 1.000000 0.478231 0.990161 0.000413 0.004863 0.028418 0.009844 0.513465 0.516414 0.001788 0.043543
0.504943 0.266247 0.519067 0.252123 0.485170 0.254947 0.541666 0.269071 0.462571 0.269071 0.586863 0.376414 0.414549 0.373590 0.623586 0.500706 0.375002 0.495057 0.544491 0.520480 0.456922 0.517655 0.552965 0.624998 0.445622 0.624998 0.544491 0.817085 0.459746 0.814260 0.536016 1.000000 0.476695 0.995049 0.000205 0.006043 0.029106 0.015433 0.513465 0.514512 0.001798 0.037745
0.502809 0.269677 0.519662 0.255633 0.485956 0.255633 0.542132 0.269677 0.463485 0.272486 0.587073 0.376412 0.415736 0.373603 0.623588 0.500000 0.376412 0.491574 0.542132 0.516853 0.455059 0.516853 0.553367 0.626397 0.443824 0.623588 0.544941 0.817396 0.452250 0.811778 0.536515 1.000000 0.471912 0.985924 0.000205 0.021544 0.028627 0.021373 0.526504 0.503423 0.003576 0.028277
0.502824 0.266303 0.519769 0.252182 0.485879 0.255006 0.542362 0.269127 0.463286 0.269127 0.590372 0.376444 0.415276 0.373620 0.627086 0.500706 0.372914 0.492234 0.539538 0.514827 0.451990 0.514827 0.550834 0.624968 0.443517 0.624968 0.542362 0.817009 0.449166 0.814185 0.533890 1.000000 0.466110 0.983634 0.000205 0.022227 0.036185 0.026117 0.540543 0.520602 0.007193 0.023533
0.502106 0.266946 0.518953 0.252906 0.485259 0.255714 0.544224 0.269754 0.465603 0.269754 0.589150 0.376453 0.417869 0.373645 0.628461 0.497192 0.375751 0.488768 0.538608 0.511232 0.451564 0.511232 0.549840 0.626355 0.443140 0.623547 0.541416 0.817291 0.445948 0.808867 0.532993 1.000000 0.462796 0.971724 0.000146 0.027990 0.035630 0.027257 0.550853 0.519949 0.008939 0.018857
0.500000 0.265761 0.517036 0.251565 0.485804 0.251565 0.542589 0.268600 0.463090 0.268600 0.590856 0.376492 0.417661 0.373653 0.630606 0.498580 0.375073 0.490063 0.536910 0.515616 0.448893 0.512777 0.551107 0.626347 0.440376 0.623508 0.542589 0.816577 0.440376 0.808060 0.531232 1.000000 0.460250 0.967058 0.004459 0.039583 0.035976 0.028858 0.542941 0.516625 0.010848 0.014243
0.497871 0.265810 0.514903 0.251617 0.483678 0.251617 0.543290 0.268649 0.463807 0.268649 0.591547 0.376518 0.418388 0.373679 0.631288 0.495742 0.375808 0.490065 0.534774 0.515613 0.446775 0.512774 0.548967 0.626321 0.441098 0.623482 0.537612 0.819350 0.438259 0.807995 0.529096 1.000000 0.458130 0.964122 0.004459 0.045192 0.035038 0.033754 0.537785 0.513059 0.012653 0.013806
0.497194 0.269895 0.514031 0.255864 0.483163 0.255864 0.542092 0.269895 0.463520 0.272701 0.589797 0.376529 0.421428 0.373723 0.629083 0.497194 0.379335 0.488775 0.533674 0.516837 0.443877 0.514031 0.547705 0.626277 0.441071 0.623471 0.536480 0.814289 0.438265 0.805871 0.528062 1.000000 0.457908 0.968628 0.004737 0.043128 0.034167 0.029881 0.535559 0.492914 0.014297 0.014083
0.497162 0.265867 0.517028 0.251677 0.482972 0.251677 0.542570 0.268705 0.463106 0.268705 0.590815 0.376548 0.420537 0.373710 0.630547 0.495743 0.380805 0.490067 0.534056 0.518447 0.443240 0.512771 0.548246 0.626290 0.440402 0.623452 0.539732 0.816435 0.440402 0.807921 0.525542 1.000000 0.451754 0.989551 0.009120 0.019869 0.039498 0.025267 0.528858 0.493722 0.014458 0.014243
0.497178 0.267892 0.516932 0.253782 0.483068 0.253782 0.542330 0.270714 0.463314 0.270714 0.590303 0.375127 0.420985 0.375127 0.629811 0.496473 0.381477 0.490829 0.531042 0.519048 0.443560 0.513404 0.547974 0.626284 0.440738 0.623462 0.539508 0.818178 0.440738 0.809712 0.528220 1.000000 0.449204 0.998785 0.004947 0.014243 0.039114 0.025267 0.528663 0.493722 0.014377 0.014034
0.496431 0.266615 0.513561 0.252341 0.479302 0.252341 0.542109 0.269470 0.462173 0.269470 0.590642 0.375100 0.419350 0.375100 0.630610 0.497859 0.379382 0.492149 0.530690 0.517843 0.442189 0.514988 0.547819 0.626328 0.442189 0.623473 0.539254 0.820458 0.442189 0.814748 0.524980 1.000000 0.447899 1.000000 0.009330 0.009092 0.039707 0.029188 0.537358 0.493722 0.012725 0.014034
0.493577 0.266615 0.513561 0.252341 0.479302 0.252341 0.542109 0.269470 0.462173 0.269470 0.590642 0.375100 0.419350 0.375100 0.630610 0.497859 0.379382 0.492149 0.527835 0.520698 0.439334 0.514988 0.547819 0.626328 0.442189 0.623473 0.536399 0.817603 0.445044 0.817603 0.524980 1.000000 0.450754 1.000000 0.000546 0.004284 0.034760 0.024507 0.530586 0.488882 0.012725 0.023662
0.493685 0.271244 0.510526 0.257210 0.479651 0.257210 0.541401 0.271244 0.462810 0.274051 0.589117 0.375097 0.420707 0.375097 0.628412 0.495790 0.381412 0.490176 0.527366 0.518244 0.443162 0.515437 0.547014 0.624903 0.443162 0.624903 0.535787 0.815767 0.451582 0.815767 0.521753 1.000000 0.451582 1.000000 0.005008 0.014034 0.034446 0.014502 0.530586 0.481134 0.012511 0.032737
0.492940 0.267715 0.509884 0.253594 0.475995 0.253594 0.538126 0.270539 0.461874 0.270539 0.586136 0.375032 0.419512 0.375032 0.628498 0.493646 0.379974 0.490822 0.526829 0.516239 0.442105 0.513415 0.549422 0.626380 0.444929 0.623556 0.535302 0.812773 0.450578 0.815597 0.521181 1.000000 0.453402 1.000000 0.000365 0.004877 0.022100 0.023082 0.539583 0.493722 0.007193 0.033428
0.490116 0.269127 0.507060 0.255006 0.475995 0.255006 0.538126 0.269127 0.459050 0.271951 0.586136 0.373620 0.419512 0.376444 0.628498 0.492234 0.379974 0.492234 0.526829 0.517651 0.442105 0.514827 0.549422 0.624968 0.444929 0.624968 0.535302 0.814185 0.453402 0.814185 0.521181 1.000000 0.456226 1.000000 0.000365 0.009631 0.022458 0.018198 0.531209 0.493722 0.007193 0.037954
0.487928 0.267079 0.507811 0.252877 0.473725 0.255717 0.536216 0.267079 0.459523 0.269920 0.587345 0.375018 0.416915 0.375018 0.629953 0.494319 0.379989 0.494319 0.530535 0.519883 0.439639 0.519883 0.550419 0.624982 0.445320 0.624982 0.536216 0.815295 0.456682 0.818136 0.522014 1.000000 0.462363 1.000000 0.000365 0.009478 0.022975 0.017315 0.529072 0.466666 0.005426 0.042413
0.486431 0.267891 0.506428 0.253608 0.472147 0.253608 0.534995 0.267891 0.457863 0.267891 0.586416 0.373590 0.417869 0.376447 0.632123 0.493572 0.377875 0.493572 0.532138 0.522140 0.443580 0.519283 0.549278 0.624982 0.446436 0.624982 0.537852 0.816382 0.463577 0.819239 0.520711 1.000000 0.472147 1.000000 0.009876 0.013980 0.027704 0.008414 0.527273 0.486014 0.005456 0.046994
0.485170 0.269071 0.502119 0.254947 0.471046 0.257772 0.533192 0.269071 0.454097 0.271896 0.586863 0.373590 0.414549 0.376414 0.629235 0.489407 0.380652 0.495057 0.533192 0.520480 0.445622 0.520480 0.550140 0.624998 0.448447 0.624998 0.538841 0.811436 0.462571 0.814260 0.521892 0.997873 0.476695 1.000000 0.009589 0.001014 0.026900 0.019430 0.512041 0.469860 0.001798 0.042978
0.483849 0.268262 0.500702 0.254217 0.466995 0.257026 0.528792 0.268262 0.452950 0.273880 0.582162 0.372193 0.416434 0.377811 0.629914 0.490169 0.379918 0.495787 0.534410 0.521067 0.447332 0.518258 0.551263 0.624998 0.450141 0.624998 0.540027 0.810388 0.469804 0.813197 0.523174 0.990161 0.475422 1.000000 0.010486 0.024044 0.019445 0.010004 0.522824 0.493131 0.001788 0.052404
0.482347 0.270513 0.499294 0.256391 0.465400 0.259215 0.527538 0.267689 0.451278 0.273338 0.584027 0.372194 0.411736 0.377842 0.632043 0.490821 0.377842 0.499294 0.536012 0.521890 0.448454 0.519065 0.552958 0.623570 0.451278 0.626394 0.541661 0.809984 0.468225 0.815633 0.524714 0.990749 0.479523 1.000000 0.010486 0.010260 0.019875 0.021790 0.522824 0.499725 0.005394 0.047698
0.481643 0.267715 0.498588 0.253594 0.464698 0.256418 0.526829 0.267715 0.447753 0.273363 0.583312 0.369384 0.411040 0.380680 0.631322 0.487997 0.379974 0.499294 0.538126 0.519063 0.450578 0.519063 0.555071 0.623556 0.450578 0.626380 0.543774 0.809949 0.467522 0.818421 0.526829 0.993518 0.481643 1.000000 0.010031 0.005316 0.015955 0.022773 0.520007 0.494634 0.007193 0.047282
0.481643 0.267715 0.495764 0.253594 0.464698 0.256418 0.524005 0.267715 0.447753 0.273363 0.583312 0.369384 0.411040 0.380680 0.631322 0.487997 0.377150 0.502118 0.540950 0.519063 0.453402 0.521887 0.555071 0.623556 0.450578 0.626380 0.549422 0.812773 0.470347 0.818421 0.529653 0.996342 0.484467 1.000000 0.024649 0.009954 0.025724 0.018135 0.517032 0.505880 0.007193 0.042151
0.479764 0.271822 0.493720 0.255075 0.463017 0.260658 0.521631 0.269031 0.446270 0.277405 0.580246 0.369513 0.409985 0.380678 0.627696 0.486742 0.379282 0.500698 0.541170 0.514654 0.454644 0.520236 0.557917 0.623509 0.451852 0.626300 0.552334 0.807726 0.471391 0.816099 0.532796 0.986360 0.485346 1.000000 0.025035 0.009954 0.018269 0.021089 0.523097 0.498972 0.012442 0.042295
0.478954 0.268492 0.495791 0.254461 0.462117 0.257268 0.521046 0.265686 0.445280 0.274104 0.579975 0.369514 0.408800 0.380738 0.630486 0.487372 0.375126 0.501403 0.543495 0.512628 0.456505 0.515434 0.557526 0.622068 0.453698 0.627680 0.557526 0.807274 0.470535 0.815693 0.535077 0.984062 0.487372 1.000000 0.040205 0.001219 0.028220 0.028820 0.538941 0.532280 0.014297 0.028429
0.481169 0.269146 0.495118 0.255198 0.464430 0.257987 0.523016 0.266357 0.444902 0.274726 0.578811 0.369578 0.408635 0.380737 0.629027 0.486749 0.375158 0.500697 0.542544 0.509067 0.458851 0.511857 0.559283 0.623447 0.453271 0.626237 0.564862 0.810362 0.470010 0.818731 0.539754 0.972169 0.486749 1.000000 0.058501 0.000383 0.033937 0.029639 0.548491 0.544434 0.015991 0.018111
0.481169 0.271936 0.495118 0.255198 0.464430 0.257987 0.520226 0.269146 0.444902 0.277516 0.578811 0.369578 0.408635 0.380737 0.626237 0.486749 0.372368 0.500697 0.542544 0.511857 0.458851 0.514646 0.559283 0.623447 0.453271 0.626237 0.564862 0.807572 0.470010 0.818731 0.542544 0.961010 0.483959 1.000000 0.055620 0.004247 0.034080 0.029639 0.529650 0.542550 0.015991 0.017967
0.482564 0.269146 0.499303 0.255198 0.465825 0.257987 0.521621 0.269146 0.446297 0.277516 0.577416 0.369578 0.410030 0.380737 0.624842 0.486749 0.373763 0.500697 0.543939 0.511857 0.463036 0.514646 0.560678 0.623447 0.451876 0.626237 0.569047 0.804783 0.471405 0.818731 0.549518 0.955430 0.485354 1.000000 0.055714 0.008472 0.035638 0.021559 0.526638 0.544115 0.015991 0.017501
0.485977 0.268623 0.500000 0.251796 0.466345 0.257405 0.525241 0.265819 0.446713 0.274232 0.578528 0.369588 0.407449 0.380806 0.623401 0.487379 0.370990 0.501402 0.547678 0.515425 0.463541 0.515425 0.561700 0.621999 0.452322 0.627608 0.570114 0.807100 0.469150 0.818318 0.553287 0.964156 0.485977 1.000000 0.048434 0.000000 0.035648 0.029235 0.502952 0.545588 0.017864 0.013554
0.486749 0.267751 0.500697 0.253803 0.470010 0.256592 0.523016 0.267751 0.447692 0.273331 0.578811 0.370973 0.408635 0.379342 0.620658 0.488143 0.372368 0.499303 0.548124 0.516041 0.464430 0.516041 0.559283 0.622053 0.453271 0.627632 0.567652 0.806177 0.470010 0.817337 0.556493 0.970774 0.486749 1.000000 0.036006 0.000000 0.039166 0.028606 0.492313 0.536203 0.015991 0.013554
0.489538 0.269146 0.503487 0.255198 0.470010 0.257987 0.525805 0.269146 0.447692 0.274726 0.578811 0.372368 0.408635 0.377947 0.617868 0.489538 0.369578 0.500697 0.548124 0.517436 0.464430 0.517436 0.559283 0.623447 0.453271 0.626237 0.564862 0.807572 0.470010 0.815942 0.559283 0.983328 0.486749 1.000000 0.019745 0.000000 0.034350 0.028606 0.481297 0.542456 0.015991 0.018371
0.493028 0.267820 0.506972 0.253875 0.473505 0.256664 0.526495 0.267820 0.451193 0.273398 0.576696 0.371011 0.409359 0.379378 0.618530 0.490936 0.370314 0.499303 0.548807 0.516036 0.467927 0.516036 0.559962 0.622016 0.453982 0.627594 0.565540 0.808876 0.467927 0.814454 0.562751 0.990157 0.487450 1.000000 0.014396 0.008942 0.030688 0.032909 0.496843 0.546148 0.017764 0.014212
0.495769 0.266615 0.507051 0.252513 0.476027 0.255334 0.526793 0.269435 0.450644 0.272256 0.577560 0.370968 0.408338 0.379430 0.619865 0.492244 0.368853 0.500705 0.549356 0.520448 0.467566 0.520448 0.560638 0.621981 0.453464 0.627621 0.566278 0.810945 0.476027 0.816586 0.563458 1.000000 0.490129 1.000000 0.014113 0.014802 0.030926 0.019421 0.485718 0.537358 0.017964 0.028329
0.496513 0.270541 0.510462 0.256592 0.476984 0.259382 0.529990 0.270541 0.451876 0.273331 0.577416 0.370973 0.410030 0.379342 0.619263 0.490933 0.373763 0.499303 0.549518 0.521621 0.468615 0.518831 0.557888 0.622053 0.454666 0.627632 0.560678 0.811757 0.476984 0.814547 0.563467 1.000000 0.493723 1.000000 0.000146 0.009399 0.029388 0.018791 0.474895 0.528821 0.015991 0.033147
0.498612 0.272447 0.509713 0.255797 0.479187 0.258572 0.529138 0.269672 0.454212 0.275222 0.579089 0.372348 0.409811 0.377898 0.617939 0.488900 0.370961 0.497225 0.548563 0.519425 0.470862 0.519425 0.556888 0.622102 0.454212 0.627652 0.556888 0.810804 0.476412 0.813579 0.562438 0.999507 0.493062 0.996732 0.009359 0.008970 0.028220 0.018175 0.470475 0.530586 0.014138 0.037828
0.497907 0.269031 0.511862 0.255075 0.478368 0.257867 0.528609 0.269031 0.453248 0.271822 0.578850 0.372304 0.411381 0.377887 0.617927 0.489533 0.372304 0.497907 0.548148 0.520236 0.467204 0.520236 0.556521 0.623509 0.453248 0.626300 0.553730 0.810517 0.475577 0.813308 0.559312 1.000000 0.492324 0.997525 0.014109 0.008970 0.023470 0.015321 0.470475 0.526632 0.012442 0.042579
0.500698 0.271822 0.514654 0.257867 0.481160 0.257867 0.531401 0.271822 0.456039 0.274614 0.578850 0.372304 0.411381 0.377887 0.620718 0.492324 0.372304 0.497907 0.548148 0.520236 0.467204 0.523027 0.556521 0.623509 0.453248 0.626300 0.548148 0.813308 0.472786 0.813308 0.556521 1.000000 0.489533 0.994734 0.028068 0.003836 0.014186 0.020012 0.489962 0.517821 0.012442 0.047170
0.499306 0.270922 0.513189 0.257038 0.482646 0.259815 0.532626 0.270922 0.457655 0.273698 0.579830 0.373660 0.413228 0.376437 0.618704 0.493058 0.374354 0.495835 0.549287 0.523602 0.465985 0.520825 0.554840 0.623563 0.452102 0.626340 0.543733 0.812379 0.471539 0.812379 0.549287 0.998419 0.490976 0.990089 0.028202 0.001540 0.013023 0.015985 0.468249 0.515440 0.008839 0.051838
0.500698 0.271680 0.514663 0.257716 0.483941 0.257716 0.534213 0.271680 0.458805 0.271680 0.581692 0.375018 0.414118 0.375018 0.620793 0.495112 0.375018 0.495112 0.548178 0.523041 0.464390 0.523041 0.553763 0.623586 0.450426 0.626379 0.542592 0.816296 0.472769 0.813504 0.545385 1.000000 0.489527 0.992249 0.023183 0.008073 0.017184 0.007834 0.483315 0.503779 0.005334 0.056260
0.501397 0.273059 0.515362 0.256300 0.484638 0.259093 0.537707 0.270266 0.459500 0.273059 0.582397 0.373611 0.414810 0.376404 0.621501 0.496509 0.375706 0.496509 0.546086 0.521647 0.462293 0.521647 0.554466 0.624992 0.448327 0.624992 0.540500 0.814924 0.467879 0.812131 0.540500 1.000000 0.487431 0.988098 0.023363 0.002087 0.011861 0.009524 0.495640 0.510250 0.003556 0.056499
0.502107 0.268262 0.518960 0.254217 0.485253 0.257026 0.538623 0.268262 0.459973 0.271071 0.583566 0.375002 0.415029 0.375002 0.622891 0.498596 0.375704 0.492978 0.544241 0.521067 0.459973 0.521067 0.552668 0.624998 0.448737 0.624998 0.541432 0.818815 0.465590 0.810388 0.538623 1.000000 0.482444 0.990161 0.013819 0.000889 0.020711 0.013802 0.509471 0.500000 0.001788 0.047290
