0.536633 0.257777 0.548594 0.245217 0.516298 0.242825 0.559958 0.264356 0.476824 0.261365 0.581489 0.379187 0.419408 0.370814 0.593450 0.517942 0.369768 0.494019 0.504934 0.572368 0.324911 0.577153 0.552781 0.626195 0.446322 0.623803 0.545006 0.858251 0.465461 0.840309 0.520484 1.000000 0.461274 0.958729 0.025139 0.039314 0.026168 0.005671 0.351896 0.035582 0.001141 0.038726
0.534549 0.257863 0.546411 0.244815 0.514383 0.243628 0.557087 0.263201 0.476424 0.261422 0.581404 0.378857 0.420079 0.371147 0.591487 0.516459 0.372037 0.495107 0.503707 0.573990 0.325181 0.579328 0.551749 0.626184 0.446768 0.623812 0.544038 0.852159 0.468120 0.836145 0.517942 1.000000 0.456258 0.960105 0.027644 0.062270 0.027128 0.001602 0.338610 0.043914 0.001888 0.042758
0.531512 0.253754 0.543517 0.241149 0.511104 0.239949 0.556122 0.260957 0.473890 0.259757 0.582532 0.378003 0.418668 0.372000 0.590335 0.517257 0.370650 0.497449 0.506302 0.577280 0.322031 0.584483 0.552520 0.625899 0.446279 0.624098 0.541716 0.852187 0.459484 0.836581 0.516506 1.000000 0.452882 0.968632 0.021380 0.035659 0.023164 0.014967 0.320386 0.045794 0.001527 0.034943
0.529205 0.253041 0.541311 0.240330 0.508020 0.239725 0.554022 0.260910 0.471703 0.260305 0.583681 0.376521 0.419042 0.373494 0.590945 0.518764 0.368803 0.501211 0.504388 0.583530 0.319775 0.589583 0.551601 0.625901 0.445675 0.624085 0.539495 0.853490 0.463229 0.838963 0.514678 1.000000 0.447491 0.996944 0.018691 0.057550 0.023808 0.007758 0.311764 0.041935 0.003467 0.042861
0.525431 0.253246 0.537761 0.239683 0.503853 0.239683 0.551324 0.259411 0.468713 0.261260 0.584615 0.375313 0.417543 0.374696 0.590163 0.520190 0.364524 0.502312 0.504470 0.589238 0.309039 0.599719 0.551324 0.626228 0.446519 0.623762 0.538377 0.854333 0.462548 0.848785 0.514334 1.000000 0.440970 1.000000 0.015561 0.053830 0.023940 0.014230 0.296294 0.039477 0.002748 0.040683
0.521852 0.253669 0.533466 0.240833 0.500458 0.241444 0.548135 0.259782 0.466229 0.263449 0.583587 0.374084 0.417329 0.375918 0.587255 0.518949 0.364763 0.501222 0.502903 0.588630 0.313418 0.595354 0.550580 0.625916 0.448503 0.624082 0.531632 0.850853 0.460728 0.849020 0.513906 1.000000 0.447280 1.000000 0.002568 0.035220 0.014733 0.022494 0.288281 0.032510 0.001167 0.044034
0.519745 0.255317 0.531288 0.241951 0.498481 0.243166 0.545869 0.259569 0.465067 0.264430 0.582928 0.374393 0.417679 0.375608 0.585358 0.517770 0.364824 0.501974 0.502126 0.588244 0.313184 0.595534 0.550121 0.625911 0.449271 0.624088 0.527035 0.848875 0.463244 0.850698 0.513062 1.000000 0.452309 1.000000 0.013749 0.033811 0.008444 0.020650 0.281755 0.034435 0.000775 0.052444
0.517576 0.254395 0.529091 0.240455 0.496364 0.242273 0.544242 0.258637 0.464243 0.264698 0.582424 0.375000 0.418182 0.375000 0.584848 0.517424 0.368485 0.498030 0.503636 0.587121 0.315758 0.590151 0.549091 0.625909 0.450303 0.624091 0.520606 0.845908 0.461818 0.848938 0.504848 1.000000 0.456970 1.000000 0.019354 0.022574 0.001058 0.024535 0.279659 0.043276 0.000774 0.057273
0.515152 0.253788 0.526667 0.239242 0.493333 0.241667 0.541818 0.256818 0.461212 0.264697 0.581212 0.374394 0.418788 0.375606 0.583636 0.518636 0.371515 0.497424 0.497576 0.586515 0.313333 0.587727 0.549091 0.625909 0.450909 0.624091 0.519394 0.851970 0.458788 0.856818 0.504242 1.000000 0.459394 1.000000 0.020388 0.009966 0.001144 0.030149 0.292772 0.064357 0.000002 0.052350
0.513489 0.254496 0.525480 0.240108 0.492506 0.242506 0.540468 0.258094 0.461331 0.265887 0.580635 0.374400 0.419365 0.375600 0.583633 0.518885 0.374400 0.499101 0.495504 0.581835 0.314448 0.583633 0.549460 0.625600 0.450540 0.624400 0.522482 0.851019 0.460132 0.858213 0.505096 1.000000 0.460731 1.000000 0.010752 0.012220 0.001386 0.026626 0.309171 0.085220 0.000002 0.050967
0.513317 0.252727 0.526029 0.239410 0.492131 0.240620 0.541767 0.258780 0.461260 0.263623 0.582323 0.373791 0.418887 0.376212 0.587771 0.520884 0.375304 0.500908 0.487894 0.581416 0.313561 0.580205 0.550242 0.625604 0.448548 0.624393 0.521186 0.851388 0.461865 0.862889 0.507869 1.000000 0.463075 1.000000 0.019224 0.016135 0.000401 0.020107 0.338348 0.103555 0.001543 0.058493
0.515084 0.251640 0.527274 0.237622 0.493753 0.239450 0.543730 0.255906 0.462060 0.262610 0.586393 0.373534 0.421226 0.376582 0.589440 0.522246 0.376734 0.500305 0.480345 0.580755 0.313349 0.578927 0.547996 0.625856 0.444386 0.624028 0.521789 0.853190 0.463279 0.862941 0.509599 1.000000 0.464498 1.000000 0.016603 0.023483 0.011536 0.004586 0.349826 0.106094 0.009701 0.061654
0.515237 0.251631 0.527427 0.237003 0.493905 0.239441 0.543884 0.255897 0.462211 0.262602 0.586548 0.373530 0.420766 0.376577 0.588986 0.522247 0.376272 0.500914 0.479887 0.580758 0.312885 0.578930 0.548150 0.625861 0.444536 0.624032 0.521942 0.853812 0.463430 0.863564 0.509752 1.000000 0.464649 1.000000 0.016444 0.023420 0.011633 0.005428 0.348522 0.107803 0.009314 0.061494
0.514036 0.253084 0.526110 0.239199 0.492303 0.241010 0.542410 0.257914 0.460910 0.263951 0.584066 0.373222 0.421669 0.376844 0.587085 0.520526 0.375184 0.501811 0.479021 0.579689 0.305758 0.580293 0.549051 0.625571 0.445214 0.624363 0.524299 0.850753 0.462117 0.864638 0.512829 1.000000 0.465740 1.000000 0.014165 0.017522 0.009038 0.007830 0.347077 0.117179 0.007303 0.057205
0.514646 0.251013 0.527111 0.236678 0.492209 0.238548 0.543939 0.255375 0.459801 0.262231 0.587566 0.372546 0.418666 0.377532 0.589436 0.527111 0.372546 0.507791 0.474758 0.591929 0.308351 0.587566 0.550795 0.625584 0.442973 0.624338 0.524618 0.851200 0.454815 0.866158 0.511530 1.000000 0.460424 1.000000 0.016101 0.008468 0.009168 0.015673 0.340095 0.107366 0.007936 0.052342
0.514300 0.251244 0.527500 0.236158 0.491671 0.238673 0.545100 0.254387 0.458986 0.262558 0.589100 0.372558 0.419386 0.377586 0.589728 0.529700 0.372243 0.506443 0.473443 0.598842 0.306244 0.589414 0.550128 0.625871 0.441386 0.623985 0.529386 0.851527 0.448929 0.864098 0.513043 1.000000 0.457100 1.000000 0.003452 0.000248 0.019412 0.018349 0.330521 0.102252 0.010807 0.039174
0.516451 0.253393 0.530595 0.239248 0.494926 0.240478 0.548430 0.258928 0.463562 0.263848 0.589633 0.373314 0.422974 0.377004 0.589633 0.527674 0.373775 0.506150 0.480782 0.597167 0.308587 0.589172 0.547200 0.626686 0.440193 0.622996 0.526905 0.856688 0.447573 0.860993 0.507841 1.000000 0.459258 1.000000 0.001798 0.005279 0.024805 0.012378 0.319139 0.096022 0.016059 0.037881
0.516222 0.250155 0.528957 0.236207 0.494391 0.238026 0.546543 0.255612 0.463463 0.261070 0.585960 0.374471 0.422833 0.375684 0.587779 0.525470 0.375532 0.501213 0.484081 0.594602 0.311858 0.586718 0.547149 0.626135 0.444058 0.623710 0.527744 0.845660 0.452548 0.853543 0.511370 1.000000 0.464070 1.000000 0.001762 0.003703 0.020640 0.015420 0.316668 0.089041 0.011198 0.039818
0.516039 0.247960 0.530703 0.235129 0.494654 0.235740 0.549033 0.257125 0.464103 0.260791 0.585694 0.375049 0.421333 0.375049 0.588138 0.527190 0.373675 0.502138 0.482434 0.596233 0.309519 0.588901 0.549033 0.625562 0.443940 0.624340 0.535591 0.821694 0.452494 0.849801 0.520316 0.986666 0.466547 1.000000 0.007608 0.006971 0.024472 0.016716 0.320937 0.088470 0.008948 0.033853
0.518435 0.246784 0.533671 0.234595 0.497715 0.234595 0.551954 0.259582 0.466634 0.260191 0.586691 0.375982 0.421536 0.374154 0.590347 0.527119 0.374611 0.500305 0.493449 0.594156 0.312449 0.588671 0.548906 0.625846 0.442866 0.624018 0.536108 0.823910 0.453836 0.847677 0.529405 0.995158 0.470290 1.000000 0.008085 0.006921 0.027234 0.011508 0.315053 0.081779 0.010477 0.036139
0.518629 0.245705 0.534381 0.234800 0.499849 0.233588 0.552555 0.260850 0.468951 0.257216 0.585270 0.377169 0.421697 0.372928 0.590117 0.528019 0.373231 0.498334 0.495608 0.595872 0.313860 0.589208 0.548920 0.626163 0.444113 0.623740 0.532563 0.832144 0.452594 0.844866 0.533775 1.000000 0.470163 1.000000 0.027285 0.012105 0.020918 0.016170 0.312021 0.066821 0.008872 0.037428
0.517762 0.249822 0.534019 0.237779 0.498495 0.237177 0.553287 0.260660 0.468389 0.259455 0.585199 0.377470 0.422628 0.372653 0.589414 0.527998 0.372653 0.497893 0.499699 0.594231 0.314850 0.590016 0.548470 0.626745 0.443702 0.623132 0.532213 0.844108 0.450928 0.845313 0.535224 1.000000 0.470797 1.000000 0.028064 0.016869 0.022803 0.016370 0.306484 0.057513 0.009968 0.034111
0.520326 0.250445 0.535757 0.238575 0.501929 0.237388 0.554748 0.260534 0.471662 0.257567 0.583828 0.378635 0.424777 0.371513 0.586795 0.527596 0.373739 0.496736 0.501929 0.590505 0.315578 0.589318 0.547033 0.626706 0.444362 0.623146 0.533383 0.851632 0.452077 0.845698 0.539318 1.000000 0.471662 1.000000 0.027229 0.015771 0.027578 0.013694 0.303295 0.055346 0.010959 0.030324
0.522650 0.250702 0.538046 0.239451 0.503701 0.237674 0.555811 0.262545 0.472317 0.257808 0.582458 0.378016 0.424944 0.372094 0.586603 0.526647 0.374019 0.496447 0.501925 0.591192 0.316579 0.588824 0.546928 0.626722 0.445670 0.623169 0.533309 0.854110 0.455144 0.844043 0.540415 1.000000 0.470540 1.000000 0.028334 0.007708 0.026125 0.012571 0.301564 0.053349 0.009426 0.032688
0.524159 0.251629 0.540069 0.240434 0.505303 0.238666 0.558336 0.263415 0.474073 0.258700 0.583085 0.378319 0.425754 0.371837 0.589567 0.524454 0.375667 0.496170 0.510607 0.586326 0.322045 0.585736 0.546551 0.626395 0.444610 0.623449 0.532409 0.853258 0.456984 0.840294 0.540659 1.000000 0.475251 1.000000 0.030551 0.008678 0.026725 0.005666 0.302545 0.049814 0.011257 0.037962
0.522299 0.252364 0.539317 0.241802 0.504695 0.238868 0.557508 0.265274 0.474180 0.257646 0.580394 0.380290 0.422541 0.369727 0.587435 0.524646 0.373248 0.492371 0.511149 0.580980 0.322195 0.579807 0.549292 0.626752 0.447774 0.623231 0.535796 0.850328 0.455402 0.835658 0.536969 1.000000 0.470072 1.000000 0.020719 0.009819 0.020764 0.020153 0.313046 0.046580 0.003735 0.030618
0.521804 0.247162 0.539725 0.237007 0.503286 0.234020 0.558244 0.262097 0.470430 0.254928 0.580346 0.380376 0.419654 0.369624 0.592294 0.526135 0.371266 0.492682 0.506272 0.582885 0.319892 0.579301 0.552270 0.626493 0.447730 0.623507 0.539128 0.853495 0.451314 0.834976 0.537933 1.000000 0.465651 1.000000 0.016817 0.016713 0.017748 0.029664 0.340401 0.051152 0.000002 0.023803
0.523343 0.244880 0.541416 0.235241 0.504669 0.231627 0.560693 0.262952 0.469729 0.254518 0.580572 0.380422 0.419127 0.369578 0.599247 0.528012 0.371536 0.495482 0.515512 0.581626 0.319729 0.581024 0.552861 0.626807 0.447440 0.623193 0.539006 0.856927 0.452861 0.837048 0.536596 1.000000 0.465512 1.000000 0.015982 0.011510 0.016508 0.027321 0.358780 0.058302 0.000386 0.027210
0.525864 0.249432 0.544403 0.239864 0.506728 0.235080 0.562941 0.268569 0.472641 0.256010 0.583871 0.380995 0.420016 0.369035 0.598224 0.526911 0.371577 0.493422 0.510914 0.585516 0.320745 0.580134 0.552177 0.627975 0.443936 0.621995 0.541412 0.857014 0.452906 0.831898 0.534236 1.000000 0.463073 1.000000 0.005472 0.002401 0.025677 0.016417 0.343038 0.050567 0.004949 0.028543
0.518449 0.256294 0.536898 0.244392 0.500595 0.242011 0.561298 0.264626 0.473219 0.258080 0.584508 0.380676 0.420253 0.369369 0.596411 0.526483 0.370857 0.492561 0.511307 0.582426 0.322651 0.577664 0.551776 0.627655 0.443463 0.622299 0.547015 0.857971 0.454770 0.834166 0.532732 1.000000 0.462507 1.000000 0.012169 0.004401 0.035362 0.012156 0.340824 0.042664 0.006062 0.023551
0.526812 0.254005 0.542635 0.242284 0.507472 0.239940 0.558459 0.264554 0.472895 0.259866 0.583073 0.378248 0.421909 0.371802 0.597724 0.520658 0.371509 0.497216 0.509816 0.581021 0.322866 0.578677 0.550840 0.627319 0.444179 0.622631 0.548496 0.856465 0.451797 0.831265 0.527984 1.000000 0.459416 1.000000 0.024734 0.001722 0.037709 0.016568 0.341099 0.049715 0.006343 0.014875
0.523410 0.257414 0.540382 0.246295 0.505267 0.242783 0.559110 0.267949 0.473079 0.260926 0.583691 0.377390 0.423332 0.372708 0.598907 0.520776 0.370660 0.499122 0.511120 0.582227 0.319158 0.585739 0.550331 0.627877 0.442646 0.622024 0.552087 0.865488 0.456106 0.829788 0.523410 1.000000 0.457862 0.994828 0.041152 0.017208 0.044496 0.004013 0.339254 0.045087 0.008943 0.018242
0.525779 0.259889 0.542277 0.247515 0.508102 0.243980 0.559365 0.266371 0.475105 0.257532 0.585291 0.377735 0.423842 0.372432 0.607092 0.518561 0.370222 0.505008 0.516351 0.582787 0.313067 0.592804 0.549937 0.628157 0.440930 0.621676 0.551116 0.861492 0.452714 0.820835 0.523422 1.000000 0.458017 0.976981 0.038931 0.008005 0.046250 0.002974 0.352831 0.061354 0.011631 0.017205
0.512322 0.273053 0.530661 0.259298 0.496275 0.256433 0.554731 0.270187 0.469912 0.265029 0.583386 0.376211 0.424637 0.373918 0.607456 0.514327 0.373059 0.509743 0.514041 0.577941 0.303140 0.593415 0.549000 0.627801 0.442977 0.622070 0.547281 0.849017 0.458450 0.818643 0.518626 1.000000 0.452719 0.976245 0.038217 0.036575 0.040763 0.001527 0.364621 0.106048 0.010217 0.027479
0.507650 0.276895 0.525454 0.262986 0.492072 0.260761 0.552160 0.273001 0.468704 0.269106 0.581647 0.375373 0.428089 0.374817 0.602789 0.512240 0.377459 0.507233 0.506537 0.576223 0.309582 0.589019 0.545483 0.627409 0.444780 0.622401 0.540476 0.842724 0.460915 0.816575 0.517108 1.000000 0.450900 0.987937 0.025982 0.044970 0.037963 0.004963 0.362042 0.104255 0.012400 0.033790
0.507545 0.276123 0.526750 0.261307 0.491632 0.259112 0.553637 0.271733 0.469135 0.267343 0.583268 0.375989 0.429627 0.374343 0.599181 0.511523 0.381888 0.502195 0.502058 0.575175 0.316042 0.582308 0.543760 0.627303 0.443345 0.622364 0.533883 0.840206 0.458709 0.822647 0.516873 1.000000 0.452673 1.000000 0.009864 0.034605 0.034877 0.006783 0.352538 0.105235 0.016426 0.039127
0.504290 0.275829 0.523662 0.259778 0.488238 0.258117 0.553552 0.269741 0.466651 0.266420 0.583995 0.375461 0.429566 0.374907 0.597279 0.514391 0.382518 0.502768 0.490452 0.582473 0.323293 0.581366 0.543589 0.627307 0.442850 0.622325 0.530305 0.838747 0.455028 0.822141 0.515360 1.000000 0.453367 1.000000 0.000907 0.022064 0.030666 0.002302 0.349735 0.093316 0.017275 0.039347
0.504290 0.275829 0.523662 0.260331 0.488238 0.258117 0.553552 0.270294 0.466651 0.266420 0.583995 0.375461 0.429566 0.374907 0.597279 0.514391 0.382518 0.502768 0.490452 0.582473 0.323293 0.581366 0.543589 0.627307 0.442850 0.622325 0.530305 0.838747 0.455028 0.822141 0.515360 1.000000 0.453367 1.000000 0.000907 0.022072 0.030666 0.002302 0.349735 0.093316 0.017275 0.039347
0.505390 0.276519 0.524739 0.260487 0.489358 0.258828 0.554039 0.270438 0.466139 0.267674 0.584997 0.375475 0.429100 0.374922 0.598818 0.513682 0.382662 0.499862 0.495992 0.577811 0.323509 0.582233 0.542982 0.627012 0.442920 0.622590 0.525845 0.834876 0.457294 0.822161 0.510918 1.000000 0.454530 1.000000 0.004731 0.027294 0.026497 0.005142 0.354226 0.084965 0.017958 0.049070
0.506143 0.277446 0.524573 0.261808 0.488830 0.260691 0.551939 0.271861 0.463699 0.270744 0.585447 0.374621 0.427956 0.375738 0.598292 0.514241 0.379368 0.504189 0.497766 0.581817 0.314585 0.586844 0.544120 0.627054 0.442477 0.622586 0.526807 0.834809 0.449737 0.821964 0.511728 1.000000 0.448620 1.000000 0.005066 0.013311 0.025190 0.007115 0.340814 0.096495 0.017074 0.038050
0.503420 0.276591 0.522797 0.260063 0.485752 0.258923 0.552433 0.270892 0.461245 0.269752 0.587198 0.374617 0.426480 0.375757 0.602016 0.517668 0.377467 0.506269 0.501140 0.584918 0.309646 0.592327 0.545024 0.627092 0.441298 0.622533 0.526786 0.835684 0.443578 0.823145 0.513108 1.000000 0.441868 1.000000 0.008636 0.006158 0.024925 0.015474 0.345688 0.098097 0.017424 0.031377
0.504419 0.274220 0.523234 0.258826 0.486174 0.258255 0.550601 0.271939 0.460517 0.271369 0.587091 0.373996 0.424597 0.376277 0.600774 0.518815 0.378415 0.509693 0.499287 0.582672 0.307146 0.589514 0.546610 0.627144 0.441702 0.622583 0.526084 0.835249 0.441702 0.822706 0.514111 1.000000 0.440562 1.000000 0.014514 0.001685 0.019180 0.022069 0.351217 0.125927 0.014887 0.031294
0.496493 0.277678 0.515570 0.262529 0.479100 0.261968 0.544745 0.274873 0.454413 0.273750 0.580092 0.372498 0.424677 0.377548 0.596924 0.513886 0.387086 0.519497 0.485272 0.571676 0.303487 0.583458 0.547550 0.626099 0.447681 0.623855 0.524547 0.820228 0.453291 0.813495 0.512764 1.000000 0.451608 1.000000 0.019878 0.012067 0.003078 0.020228 0.385686 0.209709 0.006073 0.046958
0.501110 0.288225 0.518319 0.273237 0.485567 0.272127 0.545519 0.280453 0.460587 0.278233 0.581601 0.373712 0.428391 0.376488 0.599365 0.512490 0.386757 0.516376 0.482236 0.564671 0.304046 0.577438 0.544409 0.626843 0.445599 0.622957 0.519984 0.832789 0.453371 0.823908 0.507772 1.000000 0.452260 1.000000 0.020216 0.013988 0.008862 0.009884 0.407119 0.205496 0.012726 0.049880
0.495802 0.283509 0.513714 0.268395 0.480128 0.267835 0.542263 0.277351 0.455498 0.275112 0.579207 0.373072 0.426390 0.376991 0.594321 0.518053 0.387206 0.519732 0.462775 0.570111 0.298203 0.577388 0.546181 0.626648 0.448221 0.623289 0.519872 0.828165 0.456058 0.819769 0.504198 1.000000 0.452140 1.000000 0.019298 0.018743 0.000138 0.015451 0.413114 0.231749 0.007128 0.054013
0.496700 0.281792 0.514850 0.266942 0.480200 0.265842 0.542899 0.277392 0.455451 0.275192 0.577549 0.373640 0.426301 0.376390 0.595698 0.513887 0.384502 0.513337 0.472501 0.567236 0.301454 0.575486 0.546199 0.626635 0.449951 0.623335 0.521450 0.822432 0.459301 0.814182 0.500550 1.000000 0.453251 1.000000 0.009571 0.025225 0.000780 0.014809 0.410886 0.201209 0.004902 0.055605
0.497958 0.265530 0.517020 0.249735 0.481074 0.248646 0.545342 0.264440 0.456020 0.263351 0.574753 0.372825 0.427154 0.377182 0.588369 0.517156 0.392841 0.521514 0.443493 0.575978 0.301340 0.575434 0.546431 0.626086 0.451663 0.623907 0.524645 0.820524 0.469091 0.811810 0.502315 1.000000 0.464189 1.000000 0.002924 0.037202 0.000137 0.002073 0.407175 0.256204 0.002426 0.064957
0.506004 0.260119 0.523470 0.244291 0.487992 0.243199 0.548031 0.259573 0.459610 0.257936 0.576413 0.373646 0.426862 0.376375 0.590604 0.513372 0.394114 0.519376 0.456881 0.577231 0.301873 0.571227 0.546393 0.626354 0.450332 0.623625 0.527836 0.813565 0.470527 0.803740 0.503275 1.000000 0.468343 1.000000 0.004838 0.039058 0.006186 0.005414 0.390402 0.265331 0.004170 0.066991
0.502141 0.263743 0.520335 0.247154 0.485017 0.246619 0.548161 0.259997 0.460401 0.259461 0.577593 0.373978 0.429364 0.376119 0.595787 0.510970 0.389229 0.507224 0.474849 0.577326 0.308425 0.569299 0.544950 0.626557 0.448093 0.623346 0.527291 0.814921 0.461471 0.803148 0.505351 1.000000 0.457725 0.999539 0.002519 0.029711 0.011156 0.000427 0.382294 0.196931 0.008859 0.053395
0.500262 0.260405 0.519147 0.245192 0.484525 0.243619 0.547473 0.260929 0.460395 0.257782 0.574751 0.376858 0.429971 0.373186 0.591537 0.511147 0.386956 0.493312 0.465116 0.570947 0.317713 0.557309 0.545899 0.627601 0.449379 0.622355 0.528589 0.819591 0.459346 0.805428 0.506033 1.000000 0.454101 0.989551 0.005805 0.026378 0.007842 0.007432 0.398942 0.153073 0.006012 0.045935
