0.541887 0.271754 0.544726 0.255425 0.522718 0.258265 0.538337 0.268204 0.477992 0.274594 0.579513 0.375405 0.413387 0.374695 0.610041 0.516684 0.344523 0.493966 0.627079 0.649443 0.391379 0.497515 0.554665 0.624595 0.452434 0.625305 0.538337 0.831187 0.470182 0.827638 0.507099 1.000000 0.470892 1.000000 0.028662 0.026706 0.006530 0.021349 0.027108 0.642606 0.009041 0.052957
0.543532 0.270005 0.545647 0.255201 0.524498 0.257316 0.536482 0.267890 0.477970 0.274235 0.579485 0.376455 0.413818 0.373635 0.609798 0.518153 0.342616 0.488544 0.626718 0.650686 0.377160 0.499824 0.554106 0.624603 0.452591 0.625308 0.539302 0.829748 0.471625 0.825518 0.504759 1.000000 0.473740 1.000000 0.038677 0.026724 0.009511 0.018486 0.026668 0.576112 0.008528 0.053102
0.542506 0.273708 0.544596 0.257681 0.524389 0.260468 0.534144 0.268830 0.477702 0.275102 0.577347 0.376140 0.412898 0.374050 0.607310 0.517595 0.343216 0.491812 0.626124 0.649990 0.385025 0.486935 0.554352 0.624208 0.455404 0.625602 0.539719 0.823498 0.474218 0.829073 0.507665 0.997006 0.486064 1.000000 0.034818 0.010964 0.006090 0.023934 0.021510 0.707044 0.012424 0.052680
0.543854 0.271271 0.545230 0.255449 0.524593 0.258201 0.532848 0.267832 0.477815 0.275399 0.575498 0.375145 0.412464 0.375145 0.606453 0.516166 0.352616 0.497592 0.624339 0.647556 0.364311 0.493465 0.555548 0.623479 0.456490 0.626231 0.545918 0.818845 0.473688 0.833291 0.512898 0.976375 0.484694 1.000000 0.050089 0.009245 0.009836 0.028874 0.025716 0.752710 0.015334 0.042056
0.544118 0.271542 0.546170 0.255810 0.525650 0.257862 0.533858 0.268806 0.477770 0.274278 0.574899 0.374827 0.412105 0.375511 0.604311 0.513680 0.356017 0.500000 0.622095 0.644325 0.365593 0.497948 0.556430 0.623121 0.456566 0.626541 0.557798 0.817379 0.470930 0.835847 0.518810 0.966492 0.484610 1.000000 0.083647 0.000902 0.025874 0.033987 0.023377 0.701937 0.016554 0.019569
0.545265 0.272491 0.547292 0.256953 0.527024 0.258304 0.535131 0.269789 0.478381 0.274518 0.574316 0.374507 0.412172 0.375858 0.602016 0.510979 0.366231 0.506249 0.620257 0.640694 0.393931 0.501520 0.557426 0.623128 0.456086 0.626506 0.565533 0.819053 0.469598 0.835267 0.518241 0.950795 0.487164 1.000000 0.122869 0.007035 0.034755 0.034634 0.019271 0.661654 0.017212 0.007410
0.544707 0.272808 0.546701 0.258183 0.527423 0.259513 0.535400 0.270814 0.480223 0.274138 0.573293 0.375186 0.413079 0.375186 0.602544 0.510803 0.367208 0.500831 0.620493 0.639772 0.371862 0.497507 0.556673 0.622487 0.456955 0.627141 0.571299 0.815941 0.470915 0.839873 0.524763 0.935603 0.485541 1.000000 0.142077 0.003241 0.045379 0.034022 0.023601 0.808854 0.017361 0.003162
0.545151 0.273423 0.547121 0.258318 0.527419 0.259632 0.535957 0.271453 0.480790 0.274737 0.571421 0.375219 0.413802 0.375219 0.600974 0.509851 0.362576 0.497373 0.619363 0.638573 0.459118 0.484895 0.556973 0.622154 0.457804 0.627408 0.572734 0.815237 0.470939 0.841507 0.530046 0.932138 0.483417 1.000000 0.137375 0.001393 0.044530 0.035481 0.023615 0.667310 0.018825 0.006424
0.543935 0.276493 0.546491 0.261795 0.526680 0.263073 0.536266 0.274576 0.480669 0.277771 0.569497 0.376184 0.415486 0.374267 0.600171 0.507189 0.361167 0.493769 0.619342 0.631165 0.459580 0.481627 0.556077 0.622218 0.458941 0.627330 0.572692 0.806264 0.469805 0.834382 0.532432 0.928961 0.483864 1.000000 0.129581 0.007415 0.046004 0.037445 0.024376 0.674874 0.019133 0.011973
0.543173 0.277737 0.546371 0.263026 0.526544 0.264305 0.536138 0.275179 0.479852 0.277097 0.568758 0.376876 0.414613 0.373678 0.600738 0.509274 0.354490 0.492645 0.621845 0.633997 0.463223 0.485609 0.557884 0.622485 0.458745 0.626962 0.575154 0.808610 0.469619 0.832915 0.537417 0.946125 0.481771 1.000000 0.114701 0.003823 0.043532 0.038122 0.022079 0.669518 0.021189 0.012660
0.541621 0.277437 0.544799 0.262822 0.524464 0.264728 0.536538 0.273624 0.479348 0.277437 0.568310 0.377201 0.414533 0.373388 0.601353 0.511279 0.352895 0.489674 0.623593 0.636461 0.459014 0.482684 0.558143 0.622481 0.459014 0.626929 0.574664 0.807395 0.468546 0.830270 0.540986 0.964984 0.480619 1.000000 0.095383 0.005495 0.041551 0.040371 0.020945 0.676081 0.021862 0.013456
0.540681 0.276334 0.545148 0.261657 0.523451 0.262933 0.540043 0.272505 0.478782 0.275058 0.570035 0.378435 0.414330 0.372054 0.602580 0.512444 0.347964 0.485642 0.625553 0.636880 0.452619 0.476708 0.558549 0.622841 0.457085 0.626670 0.571950 0.812367 0.467934 0.828320 0.548339 0.994873 0.480696 1.000000 0.063422 0.004438 0.037418 0.035849 0.017725 0.695421 0.019919 0.005360
0.541490 0.277029 0.545924 0.262460 0.523754 0.263727 0.542124 0.273862 0.479413 0.275762 0.570629 0.379013 0.414802 0.371412 0.603567 0.513302 0.347658 0.481630 0.627638 0.639990 0.452175 0.480997 0.557960 0.623521 0.456609 0.626054 0.565561 0.823688 0.467378 0.829388 0.557960 1.000000 0.480680 1.000000 0.024599 0.005856 0.028560 0.034956 0.016798 0.676093 0.018560 0.004759
0.541490 0.277029 0.545924 0.262460 0.523754 0.263727 0.542124 0.273862 0.479413 0.275762 0.570629 0.379013 0.414802 0.371412 0.603567 0.513302 0.347658 0.481630 0.627638 0.639990 0.452175 0.480997 0.557960 0.623521 0.456609 0.626054 0.565561 0.823688 0.467378 0.829388 0.557960 1.000000 0.480680 1.000000 0.024599 0.005856 0.028560 0.034956 0.016798 0.676093 0.018560 0.004759
0.538313 0.273634 0.545337 0.259585 0.519795 0.260224 0.545976 0.272356 0.477651 0.273634 0.572795 0.379633 0.414434 0.370693 0.606638 0.515644 0.343555 0.478609 0.628349 0.644632 0.446362 0.486271 0.557470 0.624198 0.455301 0.625475 0.561301 0.829812 0.464880 0.831727 0.562578 1.000000 0.477012 1.000000 0.003877 0.005983 0.025851 0.035855 0.024548 0.661303 0.016268 0.008842
0.535176 0.272231 0.543453 0.258861 0.517349 0.258861 0.550456 0.269685 0.478512 0.270321 0.577196 0.381739 0.415482 0.368369 0.607756 0.523079 0.342265 0.480422 0.628130 0.652323 0.442859 0.492519 0.555549 0.624310 0.451772 0.625583 0.558096 0.825497 0.465779 0.828044 0.571466 1.000000 0.477876 1.000000 0.017782 0.001303 0.032360 0.022629 0.018013 0.646133 0.009323 0.017958
0.532300 0.273897 0.541124 0.260032 0.514653 0.260032 0.550578 0.270746 0.476838 0.271376 0.576418 0.381670 0.416334 0.368435 0.606670 0.522847 0.341964 0.478729 0.626838 0.656460 0.440284 0.489443 0.554989 0.624317 0.452258 0.625578 0.556880 0.820326 0.463603 0.820956 0.571376 1.000000 0.475578 1.000000 0.021125 0.002298 0.031108 0.025722 0.019506 0.654289 0.009230 0.015392
0.529979 0.272097 0.540024 0.258913 0.512400 0.258285 0.550697 0.270842 0.475985 0.270214 0.577066 0.381968 0.415086 0.368155 0.605319 0.522602 0.341630 0.481793 0.626037 0.653191 0.454011 0.494977 0.556348 0.624938 0.451500 0.624938 0.555720 0.823333 0.461545 0.818938 0.552581 1.000000 0.470335 0.997242 0.004013 0.000782 0.026070 0.028373 0.013022 0.645487 0.009994 0.017475
0.528573 0.272496 0.539076 0.258905 0.511275 0.258287 0.550196 0.271261 0.475443 0.268789 0.577379 0.381228 0.415516 0.368873 0.602709 0.520851 0.344470 0.482547 0.621861 0.648117 0.464940 0.496757 0.555756 0.625876 0.451348 0.624023 0.553285 0.825425 0.458144 0.809980 0.544018 1.000000 0.466176 0.981110 0.010694 0.003301 0.024119 0.032784 0.009582 0.640436 0.009047 0.015570
0.524903 0.271137 0.537125 0.258304 0.507792 0.257082 0.549348 0.271137 0.475403 0.267471 0.578681 0.381749 0.416124 0.368305 0.601903 0.522306 0.347068 0.486861 0.619015 0.651251 0.455236 0.496639 0.555459 0.626806 0.449736 0.623140 0.555459 0.826641 0.450958 0.797307 0.540792 1.000000 0.458903 0.965975 0.024282 0.012748 0.030074 0.039509 0.010125 0.639191 0.006614 0.002235
0.524224 0.271233 0.536336 0.256698 0.506662 0.255487 0.547237 0.270021 0.473353 0.266388 0.577517 0.380847 0.412793 0.369341 0.602347 0.520136 0.351021 0.486828 0.619304 0.649130 0.444284 0.494095 0.558744 0.625512 0.450946 0.624300 0.555716 0.825967 0.442468 0.808404 0.532703 1.000000 0.460636 0.949510 0.033049 0.055409 0.019569 0.061931 0.014547 0.629326 0.012340 0.009841
0.521539 0.270998 0.534103 0.257237 0.504786 0.255442 0.545471 0.271596 0.473076 0.266810 0.576583 0.380488 0.413246 0.369719 0.601114 0.518697 0.358201 0.487585 0.618465 0.646735 0.435383 0.495961 0.558634 0.625196 0.451537 0.624597 0.552651 0.831013 0.441366 0.813662 0.527522 1.000000 0.461708 0.936913 0.032942 0.069175 0.014055 0.064574 0.013040 0.604661 0.012954 0.007857
0.520514 0.269518 0.533788 0.255641 0.503620 0.253227 0.547062 0.271328 0.472849 0.264088 0.577833 0.379932 0.411910 0.370278 0.604381 0.519911 0.370278 0.500603 0.619465 0.650236 0.409497 0.603777 0.558526 0.624895 0.451732 0.624895 0.551285 0.834863 0.444491 0.820382 0.527151 1.000000 0.460178 0.934417 0.029107 0.055299 0.014065 0.061167 0.022982 0.214047 0.013063 0.000812
0.515595 0.270727 0.530590 0.256932 0.500000 0.254533 0.545585 0.273726 0.471210 0.264729 0.577374 0.380490 0.413029 0.369694 0.603165 0.520243 0.372843 0.498650 0.620559 0.648600 0.437021 0.526241 0.557581 0.625208 0.452016 0.624608 0.547984 0.835737 0.453216 0.815344 0.523392 1.000000 0.459214 0.940102 0.025813 0.013290 0.011190 0.046306 0.015216 0.466918 0.012222 0.016501
0.510586 0.269220 0.526919 0.255307 0.496068 0.252887 0.545067 0.272850 0.470056 0.263776 0.578943 0.379922 0.411983 0.370243 0.604955 0.522685 0.367218 0.503932 0.622498 0.649720 0.442229 0.482155 0.557771 0.625523 0.451303 0.624313 0.546277 0.841482 0.459167 0.817890 0.519055 1.000000 0.460377 0.956418 0.026738 0.010144 0.010448 0.035950 0.013687 0.692788 0.011556 0.029849
0.503701 0.269911 0.521590 0.256957 0.490130 0.253256 0.545031 0.272378 0.467306 0.261892 0.580192 0.379712 0.410555 0.370459 0.609801 0.525908 0.360589 0.510487 0.624606 0.661618 0.434613 0.498149 0.557985 0.626456 0.451268 0.623372 0.543180 0.840507 0.462988 0.822618 0.520973 1.000000 0.457437 1.000000 0.011306 0.028249 0.006590 0.032102 0.029020 0.661668 0.011784 0.040683
0.499845 0.268722 0.518446 0.255701 0.486824 0.251980 0.543868 0.271202 0.465122 0.260661 0.582312 0.379710 0.409938 0.370410 0.611454 0.528522 0.354133 0.509301 0.627575 0.666173 0.403117 0.536583 0.557510 0.626490 0.450241 0.623390 0.540148 0.839167 0.464502 0.826146 0.517826 1.000000 0.463262 1.000000 0.007948 0.024360 0.005957 0.027937 0.024446 0.459852 0.009870 0.048279
0.497836 0.269342 0.516387 0.256356 0.484231 0.252646 0.542978 0.271197 0.463824 0.261921 0.581936 0.378796 0.408788 0.371376 0.612855 0.525354 0.347568 0.508657 0.631407 0.659544 0.414972 0.500000 0.558437 0.626151 0.450838 0.623677 0.536794 0.835165 0.470008 0.828363 0.508348 1.000000 0.476811 1.000000 0.009109 0.019695 0.002694 0.022844 0.022455 0.674185 0.011813 0.062569
0.496179 0.269667 0.515131 0.256828 0.483340 0.253160 0.541420 0.271501 0.463165 0.261719 0.581159 0.378491 0.407531 0.371765 0.613562 0.524608 0.342725 0.506267 0.634348 0.659720 0.429540 0.492816 0.559150 0.625483 0.452160 0.624261 0.535918 0.833960 0.475392 0.836406 0.505961 1.000000 0.485174 1.000000 0.009584 0.020660 0.007036 0.020968 0.020874 0.691847 0.014406 0.070046
0.496206 0.269171 0.514417 0.256423 0.482851 0.253388 0.541127 0.271599 0.462211 0.263707 0.581799 0.378439 0.408184 0.371762 0.614580 0.521702 0.338374 0.490136 0.635826 0.656466 0.374190 0.495599 0.558125 0.625507 0.451892 0.624293 0.530808 0.833116 0.482244 0.831295 0.499241 1.000000 0.496813 1.000000 0.007088 0.024171 0.011235 0.008210 0.021827 0.621425 0.012756 0.087986
0.499101 0.268152 0.516486 0.253764 0.484114 0.250767 0.538666 0.269950 0.460734 0.263356 0.580630 0.377257 0.406781 0.373060 0.618997 0.521731 0.337841 0.497752 0.640578 0.653616 0.401985 0.482166 0.559648 0.624841 0.452941 0.624841 0.531473 0.835858 0.484114 0.829264 0.499700 1.000000 0.498501 1.000000 0.010643 0.025933 0.015341 0.009546 0.030994 0.736640 0.016036 0.090421
0.500149 0.265611 0.516262 0.252482 0.483439 0.251288 0.538940 0.266208 0.460164 0.264418 0.581312 0.377807 0.407647 0.372436 0.615329 0.522230 0.339613 0.494778 0.638604 0.656508 0.440470 0.490004 0.559231 0.625475 0.451809 0.624281 0.533569 0.833157 0.487617 0.826593 0.503730 1.000000 0.501343 1.000000 0.010819 0.035282 0.010828 0.000508 0.019001 0.676603 0.014062 0.094894
0.503370 0.267022 0.518023 0.252369 0.485201 0.252955 0.537951 0.265264 0.459412 0.265850 0.579564 0.377796 0.407834 0.372521 0.610042 0.521979 0.341018 0.492088 0.636417 0.656198 0.411937 0.499121 0.559050 0.625134 0.453551 0.624548 0.536192 0.830272 0.486959 0.830272 0.503370 1.000000 0.506887 1.000000 0.022477 0.021020 0.008984 0.005875 0.004546 0.630743 0.016051 0.086567
0.506657 0.267891 0.519970 0.252841 0.487555 0.253999 0.537913 0.264418 0.458035 0.266154 0.576694 0.376710 0.407098 0.373816 0.605057 0.517944 0.343428 0.496527 0.632841 0.653389 0.433146 0.497685 0.560487 0.623869 0.455720 0.625605 0.542544 0.825300 0.488134 0.833983 0.499132 0.995475 0.508972 1.000000 0.051225 0.017396 0.007438 0.011598 0.001316 0.648245 0.020650 0.077402
0.510186 0.271995 0.521907 0.256367 0.490651 0.258042 0.536977 0.266414 0.458836 0.270321 0.574932 0.376370 0.409161 0.374137 0.603397 0.517582 0.352230 0.498605 0.629072 0.649863 0.442092 0.501395 0.559862 0.623630 0.456046 0.625863 0.553722 0.817309 0.486186 0.834053 0.505721 0.959637 0.506279 1.000000 0.093451 0.015381 0.009289 0.012850 0.002296 0.626670 0.020267 0.055852
0.513258 0.270612 0.523201 0.255145 0.493923 0.257354 0.536459 0.265640 0.459674 0.271164 0.574023 0.375570 0.408852 0.375017 0.603853 0.516434 0.357478 0.501519 0.627054 0.647355 0.460779 0.492681 0.560765 0.623049 0.456360 0.626364 0.567946 0.818050 0.481770 0.837384 0.511048 0.954495 0.504972 1.000000 0.137475 0.002646 0.028753 0.021316 0.010596 0.649962 0.021821 0.026430
0.515737 0.270314 0.524963 0.255119 0.496201 0.257290 0.535816 0.264887 0.460385 0.270857 0.572718 0.375592 0.409374 0.375050 0.602565 0.516687 0.357820 0.500407 0.625357 0.646928 0.457672 0.496066 0.560779 0.622508 0.457129 0.626850 0.573261 0.817870 0.483720 0.839034 0.520622 0.945941 0.501085 1.000000 0.144439 0.011696 0.035688 0.019977 0.011210 0.638026 0.022821 0.019375
0.515720 0.269885 0.524936 0.255249 0.496747 0.257417 0.535778 0.265006 0.460970 0.270969 0.572639 0.375591 0.409472 0.375049 0.602454 0.516534 0.357974 0.500271 0.625222 0.646634 0.458802 0.495934 0.560714 0.622240 0.457175 0.627119 0.573182 0.816849 0.483737 0.839074 0.520599 0.944781 0.501084 1.000000 0.144496 0.011619 0.035744 0.019852 0.011210 0.637878 0.022796 0.019319
0.518468 0.272808 0.525376 0.257397 0.499336 0.260585 0.533879 0.266963 0.462135 0.274403 0.570018 0.375377 0.410585 0.375377 0.600841 0.515146 0.356909 0.499203 0.624225 0.644287 0.450974 0.496014 0.560983 0.621966 0.458415 0.627280 0.573738 0.812754 0.483924 0.835074 0.532817 0.932860 0.500930 1.000000 0.125772 0.010817 0.032905 0.020846 0.012073 0.640984 0.024723 0.017634
0.522127 0.273721 0.528450 0.258969 0.503161 0.262130 0.535299 0.267398 0.464701 0.275301 0.569017 0.375928 0.410963 0.374875 0.601154 0.514488 0.357225 0.497629 0.625916 0.642511 0.458379 0.489200 0.561114 0.621964 0.458906 0.627233 0.576392 0.812682 0.482087 0.831648 0.541094 0.935963 0.500527 1.000000 0.114211 0.005431 0.035666 0.023817 0.011730 0.657811 0.025518 0.010499
0.528156 0.273965 0.532347 0.259297 0.508774 0.261917 0.531823 0.270822 0.470010 0.277108 0.569539 0.375589 0.412388 0.375065 0.604112 0.515453 0.352671 0.495024 0.626637 0.641698 0.453771 0.482975 0.558539 0.622316 0.459534 0.627030 0.572158 0.807754 0.476820 0.831326 0.549110 0.951285 0.499869 1.000000 0.074019 0.011422 0.037520 0.032008 0.020934 0.684782 0.023031 0.003534
0.531666 0.272973 0.534806 0.258318 0.512823 0.260935 0.532189 0.270879 0.471998 0.277160 0.570398 0.376084 0.412330 0.374514 0.605466 0.516356 0.348998 0.491233 0.629543 0.643544 0.450015 0.482858 0.558360 0.622084 0.458913 0.627318 0.567258 0.806323 0.476708 0.830400 0.555743 0.976953 0.501832 1.000000 0.036809 0.013912 0.030926 0.030181 0.018427 0.684574 0.022009 0.012462
0.536458 0.273089 0.539617 0.258348 0.516979 0.260454 0.534879 0.270457 0.474861 0.277301 0.572785 0.376278 0.412210 0.374172 0.608586 0.517900 0.344821 0.489997 0.633330 0.646360 0.447484 0.490523 0.558044 0.622669 0.456961 0.626881 0.565415 0.815885 0.476967 0.829047 0.558570 1.000000 0.503290 1.000000 0.023138 0.011359 0.031158 0.024392 0.018242 0.666099 0.019116 0.019261
0.539190 0.275597 0.541259 0.260077 0.520047 0.262663 0.535051 0.271458 0.476590 0.279219 0.573335 0.376481 0.412955 0.373895 0.609033 0.518237 0.343629 0.486161 0.632314 0.647058 0.447100 0.487713 0.556780 0.622742 0.456930 0.626881 0.560401 0.823476 0.477624 0.831754 0.560401 1.000000 0.505562 1.000000 0.005742 0.015742 0.027109 0.022739 0.021614 0.671314 0.017465 0.026302
0.540316 0.274718 0.542377 0.259261 0.520223 0.262352 0.535679 0.270596 0.476944 0.278839 0.574321 0.376217 0.412025 0.374156 0.609357 0.515843 0.340924 0.482869 0.632027 0.640013 0.442424 0.486475 0.556804 0.622495 0.456850 0.627132 0.556804 0.828070 0.478489 0.832192 0.555773 1.000000 0.505281 1.000000 0.001606 0.013089 0.022603 0.022355 0.020774 0.673060 0.017393 0.033467
0.540630 0.272291 0.542173 0.257377 0.521601 0.260977 0.540116 0.267148 0.476856 0.275377 0.576117 0.377724 0.411540 0.372581 0.609547 0.518644 0.343651 0.484699 0.635777 0.648248 0.447027 0.490357 0.557602 0.623047 0.454741 0.626648 0.551945 0.825169 0.479942 0.829798 0.554002 1.000000 0.503600 1.000000 0.012180 0.002788 0.015071 0.014327 0.010579 0.655904 0.015722 0.048193
0.540290 0.273370 0.541801 0.258765 0.521152 0.263297 0.540290 0.267830 0.478344 0.277902 0.575543 0.377620 0.414384 0.372583 0.607775 0.517123 0.344380 0.484388 0.632453 0.647058 0.447120 0.492446 0.555399 0.623388 0.454674 0.626409 0.545830 0.824837 0.480359 0.826348 0.540793 1.000000 0.502015 0.990529 0.006600 0.001086 0.010924 0.009440 0.012534 0.653151 0.012828 0.055777
0.542388 0.273804 0.543389 0.258799 0.523382 0.263300 0.540888 0.267302 0.479369 0.277305 0.575899 0.377336 0.414848 0.372835 0.607409 0.516380 0.346827 0.486371 0.630916 0.645421 0.450359 0.496874 0.555392 0.623914 0.453860 0.625915 0.542889 0.830479 0.476868 0.825478 0.526383 1.000000 0.495374 0.979526 0.007902 0.001521 0.007168 0.012149 0.013580 0.639632 0.011784 0.055781
0.544431 0.276374 0.546394 0.261155 0.526266 0.263119 0.537557 0.271956 0.481099 0.279320 0.576342 0.377018 0.416294 0.373090 0.607272 0.514974 0.350507 0.485517 0.626419 0.643602 0.446732 0.490918 0.552777 0.624455 0.454587 0.625437 0.540012 0.826234 0.472753 0.810523 0.518901 1.000000 0.499755 0.965171 0.013560 0.023883 0.010114 0.016798 0.023168 0.650678 0.009378 0.051250
0.544902 0.272399 0.546386 0.257060 0.526595 0.259039 0.535996 0.268935 0.481569 0.277347 0.578052 0.377293 0.413784 0.372840 0.608729 0.519297 0.350946 0.490104 0.625057 0.650910 0.440007 0.494063 0.554797 0.624686 0.453366 0.625181 0.542923 0.831012 0.460293 0.816663 0.517194 1.000000 0.496908 0.964109 0.022347 0.065966 0.011533 0.038017 0.028435 0.642447 0.010396 0.029810
