0.474653 0.281900 0.472295 0.270111 0.479369 0.272469 0.460506 0.274827 0.531241 0.272469 0.420423 0.373856 0.585472 0.376214 0.370909 0.505895 0.618481 0.520042 0.335541 0.600208 0.623197 0.628502 0.446359 0.623786 0.547746 0.626144 0.453433 0.786477 0.531241 0.807697 0.474653 0.918516 0.512379 0.982177 0.036892 0.005421 0.019084 0.018829 0.000001 0.057980 0.007506 0.042689
0.475941 0.283472 0.473594 0.271736 0.480636 0.271736 0.459511 0.274083 0.529927 0.274083 0.419609 0.375012 0.583912 0.375012 0.372665 0.508802 0.616772 0.520538 0.342152 0.600342 0.623814 0.628508 0.447775 0.623814 0.548704 0.626161 0.450122 0.788117 0.529927 0.811589 0.471247 0.917212 0.513496 0.989975 0.047082 0.002888 0.031335 0.012210 0.004998 0.049961 0.004482 0.036671
0.476419 0.281878 0.476419 0.270088 0.481135 0.270088 0.459913 0.274804 0.528297 0.272446 0.419826 0.376201 0.584891 0.373843 0.372664 0.508253 0.617904 0.515327 0.344367 0.597860 0.622620 0.621441 0.445764 0.623799 0.549519 0.626157 0.450481 0.791222 0.530655 0.810086 0.471703 0.927990 0.514148 0.986942 0.040038 0.002909 0.024261 0.011800 0.011823 0.058829 0.006005 0.041497
0.470975 0.281420 0.468605 0.269573 0.475713 0.269573 0.459127 0.274312 0.527841 0.271942 0.418847 0.376197 0.584707 0.373828 0.373828 0.508885 0.617879 0.515994 0.340656 0.598924 0.622618 0.622618 0.447280 0.624987 0.549166 0.624987 0.447280 0.786108 0.532580 0.812172 0.468605 0.935382 0.513624 0.994618 0.045167 0.004821 0.036221 0.016615 0.008242 0.058829 0.004526 0.028131
0.469790 0.282605 0.467420 0.270758 0.474529 0.270758 0.455573 0.275497 0.526656 0.273127 0.420032 0.377382 0.583522 0.372643 0.372643 0.507701 0.616694 0.512439 0.339471 0.597739 0.623803 0.609586 0.446095 0.623803 0.550350 0.626172 0.446095 0.787293 0.529025 0.813357 0.462682 0.946045 0.510070 1.000000 0.033136 0.003984 0.033543 0.005307 0.001340 0.050910 0.004526 0.036108
0.463701 0.281014 0.463701 0.269113 0.468461 0.269113 0.454180 0.273874 0.523208 0.271493 0.420856 0.376226 0.585095 0.373845 0.370870 0.507141 0.618419 0.511901 0.335166 0.595211 0.618419 0.609493 0.444659 0.623774 0.549391 0.626155 0.442278 0.790394 0.530349 0.814197 0.456560 0.966534 0.508926 1.000000 0.030299 0.003984 0.035060 0.012622 0.006501 0.075391 0.007577 0.027577
0.463866 0.282605 0.463866 0.270758 0.468605 0.270758 0.452019 0.275497 0.520733 0.270758 0.421216 0.377382 0.582338 0.372643 0.371458 0.507701 0.617879 0.512439 0.333548 0.593000 0.608401 0.609586 0.447280 0.623803 0.549166 0.626172 0.442541 0.792032 0.530210 0.810987 0.449650 0.976848 0.506516 1.000000 0.021200 0.006566 0.042507 0.008880 0.017026 0.110204 0.004526 0.023569
0.460716 0.280962 0.460716 0.269058 0.465478 0.269058 0.451193 0.273820 0.517856 0.269058 0.420242 0.378577 0.582139 0.371434 0.370244 0.509523 0.615471 0.507143 0.325008 0.597615 0.605948 0.602376 0.446431 0.623804 0.551188 0.626185 0.441669 0.799986 0.529761 0.814271 0.444050 0.990454 0.510714 1.000000 0.012580 0.004383 0.042467 0.002378 0.034908 0.108389 0.003031 0.027507
0.462087 0.279038 0.459717 0.267191 0.464457 0.267191 0.450239 0.274299 0.518956 0.269560 0.421804 0.378560 0.580565 0.371451 0.369674 0.506516 0.616109 0.508886 0.324652 0.591821 0.597152 0.601299 0.447870 0.624994 0.549761 0.624994 0.440761 0.800342 0.533174 0.812190 0.440761 0.992276 0.511848 1.000000 0.012897 0.007092 0.046440 0.010353 0.031432 0.144957 0.003017 0.015233
0.460308 0.276661 0.460308 0.267183 0.465048 0.267183 0.448460 0.271922 0.517180 0.267183 0.420025 0.378556 0.581160 0.371447 0.365523 0.506517 0.616705 0.508886 0.320500 0.594193 0.593008 0.601302 0.448460 0.624999 0.550355 0.624999 0.441351 0.802722 0.533767 0.812200 0.436612 0.992293 0.514810 1.000000 0.004768 0.003593 0.049292 0.010353 0.022837 0.160453 0.001507 0.015405
0.461310 0.278574 0.456548 0.264288 0.466072 0.266669 0.444643 0.273812 0.518452 0.271431 0.418453 0.378573 0.580356 0.371430 0.363692 0.504762 0.620832 0.509524 0.318454 0.592856 0.592261 0.599999 0.449405 0.626189 0.551785 0.623808 0.439882 0.802378 0.532738 0.816663 0.437501 0.978566 0.513690 1.000000 0.012888 0.000792 0.056773 0.004547 0.020679 0.188120 0.001516 0.014148
0.456142 0.275305 0.451336 0.260886 0.460949 0.260886 0.444127 0.268096 0.513818 0.265693 0.415289 0.378641 0.578703 0.371431 0.362420 0.506008 0.621960 0.506008 0.311953 0.587715 0.593122 0.592521 0.451336 0.626166 0.554672 0.623762 0.439320 0.801596 0.530640 0.816014 0.436917 0.974622 0.513818 1.000000 0.017348 0.011093 0.067800 0.009358 0.050880 0.201410 0.007650 0.017815
0.458345 0.273617 0.453516 0.259128 0.463175 0.261543 0.443857 0.268787 0.513885 0.266373 0.414880 0.379866 0.579083 0.370207 0.361755 0.507848 0.624964 0.505433 0.313460 0.589950 0.595986 0.592364 0.451101 0.626171 0.554936 0.623756 0.441442 0.807278 0.535618 0.814522 0.441442 0.988384 0.521129 1.000000 0.016960 0.007996 0.063438 0.001901 0.044014 0.206535 0.007687 0.015164
0.453694 0.272734 0.451257 0.260548 0.461005 0.260548 0.441508 0.270297 0.514623 0.265422 0.412262 0.379969 0.577989 0.370221 0.358644 0.509139 0.626733 0.504265 0.309901 0.592003 0.599924 0.594440 0.453694 0.626124 0.556055 0.623686 0.443945 0.811348 0.538995 0.816223 0.446382 0.999010 0.524372 1.000000 0.020872 0.004002 0.069817 0.000637 0.044014 0.203001 0.012415 0.011394
0.454141 0.274926 0.451727 0.262858 0.461381 0.262858 0.442072 0.270099 0.512068 0.267686 0.413108 0.378714 0.577237 0.371473 0.362422 0.509051 0.627924 0.504224 0.311735 0.595943 0.601374 0.595943 0.454141 0.627320 0.555514 0.622493 0.446900 0.810758 0.543446 0.810758 0.449313 0.996610 0.526550 0.996610 0.016692 0.008482 0.064626 0.007101 0.050033 0.205789 0.012295 0.007819
0.456942 0.273189 0.452091 0.258634 0.461794 0.261060 0.442388 0.268338 0.512735 0.265912 0.413278 0.379924 0.578232 0.370221 0.362337 0.508490 0.626747 0.506064 0.316247 0.595818 0.604915 0.598244 0.452091 0.627354 0.556399 0.622502 0.447239 0.811713 0.546696 0.809288 0.452091 1.000000 0.534567 0.986370 0.016535 0.005249 0.057902 0.010957 0.034496 0.183213 0.010812 0.008147
0.453739 0.277708 0.448933 0.263290 0.458546 0.263290 0.444127 0.272902 0.516221 0.268096 0.415289 0.378641 0.578703 0.371431 0.367226 0.508411 0.626766 0.506008 0.323969 0.597328 0.609944 0.599731 0.451336 0.626166 0.554672 0.623762 0.448933 0.813611 0.552269 0.799192 0.456142 0.998654 0.537850 0.955397 0.016476 0.024939 0.050113 0.025864 0.031217 0.165719 0.007650 0.000295
0.458538 0.280253 0.451431 0.266037 0.463277 0.266037 0.444323 0.273145 0.515400 0.270776 0.418261 0.379761 0.577000 0.370284 0.368507 0.505331 0.626754 0.505331 0.330599 0.595362 0.619647 0.597731 0.451431 0.626162 0.553308 0.623793 0.451431 0.806225 0.553308 0.789640 0.460907 0.986287 0.539092 0.929425 0.016738 0.032259 0.042593 0.029662 0.006771 0.136798 0.006034 0.000001
0.458533 0.280223 0.453794 0.266006 0.463272 0.266006 0.446685 0.273114 0.517772 0.270745 0.418250 0.379745 0.579380 0.370266 0.368489 0.507701 0.624402 0.502962 0.332946 0.597744 0.629141 0.597744 0.449054 0.626179 0.553315 0.623810 0.453794 0.808635 0.553315 0.792048 0.465641 0.993461 0.541467 0.922374 0.012111 0.028858 0.031318 0.032609 0.001616 0.088216 0.003017 0.008266
0.456758 0.280235 0.454388 0.268388 0.459127 0.268388 0.447280 0.275497 0.515994 0.270758 0.416478 0.379752 0.579968 0.370274 0.369089 0.512439 0.620248 0.505331 0.333548 0.604847 0.634465 0.607217 0.449650 0.626172 0.553905 0.623803 0.452019 0.813357 0.551535 0.787293 0.463866 1.000000 0.539688 0.924720 0.015356 0.022760 0.038564 0.027996 0.007688 0.048131 0.004526 0.008643
0.464535 0.284305 0.464535 0.272677 0.469186 0.272677 0.450582 0.279654 0.520349 0.272677 0.418024 0.379652 0.580813 0.370350 0.371513 0.512209 0.620348 0.505233 0.338955 0.605231 0.636626 0.609883 0.448256 0.626161 0.552906 0.623836 0.455233 0.812206 0.550581 0.781974 0.466861 1.000000 0.541279 0.919182 0.007454 0.016867 0.026913 0.030222 0.000241 0.041635 0.001479 0.016612
0.467874 0.282713 0.465538 0.271031 0.470211 0.271031 0.451519 0.278040 0.521612 0.273367 0.418809 0.378506 0.580023 0.371497 0.372081 0.509346 0.622078 0.504673 0.337034 0.607475 0.643106 0.614485 0.449183 0.626167 0.551985 0.623830 0.456192 0.815417 0.547313 0.785044 0.467874 1.000000 0.542640 0.936911 0.007141 0.000556 0.027060 0.025999 0.000001 0.037140 0.001487 0.021007
0.471963 0.281542 0.469626 0.269860 0.476636 0.269860 0.453271 0.276869 0.523364 0.274533 0.418224 0.379673 0.581776 0.370327 0.371495 0.510514 0.623832 0.505841 0.336449 0.608645 0.647196 0.615654 0.448598 0.627336 0.551402 0.622664 0.455607 0.814252 0.546729 0.788551 0.471963 1.000000 0.542056 0.949766 0.014851 0.000201 0.026913 0.029167 0.000001 0.029055 0.000004 0.020895
0.474883 0.280376 0.472547 0.271031 0.479556 0.271031 0.453856 0.275703 0.523948 0.273367 0.418809 0.378506 0.580023 0.371497 0.369744 0.509346 0.624415 0.504673 0.334698 0.605139 0.647779 0.614485 0.449183 0.626167 0.551985 0.623830 0.458528 0.813081 0.544976 0.789716 0.472547 1.000000 0.540303 0.960275 0.007068 0.004723 0.022942 0.021782 0.002560 0.035686 0.001487 0.029344
0.474766 0.282279 0.472418 0.270542 0.479460 0.270542 0.453639 0.275237 0.524061 0.272890 0.418428 0.378522 0.580398 0.371480 0.369133 0.509976 0.624999 0.507629 0.331575 0.603872 0.648473 0.617956 0.448944 0.624999 0.552229 0.624999 0.458334 0.812790 0.542840 0.796358 0.472418 1.000000 0.538145 0.979455 0.007068 0.009264 0.023308 0.017799 0.006919 0.034037 0.001495 0.033326
0.472157 0.279031 0.467417 0.264813 0.476896 0.264813 0.453200 0.271922 0.524289 0.269552 0.417655 0.378556 0.583530 0.371447 0.367892 0.506517 0.626183 0.504147 0.332348 0.601302 0.649880 0.615520 0.448460 0.624999 0.550355 0.624999 0.457939 0.812200 0.540876 0.802722 0.476896 1.000000 0.536137 0.989923 0.014121 0.008904 0.023480 0.024452 0.003859 0.032264 0.001507 0.033064
0.470834 0.278574 0.463691 0.264288 0.475596 0.264288 0.451786 0.271431 0.523214 0.269050 0.416072 0.378573 0.582737 0.371430 0.366073 0.507143 0.625594 0.504762 0.330359 0.602380 0.649403 0.616665 0.449405 0.626189 0.551785 0.623808 0.456548 0.814282 0.537500 0.807139 0.475596 1.000000 0.530357 0.990471 0.018874 0.012358 0.030511 0.014091 0.003859 0.032264 0.001516 0.036835
0.470834 0.279764 0.463691 0.265479 0.475596 0.265479 0.451786 0.272622 0.525595 0.270241 0.416072 0.379763 0.582737 0.370240 0.363692 0.508333 0.625594 0.503571 0.327978 0.605951 0.649403 0.615475 0.449405 0.624999 0.551785 0.624999 0.456548 0.815473 0.537500 0.808330 0.475596 1.000000 0.525595 0.989280 0.019405 0.003843 0.031071 0.013731 0.011507 0.032264 0.001516 0.036684
0.473215 0.278574 0.466072 0.264288 0.477976 0.264288 0.451786 0.271431 0.525595 0.269050 0.416072 0.378573 0.582737 0.371430 0.363692 0.509524 0.627975 0.504762 0.327978 0.609523 0.649403 0.616665 0.449405 0.626189 0.551785 0.623808 0.456548 0.814282 0.537500 0.807139 0.475596 1.000000 0.520833 0.976185 0.019643 0.006529 0.030511 0.014091 0.011931 0.043894 0.001516 0.036835
0.472159 0.279051 0.465051 0.264834 0.476898 0.264834 0.450834 0.274312 0.524287 0.269573 0.415293 0.378567 0.581153 0.371458 0.363165 0.508885 0.626172 0.504147 0.327624 0.613140 0.647497 0.615510 0.450834 0.624987 0.552720 0.624987 0.455573 0.814542 0.536134 0.807433 0.476898 1.000000 0.512439 0.973293 0.027704 0.016309 0.037640 0.006692 0.016537 0.043894 0.004526 0.036814
0.473685 0.276924 0.468901 0.264963 0.478470 0.264963 0.452155 0.272140 0.526315 0.269747 0.413880 0.377398 0.583728 0.372613 0.366035 0.511363 0.629181 0.506579 0.322975 0.614229 0.648319 0.619014 0.449763 0.626190 0.552629 0.623798 0.454548 0.810392 0.531099 0.810392 0.473685 1.000000 0.507177 0.992202 0.023459 0.005079 0.037330 0.002646 0.017003 0.050453 0.003046 0.044832
0.472357 0.278856 0.465146 0.264434 0.477165 0.264434 0.453127 0.271645 0.527643 0.269241 0.414667 0.377410 0.582929 0.372602 0.364189 0.509615 0.628600 0.507211 0.323325 0.617783 0.650233 0.620187 0.450723 0.624994 0.551680 0.624994 0.455531 0.810082 0.530047 0.817293 0.472357 1.000000 0.503606 1.000000 0.019515 0.009507 0.037766 0.003552 0.001122 0.043894 0.003060 0.043926
0.464881 0.279764 0.460119 0.265479 0.469643 0.265479 0.452977 0.272622 0.526785 0.270241 0.417263 0.377382 0.581547 0.372620 0.364882 0.508333 0.626784 0.508333 0.322026 0.617856 0.648213 0.620237 0.450596 0.624999 0.550595 0.624999 0.452977 0.803568 0.531547 0.810711 0.472024 0.986899 0.505357 0.982137 0.028709 0.015724 0.038350 0.006311 0.002391 0.042192 0.001516 0.036777
0.466981 0.279481 0.462264 0.265330 0.474057 0.265330 0.455189 0.272406 0.525943 0.270047 0.417453 0.376179 0.582547 0.373821 0.367925 0.508255 0.627358 0.510613 0.325472 0.614387 0.643868 0.619104 0.450472 0.623821 0.549528 0.626179 0.455189 0.795991 0.530660 0.803066 0.476415 0.965802 0.507075 0.961085 0.030865 0.013336 0.033474 0.007588 0.006919 0.052697 0.000004 0.042544
0.464455 0.279028 0.459716 0.264810 0.469194 0.264810 0.452607 0.271919 0.526066 0.269550 0.417062 0.376185 0.582938 0.373815 0.367299 0.508886 0.625592 0.508886 0.324645 0.615521 0.642180 0.617891 0.450237 0.625000 0.549763 0.625000 0.454976 0.797986 0.533175 0.802725 0.473934 0.954384 0.507109 0.961493 0.029677 0.022175 0.033474 0.012176 0.006919 0.049295 0.000004 0.038342
0.464624 0.280670 0.459907 0.268878 0.469341 0.266520 0.452832 0.273595 0.525942 0.273595 0.415098 0.375006 0.582543 0.375006 0.367930 0.509434 0.624994 0.509434 0.327838 0.615561 0.639145 0.615561 0.450474 0.624994 0.551884 0.624994 0.452832 0.794798 0.530659 0.806590 0.469341 0.929226 0.502358 0.971677 0.034475 0.017006 0.040326 0.001810 0.007559 0.055172 0.003002 0.041458
0.467874 0.282713 0.467874 0.273367 0.472547 0.273367 0.458528 0.278040 0.526285 0.275703 0.418809 0.376170 0.582359 0.373833 0.374417 0.514019 0.622078 0.514019 0.330025 0.619158 0.640769 0.619158 0.446846 0.623830 0.551985 0.626167 0.453856 0.789716 0.530958 0.803735 0.465538 0.920556 0.507593 0.969621 0.014904 0.007019 0.022441 0.000597 0.028001 0.031881 0.001487 0.050962
0.462264 0.283019 0.462264 0.271226 0.466981 0.271226 0.455189 0.275943 0.523585 0.273585 0.417453 0.377358 0.582547 0.372642 0.370283 0.516509 0.625000 0.514151 0.327830 0.625000 0.636792 0.622642 0.448113 0.625000 0.551887 0.625000 0.452830 0.787736 0.530660 0.806604 0.462264 0.924528 0.507075 0.983491 0.012694 0.005156 0.029986 0.001452 0.014693 0.058310 0.000004 0.046261
0.464033 0.281842 0.464033 0.270050 0.468750 0.270050 0.456958 0.277125 0.522995 0.272408 0.419223 0.376181 0.581957 0.373822 0.372053 0.515330 0.624409 0.512972 0.331959 0.619102 0.636201 0.616744 0.447524 0.623819 0.551297 0.626178 0.452241 0.791270 0.530070 0.810138 0.461675 0.928061 0.504127 0.987023 0.012953 0.009789 0.027257 0.001922 0.013328 0.058239 0.001504 0.045530
0.461268 0.283451 0.461268 0.271714 0.465962 0.271714 0.454225 0.276408 0.519953 0.274061 0.419014 0.377347 0.580986 0.372653 0.372066 0.515845 0.623239 0.513498 0.332160 0.619131 0.627934 0.619131 0.449531 0.623826 0.550469 0.626174 0.447183 0.788146 0.526995 0.811620 0.456573 0.936033 0.501174 0.994718 0.024730 0.004515 0.043757 0.001947 0.013328 0.078636 0.000004 0.035532
0.462085 0.282583 0.459716 0.270735 0.464455 0.270735 0.452607 0.275474 0.521327 0.270735 0.419431 0.377370 0.580569 0.372630 0.369668 0.517180 0.625592 0.514810 0.331754 0.621445 0.625592 0.619076 0.447867 0.623815 0.552133 0.626185 0.443128 0.787322 0.528436 0.813389 0.450237 0.953199 0.502370 0.998223 0.022857 0.004515 0.045790 0.004527 0.002170 0.097618 0.000004 0.030855
0.460308 0.282585 0.457939 0.270737 0.465048 0.270737 0.450830 0.275476 0.519550 0.273107 0.417655 0.377371 0.581160 0.372632 0.370262 0.514810 0.623814 0.514810 0.332348 0.619074 0.621444 0.616705 0.448460 0.623814 0.552725 0.626183 0.441351 0.792058 0.526658 0.811015 0.448460 0.969781 0.502962 0.998217 0.026167 0.004515 0.053025 0.009045 0.005320 0.100175 0.001507 0.031154
0.457348 0.284962 0.457348 0.273114 0.462087 0.273114 0.450239 0.277854 0.516587 0.273114 0.419435 0.377375 0.578196 0.372636 0.372044 0.514810 0.623217 0.514810 0.334131 0.616701 0.616109 0.614331 0.450239 0.623810 0.552130 0.626179 0.438391 0.794418 0.528435 0.813375 0.445500 0.979244 0.507109 1.000000 0.034306 0.003973 0.061653 0.007470 0.007691 0.120316 0.003017 0.018009
0.461085 0.285377 0.458726 0.273585 0.463443 0.273585 0.451651 0.278302 0.517689 0.273585 0.420991 0.377358 0.579009 0.372642 0.373821 0.514151 0.621462 0.511792 0.336085 0.615566 0.612028 0.608491 0.449292 0.625000 0.550708 0.625000 0.439858 0.799528 0.529481 0.811321 0.444575 0.983491 0.508255 0.992925 0.025349 0.000940 0.053410 0.000569 0.007691 0.125213 0.000004 0.018919
0.459717 0.281408 0.459717 0.271930 0.464457 0.271930 0.450239 0.276669 0.516587 0.271930 0.419435 0.378560 0.578196 0.371451 0.372044 0.515995 0.620848 0.508886 0.336500 0.615516 0.604261 0.606038 0.450239 0.624994 0.552130 0.624994 0.436022 0.802711 0.528435 0.812190 0.438391 0.989907 0.509478 0.992276 0.029440 0.006696 0.064994 0.007470 0.003491 0.149612 0.003017 0.014668
0.464033 0.284201 0.464033 0.272408 0.468750 0.272408 0.452241 0.277125 0.518278 0.272408 0.421581 0.378539 0.577240 0.371464 0.374412 0.515330 0.619692 0.510613 0.339035 0.614385 0.596107 0.604952 0.449883 0.623819 0.551297 0.626178 0.438090 0.800704 0.532429 0.812497 0.435732 0.987023 0.511203 0.998815 0.017160 0.003984 0.057756 0.000152 0.003491 0.172235 0.001504 0.010935
0.461678 0.285399 0.454604 0.271249 0.464037 0.271249 0.447529 0.278324 0.515918 0.273608 0.419230 0.377371 0.577233 0.372654 0.374423 0.511791 0.619681 0.507075 0.339049 0.608480 0.589024 0.599047 0.452245 0.624987 0.551292 0.624987 0.438096 0.801857 0.532426 0.813648 0.435738 0.983442 0.511202 1.000000 0.021277 0.003497 0.067603 0.000882 0.009224 0.199781 0.004504 0.006314
0.459114 0.286224 0.454441 0.272206 0.461450 0.272206 0.449769 0.279215 0.517523 0.274543 0.421732 0.377342 0.575931 0.372669 0.377342 0.510514 0.617985 0.508177 0.342297 0.608640 0.582940 0.589949 0.452105 0.624995 0.550231 0.624995 0.440423 0.797884 0.531541 0.811902 0.440423 0.968437 0.515186 0.998810 0.021475 0.003942 0.060319 0.000583 0.006771 0.224667 0.002974 0.010250
0.455407 0.285836 0.450713 0.271754 0.460101 0.271754 0.448366 0.278795 0.516429 0.276448 0.420202 0.377369 0.575104 0.372675 0.375609 0.515842 0.617350 0.508801 0.345098 0.614416 0.579798 0.593293 0.453060 0.626151 0.551634 0.623804 0.441325 0.799830 0.535205 0.811565 0.446019 0.987590 0.518776 1.000000 0.029431 0.000670 0.063274 0.001879 0.003620 0.228911 0.005977 0.006305
0.447185 0.285808 0.444838 0.271724 0.451880 0.271724 0.447185 0.278766 0.515258 0.276418 0.421365 0.377353 0.576288 0.372658 0.376766 0.515844 0.616192 0.504108 0.346251 0.614432 0.580982 0.588611 0.451880 0.626168 0.550467 0.623821 0.444838 0.802217 0.536383 0.806911 0.451880 0.985307 0.522299 0.999391 0.024962 0.001183 0.051570 0.008171 0.003620 0.219481 0.002988 0.011712
