0.514544 0.276417 0.524811 0.258736 0.494011 0.259876 0.533937 0.266721 0.448382 0.268432 0.573292 0.372809 0.401042 0.378512 0.610936 0.505133 0.382220 0.491445 0.622914 0.623199 0.438686 0.552474 0.566447 0.621488 0.459219 0.627191 0.580707 0.790886 0.476330 0.793738 0.586410 0.978536 0.494582 0.972262 0.017059 0.000131 0.035489 0.040563 0.056041 0.290213 0.032737 0.005857
0.513673 0.276813 0.523928 0.259721 0.493733 0.260291 0.534753 0.265419 0.448725 0.268267 0.574063 0.373095 0.400299 0.378223 0.612804 0.506409 0.382068 0.488748 0.625338 0.626620 0.440180 0.550278 0.567227 0.621492 0.458411 0.627190 0.583179 0.790699 0.466956 0.792978 0.589446 0.980985 0.490885 0.972439 0.019441 0.025799 0.038679 0.056597 0.056952 0.292944 0.032700 0.013528
0.513146 0.276657 0.523889 0.259694 0.493356 0.260260 0.535198 0.265914 0.448688 0.267610 0.574212 0.373345 0.401192 0.377868 0.612661 0.506785 0.380837 0.487561 0.625666 0.628917 0.441337 0.546365 0.566862 0.621566 0.457734 0.627221 0.583824 0.788932 0.465085 0.788932 0.590609 0.977219 0.488267 0.965345 0.020686 0.027132 0.041575 0.056520 0.055531 0.312929 0.031367 0.017692
0.511851 0.275957 0.523138 0.259027 0.492099 0.259027 0.535553 0.265799 0.448645 0.266928 0.575057 0.373588 0.401241 0.377538 0.613432 0.505079 0.380360 0.486456 0.626412 0.624155 0.440744 0.542890 0.566592 0.621897 0.457110 0.626976 0.582394 0.788942 0.466140 0.786685 0.588037 0.978560 0.486456 0.962194 0.020550 0.018706 0.040868 0.052161 0.055826 0.321052 0.030224 0.012044
0.512283 0.275006 0.524007 0.257699 0.491626 0.258816 0.535173 0.267190 0.448637 0.267190 0.574812 0.373267 0.402856 0.377733 0.612218 0.503350 0.382199 0.484926 0.623384 0.618917 0.441937 0.541314 0.565321 0.622267 0.457011 0.626733 0.577603 0.784732 0.469294 0.785848 0.583745 0.970645 0.486601 0.955571 0.013509 0.007825 0.036146 0.043645 0.058467 0.319778 0.028472 0.000515
0.510805 0.275177 0.522995 0.259109 0.490857 0.258000 0.536293 0.268528 0.449855 0.267420 0.574525 0.373806 0.403865 0.377130 0.612758 0.501801 0.381147 0.485178 0.622731 0.617052 0.442097 0.543358 0.564552 0.622039 0.457058 0.627026 0.576742 0.786050 0.470910 0.785496 0.582283 0.971671 0.483654 0.957818 0.014116 0.004257 0.036397 0.039005 0.064917 0.323367 0.027549 0.004139
0.509658 0.274979 0.522902 0.258975 0.490342 0.257320 0.537251 0.268909 0.449505 0.265598 0.575329 0.374314 0.404252 0.376521 0.612855 0.503449 0.380522 0.485790 0.622237 0.619340 0.439571 0.543183 0.563740 0.622099 0.456679 0.627066 0.569810 0.785450 0.474339 0.786001 0.570362 0.967011 0.494205 0.953767 0.010856 0.002298 0.026700 0.030436 0.064309 0.322596 0.026027 0.023400
0.509283 0.273610 0.523138 0.257538 0.489332 0.255875 0.538655 0.268622 0.450538 0.264742 0.577449 0.374474 0.405093 0.376136 0.614027 0.504711 0.379046 0.488085 0.622894 0.623864 0.437237 0.549047 0.563040 0.622755 0.454417 0.626635 0.570245 0.787907 0.466055 0.782919 0.578558 0.977443 0.483235 0.946962 0.000000 0.009555 0.032330 0.038224 0.063508 0.315366 0.022246 0.009782
0.507484 0.272139 0.522453 0.256616 0.488080 0.255507 0.539086 0.267150 0.450381 0.264378 0.578448 0.374704 0.405474 0.375813 0.614485 0.506098 0.377754 0.490575 0.622246 0.625850 0.433749 0.556549 0.562371 0.623078 0.453707 0.626404 0.567915 0.789400 0.464241 0.783301 0.571241 0.981224 0.478655 0.947960 0.005089 0.006456 0.031183 0.039189 0.064603 0.299456 0.020485 0.010733
0.506443 0.272182 0.521795 0.256829 0.487252 0.255184 0.538244 0.268344 0.451064 0.264505 0.577721 0.375262 0.406104 0.375262 0.613361 0.509595 0.376496 0.490953 0.618844 0.631866 0.427487 0.562232 0.561821 0.623641 0.454354 0.625835 0.562369 0.790325 0.467513 0.783745 0.559079 0.976746 0.484511 0.954814 0.006664 0.005058 0.021397 0.034088 0.068283 0.277414 0.020609 0.025417
0.507528 0.271437 0.522309 0.255561 0.487819 0.255013 0.538185 0.269795 0.451687 0.265415 0.578697 0.375454 0.407891 0.374906 0.613734 0.509580 0.376138 0.492609 0.618661 0.631663 0.426504 0.573633 0.559536 0.624546 0.453877 0.625094 0.560631 0.793163 0.465921 0.783309 0.554061 0.979845 0.476870 0.945355 0.013264 0.002707 0.026504 0.033677 0.068493 0.260906 0.017086 0.022118
0.508272 0.270700 0.523459 0.254970 0.488745 0.253885 0.539731 0.270157 0.452947 0.264733 0.579869 0.375926 0.409554 0.374298 0.614040 0.508814 0.377010 0.493627 0.618922 0.630854 0.423657 0.577699 0.558715 0.624888 0.451862 0.624888 0.559800 0.796287 0.461625 0.783812 0.556545 0.984501 0.469761 0.937854 0.007518 0.002730 0.028995 0.033708 0.067390 0.245991 0.013471 0.017515
0.508025 0.271030 0.523539 0.256050 0.489835 0.253910 0.539053 0.272100 0.454527 0.265145 0.579177 0.376420 0.411729 0.373745 0.612880 0.509095 0.378560 0.493580 0.618230 0.630000 0.415474 0.585596 0.557243 0.625185 0.451852 0.624650 0.557243 0.796378 0.456667 0.785143 0.554033 0.983085 0.464157 0.936007 0.005471 0.006243 0.027993 0.040929 0.065111 0.207390 0.011582 0.009547
0.507604 0.270969 0.523336 0.256285 0.489250 0.254188 0.539068 0.273066 0.455688 0.266773 0.578922 0.376897 0.413212 0.373226 0.611959 0.509046 0.378077 0.496985 0.617203 0.628085 0.413212 0.594523 0.556373 0.625463 0.451493 0.624414 0.557422 0.794843 0.455688 0.787502 0.552178 0.977334 0.459359 0.940626 0.011115 0.000560 0.030768 0.039954 0.063966 0.198105 0.010017 0.006215
0.506378 0.270403 0.522517 0.255826 0.488676 0.253743 0.539177 0.273006 0.456918 0.266759 0.579266 0.377132 0.413706 0.372967 0.609983 0.509371 0.377783 0.500000 0.615709 0.627554 0.406417 0.598919 0.555837 0.625471 0.451191 0.624430 0.556358 0.795196 0.454315 0.787907 0.548549 0.976895 0.456918 0.939410 0.014649 0.000603 0.030917 0.041021 0.057237 0.177414 0.008950 0.005104
0.508141 0.268821 0.523131 0.254348 0.490050 0.252797 0.539671 0.271922 0.458520 0.266753 0.579989 0.377368 0.413550 0.372716 0.610485 0.510209 0.379435 0.502455 0.615137 0.628060 0.403729 0.608935 0.556212 0.625475 0.450249 0.624441 0.556212 0.792948 0.451283 0.787262 0.547425 0.974376 0.453868 0.940778 0.015405 0.003337 0.030412 0.044061 0.059272 0.153248 0.008228 0.002020
0.509028 0.267980 0.525020 0.254051 0.491488 0.251472 0.542045 0.272107 0.458987 0.265401 0.581252 0.377864 0.413589 0.372189 0.611173 0.512510 0.380572 0.505804 0.616332 0.628585 0.399660 0.621878 0.555974 0.625489 0.449185 0.624457 0.554942 0.793668 0.448669 0.782319 0.545140 0.976292 0.451765 0.908711 0.015115 0.008835 0.030429 0.045661 0.055467 0.128991 0.006569 0.000917
0.509563 0.267264 0.525587 0.253308 0.491988 0.250206 0.542128 0.271399 0.459423 0.264163 0.581412 0.377881 0.412385 0.372196 0.611910 0.513310 0.381887 0.508141 0.617079 0.630131 0.390158 0.629097 0.557118 0.625478 0.449085 0.624445 0.556084 0.798124 0.441331 0.786752 0.545229 0.985760 0.444433 0.907708 0.016488 0.023354 0.029227 0.061183 0.056429 0.091976 0.007899 0.013288
0.509214 0.265752 0.526345 0.251736 0.491564 0.248621 0.542956 0.270424 0.459899 0.263156 0.582409 0.377879 0.412660 0.372169 0.613036 0.513367 0.383071 0.512329 0.617708 0.630686 0.385147 0.637434 0.556972 0.625495 0.447959 0.624457 0.555415 0.804069 0.440173 0.794205 0.542437 0.989910 0.445364 0.914639 0.019417 0.028303 0.029809 0.058841 0.058097 0.071509 0.006280 0.011815
0.509744 0.266401 0.526374 0.251330 0.491555 0.249251 0.544043 0.268999 0.460374 0.262763 0.583540 0.378133 0.412563 0.371897 0.614201 0.513252 0.384499 0.512732 0.618878 0.629142 0.378783 0.640575 0.556516 0.625504 0.447382 0.624465 0.554957 0.808434 0.442185 0.796482 0.540925 0.995522 0.443224 0.914451 0.021116 0.012418 0.031923 0.053221 0.058189 0.048383 0.004963 0.006902
0.509565 0.265918 0.526110 0.251441 0.492503 0.248856 0.544205 0.269020 0.461482 0.261782 0.584533 0.378112 0.412365 0.371907 0.616589 0.511504 0.387030 0.510987 0.619174 0.626283 0.372037 0.639208 0.556097 0.625766 0.447005 0.624215 0.554029 0.809309 0.441835 0.795350 0.539552 0.995438 0.443903 0.915816 0.021121 0.015078 0.032803 0.053045 0.067902 0.020300 0.003950 0.006028
0.510101 0.266923 0.526767 0.252277 0.492424 0.249752 0.544444 0.269954 0.462122 0.263388 0.583837 0.378033 0.414648 0.371972 0.615149 0.509848 0.388386 0.508333 0.618180 0.621967 0.369194 0.630048 0.554544 0.626008 0.446971 0.623988 0.552524 0.803782 0.444951 0.790146 0.536868 0.983072 0.445961 0.905296 0.024109 0.006662 0.033810 0.044474 0.065637 0.010782 0.001929 0.000261
0.509268 0.267802 0.526301 0.253274 0.491734 0.250770 0.543835 0.271309 0.462177 0.263294 0.582910 0.377514 0.414084 0.372504 0.615974 0.507264 0.387533 0.509268 0.618478 0.613469 0.364990 0.629500 0.554856 0.625492 0.448150 0.624490 0.550347 0.806341 0.451156 0.797824 0.535318 0.983181 0.449152 0.903528 0.019053 0.011554 0.027924 0.037254 0.071917 0.002043 0.003827 0.013454
0.507227 0.268625 0.524670 0.255169 0.490780 0.251680 0.543110 0.270618 0.459880 0.261648 0.580988 0.376774 0.413530 0.373286 0.616373 0.507351 0.384126 0.510341 0.616373 0.613009 0.359705 0.632446 0.556567 0.625468 0.448916 0.624472 0.554075 0.802893 0.448916 0.793922 0.536133 0.980318 0.446424 0.911541 0.027609 0.006743 0.026687 0.044548 0.084236 0.004437 0.006981 0.004472
0.505714 0.269212 0.523600 0.255300 0.489318 0.251822 0.542481 0.270206 0.459010 0.262753 0.580738 0.377029 0.412802 0.373054 0.617505 0.507204 0.381501 0.507701 0.616015 0.615021 0.356161 0.627939 0.557386 0.625455 0.449073 0.624461 0.555896 0.803328 0.452551 0.792397 0.533041 0.977723 0.447582 0.906176 0.038812 0.020482 0.027166 0.039016 0.092022 0.006593 0.008225 0.009259
0.505617 0.268191 0.523094 0.254710 0.489140 0.251214 0.542567 0.270188 0.458681 0.261201 0.581514 0.377043 0.411745 0.373048 0.619961 0.503370 0.379290 0.506866 0.617964 0.610225 0.353325 0.626702 0.558046 0.625704 0.448695 0.624206 0.558046 0.806457 0.452690 0.796471 0.530583 0.984714 0.447696 0.910815 0.048657 0.021271 0.029953 0.039116 0.099991 0.007822 0.008584 0.007380
0.505118 0.267954 0.523092 0.253974 0.488641 0.250479 0.542565 0.268953 0.458184 0.260964 0.581509 0.376800 0.411251 0.373305 0.622451 0.500125 0.376800 0.504119 0.617458 0.603977 0.351336 0.623450 0.558542 0.625946 0.448698 0.623949 0.559540 0.809186 0.451194 0.795705 0.527586 0.986434 0.449696 0.919529 0.058510 0.008477 0.030995 0.042581 0.117321 0.015048 0.009219 0.002894
0.504386 0.267790 0.522431 0.253254 0.487844 0.250246 0.542482 0.268292 0.457769 0.260773 0.582082 0.376564 0.410149 0.373557 0.626193 0.498371 0.374559 0.504887 0.619175 0.601130 0.347992 0.625692 0.559024 0.625692 0.448746 0.624188 0.561029 0.805645 0.448746 0.793614 0.526943 0.987102 0.453257 0.932965 0.062651 0.010302 0.032924 0.048638 0.132301 0.015331 0.009894 0.003546
0.503347 0.268463 0.521195 0.254085 0.486490 0.251110 0.542515 0.268958 0.457237 0.262513 0.581683 0.376546 0.410633 0.373572 0.627296 0.494050 0.374439 0.502479 0.618372 0.595689 0.350145 0.619487 0.558876 0.625933 0.448809 0.623949 0.561851 0.803428 0.451288 0.789546 0.525658 0.980428 0.458229 0.940268 0.069538 0.009884 0.034363 0.043399 0.145742 0.021965 0.009786 0.000564
0.501708 0.269725 0.519759 0.255577 0.485608 0.252649 0.541225 0.269725 0.456336 0.262895 0.579279 0.376569 0.410476 0.373641 0.626115 0.490730 0.373885 0.499024 0.616845 0.587329 0.352419 0.613186 0.559276 0.625871 0.450969 0.623919 0.561716 0.802968 0.456336 0.790771 0.524637 0.975674 0.464141 0.969332 0.071700 0.003671 0.029869 0.040823 0.154375 0.031220 0.013048 0.005850
0.501086 0.271574 0.518945 0.257094 0.484675 0.254680 0.540183 0.271091 0.456197 0.265299 0.579279 0.376797 0.410343 0.373418 0.624651 0.489743 0.373177 0.497466 0.616928 0.581934 0.354835 0.608481 0.559007 0.625858 0.451370 0.623927 0.559007 0.803482 0.462472 0.793346 0.520876 0.975315 0.467299 0.986416 0.069510 0.012872 0.025852 0.030845 0.148190 0.040540 0.013217 0.020828
0.501948 0.270853 0.519481 0.255268 0.484902 0.253319 0.540910 0.269391 0.457141 0.263547 0.581821 0.377512 0.409412 0.372642 0.626141 0.488068 0.369963 0.497321 0.618348 0.579142 0.358274 0.607877 0.557957 0.625897 0.450810 0.623949 0.555034 0.807559 0.462499 0.796845 0.516559 0.982890 0.469804 0.992144 0.063642 0.009586 0.025369 0.030481 0.148530 0.064013 0.011164 0.026607
0.501927 0.271730 0.519273 0.255829 0.485063 0.254384 0.539992 0.269803 0.457117 0.264502 0.580949 0.377252 0.409897 0.372916 0.627205 0.488075 0.368940 0.496748 0.618532 0.574323 0.361713 0.608534 0.557820 0.625880 0.451335 0.623953 0.552520 0.810423 0.465790 0.795486 0.507228 0.981957 0.477836 0.994485 0.073033 0.007517 0.020385 0.025312 0.157764 0.081121 0.011659 0.035900
0.501307 0.272652 0.518421 0.256964 0.484194 0.255538 0.538862 0.270750 0.456622 0.265521 0.580220 0.377234 0.410035 0.372956 0.625856 0.485620 0.369153 0.493701 0.617774 0.569286 0.364399 0.605890 0.557402 0.625856 0.452344 0.623954 0.550271 0.807925 0.468506 0.795565 0.512716 0.976683 0.480391 0.993321 0.057239 0.010784 0.016672 0.023264 0.157504 0.090438 0.012411 0.042351
0.500946 0.272670 0.517978 0.256584 0.483441 0.255638 0.538795 0.270305 0.456474 0.266520 0.579956 0.376755 0.410109 0.373443 0.626794 0.484151 0.369421 0.493613 0.618751 0.564580 0.365637 0.602428 0.557246 0.625138 0.452689 0.624665 0.548730 0.802081 0.469248 0.796404 0.514193 0.971928 0.485334 0.988014 0.048547 0.003935 0.013713 0.022846 0.162632 0.092851 0.012653 0.045904
0.499163 0.270428 0.516850 0.255131 0.481955 0.254175 0.539796 0.267560 0.454229 0.265648 0.580906 0.376072 0.408339 0.374160 0.631099 0.485540 0.368184 0.497968 0.619148 0.565848 0.364360 0.608392 0.559395 0.625123 0.451361 0.624645 0.545532 0.809641 0.472394 0.800081 0.496295 0.991291 0.504422 0.997027 0.060385 0.013334 0.003555 0.016162 0.183868 0.088809 0.013699 0.061851
0.498450 0.270666 0.516100 0.255401 0.481276 0.253970 0.538520 0.268281 0.453609 0.265896 0.580499 0.375614 0.407813 0.374660 0.630588 0.485331 0.370605 0.501073 0.620093 0.564519 0.368220 0.611745 0.559510 0.624625 0.452177 0.625102 0.551400 0.806851 0.475075 0.806851 0.510853 0.987647 0.500835 1.000000 0.056070 0.000340 0.012611 0.015915 0.178262 0.084259 0.014886 0.054048
0.498816 0.270261 0.516334 0.255111 0.481299 0.254164 0.539059 0.267894 0.453839 0.266000 0.580249 0.375366 0.408389 0.374892 0.629487 0.484731 0.372880 0.501775 0.620491 0.563323 0.370513 0.611614 0.559417 0.623924 0.451945 0.625818 0.555156 0.804779 0.475618 0.810934 0.528170 0.979007 0.503551 1.000000 0.041417 0.004681 0.019117 0.014224 0.170931 0.079998 0.014473 0.047983
0.499189 0.271553 0.516798 0.256261 0.482044 0.254871 0.538113 0.270163 0.455168 0.266919 0.578891 0.374887 0.410220 0.375350 0.626619 0.485172 0.376856 0.502317 0.617351 0.561630 0.376393 0.613528 0.558502 0.623723 0.452388 0.626040 0.556648 0.801661 0.477410 0.806759 0.532089 0.972649 0.506140 0.993038 0.042093 0.004913 0.022708 0.009250 0.168405 0.080468 0.013869 0.047111
0.499089 0.271773 0.516391 0.256748 0.481787 0.255382 0.537791 0.270862 0.454924 0.268130 0.577859 0.375130 0.410758 0.375130 0.626122 0.484405 0.378886 0.499886 0.616561 0.558622 0.378886 0.609617 0.557825 0.624187 0.453558 0.625553 0.554183 0.801761 0.479966 0.804037 0.528230 0.965219 0.509562 0.989806 0.043592 0.003532 0.019021 0.007124 0.173170 0.079617 0.014498 0.053286
0.498197 0.271255 0.514874 0.256381 0.481069 0.255480 0.536509 0.269903 0.454476 0.268100 0.577075 0.374472 0.410756 0.375824 0.624852 0.482647 0.380106 0.500676 0.616739 0.557919 0.381458 0.610203 0.558144 0.624176 0.454026 0.625528 0.554989 0.800861 0.481971 0.801312 0.523889 0.952757 0.512620 0.984308 0.058601 0.002641 0.018402 0.004433 0.166563 0.080555 0.015501 0.055867
0.497089 0.270805 0.513660 0.256025 0.479622 0.255129 0.535605 0.269461 0.453198 0.268565 0.576361 0.374262 0.411099 0.376053 0.624283 0.481749 0.381092 0.503695 0.616669 0.559678 0.382435 0.617453 0.557999 0.624171 0.454542 0.625514 0.553520 0.800630 0.483205 0.801078 0.519930 0.945739 0.514556 0.983359 0.064330 0.002701 0.015270 0.003367 0.164495 0.077256 0.015973 0.059592
0.496116 0.270870 0.512538 0.255336 0.478807 0.254892 0.534286 0.269539 0.452621 0.269095 0.576007 0.373840 0.410900 0.376503 0.623053 0.480360 0.383382 0.506990 0.619059 0.560251 0.386933 0.621500 0.558253 0.624163 0.454840 0.625494 0.552927 0.799921 0.483689 0.799034 0.519640 0.941061 0.516977 0.981449 0.064083 0.005016 0.012895 0.003164 0.148288 0.076024 0.016678 0.062079
0.495369 0.269758 0.512130 0.254320 0.478167 0.253879 0.534183 0.267994 0.452143 0.267994 0.575645 0.373852 0.411123 0.376498 0.622399 0.481034 0.385541 0.511468 0.620635 0.562633 0.390833 0.634087 0.558002 0.624825 0.455231 0.624825 0.550503 0.803902 0.483460 0.790670 0.512571 0.944606 0.520510 0.981215 0.070501 0.007465 0.009019 0.002289 0.137812 0.073358 0.016856 0.066986
0.494564 0.269500 0.511090 0.253843 0.476733 0.253408 0.533705 0.267325 0.451508 0.267760 0.575021 0.373877 0.411497 0.376487 0.620252 0.482169 0.387142 0.510003 0.619382 0.565236 0.391926 0.630907 0.557625 0.625253 0.455857 0.624383 0.548492 0.805739 0.484996 0.782689 0.508481 0.946214 0.523268 0.978832 0.072232 0.003395 0.005900 0.001575 0.129271 0.070020 0.017174 0.074035
0.493530 0.268466 0.509921 0.252937 0.475844 0.252937 0.532352 0.266740 0.450393 0.267172 0.574194 0.373718 0.410708 0.376738 0.619056 0.484579 0.387846 0.508304 0.619056 0.573440 0.392591 0.623909 0.558234 0.624772 0.456864 0.624772 0.549175 0.803788 0.486628 0.784808 0.509921 0.944843 0.523294 0.978490 0.070302 0.001023 0.004115 0.000000 0.122398 0.067824 0.019235 0.074625
0.491106 0.268546 0.507623 0.253299 0.473742 0.253299 0.530070 0.266428 0.449178 0.268122 0.572846 0.373156 0.410637 0.377391 0.616468 0.484541 0.388191 0.509106 0.616892 0.576869 0.392426 0.622609 0.558446 0.624727 0.458071 0.624727 0.547011 0.805570 0.486447 0.787782 0.503388 0.925427 0.524564 0.982178 0.091007 0.006787 0.001903 0.005469 0.117357 0.065601 0.021046 0.074945
0.490287 0.266572 0.505912 0.250947 0.472128 0.251791 0.528294 0.263616 0.447212 0.266994 0.572214 0.372992 0.410049 0.377638 0.614444 0.488281 0.386823 0.511085 0.617823 0.585833 0.390201 0.625952 0.559122 0.624263 0.458614 0.625107 0.547298 0.806698 0.487753 0.797407 0.506335 0.905517 0.520693 0.988288 0.104484 0.001065 0.004033 0.008356 0.100746 0.064212 0.022602 0.073930
0.488584 0.267067 0.504504 0.251147 0.470569 0.251985 0.526708 0.263715 0.446270 0.267905 0.571535 0.372641 0.409403 0.378087 0.613010 0.493297 0.386780 0.512987 0.617619 0.592587 0.390551 0.629454 0.559385 0.624427 0.459677 0.624846 0.550169 0.813790 0.488584 0.801221 0.504085 0.897579 0.518748 0.992260 0.144579 0.001863 0.000153 0.012266 0.090628 0.063191 0.024294 0.067191
0.488021 0.265250 0.503573 0.249278 0.469527 0.250539 0.526270 0.262728 0.445568 0.266931 0.572506 0.372432 0.408160 0.378317 0.612857 0.497688 0.385882 0.514921 0.619582 0.601928 0.389665 0.632612 0.560316 0.624205 0.459019 0.625046 0.555693 0.809988 0.488441 0.803263 0.503152 0.903299 0.520386 0.999553 0.155315 0.000728 0.007479 0.012626 0.078694 0.061684 0.024643 0.060002
