0.540900 0.278470 0.550555 0.264524 0.524272 0.262915 0.556992 0.273106 0.482433 0.268815 0.582202 0.378239 0.422357 0.371802 0.634768 0.494636 0.374082 0.497318 0.643351 0.444215 0.352626 0.626052 0.546800 0.627661 0.448641 0.622297 0.509253 0.818080 0.468487 0.803061 0.469023 0.984898 0.464196 1.000000 0.013354 0.041354 0.017091 0.001532 0.811309 0.064307 0.005805 0.096779
0.541972 0.278546 0.552099 0.265222 0.525983 0.262557 0.557962 0.274816 0.482811 0.268420 0.581413 0.377681 0.422585 0.372351 0.634711 0.489607 0.374083 0.496536 0.647502 0.442172 0.346901 0.624451 0.546236 0.627649 0.449767 0.622319 0.508394 0.816324 0.472152 0.805665 0.448701 0.957031 0.489207 1.000000 0.064709 0.011718 0.018504 0.004193 0.774695 0.051870 0.005090 0.101678
0.542243 0.279324 0.551838 0.264932 0.526252 0.262800 0.557701 0.272927 0.483076 0.267064 0.581154 0.376869 0.420711 0.373138 0.635524 0.489339 0.371139 0.497868 0.646718 0.438701 0.341822 0.625263 0.547040 0.627395 0.451094 0.622598 0.503865 0.812891 0.476147 0.804896 0.441500 0.956277 0.500133 1.000000 0.057798 0.006435 0.029714 0.004894 0.787419 0.048417 0.002376 0.116265
0.544316 0.279364 0.553475 0.264817 0.527613 0.262123 0.558863 0.272899 0.482893 0.265356 0.581492 0.376886 0.418238 0.373114 0.635911 0.491649 0.365975 0.500269 0.647764 0.439386 0.337419 0.629580 0.549165 0.627424 0.451105 0.622575 0.508217 0.815463 0.480738 0.805226 0.441945 0.956088 0.502290 1.000000 0.071931 0.019154 0.027405 0.009500 0.788067 0.054948 0.000346 0.119448
0.543762 0.279982 0.553427 0.264947 0.527116 0.263336 0.558260 0.271928 0.482549 0.265484 0.580275 0.376634 0.414892 0.373412 0.632897 0.491543 0.363882 0.501208 0.646321 0.438384 0.338108 0.631689 0.551816 0.626319 0.453016 0.623634 0.528190 0.815328 0.483623 0.808347 0.446573 0.937754 0.498121 1.000000 0.147584 0.031538 0.003458 0.004141 0.784570 0.058811 0.006154 0.091852
0.542977 0.281378 0.552587 0.266963 0.526961 0.264294 0.557926 0.273903 0.482115 0.265895 0.578213 0.376408 0.413245 0.373738 0.629465 0.489589 0.361993 0.502402 0.647617 0.434600 0.341172 0.634270 0.554188 0.625194 0.454354 0.624660 0.550451 0.815788 0.485852 0.811517 0.452218 0.919894 0.492793 1.000000 0.234524 0.042868 0.024403 0.001468 0.763165 0.070815 0.010878 0.059399
0.543009 0.283220 0.552626 0.268794 0.526981 0.266123 0.556900 0.274137 0.482102 0.266123 0.577202 0.376183 0.412112 0.374046 0.626889 0.487311 0.360288 0.504408 0.650397 0.418924 0.343726 0.636907 0.555297 0.625153 0.455388 0.624619 0.563845 0.816422 0.489582 0.811079 0.460731 0.897097 0.487979 1.000000 0.302889 0.060124 0.042151 0.003292 0.760775 0.080860 0.013609 0.043514
0.543203 0.284780 0.552215 0.270468 0.527300 0.267817 0.555925 0.276299 0.481712 0.267817 0.575009 0.375957 0.412269 0.374367 0.623778 0.487808 0.362440 0.506891 0.646042 0.431087 0.350247 0.636235 0.556455 0.624043 0.456267 0.625633 0.578189 0.807457 0.487013 0.813288 0.480651 0.904465 0.481182 1.000000 0.288411 0.060623 0.061305 0.003485 0.750060 0.084563 0.016205 0.014149
0.543396 0.286549 0.551762 0.271386 0.527711 0.269818 0.555421 0.275569 0.481700 0.269295 0.571630 0.376478 0.415299 0.373864 0.620777 0.489412 0.365629 0.505621 0.642736 0.438174 0.356741 0.634763 0.555944 0.623783 0.457127 0.625875 0.588884 0.797890 0.482746 0.813576 0.480655 0.911348 0.472289 1.000000 0.302011 0.059786 0.079679 0.009175 0.740464 0.092880 0.016650 0.016338
0.543244 0.288169 0.552022 0.273712 0.527754 0.271130 0.555636 0.278359 0.482315 0.269581 0.570610 0.376981 0.416223 0.373366 0.618114 0.489544 0.370785 0.503485 0.641866 0.440491 0.365621 0.630506 0.556669 0.623277 0.456498 0.626376 0.593846 0.795220 0.476119 0.813293 0.513296 0.920176 0.462178 1.000000 0.250041 0.056541 0.085779 0.016956 0.729348 0.094010 0.016772 0.034489
0.543878 0.289974 0.552603 0.275604 0.528482 0.272525 0.555682 0.279197 0.483321 0.271499 0.570565 0.377731 0.416605 0.372599 0.617779 0.490634 0.372470 0.501411 0.641386 0.444446 0.377089 0.625605 0.556708 0.623552 0.456122 0.626118 0.594685 0.794960 0.469465 0.810869 0.526430 0.954565 0.452529 1.000000 0.198037 0.051037 0.087326 0.026270 0.723523 0.116905 0.016343 0.046453
0.545074 0.291150 0.554293 0.277321 0.530732 0.273736 0.556854 0.281931 0.485658 0.271687 0.572220 0.378737 0.415487 0.371566 0.618830 0.491421 0.374511 0.499616 0.640855 0.446859 0.385779 0.618958 0.557366 0.623568 0.454926 0.626129 0.588611 0.799765 0.461585 0.813082 0.542513 0.988767 0.445707 1.000000 0.132014 0.037656 0.075152 0.037594 0.729040 0.128548 0.015658 0.044532
0.547202 0.290817 0.556314 0.277656 0.533029 0.274112 0.558845 0.282718 0.487978 0.272088 0.573524 0.379400 0.416605 0.370795 0.618069 0.490762 0.376110 0.495318 0.641354 0.445205 0.397876 0.608198 0.556820 0.623890 0.453051 0.625915 0.583648 0.806119 0.455076 0.811687 0.568462 0.998471 0.438877 0.998977 0.071606 0.030930 0.068242 0.041698 0.728481 0.160716 0.012571 0.043059
0.549266 0.291712 0.558246 0.278242 0.535297 0.275249 0.560740 0.283231 0.490895 0.273253 0.575707 0.380016 0.419055 0.370039 0.619111 0.488276 0.377647 0.490272 0.643556 0.445371 0.409077 0.592545 0.554255 0.623476 0.450984 0.626469 0.578201 0.800583 0.448489 0.806071 0.590674 0.996149 0.432525 0.987667 0.022507 0.023491 0.070755 0.043852 0.713778 0.200482 0.006670 0.047200
0.553943 0.293652 0.561880 0.279763 0.540054 0.277283 0.563368 0.283731 0.494916 0.274803 0.577257 0.380457 0.421999 0.369544 0.621403 0.489583 0.380333 0.488095 0.650173 0.444445 0.419519 0.585813 0.551959 0.623511 0.448785 0.626488 0.574280 0.798114 0.444817 0.803074 0.607018 0.994045 0.425472 0.976188 0.012226 0.028272 0.073485 0.040215 0.697014 0.228979 0.000946 0.047625
0.556198 0.294475 0.565091 0.281135 0.542365 0.277677 0.566573 0.286076 0.496418 0.275207 0.577443 0.381428 0.424781 0.368582 0.622401 0.490119 0.380316 0.486661 0.652044 0.443678 0.424287 0.580036 0.550764 0.624007 0.447013 0.625983 0.572008 0.798901 0.439108 0.799889 0.610544 0.995040 0.416382 0.967373 0.023277 0.028472 0.073344 0.041884 0.694324 0.254725 0.002831 0.052935
0.557969 0.295498 0.566392 0.281625 0.544096 0.278157 0.568374 0.286085 0.498018 0.275184 0.578283 0.382204 0.426176 0.367836 0.622379 0.492196 0.381089 0.486251 0.653098 0.443641 0.426176 0.579893 0.550042 0.624485 0.445499 0.625476 0.570851 0.801860 0.434104 0.800373 0.596615 1.000000 0.404871 0.959912 0.003976 0.036974 0.074111 0.044539 0.699080 0.258636 0.005678 0.057884
0.558841 0.296271 0.567704 0.282977 0.545547 0.279037 0.570166 0.287408 0.500246 0.275098 0.579030 0.382933 0.428356 0.367176 0.620391 0.493722 0.380594 0.485351 0.650427 0.444975 0.424417 0.581368 0.548501 0.625192 0.444113 0.624699 0.565242 0.803931 0.428849 0.799992 0.580014 1.000000 0.394381 0.952142 0.005839 0.043264 0.069629 0.047100 0.710489 0.258552 0.009405 0.057376
0.558841 0.296271 0.568197 0.282977 0.545547 0.279037 0.570166 0.287408 0.500246 0.275098 0.579030 0.382933 0.428356 0.367176 0.620391 0.493722 0.380594 0.485351 0.650427 0.444482 0.424417 0.581368 0.548501 0.625192 0.444113 0.624699 0.565735 0.804424 0.428849 0.800485 0.580014 1.000000 0.394381 0.952142 0.007361 0.043564 0.070415 0.047023 0.711914 0.258552 0.009405 0.058084
0.560307 0.295913 0.569132 0.282184 0.546578 0.278752 0.571584 0.287087 0.502451 0.275811 0.580409 0.383676 0.429397 0.366516 0.620614 0.495955 0.380367 0.485168 0.649541 0.447415 0.418120 0.586660 0.547069 0.626375 0.443125 0.623433 0.560307 0.808276 0.429397 0.796018 0.568152 1.000000 0.387721 0.941147 0.010172 0.063744 0.066580 0.042260 0.719474 0.238088 0.012489 0.048391
0.559032 0.297114 0.568321 0.283915 0.545344 0.279515 0.572232 0.288803 0.501833 0.275604 0.580054 0.385113 0.429479 0.365069 0.621120 0.496089 0.380591 0.483867 0.649475 0.445734 0.410413 0.595332 0.546321 0.626620 0.444145 0.623198 0.555121 0.806528 0.429479 0.797240 0.555121 1.000000 0.382546 0.933637 0.015557 0.078726 0.059732 0.044827 0.723940 0.207481 0.012141 0.042318
0.559310 0.298660 0.569014 0.285075 0.546211 0.280709 0.573380 0.289442 0.501577 0.275372 0.579202 0.385503 0.429288 0.364641 0.621410 0.495634 0.381258 0.483990 0.648094 0.443722 0.401149 0.598972 0.546696 0.627111 0.444813 0.622745 0.553974 0.808560 0.434140 0.797401 0.544271 0.999226 0.376891 0.917235 0.028945 0.122435 0.055329 0.038552 0.732368 0.176314 0.010812 0.032188
0.558802 0.298169 0.568442 0.284673 0.545307 0.280336 0.572780 0.289493 0.500964 0.275034 0.578563 0.384444 0.428184 0.365647 0.620978 0.494819 0.381432 0.485661 0.647969 0.443246 0.392517 0.603747 0.547716 0.627364 0.445536 0.622545 0.551090 0.810519 0.434932 0.797987 0.532775 0.997528 0.374684 0.905469 0.036938 0.143409 0.046068 0.040682 0.729741 0.148038 0.008592 0.025078
0.556929 0.296939 0.567566 0.283402 0.543392 0.278084 0.571917 0.288720 0.498912 0.273249 0.577719 0.383965 0.426874 0.366077 0.620748 0.494682 0.379493 0.487913 0.646856 0.439565 0.383361 0.610716 0.548227 0.627638 0.447180 0.622320 0.545326 0.815711 0.437027 0.800723 0.521636 1.000000 0.376592 0.910956 0.035699 0.141535 0.033430 0.043268 0.741197 0.128081 0.005849 0.013186
0.555927 0.295258 0.566626 0.281641 0.542310 0.276778 0.571003 0.286504 0.497568 0.271915 0.578298 0.383283 0.425593 0.366748 0.622067 0.493191 0.377933 0.489301 0.646383 0.438723 0.375015 0.615745 0.548632 0.627903 0.447477 0.622067 0.538906 0.819028 0.442128 0.802006 0.511672 1.000000 0.383283 0.925532 0.030268 0.132051 0.022230 0.036678 0.745715 0.110714 0.004954 0.006724
0.553121 0.294414 0.563285 0.280378 0.539084 0.276506 0.568125 0.285702 0.494555 0.272149 0.576838 0.381537 0.424857 0.368469 0.622335 0.491409 0.376939 0.491409 0.644600 0.438651 0.369195 0.619189 0.548765 0.627417 0.449541 0.622577 0.533276 0.817151 0.446637 0.801663 0.500847 1.000000 0.393879 0.941544 0.029482 0.109642 0.010258 0.035986 0.747917 0.099032 0.002155 0.020766
0.551413 0.291667 0.561647 0.278022 0.536306 0.274611 0.567495 0.283870 0.491959 0.271687 0.577242 0.380848 0.423246 0.369152 0.625000 0.491959 0.374513 0.492934 0.646930 0.440302 0.363792 0.623050 0.548977 0.627436 0.450536 0.622563 0.527534 0.818956 0.452485 0.804337 0.490010 1.000000 0.406189 0.975389 0.028148 0.087550 0.000841 0.030735 0.742990 0.093218 0.000621 0.038903
0.550636 0.290118 0.560421 0.275930 0.535470 0.272995 0.565802 0.280822 0.490460 0.269570 0.578033 0.380137 0.421478 0.369863 0.627935 0.491683 0.372554 0.494129 0.647505 0.439335 0.360812 0.624266 0.549168 0.627201 0.451321 0.622798 0.524217 0.818982 0.460617 0.807240 0.482632 1.000000 0.429305 1.000000 0.029587 0.065917 0.004161 0.021355 0.752225 0.090744 0.000622 0.057210
0.548833 0.289968 0.559037 0.275876 0.533770 0.272475 0.564382 0.280249 0.489067 0.269560 0.577502 0.379860 0.421526 0.370142 0.630466 0.491618 0.371478 0.494048 0.647472 0.438654 0.360302 0.622813 0.548348 0.627186 0.452624 0.622813 0.519679 0.820090 0.468659 0.806485 0.472060 1.000000 0.450681 1.000000 0.034404 0.055104 0.009613 0.011262 0.760229 0.094636 0.001240 0.074680
0.547975 0.289418 0.558100 0.275436 0.533028 0.272543 0.563404 0.280739 0.489634 0.270132 0.577386 0.379099 0.421650 0.370903 0.631388 0.488067 0.371505 0.494335 0.648263 0.437922 0.361862 0.621142 0.547492 0.626928 0.453472 0.623070 0.517117 0.819308 0.476615 0.806772 0.474205 0.998670 0.470830 1.000000 0.024901 0.048898 0.011637 0.000125 0.750211 0.098671 0.001226 0.089740
0.546890 0.287973 0.556533 0.273508 0.531461 0.271097 0.562801 0.278812 0.488067 0.270133 0.577747 0.379100 0.421047 0.370903 0.633195 0.486620 0.370421 0.494817 0.650071 0.434548 0.362224 0.623070 0.547372 0.626927 0.453834 0.623070 0.514103 0.816414 0.481317 0.811592 0.452387 0.968775 0.501567 1.000000 0.067183 0.015371 0.016502 0.004923 0.748688 0.103146 0.001537 0.101401
0.546076 0.287183 0.555701 0.272747 0.530196 0.269859 0.561956 0.278521 0.487368 0.269378 0.577355 0.379095 0.420479 0.370914 0.633176 0.485924 0.369952 0.494105 0.650981 0.433953 0.362253 0.622589 0.547039 0.626439 0.455127 0.623552 0.510466 0.814112 0.486887 0.810744 0.446465 0.972913 0.514316 1.000000 0.060688 0.011353 0.022441 0.010113 0.741671 0.104844 0.002756 0.114759
0.544366 0.286049 0.554064 0.271503 0.528365 0.268109 0.560367 0.277321 0.484726 0.267624 0.577338 0.378660 0.417814 0.371387 0.633098 0.486302 0.368356 0.496000 0.652978 0.433936 0.362053 0.625946 0.548730 0.626431 0.456119 0.623522 0.509940 0.814078 0.492000 0.809714 0.440603 0.968268 0.519637 1.000000 0.069629 0.019406 0.028297 0.012607 0.732371 0.104836 0.006174 0.125485
0.542979 0.285467 0.552692 0.270412 0.526953 0.267498 0.559491 0.275754 0.483731 0.267012 0.576003 0.378225 0.415741 0.371911 0.631852 0.486038 0.368148 0.498179 0.653706 0.433103 0.361834 0.628331 0.550750 0.625903 0.457506 0.623961 0.514327 0.813847 0.495386 0.812390 0.438566 0.959055 0.518212 1.000000 0.092139 0.029578 0.028589 0.010878 0.723234 0.099308 0.010513 0.124081
0.541046 0.285138 0.550195 0.270212 0.524676 0.267805 0.555972 0.275990 0.481343 0.267323 0.572824 0.377101 0.413935 0.373250 0.628676 0.484954 0.367712 0.501324 0.651306 0.431990 0.363379 0.632769 0.553084 0.625547 0.460157 0.624102 0.530935 0.813807 0.496750 0.813807 0.438972 0.944770 0.514083 1.000000 0.157594 0.034669 0.012039 0.002651 0.719370 0.099758 0.016867 0.097932
0.539132 0.285976 0.548735 0.271092 0.522807 0.268691 0.554496 0.276373 0.479114 0.268211 0.570821 0.376723 0.412374 0.373842 0.626518 0.484755 0.367720 0.502521 0.651005 0.430979 0.364840 0.636001 0.555457 0.624957 0.461348 0.624477 0.556417 0.812213 0.496399 0.813174 0.446944 0.926968 0.508883 1.000000 0.244136 0.039370 0.021309 0.002967 0.712466 0.099451 0.021413 0.056828
0.538413 0.284740 0.548077 0.269761 0.521985 0.267345 0.553875 0.274593 0.477049 0.267345 0.569821 0.376062 0.411818 0.374613 0.627803 0.483813 0.366882 0.506523 0.651479 0.430663 0.365915 0.639400 0.557258 0.623938 0.461103 0.625387 0.576585 0.806099 0.495410 0.815280 0.463519 0.908535 0.502174 1.000000 0.299336 0.046411 0.049766 0.004879 0.709465 0.102196 0.023399 0.023246
0.537433 0.286964 0.546494 0.271705 0.521220 0.269797 0.552216 0.276473 0.476396 0.270274 0.566522 0.376136 0.412974 0.374706 0.625652 0.482952 0.370057 0.505841 0.650448 0.430498 0.370057 0.639361 0.557938 0.622671 0.462567 0.626486 0.589887 0.796724 0.492609 0.819613 0.490701 0.902110 0.499285 1.000000 0.298143 0.038639 0.068864 0.012783 0.698505 0.100677 0.026137 0.008664
0.536896 0.287727 0.545884 0.272590 0.520813 0.271171 0.551087 0.276847 0.475402 0.271171 0.565278 0.375711 0.412962 0.375238 0.623461 0.481197 0.372754 0.508160 0.648532 0.431529 0.374647 0.637771 0.558656 0.622160 0.463104 0.626891 0.601229 0.791506 0.491012 0.820361 0.501419 0.908345 0.492431 1.000000 0.303429 0.043313 0.086949 0.017000 0.690763 0.098147 0.027740 0.032794
0.536723 0.287899 0.545669 0.272833 0.520716 0.270949 0.551319 0.277070 0.475047 0.270479 0.564972 0.375941 0.413370 0.374999 0.623353 0.481403 0.373351 0.504944 0.648777 0.433380 0.378530 0.635830 0.559322 0.621705 0.462335 0.627355 0.606875 0.793552 0.486346 0.818976 0.518362 0.925851 0.483051 1.000000 0.273619 0.045100 0.093246 0.021324 0.684084 0.107685 0.027610 0.046250
0.536342 0.287325 0.545223 0.272368 0.519982 0.270498 0.550364 0.277042 0.475110 0.270498 0.565322 0.376602 0.413878 0.374265 0.622814 0.480836 0.376018 0.502337 0.650391 0.435029 0.384899 0.628072 0.559713 0.621996 0.461088 0.627137 0.606454 0.794473 0.478849 0.818311 0.536342 0.951525 0.475110 1.000000 0.217891 0.035792 0.091514 0.029260 0.667059 0.113939 0.026514 0.054750
0.536837 0.286648 0.545668 0.272239 0.521033 0.269450 0.548922 0.278746 0.476875 0.270844 0.567050 0.377288 0.412265 0.373569 0.622828 0.480942 0.376939 0.498141 0.649788 0.434461 0.390884 0.618994 0.560543 0.621783 0.460142 0.627360 0.602376 0.793765 0.472692 0.815147 0.554035 0.974580 0.469903 1.000000 0.159108 0.025980 0.084422 0.038108 0.675560 0.124524 0.026366 0.054710
0.537480 0.286848 0.546218 0.273511 0.521844 0.270292 0.549437 0.281329 0.477696 0.271672 0.567372 0.377903 0.413313 0.372844 0.622557 0.480455 0.378363 0.495171 0.649230 0.436307 0.399977 0.609221 0.560474 0.622097 0.458841 0.627156 0.593585 0.798689 0.465279 0.811566 0.576109 0.987239 0.462980 0.994597 0.088416 0.015107 0.067987 0.045279 0.669864 0.148203 0.024617 0.047889
0.539064 0.286179 0.547744 0.273386 0.523986 0.269731 0.550486 0.282067 0.480582 0.271101 0.568304 0.378469 0.415248 0.372073 0.624044 0.480354 0.379611 0.490862 0.650543 0.438778 0.406567 0.597773 0.559166 0.622445 0.457281 0.627014 0.586579 0.799716 0.458652 0.809310 0.591605 0.993434 0.454997 0.990236 0.040580 0.008824 0.060752 0.049620 0.660031 0.171393 0.020957 0.046443
0.541804 0.287696 0.550414 0.274101 0.526850 0.271383 0.553133 0.280899 0.483346 0.271383 0.569446 0.378781 0.418092 0.371530 0.625638 0.480288 0.382293 0.486632 0.652374 0.438597 0.415826 0.587233 0.556758 0.623032 0.455704 0.626657 0.580322 0.803388 0.453438 0.807014 0.603433 0.993261 0.447094 0.981932 0.002798 0.007541 0.057875 0.050590 0.657556 0.198399 0.015874 0.045352
0.546330 0.286020 0.554033 0.272427 0.531378 0.269709 0.556298 0.278771 0.486973 0.269709 0.571251 0.379360 0.421273 0.370751 0.626983 0.481762 0.383665 0.485840 0.656888 0.438264 0.422632 0.584618 0.554486 0.623585 0.452990 0.626303 0.574423 0.801202 0.450272 0.804827 0.610671 0.991507 0.441663 0.973836 0.024333 0.011354 0.057396 0.044153 0.649635 0.220138 0.009520 0.040427
0.549611 0.284643 0.557330 0.271928 0.534171 0.268749 0.560055 0.279648 0.490123 0.269203 0.573678 0.379550 0.423370 0.370468 0.628170 0.482177 0.384318 0.486718 0.660411 0.439491 0.425187 0.581625 0.552789 0.623856 0.450162 0.626127 0.571407 0.801409 0.445621 0.803226 0.605011 0.992586 0.433815 0.968973 0.022128 0.014476 0.060406 0.041396 0.638714 0.232594 0.003759 0.041416
0.551531 0.283136 0.559758 0.270339 0.535992 0.266683 0.562500 0.278566 0.490745 0.267140 0.574840 0.380485 0.424475 0.369516 0.629227 0.484689 0.384255 0.486517 0.662134 0.442642 0.424475 0.584780 0.551988 0.624542 0.448698 0.625457 0.567070 0.803701 0.440928 0.802330 0.593121 0.996570 0.424018 0.965492 0.016002 0.018899 0.056451 0.044010 0.635509 0.229054 0.000877 0.040707
0.552235 0.283076 0.560903 0.270303 0.536724 0.266197 0.563640 0.278514 0.492929 0.267565 0.575501 0.381160 0.425411 0.368842 0.627964 0.485630 0.385722 0.486998 0.661723 0.440466 0.422218 0.591925 0.550866 0.625227 0.448221 0.624771 0.561359 0.808620 0.435904 0.801777 0.580063 0.998856 0.414462 0.956886 0.013004 0.021610 0.050212 0.050410 0.647543 0.209703 0.001164 0.040307
0.554414 0.283255 0.563065 0.270050 0.538932 0.266863 0.565798 0.278246 0.495219 0.268684 0.576270 0.382065 0.426462 0.367950 0.626359 0.487250 0.386391 0.487250 0.660510 0.443992 0.415989 0.598355 0.549405 0.625220 0.447863 0.624765 0.554414 0.808269 0.432381 0.801895 0.568074 1.000000 0.405060 0.950793 0.013724 0.030012 0.043735 0.054216 0.645814 0.186016 0.003478 0.036459
