0.558501 0.288708 0.561254 0.274943 0.541983 0.272190 0.547489 0.280449 0.492429 0.277696 0.506194 0.374051 0.473158 0.376804 0.508947 0.508947 0.473158 0.511700 0.588784 0.525465 0.577772 0.525465 0.519959 0.621820 0.500688 0.627326 0.500688 0.817282 0.547489 0.820035 0.390568 0.987968 0.558501 1.000000 0.151099 0.059098 0.048947 0.040996 0.428564 0.458356 0.026319 0.107117
0.559817 0.285075 0.562600 0.271164 0.543124 0.271164 0.548689 0.279510 0.493044 0.276728 0.504173 0.374105 0.473569 0.376888 0.509738 0.507651 0.476351 0.513215 0.590422 0.524344 0.582075 0.527126 0.520867 0.621721 0.501391 0.627286 0.518084 0.813693 0.543124 0.819258 0.398450 0.969497 0.554253 1.000000 0.203827 0.052034 0.026040 0.032914 0.421804 0.451861 0.028377 0.072750
0.562334 0.284282 0.565135 0.270275 0.545525 0.270275 0.551128 0.275878 0.495097 0.275878 0.506303 0.373931 0.475487 0.376733 0.514708 0.505603 0.481090 0.514008 0.595952 0.522412 0.587548 0.525214 0.517510 0.623267 0.500700 0.626069 0.525914 0.805366 0.539922 0.819374 0.411052 0.959450 0.548326 1.000000 0.218586 0.051638 0.000370 0.031640 0.414769 0.453632 0.023206 0.049039
0.560592 0.288615 0.563347 0.272090 0.544067 0.272090 0.549576 0.280352 0.494492 0.277598 0.505508 0.373995 0.475212 0.376749 0.513771 0.506197 0.483475 0.511705 0.593643 0.519968 0.582626 0.525476 0.522034 0.621874 0.497246 0.627382 0.541313 0.809159 0.533050 0.822930 0.417374 0.955132 0.533050 1.000000 0.256725 0.057643 0.011463 0.029732 0.425785 0.436607 0.024572 0.024991
0.559878 0.288708 0.562631 0.274943 0.543360 0.274943 0.548866 0.280449 0.491053 0.280449 0.504818 0.374051 0.474535 0.376804 0.513077 0.506194 0.482794 0.508947 0.592914 0.522712 0.581902 0.528218 0.524089 0.621820 0.496559 0.627326 0.562631 0.809023 0.521336 0.822788 0.435993 0.957685 0.521336 1.000000 0.289221 0.040135 0.039924 0.012223 0.415191 0.419001 0.026319 0.024496
0.557601 0.289926 0.563022 0.276373 0.544048 0.273662 0.549469 0.281794 0.492546 0.281794 0.506099 0.373955 0.476282 0.376666 0.511520 0.504066 0.487124 0.506777 0.590129 0.517619 0.581997 0.520330 0.522363 0.623334 0.495256 0.626045 0.565733 0.802236 0.516941 0.826631 0.454597 0.959453 0.514231 1.000000 0.271574 0.038580 0.054975 0.010106 0.432398 0.428368 0.022452 0.041427
0.558231 0.288999 0.563711 0.275298 0.544529 0.272557 0.550010 0.280778 0.495205 0.280778 0.506166 0.373948 0.476023 0.376688 0.511646 0.505481 0.484243 0.508221 0.585633 0.521922 0.580153 0.521922 0.522607 0.623312 0.495205 0.626052 0.569192 0.801430 0.508906 0.817871 0.481503 0.985028 0.497945 1.000000 0.223258 0.039887 0.060469 0.001740 0.417140 0.434964 0.022698 0.058729
0.561690 0.287896 0.564463 0.274033 0.545055 0.271260 0.553373 0.279578 0.495148 0.279578 0.509011 0.373846 0.475740 0.376619 0.511784 0.506931 0.481285 0.509704 0.586644 0.526340 0.581099 0.523567 0.525647 0.623381 0.489603 0.626154 0.572781 0.806373 0.500693 0.823009 0.514556 1.000000 0.481285 1.000000 0.171783 0.047537 0.059055 0.000248 0.412623 0.442816 0.019428 0.062331
0.562072 0.288675 0.564862 0.274726 0.545334 0.271936 0.553703 0.280305 0.495118 0.280305 0.511857 0.372368 0.475589 0.377947 0.509067 0.506277 0.481169 0.509067 0.587180 0.525805 0.578811 0.528595 0.525805 0.623447 0.486749 0.626237 0.573232 0.807572 0.486749 0.824311 0.545334 1.000000 0.472800 1.000000 0.124173 0.020911 0.062579 0.014297 0.428651 0.423630 0.015991 0.080245
0.562786 0.287224 0.565577 0.273271 0.548834 0.273271 0.554415 0.278852 0.498605 0.278852 0.512557 0.373729 0.476281 0.376520 0.509767 0.504883 0.481862 0.510464 0.585111 0.524417 0.576739 0.529998 0.526510 0.622085 0.484652 0.627666 0.573949 0.809049 0.479071 0.828583 0.576739 1.000000 0.462328 1.000000 0.074675 0.015914 0.061232 0.019446 0.426025 0.422113 0.014217 0.087936
0.563480 0.289975 0.566181 0.273768 0.547272 0.273768 0.549974 0.281871 0.498649 0.281871 0.514857 0.373715 0.477039 0.376416 0.506753 0.503377 0.482442 0.503377 0.579688 0.522286 0.576987 0.524987 0.528363 0.622233 0.479740 0.627636 0.571584 0.808622 0.471637 0.824829 0.601298 0.992309 0.450026 1.000000 0.021480 0.021671 0.055247 0.016496 0.439122 0.414935 0.010320 0.085603
0.564514 0.290838 0.567231 0.274540 0.550932 0.274540 0.550932 0.282689 0.499321 0.279973 0.515619 0.375046 0.477590 0.375046 0.510186 0.505433 0.480306 0.505433 0.583529 0.527164 0.580813 0.524448 0.526485 0.622238 0.480306 0.627670 0.569947 0.815101 0.464008 0.828683 0.616126 0.997099 0.434128 1.000000 0.008542 0.021854 0.056571 0.029175 0.421564 0.433852 0.008647 0.096306
0.563157 0.290371 0.565845 0.276933 0.547032 0.276933 0.549720 0.284996 0.498656 0.282308 0.514782 0.373685 0.479843 0.376373 0.506719 0.505375 0.482531 0.505375 0.581970 0.524188 0.579283 0.524188 0.525532 0.623627 0.479843 0.626315 0.568533 0.809068 0.463718 0.819818 0.616908 0.989134 0.423405 1.000000 0.011014 0.038043 0.058847 0.026465 0.441485 0.432239 0.006844 0.098994
0.563139 0.290432 0.565826 0.276998 0.547019 0.274311 0.549705 0.282371 0.498657 0.282371 0.514777 0.373722 0.477162 0.376408 0.509404 0.508060 0.482536 0.502687 0.590007 0.521494 0.584633 0.521494 0.528211 0.623592 0.479849 0.626278 0.568513 0.811666 0.458355 0.819726 0.611501 0.991680 0.415367 1.000000 0.007423 0.035330 0.050096 0.038646 0.460157 0.428477 0.010265 0.102416
0.560792 0.290531 0.563435 0.277316 0.544933 0.277316 0.547576 0.285245 0.497357 0.282602 0.513216 0.375112 0.476212 0.375112 0.507929 0.504625 0.481498 0.501982 0.584580 0.520484 0.579294 0.517841 0.529074 0.623567 0.481498 0.626210 0.566078 0.808586 0.455067 0.819159 0.603082 0.985676 0.404847 1.000000 0.002737 0.041031 0.042543 0.050035 0.448044 0.435572 0.013465 0.106167
0.558149 0.293175 0.560792 0.277316 0.542290 0.277316 0.547576 0.285245 0.494714 0.282602 0.513216 0.375112 0.476212 0.375112 0.510573 0.507269 0.478855 0.501982 0.584580 0.520484 0.579294 0.520484 0.529074 0.623567 0.481498 0.626210 0.560792 0.805943 0.457710 0.816516 0.589867 0.985676 0.394275 1.000000 0.003759 0.065553 0.034520 0.046284 0.450117 0.435384 0.013465 0.094393
0.555828 0.289826 0.558455 0.276690 0.540065 0.276690 0.545319 0.284571 0.492775 0.281944 0.511165 0.373895 0.474385 0.376523 0.508538 0.505254 0.479639 0.500000 0.584727 0.515763 0.576845 0.518390 0.529556 0.623477 0.484894 0.626105 0.555828 0.802126 0.458622 0.812634 0.576845 0.980774 0.385061 0.993910 0.009201 0.078167 0.023065 0.057934 0.462736 0.426946 0.018408 0.091017
0.558015 0.287278 0.558015 0.273941 0.542011 0.273941 0.547346 0.281943 0.491331 0.279276 0.510003 0.375301 0.472660 0.375301 0.510003 0.503334 0.477994 0.500667 0.587356 0.519338 0.579354 0.519338 0.531341 0.623365 0.485996 0.626033 0.552680 0.812748 0.467325 0.815415 0.566017 0.994128 0.379302 0.999463 0.012352 0.110718 0.008400 0.048197 0.435059 0.428477 0.022093 0.066997
0.557942 0.289117 0.560637 0.272947 0.541772 0.272947 0.547162 0.281031 0.493262 0.278337 0.512127 0.375356 0.469008 0.375356 0.514822 0.507411 0.477093 0.502021 0.590282 0.523581 0.579502 0.520886 0.530992 0.623296 0.487873 0.625991 0.547162 0.809251 0.487873 0.811946 0.555247 1.000000 0.377378 0.992511 0.014168 0.174801 0.003437 0.023914 0.426312 0.421724 0.024043 0.027609
0.559551 0.286438 0.562289 0.272749 0.543123 0.270011 0.551337 0.280962 0.493840 0.275486 0.513005 0.376791 0.466460 0.374053 0.515743 0.505476 0.474674 0.502738 0.589669 0.530118 0.578717 0.519166 0.532171 0.623209 0.488364 0.625947 0.545861 0.814866 0.502053 0.817604 0.545861 1.000000 0.378845 1.000000 0.022698 0.210959 0.002011 0.004912 0.390812 0.429862 0.026175 0.000001
0.556153 0.286345 0.558892 0.269911 0.539718 0.269911 0.550674 0.278128 0.490413 0.275389 0.515065 0.376738 0.465760 0.373999 0.515065 0.508217 0.471239 0.500000 0.589023 0.530131 0.578066 0.516435 0.531500 0.623262 0.487674 0.626001 0.539718 0.823221 0.509587 0.820482 0.539718 1.000000 0.380847 0.990310 0.013073 0.242185 0.008114 0.008105 0.408309 0.437579 0.024437 0.022641
0.556861 0.283519 0.559601 0.269817 0.540419 0.269817 0.551380 0.278038 0.491094 0.275298 0.515757 0.376688 0.466432 0.373948 0.515757 0.508221 0.469172 0.497260 0.587004 0.530143 0.573302 0.516442 0.529458 0.623312 0.488354 0.626052 0.537679 0.823352 0.518497 0.817871 0.532198 1.000000 0.384224 0.982288 0.022038 0.267600 0.004590 0.022005 0.404985 0.434942 0.022698 0.036540
0.555337 0.285568 0.558104 0.268966 0.538736 0.268966 0.549804 0.277267 0.488933 0.274500 0.513834 0.376874 0.464031 0.374107 0.513834 0.506917 0.461264 0.501383 0.583006 0.531819 0.571939 0.517985 0.533202 0.623126 0.488933 0.625893 0.544270 0.825107 0.527669 0.819573 0.524902 1.000000 0.394859 0.982819 0.048706 0.280224 0.007559 0.031454 0.390006 0.459526 0.028220 0.045409
0.554672 0.285466 0.557440 0.271625 0.538063 0.268857 0.551903 0.279929 0.488235 0.274393 0.515917 0.376816 0.463322 0.374048 0.518685 0.506920 0.460553 0.501384 0.585122 0.526298 0.568512 0.517993 0.529758 0.623184 0.491003 0.625952 0.543599 0.822493 0.540831 0.816957 0.513149 1.000000 0.416262 0.985816 0.071684 0.283540 0.004204 0.046388 0.402894 0.458329 0.026465 0.059158
0.555388 0.283986 0.560927 0.267369 0.538772 0.267369 0.555388 0.275678 0.491692 0.272908 0.519386 0.378146 0.461228 0.372607 0.522155 0.505539 0.458459 0.502769 0.583082 0.530464 0.569235 0.516616 0.527694 0.624624 0.491692 0.624624 0.519386 0.815713 0.558158 0.810174 0.491692 1.000000 0.450151 0.995725 0.033330 0.277285 0.024556 0.071198 0.369476 0.467188 0.024708 0.123320
0.557088 0.284875 0.559873 0.268166 0.540379 0.268166 0.554303 0.276520 0.490253 0.276520 0.518101 0.376773 0.462405 0.373988 0.520886 0.507658 0.454051 0.504873 0.587721 0.527152 0.568227 0.518797 0.526456 0.624619 0.493038 0.624619 0.515316 0.813985 0.571012 0.808416 0.479114 1.000000 0.473544 1.000000 0.041425 0.273500 0.029428 0.089003 0.402894 0.481663 0.024845 0.146418
0.556461 0.284483 0.561970 0.267958 0.539936 0.267958 0.553707 0.276221 0.493115 0.276221 0.517902 0.375372 0.462818 0.375372 0.520657 0.507574 0.454556 0.504820 0.586757 0.526854 0.567478 0.515837 0.523411 0.623251 0.495869 0.626005 0.512394 0.816045 0.570232 0.802274 0.490360 1.000000 0.495869 1.000000 0.018051 0.239840 0.025242 0.085342 0.403035 0.489333 0.024572 0.145245
0.560020 0.283792 0.562748 0.267424 0.543651 0.267424 0.554563 0.278336 0.494544 0.275608 0.519097 0.376550 0.467262 0.373822 0.521825 0.507502 0.459077 0.502046 0.587301 0.521143 0.568204 0.515687 0.516369 0.624814 0.497272 0.624814 0.508184 0.815786 0.573661 0.796688 0.494544 1.000000 0.524554 0.998573 0.009065 0.209077 0.010135 0.095246 0.427990 0.480707 0.017377 0.146758
0.563134 0.282766 0.565849 0.269189 0.546841 0.266473 0.554987 0.277335 0.497963 0.274620 0.522402 0.377806 0.468094 0.372375 0.522402 0.508146 0.459947 0.505431 0.584857 0.521723 0.568565 0.516293 0.511541 0.624910 0.497963 0.624910 0.492533 0.817705 0.582142 0.793266 0.478955 1.000000 0.571280 0.996923 0.008256 0.164544 0.017299 0.110108 0.431862 0.487739 0.012104 0.178865
0.563501 0.280820 0.566232 0.267163 0.547114 0.264432 0.555307 0.275357 0.497952 0.272626 0.522533 0.376412 0.470639 0.373681 0.522533 0.507511 0.456983 0.502048 0.585351 0.521167 0.568963 0.518436 0.508876 0.624953 0.497952 0.624953 0.487027 0.824332 0.577157 0.802483 0.467908 1.000000 0.604469 1.000000 0.002563 0.090823 0.017273 0.099115 0.431862 0.487482 0.008695 0.168324
0.562485 0.282660 0.567919 0.266360 0.548901 0.266360 0.554335 0.277227 0.500000 0.274510 0.524451 0.375030 0.470116 0.375030 0.524451 0.505433 0.459249 0.502717 0.586936 0.524451 0.573352 0.516300 0.508150 0.624970 0.497283 0.624970 0.483700 0.820576 0.578786 0.806993 0.453815 1.000000 0.630404 0.999882 0.011465 0.050774 0.018853 0.099542 0.405958 0.489309 0.006919 0.173589
0.561139 0.284684 0.563797 0.271393 0.545190 0.271393 0.553164 0.282026 0.497342 0.279368 0.521266 0.375064 0.470760 0.375064 0.521266 0.502658 0.457468 0.502658 0.582405 0.521266 0.569114 0.515949 0.507975 0.624936 0.500000 0.624936 0.473418 0.813670 0.574430 0.805695 0.441519 0.994429 0.640886 0.986454 0.002042 0.012191 0.040728 0.087254 0.405958 0.495322 0.010155 0.181978
0.560754 0.283311 0.566154 0.267110 0.544553 0.267110 0.552653 0.277910 0.495950 0.275210 0.520251 0.375117 0.468948 0.375117 0.525652 0.507425 0.458147 0.507425 0.587756 0.520926 0.571555 0.515526 0.509451 0.623533 0.501350 0.626233 0.468948 0.817946 0.574255 0.812546 0.425745 0.998858 0.641759 0.998858 0.009237 0.008079 0.051549 0.077879 0.418877 0.503229 0.013756 0.184105
0.560105 0.282953 0.565448 0.269596 0.546749 0.269596 0.552091 0.277610 0.495993 0.277610 0.517364 0.373779 0.471951 0.376450 0.525378 0.504675 0.461265 0.504675 0.586819 0.520703 0.573462 0.515360 0.506678 0.624886 0.504007 0.624886 0.469279 0.809209 0.573462 0.801195 0.421195 0.993533 0.624218 0.990861 0.017508 0.036221 0.050183 0.078606 0.399309 0.496241 0.013609 0.183172
0.560029 0.284839 0.562727 0.268652 0.543841 0.268652 0.549237 0.279444 0.492581 0.274048 0.514164 0.373871 0.470997 0.376569 0.524956 0.506070 0.460205 0.506070 0.587008 0.524956 0.570821 0.516862 0.508768 0.624780 0.506070 0.624780 0.465601 0.813635 0.568123 0.805541 0.408945 0.997095 0.613988 0.994397 0.023816 0.029423 0.064683 0.060576 0.380031 0.495508 0.018904 0.176786
0.558366 0.285321 0.561049 0.269220 0.542265 0.269220 0.550315 0.277271 0.493962 0.277271 0.512747 0.373876 0.472494 0.376560 0.523480 0.505367 0.464444 0.508050 0.587884 0.524151 0.574467 0.518784 0.510063 0.623440 0.504696 0.626124 0.464444 0.811284 0.566416 0.803234 0.400040 0.991077 0.606668 0.993761 0.033653 0.040463 0.072413 0.065890 0.383739 0.488507 0.018803 0.182573
0.561116 0.284452 0.563744 0.271309 0.542715 0.271309 0.550601 0.279195 0.495400 0.276566 0.511172 0.373826 0.476999 0.376454 0.521686 0.505257 0.469114 0.507886 0.590031 0.521029 0.579516 0.513143 0.503286 0.623546 0.508543 0.626174 0.469114 0.807550 0.566373 0.797035 0.398141 0.978411 0.595288 0.981040 0.066869 0.054269 0.048400 0.063888 0.402397 0.503930 0.015067 0.162332
0.557708 0.282434 0.560361 0.269168 0.541789 0.269168 0.547095 0.277128 0.491377 0.274475 0.509950 0.372645 0.472804 0.377951 0.517909 0.502653 0.467498 0.510613 0.589547 0.515919 0.576281 0.515919 0.509950 0.622049 0.507296 0.627355 0.475458 0.805122 0.563014 0.797163 0.395860 0.974930 0.584240 0.990849 0.080250 0.066177 0.059277 0.057178 0.422250 0.497211 0.021976 0.160199
0.553441 0.280825 0.556147 0.267295 0.537206 0.267295 0.545323 0.275413 0.485794 0.272707 0.507441 0.372824 0.469559 0.378236 0.515559 0.502706 0.466853 0.510823 0.594029 0.516235 0.580500 0.518941 0.520970 0.621764 0.502029 0.627176 0.483088 0.811175 0.556147 0.811175 0.388383 0.984350 0.572382 1.000000 0.096462 0.065300 0.080115 0.049767 0.425785 0.483797 0.029326 0.153886
0.551853 0.281528 0.554618 0.267700 0.535260 0.267700 0.546322 0.273231 0.485481 0.275997 0.510370 0.372788 0.466123 0.378319 0.515901 0.505531 0.468888 0.516593 0.593335 0.519358 0.582273 0.522124 0.526963 0.621681 0.496543 0.627212 0.496543 0.818029 0.549087 0.818029 0.388690 0.997785 0.560149 1.000000 0.123094 0.069010 0.070116 0.046818 0.430497 0.478120 0.029974 0.134457
0.552140 0.282404 0.554920 0.265719 0.535455 0.268500 0.546578 0.274061 0.482620 0.274061 0.507647 0.374170 0.468716 0.376950 0.515989 0.504866 0.479839 0.513209 0.593851 0.521551 0.582728 0.521551 0.524332 0.621659 0.499305 0.627221 0.515989 0.816314 0.549359 0.819095 0.396416 0.988723 0.552140 1.000000 0.179384 0.077198 0.035060 0.042515 0.412517 0.448320 0.030140 0.094861
0.553828 0.283289 0.553828 0.266512 0.534254 0.269308 0.545439 0.272104 0.483921 0.274901 0.509088 0.372770 0.467144 0.378362 0.520273 0.504194 0.483921 0.512583 0.598568 0.518176 0.587383 0.523768 0.525865 0.621638 0.497903 0.627230 0.523069 0.811784 0.539847 0.820172 0.402830 0.976763 0.545439 1.000000 0.195792 0.060181 0.026108 0.028994 0.416727 0.426138 0.030308 0.072818
0.552082 0.282646 0.554859 0.265979 0.535416 0.268757 0.543749 0.271535 0.485417 0.277090 0.502083 0.371532 0.471529 0.379865 0.518749 0.502083 0.488195 0.510416 0.596525 0.518749 0.588192 0.524305 0.527083 0.621524 0.499306 0.627079 0.543749 0.810407 0.540971 0.818740 0.413197 0.963180 0.535416 1.000000 0.253099 0.076094 0.003712 0.032522 0.392390 0.415655 0.033661 0.040124
0.553603 0.286275 0.553603 0.269782 0.537110 0.269782 0.539859 0.275280 0.484881 0.280778 0.498626 0.371490 0.476635 0.379737 0.512370 0.503436 0.490379 0.511683 0.594836 0.519929 0.589338 0.522678 0.523365 0.621638 0.501374 0.627135 0.564599 0.808561 0.528863 0.822305 0.432653 0.957000 0.528863 1.000000 0.300406 0.044539 0.037729 0.012814 0.404129 0.431739 0.031551 0.024569
0.551233 0.285506 0.553965 0.269112 0.534838 0.269112 0.540303 0.274577 0.485655 0.280042 0.496585 0.372943 0.477458 0.378408 0.510247 0.504099 0.493852 0.512296 0.592219 0.517761 0.589486 0.517761 0.523909 0.621592 0.502049 0.627057 0.567627 0.804663 0.523909 0.823790 0.452866 0.957678 0.515711 1.000000 0.279450 0.047949 0.039777 0.003845 0.414393 0.443047 0.033110 0.039394
0.551944 0.286755 0.554678 0.270351 0.535541 0.270351 0.541009 0.275819 0.486330 0.278553 0.497266 0.371506 0.478129 0.379708 0.508202 0.505468 0.491798 0.510936 0.590219 0.519137 0.587485 0.516403 0.524605 0.623026 0.500000 0.625760 0.573816 0.803465 0.519137 0.819868 0.475395 0.967499 0.510936 1.000000 0.256772 0.044179 0.050287 0.003062 0.421505 0.448792 0.031379 0.053469
0.550956 0.287345 0.553673 0.271039 0.534650 0.271039 0.540085 0.276475 0.485732 0.279192 0.496603 0.371592 0.477580 0.379745 0.510191 0.504756 0.488450 0.507473 0.589002 0.515626 0.580850 0.518344 0.526497 0.621614 0.499321 0.627049 0.575414 0.803695 0.510191 0.822719 0.499321 0.993930 0.491168 1.000000 0.204662 0.046901 0.045664 0.010246 0.424002 0.435698 0.032930 0.065878
0.552790 0.287487 0.555497 0.271244 0.536547 0.271244 0.541961 0.276658 0.487818 0.279365 0.501354 0.371409 0.476989 0.379531 0.509475 0.504061 0.487818 0.509475 0.587983 0.514889 0.582569 0.514889 0.528425 0.620469 0.493232 0.628591 0.577155 0.804557 0.498646 0.823507 0.536547 0.991352 0.482403 1.000000 0.150507 0.033917 0.047906 0.011890 0.436906 0.455366 0.027610 0.073530
0.553327 0.288693 0.555993 0.272695 0.537329 0.272695 0.545328 0.278028 0.489335 0.280694 0.505333 0.371349 0.476003 0.379348 0.507999 0.502000 0.486668 0.507332 0.582656 0.512665 0.582656 0.515331 0.529330 0.621985 0.489335 0.627317 0.577324 0.800629 0.489335 0.821960 0.566658 0.984606 0.473337 1.000000 0.101975 0.025752 0.053160 0.017097 0.448338 0.447071 0.023786 0.083543
0.557331 0.288886 0.560029 0.272699 0.541144 0.272699 0.543841 0.275397 0.492581 0.280793 0.506070 0.372522 0.479091 0.377918 0.508768 0.502023 0.487185 0.507419 0.587008 0.515513 0.584311 0.518211 0.527654 0.620733 0.487185 0.628826 0.576217 0.804192 0.484487 0.823078 0.592404 0.987652 0.465601 1.000000 0.054356 0.025600 0.054760 0.014685 0.439023 0.444908 0.018904 0.086790
