0.521964 0.288979 0.514155 0.279217 0.523917 0.277264 0.456234 0.285725 0.523266 0.283772 0.408075 0.382043 0.568822 0.369027 0.359265 0.508948 0.618282 0.491377 0.358614 0.580536 0.650822 0.590949 0.459488 0.628695 0.563616 0.620235 0.479663 0.815474 0.564266 0.773823 0.499837 1.000000 0.551901 0.918951 0.000922 0.028404 0.031164 0.007945 0.113981 0.021744 0.029458 0.032901
0.525411 0.289871 0.518244 0.279446 0.527366 0.278143 0.457648 0.285961 0.524108 0.284658 0.408781 0.381090 0.567763 0.370013 0.360565 0.505538 0.614675 0.491204 0.359914 0.575256 0.649208 0.591545 0.460255 0.628684 0.563202 0.620213 0.477847 0.816985 0.561899 0.768118 0.501955 1.000000 0.546913 0.910811 0.009799 0.030503 0.035593 0.002995 0.114681 0.012056 0.029910 0.032457
0.528227 0.289685 0.521048 0.279243 0.530185 0.277938 0.460352 0.285117 0.526269 0.284464 0.410098 0.381056 0.567386 0.369961 0.363108 0.503753 0.612418 0.489395 0.366371 0.576196 0.647008 0.589902 0.460352 0.628408 0.562164 0.620576 0.479279 0.816370 0.560859 0.771990 0.503426 1.000000 0.545196 0.914266 0.007246 0.032159 0.031857 0.003886 0.130750 0.009264 0.028708 0.034688
0.533211 0.290202 0.526731 0.279834 0.534507 0.278538 0.463873 0.285018 0.528027 0.285666 0.412031 0.380278 0.567557 0.370557 0.366669 0.501458 0.609678 0.489146 0.369909 0.570149 0.645319 0.588293 0.460633 0.628471 0.559780 0.620694 0.481369 0.818342 0.557188 0.764556 0.505994 1.000000 0.535155 0.877960 0.005880 0.055347 0.026926 0.004157 0.129017 0.001206 0.026019 0.040362
0.535537 0.290543 0.528987 0.280062 0.537502 0.278752 0.465445 0.283992 0.530297 0.285303 0.412385 0.379632 0.568290 0.371116 0.367841 0.501474 0.609560 0.492303 0.372426 0.568946 0.644933 0.590563 0.460205 0.629211 0.559120 0.620041 0.482477 0.820490 0.559775 0.745813 0.508025 1.000000 0.532917 0.856519 0.004801 0.077417 0.023361 0.013380 0.133166 0.005517 0.024629 0.035239
0.537979 0.290541 0.532060 0.279361 0.539952 0.278046 0.466954 0.283307 0.531402 0.285280 0.412369 0.379323 0.568230 0.371431 0.368307 0.499014 0.607031 0.491779 0.374226 0.566751 0.643859 0.591083 0.460377 0.628569 0.559023 0.620677 0.482079 0.821916 0.559681 0.744971 0.508385 1.000000 0.535348 0.855455 0.007034 0.070686 0.024989 0.013436 0.140022 0.013769 0.024726 0.033896
0.541454 0.290086 0.534848 0.278855 0.542776 0.277534 0.468785 0.282819 0.533527 0.284801 0.413293 0.378610 0.569201 0.372004 0.371013 0.498183 0.606196 0.491577 0.376958 0.566888 0.642530 0.591992 0.459537 0.628327 0.557970 0.621060 0.482659 0.823211 0.557970 0.747239 0.511065 1.000000 0.530224 0.850958 0.008330 0.083205 0.020696 0.014344 0.135662 0.015003 0.022308 0.037590
0.544620 0.290338 0.538648 0.279722 0.545946 0.277732 0.470972 0.282376 0.535331 0.285694 0.414576 0.378582 0.569168 0.371947 0.372776 0.500663 0.604997 0.491375 0.381402 0.567012 0.642152 0.593552 0.459030 0.628053 0.557226 0.621418 0.482915 0.825108 0.551254 0.764731 0.515426 1.000000 0.521397 0.851648 0.013479 0.092068 0.017735 0.001973 0.146154 0.018244 0.020712 0.051651
0.547619 0.290309 0.541604 0.279616 0.548287 0.278279 0.472765 0.282289 0.536926 0.284962 0.416625 0.377861 0.569674 0.372514 0.375188 0.500835 0.605096 0.492147 0.381871 0.566333 0.642523 0.595739 0.458730 0.627820 0.554971 0.621805 0.484795 0.826984 0.546282 0.772849 0.516207 1.000000 0.516207 0.868421 0.008207 0.078755 0.011698 0.000454 0.135822 0.018727 0.017453 0.059712
0.550339 0.290365 0.544934 0.278878 0.551015 0.277527 0.474661 0.281581 0.539528 0.284284 0.416551 0.377530 0.570610 0.372800 0.374658 0.500507 0.604395 0.493074 0.381415 0.565374 0.642910 0.597131 0.457769 0.627538 0.555069 0.622132 0.484121 0.828896 0.548312 0.774164 0.518582 1.000000 0.517230 0.863356 0.012003 0.092599 0.010587 0.005675 0.137549 0.025673 0.016354 0.055560
0.551921 0.291812 0.545872 0.280387 0.552593 0.278370 0.475972 0.283075 0.539823 0.285091 0.418842 0.377843 0.568724 0.372466 0.377171 0.498824 0.603002 0.492775 0.381876 0.562003 0.640640 0.596280 0.459169 0.627198 0.553265 0.622493 0.484709 0.829504 0.539823 0.795226 0.516299 1.000000 0.509578 0.914191 0.009170 0.054526 0.011063 0.005067 0.129249 0.022667 0.015838 0.064695
0.552965 0.291995 0.547601 0.280598 0.553635 0.279257 0.477875 0.283279 0.540227 0.285961 0.420217 0.377141 0.568385 0.373119 0.378650 0.497151 0.602578 0.493128 0.382672 0.560172 0.639452 0.595035 0.459103 0.627217 0.552295 0.622523 0.486591 0.830361 0.537545 0.807566 0.516091 1.000000 0.515420 0.955063 0.003091 0.022074 0.006292 0.004811 0.126426 0.022162 0.014517 0.068131
0.554452 0.293453 0.549746 0.281353 0.554452 0.280008 0.479160 0.283369 0.538990 0.285386 0.420675 0.376811 0.567897 0.373450 0.378996 0.494454 0.600837 0.492437 0.383030 0.560334 0.637810 0.595963 0.459665 0.626886 0.551763 0.622853 0.486555 0.829904 0.535629 0.798981 0.516806 1.000000 0.516806 0.907212 0.005166 0.025733 0.007316 0.008516 0.127845 0.023221 0.014556 0.070993
0.554865 0.294046 0.549529 0.282706 0.554865 0.280705 0.480155 0.284040 0.539523 0.286709 0.422788 0.376094 0.567540 0.374093 0.380764 0.488827 0.598891 0.491495 0.383432 0.557534 0.633578 0.593555 0.459476 0.626240 0.550196 0.623572 0.483490 0.826358 0.528850 0.794339 0.517510 1.000000 0.515509 0.877721 0.016658 0.010918 0.008340 0.017490 0.125936 0.021220 0.012318 0.077599
0.555976 0.293799 0.551255 0.282334 0.556650 0.280311 0.481791 0.283683 0.541813 0.286381 0.423117 0.375403 0.568790 0.374728 0.381304 0.488704 0.599813 0.492750 0.382653 0.561540 0.634882 0.595935 0.458861 0.626283 0.549232 0.623586 0.483814 0.827932 0.524953 0.793537 0.518209 1.000000 0.512814 0.887280 0.015666 0.004176 0.005857 0.020202 0.118430 0.022466 0.010306 0.084358
0.558081 0.295109 0.553339 0.282917 0.558081 0.280885 0.483575 0.284271 0.542502 0.286981 0.424647 0.374356 0.569595 0.375710 0.381976 0.485437 0.599398 0.492888 0.381298 0.562653 0.634619 0.596519 0.458514 0.626321 0.547244 0.623612 0.483575 0.827488 0.524892 0.790235 0.516764 1.000000 0.514055 0.889124 0.012768 0.007702 0.003077 0.013824 0.113953 0.025008 0.007332 0.081898
0.559360 0.295884 0.555195 0.283387 0.560055 0.281304 0.483685 0.283387 0.544086 0.286164 0.423283 0.374337 0.571163 0.375725 0.380932 0.485420 0.600322 0.495834 0.377461 0.567344 0.636425 0.601364 0.456608 0.627052 0.548946 0.622886 0.480907 0.829085 0.535755 0.768684 0.514927 1.000000 0.516315 0.882544 0.014467 0.025105 0.003633 0.000205 0.102461 0.029112 0.007072 0.066823
0.560900 0.293576 0.556652 0.280829 0.560900 0.278705 0.484421 0.281537 0.545321 0.284370 0.422812 0.373596 0.573647 0.376429 0.380324 0.486191 0.603389 0.498938 0.376075 0.569044 0.638088 0.604451 0.454679 0.626404 0.548862 0.623571 0.476631 0.828933 0.540364 0.768033 0.511330 1.000000 0.516995 0.891250 0.018912 0.040958 0.005545 0.013113 0.098549 0.025322 0.004508 0.053071
0.563488 0.292991 0.559171 0.280042 0.563488 0.278603 0.485792 0.280761 0.547661 0.283639 0.423203 0.373564 0.574998 0.376442 0.382197 0.487231 0.605932 0.500180 0.375723 0.572840 0.641183 0.607371 0.453418 0.626076 0.548380 0.623918 0.476439 0.823913 0.536870 0.777871 0.508093 1.000000 0.518165 0.909522 0.013627 0.021169 0.001033 0.010351 0.086180 0.023154 0.002291 0.060628
0.563320 0.291064 0.558940 0.278656 0.563320 0.276466 0.485219 0.279385 0.547262 0.282305 0.422447 0.372814 0.575728 0.377193 0.381572 0.489599 0.607844 0.504927 0.373544 0.576458 0.642879 0.610034 0.452374 0.626092 0.549451 0.623902 0.471351 0.827546 0.542882 0.774993 0.502007 1.000000 0.519525 0.905646 0.017001 0.042479 0.007539 0.019944 0.077827 0.024009 0.002323 0.043728
0.564245 0.288487 0.559091 0.275969 0.563509 0.274496 0.484721 0.278915 0.546573 0.281860 0.421396 0.373166 0.576027 0.376847 0.381634 0.488771 0.608426 0.503498 0.372798 0.577131 0.643770 0.608794 0.453058 0.625730 0.549519 0.624257 0.470731 0.823805 0.544364 0.778152 0.497239 1.000000 0.521538 0.912165 0.012522 0.043045 0.011373 0.023318 0.073722 0.023365 0.003281 0.038982
0.562771 0.289967 0.558353 0.277450 0.562034 0.275977 0.483985 0.279659 0.545099 0.282604 0.421399 0.373170 0.575288 0.376852 0.382374 0.488771 0.609158 0.503497 0.372066 0.577129 0.643029 0.608054 0.453060 0.625725 0.550253 0.624253 0.466314 0.823057 0.542154 0.776669 0.493557 1.000000 0.522273 0.915096 0.021072 0.028505 0.018350 0.015202 0.066662 0.016536 0.004218 0.038246
0.561738 0.289494 0.557275 0.276849 0.560995 0.274617 0.482892 0.279080 0.543143 0.281312 0.418922 0.373548 0.575128 0.376523 0.379498 0.490330 0.609344 0.502232 0.371316 0.578103 0.642817 0.606369 0.453882 0.625708 0.552069 0.624221 0.462064 0.819106 0.541655 0.777451 0.488842 1.000000 0.523059 0.920268 0.028579 0.019615 0.030393 0.007948 0.074044 0.014403 0.007577 0.035058
0.559859 0.287502 0.555369 0.274782 0.559859 0.273286 0.480546 0.277027 0.542649 0.280020 0.418443 0.373549 0.574823 0.376542 0.378038 0.488028 0.610738 0.502245 0.370556 0.578564 0.643660 0.604752 0.453610 0.625703 0.553124 0.624206 0.459596 0.809768 0.541901 0.778342 0.488028 0.999070 0.520950 0.923499 0.037107 0.022489 0.033761 0.004681 0.081753 0.010333 0.008576 0.033485
0.557896 0.288024 0.553414 0.275325 0.557896 0.273830 0.479456 0.277566 0.540714 0.280554 0.418198 0.373935 0.574332 0.376176 0.377857 0.489728 0.610190 0.499440 0.369640 0.580121 0.643060 0.600291 0.454056 0.625691 0.553414 0.624197 0.454803 0.807225 0.539967 0.779584 0.485433 0.995481 0.518303 0.926753 0.050029 0.019046 0.043725 0.000691 0.077851 0.010177 0.009513 0.028787
0.558474 0.284008 0.553903 0.271818 0.557712 0.270294 0.479239 0.275628 0.540189 0.278675 0.417527 0.373910 0.575235 0.376195 0.376386 0.492762 0.613329 0.501143 0.366481 0.586473 0.646090 0.603234 0.453335 0.625329 0.553903 0.624567 0.451811 0.805131 0.540951 0.784561 0.482286 0.987219 0.515809 0.940745 0.055482 0.025092 0.047730 0.001560 0.072557 0.004644 0.009217 0.023014
0.559251 0.280790 0.553776 0.268274 0.556123 0.266710 0.478685 0.274532 0.538132 0.276096 0.416892 0.374653 0.576460 0.375435 0.373871 0.499022 0.619480 0.505280 0.361356 0.593668 0.649204 0.605401 0.452091 0.624956 0.554558 0.624956 0.449744 0.797039 0.543607 0.791564 0.474774 0.965993 0.518577 0.954260 0.051157 0.027698 0.048811 0.006976 0.064158 0.009980 0.008466 0.016551
0.556191 0.281220 0.550785 0.268862 0.553874 0.267317 0.475090 0.273496 0.536882 0.275814 0.416389 0.374680 0.575501 0.375452 0.374680 0.497490 0.617210 0.500579 0.361549 0.591721 0.648106 0.600218 0.452691 0.624934 0.555419 0.624934 0.447284 0.792543 0.541516 0.786364 0.477408 0.962469 0.516027 0.947794 0.066112 0.022501 0.056119 0.001773 0.060144 0.006709 0.010328 0.017082
0.556100 0.279327 0.550608 0.267557 0.553746 0.265988 0.475285 0.273050 0.537269 0.273834 0.415654 0.375050 0.577285 0.375050 0.373284 0.501373 0.621223 0.502942 0.359161 0.597881 0.650254 0.599450 0.451746 0.624558 0.555315 0.625342 0.447823 0.789327 0.542762 0.791681 0.474500 0.952527 0.518438 0.958020 0.059153 0.022240 0.053305 0.003891 0.056756 0.012325 0.008992 0.016401
0.556357 0.279714 0.550820 0.267059 0.553984 0.265477 0.474887 0.272596 0.538164 0.272596 0.416355 0.375422 0.578504 0.374631 0.374433 0.502768 0.624380 0.503559 0.358614 0.600849 0.652855 0.596894 0.450366 0.623787 0.554775 0.626160 0.447994 0.785936 0.544492 0.793846 0.471723 0.947295 0.520763 0.965487 0.051135 0.024234 0.047979 0.010446 0.050327 0.014560 0.006546 0.014837
0.555768 0.279535 0.550151 0.266697 0.552558 0.265092 0.473921 0.271511 0.535708 0.272313 0.415345 0.375023 0.579841 0.375023 0.372014 0.505818 0.627183 0.504213 0.355163 0.604515 0.654466 0.595689 0.449046 0.623773 0.555768 0.626180 0.447442 0.785059 0.543732 0.798701 0.470712 0.944741 0.520462 0.976838 0.049230 0.019175 0.046032 0.008244 0.048004 0.019549 0.006130 0.019005
0.555324 0.279310 0.549670 0.266388 0.552093 0.264772 0.473751 0.272041 0.535133 0.272041 0.415601 0.375420 0.580361 0.374612 0.372795 0.507067 0.628012 0.501413 0.354219 0.607215 0.656280 0.593485 0.448714 0.623368 0.555324 0.626599 0.449522 0.782475 0.544825 0.800244 0.468906 0.942390 0.522210 0.982772 0.036780 0.020014 0.040644 0.012300 0.041689 0.019603 0.005141 0.020839
0.554875 0.278669 0.549185 0.265662 0.551624 0.264036 0.472766 0.271352 0.535364 0.271352 0.416671 0.375412 0.580890 0.374599 0.373583 0.507926 0.630482 0.502236 0.353259 0.610361 0.657310 0.593288 0.447563 0.623368 0.554875 0.626620 0.450815 0.781897 0.545120 0.803847 0.465449 0.940426 0.522357 0.989204 0.022771 0.021392 0.032926 0.015238 0.037720 0.026753 0.003107 0.024033
0.553311 0.275651 0.546849 0.264343 0.550080 0.261919 0.471729 0.272420 0.533925 0.271612 0.417611 0.375810 0.580774 0.374195 0.373993 0.509087 0.630046 0.501010 0.352992 0.610054 0.655893 0.589861 0.447497 0.622978 0.554118 0.627017 0.451536 0.776448 0.544426 0.803104 0.461229 0.930726 0.521809 0.988883 0.011598 0.021057 0.029928 0.015933 0.035399 0.027848 0.002058 0.025879
0.551898 0.274841 0.546243 0.264340 0.549474 0.261917 0.471123 0.273226 0.533319 0.272418 0.417812 0.375809 0.580976 0.374194 0.375001 0.509087 0.629441 0.497779 0.352385 0.611671 0.656097 0.585015 0.447699 0.622979 0.553513 0.627018 0.451737 0.773220 0.544628 0.803914 0.456584 0.927499 0.523627 0.991311 0.001447 0.019550 0.029748 0.018467 0.029858 0.024567 0.001542 0.024530
0.550282 0.275259 0.543768 0.263859 0.548653 0.262230 0.468854 0.272816 0.533996 0.271188 0.415926 0.377044 0.581224 0.372972 0.373583 0.510586 0.628453 0.494300 0.349969 0.613999 0.656952 0.580614 0.447683 0.622956 0.555167 0.627028 0.450125 0.775226 0.544582 0.806983 0.451754 0.933197 0.524225 0.998339 0.001827 0.015034 0.035774 0.013831 0.026276 0.016647 0.003630 0.023809
0.547042 0.277268 0.540497 0.264996 0.546224 0.263360 0.466048 0.272359 0.533134 0.270723 0.414507 0.377896 0.579766 0.372169 0.372783 0.512067 0.628035 0.492432 0.348240 0.615968 0.655851 0.579153 0.448868 0.623331 0.556859 0.626603 0.449686 0.774682 0.544587 0.809043 0.447232 0.931761 0.524134 1.000000 0.006694 0.012074 0.042555 0.007203 0.022131 0.022693 0.007293 0.023099
0.544951 0.277718 0.538353 0.266171 0.544951 0.263696 0.464121 0.271944 0.532579 0.271119 0.413809 0.378343 0.579593 0.371744 0.372569 0.515259 0.628256 0.490515 0.346176 0.618358 0.656299 0.579593 0.449275 0.623307 0.557323 0.626606 0.448450 0.779193 0.544127 0.813010 0.444326 0.939203 0.524331 1.000000 0.006517 0.009492 0.047451 0.005245 0.013352 0.026696 0.008402 0.020813
0.542473 0.277019 0.535122 0.265584 0.541656 0.263951 0.463245 0.272935 0.531854 0.270485 0.415055 0.378300 0.579228 0.371766 0.375033 0.513885 0.627418 0.488565 0.348079 0.615983 0.654371 0.574327 0.449360 0.623334 0.556358 0.626601 0.450176 0.771171 0.544106 0.808743 0.443642 0.927176 0.525320 1.000000 0.015083 0.009034 0.042517 0.007111 0.009205 0.027629 0.007280 0.023138
0.539809 0.276537 0.532422 0.265046 0.539809 0.263404 0.461833 0.273254 0.530780 0.271612 0.415047 0.378316 0.579207 0.371750 0.375649 0.512928 0.627635 0.485841 0.346100 0.617169 0.653900 0.572025 0.449521 0.622915 0.556225 0.627019 0.450342 0.769838 0.543913 0.810878 0.442134 0.922507 0.525855 1.000000 0.018875 0.007813 0.042791 0.007298 0.002708 0.033612 0.007316 0.023062
0.536052 0.278218 0.529571 0.267685 0.536862 0.265255 0.460707 0.274167 0.529571 0.272546 0.416148 0.378678 0.578181 0.371386 0.376450 0.512355 0.625981 0.483999 0.347284 0.615246 0.650285 0.567446 0.450175 0.623348 0.555496 0.626588 0.450985 0.765126 0.542534 0.808065 0.442883 0.907715 0.525520 1.000000 0.019885 0.005198 0.042167 0.005522 0.003964 0.037558 0.007221 0.024516
0.534195 0.277730 0.526868 0.267145 0.534195 0.264703 0.460105 0.273659 0.529310 0.272031 0.416140 0.378688 0.578975 0.371360 0.377059 0.512213 0.627012 0.484531 0.346121 0.616427 0.650623 0.565134 0.449521 0.622941 0.555364 0.627012 0.451964 0.761351 0.543151 0.810201 0.444636 0.906274 0.526868 1.000000 0.021698 0.005165 0.037618 0.008126 0.001228 0.037069 0.006220 0.026806
0.528043 0.281546 0.522353 0.270166 0.529669 0.268540 0.460577 0.275043 0.528856 0.272604 0.416683 0.379088 0.578440 0.370960 0.379291 0.513209 0.627212 0.483133 0.347590 0.614816 0.649159 0.563606 0.450010 0.622944 0.554868 0.627008 0.452448 0.753001 0.544300 0.810713 0.446758 0.901753 0.529669 1.000000 0.018138 0.005738 0.037267 0.010932 0.009722 0.045797 0.006210 0.024257
0.524018 0.281801 0.517505 0.270402 0.525647 0.268774 0.458884 0.276101 0.527275 0.273659 0.416547 0.379502 0.578568 0.370546 0.380723 0.513027 0.629047 0.483716 0.346528 0.616427 0.647773 0.561063 0.449928 0.622941 0.554957 0.627012 0.453185 0.745067 0.544373 0.812644 0.449114 0.890805 0.531346 1.000000 0.017376 0.003148 0.034891 0.011092 0.018229 0.057940 0.006220 0.026616
0.516132 0.282320 0.510414 0.270885 0.518582 0.270068 0.457322 0.277420 0.526751 0.274969 0.416481 0.379521 0.578209 0.370536 0.381358 0.512661 0.629668 0.484072 0.346236 0.616395 0.646821 0.559219 0.449970 0.622930 0.555339 0.627014 0.452421 0.742184 0.544720 0.811613 0.449154 0.885942 0.531651 1.000000 0.013773 0.002899 0.036981 0.010020 0.021816 0.064021 0.006761 0.024829
0.513521 0.282025 0.506965 0.271372 0.515979 0.269733 0.453701 0.279566 0.523355 0.275469 0.415186 0.379540 0.579078 0.370526 0.379130 0.511472 0.630703 0.484430 0.346352 0.616363 0.646273 0.558181 0.448784 0.622918 0.556952 0.627016 0.453701 0.741740 0.543841 0.813852 0.447965 0.880228 0.529091 1.000000 0.026341 0.001049 0.030502 0.005090 0.011493 0.069228 0.007304 0.035465
0.515085 0.283312 0.507746 0.272712 0.517531 0.271897 0.453115 0.280050 0.521608 0.276789 0.415608 0.379527 0.577869 0.370558 0.380546 0.511619 0.630054 0.482265 0.347931 0.615173 0.643915 0.556465 0.449854 0.622511 0.556669 0.627404 0.454746 0.740742 0.544438 0.810865 0.449854 0.877726 0.529761 1.000000 0.024527 0.002059 0.031405 0.005026 0.014539 0.080323 0.008307 0.034353
0.494089 0.287011 0.484306 0.272336 0.497350 0.273151 0.450065 0.278043 0.522624 0.278043 0.414193 0.380767 0.578062 0.369353 0.382397 0.512025 0.630239 0.477784 0.344895 0.613934 0.640838 0.550343 0.451695 0.624532 0.556050 0.625348 0.453326 0.747638 0.546267 0.807153 0.452511 0.878896 0.530776 1.000000 0.006193 0.008245 0.044374 0.010191 0.036593 0.096593 0.009863 0.021328
0.500821 0.284394 0.494256 0.273726 0.504103 0.272906 0.450765 0.281111 0.521335 0.277009 0.414660 0.380401 0.577134 0.369734 0.379375 0.513334 0.630472 0.480511 0.349014 0.616727 0.642780 0.554363 0.450765 0.623291 0.557440 0.626574 0.456510 0.747198 0.546773 0.812024 0.454048 0.885876 0.532002 1.000000 0.020396 0.004866 0.032227 0.006070 0.008331 0.090265 0.010450 0.033035
0.482395 0.288532 0.474110 0.273619 0.485709 0.274448 0.446770 0.280247 0.520505 0.278590 0.411974 0.381321 0.577670 0.368894 0.377178 0.514705 0.630692 0.481566 0.344868 0.616608 0.641462 0.551158 0.453398 0.624893 0.556958 0.624893 0.456712 0.753306 0.548673 0.812128 0.455055 0.894976 0.532932 1.000000 0.011935 0.010865 0.045409 0.011622 0.016509 0.091132 0.013189 0.022288
