0.422707 0.320781 0.432899 0.300396 0.415912 0.307191 0.480464 0.293601 0.456682 0.307191 0.514439 0.375141 0.497452 0.375141 0.473669 0.490657 0.507644 0.504247 0.358154 0.538222 0.453284 0.545017 0.514439 0.623160 0.473669 0.626557 0.514439 0.810023 0.439694 0.803228 0.667327 0.939128 0.446489 0.976501 0.276782 0.072951 0.000001 0.030454 0.267666 0.320245 0.015146 0.060475
0.422250 0.317419 0.429239 0.299947 0.415262 0.306936 0.478160 0.289464 0.453700 0.306936 0.513104 0.373329 0.495632 0.376824 0.481655 0.492138 0.502621 0.506115 0.376824 0.544553 0.443217 0.548048 0.513104 0.624924 0.478160 0.624924 0.495632 0.820608 0.443217 0.813619 0.659867 0.942911 0.460688 0.998821 0.324599 0.088227 0.028345 0.035907 0.270047 0.321536 0.011125 0.029941
0.418185 0.315255 0.428741 0.294142 0.411147 0.304698 0.478007 0.287104 0.446336 0.304698 0.516715 0.371558 0.492082 0.378596 0.492082 0.491203 0.488563 0.508797 0.393552 0.543987 0.418185 0.554544 0.513196 0.624923 0.478007 0.624923 0.474488 0.818465 0.449855 0.818465 0.636359 0.941628 0.474488 1.000000 0.355797 0.087776 0.058412 0.027808 0.278821 0.307933 0.011203 0.016856
0.417891 0.312576 0.428601 0.291157 0.410751 0.298297 0.475010 0.284017 0.442880 0.305437 0.514280 0.369696 0.492860 0.380406 0.503570 0.491075 0.492860 0.512495 0.403611 0.533915 0.421461 0.555335 0.510710 0.626734 0.482150 0.623164 0.460730 0.815943 0.453590 0.819512 0.617809 0.937322 0.485720 1.000000 0.372792 0.098546 0.077783 0.031943 0.343105 0.327979 0.009092 0.036227
0.419425 0.313173 0.430051 0.291923 0.412342 0.302548 0.476093 0.288381 0.440676 0.309632 0.518594 0.369841 0.493802 0.380466 0.515052 0.490260 0.497344 0.511511 0.430051 0.529219 0.437134 0.557553 0.504427 0.624846 0.483177 0.624846 0.444218 0.812558 0.476093 0.819642 0.582345 0.947144 0.500885 1.000000 0.352933 0.051865 0.081134 0.002259 0.353843 0.300793 0.015789 0.087230
0.420245 0.313019 0.427334 0.291750 0.413155 0.298840 0.476960 0.284661 0.441513 0.305929 0.515951 0.369733 0.491138 0.380367 0.526585 0.486707 0.487594 0.507976 0.437968 0.532788 0.430879 0.557601 0.501772 0.624950 0.491138 0.624950 0.423790 0.805728 0.491138 0.816362 0.537219 0.975872 0.526585 0.990051 0.316801 0.064081 0.111968 0.000001 0.376222 0.262350 0.009028 0.129634
0.413970 0.309828 0.424837 0.288094 0.410347 0.295338 0.475549 0.280849 0.439326 0.302583 0.515395 0.367785 0.490039 0.382274 0.529884 0.490944 0.482794 0.505433 0.435704 0.541657 0.424837 0.556146 0.497283 0.624970 0.497283 0.624970 0.417592 0.809709 0.497283 0.820576 0.500906 1.000000 0.540751 1.000000 0.259961 0.072192 0.107254 0.009500 0.380050 0.252487 0.006919 0.129634
0.413705 0.310330 0.424492 0.292352 0.406514 0.299543 0.471235 0.281565 0.435279 0.303139 0.514383 0.367860 0.492809 0.382243 0.532361 0.486516 0.489213 0.504495 0.435279 0.536855 0.431683 0.551238 0.492809 0.623150 0.500000 0.626746 0.413705 0.810123 0.510787 0.820910 0.453257 1.000000 0.550339 1.000000 0.190233 0.046300 0.100565 0.008307 0.395600 0.273453 0.009157 0.145066
0.411907 0.308532 0.422694 0.290554 0.404716 0.297746 0.476628 0.279767 0.437076 0.301341 0.519776 0.369658 0.487415 0.380445 0.534159 0.484719 0.487415 0.509888 0.437076 0.527866 0.429885 0.542249 0.494607 0.624948 0.498202 0.624948 0.415503 0.808326 0.523372 0.819113 0.404716 1.000000 0.577306 1.000000 0.112896 0.045211 0.098352 0.027000 0.406458 0.336901 0.009157 0.170667
0.413464 0.313816 0.423953 0.296334 0.406471 0.303326 0.472903 0.285844 0.437939 0.306823 0.514860 0.369758 0.486888 0.380248 0.528845 0.481644 0.490385 0.509615 0.430946 0.523601 0.427449 0.541083 0.497378 0.624997 0.500874 0.624997 0.416960 0.803314 0.535838 0.813804 0.371507 0.995617 0.584788 0.995617 0.060977 0.025428 0.113090 0.040117 0.410702 0.361017 0.002225 0.193144
0.412587 0.313811 0.423077 0.296329 0.405594 0.303322 0.472028 0.289336 0.437063 0.306818 0.513986 0.369755 0.486014 0.380245 0.524476 0.485140 0.486014 0.509615 0.419580 0.523601 0.423077 0.541084 0.500000 0.625000 0.500000 0.625000 0.423077 0.806818 0.541958 0.813811 0.353147 0.992133 0.597902 0.992133 0.012542 0.027162 0.109976 0.051435 0.416990 0.352416 0.000005 0.197005
0.412236 0.312948 0.422874 0.291672 0.405144 0.298764 0.472518 0.284580 0.437058 0.302310 0.515071 0.369684 0.483156 0.380322 0.525709 0.486702 0.486702 0.511525 0.422874 0.522163 0.422874 0.536347 0.500886 0.624997 0.500886 0.624997 0.422874 0.809389 0.550531 0.812935 0.359046 1.000000 0.621451 0.993782 0.024984 0.036757 0.109735 0.059179 0.423160 0.390543 0.002256 0.209605
0.415493 0.311620 0.426056 0.290493 0.408451 0.297535 0.475352 0.286972 0.440141 0.301056 0.514085 0.367958 0.485915 0.382042 0.528169 0.487676 0.492958 0.505282 0.422535 0.515845 0.422535 0.533451 0.496479 0.625000 0.503521 0.625000 0.429577 0.804577 0.549296 0.808099 0.380282 0.991197 0.640845 0.977113 0.031311 0.080037 0.091748 0.054953 0.454325 0.397050 0.000005 0.191495
0.417262 0.308118 0.427824 0.290514 0.410220 0.297555 0.477115 0.283472 0.441907 0.301076 0.515844 0.367971 0.487677 0.382054 0.526406 0.487677 0.491198 0.505281 0.420783 0.515844 0.420783 0.533447 0.494719 0.624988 0.501760 0.624988 0.431345 0.808068 0.547530 0.808068 0.392616 0.998190 0.653154 0.970024 0.042109 0.105973 0.079971 0.059547 0.445061 0.387973 0.004483 0.184054
0.413481 0.313852 0.423968 0.292878 0.409985 0.299869 0.476404 0.285886 0.448438 0.299869 0.511361 0.373280 0.493882 0.376775 0.521848 0.495630 0.493882 0.516605 0.416976 0.523596 0.427464 0.544571 0.493882 0.624973 0.500874 0.624973 0.427464 0.806751 0.525344 0.810246 0.409985 1.000000 0.651191 0.960563 0.083163 0.180070 0.089439 0.032835 0.444265 0.373146 0.006677 0.153307
0.411733 0.313852 0.422220 0.292878 0.408237 0.299869 0.474656 0.285886 0.446690 0.299869 0.509613 0.373280 0.495630 0.376775 0.509613 0.499126 0.492135 0.516605 0.401246 0.527092 0.422220 0.541075 0.495630 0.624973 0.499126 0.624973 0.432707 0.810246 0.502622 0.817238 0.429211 1.000000 0.645947 0.946580 0.098531 0.260522 0.086549 0.001303 0.419609 0.384877 0.006677 0.110002
0.414928 0.309474 0.425562 0.291750 0.407838 0.298840 0.475187 0.284661 0.446830 0.298840 0.514179 0.373278 0.492911 0.376823 0.507089 0.504431 0.489366 0.511520 0.400749 0.525699 0.422017 0.536333 0.500000 0.624950 0.492911 0.624950 0.446830 0.812817 0.485821 0.816362 0.446830 1.000000 0.631153 0.936881 0.087792 0.291407 0.069878 0.011784 0.419978 0.379265 0.009028 0.076008
0.416117 0.310389 0.426602 0.292913 0.409126 0.299903 0.475534 0.285923 0.451068 0.299903 0.513981 0.373301 0.493010 0.376796 0.506990 0.502621 0.486019 0.513107 0.398641 0.523592 0.416117 0.537573 0.503495 0.624951 0.489515 0.624951 0.454563 0.813689 0.475534 0.810193 0.465049 1.000000 0.611844 0.929028 0.097783 0.295746 0.067492 0.019495 0.421955 0.376524 0.008902 0.056769
0.419944 0.306458 0.426982 0.288863 0.412906 0.292382 0.476247 0.285344 0.448096 0.299420 0.514956 0.373318 0.493842 0.376837 0.497361 0.500000 0.493842 0.510557 0.391792 0.521114 0.419944 0.538708 0.507918 0.626682 0.483285 0.623163 0.469209 0.813186 0.451614 0.799110 0.490323 1.000000 0.588853 0.925792 0.099115 0.319414 0.056300 0.043055 0.393238 0.384142 0.011203 0.008450
0.419944 0.306458 0.430501 0.285344 0.416425 0.292382 0.479766 0.281825 0.448096 0.299420 0.514956 0.373318 0.493842 0.376837 0.490323 0.500000 0.493842 0.510557 0.388273 0.517595 0.423463 0.535189 0.511437 0.626682 0.479766 0.623163 0.486804 0.823743 0.434020 0.799110 0.504399 1.000000 0.564221 0.932830 0.068441 0.326724 0.035163 0.062798 0.384522 0.392833 0.011203 0.041384
0.423107 0.308641 0.433592 0.287670 0.416117 0.294661 0.479029 0.284175 0.447573 0.301651 0.513981 0.371554 0.493010 0.378544 0.486019 0.497379 0.489515 0.507864 0.384661 0.521845 0.430097 0.535825 0.513981 0.626699 0.479029 0.623204 0.496505 0.818931 0.430097 0.797960 0.524466 1.000000 0.527961 0.969222 0.074025 0.252151 0.028858 0.068732 0.355004 0.351393 0.008902 0.058043
0.424568 0.307519 0.434973 0.290178 0.421100 0.293646 0.483526 0.283242 0.452313 0.300583 0.514740 0.373413 0.497399 0.376881 0.483526 0.498266 0.486995 0.505202 0.386419 0.519075 0.424568 0.529479 0.511271 0.626587 0.476590 0.623119 0.518208 0.817334 0.428036 0.793057 0.545953 1.000000 0.483526 0.969931 0.035246 0.185352 0.015930 0.061750 0.354828 0.356189 0.015461 0.100155
0.423677 0.307459 0.434085 0.286643 0.420208 0.293582 0.482654 0.283174 0.451431 0.297051 0.517346 0.373374 0.493062 0.376843 0.479185 0.494796 0.489592 0.505204 0.382047 0.522550 0.434085 0.532957 0.513877 0.626626 0.475716 0.623157 0.527754 0.813964 0.427147 0.793148 0.565915 0.997832 0.444493 0.973547 0.041604 0.119098 0.027896 0.066206 0.314486 0.343816 0.013255 0.112121
0.422790 0.309143 0.429730 0.291792 0.415849 0.295262 0.481782 0.284852 0.454021 0.295262 0.513013 0.375075 0.495662 0.375075 0.474842 0.500000 0.481782 0.506940 0.381148 0.524291 0.408909 0.531231 0.516483 0.624925 0.474842 0.624925 0.537304 0.815782 0.422790 0.801901 0.585886 0.999699 0.405439 0.982348 0.047616 0.060540 0.030167 0.064588 0.324860 0.364200 0.011048 0.125641
0.425703 0.310880 0.435834 0.293994 0.418949 0.300748 0.483114 0.287240 0.456097 0.300748 0.510131 0.375046 0.496623 0.375046 0.472983 0.496623 0.483114 0.503377 0.388554 0.520263 0.412194 0.527017 0.516886 0.624954 0.476360 0.624954 0.547280 0.803943 0.429080 0.793812 0.601314 0.976177 0.378423 0.959292 0.043225 0.007657 0.044941 0.061149 0.318705 0.364200 0.008601 0.140443
0.420615 0.310828 0.430750 0.293938 0.417237 0.300694 0.478043 0.287182 0.454396 0.300694 0.508445 0.375011 0.494933 0.375011 0.474664 0.496622 0.484799 0.506756 0.390213 0.527025 0.413859 0.533781 0.518579 0.624989 0.478043 0.624989 0.552360 0.804026 0.427372 0.793892 0.619921 0.972930 0.366566 0.956039 0.061758 0.021427 0.046463 0.071299 0.303761 0.359705 0.004302 0.152134
0.422105 0.308260 0.432377 0.291140 0.415258 0.297988 0.480312 0.284292 0.452921 0.297988 0.511128 0.376738 0.494008 0.373314 0.480312 0.500000 0.487160 0.506848 0.398138 0.527391 0.418682 0.530815 0.517976 0.623262 0.476888 0.626686 0.555639 0.804730 0.425529 0.794458 0.644661 0.972503 0.370746 0.965655 0.090144 0.004023 0.056300 0.073084 0.319604 0.376524 0.006540 0.159698
0.422135 0.310043 0.432403 0.289507 0.418712 0.296352 0.480320 0.286084 0.456361 0.296352 0.514546 0.375073 0.494010 0.375073 0.487165 0.498289 0.490588 0.505134 0.401599 0.529093 0.422135 0.535938 0.517969 0.624927 0.473474 0.624927 0.559041 0.806327 0.425557 0.792637 0.661720 0.967192 0.391331 0.967192 0.109958 0.026954 0.066515 0.062482 0.320402 0.357027 0.010896 0.159461
0.424405 0.313986 0.434598 0.296999 0.421008 0.300396 0.482163 0.290204 0.458380 0.303794 0.516138 0.375141 0.495753 0.375141 0.492356 0.497452 0.488958 0.507644 0.404020 0.531427 0.424405 0.541620 0.516138 0.623160 0.471971 0.626557 0.550113 0.806625 0.424405 0.796433 0.672424 0.959513 0.404020 0.969706 0.156491 0.049624 0.058286 0.056880 0.321994 0.329477 0.015146 0.145187
0.426979 0.315749 0.437168 0.298767 0.423582 0.302164 0.484717 0.291974 0.460942 0.305560 0.515284 0.373487 0.498302 0.376883 0.501698 0.495755 0.491509 0.509340 0.409997 0.536511 0.426979 0.543303 0.511887 0.624815 0.474527 0.624815 0.532265 0.811614 0.430375 0.794632 0.671515 0.947467 0.420186 0.974638 0.219342 0.062970 0.038889 0.050538 0.331652 0.329477 0.017306 0.115556
0.426979 0.315749 0.437168 0.298767 0.423582 0.302164 0.484717 0.291974 0.457546 0.305560 0.515284 0.373487 0.498302 0.376883 0.505095 0.495755 0.491509 0.509340 0.413393 0.533114 0.423582 0.539907 0.511887 0.624815 0.474527 0.624815 0.508491 0.811614 0.437168 0.798028 0.664722 0.933882 0.440564 0.978034 0.294414 0.073624 0.001487 0.037189 0.350389 0.349092 0.017306 0.061832
0.425975 0.311494 0.436304 0.294278 0.419089 0.301164 0.484506 0.287392 0.453519 0.301164 0.518937 0.373468 0.494835 0.376911 0.501722 0.493975 0.487949 0.507747 0.405316 0.531848 0.419089 0.535291 0.508608 0.624810 0.477620 0.624810 0.487949 0.817620 0.439747 0.803848 0.649772 0.931241 0.453519 0.986329 0.339121 0.090334 0.020901 0.044287 0.335679 0.362143 0.017544 0.032382
0.426173 0.313676 0.433205 0.292582 0.419142 0.299614 0.482422 0.285551 0.450782 0.303129 0.521093 0.369925 0.492969 0.380471 0.507031 0.489453 0.496484 0.507031 0.405080 0.521093 0.426173 0.542187 0.507031 0.626560 0.478907 0.623044 0.464844 0.816400 0.447267 0.816400 0.626560 0.928897 0.464844 1.000000 0.376135 0.081570 0.052180 0.033197 0.366937 0.361256 0.017914 0.017975
0.423029 0.309784 0.433646 0.288551 0.415951 0.295629 0.479651 0.281473 0.444262 0.299168 0.522118 0.369946 0.493807 0.380562 0.507963 0.486729 0.493807 0.515040 0.401796 0.515040 0.415951 0.536274 0.504424 0.624746 0.479651 0.624746 0.447801 0.812308 0.465496 0.815847 0.603513 0.929091 0.479651 1.000000 0.388492 0.046645 0.071255 0.005103 0.378652 0.415249 0.020290 0.069789
0.420134 0.313938 0.430665 0.292874 0.416623 0.299895 0.479814 0.285853 0.444708 0.303406 0.521941 0.370107 0.497367 0.380639 0.507899 0.489468 0.497367 0.517553 0.399070 0.510532 0.423644 0.535106 0.497367 0.626382 0.483325 0.622871 0.427155 0.808934 0.483325 0.815955 0.571090 0.938826 0.490346 1.000000 0.383184 0.011784 0.086445 0.018432 0.401867 0.425597 0.024609 0.116875
0.417403 0.308770 0.424585 0.287223 0.410221 0.294405 0.478453 0.280040 0.442541 0.301587 0.517956 0.369820 0.496409 0.380593 0.503591 0.488329 0.492818 0.517058 0.399447 0.506285 0.420994 0.531423 0.496409 0.624793 0.489226 0.624793 0.413812 0.807944 0.489226 0.818717 0.525138 0.976729 0.521547 0.994685 0.320457 0.057821 0.108022 0.009359 0.407258 0.428792 0.018300 0.134858
0.419490 0.313323 0.426568 0.292090 0.412412 0.299168 0.476112 0.285012 0.444262 0.302706 0.518579 0.369946 0.497346 0.380562 0.507963 0.486729 0.486729 0.518579 0.401796 0.504424 0.412412 0.525657 0.490268 0.624746 0.493807 0.624746 0.415951 0.801691 0.483190 0.815847 0.497346 0.989253 0.532735 0.999869 0.256897 0.101380 0.091346 0.013053 0.418574 0.445339 0.020290 0.108903
0.417385 0.318949 0.424416 0.297856 0.410353 0.304887 0.473633 0.287309 0.441993 0.304887 0.515820 0.368167 0.498242 0.382229 0.508789 0.484180 0.487696 0.515820 0.406838 0.501758 0.420900 0.526367 0.487696 0.624802 0.498242 0.624802 0.410353 0.793549 0.501758 0.811126 0.445509 0.993935 0.547460 0.997451 0.192079 0.070559 0.102053 0.006005 0.426385 0.425074 0.017914 0.142803
0.411199 0.317123 0.418233 0.299539 0.404166 0.306573 0.467469 0.285472 0.446368 0.303056 0.516705 0.369876 0.495604 0.380427 0.509671 0.485933 0.478020 0.521101 0.400649 0.500000 0.400649 0.517584 0.488570 0.626607 0.499121 0.623090 0.407683 0.798933 0.527256 0.816517 0.393615 0.999394 0.569458 1.000000 0.117392 0.024898 0.104949 0.041364 0.439885 0.474875 0.015678 0.185670
0.410247 0.325773 0.417286 0.304655 0.403207 0.311694 0.463043 0.290576 0.441924 0.308175 0.515839 0.371530 0.491201 0.378569 0.508799 0.491201 0.480641 0.522878 0.399688 0.501760 0.399688 0.519359 0.491201 0.624950 0.501760 0.624950 0.413767 0.804457 0.536957 0.815016 0.364490 0.998042 0.586233 0.998042 0.050294 0.025428 0.098784 0.044653 0.450589 0.490581 0.008964 0.187920
0.412379 0.326493 0.419319 0.309143 0.405439 0.316083 0.464431 0.291792 0.443610 0.309143 0.516483 0.371605 0.492192 0.378545 0.509543 0.493060 0.485252 0.520821 0.401969 0.503470 0.408909 0.520821 0.492192 0.624925 0.499132 0.624925 0.419319 0.805372 0.544244 0.808842 0.346447 0.985818 0.606707 0.982348 0.000001 0.033429 0.091743 0.067600 0.451122 0.484485 0.011048 0.198737
0.413228 0.326456 0.416699 0.309101 0.402815 0.316043 0.461820 0.291747 0.444466 0.309101 0.517354 0.371577 0.489587 0.378519 0.510413 0.489587 0.486116 0.517354 0.406286 0.503471 0.409757 0.517354 0.496529 0.624952 0.496529 0.624952 0.423641 0.801967 0.548592 0.805438 0.357694 0.982453 0.624952 0.975511 0.012825 0.044935 0.098230 0.080429 0.439105 0.492044 0.008839 0.213727
0.413228 0.329927 0.420170 0.309101 0.406286 0.316043 0.465291 0.291747 0.440995 0.312572 0.517354 0.368106 0.489587 0.381990 0.513884 0.489587 0.489587 0.506942 0.406286 0.503471 0.416699 0.517354 0.493058 0.624952 0.500000 0.624952 0.434053 0.801967 0.548592 0.801967 0.375048 0.982453 0.642306 0.968569 0.001839 0.077820 0.072395 0.071645 0.450061 0.454833 0.008839 0.187695
0.412050 0.327619 0.415568 0.310029 0.405014 0.317065 0.461302 0.288921 0.443712 0.306511 0.517590 0.373352 0.492964 0.376870 0.514072 0.496482 0.489446 0.510554 0.405014 0.510554 0.412050 0.517590 0.492964 0.626648 0.496482 0.623130 0.433158 0.809583 0.542216 0.809583 0.387424 0.999554 0.651273 0.967892 0.025377 0.115450 0.069727 0.072017 0.450061 0.462767 0.013442 0.177141
0.414164 0.331796 0.417632 0.314455 0.407228 0.321391 0.462718 0.293646 0.445377 0.310987 0.518208 0.373413 0.493931 0.376881 0.511271 0.501734 0.483526 0.508670 0.403759 0.515607 0.407228 0.519075 0.493931 0.626587 0.493931 0.623119 0.441909 0.806929 0.521676 0.806929 0.407228 0.997676 0.649997 0.956059 0.032144 0.178485 0.058964 0.047687 0.441964 0.431782 0.015461 0.137080
0.415311 0.334988 0.418804 0.314034 0.408327 0.321019 0.464204 0.293080 0.446742 0.310542 0.516589 0.373403 0.495635 0.376896 0.509604 0.502619 0.485158 0.506112 0.404834 0.516589 0.408327 0.520081 0.495635 0.624851 0.492142 0.624851 0.450234 0.813436 0.502619 0.813436 0.429280 1.000000 0.645804 0.942652 0.041224 0.248644 0.048735 0.022149 0.440618 0.416998 0.015569 0.092865
0.415030 0.330946 0.418571 0.309703 0.407949 0.316784 0.464596 0.292001 0.446894 0.309703 0.521242 0.373430 0.492919 0.376971 0.507081 0.504426 0.482298 0.507966 0.400869 0.515047 0.404409 0.518587 0.503540 0.624799 0.482298 0.624799 0.461056 0.819522 0.482298 0.815981 0.443354 1.000000 0.634535 0.932815 0.040033 0.291644 0.045999 0.013633 0.433996 0.431108 0.018041 0.068378
0.415030 0.329175 0.422111 0.311473 0.407949 0.318554 0.464596 0.293771 0.450434 0.307933 0.521242 0.375201 0.492919 0.375201 0.503540 0.506196 0.478758 0.506196 0.400869 0.513277 0.407949 0.513277 0.503540 0.623029 0.482298 0.626570 0.468136 0.814211 0.478758 0.810671 0.464596 1.000000 0.616833 0.931044 0.052702 0.277889 0.035588 0.007321 0.435326 0.433996 0.018041 0.052165
0.418571 0.329175 0.422111 0.307933 0.411490 0.315014 0.464596 0.290231 0.446894 0.307933 0.517702 0.375201 0.496460 0.375201 0.492919 0.502655 0.485838 0.499115 0.397328 0.506196 0.407949 0.506196 0.507081 0.626570 0.478758 0.623029 0.482298 0.821292 0.446894 0.800049 0.485838 1.000000 0.592051 0.923964 0.046082 0.331766 0.026854 0.033991 0.427085 0.443925 0.018041 0.016393
0.419142 0.329496 0.422658 0.308402 0.412111 0.315434 0.464844 0.290825 0.447267 0.308402 0.517578 0.375198 0.496484 0.375198 0.492969 0.501758 0.482422 0.494727 0.398049 0.505273 0.408596 0.501758 0.510547 0.624802 0.475391 0.624802 0.500000 0.821673 0.429689 0.793549 0.500000 1.000000 0.563280 0.927140 0.017036 0.334189 0.008071 0.057354 0.427085 0.432499 0.017914 0.067153
