0.497309 0.267372 0.512965 0.252695 0.481654 0.254652 0.536448 0.265415 0.460128 0.268350 0.579500 0.378916 0.421968 0.371088 0.629401 0.510029 0.371088 0.483611 0.602004 0.438602 0.429796 0.405334 0.553081 0.625487 0.445451 0.624509 0.544275 0.827049 0.437623 0.824114 0.534491 1.000000 0.427839 1.000000 0.000621 0.001918 0.020077 0.041888 0.999181 0.930341 0.001870 0.001418
0.497554 0.267368 0.512231 0.253669 0.480920 0.254648 0.536693 0.265411 0.460372 0.268346 0.578767 0.378914 0.421233 0.371086 0.629648 0.508072 0.371331 0.484589 0.602250 0.441536 0.431018 0.427838 0.553327 0.625489 0.446673 0.624511 0.543542 0.826076 0.436888 0.823141 0.533757 1.000000 0.426125 1.000000 0.000993 0.000000 0.017211 0.047515 0.995117 0.873827 0.000003 0.000138
0.497559 0.268066 0.513184 0.254395 0.481934 0.255371 0.536621 0.266113 0.460449 0.269043 0.578613 0.378418 0.421387 0.371582 0.630371 0.507324 0.370605 0.483887 0.601074 0.441895 0.432129 0.424316 0.553223 0.625488 0.446777 0.624512 0.544434 0.825684 0.437988 0.822754 0.534668 1.000000 0.426270 1.000000 0.000563 0.003085 0.018632 0.045950 0.987529 0.880040 0.000003 0.000000
0.498538 0.268764 0.513158 0.255119 0.481969 0.256093 0.537524 0.266815 0.461501 0.268764 0.579434 0.378900 0.421541 0.371102 0.631091 0.501706 0.372808 0.484162 0.600876 0.439328 0.433236 0.453948 0.553119 0.625486 0.445907 0.624512 0.543372 0.825290 0.437135 0.822366 0.533625 1.000000 0.426414 1.000000 0.000993 0.001653 0.018327 0.044616 0.983161 0.777126 0.001242 0.001412
0.498529 0.269610 0.514216 0.254904 0.482843 0.255884 0.538725 0.266668 0.461275 0.268629 0.579901 0.378432 0.421079 0.371570 0.633823 0.498039 0.373040 0.487255 0.600489 0.439216 0.430883 0.529412 0.553431 0.625489 0.445589 0.624509 0.545588 0.827448 0.437746 0.824507 0.535784 1.000000 0.425981 1.000000 0.002171 0.004712 0.021620 0.043224 0.970711 0.424810 0.001251 0.000137
0.499276 0.271236 0.514720 0.256757 0.482867 0.257722 0.537886 0.268340 0.461631 0.270271 0.578426 0.378379 0.422056 0.371622 0.631515 0.497104 0.376689 0.490348 0.599662 0.437259 0.422056 0.570463 0.552365 0.625482 0.447153 0.624517 0.543678 0.822393 0.438465 0.820463 0.534025 1.000000 0.427848 1.000000 0.000479 0.001725 0.019414 0.045588 0.978153 0.280188 0.000618 0.000000
0.499035 0.270272 0.514479 0.255793 0.483591 0.256759 0.538610 0.267376 0.462355 0.269307 0.579150 0.378379 0.421815 0.371623 0.630308 0.499035 0.377414 0.497104 0.600385 0.437259 0.395754 0.621621 0.552123 0.625482 0.446912 0.624516 0.541505 0.821426 0.438224 0.819496 0.532818 1.000000 0.428572 1.000000 0.004158 0.000298 0.017446 0.045658 0.984070 0.154804 0.001226 0.003056
0.499761 0.271083 0.515086 0.256716 0.484436 0.257674 0.539031 0.269168 0.462406 0.270125 0.579259 0.378358 0.423136 0.371653 0.628107 0.500958 0.377161 0.492338 0.600331 0.435827 0.411642 0.594823 0.551482 0.625473 0.446123 0.624515 0.539989 0.819909 0.437503 0.817993 0.530410 1.000000 0.426967 1.000000 0.004270 0.001803 0.016835 0.043031 0.992374 0.219166 0.003048 0.004621
0.500480 0.270889 0.515834 0.256494 0.484166 0.257454 0.539825 0.268969 0.463054 0.269929 0.580129 0.379327 0.422750 0.370690 0.627151 0.505998 0.376688 0.493522 0.604120 0.435945 0.405477 0.606759 0.551340 0.625951 0.445781 0.624032 0.539825 0.820756 0.436185 0.817877 0.529269 1.000000 0.426588 1.000000 0.002747 0.001286 0.018195 0.044603 0.987964 0.193448 0.003665 0.003049
0.498798 0.270694 0.514181 0.256272 0.482454 0.257234 0.538218 0.268771 0.462263 0.269732 0.579560 0.379338 0.423805 0.370685 0.629556 0.505288 0.375732 0.484136 0.605519 0.435102 0.430535 0.494712 0.550717 0.625469 0.445918 0.624508 0.539179 0.820644 0.437265 0.817760 0.528603 1.000000 0.427651 1.000000 0.002747 0.000189 0.018338 0.041905 0.984745 0.566894 0.004285 0.004550
0.497127 0.269651 0.513409 0.255284 0.481802 0.256242 0.537354 0.267736 0.461688 0.268693 0.580454 0.378839 0.422419 0.371177 0.629302 0.508141 0.376445 0.493774 0.606315 0.433434 0.408052 0.600089 0.551721 0.625950 0.445406 0.624034 0.539269 0.819423 0.435828 0.816550 0.525860 1.000000 0.425292 1.000000 0.000000 0.000000 0.016390 0.044681 0.980040 0.206184 0.003659 0.004632
0.497143 0.268340 0.512381 0.254055 0.480953 0.255007 0.537142 0.265483 0.460954 0.267388 0.580950 0.377861 0.420955 0.372147 0.626663 0.512142 0.376194 0.497857 0.607616 0.431192 0.399051 0.617854 0.552379 0.625473 0.445716 0.624520 0.539999 0.816896 0.435240 0.814039 0.524761 1.000000 0.424764 1.000000 0.002976 0.001456 0.016007 0.048708 0.969115 0.168795 0.002427 0.002979
0.497159 0.266574 0.513258 0.252369 0.482008 0.253316 0.537879 0.264680 0.462121 0.266574 0.580492 0.378315 0.420455 0.371687 0.624052 0.516572 0.378789 0.499527 0.609848 0.429451 0.398675 0.628313 0.553030 0.625473 0.446023 0.624526 0.540719 0.813918 0.435607 0.812024 0.526515 1.000000 0.425190 1.000000 0.001299 0.001463 0.014458 0.049745 0.954290 0.149055 0.001205 0.003096
0.496660 0.265751 0.511927 0.251439 0.481394 0.253347 0.537690 0.263843 0.461356 0.265751 0.580627 0.379297 0.421281 0.370710 0.624519 0.518606 0.376435 0.494752 0.611161 0.429868 0.411739 0.604482 0.552956 0.625473 0.445135 0.624519 0.542461 0.818216 0.433685 0.814399 0.532919 1.000000 0.424143 1.000000 0.002657 0.004580 0.018313 0.049000 0.950405 0.209510 0.002429 0.001853
0.497143 0.265478 0.512381 0.252145 0.480953 0.253097 0.537143 0.263573 0.460953 0.265478 0.580952 0.378810 0.420001 0.371191 0.624761 0.518809 0.379048 0.500714 0.609523 0.428334 0.401905 0.632142 0.553333 0.625475 0.445715 0.624523 0.541904 0.814998 0.433334 0.813093 0.528571 1.000000 0.424762 1.000000 0.001149 0.007736 0.016322 0.053069 0.956577 0.152286 0.001209 0.001697
0.497873 0.265363 0.513941 0.251185 0.482751 0.252131 0.539461 0.263473 0.462902 0.265363 0.581048 0.378783 0.420370 0.371221 0.624525 0.518667 0.379728 0.498819 0.610348 0.428876 0.408083 0.624525 0.553638 0.625471 0.444944 0.624525 0.545132 0.813558 0.435493 0.810723 0.533790 1.000000 0.427931 1.000000 0.003363 0.004306 0.020837 0.046928 0.953927 0.168771 0.001803 0.001761
0.498346 0.265363 0.514414 0.251185 0.483223 0.253076 0.538988 0.263473 0.462430 0.265363 0.580575 0.377838 0.420842 0.372167 0.624998 0.517722 0.379255 0.498819 0.607985 0.429822 0.408555 0.624525 0.553165 0.625471 0.445417 0.624525 0.542769 0.813558 0.435020 0.811668 0.529536 1.000000 0.430294 1.000000 0.002930 0.010333 0.017513 0.048565 0.962977 0.173880 0.001803 0.000000
0.499299 0.267066 0.514252 0.253048 0.483412 0.254917 0.538550 0.265197 0.463787 0.268001 0.579669 0.377342 0.422667 0.372669 0.629200 0.507243 0.381547 0.499766 0.601164 0.427807 0.405845 0.631536 0.552568 0.624995 0.445096 0.624995 0.544157 0.811902 0.437620 0.810968 0.532942 1.000000 0.433881 1.000000 0.003433 0.006868 0.020381 0.041010 0.992048 0.157643 0.002976 0.001524
0.500000 0.269184 0.514787 0.255321 0.484289 0.256245 0.538816 0.267335 0.463957 0.269184 0.579480 0.377314 0.422368 0.372693 0.634932 0.503004 0.382628 0.499307 0.597040 0.428144 0.405733 0.630542 0.551755 0.624997 0.446397 0.624997 0.544361 0.808910 0.440852 0.808910 0.535119 1.000000 0.440852 1.000000 0.002006 0.009595 0.022695 0.039818 0.983104 0.152280 0.002352 0.003197
0.499768 0.268785 0.514610 0.253943 0.483998 0.254871 0.537801 0.266002 0.462662 0.267858 0.578618 0.376392 0.421846 0.373609 0.634276 0.502551 0.381958 0.499768 0.593460 0.427412 0.404221 0.630566 0.552644 0.625000 0.446892 0.625000 0.547078 0.809601 0.442254 0.809601 0.539657 1.000000 0.444110 1.000000 0.002135 0.010916 0.023542 0.039605 0.973859 0.151142 0.000587 0.001599
0.498624 0.268584 0.514220 0.254823 0.483028 0.255741 0.537155 0.265832 0.462845 0.267667 0.577521 0.375921 0.420644 0.374086 0.633483 0.499771 0.383031 0.504358 0.588530 0.421791 0.403214 0.637382 0.553668 0.624538 0.448167 0.625455 0.552751 0.808937 0.445414 0.809854 0.549081 1.000000 0.452754 1.000000 0.004310 0.016534 0.028862 0.039464 0.968632 0.137403 0.002334 0.003167
0.499775 0.272935 0.514163 0.258547 0.483588 0.259446 0.536645 0.270237 0.463804 0.272036 0.575314 0.376351 0.423337 0.373653 0.629270 0.494155 0.381072 0.487860 0.584306 0.420415 0.425136 0.420415 0.551933 0.624549 0.449416 0.625448 0.551933 0.805301 0.448517 0.807999 0.551033 0.995946 0.455711 1.000000 0.001505 0.013351 0.029897 0.034418 0.962419 0.928614 0.001720 0.001563
0.498435 0.273041 0.512745 0.258731 0.483230 0.259625 0.535106 0.270358 0.463552 0.272147 0.574460 0.375899 0.423304 0.374111 0.624548 0.497540 0.380372 0.488596 0.583405 0.420620 0.426881 0.433142 0.552100 0.624548 0.450136 0.625442 0.550311 0.804326 0.449242 0.807904 0.549417 0.993048 0.457292 1.000000 0.001656 0.014816 0.025381 0.035416 0.967992 0.892051 0.002846 0.001608
0.498205 0.270435 0.512567 0.256971 0.482048 0.257869 0.535007 0.267742 0.461403 0.270435 0.575400 0.375456 0.421908 0.374558 0.615792 0.502917 0.380617 0.499327 0.583478 0.422132 0.417419 0.531641 0.552959 0.624095 0.449734 0.625890 0.551164 0.804516 0.448836 0.809004 0.550266 0.994810 0.457812 1.000000 0.001669 0.016019 0.025484 0.036659 0.976567 0.372369 0.003427 0.001608
0.496830 0.269965 0.511321 0.255475 0.481434 0.256381 0.534867 0.266343 0.460604 0.269965 0.574716 0.375021 0.420756 0.375021 0.610942 0.509057 0.380907 0.507245 0.583772 0.423926 0.411699 0.557962 0.553886 0.624074 0.450642 0.625885 0.548452 0.805204 0.452453 0.811543 0.544830 1.000000 0.460604 1.000000 0.003680 0.009453 0.017014 0.034638 0.985686 0.266861 0.005766 0.012652
0.498169 0.269245 0.512820 0.255509 0.481686 0.256425 0.535712 0.266498 0.461541 0.269245 0.575087 0.376381 0.422166 0.373634 0.606221 0.511904 0.375465 0.502747 0.577834 0.423082 0.414840 0.442311 0.553110 0.624535 0.449637 0.625450 0.548532 0.809505 0.453300 0.815915 0.541206 1.000000 0.461541 1.000000 0.004072 0.006493 0.020240 0.028467 0.973416 0.926668 0.003497 0.013998
0.500465 0.268589 0.515334 0.253719 0.483736 0.254649 0.538568 0.265801 0.463290 0.268589 0.577602 0.376395 0.423328 0.373607 0.599906 0.516729 0.375930 0.509294 0.574814 0.419146 0.414963 0.448885 0.551580 0.624534 0.447491 0.625464 0.546003 0.813195 0.453067 0.820630 0.537639 1.000000 0.463290 1.000000 0.003728 0.005923 0.023854 0.021354 0.970057 0.924369 0.001184 0.018497
0.501155 0.270121 0.515941 0.255335 0.484521 0.256259 0.539969 0.267348 0.464190 0.270121 0.578783 0.376397 0.424452 0.373624 0.600962 0.505776 0.374548 0.505776 0.565845 0.415210 0.415210 0.450328 0.550134 0.624990 0.446631 0.624990 0.544590 0.813514 0.452176 0.822755 0.539045 1.000000 0.465114 1.000000 0.000677 0.009938 0.027162 0.019091 0.936297 0.913521 0.004119 0.018281
0.501149 0.270699 0.515853 0.256914 0.484606 0.257833 0.539749 0.267942 0.463468 0.270699 0.579267 0.375470 0.423949 0.374551 0.599486 0.495864 0.374321 0.505974 0.559048 0.413151 0.413840 0.451750 0.550777 0.624530 0.446006 0.625449 0.544344 0.812934 0.450602 0.822124 0.539749 1.000000 0.465306 1.000000 0.003730 0.013932 0.025389 0.020476 0.908221 0.914459 0.004096 0.018301
0.501143 0.270357 0.515767 0.255733 0.483776 0.256647 0.539531 0.267615 0.463668 0.270357 0.578833 0.375467 0.424366 0.374553 0.598027 0.497029 0.373182 0.507998 0.560553 0.411113 0.413398 0.452243 0.551413 0.624990 0.445388 0.624990 0.545929 0.813274 0.450872 0.824242 0.543187 1.000000 0.463668 1.000000 0.004928 0.009789 0.025571 0.017898 0.918929 0.917675 0.004074 0.018027
0.500454 0.268843 0.515879 0.254325 0.484121 0.255232 0.540379 0.266121 0.463251 0.267936 0.579396 0.375007 0.423326 0.375007 0.596637 0.502042 0.372512 0.509301 0.563971 0.412210 0.411530 0.456672 0.551267 0.624539 0.446010 0.625446 0.541286 0.814183 0.452362 0.824164 0.536749 1.000000 0.465973 1.000000 0.009665 0.009294 0.018994 0.018583 0.931920 0.912073 0.003465 0.026909
0.500219 0.271263 0.515103 0.257254 0.484459 0.259005 0.539619 0.268636 0.465197 0.271263 0.578143 0.375453 0.425797 0.374578 0.595654 0.495403 0.374140 0.502408 0.563258 0.411351 0.412664 0.458630 0.549250 0.624985 0.446810 0.624985 0.531739 0.809725 0.448562 0.819356 0.516854 1.000000 0.467824 1.000000 0.006183 0.025872 0.006613 0.023781 0.929045 0.892535 0.005017 0.032949
0.500877 0.271526 0.515787 0.257493 0.485090 0.258371 0.539468 0.268895 0.464918 0.270649 0.578935 0.375896 0.425450 0.374142 0.599108 0.492545 0.373704 0.502193 0.564025 0.412733 0.408786 0.473250 0.549115 0.624981 0.446499 0.624981 0.532451 0.810917 0.448254 0.822319 0.521926 1.000000 0.466672 1.000000 0.011107 0.024499 0.009476 0.023820 0.922683 0.841815 0.005584 0.031281
0.500648 0.271401 0.515326 0.257585 0.484242 0.259312 0.538640 0.268810 0.465246 0.271401 0.579222 0.375879 0.424664 0.374152 0.599081 0.492445 0.371993 0.503670 0.566270 0.412144 0.405668 0.481220 0.549864 0.624553 0.446250 0.625417 0.538640 0.805015 0.448840 0.819694 0.537776 0.988067 0.469563 1.000000 0.018272 0.027093 0.017632 0.023036 0.930242 0.810111 0.004948 0.024018
0.499573 0.270305 0.514102 0.256630 0.484188 0.258339 0.537179 0.268595 0.463676 0.271159 0.578203 0.375430 0.423506 0.374576 0.599570 0.489958 0.373935 0.501068 0.562819 0.415600 0.405558 0.494231 0.550853 0.624142 0.447437 0.625852 0.538888 0.803625 0.450001 0.817300 0.537179 0.985672 0.473078 1.000000 0.018201 0.030961 0.013674 0.025962 0.912594 0.686668 0.002176 0.025452
0.500000 0.268795 0.514680 0.254979 0.483593 0.255842 0.537995 0.267931 0.463733 0.270522 0.579443 0.375007 0.423147 0.375007 0.604485 0.488127 0.372200 0.502806 0.565627 0.425090 0.404150 0.510578 0.550947 0.624562 0.446462 0.625425 0.535404 0.810217 0.447326 0.822306 0.531950 1.000000 0.474095 1.000000 0.020929 0.038506 0.009603 0.028155 0.893507 0.544796 0.003297 0.027983
0.501322 0.266146 0.517192 0.252040 0.485453 0.253803 0.540996 0.265264 0.465175 0.267909 0.583315 0.376350 0.421975 0.373706 0.608001 0.490082 0.372603 0.497135 0.557747 0.428367 0.400816 0.528874 0.550694 0.624972 0.444016 0.624972 0.538351 0.813642 0.446661 0.825985 0.530416 1.000000 0.471347 1.000000 0.008291 0.030222 0.020733 0.023662 0.850505 0.352416 0.006735 0.024982
0.501291 0.268309 0.516780 0.254541 0.484941 0.255402 0.540013 0.267449 0.465150 0.269170 0.580457 0.376733 0.422985 0.373291 0.606272 0.485156 0.377378 0.491180 0.549479 0.431805 0.402333 0.538508 0.550339 0.625418 0.446219 0.624558 0.538292 0.809566 0.449661 0.819892 0.519361 1.000000 0.472034 1.000000 0.009692 0.026239 0.017568 0.023741 0.814459 0.271950 0.004382 0.026403
0.501715 0.266944 0.516295 0.252364 0.484563 0.254080 0.540308 0.264371 0.463980 0.266944 0.579758 0.376718 0.421957 0.373288 0.604629 0.489065 0.382507 0.493354 0.545453 0.441897 0.403947 0.548241 0.550599 0.625426 0.447686 0.624568 0.537735 0.814101 0.451116 0.820104 0.511149 1.000000 0.472556 1.000000 0.019905 0.024929 0.015480 0.026894 0.783560 0.219588 0.002185 0.027253
0.503418 0.265205 0.518801 0.250677 0.487181 0.251532 0.542729 0.263496 0.465817 0.265205 0.581185 0.377155 0.423088 0.372882 0.602549 0.498504 0.388905 0.501068 0.543583 0.454067 0.396596 0.571143 0.549565 0.625836 0.446162 0.624127 0.536747 0.813843 0.448725 0.820680 0.513673 1.000000 0.470944 1.000000 0.015527 0.027574 0.018587 0.024999 0.761042 0.117749 0.005440 0.025821
0.504018 0.262959 0.519242 0.248580 0.487947 0.249426 0.542925 0.261268 0.465956 0.263805 0.581833 0.377991 0.423665 0.372070 0.603824 0.510784 0.391524 0.504863 0.551383 0.468493 0.393215 0.584370 0.548846 0.625816 0.445656 0.624124 0.531084 0.810204 0.449885 0.817816 0.510784 1.000000 0.471031 1.000000 0.002101 0.023564 0.011552 0.020753 0.768265 0.082361 0.007000 0.037517
0.505819 0.262461 0.520782 0.248329 0.489193 0.249991 0.544889 0.260798 0.468411 0.264123 0.583128 0.378840 0.426847 0.371359 0.604742 0.520990 0.392764 0.500208 0.553202 0.483582 0.400246 0.579180 0.546552 0.626563 0.443473 0.623238 0.532420 0.808614 0.449292 0.814433 0.518288 0.995653 0.474230 1.000000 0.000657 0.027592 0.022002 0.011296 0.747877 0.112379 0.012704 0.034344
0.507051 0.261509 0.522812 0.247406 0.491290 0.248236 0.546039 0.260679 0.469722 0.262338 0.584198 0.379303 0.428245 0.371007 0.607425 0.523642 0.395893 0.502074 0.557653 0.499585 0.400871 0.589175 0.544380 0.626504 0.443177 0.623186 0.533596 0.809002 0.450643 0.814809 0.521153 1.000000 0.477188 1.000000 0.001852 0.027652 0.032047 0.006431 0.694098 0.095200 0.015850 0.031183
0.504144 0.261508 0.519892 0.248246 0.488397 0.249075 0.543099 0.260679 0.466847 0.262336 0.582882 0.377542 0.424578 0.372569 0.607746 0.510982 0.392254 0.501865 0.558846 0.520928 0.396398 0.593864 0.548900 0.625359 0.443640 0.624530 0.552216 0.803555 0.449442 0.817645 0.553873 0.985895 0.477622 1.000000 0.003028 0.032962 0.049299 0.014477 0.494770 0.092308 0.009499 0.003638
0.503058 0.263700 0.517738 0.249021 0.486748 0.251467 0.541388 0.260438 0.466359 0.264516 0.581349 0.377059 0.423136 0.372981 0.604999 0.499388 0.391331 0.501835 0.562592 0.536903 0.398670 0.599698 0.551174 0.624980 0.444340 0.624980 0.560961 0.805212 0.448418 0.815814 0.556883 0.993599 0.477777 1.000000 0.024155 0.038544 0.055819 0.019920 0.330254 0.100859 0.005712 0.010466
0.502192 0.265401 0.517341 0.251848 0.486247 0.253442 0.540462 0.264604 0.466315 0.266199 0.581123 0.377817 0.424059 0.372236 0.607433 0.492625 0.392168 0.499801 0.567569 0.544448 0.401736 0.601055 0.550029 0.624973 0.444789 0.624973 0.558799 0.805955 0.446383 0.813928 0.559596 1.000000 0.475085 1.000000 0.014118 0.042305 0.055249 0.023363 0.280422 0.107967 0.006599 0.012726
0.502155 0.266130 0.517824 0.253595 0.487268 0.254378 0.541329 0.266130 0.466898 0.266914 0.580503 0.378168 0.425373 0.371901 0.606358 0.494124 0.394817 0.498825 0.570318 0.556803 0.405003 0.602244 0.549947 0.624965 0.444177 0.624965 0.559349 0.807517 0.444177 0.810651 0.563266 1.000000 0.473949 1.000000 0.010374 0.046907 0.055589 0.023608 0.235937 0.106447 0.007483 0.016379
0.503893 0.266058 0.518684 0.252823 0.487544 0.253601 0.541261 0.264501 0.467303 0.266836 0.580187 0.377385 0.426820 0.372714 0.604320 0.498832 0.398794 0.501168 0.576294 0.571234 0.407357 0.603153 0.547489 0.625729 0.445504 0.624172 0.548268 0.811015 0.454846 0.811793 0.553717 1.000000 0.479759 1.000000 0.006734 0.022996 0.043007 0.007771 0.180003 0.095044 0.008922 0.014499
0.501911 0.266465 0.516435 0.252705 0.485858 0.254234 0.539369 0.263407 0.465218 0.267229 0.577590 0.377308 0.426232 0.372721 0.600523 0.502676 0.398712 0.502676 0.578355 0.582941 0.408650 0.602052 0.547777 0.624985 0.448401 0.624985 0.549306 0.813037 0.467511 0.813037 0.555422 1.000000 0.500382 1.000000 0.006252 0.017670 0.040719 0.004337 0.143366 0.098151 0.004868 0.029650
0.500188 0.266736 0.515225 0.253202 0.485151 0.254706 0.537781 0.265232 0.464099 0.267488 0.576126 0.377259 0.425754 0.372748 0.599433 0.505075 0.399439 0.502068 0.581389 0.590035 0.410717 0.600561 0.548307 0.625372 0.449813 0.624621 0.549059 0.812585 0.471617 0.814089 0.553570 1.000000 0.503947 1.000000 0.005376 0.012377 0.036819 0.006157 0.124030 0.100190 0.002393 0.035192
