0.584119 0.342978 0.590528 0.330160 0.577710 0.326955 0.555278 0.326955 0.542460 0.310932 0.507210 0.381432 0.497597 0.368614 0.475165 0.506409 0.452733 0.480773 0.523233 0.608954 0.475165 0.596136 0.513619 0.624977 0.481574 0.624977 0.552074 0.775590 0.446324 0.788408 0.587324 0.939021 0.366211 0.945431 0.011952 0.082552 0.071196 0.047751 0.219423 0.182250 0.006120 0.147190
0.583853 0.338872 0.590429 0.325718 0.580564 0.322430 0.560834 0.319142 0.541104 0.305988 0.511509 0.378332 0.495068 0.371755 0.485202 0.513153 0.449031 0.480270 0.521374 0.618380 0.468761 0.598650 0.514798 0.624957 0.478626 0.624957 0.554258 0.782797 0.445742 0.789374 0.573988 0.957079 0.347092 0.953790 0.042097 0.109188 0.073735 0.042193 0.166730 0.180284 0.008375 0.140812
0.581450 0.341132 0.587901 0.328229 0.578224 0.325004 0.562095 0.321778 0.536290 0.308875 0.510484 0.379841 0.491129 0.370164 0.487903 0.512097 0.449195 0.479839 0.516935 0.612094 0.462098 0.595966 0.520161 0.624997 0.478226 0.624997 0.545967 0.779833 0.449195 0.783059 0.555644 0.947571 0.336294 0.937894 0.034225 0.142725 0.040010 0.041718 0.143767 0.151471 0.002052 0.110389
0.583326 0.340700 0.589862 0.327629 0.580059 0.324361 0.566988 0.321094 0.537578 0.308023 0.514705 0.379912 0.488563 0.370109 0.498366 0.513888 0.449351 0.484478 0.531043 0.605383 0.472225 0.598848 0.517972 0.624989 0.478760 0.624989 0.544114 0.781839 0.468957 0.781839 0.544114 0.955027 0.338249 0.932153 0.052568 0.207960 0.048325 0.007631 0.147815 0.167970 0.004162 0.072437
0.586347 0.342109 0.592926 0.328951 0.583057 0.322372 0.566610 0.322372 0.540295 0.309215 0.513980 0.378292 0.487665 0.371713 0.494244 0.513158 0.448192 0.483553 0.533716 0.608550 0.481086 0.595393 0.517269 0.624997 0.481086 0.624997 0.543585 0.782889 0.490954 0.789467 0.533716 0.960516 0.349510 0.924333 0.070234 0.276653 0.048325 0.027342 0.171139 0.199053 0.002096 0.033493
0.588326 0.343347 0.594992 0.330015 0.584992 0.323349 0.568327 0.320016 0.541663 0.306684 0.514999 0.380011 0.488334 0.370012 0.491667 0.516665 0.445005 0.483335 0.534997 0.609990 0.481668 0.596658 0.514999 0.623322 0.481668 0.626655 0.538330 0.789974 0.511666 0.793307 0.521665 0.969958 0.358346 0.916630 0.073665 0.341070 0.044276 0.064955 0.192186 0.215847 0.004244 0.012413
0.593503 0.339345 0.600303 0.325745 0.586703 0.322345 0.569702 0.318945 0.545901 0.305344 0.518701 0.380146 0.488100 0.369946 0.494900 0.516150 0.443898 0.475349 0.539101 0.611353 0.481299 0.587553 0.511900 0.624954 0.481299 0.624954 0.539101 0.798359 0.525501 0.794959 0.508500 0.978564 0.379296 0.913962 0.103069 0.363501 0.058367 0.089454 0.193506 0.228811 0.008659 0.031441
0.593511 0.340070 0.600502 0.326087 0.590015 0.319096 0.572536 0.315600 0.548066 0.301617 0.520100 0.382019 0.485143 0.368036 0.492135 0.514857 0.439699 0.469412 0.541075 0.616233 0.467664 0.563797 0.509613 0.623225 0.485143 0.626720 0.527092 0.808499 0.541075 0.798011 0.492135 0.993773 0.397750 0.930849 0.089301 0.362545 0.043771 0.100464 0.209211 0.225833 0.006677 0.070523
0.595259 0.338322 0.602250 0.324339 0.588267 0.320844 0.577780 0.317348 0.546318 0.299869 0.518353 0.380271 0.486891 0.369784 0.490387 0.509613 0.437951 0.467664 0.528840 0.607494 0.465917 0.565545 0.507865 0.624973 0.486891 0.624973 0.518353 0.806751 0.560301 0.789272 0.479900 0.985033 0.434455 0.946580 0.085963 0.348529 0.031977 0.133753 0.186934 0.236169 0.006677 0.115409
0.602022 0.339932 0.609058 0.325860 0.598504 0.318824 0.584432 0.318824 0.552770 0.301234 0.517590 0.378629 0.492964 0.371593 0.489446 0.505277 0.454266 0.470097 0.521108 0.600263 0.482410 0.582673 0.492964 0.624889 0.496482 0.624889 0.500000 0.800788 0.577396 0.786716 0.464820 0.987241 0.478892 0.976687 0.072086 0.299848 0.044451 0.143163 0.172021 0.197133 0.013442 0.134858
0.601501 0.340374 0.608442 0.326493 0.594561 0.319553 0.584151 0.319553 0.552920 0.302203 0.514748 0.378545 0.493927 0.371605 0.493927 0.503470 0.459226 0.475709 0.518218 0.597164 0.483517 0.586753 0.490457 0.624925 0.500868 0.624925 0.486987 0.805372 0.580681 0.781081 0.455756 0.996229 0.521688 0.978878 0.045509 0.242661 0.025161 0.141682 0.133315 0.170967 0.011048 0.156521
0.599117 0.337104 0.606012 0.323314 0.592222 0.316419 0.581879 0.312971 0.550851 0.299181 0.516376 0.378474 0.488795 0.371579 0.499138 0.502586 0.457768 0.481900 0.519823 0.595669 0.488795 0.592222 0.495691 0.623249 0.499138 0.626697 0.481900 0.799074 0.581879 0.778389 0.443978 0.985241 0.561194 0.978346 0.039051 0.191759 0.001921 0.146050 0.113533 0.174540 0.006585 0.183861
0.597393 0.333656 0.604288 0.319866 0.590498 0.316419 0.580155 0.312971 0.549127 0.299181 0.518100 0.378474 0.487072 0.371579 0.500862 0.506033 0.459491 0.488795 0.528442 0.602564 0.497414 0.599117 0.493967 0.623249 0.500862 0.626697 0.473282 0.799074 0.583603 0.785284 0.425016 0.985241 0.593945 0.985241 0.043470 0.136622 0.005996 0.135882 0.131341 0.178950 0.006585 0.190348
0.592685 0.334188 0.602889 0.320582 0.585882 0.313780 0.575679 0.313780 0.545067 0.296773 0.514455 0.378404 0.483844 0.371602 0.497449 0.504252 0.460035 0.487245 0.514455 0.596086 0.490646 0.585882 0.497449 0.623296 0.504252 0.626698 0.460035 0.793361 0.575679 0.786558 0.402213 0.973629 0.616494 0.980431 0.029869 0.067705 0.046861 0.108342 0.101042 0.160417 0.002166 0.202683
0.594797 0.331380 0.601508 0.317957 0.588085 0.314601 0.571307 0.311246 0.544462 0.297823 0.514261 0.378358 0.487416 0.371647 0.500839 0.509228 0.463927 0.492450 0.520973 0.609897 0.490772 0.609897 0.494128 0.623319 0.504195 0.626675 0.453860 0.787745 0.571307 0.787745 0.390103 0.962238 0.621642 0.972305 0.035060 0.040915 0.050345 0.104755 0.095366 0.132659 0.002137 0.202115
0.597039 0.333882 0.600329 0.317434 0.590461 0.314145 0.557566 0.314145 0.547697 0.304276 0.514803 0.373355 0.485197 0.376645 0.508224 0.498355 0.472039 0.495066 0.534539 0.593750 0.511513 0.587171 0.491776 0.623355 0.508224 0.626645 0.449013 0.784539 0.567434 0.781250 0.379934 0.945724 0.606908 0.955592 0.046333 0.045546 0.053312 0.087185 0.102416 0.164104 0.000005 0.198969
0.592498 0.333337 0.599164 0.316671 0.585831 0.313337 0.572498 0.310004 0.545832 0.300004 0.512500 0.376669 0.485834 0.373336 0.499167 0.506667 0.462501 0.500000 0.512500 0.603331 0.469167 0.609998 0.492500 0.623331 0.509166 0.626664 0.442501 0.783327 0.569165 0.779994 0.362503 0.949990 0.592498 0.966656 0.046039 0.079142 0.070659 0.089490 0.076163 0.077254 0.002120 0.215137
0.593541 0.331957 0.600163 0.318713 0.586919 0.315401 0.570363 0.312090 0.543873 0.302157 0.514073 0.375003 0.487583 0.375003 0.494205 0.504139 0.467716 0.504139 0.510761 0.596852 0.471027 0.610097 0.490894 0.623342 0.507450 0.626653 0.447849 0.778967 0.567052 0.775656 0.355136 0.941216 0.576985 0.964394 0.079354 0.104381 0.056272 0.096041 0.104838 0.058534 0.002108 0.207015
0.596667 0.336667 0.603333 0.320000 0.590000 0.316667 0.566667 0.313333 0.546667 0.303333 0.506667 0.373333 0.493333 0.376667 0.496667 0.500000 0.476667 0.493333 0.530000 0.586667 0.516667 0.580000 0.490000 0.623333 0.510000 0.626667 0.460000 0.783333 0.563333 0.786667 0.350000 0.940000 0.563333 0.973333 0.135856 0.102416 0.037809 0.081227 0.141953 0.182807 0.000005 0.161414
0.594595 0.332770 0.601351 0.319257 0.587838 0.315878 0.567568 0.309122 0.543919 0.302365 0.506757 0.373311 0.493243 0.376689 0.493243 0.501689 0.476351 0.498311 0.523649 0.589527 0.513514 0.589527 0.493243 0.623311 0.506757 0.626689 0.476351 0.792230 0.554054 0.792230 0.351351 0.937500 0.543919 0.984797 0.194446 0.105323 0.014537 0.071396 0.139458 0.167075 0.000005 0.120311
0.591667 0.330000 0.598333 0.316667 0.585000 0.313333 0.565000 0.310000 0.541667 0.300000 0.508333 0.373333 0.491667 0.376667 0.501667 0.500000 0.478333 0.496667 0.531667 0.586667 0.515000 0.590000 0.495000 0.623333 0.505000 0.626667 0.485000 0.790000 0.538333 0.796667 0.355000 0.916667 0.525000 0.980000 0.235058 0.084741 0.002115 0.044671 0.122813 0.154377 0.000005 0.080708
0.590000 0.333333 0.593333 0.316667 0.583333 0.313333 0.563333 0.310000 0.540000 0.303333 0.513333 0.373333 0.486667 0.376667 0.503333 0.500000 0.476667 0.496667 0.530000 0.586667 0.510000 0.583333 0.503333 0.623333 0.496667 0.626667 0.500000 0.793333 0.530000 0.800000 0.366667 0.906667 0.510000 0.983333 0.269512 0.095063 0.006485 0.047749 0.120093 0.143340 0.000005 0.066716
0.587164 0.330607 0.590453 0.317450 0.580585 0.314161 0.560850 0.310872 0.537826 0.301004 0.511512 0.373366 0.485199 0.376655 0.504934 0.501645 0.478620 0.501645 0.534536 0.597031 0.511512 0.597031 0.508223 0.623345 0.495066 0.626634 0.504934 0.784515 0.518091 0.794382 0.383234 0.893058 0.491777 0.971999 0.261674 0.090235 0.002308 0.030860 0.112095 0.122436 0.004187 0.049913
0.588472 0.332796 0.594966 0.316562 0.581979 0.316562 0.552759 0.306822 0.539772 0.303576 0.513798 0.371756 0.487825 0.378249 0.507305 0.498377 0.484578 0.501623 0.536525 0.602271 0.517045 0.602271 0.510552 0.621751 0.487825 0.628244 0.530032 0.771098 0.510552 0.787332 0.409905 0.887979 0.481332 0.962653 0.295646 0.097736 0.045419 0.045167 0.103579 0.107701 0.002068 0.003881
0.589869 0.327614 0.593137 0.314542 0.583333 0.311275 0.550654 0.304739 0.540850 0.301471 0.514706 0.373366 0.485294 0.376634 0.508170 0.500817 0.485294 0.504085 0.540850 0.605392 0.521242 0.602124 0.514706 0.621732 0.485294 0.628268 0.544118 0.772059 0.501634 0.791667 0.426471 0.909314 0.465686 0.968137 0.287064 0.095691 0.061501 0.031726 0.112720 0.111868 0.000005 0.029775
0.583871 0.329839 0.590323 0.313710 0.577419 0.310484 0.548387 0.307258 0.535484 0.304032 0.512903 0.375000 0.487097 0.375000 0.506452 0.500806 0.487097 0.500806 0.535484 0.597581 0.522581 0.597581 0.516129 0.623387 0.483871 0.626613 0.551613 0.771774 0.487097 0.791129 0.458065 0.929839 0.448387 0.962097 0.244818 0.077116 0.070581 0.010321 0.109083 0.111868 0.000005 0.068474
0.584388 0.327243 0.587573 0.314506 0.578019 0.311321 0.546175 0.308137 0.536621 0.304952 0.514330 0.375010 0.488854 0.375010 0.507961 0.502388 0.485670 0.502388 0.536621 0.604291 0.517515 0.604291 0.517515 0.623398 0.479301 0.626582 0.555728 0.760329 0.472932 0.788989 0.501592 0.919552 0.434719 0.954581 0.190949 0.059716 0.082546 0.000384 0.103172 0.104367 0.004055 0.099103
0.584388 0.327243 0.587573 0.311321 0.578019 0.311321 0.546175 0.308137 0.536621 0.304952 0.514330 0.375010 0.488854 0.375010 0.511146 0.499204 0.485670 0.499204 0.533437 0.601106 0.511146 0.601106 0.517515 0.623398 0.479301 0.626582 0.552544 0.760329 0.463379 0.785805 0.530252 0.922736 0.418796 0.954581 0.123137 0.050479 0.075638 0.019643 0.076710 0.086139 0.004055 0.111444
0.586739 0.327317 0.589923 0.311401 0.580373 0.311401 0.545359 0.311401 0.538993 0.305035 0.513528 0.375063 0.494430 0.375063 0.507162 0.502387 0.484880 0.499204 0.532627 0.601063 0.510345 0.597880 0.513528 0.623345 0.478514 0.626528 0.558092 0.769768 0.453049 0.788866 0.567641 0.932106 0.405303 0.954387 0.075339 0.039866 0.094042 0.029408 0.096293 0.104828 0.010134 0.143569
0.587730 0.327701 0.590892 0.311893 0.581407 0.311893 0.546631 0.311893 0.540309 0.308732 0.515017 0.375122 0.496048 0.375122 0.505533 0.504742 0.489725 0.501581 0.530824 0.609070 0.518178 0.605909 0.511855 0.621716 0.477079 0.628039 0.559277 0.770304 0.448626 0.789273 0.590892 0.928377 0.391720 0.950507 0.035503 0.052400 0.102416 0.031771 0.098955 0.100653 0.014093 0.153936
0.586369 0.328048 0.589509 0.312344 0.580087 0.312344 0.545540 0.312344 0.539259 0.306063 0.514133 0.375158 0.498430 0.375158 0.501570 0.503926 0.489008 0.503926 0.529836 0.607568 0.517274 0.607568 0.510992 0.623272 0.476445 0.626412 0.558103 0.770884 0.441897 0.786587 0.598931 0.924777 0.375943 0.940481 0.015788 0.061262 0.102365 0.039838 0.115707 0.108000 0.016002 0.165955
0.587516 0.327355 0.590698 0.311443 0.581151 0.308261 0.546145 0.311443 0.539780 0.305079 0.511138 0.375091 0.498409 0.375091 0.488862 0.505569 0.488862 0.499204 0.517503 0.607406 0.520686 0.607406 0.511138 0.623318 0.479314 0.626500 0.555692 0.776072 0.437943 0.788802 0.597063 0.932009 0.361566 0.941557 0.007786 0.068138 0.090334 0.055317 0.141097 0.115490 0.012159 0.169780
0.583579 0.326593 0.586704 0.310971 0.577330 0.310971 0.536712 0.310971 0.533588 0.307846 0.508592 0.376584 0.496094 0.373460 0.489846 0.501562 0.483597 0.498438 0.524215 0.601545 0.517966 0.601545 0.514841 0.623416 0.480472 0.626540 0.552335 0.770265 0.439854 0.782763 0.580455 0.923363 0.352370 0.926488 0.021750 0.093080 0.071514 0.061344 0.152784 0.134142 0.005968 0.160539
0.583333 0.322115 0.586538 0.309295 0.573718 0.306090 0.554487 0.309295 0.528846 0.306090 0.509615 0.376603 0.490385 0.373397 0.496795 0.508013 0.480769 0.498397 0.528846 0.604167 0.512821 0.604167 0.519231 0.623397 0.480769 0.626603 0.554487 0.780449 0.448718 0.786859 0.570513 0.943910 0.336538 0.934295 0.039184 0.144203 0.057896 0.050751 0.133373 0.118095 0.000005 0.133125
0.579727 0.320821 0.583014 0.304382 0.569864 0.304382 0.553425 0.304382 0.527124 0.301094 0.507397 0.376711 0.484383 0.373424 0.497534 0.511507 0.474520 0.501644 0.533699 0.610138 0.507397 0.606850 0.523836 0.623289 0.484383 0.626576 0.553425 0.781098 0.477808 0.787673 0.553425 0.958634 0.339725 0.935620 0.058998 0.226043 0.037809 0.012985 0.135118 0.120849 0.010467 0.071983
0.584120 0.320100 0.584120 0.303443 0.574126 0.303443 0.550805 0.303443 0.527485 0.303443 0.504164 0.376735 0.487507 0.373404 0.490838 0.509994 0.474181 0.503331 0.534148 0.606607 0.514159 0.603276 0.517490 0.623265 0.490838 0.626596 0.550805 0.786508 0.510827 0.793171 0.544142 0.969739 0.357579 0.926430 0.075651 0.310187 0.046892 0.033827 0.165867 0.153652 0.010607 0.026066
0.585866 0.317215 0.585866 0.300212 0.575665 0.300212 0.555261 0.303612 0.528055 0.300212 0.507651 0.375026 0.487248 0.375026 0.500850 0.511052 0.473645 0.500850 0.541658 0.609671 0.517853 0.606270 0.514453 0.623274 0.490648 0.626674 0.545059 0.800108 0.528055 0.800108 0.534857 0.980342 0.375026 0.922531 0.072550 0.352843 0.045833 0.063318 0.140788 0.160673 0.006495 0.013068
0.581602 0.315544 0.585003 0.301944 0.571402 0.298544 0.551002 0.301944 0.527201 0.298544 0.510200 0.376746 0.483000 0.373346 0.503400 0.512750 0.469399 0.502550 0.544201 0.607953 0.513600 0.604553 0.513600 0.624954 0.493200 0.624954 0.540801 0.798359 0.537401 0.794959 0.520401 0.978564 0.391197 0.913962 0.085410 0.363501 0.045167 0.068070 0.144783 0.163543 0.008659 0.031441
0.581527 0.314397 0.584996 0.297051 0.571119 0.297051 0.553773 0.300520 0.526019 0.297051 0.508673 0.376843 0.480919 0.373374 0.498265 0.505204 0.463573 0.494796 0.532957 0.598873 0.508673 0.591934 0.515611 0.623157 0.494796 0.626626 0.529488 0.803556 0.557242 0.796618 0.505204 0.987424 0.415004 0.924978 0.066236 0.378368 0.015473 0.094635 0.138659 0.183527 0.013255 0.087622
0.582416 0.312613 0.585886 0.298732 0.575475 0.295262 0.540774 0.298732 0.526893 0.298732 0.513013 0.375075 0.478312 0.375075 0.506073 0.500000 0.464431 0.489590 0.537304 0.590223 0.513013 0.579813 0.516483 0.621455 0.492192 0.628395 0.509543 0.798431 0.572005 0.788021 0.509543 0.978878 0.460961 0.940707 0.012476 0.347736 0.016959 0.130159 0.123741 0.195622 0.011048 0.160060
0.586174 0.313002 0.586174 0.299214 0.575833 0.295767 0.541364 0.299214 0.531023 0.299214 0.513788 0.375048 0.479318 0.375048 0.510341 0.499138 0.465530 0.492244 0.537917 0.588759 0.517235 0.578418 0.506894 0.623229 0.500000 0.626676 0.503447 0.795577 0.579280 0.778342 0.482765 0.971372 0.493106 0.957585 0.030911 0.295967 0.002472 0.127215 0.103855 0.209298 0.008779 0.159684
0.586199 0.311225 0.586199 0.297433 0.575855 0.293985 0.555167 0.297433 0.531032 0.297433 0.510344 0.376736 0.486208 0.373288 0.506896 0.500862 0.465521 0.497414 0.537927 0.590509 0.517240 0.587061 0.500000 0.624988 0.503448 0.624988 0.496552 0.804281 0.586199 0.776698 0.468968 0.990471 0.534479 0.969783 0.040696 0.242253 0.007134 0.137179 0.114915 0.219133 0.004390 0.165068
0.586797 0.309046 0.590269 0.295159 0.576382 0.291687 0.552078 0.295159 0.531247 0.295159 0.510416 0.375012 0.486112 0.375012 0.503472 0.500000 0.465281 0.496528 0.538191 0.593741 0.517359 0.586797 0.496528 0.624988 0.506944 0.624988 0.489584 0.805526 0.590269 0.784695 0.454865 0.993008 0.579853 0.986064 0.046049 0.169521 0.005428 0.126606 0.130572 0.220607 0.004420 0.165308
0.587321 0.311662 0.587321 0.294540 0.577048 0.294540 0.553077 0.297964 0.529107 0.294540 0.508561 0.376724 0.488015 0.373300 0.501712 0.503424 0.467469 0.500000 0.535956 0.592457 0.515410 0.592457 0.494864 0.623276 0.508561 0.626700 0.481166 0.797917 0.587321 0.784220 0.440074 0.982831 0.614715 0.982831 0.044690 0.103954 0.007249 0.121831 0.134064 0.203437 0.004361 0.172498
0.585866 0.310414 0.585866 0.293410 0.575665 0.293410 0.551860 0.296811 0.528055 0.296811 0.507651 0.375026 0.487248 0.375026 0.504251 0.504251 0.466844 0.500850 0.534857 0.596068 0.514453 0.592668 0.497450 0.623274 0.507651 0.626674 0.470244 0.796707 0.585866 0.789906 0.426036 0.976941 0.636876 0.976941 0.027037 0.057484 0.036453 0.116482 0.110791 0.203437 0.006495 0.191762
0.583302 0.307044 0.583302 0.293444 0.573102 0.290044 0.549302 0.296844 0.525501 0.293444 0.508500 0.375046 0.484700 0.375046 0.498300 0.500850 0.464299 0.497450 0.518701 0.589253 0.488100 0.589253 0.498300 0.623254 0.508500 0.626654 0.460899 0.796659 0.579902 0.789859 0.403097 0.973464 0.644504 0.973464 0.032957 0.023582 0.054545 0.101253 0.097945 0.133315 0.008659 0.198894
0.582466 0.305313 0.585866 0.291710 0.572264 0.291710 0.548459 0.295111 0.528055 0.295111 0.507651 0.373326 0.487248 0.376726 0.497450 0.502550 0.466844 0.499150 0.514453 0.590967 0.490648 0.590967 0.494049 0.624974 0.511052 0.624974 0.453241 0.795007 0.579065 0.795007 0.388629 0.968440 0.636876 0.975241 0.038539 0.022320 0.057787 0.090689 0.085553 0.133315 0.006495 0.196095
0.583598 0.302405 0.583598 0.288895 0.570087 0.288895 0.543065 0.292272 0.526177 0.292272 0.505911 0.373337 0.489023 0.376714 0.492400 0.505067 0.465379 0.505067 0.502533 0.606397 0.465379 0.613152 0.492400 0.623285 0.512666 0.626663 0.451868 0.788792 0.576842 0.788792 0.374181 0.957676 0.624130 0.971187 0.060787 0.039227 0.059260 0.089953 0.064259 0.057986 0.006451 0.196423
0.584166 0.301912 0.584166 0.288309 0.570564 0.288309 0.543358 0.291710 0.526355 0.291710 0.505951 0.373326 0.488948 0.376726 0.495749 0.502550 0.468544 0.505951 0.522954 0.587567 0.499150 0.587567 0.492349 0.621573 0.512752 0.628375 0.448140 0.791606 0.573964 0.791606 0.359723 0.958238 0.611371 0.978642 0.074315 0.051367 0.063544 0.084179 0.123659 0.164048 0.006495 0.195168
0.580765 0.305313 0.584166 0.288309 0.570564 0.288309 0.546759 0.291710 0.522954 0.291710 0.502550 0.373326 0.492349 0.376726 0.499150 0.502550 0.471945 0.502550 0.536557 0.587567 0.526355 0.587567 0.492349 0.621573 0.512752 0.628375 0.448140 0.791606 0.570564 0.791606 0.349521 0.954837 0.590967 0.982042 0.092026 0.074372 0.067894 0.082594 0.140316 0.232390 0.006495 0.189315
