0.575637 0.283289 0.575637 0.269691 0.562039 0.269691 0.538243 0.279889 0.517847 0.279889 0.538243 0.381871 0.470255 0.368273 0.555240 0.517847 0.415865 0.507649 0.616429 0.596033 0.415865 0.636826 0.504249 0.626627 0.487252 0.623228 0.426063 0.810195 0.558640 0.799997 0.347877 0.990363 0.633426 0.983564 0.002161 0.000976 0.084240 0.100984 0.171789 0.118433 0.010823 0.250342
0.577520 0.280360 0.577520 0.266579 0.560293 0.266579 0.553403 0.276915 0.515504 0.280360 0.543067 0.380275 0.467269 0.369939 0.556848 0.518088 0.415589 0.511197 0.615418 0.600776 0.412144 0.642120 0.508613 0.624893 0.481051 0.624893 0.422480 0.807495 0.570629 0.797159 0.329456 0.990098 0.632645 0.996989 0.009682 0.056850 0.095756 0.135447 0.164448 0.103266 0.013164 0.292931
0.576323 0.277970 0.576323 0.264094 0.558977 0.264094 0.552038 0.274501 0.513877 0.277970 0.541631 0.382047 0.468777 0.368170 0.558977 0.517346 0.413270 0.510408 0.611015 0.600607 0.409800 0.642238 0.506938 0.624892 0.482654 0.624892 0.423677 0.808760 0.569384 0.801821 0.312663 0.982221 0.611015 1.000000 0.045871 0.081207 0.090180 0.127888 0.137220 0.110058 0.013255 0.280424
0.571402 0.278143 0.571402 0.261143 0.557802 0.261143 0.534001 0.274743 0.513600 0.281543 0.537401 0.380146 0.469399 0.369946 0.554402 0.512750 0.411597 0.509350 0.608803 0.601153 0.408197 0.638554 0.503400 0.624954 0.489800 0.624954 0.428598 0.801759 0.561202 0.798359 0.302794 0.954764 0.588403 0.992165 0.091643 0.079949 0.083472 0.098923 0.135010 0.116740 0.008659 0.251735
0.567952 0.279367 0.567952 0.265945 0.551173 0.265945 0.531040 0.276012 0.507550 0.282723 0.534395 0.380036 0.467283 0.369969 0.544462 0.514261 0.413593 0.510906 0.588085 0.604863 0.410237 0.638420 0.507550 0.624997 0.490772 0.624997 0.440438 0.799490 0.554529 0.796134 0.302857 0.940426 0.567952 0.987405 0.129290 0.091215 0.082130 0.084280 0.119004 0.107483 0.002137 0.230391
0.566326 0.274660 0.566326 0.261054 0.549320 0.261054 0.528912 0.274660 0.505102 0.281463 0.532313 0.380102 0.467687 0.369898 0.542517 0.519558 0.420068 0.512755 0.579932 0.614796 0.416667 0.642007 0.511905 0.625000 0.488095 0.625000 0.460884 0.808674 0.552721 0.801871 0.307823 0.931122 0.545918 0.992347 0.198978 0.122872 0.059780 0.086098 0.095904 0.094042 0.000005 0.197754
0.565430 0.276027 0.562075 0.262605 0.545298 0.262605 0.541943 0.276027 0.505033 0.282738 0.528521 0.380044 0.468124 0.369978 0.538587 0.520971 0.427859 0.517616 0.565430 0.621633 0.427859 0.648477 0.515099 0.624989 0.488256 0.624989 0.474834 0.806180 0.541943 0.802825 0.327197 0.920264 0.525165 0.994083 0.220983 0.121175 0.052180 0.068247 0.060254 0.084751 0.004273 0.162929
0.559582 0.274086 0.559582 0.260845 0.543031 0.260845 0.536411 0.274086 0.500000 0.280706 0.523171 0.380009 0.470209 0.370079 0.526481 0.522343 0.437108 0.525653 0.546341 0.634886 0.450349 0.648127 0.519861 0.624956 0.486760 0.624956 0.500000 0.797081 0.529791 0.797081 0.347736 0.896384 0.506620 0.985757 0.279482 0.116875 0.032265 0.057339 0.048199 0.101009 0.008429 0.114545
0.567939 0.277730 0.564584 0.264310 0.554519 0.264310 0.524324 0.277730 0.507549 0.284440 0.517614 0.378380 0.477354 0.371670 0.514259 0.522646 0.457223 0.532712 0.534389 0.636717 0.477354 0.660202 0.517614 0.623297 0.487419 0.626652 0.527679 0.804469 0.517614 0.807824 0.380058 0.911829 0.490774 0.992350 0.317514 0.098546 0.017666 0.040010 0.063001 0.089431 0.006408 0.034903
0.565436 0.276007 0.562081 0.262584 0.548658 0.262584 0.541946 0.276007 0.508389 0.279362 0.521812 0.380034 0.478188 0.369966 0.515101 0.527685 0.464765 0.527685 0.535235 0.638423 0.494966 0.651846 0.521812 0.625000 0.478188 0.625000 0.565436 0.796141 0.505034 0.809564 0.407718 0.910235 0.471476 1.000000 0.380101 0.101258 0.079446 0.045977 0.071708 0.102977 0.000005 0.033469
0.567881 0.280629 0.564570 0.267384 0.554636 0.267384 0.541391 0.280629 0.511589 0.283940 0.518212 0.379967 0.481788 0.370033 0.518212 0.528974 0.485099 0.528974 0.548013 0.648179 0.528146 0.654801 0.521523 0.625000 0.478477 0.625000 0.574503 0.787252 0.491722 0.813742 0.435430 0.916391 0.461921 1.000000 0.362247 0.071303 0.096162 0.026434 0.077979 0.098292 0.000005 0.078163
0.566124 0.287921 0.562898 0.275019 0.549996 0.275019 0.537094 0.287921 0.511289 0.291146 0.511289 0.378236 0.485485 0.371785 0.511289 0.523385 0.495162 0.523385 0.546770 0.639504 0.537094 0.639504 0.520966 0.623377 0.482260 0.626602 0.575800 0.781428 0.479034 0.807232 0.482260 0.939480 0.437102 0.991088 0.276401 0.065693 0.093740 0.001658 0.094393 0.090017 0.004108 0.111982
0.563271 0.294370 0.560107 0.281716 0.550617 0.281716 0.534799 0.294370 0.509491 0.294370 0.506327 0.376622 0.487346 0.373458 0.515818 0.518981 0.500000 0.515818 0.556944 0.626542 0.547453 0.623378 0.522145 0.623378 0.484182 0.626542 0.575925 0.778392 0.471528 0.800537 0.512654 0.939733 0.424075 0.980859 0.225259 0.058800 0.085921 0.019131 0.095058 0.104035 0.008057 0.129407
0.564081 0.293337 0.564081 0.280521 0.551265 0.280521 0.532041 0.293337 0.509612 0.293337 0.506408 0.376643 0.487184 0.373439 0.519224 0.520826 0.509612 0.508010 0.573694 0.616949 0.564081 0.610541 0.522429 0.623357 0.483980 0.626561 0.576898 0.783561 0.455143 0.805989 0.557673 0.959785 0.400674 0.982213 0.138910 0.044699 0.083682 0.046694 0.135884 0.102873 0.008160 0.155046
0.564903 0.293273 0.561697 0.280453 0.552082 0.280453 0.529647 0.293273 0.510416 0.293273 0.507211 0.376605 0.491186 0.373400 0.520032 0.517628 0.516827 0.504808 0.584133 0.607370 0.584133 0.604165 0.520032 0.623395 0.481571 0.626600 0.574518 0.786853 0.446315 0.802878 0.587338 0.966337 0.382214 0.979157 0.079718 0.048184 0.085896 0.050751 0.168574 0.128186 0.002040 0.165249
0.566553 0.290602 0.566553 0.277616 0.553567 0.277616 0.534088 0.290602 0.511363 0.290602 0.511363 0.378257 0.491884 0.371764 0.524349 0.517856 0.521102 0.504870 0.595771 0.608757 0.602264 0.602264 0.521102 0.624989 0.475651 0.624989 0.576292 0.793806 0.433447 0.803546 0.612004 0.972363 0.362025 0.978856 0.037743 0.049266 0.088018 0.053504 0.182459 0.152360 0.004133 0.174457
0.569431 0.293340 0.566164 0.280271 0.556362 0.277004 0.533490 0.293340 0.513886 0.290073 0.513886 0.378291 0.491015 0.371757 0.526956 0.515520 0.520421 0.502451 0.602105 0.600471 0.602105 0.593936 0.520421 0.623342 0.474678 0.626610 0.575966 0.796512 0.425668 0.803046 0.621709 0.976216 0.340717 0.976216 0.019460 0.058927 0.090313 0.065868 0.200312 0.161555 0.006240 0.185044
0.567357 0.293870 0.567357 0.284132 0.554373 0.280886 0.534896 0.293870 0.512173 0.293870 0.512173 0.378270 0.492696 0.371778 0.525158 0.514608 0.521911 0.498377 0.599819 0.599007 0.596573 0.592515 0.518665 0.624976 0.476465 0.624976 0.570603 0.793775 0.418035 0.800268 0.609557 0.972313 0.323897 0.965821 0.026638 0.062160 0.086641 0.082040 0.200312 0.141241 0.006200 0.197432
0.568622 0.293318 0.565354 0.280248 0.555551 0.280248 0.532677 0.293318 0.513071 0.290051 0.506535 0.378278 0.496732 0.371743 0.526142 0.518789 0.522874 0.502451 0.598031 0.603749 0.598031 0.597214 0.519606 0.626623 0.477126 0.623355 0.568622 0.796543 0.418308 0.799811 0.591495 0.982802 0.310474 0.959928 0.050497 0.086245 0.072656 0.077663 0.179405 0.150601 0.004162 0.191810
0.568471 0.296975 0.565287 0.284236 0.555732 0.284236 0.523885 0.296975 0.514331 0.296975 0.498408 0.379777 0.501592 0.370223 0.504777 0.516720 0.520701 0.500796 0.574841 0.599522 0.587580 0.596338 0.514331 0.625000 0.485669 0.625000 0.562102 0.790605 0.437898 0.793790 0.571656 0.965764 0.316879 0.930732 0.072048 0.142584 0.068753 0.067923 0.208741 0.148146 0.000005 0.177185
0.566071 0.295420 0.566071 0.285867 0.556518 0.282683 0.521493 0.295420 0.511940 0.295420 0.496020 0.378207 0.499204 0.371839 0.502388 0.518309 0.518309 0.505572 0.569255 0.610649 0.572439 0.607464 0.515125 0.623385 0.489652 0.626569 0.556518 0.795328 0.454626 0.795328 0.553334 0.967271 0.320893 0.919509 0.081093 0.196644 0.050446 0.053208 0.185040 0.110274 0.006081 0.140339
0.568096 0.298114 0.564892 0.285296 0.555278 0.285296 0.510415 0.298114 0.513619 0.298114 0.494392 0.378228 0.500801 0.371819 0.500801 0.522432 0.516824 0.509614 0.548869 0.624977 0.552074 0.621772 0.513619 0.624977 0.491188 0.624977 0.548869 0.801226 0.478369 0.804431 0.532847 0.974271 0.330961 0.919794 0.092222 0.265930 0.038080 0.010615 0.125389 0.060082 0.006120 0.085531
0.568108 0.299684 0.564903 0.283658 0.555287 0.283658 0.510416 0.296479 0.513622 0.296479 0.500801 0.376605 0.497596 0.373400 0.500801 0.520833 0.510416 0.514423 0.536057 0.623395 0.539262 0.629805 0.510416 0.623395 0.491186 0.626600 0.542467 0.799673 0.500801 0.802878 0.513622 0.975952 0.350163 0.905440 0.108879 0.327073 0.044854 0.025402 0.105391 0.049121 0.002040 0.039904
0.576099 0.294037 0.572790 0.280802 0.562864 0.280802 0.539704 0.294037 0.519852 0.290728 0.509926 0.376753 0.500000 0.373444 0.509926 0.525642 0.500000 0.522333 0.539704 0.634827 0.533086 0.644753 0.503309 0.624901 0.486765 0.624901 0.533086 0.813494 0.523161 0.813494 0.506617 0.998779 0.367654 0.919371 0.095015 0.370410 0.058334 0.077420 0.084751 0.084022 0.012641 0.010835
0.573819 0.294482 0.573819 0.277705 0.563753 0.277705 0.520132 0.287771 0.520132 0.291126 0.510066 0.375011 0.493289 0.375011 0.510066 0.522649 0.493289 0.526004 0.536909 0.630022 0.513422 0.646799 0.506711 0.623311 0.489934 0.626666 0.506711 0.817924 0.536909 0.807858 0.496645 1.000000 0.395983 0.928653 0.017036 0.355184 0.004302 0.084991 0.077979 0.052568 0.004273 0.080747
0.577808 0.295548 0.577808 0.282304 0.564564 0.278993 0.541387 0.292237 0.521521 0.292237 0.508277 0.378322 0.495034 0.371700 0.501655 0.520694 0.481790 0.520694 0.511588 0.636577 0.491723 0.649821 0.495034 0.623334 0.501655 0.626644 0.501655 0.815370 0.564564 0.798815 0.478479 0.994162 0.428814 0.934565 0.052005 0.361508 0.028161 0.103243 0.042012 0.052657 0.004216 0.100537
0.572006 0.292260 0.568695 0.275707 0.558763 0.275707 0.522347 0.288949 0.515725 0.288949 0.509104 0.378335 0.485930 0.371714 0.519036 0.524002 0.466066 0.510759 0.558763 0.626631 0.466066 0.636562 0.505794 0.623320 0.499172 0.626631 0.482619 0.805403 0.565384 0.788850 0.446203 0.987487 0.459445 0.951070 0.022537 0.307503 0.035994 0.106832 0.095893 0.045167 0.006323 0.163648
0.572368 0.289474 0.569079 0.276316 0.555921 0.276316 0.546053 0.289474 0.513158 0.289474 0.516447 0.381579 0.483553 0.368421 0.523026 0.523026 0.457237 0.509868 0.569079 0.608553 0.453947 0.634868 0.500000 0.625000 0.500000 0.625000 0.470395 0.805921 0.572368 0.786184 0.427632 0.986842 0.496711 0.967105 0.022251 0.260405 0.030155 0.113952 0.142432 0.050176 0.000005 0.185958
0.572141 0.284415 0.568786 0.270994 0.555364 0.270994 0.545298 0.281060 0.511744 0.284415 0.525165 0.385077 0.478190 0.364945 0.535232 0.529360 0.444636 0.509227 0.585563 0.609889 0.441280 0.636733 0.501678 0.626666 0.494967 0.623311 0.454702 0.811214 0.572141 0.787726 0.404371 0.995761 0.541943 0.985695 0.005410 0.187878 0.048489 0.119053 0.155636 0.064358 0.004273 0.219033
0.572972 0.279407 0.569617 0.265987 0.556197 0.265987 0.546132 0.276052 0.512581 0.279407 0.529356 0.383413 0.475676 0.366638 0.539422 0.520969 0.435416 0.507549 0.596457 0.601489 0.432061 0.635040 0.502516 0.624975 0.492451 0.624975 0.442126 0.809501 0.569617 0.792726 0.385090 0.990672 0.583037 0.994027 0.003595 0.116046 0.065454 0.116595 0.172924 0.080211 0.006408 0.237913
0.576299 0.284517 0.576299 0.267748 0.562884 0.267748 0.536054 0.281163 0.515931 0.281163 0.529346 0.381778 0.479039 0.368363 0.549469 0.515931 0.435439 0.509223 0.606484 0.593068 0.428731 0.633314 0.495808 0.626607 0.495808 0.623253 0.432085 0.807713 0.562884 0.797651 0.365009 0.988819 0.616545 0.985465 0.005215 0.028290 0.064357 0.095964 0.155214 0.078358 0.010677 0.224567
0.580472 0.282894 0.580472 0.269482 0.567060 0.269482 0.536883 0.279541 0.520118 0.279541 0.530177 0.380131 0.479882 0.370072 0.553648 0.514250 0.436293 0.507544 0.617355 0.591369 0.422881 0.631605 0.493294 0.624899 0.496647 0.624899 0.426234 0.802607 0.563707 0.799254 0.352469 0.976962 0.634120 0.980315 0.012542 0.001187 0.067252 0.095964 0.164630 0.063457 0.012811 0.231733
0.580359 0.281150 0.580359 0.264053 0.566681 0.264053 0.553003 0.274311 0.515388 0.277731 0.535905 0.383736 0.477773 0.366638 0.556422 0.513678 0.429900 0.510259 0.614554 0.592327 0.419641 0.643620 0.498290 0.626523 0.488032 0.623103 0.416222 0.800918 0.570100 0.800918 0.330733 0.982153 0.635071 0.992412 0.000300 0.033521 0.091080 0.124914 0.152759 0.077979 0.017424 0.277646
0.578701 0.279296 0.578701 0.265609 0.565014 0.265609 0.551327 0.275874 0.517109 0.275874 0.534218 0.381949 0.476048 0.368262 0.554748 0.515398 0.431565 0.511976 0.616340 0.594099 0.417878 0.645425 0.496578 0.624895 0.493156 0.624895 0.414456 0.802827 0.571857 0.799405 0.311803 0.973915 0.612918 0.997867 0.034381 0.069917 0.088713 0.113669 0.162783 0.063014 0.013074 0.272498
0.579036 0.281589 0.579036 0.267991 0.565438 0.267991 0.548441 0.274790 0.517847 0.278189 0.531444 0.380171 0.477054 0.369973 0.548441 0.512748 0.432862 0.509348 0.606231 0.594333 0.419264 0.641925 0.497450 0.624928 0.494051 0.624928 0.422664 0.798297 0.565438 0.798297 0.303685 0.954669 0.596033 0.995462 0.077402 0.075332 0.085705 0.103145 0.155586 0.065202 0.010823 0.253968
0.574007 0.287847 0.574007 0.271401 0.564139 0.271401 0.518091 0.281269 0.514801 0.281269 0.521380 0.379945 0.475331 0.370077 0.541115 0.518091 0.435861 0.514801 0.597031 0.600320 0.425993 0.639791 0.504934 0.623345 0.498355 0.626634 0.435861 0.791093 0.560850 0.787804 0.304293 0.929239 0.567428 0.975288 0.117904 0.106581 0.102859 0.089255 0.144920 0.059673 0.004187 0.242079
0.574307 0.286878 0.571041 0.273814 0.561242 0.273814 0.515515 0.280346 0.515515 0.283612 0.515515 0.378333 0.476320 0.371800 0.528580 0.522047 0.440391 0.522047 0.580839 0.603703 0.437125 0.646164 0.505716 0.623300 0.502450 0.626566 0.456722 0.789878 0.557976 0.789878 0.313008 0.917261 0.548177 0.972787 0.178099 0.121358 0.078327 0.071789 0.152360 0.066340 0.010399 0.195375
0.572312 0.286351 0.569025 0.273203 0.562451 0.269916 0.513148 0.279777 0.513148 0.279777 0.516435 0.378384 0.473705 0.371810 0.529582 0.519722 0.447409 0.519722 0.569025 0.615042 0.457270 0.651198 0.513148 0.624903 0.496713 0.624903 0.476992 0.795822 0.546017 0.795822 0.329080 0.910864 0.529582 0.976602 0.223227 0.118251 0.062113 0.060535 0.095361 0.079832 0.012558 0.155750
0.574399 0.289203 0.571092 0.272670 0.564479 0.272670 0.514880 0.279283 0.514880 0.279283 0.511573 0.378482 0.475200 0.371868 0.521493 0.523973 0.458667 0.523973 0.554559 0.623172 0.478507 0.649625 0.518186 0.623172 0.495040 0.626478 0.501653 0.798423 0.534720 0.798423 0.352855 0.904234 0.514880 0.983593 0.273298 0.106167 0.038541 0.047439 0.080747 0.084312 0.016849 0.102133
0.581074 0.285493 0.581074 0.268602 0.570939 0.268602 0.520268 0.275358 0.523646 0.275358 0.510134 0.376700 0.486488 0.373322 0.510134 0.525336 0.479732 0.532092 0.540537 0.633434 0.510134 0.660458 0.510134 0.623300 0.493244 0.626678 0.523646 0.805715 0.527025 0.809093 0.375011 0.917192 0.500000 0.998265 0.318703 0.103453 0.023536 0.049800 0.087270 0.087562 0.004302 0.034750
0.576152 0.290581 0.576152 0.277337 0.566219 0.274026 0.543043 0.283959 0.519866 0.280648 0.513244 0.376666 0.483445 0.373355 0.513244 0.528971 0.486756 0.532282 0.543043 0.644855 0.526488 0.651477 0.516555 0.624989 0.486756 0.624989 0.562908 0.790537 0.506622 0.807092 0.410604 0.906421 0.473512 0.995817 0.379866 0.089869 0.082658 0.030400 0.080115 0.095786 0.004216 0.052313
0.576159 0.293874 0.572848 0.277318 0.562914 0.277318 0.543046 0.283940 0.519868 0.280629 0.513245 0.376656 0.486755 0.373344 0.516556 0.525662 0.496689 0.525662 0.556291 0.644868 0.546358 0.644868 0.516556 0.625000 0.483444 0.625000 0.572848 0.787252 0.490066 0.817053 0.433775 0.913080 0.456954 1.000000 0.372200 0.067220 0.102054 0.015160 0.095344 0.104936 0.000005 0.095326
0.567691 0.299344 0.567691 0.283227 0.558021 0.283227 0.516117 0.289674 0.516117 0.286450 0.506447 0.376705 0.483883 0.373482 0.519340 0.521758 0.506447 0.515311 0.567691 0.628130 0.554798 0.628130 0.522564 0.624906 0.487106 0.624906 0.570915 0.782853 0.474213 0.802193 0.480660 0.947246 0.432309 0.985926 0.254379 0.048267 0.073918 0.027190 0.107580 0.078662 0.012316 0.117668
0.568957 0.297185 0.568957 0.280960 0.559222 0.280960 0.520281 0.290695 0.517036 0.284205 0.504056 0.378311 0.487831 0.371821 0.513791 0.514603 0.510546 0.508113 0.575447 0.608709 0.578692 0.608709 0.523527 0.624934 0.484586 0.624934 0.578692 0.780696 0.461871 0.803412 0.510546 0.949439 0.416440 0.985134 0.230520 0.037684 0.083269 0.036215 0.161923 0.136956 0.010331 0.148642
0.573825 0.302052 0.570580 0.289072 0.560845 0.285827 0.531639 0.295562 0.518659 0.289072 0.499189 0.376688 0.492699 0.373443 0.508924 0.519470 0.512169 0.506490 0.583560 0.600596 0.590050 0.594106 0.521904 0.623312 0.486209 0.626557 0.580315 0.788809 0.450513 0.808279 0.557600 0.970531 0.398592 0.990002 0.147584 0.026846 0.078765 0.053579 0.215075 0.185044 0.010331 0.169739
0.577096 0.301986 0.577096 0.289001 0.567357 0.285755 0.531650 0.295493 0.521911 0.289001 0.495942 0.376647 0.499188 0.373401 0.499188 0.519477 0.525158 0.506492 0.583588 0.597384 0.612803 0.594138 0.518665 0.623353 0.486204 0.626599 0.580342 0.788906 0.444004 0.805137 0.590080 0.970690 0.382328 0.986921 0.096480 0.030238 0.084280 0.057571 0.255493 0.188661 0.006200 0.187397
0.578405 0.301538 0.578405 0.288471 0.568604 0.288471 0.529402 0.295005 0.526135 0.288471 0.493466 0.376676 0.500000 0.373409 0.493466 0.520418 0.529402 0.500817 0.588205 0.589022 0.611073 0.582488 0.519601 0.624957 0.486933 0.624957 0.581671 0.798101 0.434663 0.804634 0.617607 0.977778 0.362792 0.984312 0.046735 0.031007 0.076185 0.073591 0.300502 0.177808 0.008320 0.199680
0.580867 0.304776 0.580867 0.288439 0.571065 0.288439 0.531857 0.294974 0.528589 0.288439 0.486114 0.376658 0.508985 0.373390 0.489381 0.523688 0.538391 0.504084 0.590669 0.585768 0.620075 0.582500 0.512253 0.624976 0.492648 0.624976 0.580867 0.798145 0.430569 0.801413 0.623342 0.974582 0.348885 0.974582 0.044883 0.032604 0.086699 0.087051 0.317904 0.186049 0.006240 0.227774
0.579539 0.305211 0.579539 0.292225 0.569799 0.288979 0.527595 0.295472 0.527595 0.288979 0.488637 0.376634 0.508116 0.373387 0.491884 0.522725 0.534088 0.500000 0.592525 0.590901 0.615250 0.584408 0.514609 0.626613 0.488637 0.623366 0.573046 0.795430 0.426954 0.795430 0.605511 0.977232 0.329560 0.961000 0.049827 0.059685 0.073122 0.084815 0.303403 0.179358 0.004133 0.215643
0.578500 0.306153 0.578500 0.293337 0.568888 0.293337 0.524031 0.296541 0.527235 0.293337 0.488786 0.376643 0.504806 0.373439 0.485582 0.514418 0.530439 0.501602 0.575296 0.581704 0.607337 0.588112 0.514418 0.623357 0.491990 0.626561 0.562479 0.793173 0.434316 0.793173 0.588112 0.966193 0.322174 0.946968 0.040975 0.094471 0.054839 0.089972 0.302568 0.168464 0.008160 0.193867
