0.427650 0.316803 0.435615 0.300872 0.422340 0.303528 0.480751 0.290252 0.454201 0.295562 0.528542 0.375213 0.486061 0.375213 0.547127 0.505310 0.486061 0.507965 0.432960 0.518585 0.419685 0.515930 0.496681 0.627442 0.488716 0.622132 0.424995 0.797364 0.525887 0.807984 0.358619 0.985871 0.576332 0.988526 0.019310 0.023895 0.087080 0.059411 0.508320 0.461985 0.018603 0.189909
0.426738 0.314182 0.437394 0.298197 0.421410 0.300861 0.480020 0.287541 0.458707 0.292869 0.530637 0.375455 0.490676 0.375455 0.546621 0.503330 0.485348 0.505994 0.432066 0.516650 0.418746 0.516650 0.490676 0.625877 0.488012 0.623213 0.424074 0.801705 0.530637 0.807033 0.362801 0.988190 0.586582 0.985525 0.014206 0.024153 0.064887 0.075952 0.502736 0.436513 0.027169 0.187785
0.428770 0.311606 0.436758 0.295629 0.423444 0.298292 0.482026 0.284978 0.458061 0.290303 0.529957 0.375513 0.492677 0.375513 0.543271 0.503329 0.484689 0.505991 0.428770 0.516643 0.418118 0.516643 0.487352 0.625818 0.490014 0.623155 0.423444 0.801564 0.532619 0.806890 0.370188 0.990624 0.596527 0.979973 0.023618 0.040058 0.057351 0.075952 0.496191 0.430034 0.028858 0.183546
0.428450 0.311850 0.439050 0.293300 0.425800 0.295950 0.481450 0.285350 0.462900 0.290650 0.529150 0.375450 0.492050 0.375450 0.537100 0.502650 0.478800 0.507950 0.425800 0.513250 0.415200 0.518550 0.486750 0.624550 0.492050 0.624550 0.425800 0.796799 0.534450 0.804749 0.383400 0.984949 0.606000 0.976999 0.037703 0.051760 0.054590 0.073558 0.489644 0.415706 0.027025 0.181815
0.429264 0.311371 0.439743 0.293032 0.426644 0.295652 0.484281 0.285172 0.463322 0.290412 0.528818 0.374247 0.494760 0.376867 0.534058 0.502620 0.479041 0.507860 0.426644 0.513099 0.416165 0.518339 0.484281 0.625753 0.492140 0.623133 0.426644 0.790803 0.531438 0.801283 0.392586 0.976812 0.612653 0.968953 0.049298 0.074471 0.051153 0.072495 0.482028 0.409416 0.030066 0.176050
0.430210 0.312357 0.440744 0.293922 0.427576 0.296555 0.485515 0.286021 0.461813 0.291288 0.527653 0.375563 0.496050 0.375563 0.532920 0.509876 0.482882 0.504609 0.427576 0.517777 0.417042 0.515143 0.485515 0.625754 0.490782 0.623120 0.430210 0.796937 0.525019 0.802204 0.406508 0.986555 0.619828 0.970753 0.059886 0.102971 0.046358 0.066899 0.488648 0.417130 0.030224 0.159597
0.436239 0.307402 0.444127 0.291626 0.430980 0.294256 0.491455 0.283738 0.465161 0.291626 0.530895 0.375765 0.496713 0.375765 0.533524 0.507231 0.483567 0.501972 0.428351 0.509860 0.417834 0.512489 0.488825 0.625550 0.483567 0.622921 0.436239 0.799085 0.515119 0.801715 0.417834 0.988397 0.625550 0.959474 0.062808 0.138800 0.040546 0.072515 0.498409 0.416460 0.035223 0.149258
0.437924 0.308488 0.448490 0.292638 0.435282 0.292638 0.493396 0.284714 0.466981 0.289997 0.533019 0.377168 0.496038 0.374526 0.538302 0.511887 0.488113 0.503962 0.427357 0.511887 0.419433 0.517170 0.493396 0.625474 0.477547 0.622832 0.448490 0.802457 0.501321 0.802457 0.432640 0.995291 0.622832 0.955667 0.052992 0.171548 0.028727 0.065546 0.512476 0.420061 0.037080 0.120982
0.436971 0.308203 0.447815 0.291937 0.434260 0.291937 0.493900 0.286516 0.466791 0.289227 0.531853 0.378687 0.499322 0.373265 0.537275 0.516943 0.491190 0.506100 0.423417 0.522365 0.420706 0.519654 0.496611 0.625380 0.472213 0.622669 0.453237 0.807011 0.480346 0.804300 0.436971 1.000000 0.610470 0.958822 0.049539 0.208540 0.029449 0.048707 0.497330 0.420061 0.039798 0.088860
0.440335 0.307890 0.450825 0.292154 0.437712 0.292154 0.498033 0.286909 0.471806 0.289532 0.529505 0.378702 0.503278 0.373457 0.534750 0.509835 0.492788 0.501967 0.421976 0.517703 0.416731 0.517703 0.495410 0.625232 0.471806 0.622609 0.453448 0.800950 0.474429 0.790459 0.448202 0.997649 0.595071 0.932083 0.066130 0.219616 0.030872 0.044969 0.490554 0.409132 0.041861 0.079590
0.439089 0.307335 0.452330 0.291445 0.436440 0.291445 0.497352 0.286148 0.468220 0.291445 0.529132 0.378839 0.505297 0.373543 0.529132 0.508607 0.494703 0.500662 0.417902 0.519200 0.415254 0.519200 0.494703 0.625133 0.470868 0.622485 0.462923 0.805219 0.452330 0.794626 0.454979 1.000000 0.584746 0.934987 0.043363 0.274879 0.011391 0.009597 0.469776 0.400569 0.043975 0.021452
0.441729 0.308165 0.454824 0.289832 0.439110 0.292451 0.499345 0.287213 0.470537 0.289832 0.528153 0.378875 0.507202 0.373637 0.525534 0.507202 0.496726 0.499345 0.418159 0.520297 0.418159 0.517678 0.494107 0.625053 0.470537 0.622434 0.467918 0.808377 0.439110 0.790045 0.462680 1.000000 0.562199 0.936704 0.036793 0.281255 0.001421 0.012424 0.454877 0.400569 0.045167 0.013831
0.443943 0.301847 0.456980 0.286203 0.441336 0.288810 0.503911 0.286203 0.472624 0.288810 0.527376 0.377458 0.506518 0.374851 0.524769 0.505215 0.493482 0.502607 0.420478 0.513036 0.420478 0.518251 0.496089 0.625149 0.470016 0.622542 0.475231 0.810266 0.423085 0.786801 0.477838 1.000000 0.543020 0.930201 0.040016 0.310296 0.004281 0.042012 0.469676 0.400438 0.043289 0.052870
0.441190 0.301765 0.454406 0.285906 0.438547 0.288549 0.501982 0.285906 0.467622 0.288549 0.523127 0.378416 0.504625 0.373129 0.520484 0.507929 0.496696 0.502643 0.414759 0.518502 0.417402 0.521145 0.501982 0.624227 0.470265 0.624227 0.475551 0.801317 0.417402 0.788102 0.499339 1.000000 0.515198 0.954619 0.084681 0.268358 0.019846 0.056037 0.461779 0.407569 0.035409 0.052165
0.440495 0.299006 0.453719 0.285783 0.440495 0.285783 0.501322 0.285783 0.469587 0.288428 0.525124 0.378346 0.501322 0.373057 0.519835 0.507934 0.493388 0.500000 0.416693 0.515868 0.416693 0.518513 0.503967 0.626943 0.469587 0.621654 0.488099 0.798846 0.414049 0.788267 0.501322 1.000000 0.474876 0.973393 0.049940 0.203467 0.002275 0.062000 0.462578 0.404740 0.033736 0.073117
0.441498 0.302144 0.454644 0.286368 0.438868 0.286368 0.501972 0.286368 0.467791 0.288997 0.525636 0.378394 0.501972 0.373135 0.520377 0.507231 0.494084 0.501972 0.420463 0.517748 0.417834 0.520377 0.504601 0.625550 0.467791 0.622921 0.499343 0.806973 0.415204 0.785939 0.515119 1.000000 0.446756 0.969991 0.034634 0.153368 0.017801 0.056037 0.453632 0.405145 0.035223 0.090102
0.443017 0.300558 0.455967 0.285017 0.443017 0.285017 0.502590 0.287608 0.468918 0.287608 0.523311 0.378263 0.502590 0.373083 0.520721 0.505180 0.497410 0.500000 0.419705 0.512951 0.422295 0.518131 0.505180 0.626917 0.468918 0.621737 0.510361 0.808228 0.417115 0.784917 0.523311 0.997309 0.422295 0.963637 0.012676 0.107071 0.032261 0.055004 0.469068 0.411624 0.033038 0.106940
0.442283 0.298964 0.455253 0.283399 0.439689 0.283399 0.501945 0.285993 0.465629 0.288588 0.522698 0.379378 0.499352 0.371596 0.520104 0.503891 0.496757 0.503891 0.418937 0.511673 0.421531 0.522049 0.509728 0.625810 0.468223 0.623216 0.517510 0.807391 0.418937 0.786639 0.538262 0.994161 0.392997 0.965626 0.021590 0.047424 0.030371 0.054057 0.468932 0.418368 0.028110 0.106870
0.441561 0.300010 0.454548 0.281829 0.438964 0.284426 0.498701 0.287024 0.462340 0.287024 0.522077 0.377928 0.496104 0.372734 0.522077 0.502597 0.496104 0.505195 0.418186 0.510389 0.420783 0.525973 0.511688 0.627266 0.470131 0.622072 0.524674 0.811673 0.420783 0.790894 0.550647 0.996079 0.376630 0.967509 0.022160 0.012543 0.035635 0.057484 0.476171 0.414321 0.023169 0.112902
0.441839 0.298672 0.454621 0.283332 0.439282 0.285889 0.500639 0.288445 0.464847 0.288445 0.521092 0.377925 0.498083 0.372812 0.521092 0.498083 0.495526 0.500639 0.418830 0.513422 0.418830 0.521092 0.510865 0.625910 0.469961 0.623354 0.531318 0.804869 0.421386 0.789529 0.564553 0.986384 0.375368 0.958262 0.021422 0.005770 0.049340 0.054943 0.452607 0.410682 0.024437 0.126744
0.439590 0.298205 0.455014 0.282781 0.439590 0.282781 0.501285 0.287923 0.462726 0.287923 0.521850 0.377895 0.496144 0.372754 0.521850 0.498715 0.493573 0.503856 0.419025 0.514138 0.419025 0.524421 0.511568 0.624676 0.470438 0.624676 0.534704 0.804620 0.424166 0.791767 0.573263 0.987135 0.380466 0.964000 0.025572 0.006897 0.053958 0.053624 0.452607 0.408081 0.022931 0.126695
0.442233 0.298790 0.457811 0.283213 0.442233 0.283213 0.504543 0.285809 0.465600 0.285809 0.522717 0.376678 0.496755 0.374082 0.522717 0.498702 0.494158 0.503894 0.418867 0.516876 0.418867 0.524664 0.512332 0.625918 0.468196 0.623322 0.535699 0.807656 0.426656 0.797271 0.585027 0.989394 0.390308 0.973817 0.043664 0.009985 0.053958 0.038302 0.444854 0.407956 0.024818 0.115319
0.441609 0.298874 0.457180 0.283303 0.441609 0.283303 0.503893 0.288494 0.464965 0.285898 0.524654 0.376729 0.496107 0.374134 0.524654 0.498702 0.493512 0.503893 0.420847 0.514273 0.418252 0.522059 0.511678 0.625866 0.467560 0.623271 0.537630 0.810123 0.431228 0.794552 0.597319 0.989190 0.394896 0.976214 0.057877 0.003705 0.061103 0.030220 0.452607 0.418243 0.026465 0.111074
0.443405 0.299057 0.456123 0.283795 0.440862 0.283795 0.504451 0.288883 0.463754 0.286339 0.524800 0.377908 0.494277 0.372821 0.522256 0.494913 0.489190 0.500000 0.420513 0.512718 0.415426 0.515261 0.514626 0.627179 0.466298 0.622092 0.537518 0.807773 0.428144 0.795056 0.601107 0.975650 0.402708 0.968019 0.075121 0.022631 0.053120 0.033529 0.437936 0.422333 0.024313 0.109244
0.444157 0.299736 0.459562 0.284332 0.444157 0.284332 0.505777 0.289467 0.464697 0.286899 0.528884 0.376761 0.492939 0.374193 0.521182 0.494865 0.482670 0.502567 0.421050 0.512837 0.415915 0.517972 0.513479 0.625807 0.464697 0.623239 0.528884 0.805530 0.433887 0.795260 0.608476 0.977551 0.415915 0.972416 0.110724 0.024231 0.046881 0.020469 0.422739 0.402397 0.027822 0.083630
0.445725 0.299903 0.458804 0.284209 0.443110 0.284209 0.508501 0.286824 0.464035 0.286824 0.532042 0.375757 0.495423 0.375757 0.524195 0.498692 0.484960 0.509155 0.419569 0.517002 0.416953 0.527464 0.508501 0.624243 0.464035 0.624243 0.511117 0.807339 0.440494 0.804723 0.615743 0.982588 0.424800 0.987819 0.166774 0.014069 0.034613 0.001290 0.424564 0.391372 0.035039 0.045833
0.446542 0.299368 0.462382 0.283529 0.443902 0.283529 0.509900 0.288809 0.465021 0.286169 0.533659 0.375925 0.496700 0.375925 0.523099 0.497360 0.486141 0.510560 0.420143 0.518479 0.417503 0.529039 0.504620 0.624075 0.465021 0.624075 0.496700 0.816787 0.446542 0.808867 0.615495 0.985740 0.435983 0.996300 0.208141 0.013811 0.024006 0.008691 0.407989 0.391372 0.038750 0.018651
0.446890 0.297519 0.460168 0.284242 0.444235 0.284242 0.507966 0.286897 0.465479 0.286897 0.531866 0.374528 0.497345 0.377184 0.526555 0.496681 0.484067 0.512614 0.420336 0.515269 0.415025 0.528546 0.502656 0.624144 0.468134 0.624144 0.481412 0.815339 0.449546 0.812683 0.611530 0.974668 0.446890 1.000000 0.253209 0.026861 0.001857 0.006195 0.431023 0.396700 0.037277 0.003943
0.446959 0.297782 0.462871 0.284521 0.444307 0.281869 0.507956 0.287173 0.465523 0.287173 0.534477 0.374691 0.497348 0.377343 0.529172 0.499337 0.484088 0.509945 0.420439 0.515249 0.415135 0.528509 0.500000 0.623983 0.468175 0.623983 0.470828 0.812278 0.452263 0.812278 0.603430 0.960793 0.454915 1.000000 0.280928 0.031256 0.005183 0.010639 0.440209 0.384561 0.040630 0.022091
0.446324 0.296703 0.462427 0.280600 0.443640 0.280600 0.510735 0.285968 0.462427 0.285968 0.534889 0.374533 0.494632 0.377216 0.529522 0.500671 0.481213 0.519458 0.422170 0.516774 0.416802 0.532876 0.502684 0.624125 0.467794 0.624125 0.462427 0.814675 0.459743 0.817358 0.588565 0.964967 0.470478 1.000000 0.288531 0.030921 0.025427 0.021208 0.439070 0.404680 0.037676 0.053019
0.444573 0.296989 0.460600 0.280962 0.441901 0.280962 0.506010 0.286304 0.460600 0.286304 0.532722 0.374454 0.495325 0.377125 0.532722 0.500000 0.479298 0.508014 0.423203 0.516027 0.412518 0.524041 0.500668 0.622875 0.471285 0.625546 0.449915 0.809859 0.460600 0.817873 0.572790 0.959447 0.479298 1.000000 0.303258 0.048515 0.043519 0.013043 0.453746 0.386240 0.035787 0.066700
0.443714 0.296045 0.459606 0.280152 0.441065 0.280152 0.507284 0.285450 0.462255 0.285450 0.528474 0.375508 0.494040 0.375508 0.533772 0.502649 0.486094 0.510595 0.422524 0.515893 0.417226 0.523839 0.494040 0.624492 0.483445 0.624492 0.427821 0.796662 0.475499 0.817852 0.541718 0.958237 0.494040 0.997968 0.312323 0.045726 0.073131 0.000449 0.475539 0.420822 0.028705 0.103801
0.440062 0.294593 0.456225 0.278430 0.437368 0.278430 0.504714 0.283818 0.458919 0.283818 0.526265 0.375409 0.493939 0.375409 0.537041 0.502020 0.488551 0.512796 0.423898 0.515490 0.418511 0.526265 0.496633 0.625938 0.483163 0.623244 0.421205 0.801039 0.475082 0.806427 0.518184 0.986916 0.510102 0.989609 0.282543 0.074162 0.091996 0.000218 0.489309 0.427049 0.025753 0.115438
0.440003 0.294957 0.455827 0.279134 0.440003 0.279134 0.503296 0.284408 0.461101 0.281771 0.527031 0.374073 0.492748 0.376710 0.537580 0.500659 0.482199 0.516483 0.421543 0.511208 0.416269 0.532306 0.495385 0.624608 0.484836 0.624608 0.416269 0.790752 0.484836 0.803939 0.490110 0.970083 0.505934 0.983269 0.265797 0.037277 0.101467 0.010155 0.497607 0.401046 0.025210 0.141463
0.444301 0.291622 0.457407 0.278516 0.441680 0.278516 0.504587 0.283759 0.462649 0.281137 0.528177 0.375497 0.494103 0.375497 0.541282 0.501311 0.488860 0.517037 0.425954 0.509174 0.420711 0.527522 0.488860 0.624503 0.488860 0.624503 0.415469 0.789632 0.496724 0.805359 0.465270 0.975731 0.512450 0.986216 0.216356 0.013779 0.083277 0.020531 0.511369 0.439626 0.028405 0.146956
0.441888 0.293018 0.454947 0.277348 0.439277 0.277348 0.501959 0.282571 0.462782 0.282571 0.525465 0.373983 0.491512 0.376594 0.538523 0.499347 0.488900 0.509794 0.426218 0.509794 0.423606 0.522853 0.488900 0.624711 0.494124 0.624711 0.415771 0.786641 0.501959 0.802311 0.428830 0.972075 0.515018 0.982522 0.157405 0.008992 0.088930 0.010684 0.503513 0.430926 0.021632 0.149059
0.436291 0.291139 0.452054 0.275376 0.436291 0.275376 0.499343 0.280630 0.459936 0.280630 0.522988 0.375209 0.491462 0.375209 0.541378 0.501314 0.483580 0.511822 0.423155 0.506568 0.417901 0.522331 0.488835 0.624791 0.496716 0.624791 0.415273 0.787676 0.509852 0.806066 0.394256 0.974206 0.522988 0.989969 0.099310 0.000350 0.091736 0.016326 0.531957 0.431155 0.018408 0.158051
0.437259 0.291516 0.452944 0.278445 0.437259 0.278445 0.500000 0.283673 0.458172 0.281059 0.523528 0.375171 0.489543 0.375171 0.541828 0.503268 0.486929 0.513725 0.421573 0.508496 0.418959 0.521567 0.492157 0.626136 0.494772 0.623522 0.421573 0.796060 0.515685 0.809132 0.369289 0.979056 0.531371 0.986899 0.036733 0.007701 0.085735 0.029015 0.531336 0.457428 0.016650 0.161033
0.437609 0.289347 0.453710 0.273246 0.434926 0.273246 0.502013 0.278613 0.459077 0.275929 0.526164 0.375218 0.488595 0.375218 0.542265 0.504025 0.483228 0.512076 0.421508 0.517443 0.416141 0.522810 0.493962 0.624782 0.491279 0.624782 0.426875 0.801892 0.520797 0.812626 0.357105 0.992419 0.547632 0.997786 0.003522 0.003803 0.074410 0.046192 0.504360 0.437022 0.018803 0.164870
0.439963 0.289871 0.453305 0.273861 0.437295 0.273861 0.501334 0.279197 0.463978 0.276529 0.528017 0.375257 0.487993 0.375257 0.541359 0.503335 0.482656 0.511340 0.423953 0.516677 0.415948 0.522014 0.493329 0.626078 0.490661 0.623409 0.426622 0.802186 0.522681 0.810191 0.359914 0.988968 0.560037 0.994304 0.006069 0.009678 0.071512 0.050620 0.497021 0.437022 0.020398 0.169298
0.436597 0.289316 0.452447 0.273465 0.436597 0.273465 0.500000 0.278749 0.463015 0.276107 0.523776 0.376496 0.489433 0.373854 0.539627 0.500660 0.484149 0.511228 0.420746 0.513869 0.415462 0.521795 0.489433 0.624825 0.497358 0.624825 0.426029 0.801826 0.523776 0.809752 0.367910 0.986753 0.566045 0.989395 0.012560 0.028391 0.065745 0.035119 0.505193 0.439174 0.016826 0.154656
0.439594 0.289892 0.455352 0.276761 0.436968 0.274134 0.502626 0.279387 0.463231 0.276761 0.526263 0.376562 0.489495 0.373935 0.536769 0.505253 0.481616 0.510505 0.421210 0.513132 0.415957 0.521011 0.489495 0.626065 0.494747 0.623438 0.429089 0.796777 0.526263 0.807282 0.384441 0.983248 0.576164 0.985874 0.033450 0.032686 0.061683 0.047342 0.504258 0.431155 0.020077 0.162298
0.440950 0.288731 0.456696 0.275608 0.438325 0.272984 0.506561 0.280857 0.464570 0.275608 0.527557 0.375338 0.490814 0.375338 0.538055 0.506561 0.480317 0.514435 0.425203 0.511810 0.417329 0.524932 0.488190 0.624662 0.493439 0.624662 0.430452 0.797877 0.527557 0.803126 0.396334 0.981589 0.587920 0.981589 0.043967 0.043691 0.052568 0.056777 0.510616 0.423454 0.023412 0.162544
0.442723 0.288873 0.458707 0.275553 0.442723 0.272889 0.506660 0.280881 0.464035 0.275553 0.530637 0.374123 0.490676 0.376787 0.535965 0.504662 0.480020 0.512654 0.421410 0.515318 0.413418 0.523311 0.488012 0.624545 0.490676 0.624545 0.432066 0.800373 0.525309 0.808365 0.405426 0.992186 0.597238 0.989522 0.054127 0.061034 0.044390 0.059277 0.483460 0.424584 0.027169 0.157333
0.446200 0.288162 0.462340 0.274713 0.443510 0.272022 0.510760 0.280093 0.465030 0.277403 0.534970 0.374242 0.489240 0.376933 0.540350 0.508743 0.481170 0.514122 0.424680 0.516813 0.416610 0.524882 0.491930 0.624412 0.483860 0.624412 0.438130 0.801952 0.516140 0.807333 0.416610 1.000000 0.607600 0.987562 0.059379 0.093878 0.039426 0.062518 0.490554 0.428729 0.030873 0.149258
0.448645 0.289972 0.464447 0.276804 0.446011 0.274170 0.511851 0.279437 0.467080 0.279437 0.532920 0.374246 0.490782 0.376880 0.538187 0.508559 0.480248 0.508559 0.422309 0.513826 0.414408 0.516460 0.490782 0.624437 0.485515 0.624437 0.443378 0.803521 0.509218 0.803521 0.427576 0.993139 0.606660 0.972070 0.055904 0.124966 0.029257 0.048657 0.498018 0.436574 0.030224 0.124255
0.450727 0.288061 0.466927 0.274561 0.448028 0.271861 0.515524 0.279961 0.466927 0.277261 0.537123 0.377156 0.491225 0.374456 0.537123 0.512149 0.477726 0.506750 0.421029 0.512149 0.412929 0.522949 0.499325 0.625544 0.472326 0.622844 0.448028 0.809134 0.502025 0.806435 0.437228 1.000000 0.607320 0.973826 0.069539 0.127680 0.038658 0.075222 0.500000 0.389652 0.036172 0.137777
0.453283 0.290439 0.469300 0.274422 0.450613 0.274422 0.517352 0.279761 0.469300 0.279761 0.536039 0.378535 0.493326 0.373196 0.538709 0.509343 0.479978 0.504004 0.423917 0.512013 0.413239 0.522691 0.498665 0.626804 0.471970 0.621465 0.455952 0.808335 0.490657 0.797656 0.445274 1.000000 0.602778 0.955160 0.056598 0.163286 0.025998 0.060949 0.499094 0.380730 0.037475 0.107193
0.453084 0.288549 0.468943 0.275333 0.450441 0.275333 0.516520 0.280620 0.468943 0.277977 0.532378 0.378416 0.495375 0.373129 0.529735 0.507929 0.479516 0.500000 0.421367 0.510573 0.413437 0.518502 0.498018 0.626871 0.474229 0.621584 0.461014 0.806604 0.484802 0.790745 0.455727 1.000000 0.595814 0.938761 0.056145 0.184964 0.020887 0.046894 0.485743 0.373515 0.035409 0.084500
0.451251 0.288975 0.467278 0.275619 0.448579 0.272948 0.515359 0.280962 0.467278 0.278290 0.531387 0.379796 0.496661 0.371782 0.523373 0.510685 0.477963 0.500000 0.416525 0.513356 0.411183 0.518698 0.499332 0.625546 0.472620 0.622875 0.461935 0.807188 0.464607 0.796503 0.467278 1.000000 0.587482 0.943419 0.073006 0.236391 0.023345 0.015703 0.472580 0.367003 0.035787 0.049950
