0.422523 0.302693 0.426655 0.286164 0.422523 0.286164 0.451448 0.286164 0.501033 0.282032 0.459712 0.372938 0.542354 0.377070 0.414259 0.509297 0.542354 0.513429 0.368806 0.624996 0.484505 0.612599 0.463844 0.624996 0.534090 0.624996 0.401863 0.786147 0.513429 0.798544 0.422523 0.980356 0.529958 0.992752 0.150611 0.064742 0.122093 0.027110 0.016737 0.168091 0.002632 0.079159
0.422523 0.302693 0.426655 0.286164 0.422523 0.286164 0.451448 0.286164 0.501033 0.282032 0.459712 0.372938 0.542354 0.377070 0.418391 0.509297 0.542354 0.517561 0.368806 0.624996 0.488637 0.612599 0.463844 0.624996 0.534090 0.624996 0.401863 0.782015 0.513429 0.798544 0.422523 0.980356 0.529958 0.992752 0.152710 0.064742 0.124890 0.027110 0.035223 0.163755 0.002632 0.081956
0.424610 0.302747 0.428741 0.286223 0.424610 0.286223 0.449396 0.286223 0.503098 0.282092 0.461789 0.372973 0.544408 0.377104 0.416348 0.505164 0.536146 0.517557 0.375038 0.620831 0.474181 0.612569 0.461789 0.624962 0.532015 0.624962 0.399824 0.781938 0.519622 0.802593 0.403955 0.976093 0.540277 0.992617 0.126444 0.056635 0.119672 0.006269 0.003797 0.165249 0.007891 0.097500
0.424610 0.302747 0.428741 0.286223 0.424610 0.286223 0.449396 0.286223 0.503098 0.282092 0.461789 0.372973 0.544408 0.377104 0.416348 0.505164 0.536146 0.517557 0.375038 0.620831 0.474181 0.612569 0.461789 0.624962 0.532015 0.624962 0.399824 0.781938 0.519622 0.798462 0.403955 0.976093 0.540277 0.992617 0.126444 0.056434 0.119672 0.006795 0.003797 0.165249 0.007891 0.096974
0.430844 0.304919 0.430844 0.288404 0.430844 0.288404 0.451488 0.288404 0.505161 0.284275 0.463874 0.370978 0.546448 0.379235 0.418458 0.494839 0.529933 0.515483 0.381300 0.614572 0.455616 0.602185 0.459745 0.622829 0.529933 0.626958 0.401943 0.787977 0.521676 0.800364 0.389557 0.973769 0.542319 0.990284 0.085978 0.049610 0.101949 0.006044 0.016082 0.187167 0.013146 0.092021
0.430844 0.304919 0.434973 0.288404 0.430844 0.288404 0.455616 0.288404 0.505161 0.284275 0.463874 0.370978 0.546448 0.379235 0.418458 0.494839 0.525804 0.511354 0.385428 0.614572 0.455616 0.602185 0.459745 0.622829 0.529933 0.626958 0.401943 0.787977 0.521676 0.800364 0.389557 0.977898 0.542319 0.990284 0.086437 0.049610 0.101949 0.006044 0.026190 0.160075 0.013146 0.092021
0.430711 0.303682 0.434911 0.286885 0.430711 0.286885 0.455907 0.282686 0.506299 0.282686 0.460107 0.370871 0.548292 0.379270 0.422313 0.492651 0.535694 0.513648 0.388718 0.614431 0.476904 0.606033 0.460107 0.622830 0.531495 0.627029 0.401316 0.790802 0.527296 0.807599 0.380320 0.979771 0.556691 0.996568 0.071944 0.056523 0.107167 0.014146 0.010107 0.150641 0.010695 0.099766
0.430711 0.303682 0.434911 0.286885 0.430711 0.286885 0.455907 0.282686 0.506299 0.282686 0.460107 0.370871 0.548292 0.379270 0.422313 0.492651 0.535694 0.513648 0.388718 0.614431 0.476904 0.606033 0.460107 0.622830 0.531495 0.627029 0.401316 0.790802 0.527296 0.807599 0.380320 0.979771 0.556691 0.996568 0.071944 0.056523 0.107167 0.014146 0.010107 0.150641 0.010695 0.099766
0.432407 0.300339 0.436566 0.283701 0.428247 0.283701 0.457364 0.283701 0.507279 0.279541 0.465683 0.371053 0.548875 0.379372 0.419928 0.500000 0.540556 0.512479 0.390811 0.624788 0.498960 0.612309 0.457364 0.624788 0.528077 0.624788 0.407449 0.791172 0.532237 0.799491 0.374172 0.974194 0.561354 0.986673 0.035524 0.041544 0.082341 0.034488 0.035570 0.105797 0.018547 0.100351
0.432407 0.300339 0.436566 0.283701 0.428247 0.283701 0.457364 0.283701 0.507279 0.279541 0.465683 0.371053 0.548875 0.379372 0.419928 0.500000 0.540556 0.512479 0.390811 0.624788 0.498960 0.612309 0.457364 0.624788 0.528077 0.624788 0.407449 0.791172 0.532237 0.799491 0.374172 0.974194 0.561354 0.986673 0.035524 0.041544 0.082341 0.034488 0.035570 0.105797 0.018547 0.100351
0.427446 0.291940 0.431714 0.274868 0.427446 0.279136 0.453053 0.279136 0.508536 0.274868 0.461589 0.373030 0.551215 0.377298 0.423178 0.505335 0.551215 0.513871 0.393303 0.624836 0.512804 0.616300 0.457321 0.624836 0.529875 0.624836 0.410374 0.799820 0.534143 0.808355 0.367695 0.983339 0.572554 0.996143 0.010702 0.056822 0.078041 0.034774 0.011961 0.114200 0.016309 0.090837
0.428059 0.292641 0.432291 0.275714 0.428059 0.279945 0.453450 0.279945 0.508464 0.275714 0.461914 0.373045 0.550782 0.377277 0.423827 0.504232 0.550782 0.512695 0.394204 0.622723 0.512695 0.614259 0.457682 0.622723 0.529623 0.626955 0.411132 0.796227 0.533855 0.804691 0.368814 0.978196 0.571941 0.990891 0.010702 0.056646 0.078041 0.034488 0.011961 0.114200 0.016171 0.091013
0.426715 0.290468 0.430844 0.273953 0.426715 0.278082 0.451488 0.278082 0.505161 0.273953 0.459745 0.373042 0.550577 0.377171 0.426715 0.509290 0.554705 0.513418 0.406072 0.624893 0.525804 0.616636 0.459745 0.624893 0.529933 0.624893 0.410201 0.790042 0.534062 0.790042 0.368914 0.959319 0.575349 0.971705 0.016624 0.063179 0.092774 0.034421 0.019457 0.096544 0.013146 0.100730
0.427725 0.290404 0.431855 0.273884 0.427725 0.278014 0.452505 0.278014 0.506195 0.273884 0.460765 0.373003 0.547495 0.377133 0.427725 0.509292 0.555755 0.513422 0.407076 0.624932 0.526845 0.620802 0.460765 0.624932 0.530975 0.624932 0.411206 0.790131 0.535105 0.790131 0.369906 0.959460 0.576405 0.971850 0.016624 0.063179 0.092774 0.029145 0.019457 0.102982 0.010519 0.100730
0.428741 0.290354 0.428741 0.273830 0.428741 0.277961 0.449396 0.277961 0.507229 0.273830 0.457658 0.372973 0.548539 0.377104 0.428741 0.513426 0.556801 0.517557 0.416348 0.637354 0.523753 0.629093 0.461789 0.624962 0.532015 0.624962 0.416348 0.790200 0.536146 0.790200 0.375038 0.955439 0.589848 0.967831 0.007444 0.085496 0.090641 0.029145 0.032906 0.110393 0.007891 0.093380
0.428741 0.290354 0.428741 0.273830 0.428741 0.277961 0.449396 0.277961 0.507229 0.273830 0.457658 0.372973 0.548539 0.377104 0.428741 0.513426 0.556801 0.517557 0.416348 0.637354 0.523753 0.633224 0.461789 0.624962 0.532015 0.624962 0.416348 0.790200 0.536146 0.790200 0.370907 0.959570 0.589848 0.967831 0.001987 0.085496 0.090641 0.029145 0.032906 0.107288 0.007891 0.093380
0.422269 0.290966 0.422269 0.274160 0.422269 0.278361 0.443277 0.282563 0.502101 0.274160 0.451681 0.375000 0.548319 0.375000 0.426471 0.517857 0.560924 0.513655 0.413866 0.639706 0.531513 0.627101 0.464286 0.627101 0.535714 0.622899 0.413866 0.790966 0.539916 0.790966 0.376050 0.967437 0.594538 0.971639 0.027822 0.085496 0.110917 0.024127 0.022788 0.109605 0.000006 0.102971
0.422269 0.290966 0.422269 0.274160 0.422269 0.278361 0.443277 0.282563 0.502101 0.274160 0.451681 0.375000 0.548319 0.375000 0.426471 0.517857 0.560924 0.513655 0.413866 0.639706 0.535714 0.627101 0.464286 0.627101 0.535714 0.622899 0.413866 0.790966 0.539916 0.790966 0.376050 0.967437 0.594538 0.971639 0.027822 0.085496 0.110917 0.024127 0.022788 0.098462 0.000006 0.102971
0.420554 0.290262 0.424791 0.277550 0.424791 0.277550 0.445977 0.281787 0.505296 0.277550 0.454451 0.375004 0.547668 0.375004 0.433265 0.519067 0.568853 0.514830 0.416317 0.646181 0.547668 0.633470 0.462925 0.624996 0.534956 0.624996 0.424791 0.794481 0.543431 0.794481 0.386657 0.972441 0.606988 0.972441 0.003254 0.093286 0.081233 0.032073 0.004285 0.104113 0.002697 0.086349
0.420554 0.290262 0.424791 0.277550 0.424791 0.277550 0.445977 0.281787 0.505296 0.277550 0.454451 0.375004 0.547668 0.375004 0.433265 0.519067 0.568853 0.514830 0.416317 0.646181 0.547668 0.633470 0.462925 0.624996 0.534956 0.624996 0.424791 0.794481 0.543431 0.794481 0.386657 0.972441 0.606988 0.972441 0.003254 0.093286 0.081233 0.032073 0.004285 0.104113 0.002697 0.086349
0.424580 0.293134 0.433200 0.275895 0.424580 0.275895 0.454748 0.280205 0.502155 0.275895 0.459058 0.375019 0.545252 0.375019 0.446129 0.517239 0.562491 0.517239 0.441819 0.646530 0.540942 0.637911 0.463368 0.624981 0.532323 0.624981 0.433200 0.797370 0.540942 0.801679 0.398722 0.986997 0.627136 0.974067 0.002101 0.132069 0.060633 0.031965 0.018251 0.094644 0.005488 0.070661
0.424580 0.293134 0.433200 0.275895 0.424580 0.275895 0.454748 0.280205 0.502155 0.275895 0.459058 0.375019 0.545252 0.375019 0.446129 0.517239 0.562491 0.517239 0.441819 0.646530 0.536632 0.637911 0.463368 0.624981 0.532323 0.624981 0.433200 0.797370 0.540942 0.801679 0.398722 0.986997 0.627136 0.974067 0.002101 0.132069 0.060633 0.031965 0.018251 0.105589 0.005488 0.070661
0.423517 0.297482 0.432135 0.280246 0.423517 0.280246 0.457988 0.280246 0.505386 0.280246 0.457988 0.375042 0.548475 0.375042 0.445061 0.508618 0.561402 0.517236 0.427826 0.629267 0.548475 0.629267 0.462297 0.624958 0.531240 0.624958 0.436444 0.801623 0.539857 0.801623 0.410590 0.986906 0.634653 0.969671 0.002124 0.147971 0.051741 0.037433 0.014459 0.065424 0.008230 0.061769
0.423517 0.297482 0.432135 0.280246 0.423517 0.280246 0.457988 0.280246 0.505386 0.280246 0.457988 0.375042 0.548475 0.375042 0.445061 0.508618 0.561402 0.517236 0.427826 0.629267 0.548475 0.629267 0.462297 0.624958 0.531240 0.624958 0.436444 0.801623 0.539857 0.801623 0.410590 0.986906 0.634653 0.969671 0.002124 0.147971 0.051741 0.037433 0.014459 0.065424 0.008230 0.061769
0.425225 0.300243 0.429497 0.283151 0.425225 0.283151 0.455135 0.283151 0.506409 0.283151 0.455135 0.372882 0.549138 0.377155 0.438043 0.496795 0.561957 0.509614 0.412406 0.607890 0.532047 0.607890 0.463681 0.624982 0.532047 0.624982 0.442316 0.800170 0.536319 0.795897 0.425225 0.983904 0.634596 0.958266 0.009102 0.165294 0.049414 0.029874 0.028563 0.124750 0.005440 0.046584
0.425225 0.300243 0.429497 0.283151 0.425225 0.283151 0.455135 0.287424 0.506409 0.283151 0.455135 0.372882 0.549138 0.377155 0.438043 0.496795 0.561957 0.505341 0.412406 0.607890 0.532047 0.607890 0.463681 0.624982 0.532047 0.624982 0.442316 0.800170 0.536319 0.795897 0.425225 0.983904 0.634596 0.958266 0.009102 0.165294 0.049414 0.029874 0.028563 0.122060 0.005440 0.046584
0.425026 0.298981 0.429372 0.281596 0.425026 0.281596 0.455450 0.285942 0.511952 0.281596 0.455450 0.372869 0.551070 0.377216 0.438065 0.490221 0.568455 0.507606 0.425026 0.581494 0.498913 0.564109 0.464143 0.624958 0.529338 0.624958 0.451104 0.803158 0.533684 0.798811 0.438065 0.994397 0.637997 0.955280 0.001576 0.179211 0.034221 0.035807 0.001647 0.325004 0.008302 0.031205
0.425026 0.298981 0.429372 0.281596 0.425026 0.281596 0.455450 0.285942 0.511952 0.281596 0.455450 0.372869 0.551070 0.377216 0.438065 0.490221 0.568455 0.507606 0.425026 0.581494 0.498913 0.564109 0.464143 0.624958 0.529338 0.624958 0.451104 0.803158 0.533684 0.798811 0.438065 0.994397 0.637997 0.955280 0.001576 0.179211 0.034221 0.035807 0.001647 0.325004 0.008302 0.031205
0.426561 0.296123 0.430945 0.278585 0.426561 0.278585 0.457252 0.282970 0.509865 0.278585 0.457252 0.375043 0.549325 0.375043 0.439714 0.493423 0.571247 0.506577 0.422176 0.589881 0.509865 0.563574 0.466021 0.624957 0.527403 0.624957 0.452867 0.804719 0.527403 0.795950 0.448483 0.997635 0.641398 0.949406 0.016016 0.203373 0.034414 0.027851 0.010432 0.314352 0.008375 0.023249
0.426538 0.296060 0.430924 0.278517 0.426538 0.278517 0.452853 0.282903 0.509868 0.278517 0.452853 0.375005 0.549340 0.375005 0.439695 0.493421 0.571269 0.506579 0.422152 0.589909 0.514254 0.563594 0.466010 0.624995 0.531797 0.624995 0.452853 0.804813 0.527411 0.796041 0.448467 0.997788 0.641442 0.949544 0.016016 0.211533 0.039987 0.014141 0.022026 0.302568 0.002792 0.015089
0.423068 0.294847 0.427528 0.277008 0.427528 0.277008 0.454287 0.281468 0.512265 0.277008 0.458746 0.370665 0.552403 0.379584 0.440907 0.491080 0.574702 0.513380 0.418608 0.589197 0.507805 0.562438 0.463206 0.624876 0.525644 0.624876 0.458746 0.807729 0.516724 0.803269 0.458746 1.000000 0.641600 0.959364 0.007761 0.230679 0.013346 0.018686 0.024318 0.351158 0.014201 0.008140
0.423068 0.294847 0.427528 0.277008 0.427528 0.277008 0.454287 0.281468 0.512265 0.277008 0.458746 0.370665 0.552403 0.379584 0.440907 0.491080 0.574702 0.513380 0.418608 0.584737 0.507805 0.562438 0.463206 0.624876 0.525644 0.624876 0.458746 0.807729 0.516724 0.803269 0.458746 1.000000 0.641600 0.959364 0.007761 0.230679 0.013346 0.018686 0.027586 0.351158 0.014201 0.008140
0.426285 0.291331 0.435358 0.273186 0.430822 0.273186 0.462576 0.277722 0.512475 0.273186 0.462576 0.372984 0.553301 0.377520 0.439894 0.504536 0.571446 0.513609 0.408140 0.631552 0.517011 0.604334 0.462576 0.627016 0.521547 0.622480 0.467112 0.813003 0.507939 0.803931 0.471648 1.000000 0.639491 0.953628 0.000524 0.253321 0.007761 0.017205 0.023632 0.214213 0.020229 0.031591
0.426285 0.291331 0.435358 0.273186 0.430822 0.273186 0.462576 0.277722 0.512475 0.273186 0.462576 0.372984 0.553301 0.377520 0.439894 0.504536 0.571446 0.513609 0.408140 0.631552 0.517011 0.604334 0.462576 0.627016 0.521547 0.622480 0.467112 0.813003 0.507939 0.803931 0.471648 1.000000 0.639491 0.953628 0.000524 0.253321 0.007761 0.017205 0.023632 0.214213 0.020229 0.031591
0.427869 0.295449 0.432175 0.278223 0.432175 0.278223 0.453707 0.282530 0.513996 0.282530 0.462319 0.372963 0.548446 0.377269 0.436481 0.502153 0.557059 0.510766 0.397724 0.622731 0.518302 0.618425 0.466626 0.627037 0.522608 0.622731 0.470932 0.794985 0.496770 0.782066 0.479545 0.980158 0.617348 0.915562 0.006634 0.285001 0.002762 0.017789 0.036161 0.130501 0.013712 0.059332
0.427243 0.294759 0.431586 0.277384 0.431586 0.277384 0.453305 0.281728 0.514117 0.281728 0.461992 0.372946 0.548867 0.377290 0.435930 0.503258 0.557554 0.511945 0.396837 0.624882 0.518461 0.620538 0.466336 0.624882 0.522805 0.624882 0.470680 0.798631 0.496742 0.785600 0.479367 0.985411 0.618366 0.920255 0.006837 0.285001 0.002469 0.017789 0.036161 0.130501 0.013831 0.059128
0.427481 0.299179 0.431944 0.281328 0.431944 0.281328 0.454257 0.285791 0.512272 0.281328 0.463183 0.375045 0.543511 0.375045 0.431944 0.504463 0.561362 0.508925 0.391780 0.624955 0.516735 0.607104 0.472108 0.624955 0.521198 0.624955 0.472108 0.807925 0.476571 0.794537 0.485496 1.000000 0.605989 0.941806 0.021189 0.311401 0.011364 0.053563 0.027025 0.177992 0.008524 0.081909
0.428123 0.302061 0.432546 0.284368 0.432546 0.284368 0.454662 0.288791 0.512164 0.284368 0.463508 0.372832 0.543126 0.377256 0.432546 0.505529 0.560819 0.509952 0.392737 0.624956 0.516587 0.607263 0.472355 0.624956 0.521010 0.624956 0.472355 0.806308 0.476778 0.793038 0.485625 1.000000 0.605051 0.939005 0.021189 0.311401 0.011164 0.053563 0.029450 0.177992 0.008449 0.081909
0.430822 0.298136 0.430822 0.279990 0.430822 0.279990 0.453503 0.284527 0.512475 0.279990 0.462576 0.370716 0.553301 0.379789 0.430822 0.497732 0.562374 0.515877 0.394532 0.615675 0.512475 0.615675 0.467112 0.624748 0.517011 0.624748 0.471648 0.810735 0.467112 0.797126 0.494330 1.000000 0.589592 0.951360 0.027461 0.303322 0.002075 0.042874 0.017037 0.168773 0.020229 0.097453
0.430822 0.298136 0.430822 0.279990 0.430822 0.279990 0.453503 0.284527 0.512475 0.279990 0.462576 0.370716 0.553301 0.379789 0.430822 0.497732 0.562374 0.515877 0.394532 0.615675 0.512475 0.615675 0.467112 0.624748 0.517011 0.624748 0.471648 0.810735 0.467112 0.797126 0.494330 1.000000 0.594128 0.951360 0.027461 0.308982 0.002075 0.042874 0.017037 0.168773 0.020229 0.097453
0.429446 0.295393 0.434150 0.276579 0.429446 0.276579 0.452964 0.281282 0.514111 0.276579 0.462371 0.370651 0.556443 0.380058 0.429446 0.502352 0.570554 0.521166 0.387114 0.624646 0.532925 0.643460 0.462371 0.624646 0.518814 0.624646 0.476482 0.822197 0.467075 0.812790 0.556443 1.000000 0.523518 1.000000 0.108148 0.176056 0.022698 0.036834 0.028096 0.126741 0.023978 0.108121
0.428222 0.295257 0.432929 0.276430 0.428222 0.276430 0.451756 0.281137 0.517650 0.276430 0.456463 0.370565 0.560011 0.379978 0.428222 0.502353 0.569424 0.525887 0.385862 0.620022 0.536477 0.643555 0.461169 0.624728 0.522357 0.624728 0.470583 0.817704 0.470583 0.822411 0.578838 0.977733 0.503530 1.000000 0.173803 0.131755 0.009621 0.032946 0.042801 0.107409 0.020990 0.097051
0.428290 0.289496 0.428290 0.270990 0.432916 0.275617 0.442169 0.280243 0.516193 0.275617 0.456049 0.372772 0.553204 0.377399 0.419037 0.506940 0.557831 0.506940 0.372772 0.622601 0.493060 0.590216 0.465302 0.627228 0.525446 0.622601 0.469928 0.812286 0.465302 0.803033 0.506940 1.000000 0.539325 0.974212 0.049293 0.232334 0.003613 0.066534 0.035440 0.221780 0.011784 0.110372
0.430662 0.289676 0.430662 0.275809 0.435285 0.275809 0.444530 0.280431 0.518490 0.275809 0.458397 0.372881 0.555470 0.377504 0.421417 0.506934 0.555470 0.506934 0.375192 0.622496 0.490755 0.590139 0.463020 0.627119 0.523113 0.622496 0.472265 0.812019 0.467642 0.802774 0.509245 1.000000 0.541602 0.969184 0.041347 0.228140 0.010115 0.053216 0.035440 0.210417 0.017666 0.110917
0.429296 0.287887 0.434009 0.273746 0.434009 0.273746 0.448150 0.278460 0.518854 0.273746 0.457577 0.372732 0.551850 0.377446 0.424582 0.495286 0.551850 0.509427 0.372732 0.598986 0.467005 0.584845 0.462291 0.627268 0.528282 0.622554 0.452864 0.811099 0.476432 0.806386 0.518854 1.000000 0.523568 0.990217 0.118726 0.167403 0.022203 0.056994 0.063870 0.268703 0.012006 0.071197
0.429358 0.288075 0.434068 0.273947 0.434068 0.273947 0.448196 0.278656 0.518838 0.273947 0.462324 0.372845 0.551804 0.377554 0.424649 0.495291 0.547094 0.509419 0.372845 0.598898 0.462324 0.584770 0.462324 0.627155 0.523547 0.622446 0.452906 0.810823 0.476453 0.806114 0.518838 1.000000 0.523547 0.985073 0.118726 0.161805 0.016309 0.043330 0.052569 0.257339 0.017998 0.063587
0.434948 0.301480 0.439434 0.283534 0.434948 0.283534 0.461866 0.279048 0.515702 0.283534 0.466352 0.368775 0.556079 0.382234 0.425975 0.494392 0.560566 0.534769 0.376626 0.611037 0.542620 0.664873 0.457380 0.624496 0.520189 0.624496 0.461866 0.803949 0.484298 0.799463 0.511216 0.992375 0.515702 0.983403 0.073579 0.118228 0.019120 0.017584 0.028407 0.052989 0.028599 0.072357
0.434948 0.301480 0.439434 0.283534 0.434948 0.283534 0.461866 0.283534 0.515702 0.283534 0.466352 0.368775 0.556079 0.382234 0.430462 0.494392 0.560566 0.534769 0.376626 0.606550 0.542620 0.664873 0.457380 0.624496 0.520189 0.624496 0.461866 0.803949 0.484298 0.799463 0.511216 0.996862 0.515702 0.983403 0.071762 0.118228 0.019120 0.017584 0.053864 0.052989 0.028599 0.072357
0.434362 0.303085 0.438888 0.284978 0.438888 0.284978 0.461522 0.284978 0.515844 0.284978 0.470576 0.370987 0.552058 0.380040 0.434362 0.479629 0.556585 0.520371 0.380040 0.552058 0.502263 0.624487 0.466049 0.624487 0.511317 0.624487 0.479629 0.805558 0.461522 0.796505 0.524897 1.000000 0.493210 0.977576 0.047306 0.144837 0.029512 0.037122 0.102416 0.163336 0.028858 0.113519
0.433178 0.302931 0.437708 0.284810 0.437708 0.284810 0.460360 0.284810 0.514724 0.284810 0.469420 0.370886 0.550966 0.379947 0.433178 0.479614 0.555496 0.520386 0.378814 0.552099 0.496602 0.620053 0.469420 0.624584 0.510193 0.624584 0.478481 0.805796 0.460360 0.796736 0.523784 1.000000 0.492072 0.977948 0.055232 0.144837 0.015903 0.037122 0.102416 0.180149 0.025986 0.105593
