0.481321 0.287403 0.497623 0.269743 0.466378 0.272460 0.527509 0.275177 0.448719 0.279252 0.576413 0.370268 0.418833 0.379777 0.614449 0.500679 0.391664 0.511547 0.614449 0.624298 0.378079 0.629732 0.553319 0.622940 0.451435 0.627015 0.557395 0.806330 0.459586 0.811764 0.564187 0.991080 0.482680 0.999230 0.004622 0.024982 0.036084 0.027700 0.090334 0.028297 0.006054 0.006962
0.480432 0.284407 0.496910 0.267928 0.465327 0.269301 0.527121 0.273421 0.446102 0.277541 0.576556 0.369545 0.417264 0.380531 0.619126 0.500000 0.389800 0.513732 0.619126 0.623589 0.374695 0.633201 0.554585 0.623589 0.451594 0.626335 0.558705 0.808972 0.459834 0.815838 0.569690 0.997101 0.483178 1.000000 0.011494 0.024906 0.034533 0.030340 0.100402 0.024690 0.007868 0.006758
0.480022 0.287019 0.496275 0.269411 0.465124 0.272120 0.526072 0.274829 0.446162 0.280247 0.574831 0.369638 0.417719 0.380473 0.619527 0.498307 0.391986 0.513206 0.620881 0.622913 0.377087 0.633748 0.554515 0.622913 0.452934 0.626976 0.558578 0.808467 0.461061 0.813885 0.569414 0.995376 0.486794 1.000000 0.011463 0.028805 0.032448 0.031336 0.102960 0.021814 0.009486 0.006861
0.479179 0.288485 0.495043 0.272621 0.463315 0.273943 0.524126 0.276587 0.446130 0.281875 0.571717 0.369125 0.419690 0.381023 0.617986 0.494712 0.393251 0.511898 0.620630 0.618977 0.377387 0.629553 0.554531 0.622943 0.454062 0.626909 0.563785 0.804053 0.465959 0.810663 0.578327 0.982519 0.489755 0.995739 0.009629 0.020121 0.037769 0.023627 0.105589 0.020790 0.010943 0.004330
0.479791 0.288960 0.494368 0.271732 0.463888 0.274383 0.523522 0.275708 0.445335 0.281009 0.572555 0.369798 0.417506 0.380400 0.618938 0.495693 0.392327 0.512921 0.624239 0.620263 0.377749 0.630865 0.556653 0.622913 0.453286 0.626889 0.567254 0.807118 0.466538 0.812419 0.581832 0.979395 0.494368 0.997948 0.008571 0.024695 0.038272 0.023188 0.098823 0.020623 0.012658 0.004398
0.480221 0.288694 0.496044 0.271552 0.464398 0.274190 0.523735 0.275508 0.445937 0.280783 0.573842 0.369129 0.418247 0.380996 0.619993 0.495715 0.393193 0.511538 0.626586 0.619663 0.380007 0.628893 0.555381 0.622300 0.452530 0.627575 0.568567 0.800311 0.468354 0.809541 0.587028 0.970411 0.500000 0.994146 0.010875 0.026432 0.046704 0.016365 0.094368 0.024740 0.010075 0.004073
0.480113 0.288204 0.496023 0.270969 0.464204 0.273621 0.523864 0.273621 0.445642 0.280250 0.574244 0.369078 0.419127 0.381010 0.620647 0.496354 0.391285 0.512264 0.631254 0.620979 0.379353 0.630259 0.554358 0.622304 0.452271 0.627608 0.563638 0.799961 0.464204 0.810567 0.583525 0.977617 0.501326 0.998830 0.018871 0.041240 0.041560 0.021799 0.084258 0.034454 0.008441 0.004118
0.480308 0.290493 0.494512 0.273706 0.463522 0.276289 0.521629 0.274998 0.445444 0.282745 0.571988 0.369260 0.419619 0.380881 0.615891 0.494512 0.393794 0.508716 0.628803 0.613308 0.382172 0.624930 0.553910 0.622347 0.454483 0.627512 0.560366 0.794085 0.468687 0.805706 0.586192 0.961949 0.504842 0.982609 0.036629 0.038853 0.034659 0.019382 0.072850 0.031726 0.010689 0.013358
0.480138 0.290484 0.494233 0.272544 0.463479 0.276388 0.522425 0.273825 0.445539 0.282795 0.571120 0.369933 0.421191 0.380185 0.615971 0.494233 0.395562 0.508329 0.628785 0.613408 0.382748 0.621097 0.550617 0.622378 0.457072 0.627504 0.537803 0.797936 0.490389 0.803062 0.545491 0.981183 0.540366 0.970931 0.036541 0.032405 0.002601 0.013839 0.076130 0.026816 0.009791 0.082892
0.479659 0.289168 0.495157 0.271087 0.464162 0.274962 0.522278 0.274962 0.446081 0.281419 0.572645 0.369239 0.420252 0.380862 0.616555 0.494511 0.395714 0.510009 0.632053 0.615909 0.382799 0.623658 0.553273 0.622367 0.453830 0.627532 0.549399 0.795423 0.471911 0.807047 0.577811 0.980103 0.509363 0.989143 0.055715 0.032616 0.017188 0.011113 0.066896 0.023749 0.009045 0.039078
0.481456 0.289183 0.495771 0.270965 0.464539 0.274869 0.523099 0.274869 0.446320 0.282677 0.572550 0.368565 0.418992 0.381578 0.616795 0.496096 0.395568 0.511712 0.633712 0.618422 0.382554 0.624928 0.554331 0.622326 0.454128 0.627531 0.549125 0.796705 0.467141 0.805814 0.579056 0.998412 0.508784 0.998412 0.056390 0.044587 0.013315 0.021974 0.062554 0.020262 0.010772 0.032692
0.481258 0.286274 0.497041 0.269176 0.464160 0.271806 0.524661 0.273121 0.444431 0.279698 0.574640 0.369134 0.418126 0.380971 0.619358 0.498027 0.394452 0.512495 0.635141 0.622975 0.381300 0.624290 0.554911 0.622975 0.452323 0.626921 0.548335 0.801847 0.468105 0.809739 0.573325 1.000000 0.507563 1.000000 0.048860 0.035015 0.012992 0.016563 0.066302 0.019412 0.009212 0.039109
0.483770 0.288033 0.498052 0.269855 0.465592 0.272452 0.525319 0.275049 0.447414 0.281541 0.574659 0.369833 0.420147 0.380221 0.618806 0.497079 0.395477 0.507466 0.634387 0.621727 0.383791 0.616533 0.552586 0.623025 0.452608 0.626921 0.543497 0.804804 0.464293 0.808700 0.564272 1.000000 0.492859 1.000000 0.047048 0.026538 0.011778 0.021209 0.066715 0.026982 0.006613 0.036337
0.483040 0.287022 0.497391 0.268758 0.464775 0.272671 0.524788 0.273976 0.445206 0.281804 0.573058 0.369213 0.417809 0.380954 0.620024 0.498369 0.393022 0.507502 0.635680 0.623612 0.382585 0.615784 0.553489 0.622307 0.455643 0.627526 0.539138 0.804953 0.476517 0.811476 0.558708 1.000000 0.527397 1.000000 0.053817 0.047121 0.000381 0.012497 0.071434 0.030984 0.011630 0.060925
0.481732 0.286332 0.497390 0.269369 0.464769 0.271979 0.524792 0.274588 0.446501 0.281113 0.574376 0.369842 0.417795 0.380281 0.618741 0.499021 0.390393 0.508155 0.635704 0.622981 0.382564 0.615152 0.554803 0.622981 0.453026 0.626896 0.541755 0.810879 0.460855 0.812184 0.539145 1.000000 0.492171 1.000000 0.018140 0.036731 0.002490 0.031726 0.062012 0.043944 0.009970 0.035511
0.482846 0.286391 0.498382 0.269561 0.464722 0.272150 0.524274 0.276034 0.445303 0.281212 0.574763 0.370540 0.416822 0.379602 0.617485 0.498705 0.388341 0.505178 0.634315 0.620398 0.381867 0.611336 0.555344 0.624282 0.453071 0.625576 0.537220 0.815883 0.455660 0.811999 0.520390 1.000000 0.477668 1.000000 0.003890 0.031740 0.005707 0.042153 0.058672 0.051608 0.010716 0.034442
0.483536 0.284682 0.499032 0.267896 0.466750 0.270478 0.526148 0.274352 0.446090 0.279517 0.575216 0.371197 0.416391 0.378944 0.617828 0.500323 0.386692 0.505488 0.637197 0.622993 0.381527 0.610080 0.555847 0.624284 0.452546 0.625575 0.540352 0.815391 0.451255 0.810225 0.515818 1.000000 0.487410 1.000000 0.012582 0.060968 0.001436 0.048559 0.051612 0.057671 0.010689 0.023527
0.485976 0.284540 0.501275 0.266691 0.468127 0.270516 0.526773 0.274340 0.447729 0.279440 0.575220 0.371234 0.417131 0.378883 0.617292 0.498725 0.387808 0.506375 0.636416 0.621117 0.383983 0.609643 0.556096 0.623667 0.451553 0.626216 0.539522 0.813629 0.443904 0.808529 0.506375 1.000000 0.491076 0.997216 0.025199 0.091327 0.003634 0.057366 0.052123 0.060176 0.009741 0.014355
0.487314 0.284333 0.502537 0.266573 0.469553 0.269110 0.529178 0.274184 0.450524 0.279259 0.576118 0.371869 0.417539 0.378212 0.617982 0.500000 0.389629 0.505075 0.637012 0.619251 0.383286 0.611639 0.554551 0.624325 0.451792 0.625594 0.535522 0.812082 0.441643 0.805739 0.500000 1.000000 0.497463 0.988421 0.024736 0.112307 0.005024 0.061709 0.050152 0.050005 0.008077 0.014237
0.488067 0.283944 0.503140 0.266358 0.471737 0.268870 0.530775 0.273895 0.451639 0.278920 0.577253 0.371874 0.418979 0.378155 0.617449 0.498744 0.388832 0.505025 0.636291 0.620589 0.382551 0.616821 0.553386 0.624358 0.450383 0.625614 0.535800 0.812779 0.442846 0.803986 0.498116 1.000000 0.499372 0.979845 0.030476 0.112436 0.000378 0.053622 0.048829 0.056397 0.004798 0.016181
0.490764 0.283251 0.505542 0.267241 0.473522 0.269704 0.532635 0.275862 0.453818 0.278325 0.578202 0.373153 0.421798 0.376847 0.616379 0.498768 0.389778 0.503695 0.633621 0.620690 0.384852 0.618227 0.551108 0.625616 0.448892 0.624384 0.535099 0.809113 0.445197 0.799261 0.495690 1.000000 0.498153 0.966749 0.036300 0.104200 0.006328 0.041426 0.049201 0.065024 0.000003 0.020978
0.492246 0.283815 0.507134 0.266446 0.474877 0.268927 0.534428 0.273890 0.455026 0.277612 0.580333 0.373142 0.421528 0.376864 0.616312 0.504653 0.391752 0.508374 0.634922 0.628718 0.379346 0.626237 0.550557 0.624997 0.447582 0.624997 0.530706 0.811096 0.441379 0.802411 0.495968 1.000000 0.489765 0.977344 0.020325 0.097021 0.003634 0.044426 0.037612 0.037492 0.002370 0.022700
0.492919 0.283883 0.508928 0.267875 0.476911 0.269106 0.536019 0.274032 0.457208 0.277726 0.580351 0.373778 0.422728 0.376241 0.616063 0.506773 0.393173 0.510467 0.632071 0.633611 0.377164 0.628685 0.549565 0.624991 0.447356 0.624991 0.532325 0.815863 0.442430 0.806011 0.496614 1.000000 0.483068 0.979643 0.027711 0.081840 0.010142 0.040073 0.043539 0.026142 0.003920 0.020013
0.494767 0.284515 0.510774 0.267276 0.477528 0.268507 0.537864 0.275895 0.457826 0.277127 0.582192 0.374403 0.422117 0.375634 0.616670 0.511082 0.393797 0.512313 0.628983 0.639142 0.375326 0.630522 0.550177 0.625597 0.445513 0.624366 0.532938 0.815224 0.436894 0.804142 0.498461 1.000000 0.483685 0.990075 0.025293 0.093725 0.011494 0.045102 0.048141 0.015699 0.005487 0.013608
0.495680 0.281833 0.511726 0.264552 0.479634 0.265786 0.538881 0.274427 0.458650 0.274427 0.583317 0.374407 0.421620 0.375642 0.617878 0.512652 0.391996 0.513886 0.628987 0.641022 0.371013 0.631147 0.551225 0.624976 0.443838 0.624976 0.535178 0.817531 0.432729 0.810125 0.500617 1.000000 0.484571 0.991571 0.027042 0.107661 0.014083 0.047365 0.050502 0.010829 0.006287 0.007389
0.495558 0.283249 0.512140 0.266667 0.480161 0.267851 0.538198 0.276142 0.461210 0.277327 0.582022 0.374450 0.424492 0.375635 0.614002 0.509475 0.393697 0.508291 0.622293 0.635025 0.374746 0.621996 0.548858 0.625550 0.444628 0.624365 0.532276 0.805583 0.433968 0.793739 0.502665 0.996277 0.478976 0.965482 0.019800 0.101592 0.012564 0.045719 0.053035 0.020039 0.008295 0.009229
0.496124 0.282657 0.512820 0.267154 0.480621 0.268346 0.540249 0.275502 0.461540 0.276694 0.583181 0.374484 0.425764 0.375676 0.616572 0.509242 0.392372 0.510435 0.623727 0.634460 0.370906 0.626113 0.547404 0.626113 0.443652 0.623727 0.534286 0.809766 0.430534 0.797840 0.505665 1.000000 0.472273 0.975531 0.023836 0.097376 0.022258 0.046852 0.059147 0.018912 0.011390 0.001248
0.496753 0.284201 0.513285 0.267669 0.481402 0.268850 0.541625 0.275935 0.462508 0.275935 0.582954 0.375126 0.428264 0.375126 0.616018 0.507380 0.392839 0.508561 0.620741 0.627826 0.370403 0.623103 0.546348 0.626645 0.442434 0.623103 0.534540 0.809676 0.436530 0.799048 0.501476 0.996249 0.463689 0.971451 0.035322 0.060413 0.025496 0.028847 0.065503 0.021032 0.014288 0.009830
0.494108 0.284352 0.510606 0.267854 0.478789 0.269032 0.540066 0.276103 0.461113 0.276103 0.582488 0.375089 0.426939 0.375089 0.613127 0.505892 0.390408 0.508249 0.616662 0.624911 0.366840 0.622554 0.547136 0.626090 0.443436 0.623733 0.541244 0.814635 0.443436 0.802850 0.515319 1.000000 0.451685 0.984325 0.033821 0.014459 0.034595 0.021089 0.063787 0.020503 0.012006 0.009944
0.493799 0.282386 0.510334 0.265851 0.479626 0.268213 0.541043 0.275300 0.461910 0.275300 0.583561 0.374510 0.426478 0.375691 0.613088 0.503248 0.391045 0.506791 0.614269 0.622537 0.366243 0.620175 0.548129 0.626080 0.441832 0.623718 0.543405 0.813872 0.443013 0.802061 0.522145 1.000000 0.445375 0.987491 0.027003 0.001947 0.036533 0.017572 0.068614 0.015472 0.012786 0.010114
0.493413 0.281127 0.510180 0.264360 0.479041 0.265557 0.541319 0.272743 0.462274 0.273941 0.585633 0.374545 0.426344 0.375742 0.613179 0.503892 0.390414 0.508683 0.610784 0.623659 0.364065 0.622461 0.547308 0.626054 0.440716 0.623659 0.544912 0.817680 0.440716 0.806901 0.522157 1.000000 0.440716 1.000000 0.032297 0.000000 0.044155 0.018432 0.073156 0.011585 0.015255 0.003978
0.494272 0.278723 0.511154 0.261841 0.478596 0.263047 0.543713 0.270282 0.462920 0.271488 0.588330 0.373987 0.425538 0.376398 0.614859 0.505426 0.388156 0.510250 0.606418 0.623602 0.361626 0.626013 0.546125 0.626013 0.440008 0.623602 0.537683 0.818953 0.443626 0.811717 0.514772 1.000000 0.436390 1.000000 0.021511 0.017220 0.038898 0.012491 0.086092 0.014981 0.017666 0.020038
0.493114 0.278758 0.509880 0.261992 0.477546 0.263190 0.543410 0.270375 0.461979 0.271572 0.587719 0.374559 0.424855 0.375757 0.611669 0.503892 0.388930 0.509880 0.598496 0.618854 0.361387 0.624842 0.547003 0.626039 0.440423 0.623644 0.536225 0.816445 0.441621 0.812853 0.505089 1.000000 0.430843 1.000000 0.030310 0.018095 0.033094 0.017950 0.094601 0.008455 0.016016 0.020013
0.491594 0.279653 0.508406 0.261641 0.475984 0.262842 0.543229 0.270047 0.460374 0.271248 0.587658 0.373316 0.423149 0.376918 0.610474 0.504203 0.387125 0.511408 0.594863 0.615877 0.360707 0.626684 0.548032 0.625484 0.441161 0.624283 0.551634 0.821214 0.447165 0.816411 0.527618 1.000000 0.439960 1.000000 0.042285 0.020610 0.055472 0.013193 0.099142 0.011598 0.013765 0.004086
0.491335 0.277696 0.508067 0.260963 0.475798 0.262158 0.542728 0.268134 0.459065 0.270525 0.586950 0.372115 0.423209 0.378091 0.609658 0.501195 0.386159 0.514342 0.590535 0.609957 0.361060 0.627885 0.548704 0.625494 0.441137 0.624299 0.547509 0.823895 0.447113 0.822700 0.521215 1.000000 0.441137 1.000000 0.038116 0.018474 0.045769 0.013553 0.110832 0.015265 0.012938 0.011502
0.490304 0.281101 0.507933 0.263472 0.476200 0.264647 0.542017 0.271699 0.459746 0.274049 0.586678 0.372774 0.424487 0.377475 0.607833 0.500881 0.390404 0.510284 0.585503 0.607833 0.364547 0.623112 0.546718 0.625463 0.442117 0.624288 0.546718 0.824088 0.449168 0.822913 0.530264 1.000000 0.460921 1.000000 0.025267 0.006668 0.049924 0.011401 0.117614 0.008257 0.014221 0.011296
0.489174 0.280839 0.506730 0.264453 0.473958 0.265624 0.540672 0.271476 0.457572 0.273817 0.585148 0.372132 0.422460 0.377984 0.607386 0.497367 0.389688 0.510241 0.583977 0.605045 0.362769 0.627283 0.548865 0.624942 0.443527 0.624942 0.550035 0.821572 0.450550 0.819232 0.530138 1.000000 0.463424 1.000000 0.032896 0.008037 0.047268 0.015589 0.124077 0.005357 0.009688 0.009605
0.487249 0.283797 0.504250 0.267929 0.472514 0.269063 0.537120 0.274730 0.456646 0.276997 0.582457 0.372205 0.423777 0.377872 0.602859 0.494616 0.392040 0.507084 0.580190 0.598892 0.365971 0.622694 0.548454 0.624961 0.445312 0.624961 0.546187 0.816512 0.452112 0.814245 0.520118 1.000000 0.472514 1.000000 0.037365 0.020294 0.038800 0.016241 0.120706 0.006070 0.007938 0.015198
0.486917 0.284826 0.504732 0.268124 0.472442 0.269237 0.535909 0.275918 0.455740 0.278145 0.580447 0.372788 0.423450 0.377242 0.601602 0.493041 0.393387 0.507516 0.580447 0.595478 0.368891 0.619974 0.549270 0.625542 0.446833 0.624428 0.547043 0.811488 0.459081 0.810374 0.522547 1.000000 0.480236 1.000000 0.035995 0.012912 0.035254 0.009084 0.120258 0.003922 0.004962 0.024748
0.487032 0.282863 0.503587 0.266308 0.471582 0.268515 0.535592 0.274034 0.456131 0.277344 0.579737 0.372256 0.424126 0.377774 0.601809 0.495861 0.395432 0.508001 0.581944 0.597395 0.371152 0.618363 0.548835 0.624985 0.447302 0.624985 0.544421 0.811497 0.461649 0.810393 0.516830 1.000000 0.487032 1.000000 0.036883 0.016321 0.031195 0.005174 0.117749 0.000000 0.004918 0.032115
0.486051 0.281468 0.502462 0.265058 0.470735 0.267246 0.534188 0.273810 0.454324 0.277092 0.579043 0.372272 0.423692 0.377743 0.602018 0.496991 0.396341 0.507932 0.584514 0.605300 0.373366 0.619522 0.549505 0.624992 0.447760 0.624992 0.548411 0.809883 0.463077 0.810977 0.518872 1.000000 0.494803 1.000000 0.046843 0.024971 0.035154 0.004735 0.108989 0.001281 0.003482 0.028038
0.484849 0.281387 0.501082 0.265154 0.469697 0.266236 0.532467 0.272729 0.452381 0.277058 0.576839 0.371213 0.424243 0.378789 0.601731 0.495671 0.396105 0.509740 0.588744 0.606060 0.375542 0.623375 0.549783 0.624458 0.449135 0.625540 0.554112 0.808439 0.466451 0.810603 0.528138 0.998913 0.496753 1.000000 0.050628 0.019967 0.041367 0.002304 0.100110 0.010390 0.001379 0.022209
0.481571 0.280453 0.498665 0.265496 0.466614 0.266565 0.529647 0.272975 0.450589 0.277248 0.575586 0.370195 0.422811 0.379810 0.602295 0.499466 0.395034 0.515491 0.592680 0.612711 0.376872 0.630873 0.551014 0.623395 0.450589 0.626600 0.563834 0.802878 0.470887 0.811425 0.528578 0.991977 0.501870 1.000000 0.081370 0.016027 0.053492 0.000862 0.091816 0.014581 0.002040 0.012121
0.481728 0.281262 0.498676 0.265373 0.466898 0.267492 0.529395 0.272788 0.451009 0.277025 0.574943 0.370240 0.422409 0.379774 0.605661 0.498411 0.395927 0.517478 0.598247 0.615989 0.378979 0.632937 0.551639 0.623404 0.451009 0.626582 0.560113 0.806656 0.471135 0.813012 0.536809 0.995205 0.502913 1.000000 0.053852 0.018626 0.043927 0.002493 0.094924 0.014082 0.003372 0.019522
0.480729 0.278113 0.497859 0.262054 0.464669 0.264195 0.528907 0.269548 0.448610 0.274901 0.577085 0.370187 0.420774 0.379822 0.608133 0.502944 0.392938 0.519004 0.604921 0.624995 0.376878 0.634631 0.552461 0.622854 0.449681 0.627137 0.569591 0.803790 0.471093 0.816637 0.541754 0.994361 0.509636 1.000000 0.076215 0.025686 0.060970 0.001221 0.081504 0.018904 0.002726 0.005768
0.481462 0.278604 0.498411 0.262714 0.465572 0.264833 0.529131 0.270129 0.449683 0.275426 0.576800 0.370764 0.422141 0.379238 0.610698 0.503178 0.393539 0.515890 0.610698 0.624999 0.377649 0.635592 0.551377 0.622880 0.449683 0.627118 0.561970 0.802963 0.470869 0.814616 0.549258 0.984106 0.509004 1.000000 0.041004 0.026013 0.050693 0.000599 0.079774 0.023667 0.001350 0.017113
0.484214 0.277186 0.500776 0.261659 0.468687 0.263729 0.531831 0.269940 0.453160 0.276151 0.577377 0.370349 0.425211 0.379665 0.612572 0.502847 0.398297 0.516303 0.614642 0.622923 0.381735 0.631204 0.548393 0.622923 0.449019 0.627064 0.552533 0.799932 0.467652 0.809248 0.562885 0.986258 0.505952 0.996609 0.010221 0.031743 0.043813 0.001901 0.077155 0.016336 0.003295 0.024997
0.485174 0.277352 0.500511 0.262014 0.468814 0.264059 0.530164 0.270194 0.452454 0.275307 0.576176 0.370399 0.423824 0.379601 0.610941 0.503323 0.397239 0.517638 0.618098 0.621933 0.379857 0.628067 0.549591 0.622955 0.450409 0.627045 0.552658 0.799847 0.468814 0.810072 0.576176 0.977761 0.502556 0.992076 0.036314 0.026448 0.038903 0.002168 0.062241 0.010866 0.000003 0.026383
0.484153 0.276857 0.500511 0.261521 0.468816 0.263566 0.529139 0.270723 0.451435 0.275835 0.575148 0.369897 0.421785 0.380121 0.611955 0.501789 0.396225 0.517125 0.623201 0.621412 0.377821 0.628569 0.551632 0.622435 0.451435 0.627547 0.552655 0.798290 0.465749 0.811582 0.585372 0.979258 0.497444 0.997662 0.055082 0.028995 0.031406 0.013256 0.056788 0.006617 0.003905 0.022857
0.484507 0.276391 0.500000 0.260898 0.467982 0.262964 0.528919 0.269161 0.450424 0.274325 0.575397 0.370379 0.419439 0.379674 0.614645 0.502582 0.391552 0.514976 0.629105 0.625490 0.376060 0.626523 0.553708 0.622391 0.451457 0.627555 0.553708 0.801072 0.463851 0.813466 0.582627 0.996278 0.494836 1.000000 0.046816 0.028918 0.027328 0.019699 0.054583 0.020771 0.006576 0.021189
