0.461230 0.282765 0.461230 0.270457 0.466153 0.272918 0.466153 0.277841 0.535078 0.277841 0.421844 0.373843 0.586771 0.376305 0.357843 0.499385 0.616310 0.516616 0.301226 0.590463 0.626157 0.629849 0.443999 0.624926 0.547386 0.624926 0.456307 0.814468 0.527693 0.802160 0.480923 1.000000 0.517847 0.984318 0.018460 0.018034 0.007373 0.014787 0.026963 0.038438 0.010972 0.055864
0.461852 0.282804 0.461852 0.270498 0.466775 0.272959 0.466775 0.277882 0.535687 0.277882 0.422474 0.373866 0.587371 0.376328 0.358484 0.499385 0.616904 0.516613 0.304339 0.590447 0.626749 0.629825 0.444624 0.624903 0.545531 0.624903 0.456930 0.814411 0.528303 0.802105 0.481541 1.000000 0.518459 0.984230 0.018460 0.013661 0.007373 0.022230 0.020682 0.038438 0.012538 0.051490
0.469683 0.284143 0.467258 0.269591 0.476959 0.269591 0.464832 0.274442 0.535168 0.276867 0.423601 0.373881 0.586100 0.376307 0.362967 0.497575 0.615204 0.509701 0.304759 0.584887 0.622481 0.621268 0.445429 0.623693 0.544869 0.626119 0.459982 0.808020 0.525466 0.800744 0.484235 0.994773 0.506063 0.972944 0.016031 0.000499 0.002666 0.016844 0.042090 0.047648 0.012356 0.060301
0.466775 0.281573 0.466775 0.269268 0.471697 0.269268 0.464313 0.274190 0.535687 0.274190 0.422474 0.372636 0.587371 0.377558 0.358484 0.498154 0.616904 0.517843 0.304339 0.589216 0.626749 0.631056 0.444624 0.623672 0.545531 0.626134 0.461852 0.813181 0.525842 0.810719 0.486464 1.000000 0.503692 0.990383 0.011221 0.005222 0.000844 0.019254 0.020682 0.038438 0.012538 0.062683
0.468775 0.276429 0.468775 0.263939 0.473771 0.263939 0.466277 0.268935 0.538719 0.271433 0.421313 0.373851 0.588679 0.376349 0.356365 0.498751 0.618655 0.516237 0.301409 0.596173 0.628647 0.633643 0.443795 0.623651 0.546213 0.626149 0.461281 0.811001 0.523731 0.811001 0.483763 1.000000 0.501249 1.000000 0.006486 0.001003 0.001048 0.015076 0.010850 0.040168 0.012726 0.068147
0.469240 0.277148 0.469240 0.262082 0.474262 0.262082 0.466729 0.267104 0.539548 0.269615 0.421531 0.372566 0.587258 0.377588 0.356245 0.498117 0.617390 0.520716 0.303513 0.588513 0.627434 0.636222 0.444130 0.623667 0.547081 0.626178 0.459196 0.811993 0.521971 0.809482 0.484306 1.000000 0.496861 0.985253 0.016233 0.001833 0.003159 0.007668 0.015456 0.038438 0.011192 0.068745
0.468775 0.276429 0.468775 0.263939 0.473771 0.263939 0.466277 0.266437 0.538719 0.268935 0.421313 0.373851 0.588679 0.376349 0.356365 0.498751 0.613659 0.518735 0.306405 0.586181 0.628647 0.636141 0.443795 0.623651 0.546213 0.626149 0.456285 0.808503 0.526229 0.806005 0.483763 1.000000 0.501249 0.970873 0.023121 0.012642 0.007096 0.018377 0.012613 0.014865 0.012726 0.056698
0.471273 0.272682 0.471273 0.260192 0.478767 0.260192 0.468775 0.265188 0.538719 0.267686 0.421313 0.372602 0.588679 0.377598 0.356365 0.497502 0.616157 0.519984 0.306405 0.584932 0.631145 0.634892 0.443795 0.622402 0.546213 0.627398 0.453787 0.804756 0.528727 0.809752 0.481265 0.979616 0.501249 0.977118 0.032190 0.021368 0.011146 0.023170 0.012613 0.019397 0.012726 0.047854
0.474284 0.277132 0.471835 0.262437 0.481632 0.262437 0.466937 0.267336 0.537961 0.269785 0.422853 0.370198 0.586943 0.379994 0.359177 0.492653 0.613883 0.517144 0.305297 0.580820 0.628578 0.627353 0.444895 0.622455 0.545308 0.627353 0.452243 0.796341 0.523266 0.806137 0.481632 0.955532 0.501225 0.967778 0.044669 0.004094 0.014301 0.014033 0.021973 0.019547 0.012476 0.052488
0.465986 0.274888 0.465986 0.262519 0.470933 0.262519 0.468460 0.267466 0.537725 0.269940 0.421458 0.371364 0.587200 0.378786 0.359614 0.495052 0.614412 0.522264 0.302717 0.581634 0.629254 0.636057 0.443722 0.623688 0.547620 0.626162 0.448669 0.801799 0.525356 0.809220 0.473407 0.952699 0.500618 0.970015 0.042882 0.010065 0.019174 0.011977 0.037476 0.018375 0.011026 0.047364
0.465817 0.275634 0.465817 0.263203 0.470789 0.263203 0.468303 0.268175 0.537912 0.268175 0.421068 0.372590 0.587633 0.377562 0.356430 0.494406 0.614980 0.521753 0.301737 0.581418 0.629896 0.633625 0.443442 0.623681 0.547857 0.626167 0.445928 0.800191 0.525482 0.810135 0.468303 0.941896 0.500621 0.979187 0.045365 0.007953 0.023807 0.011977 0.023341 0.017468 0.011081 0.043007
0.459773 0.279972 0.459773 0.265344 0.464649 0.265344 0.464649 0.270220 0.535351 0.272658 0.420766 0.372616 0.586548 0.377491 0.354940 0.494515 0.615804 0.518894 0.301305 0.579844 0.627994 0.628603 0.445145 0.623728 0.547541 0.626166 0.442707 0.791948 0.525599 0.809014 0.462211 0.926037 0.493905 0.984549 0.050590 0.018845 0.035420 0.011512 0.021018 0.029718 0.009314 0.033403
0.461409 0.280703 0.461409 0.266002 0.466309 0.266002 0.466309 0.270902 0.534916 0.273352 0.419755 0.373812 0.586371 0.376263 0.356048 0.496325 0.618224 0.518377 0.297242 0.584533 0.628025 0.626188 0.444257 0.623737 0.549617 0.626188 0.444257 0.790354 0.527565 0.814856 0.456508 0.927568 0.495712 0.998625 0.028345 0.017594 0.031107 0.009440 0.034531 0.041327 0.007800 0.037037
0.457538 0.280303 0.457538 0.265533 0.462461 0.267995 0.464922 0.270457 0.533847 0.270457 0.420614 0.373843 0.588002 0.376305 0.351689 0.496923 0.620003 0.519077 0.295073 0.583079 0.624926 0.627387 0.442768 0.622464 0.548616 0.627387 0.437845 0.792314 0.524001 0.814468 0.452614 0.942471 0.496923 0.999088 0.040433 0.004712 0.037513 0.007884 0.022566 0.055727 0.010972 0.032420
0.454854 0.278598 0.457328 0.266229 0.459801 0.268703 0.462275 0.271177 0.531540 0.271177 0.420221 0.375075 0.588437 0.375075 0.353430 0.498763 0.620596 0.516079 0.291586 0.585345 0.625543 0.624925 0.442485 0.622451 0.548857 0.627399 0.437537 0.795615 0.524119 0.820352 0.447433 0.956409 0.494434 1.000000 0.028656 0.008624 0.037663 0.008939 0.039826 0.056917 0.011026 0.031495
0.454217 0.278509 0.454217 0.266135 0.459166 0.268610 0.461641 0.271084 0.530935 0.271084 0.419570 0.375024 0.585379 0.375024 0.352752 0.498763 0.620026 0.511136 0.290883 0.585379 0.622501 0.610127 0.444318 0.622501 0.550733 0.627450 0.436894 0.795734 0.525985 0.820482 0.441843 0.971442 0.496288 1.000000 0.022597 0.008002 0.045359 0.002829 0.039826 0.071383 0.006302 0.026954
0.454442 0.282678 0.454442 0.267902 0.456905 0.270365 0.461830 0.272827 0.528320 0.272827 0.419966 0.376256 0.584959 0.373793 0.353477 0.499384 0.619435 0.509235 0.291912 0.585575 0.619435 0.605275 0.444592 0.622513 0.550483 0.627438 0.437204 0.797356 0.523394 0.819519 0.434742 0.982049 0.493844 1.000000 0.009199 0.003388 0.045167 0.001593 0.039826 0.079339 0.006271 0.031154
0.457532 0.285235 0.455106 0.270674 0.462386 0.270674 0.457532 0.275528 0.525481 0.275528 0.421131 0.375024 0.583722 0.375024 0.358036 0.493933 0.620123 0.503640 0.292515 0.581295 0.610416 0.598282 0.447825 0.624976 0.547321 0.624976 0.435692 0.797274 0.520627 0.814261 0.433265 0.981705 0.496360 1.000000 0.018191 0.005012 0.056245 0.001432 0.049550 0.120325 0.006180 0.022217
0.455106 0.284021 0.452679 0.269461 0.459959 0.271888 0.455106 0.276741 0.525481 0.274314 0.421131 0.376237 0.583722 0.373810 0.358036 0.497573 0.620123 0.502427 0.294942 0.582509 0.605563 0.597069 0.447825 0.623763 0.547321 0.626190 0.433265 0.798487 0.520627 0.815475 0.428412 0.985345 0.496360 1.000000 0.018199 0.004515 0.060660 0.001002 0.050737 0.136382 0.006180 0.018131
0.453282 0.284003 0.450855 0.269442 0.458136 0.269442 0.453282 0.276723 0.521236 0.274296 0.421732 0.376227 0.581909 0.373800 0.356205 0.500000 0.620740 0.502427 0.295531 0.584942 0.598897 0.597077 0.448428 0.623773 0.547932 0.626200 0.433866 0.798512 0.521236 0.815500 0.424159 0.987812 0.496966 1.000000 0.010154 0.004515 0.060660 0.002000 0.042447 0.165517 0.004636 0.018131
0.451560 0.282917 0.451560 0.268565 0.456344 0.268565 0.453952 0.275741 0.520931 0.273349 0.422855 0.376209 0.580733 0.373817 0.358268 0.500598 0.619007 0.502990 0.303250 0.581929 0.587910 0.591498 0.449168 0.624987 0.547244 0.624987 0.434815 0.794826 0.520931 0.809179 0.425247 0.976626 0.499402 0.998154 0.010098 0.009060 0.060378 0.002973 0.036875 0.199241 0.004569 0.018331
0.451327 0.281273 0.448924 0.266851 0.456134 0.266851 0.453731 0.274062 0.521031 0.274062 0.422484 0.377417 0.581121 0.372609 0.357587 0.500000 0.617175 0.500000 0.307111 0.579319 0.581121 0.581722 0.448924 0.624987 0.547471 0.624987 0.434502 0.793239 0.523435 0.812467 0.427291 0.966298 0.501803 0.999948 0.013962 0.004021 0.061083 0.001602 0.025411 0.220047 0.004591 0.013371
0.447214 0.282790 0.447214 0.268228 0.452068 0.270655 0.454495 0.275509 0.522449 0.275509 0.422945 0.377440 0.580695 0.372586 0.359845 0.506067 0.617099 0.503640 0.311306 0.588583 0.578268 0.583729 0.447214 0.624987 0.549145 0.624987 0.437507 0.797299 0.529730 0.814287 0.432653 0.964756 0.505461 1.000000 0.008690 0.008054 0.049021 0.007048 0.024081 0.229947 0.004636 0.014619
0.445466 0.281865 0.445466 0.269611 0.450368 0.269611 0.452819 0.272062 0.521446 0.272062 0.420957 0.377452 0.580269 0.372551 0.364585 0.502451 0.614582 0.502451 0.320468 0.580881 0.580269 0.585783 0.447917 0.624999 0.550857 0.624999 0.440564 0.803918 0.531250 0.816173 0.438113 0.985288 0.509191 1.000000 0.008772 0.004033 0.047605 0.004384 0.028241 0.206538 0.001562 0.019459
0.441790 0.281865 0.441790 0.267160 0.444241 0.269611 0.454045 0.272062 0.522671 0.272062 0.422182 0.377452 0.579043 0.372551 0.368261 0.507353 0.613356 0.504902 0.326595 0.588234 0.581494 0.590685 0.449143 0.624999 0.549632 0.624999 0.444241 0.806369 0.532475 0.813722 0.446692 0.992641 0.512868 1.000000 0.012789 0.004094 0.043132 0.008060 0.026179 0.193949 0.001562 0.020257
0.440570 0.279436 0.440570 0.267182 0.443021 0.267182 0.455274 0.269633 0.521444 0.272083 0.423415 0.377464 0.580261 0.372563 0.367049 0.509803 0.612120 0.507352 0.325387 0.602930 0.582712 0.595578 0.447922 0.624986 0.548402 0.624986 0.443021 0.808790 0.536148 0.808790 0.447922 0.995044 0.516542 0.995044 0.016862 0.012194 0.039900 0.018774 0.005733 0.176297 0.004681 0.012703
0.439359 0.280951 0.441835 0.266101 0.444310 0.266101 0.454210 0.271051 0.521039 0.271051 0.422034 0.377481 0.580442 0.372531 0.367581 0.516088 0.612618 0.508663 0.327979 0.620044 0.587867 0.600243 0.446785 0.624994 0.550740 0.624994 0.441835 0.810628 0.538364 0.808153 0.446785 1.000000 0.521039 0.986362 0.016752 0.009375 0.040212 0.015802 0.003294 0.157903 0.003152 0.012988
0.438119 0.279436 0.440570 0.267182 0.443021 0.267182 0.455274 0.272083 0.521444 0.272083 0.423415 0.377464 0.580261 0.372563 0.374401 0.512254 0.609670 0.504901 0.335189 0.615184 0.592515 0.605381 0.447922 0.624986 0.548402 0.624986 0.443021 0.808790 0.538599 0.801438 0.450373 0.999946 0.523894 0.965636 0.020723 0.010763 0.039900 0.022298 0.004839 0.123431 0.004681 0.009179
0.439036 0.281139 0.441475 0.266508 0.441475 0.268946 0.456106 0.271385 0.519508 0.271385 0.424405 0.376243 0.580472 0.373805 0.378072 0.510364 0.607297 0.510364 0.336616 0.610345 0.592665 0.612783 0.446352 0.624976 0.548771 0.624976 0.446352 0.812745 0.539017 0.798114 0.453667 1.000000 0.526824 0.946866 0.012236 0.008118 0.028014 0.022050 0.019238 0.106906 0.006210 0.017914
0.444142 0.283776 0.444142 0.269361 0.446545 0.269361 0.456155 0.276569 0.521022 0.274166 0.424922 0.377473 0.583486 0.372668 0.379275 0.507207 0.609914 0.504805 0.340835 0.603307 0.600304 0.610514 0.446545 0.624929 0.545047 0.624929 0.448947 0.809921 0.535437 0.795506 0.458557 0.994912 0.528229 0.922838 0.012388 0.000114 0.023609 0.030220 0.013427 0.091691 0.010708 0.022048
0.443873 0.283336 0.443873 0.268852 0.448701 0.268852 0.458357 0.276094 0.521123 0.273680 0.424560 0.377485 0.583889 0.372657 0.378693 0.505432 0.608030 0.503018 0.340067 0.594753 0.605616 0.609237 0.446287 0.626136 0.545264 0.623722 0.448701 0.812020 0.535608 0.792707 0.460771 1.000000 0.528365 0.920653 0.015986 0.000163 0.023609 0.030420 0.020350 0.065519 0.010760 0.022303
0.443601 0.281679 0.443601 0.267125 0.448452 0.267125 0.458155 0.271976 0.521226 0.271976 0.424194 0.376285 0.584296 0.373859 0.378104 0.507277 0.608554 0.507277 0.339292 0.599457 0.606128 0.621289 0.446026 0.626141 0.545483 0.623715 0.448452 0.812926 0.535780 0.791094 0.463007 1.000000 0.530929 0.926938 0.019695 0.007068 0.023609 0.030622 0.019162 0.064021 0.010812 0.022566
0.445693 0.284581 0.445693 0.270099 0.448106 0.270099 0.462588 0.274926 0.522930 0.274926 0.426383 0.376300 0.583271 0.373886 0.378110 0.501810 0.609821 0.506638 0.341905 0.586288 0.609821 0.617666 0.445693 0.624907 0.544653 0.624907 0.450520 0.810758 0.534998 0.789035 0.465002 1.000000 0.527757 0.936269 0.014983 0.003061 0.016408 0.029887 0.012007 0.062833 0.012295 0.026969
0.443326 0.283663 0.443326 0.269037 0.448201 0.269037 0.460389 0.273912 0.521329 0.271475 0.423825 0.376292 0.584707 0.373854 0.375073 0.503047 0.611520 0.507922 0.338509 0.583488 0.611520 0.622490 0.445763 0.624927 0.545705 0.624927 0.448201 0.815060 0.533517 0.790684 0.465264 1.000000 0.528642 0.949129 0.023026 0.013573 0.023933 0.025691 0.018925 0.062833 0.010865 0.027444
0.443326 0.282444 0.445763 0.267818 0.448201 0.267818 0.462827 0.272693 0.523767 0.272693 0.423825 0.375073 0.584707 0.375073 0.375073 0.501828 0.611520 0.511579 0.338509 0.579832 0.613958 0.628584 0.445763 0.626146 0.545705 0.623708 0.448201 0.813841 0.535955 0.794341 0.465264 1.000000 0.526204 0.964973 0.022648 0.000000 0.023609 0.031358 0.022652 0.055109 0.010865 0.022303
0.446026 0.282892 0.448452 0.268338 0.450878 0.268338 0.463007 0.273189 0.526077 0.273189 0.424194 0.375072 0.584296 0.375072 0.373253 0.501213 0.613405 0.513342 0.336866 0.581264 0.615831 0.627354 0.446026 0.624928 0.545483 0.624928 0.450878 0.809288 0.535780 0.794733 0.465433 1.000000 0.526077 0.979092 0.014596 0.001435 0.019369 0.030885 0.013627 0.059276 0.010812 0.026544
0.452614 0.280303 0.452614 0.265533 0.457538 0.265533 0.459999 0.270457 0.528924 0.270457 0.423075 0.373843 0.585540 0.376305 0.371382 0.501846 0.615079 0.514154 0.331996 0.575694 0.620003 0.629849 0.445230 0.624926 0.546155 0.624926 0.450153 0.814468 0.536308 0.802160 0.467384 1.000000 0.526462 0.994164 0.018516 0.001352 0.019748 0.032344 0.033785 0.053656 0.010972 0.025931
0.451143 0.279835 0.451143 0.267466 0.456091 0.267466 0.458564 0.272414 0.530304 0.272414 0.421458 0.373838 0.587200 0.376312 0.367035 0.502474 0.614412 0.519790 0.329929 0.579160 0.619359 0.636057 0.443722 0.623688 0.547620 0.626162 0.451143 0.819115 0.535251 0.809220 0.468460 1.000000 0.527830 1.000000 0.014383 0.009543 0.016207 0.028535 0.016049 0.046124 0.011026 0.033556
0.461608 0.281225 0.459170 0.266599 0.466483 0.266599 0.464045 0.273912 0.532298 0.273912 0.422606 0.373854 0.585926 0.376292 0.371416 0.498172 0.612739 0.515235 0.332415 0.573738 0.622490 0.629802 0.444545 0.624927 0.546924 0.624927 0.451857 0.812623 0.534736 0.805310 0.468921 1.000000 0.527423 0.997881 0.014712 0.009392 0.015348 0.028052 0.027330 0.033657 0.010865 0.033870
0.461852 0.280343 0.461852 0.265576 0.469236 0.265576 0.464313 0.272959 0.530764 0.272959 0.422474 0.373866 0.587371 0.376328 0.368329 0.499385 0.614443 0.514152 0.331412 0.573219 0.626749 0.627364 0.444624 0.624903 0.545531 0.624903 0.452008 0.814411 0.535687 0.807028 0.469236 1.000000 0.523381 0.994075 0.015044 0.003724 0.015618 0.035890 0.017950 0.027276 0.012538 0.029585
0.462900 0.282349 0.462900 0.267509 0.465374 0.267509 0.462900 0.272456 0.532153 0.272456 0.423327 0.373861 0.586566 0.376335 0.368915 0.500000 0.613772 0.522260 0.329342 0.584092 0.626139 0.636032 0.443114 0.623665 0.546993 0.626139 0.453007 0.819057 0.537100 0.811637 0.470320 1.000000 0.519786 0.992188 0.011337 0.013469 0.009057 0.033049 0.010373 0.024209 0.012600 0.033064
0.462475 0.279158 0.464936 0.266855 0.467397 0.266855 0.467397 0.269315 0.536294 0.271776 0.423105 0.372662 0.587968 0.377583 0.366510 0.505536 0.615035 0.520300 0.332062 0.603962 0.627338 0.638411 0.442790 0.623647 0.546137 0.626108 0.452633 0.815577 0.536294 0.810655 0.467397 1.000000 0.516609 0.992743 0.007519 0.017318 0.008605 0.036119 0.021002 0.026622 0.014103 0.033269
0.460427 0.276166 0.462900 0.263799 0.465374 0.263799 0.470320 0.268746 0.537100 0.268746 0.423327 0.372625 0.586566 0.377571 0.366441 0.503710 0.616246 0.521023 0.331815 0.610062 0.628612 0.637269 0.443114 0.624902 0.546993 0.624902 0.450534 0.815347 0.534626 0.810400 0.465374 1.000000 0.514840 0.990952 0.011433 0.013555 0.012519 0.029312 0.030137 0.031205 0.012600 0.033585
0.461490 0.275775 0.463975 0.260868 0.466459 0.260868 0.471428 0.265837 0.538510 0.268321 0.424223 0.372670 0.588199 0.377639 0.367080 0.506832 0.618013 0.521739 0.334781 0.611181 0.630436 0.638510 0.441615 0.623603 0.545963 0.626088 0.451552 0.814909 0.533541 0.814909 0.466459 1.000000 0.513665 0.998761 0.007917 0.013367 0.005506 0.032689 0.032622 0.031205 0.015823 0.037432
0.461435 0.275953 0.463883 0.263710 0.466332 0.263710 0.468780 0.268607 0.534893 0.268607 0.424706 0.373897 0.586313 0.376346 0.368388 0.508570 0.615696 0.523262 0.336556 0.611411 0.630388 0.635897 0.441846 0.623654 0.547136 0.626103 0.449192 0.804851 0.532444 0.809748 0.463883 0.978701 0.510407 0.988495 0.013938 0.013636 0.008913 0.024117 0.030529 0.021547 0.014034 0.038308
0.461622 0.277653 0.464059 0.265470 0.466496 0.265470 0.468932 0.270343 0.534723 0.270343 0.425072 0.372684 0.585893 0.377557 0.373902 0.506701 0.615133 0.526194 0.342225 0.601731 0.629753 0.635845 0.442129 0.623661 0.546906 0.626098 0.447002 0.801539 0.532286 0.811285 0.464059 0.967233 0.510356 0.989163 0.023933 0.013969 0.012880 0.024450 0.013682 0.019637 0.013966 0.033796
0.460992 0.279972 0.460992 0.265344 0.465868 0.265344 0.465868 0.270220 0.534132 0.270220 0.421985 0.372616 0.585329 0.377491 0.375663 0.506704 0.614585 0.523770 0.341531 0.596910 0.629213 0.635917 0.443926 0.623728 0.548760 0.626166 0.443926 0.799262 0.531694 0.813890 0.460992 0.950417 0.507314 0.996739 0.035787 0.013334 0.027743 0.017619 0.009266 0.021547 0.009314 0.028858
0.458155 0.279254 0.458155 0.267125 0.463007 0.267125 0.463007 0.269551 0.533355 0.271976 0.421768 0.373859 0.586722 0.376285 0.375679 0.507277 0.613405 0.521832 0.336866 0.609160 0.625534 0.630992 0.443601 0.623715 0.547909 0.626141 0.441175 0.795946 0.528503 0.815352 0.455729 0.934215 0.504245 0.997286 0.037866 0.009659 0.032226 0.016521 0.009981 0.022492 0.010812 0.028050
0.456749 0.280140 0.459152 0.265722 0.461554 0.265722 0.463957 0.270528 0.531237 0.272931 0.423109 0.373851 0.584100 0.376253 0.377455 0.508410 0.612934 0.522827 0.336606 0.604524 0.624948 0.630955 0.444735 0.623747 0.548057 0.626149 0.442332 0.791946 0.528834 0.813571 0.454346 0.928908 0.504806 0.993785 0.032398 0.009659 0.032024 0.013062 0.023801 0.026605 0.009179 0.027986
0.455333 0.278475 0.457747 0.266402 0.460162 0.266402 0.462576 0.268817 0.530181 0.271231 0.421531 0.375052 0.585713 0.375052 0.375656 0.507847 0.617101 0.517505 0.334611 0.606839 0.624344 0.626155 0.443261 0.623740 0.549496 0.626155 0.443261 0.787923 0.530181 0.816896 0.455333 0.932789 0.506036 1.000000 0.026465 0.009519 0.027743 0.013471 0.019238 0.047844 0.009224 0.032124
