0.450179 0.278762 0.446801 0.261873 0.456935 0.261873 0.443424 0.275384 0.531244 0.272006 0.419780 0.376714 0.575153 0.373337 0.399514 0.532088 0.608930 0.515200 0.372492 0.667195 0.639329 0.623285 0.453557 0.626663 0.551510 0.623285 0.467068 0.815814 0.534621 0.836080 0.504222 0.981320 0.507600 1.000000 0.047594 0.014995 0.020058 0.004811 0.021547 0.012867 0.006451 0.047908
0.452208 0.276133 0.448854 0.262717 0.458916 0.262717 0.438793 0.272779 0.529346 0.269425 0.418670 0.380101 0.572946 0.370040 0.395193 0.537730 0.606484 0.507546 0.368363 0.671883 0.636668 0.611514 0.455562 0.624930 0.552823 0.624930 0.479039 0.809390 0.539407 0.826159 0.509223 0.983788 0.515931 1.000000 0.014256 0.014034 0.007310 0.003890 0.015771 0.013791 0.010677 0.061485
0.456097 0.273731 0.452720 0.260223 0.462851 0.260223 0.442589 0.273731 0.533771 0.266977 0.418949 0.378423 0.574297 0.371668 0.395308 0.540526 0.611446 0.513509 0.368291 0.672234 0.641840 0.618200 0.452720 0.624954 0.554034 0.624954 0.476360 0.814075 0.540526 0.830960 0.513509 0.996440 0.516886 1.000000 0.024382 0.013835 0.003750 0.004568 0.018306 0.008405 0.008601 0.060426
0.456682 0.278412 0.453350 0.265084 0.463346 0.265084 0.440021 0.275080 0.529989 0.268416 0.420028 0.378377 0.573307 0.371712 0.396703 0.531655 0.606629 0.511663 0.370046 0.661609 0.639950 0.621623 0.453350 0.624956 0.553314 0.624956 0.476675 0.808224 0.543318 0.821552 0.513329 0.994824 0.516661 1.000000 0.021444 0.024675 0.002459 0.008906 0.016331 0.019255 0.008487 0.056467
0.452618 0.285149 0.449351 0.272078 0.462422 0.272078 0.442815 0.281881 0.531043 0.272078 0.423209 0.379912 0.573523 0.370109 0.397068 0.526958 0.602932 0.507352 0.370926 0.651131 0.635609 0.618454 0.452618 0.624989 0.550649 0.624989 0.478760 0.798177 0.547382 0.814516 0.511437 0.987703 0.517972 1.000000 0.006660 0.042697 0.009671 0.023002 0.010045 0.023860 0.004162 0.053174
0.447510 0.281710 0.447510 0.268380 0.457509 0.268380 0.440845 0.278378 0.530827 0.271712 0.420849 0.378358 0.574152 0.371692 0.394188 0.528328 0.607478 0.514997 0.367526 0.658302 0.647470 0.634973 0.454176 0.624975 0.550823 0.624975 0.477504 0.804939 0.544158 0.821602 0.510831 0.991568 0.520829 1.000000 0.015214 0.026183 0.001719 0.018449 0.008397 0.029684 0.006366 0.051820
0.449018 0.277980 0.445728 0.264823 0.455596 0.264823 0.442439 0.277980 0.534536 0.271401 0.422704 0.379945 0.574007 0.370077 0.396391 0.527958 0.606899 0.511512 0.370077 0.656236 0.646369 0.623345 0.452307 0.626634 0.550982 0.623345 0.478620 0.807539 0.550982 0.810828 0.514801 0.988445 0.524669 0.978577 0.016856 0.049527 0.007963 0.028858 0.008397 0.035267 0.004187 0.045977
0.451347 0.274349 0.447991 0.264283 0.461413 0.264283 0.444636 0.274349 0.535232 0.267638 0.424503 0.378367 0.578852 0.371656 0.394305 0.526004 0.605695 0.512583 0.360751 0.656865 0.645960 0.623311 0.447991 0.626666 0.548653 0.623311 0.471479 0.817924 0.541943 0.817924 0.515099 1.000000 0.528521 1.000000 0.033711 0.010946 0.008875 0.027044 0.015673 0.051105 0.004273 0.049868
0.441955 0.278300 0.441955 0.265401 0.451629 0.265401 0.441955 0.278300 0.529023 0.271850 0.422606 0.378266 0.570944 0.371817 0.393584 0.523379 0.596742 0.510480 0.361336 0.649144 0.641888 0.620121 0.451629 0.626571 0.554820 0.623346 0.477427 0.810381 0.654787 0.778133 0.516124 0.990966 0.535472 0.929696 0.022808 0.394815 0.007348 0.202908 0.017063 0.065783 0.008213 0.138147
0.444257 0.278716 0.440878 0.265203 0.454392 0.265203 0.447635 0.275338 0.535473 0.268581 0.423986 0.376689 0.576014 0.373311 0.393581 0.525338 0.609797 0.511824 0.359797 0.643581 0.657095 0.626689 0.454392 0.626689 0.545608 0.623311 0.471284 0.815878 0.555743 0.809122 0.511824 1.000000 0.528716 0.988176 0.038848 0.065032 0.010179 0.055869 0.024363 0.048184 0.000005 0.011000
0.440972 0.269097 0.440972 0.255208 0.451389 0.255208 0.444444 0.265625 0.534722 0.262153 0.423611 0.376736 0.576389 0.373264 0.388889 0.529514 0.611111 0.519097 0.350694 0.657986 0.652778 0.633681 0.451389 0.626736 0.548611 0.623264 0.479167 0.824653 0.538194 0.814236 0.513889 1.000000 0.534722 1.000000 0.009058 0.012040 0.009163 0.017878 0.020849 0.036614 0.000005 0.061730
0.446557 0.268126 0.446557 0.254334 0.456901 0.257782 0.446557 0.268126 0.539651 0.264678 0.425869 0.378460 0.577579 0.371564 0.387942 0.526722 0.615506 0.523274 0.353462 0.647400 0.660330 0.640504 0.450005 0.626712 0.546547 0.623264 0.481036 0.823245 0.543099 0.816349 0.515516 1.000000 0.539651 1.000000 0.004500 0.000175 0.018998 0.033363 0.008867 0.038268 0.004390 0.055531
0.465917 0.270155 0.458925 0.252677 0.472908 0.252677 0.448438 0.266660 0.539327 0.263164 0.423968 0.375028 0.581276 0.375028 0.389010 0.528840 0.616233 0.528840 0.350557 0.651191 0.672165 0.654686 0.444942 0.626720 0.549814 0.623225 0.472908 0.829473 0.549814 0.818986 0.514857 1.000000 0.546318 1.000000 0.019203 0.005394 0.017165 0.040135 0.025794 0.061990 0.006677 0.043630
0.461473 0.270553 0.458049 0.256855 0.471747 0.256855 0.451200 0.270553 0.536814 0.263704 0.423803 0.376715 0.577909 0.373291 0.386133 0.527397 0.612155 0.520547 0.345038 0.650681 0.660099 0.633559 0.447775 0.626709 0.550512 0.623285 0.478596 0.825335 0.550512 0.811637 0.519691 1.000000 0.550512 1.000000 0.014868 0.000001 0.018572 0.034745 0.024437 0.054982 0.002178 0.049002
0.461806 0.272569 0.461806 0.258681 0.472222 0.258681 0.447917 0.269097 0.538194 0.265625 0.420139 0.376736 0.579861 0.373264 0.381944 0.526042 0.614583 0.529514 0.343750 0.651042 0.659722 0.651042 0.447917 0.626736 0.552083 0.623264 0.479167 0.835069 0.555556 0.817708 0.513889 1.000000 0.552083 1.000000 0.005175 0.011366 0.012171 0.040907 0.014674 0.043598 0.000005 0.041710
0.464792 0.271149 0.461271 0.257066 0.471834 0.257066 0.450709 0.267629 0.538729 0.264108 0.422543 0.376773 0.580978 0.373252 0.380294 0.524645 0.619706 0.528166 0.341565 0.644352 0.661956 0.651393 0.447188 0.626748 0.549291 0.623227 0.475355 0.834474 0.552812 0.816870 0.514083 1.000000 0.552812 1.000000 0.012994 0.005787 0.011618 0.045922 0.011015 0.027158 0.004483 0.037112
0.473779 0.273624 0.466786 0.259639 0.480771 0.259639 0.449306 0.270127 0.540206 0.266631 0.417840 0.375012 0.578664 0.375012 0.382879 0.518355 0.617121 0.528843 0.340925 0.637224 0.666068 0.654705 0.449306 0.626736 0.554191 0.623240 0.477275 0.829513 0.557687 0.815529 0.512237 1.000000 0.557687 1.000000 0.006478 0.005786 0.004046 0.037068 0.031850 0.040079 0.004453 0.037843
0.477742 0.275706 0.474317 0.262009 0.484591 0.262009 0.446923 0.272282 0.535956 0.268857 0.419528 0.375012 0.577048 0.375012 0.385285 0.511985 0.614715 0.525683 0.340768 0.628413 0.662656 0.645534 0.450347 0.624988 0.553077 0.624988 0.477742 0.820175 0.553077 0.803054 0.508561 1.000000 0.556502 1.000000 0.000115 0.005395 0.005340 0.030430 0.038268 0.043140 0.004361 0.044385
0.480359 0.275023 0.473217 0.260739 0.487501 0.264310 0.444649 0.275023 0.541067 0.271452 0.416080 0.375013 0.580349 0.375013 0.380369 0.521426 0.619631 0.532140 0.333946 0.639271 0.673197 0.660698 0.448220 0.624987 0.555351 0.624987 0.476788 0.842822 0.558923 0.817825 0.512499 1.000000 0.558923 1.000000 0.007829 0.005893 0.000813 0.037619 0.043303 0.047687 0.004547 0.035615
0.480359 0.273237 0.473217 0.258953 0.491072 0.262524 0.444649 0.273237 0.541067 0.269666 0.419651 0.373227 0.583920 0.376798 0.380369 0.519641 0.623202 0.533925 0.333946 0.637486 0.676768 0.666054 0.444649 0.626773 0.551780 0.623202 0.476788 0.841037 0.555351 0.816039 0.512499 1.000000 0.558923 1.000000 0.001199 0.000417 0.016112 0.047179 0.036017 0.044620 0.004547 0.041499
0.481515 0.274653 0.474472 0.260569 0.488557 0.260569 0.446304 0.271132 0.537851 0.267611 0.418136 0.373243 0.580104 0.376764 0.382925 0.514084 0.622356 0.531689 0.333631 0.626757 0.675172 0.658447 0.449825 0.626757 0.551935 0.623236 0.477993 0.834499 0.555456 0.809851 0.509683 1.000000 0.558977 1.000000 0.000223 0.000316 0.003316 0.042226 0.053295 0.040915 0.002243 0.036894
0.498276 0.273276 0.491379 0.259483 0.505172 0.259483 0.450000 0.269828 0.539655 0.269828 0.422414 0.373276 0.577586 0.376724 0.384483 0.511207 0.618966 0.531897 0.339655 0.618103 0.674138 0.652586 0.450000 0.625000 0.550000 0.625000 0.481034 0.825000 0.550000 0.800862 0.508621 1.000000 0.553448 0.990517 0.010021 0.005787 0.014258 0.035224 0.040970 0.053532 0.000005 0.049002
0.507653 0.271264 0.500850 0.261060 0.511054 0.261060 0.453232 0.271264 0.538264 0.271264 0.426022 0.373302 0.575679 0.376704 0.385207 0.512755 0.616494 0.529761 0.340990 0.614793 0.670914 0.648806 0.449831 0.624997 0.548468 0.624997 0.480443 0.822271 0.548468 0.791660 0.511054 1.000000 0.551870 0.975329 0.005206 0.005894 0.018981 0.034745 0.039527 0.053532 0.002166 0.049002
0.501748 0.268357 0.494755 0.254371 0.508741 0.254371 0.449301 0.268357 0.540210 0.264860 0.421329 0.373252 0.578671 0.376748 0.379371 0.516608 0.617133 0.534091 0.333916 0.621503 0.673077 0.652972 0.449301 0.625000 0.550699 0.625000 0.480769 0.827797 0.547203 0.799825 0.512238 1.000000 0.547203 0.985140 0.006499 0.006366 0.013779 0.029350 0.039527 0.063694 0.000005 0.055367
0.491259 0.268357 0.484266 0.254371 0.498252 0.254371 0.449301 0.268357 0.536713 0.264860 0.424825 0.373252 0.575175 0.376748 0.379371 0.513112 0.617133 0.530594 0.337413 0.611014 0.673077 0.649476 0.449301 0.625000 0.550699 0.625000 0.477273 0.827797 0.547203 0.785839 0.505245 1.000000 0.547203 0.971154 0.005802 0.006918 0.012780 0.024363 0.028858 0.055256 0.000005 0.050548
0.493103 0.273276 0.486207 0.259483 0.500000 0.259483 0.451724 0.269828 0.537931 0.269828 0.424138 0.373276 0.575862 0.376724 0.379310 0.514655 0.617241 0.531897 0.341379 0.618103 0.668966 0.649138 0.451724 0.625000 0.548276 0.625000 0.475862 0.825000 0.551724 0.780172 0.506897 1.000000 0.548276 0.945690 0.004272 0.013702 0.003490 0.042296 0.014133 0.049303 0.000005 0.031159
0.483733 0.273978 0.476884 0.263704 0.490582 0.263704 0.449487 0.273978 0.538526 0.270553 0.425515 0.373291 0.576197 0.376715 0.380996 0.513698 0.617292 0.530821 0.336476 0.616436 0.668660 0.647257 0.449487 0.626709 0.548800 0.623285 0.473460 0.821910 0.552225 0.773966 0.504281 1.000000 0.545376 0.948620 0.003607 0.019709 0.008875 0.042456 0.032424 0.049303 0.002178 0.031663
0.484799 0.277047 0.478043 0.263535 0.491555 0.263535 0.451018 0.273669 0.535470 0.273669 0.427372 0.375011 0.576007 0.375011 0.383457 0.513512 0.613165 0.527025 0.339542 0.608098 0.667214 0.648635 0.451018 0.624989 0.545604 0.624989 0.474664 0.820917 0.548982 0.770246 0.501689 1.000000 0.545604 0.935771 0.000160 0.013896 0.008211 0.045925 0.040624 0.056812 0.004302 0.030831
0.479896 0.270111 0.472903 0.256125 0.486888 0.259621 0.451924 0.270111 0.539335 0.266614 0.423953 0.371507 0.577795 0.378499 0.381996 0.511363 0.616256 0.535838 0.343535 0.609263 0.672199 0.654716 0.448428 0.626745 0.549824 0.623249 0.472903 0.833034 0.546328 0.787580 0.500874 1.000000 0.546328 0.955408 0.001390 0.006771 0.007159 0.029449 0.026380 0.063694 0.002225 0.044361
0.476563 0.272575 0.473091 0.258686 0.486979 0.262159 0.452258 0.269103 0.539062 0.265631 0.424481 0.373267 0.573783 0.376739 0.382815 0.512152 0.615449 0.532985 0.344622 0.605900 0.671003 0.651038 0.452258 0.626733 0.549478 0.623261 0.476563 0.831589 0.546006 0.782979 0.500868 1.000000 0.546006 0.949642 0.003444 0.006919 0.002845 0.024363 0.030373 0.057054 0.002213 0.044509
0.485036 0.271132 0.477993 0.257048 0.492078 0.260569 0.449825 0.267611 0.537851 0.267611 0.425178 0.373243 0.576583 0.376764 0.382925 0.514084 0.618835 0.528168 0.337152 0.616194 0.671651 0.654926 0.449825 0.626757 0.548414 0.623236 0.470951 0.834499 0.544893 0.785204 0.499120 1.000000 0.544893 0.957735 0.006720 0.006918 0.001408 0.029302 0.041368 0.039039 0.002243 0.039178
0.477993 0.267611 0.474472 0.253527 0.488557 0.257048 0.449825 0.267611 0.537851 0.264090 0.425178 0.373243 0.576583 0.376764 0.382925 0.517605 0.618835 0.531689 0.337152 0.616194 0.671651 0.654926 0.449825 0.626757 0.548414 0.623236 0.470951 0.834499 0.548414 0.785204 0.495599 1.000000 0.541372 0.961256 0.001890 0.012726 0.001408 0.036221 0.047727 0.044130 0.002243 0.032260
0.489584 0.270855 0.482641 0.256968 0.496528 0.256968 0.451394 0.267384 0.538191 0.267384 0.427090 0.375012 0.576382 0.375012 0.381956 0.513888 0.614572 0.531247 0.340293 0.614572 0.670123 0.649291 0.451394 0.624988 0.545135 0.624988 0.475697 0.829829 0.552078 0.784695 0.496528 1.000000 0.541663 0.958289 0.008291 0.032906 0.006740 0.053414 0.024863 0.063694 0.004420 0.023759
0.485345 0.271557 0.481897 0.257764 0.495690 0.257764 0.450863 0.268109 0.537068 0.268109 0.426726 0.375003 0.574998 0.375003 0.385348 0.512931 0.612928 0.526724 0.343969 0.612928 0.664651 0.647410 0.450863 0.626721 0.547413 0.623273 0.475001 0.826716 0.550861 0.785338 0.495690 1.000000 0.540516 0.957748 0.008008 0.025847 0.007801 0.041995 0.032112 0.050902 0.002195 0.031460
0.490452 0.267367 0.483507 0.253478 0.497396 0.253478 0.452258 0.267367 0.539062 0.263895 0.427953 0.375003 0.573783 0.375003 0.386287 0.513889 0.618921 0.527777 0.348094 0.621525 0.667531 0.652774 0.452258 0.624997 0.546006 0.624997 0.476563 0.829853 0.549478 0.795132 0.493924 1.000000 0.539062 0.968739 0.012380 0.025571 0.006740 0.041719 0.015763 0.026614 0.002213 0.031095
0.496552 0.268103 0.489655 0.257759 0.503448 0.257759 0.451724 0.268103 0.537931 0.268103 0.427586 0.375000 0.572414 0.375000 0.386207 0.512931 0.617241 0.526724 0.344828 0.616379 0.665517 0.647414 0.455172 0.626724 0.544828 0.623276 0.482759 0.826724 0.548276 0.802586 0.493103 1.000000 0.534483 0.968103 0.028239 0.032585 0.008886 0.041344 0.028345 0.029675 0.000005 0.037509
0.494755 0.268357 0.487762 0.254371 0.501748 0.254371 0.452797 0.268357 0.540210 0.264860 0.424825 0.373252 0.575175 0.376748 0.386364 0.513112 0.617133 0.527098 0.344406 0.621503 0.673077 0.649476 0.452797 0.625000 0.547203 0.625000 0.473776 0.831294 0.547203 0.806818 0.487762 1.000000 0.533217 0.978147 0.011752 0.025927 0.002966 0.035715 0.032139 0.049858 0.000005 0.032259
0.499120 0.272893 0.492078 0.258809 0.506162 0.258809 0.449825 0.269372 0.537851 0.269372 0.425178 0.375003 0.573062 0.375003 0.382925 0.515845 0.618835 0.529929 0.340673 0.624997 0.678693 0.653165 0.453346 0.624997 0.548414 0.624997 0.474472 0.829217 0.548414 0.808091 0.488557 1.000000 0.530809 0.991185 0.012629 0.030513 0.002904 0.031282 0.024789 0.052480 0.002243 0.032812
0.500000 0.274670 0.492958 0.260587 0.507042 0.260587 0.454230 0.267629 0.538729 0.267629 0.422543 0.373252 0.573936 0.376773 0.383814 0.514083 0.619706 0.531687 0.345086 0.623227 0.679560 0.651393 0.454230 0.623227 0.549291 0.626748 0.471834 0.823912 0.549291 0.806308 0.489438 1.000000 0.528166 0.996430 0.002641 0.035223 0.012284 0.031282 0.023113 0.056139 0.004483 0.027851
0.487932 0.283641 0.481036 0.269849 0.494828 0.269849 0.453453 0.273297 0.536203 0.273297 0.422421 0.373288 0.574131 0.376736 0.387942 0.507758 0.618954 0.528446 0.346566 0.614644 0.677569 0.645676 0.453453 0.624988 0.549995 0.624988 0.470692 0.821521 0.543099 0.807729 0.487932 1.000000 0.522412 0.990471 0.001818 0.023876 0.011197 0.018844 0.037666 0.056139 0.004390 0.039857
0.510200 0.273043 0.503400 0.259443 0.517000 0.259443 0.452399 0.269643 0.537401 0.269643 0.421798 0.371646 0.571402 0.378446 0.387797 0.507650 0.615603 0.524651 0.346995 0.613053 0.676805 0.640254 0.455799 0.623254 0.551002 0.626654 0.476199 0.817060 0.554402 0.803459 0.486400 1.000000 0.520401 0.973464 0.016934 0.068954 0.009372 0.032224 0.039583 0.061532 0.008659 0.027263
0.466844 0.291710 0.463443 0.278107 0.473645 0.278107 0.449840 0.281508 0.531456 0.274707 0.422635 0.373326 0.572264 0.376726 0.385228 0.505951 0.616472 0.526355 0.351221 0.614772 0.677684 0.641977 0.453241 0.624974 0.551860 0.624974 0.473645 0.812010 0.558661 0.798407 0.483847 1.000000 0.521254 0.971841 0.018138 0.080096 0.003937 0.038580 0.008904 0.063540 0.006495 0.022111
0.448673 0.296405 0.458939 0.282718 0.448673 0.279296 0.482891 0.279296 0.493156 0.279296 0.510265 0.378527 0.479469 0.371684 0.489735 0.518820 0.472626 0.511976 0.465782 0.631738 0.496578 0.638582 0.523952 0.624895 0.486313 0.624895 0.534218 0.809670 0.486313 0.809670 0.520531 0.991024 0.486313 0.994446 0.041644 0.000001 0.000001 0.008601 0.020280 0.075032 0.013074 0.017666
0.459484 0.293970 0.459484 0.280178 0.462932 0.280178 0.456036 0.276729 0.531896 0.273281 0.421554 0.373279 0.576722 0.376727 0.383623 0.511207 0.621549 0.531896 0.342245 0.628445 0.683616 0.652583 0.449139 0.624997 0.552585 0.624997 0.466380 0.807751 0.569826 0.793959 0.476725 1.000000 0.518103 0.987057 0.013769 0.115675 0.004804 0.063218 0.022576 0.061682 0.002195 0.002426
0.502500 0.286709 0.495834 0.273379 0.509165 0.273379 0.449177 0.276711 0.535826 0.273379 0.422516 0.373359 0.572486 0.376691 0.385856 0.509998 0.615810 0.529994 0.339199 0.623309 0.679131 0.639972 0.452509 0.623309 0.552490 0.626641 0.475838 0.796607 0.592481 0.769946 0.482504 0.986569 0.522496 0.956575 0.031429 0.200827 0.004579 0.112037 0.040899 0.078615 0.006366 0.044034
0.507496 0.281788 0.497501 0.268462 0.514159 0.268462 0.450861 0.275125 0.534148 0.271793 0.420877 0.375069 0.570794 0.375069 0.384231 0.508329 0.614103 0.524986 0.340922 0.621599 0.677401 0.638257 0.454192 0.624931 0.554137 0.624931 0.474181 0.794836 0.597446 0.768184 0.477512 0.984731 0.517490 0.964742 0.031693 0.216427 0.004913 0.114642 0.030824 0.072689 0.010607 0.056175
0.525488 0.281293 0.518911 0.268137 0.528777 0.268137 0.453134 0.274715 0.532066 0.271426 0.423535 0.373380 0.571532 0.376669 0.387357 0.504933 0.617576 0.521377 0.344603 0.620042 0.680064 0.633198 0.453134 0.623331 0.551799 0.626620 0.476156 0.794351 0.555088 0.794351 0.476156 0.971948 0.515622 0.981814 0.042593 0.072289 0.005073 0.031318 0.027778 0.064152 0.006282 0.036353
0.544158 0.280044 0.534160 0.266713 0.540825 0.266713 0.457509 0.276711 0.530827 0.270046 0.424182 0.373359 0.570819 0.376691 0.387522 0.509998 0.620809 0.523329 0.347530 0.629974 0.680797 0.636639 0.454176 0.623309 0.550823 0.626641 0.477504 0.799940 0.544158 0.809938 0.480837 0.979904 0.517497 0.999900 0.035905 0.032815 0.003784 0.013841 0.018981 0.050403 0.006366 0.053369
0.542509 0.269236 0.535569 0.255356 0.535569 0.255356 0.469636 0.262296 0.521688 0.262296 0.424525 0.373340 0.566800 0.376810 0.382883 0.515616 0.625792 0.522556 0.341242 0.637070 0.684784 0.640540 0.459226 0.623190 0.549449 0.626660 0.480047 0.817517 0.539039 0.820987 0.476577 1.000000 0.514748 1.000000 0.039658 0.021860 0.009953 0.005033 0.014505 0.025160 0.011048 0.051011
0.541663 0.269120 0.531247 0.255232 0.538191 0.255232 0.461809 0.262176 0.531247 0.262176 0.423618 0.373276 0.572910 0.376748 0.381956 0.515624 0.624988 0.522567 0.343765 0.640611 0.684010 0.637140 0.454865 0.623252 0.548606 0.626724 0.479169 0.817678 0.534719 0.824621 0.479169 1.000000 0.510416 1.000000 0.039583 0.016595 0.000000 0.008549 0.003760 0.042231 0.004420 0.061884
