0.508277 0.270922 0.523228 0.255970 0.492257 0.258106 0.544587 0.269854 0.470898 0.270922 0.577694 0.378786 0.429247 0.371310 0.596918 0.508010 0.392937 0.498398 0.593714 0.614806 0.481578 0.514418 0.545655 0.626554 0.447403 0.623350 0.533908 0.805972 0.438859 0.804904 0.515752 0.985390 0.422840 0.988594 0.011289 0.012721 0.020122 0.037858 0.056554 0.531674 0.008839 0.005844
0.509176 0.269246 0.523210 0.254132 0.491903 0.256291 0.545881 0.269246 0.471392 0.269246 0.578267 0.379360 0.428210 0.370724 0.597699 0.509986 0.392585 0.499190 0.594461 0.619021 0.481108 0.515384 0.545881 0.626577 0.447642 0.623339 0.534006 0.809021 0.441164 0.806862 0.513494 0.991466 0.424971 0.993625 0.014947 0.016301 0.020775 0.035667 0.056459 0.528516 0.008248 0.009459
0.509176 0.269246 0.523210 0.254132 0.492983 0.256291 0.545881 0.269246 0.471392 0.269246 0.578267 0.379360 0.428210 0.370724 0.597699 0.509986 0.392585 0.500270 0.595540 0.619021 0.481108 0.515384 0.545881 0.626577 0.447642 0.623339 0.535085 0.809021 0.440085 0.807942 0.512415 0.992545 0.423892 0.994704 0.020309 0.014508 0.022651 0.037460 0.053309 0.531597 0.008248 0.005790
0.509117 0.269926 0.523061 0.254910 0.493028 0.257055 0.545586 0.269926 0.471576 0.269926 0.577764 0.379332 0.428672 0.370751 0.597071 0.509117 0.393276 0.499464 0.595998 0.617450 0.481229 0.515553 0.545586 0.627104 0.447979 0.622813 0.533787 0.808374 0.439398 0.807302 0.511262 0.989645 0.422236 0.990717 0.018662 0.014902 0.020419 0.039128 0.050159 0.527833 0.008195 0.005893
0.509405 0.269714 0.523378 0.254666 0.493282 0.256815 0.545950 0.268639 0.471785 0.269714 0.578195 0.379348 0.428791 0.370749 0.597543 0.510480 0.392246 0.499731 0.596468 0.619040 0.480384 0.515854 0.545950 0.626563 0.447064 0.623339 0.534126 0.808213 0.438465 0.806063 0.513704 0.989862 0.421267 0.993087 0.014947 0.014219 0.020596 0.037955 0.049779 0.530294 0.008896 0.005720
0.509325 0.270078 0.523179 0.255158 0.493339 0.257289 0.545558 0.269012 0.470960 0.270078 0.577529 0.378778 0.429398 0.371318 0.596711 0.508792 0.393165 0.499201 0.595646 0.617492 0.478420 0.514120 0.545558 0.627083 0.447515 0.622821 0.535967 0.805053 0.438989 0.805053 0.516785 0.984089 0.421938 0.987286 0.016837 0.014816 0.023622 0.037770 0.049748 0.532739 0.008821 0.002256
0.508278 0.269808 0.522165 0.254853 0.492256 0.256989 0.543528 0.268739 0.469824 0.269808 0.576642 0.378762 0.428165 0.371284 0.595869 0.509080 0.391847 0.499466 0.593733 0.618034 0.475165 0.517625 0.546733 0.626579 0.448460 0.623375 0.539256 0.806033 0.440983 0.806033 0.520028 0.985487 0.422824 0.990828 0.020720 0.018156 0.024976 0.038595 0.052868 0.519577 0.006120 0.000235
0.508850 0.269356 0.522796 0.254338 0.491686 0.255410 0.544251 0.268284 0.470231 0.269356 0.577507 0.378778 0.427320 0.371269 0.595744 0.510728 0.391919 0.500000 0.595744 0.620149 0.473449 0.520382 0.547470 0.626586 0.447703 0.623368 0.541033 0.805737 0.441266 0.806810 0.521723 0.987034 0.423029 0.992397 0.022344 0.020014 0.026964 0.036844 0.043717 0.507445 0.006147 0.000235
0.508368 0.268655 0.522406 0.253538 0.491092 0.254618 0.544001 0.267575 0.469496 0.267575 0.577475 0.378794 0.426304 0.371235 0.595831 0.510528 0.390671 0.500810 0.595831 0.620667 0.467336 0.528884 0.548321 0.626065 0.447900 0.623906 0.545081 0.807470 0.444661 0.809630 0.529964 0.988875 0.427384 0.997513 0.020781 0.023636 0.031674 0.032691 0.044071 0.473687 0.004812 0.000000
0.507664 0.270882 0.521405 0.256083 0.490751 0.257140 0.542547 0.269825 0.469609 0.269825 0.575316 0.378702 0.426270 0.371303 0.593286 0.508721 0.390330 0.498150 0.592229 0.617598 0.459039 0.534090 0.548889 0.626055 0.449525 0.623940 0.545718 0.802584 0.447411 0.804698 0.531976 0.978056 0.434726 0.986512 0.019160 0.018449 0.028161 0.032941 0.046807 0.434479 0.002020 0.001994
0.506524 0.270628 0.521137 0.256015 0.490867 0.257059 0.543056 0.269585 0.469991 0.269585 0.575413 0.379182 0.427196 0.370832 0.592114 0.508611 0.389620 0.495042 0.591070 0.614033 0.451203 0.537837 0.548275 0.626559 0.449116 0.623428 0.545144 0.799827 0.449116 0.801915 0.532618 0.969964 0.439721 0.979358 0.017639 0.016836 0.029029 0.027553 0.043998 0.400198 0.003322 0.005752
0.507971 0.271663 0.523399 0.258292 0.492543 0.259321 0.544999 0.270635 0.470944 0.269606 0.576884 0.379660 0.428773 0.370404 0.595397 0.510285 0.391746 0.496914 0.592312 0.613140 0.445230 0.548342 0.546027 0.626511 0.448316 0.623425 0.544999 0.794163 0.450373 0.793135 0.530599 0.964902 0.450373 0.973130 0.024829 0.003858 0.037631 0.020678 0.054363 0.346873 0.007204 0.005810
0.510006 0.271925 0.524372 0.258585 0.494612 0.259611 0.546949 0.270899 0.473062 0.269873 0.577735 0.379677 0.429961 0.370441 0.596207 0.510006 0.390965 0.496665 0.594155 0.613652 0.437145 0.560290 0.544897 0.625967 0.447407 0.623915 0.542844 0.791186 0.448433 0.792213 0.531556 0.964615 0.446381 0.976930 0.016735 0.005478 0.038238 0.019933 0.051118 0.295225 0.009801 0.005896
0.508600 0.273370 0.523776 0.260218 0.494435 0.260218 0.546034 0.271347 0.473189 0.270335 0.576386 0.379603 0.430696 0.370497 0.594598 0.508094 0.391238 0.495953 0.593586 0.610280 0.425637 0.567787 0.545022 0.626467 0.447895 0.623432 0.542999 0.790369 0.448907 0.791381 0.528835 0.957306 0.448907 0.969447 0.023014 0.001916 0.036296 0.019694 0.047968 0.239154 0.009018 0.005847
0.507922 0.272297 0.522234 0.257986 0.492589 0.259008 0.544723 0.270252 0.472144 0.269230 0.576412 0.378609 0.429210 0.371454 0.594812 0.508433 0.388321 0.498211 0.593790 0.613724 0.411832 0.575901 0.545745 0.625991 0.448633 0.623946 0.543701 0.792615 0.450677 0.793637 0.528367 0.965373 0.453744 0.977640 0.024273 0.001469 0.035354 0.020602 0.047906 0.192868 0.007159 0.007741
0.505589 0.272883 0.520832 0.259672 0.491362 0.259672 0.543188 0.271867 0.470023 0.270850 0.574690 0.378566 0.428359 0.371453 0.592981 0.507621 0.385679 0.498476 0.591965 0.613305 0.402954 0.586884 0.547253 0.626515 0.449699 0.623466 0.547253 0.793169 0.449699 0.794185 0.529977 0.961856 0.452747 0.975066 0.032485 0.005365 0.035080 0.026890 0.047877 0.164604 0.003882 0.000000
0.506035 0.273420 0.521124 0.260343 0.491953 0.260343 0.543254 0.271408 0.470829 0.271408 0.574437 0.378034 0.429587 0.371998 0.592543 0.506790 0.386333 0.498743 0.591537 0.611404 0.394380 0.596316 0.546272 0.626493 0.449705 0.623475 0.542248 0.795485 0.448699 0.794479 0.519112 0.962465 0.451717 0.972524 0.036247 0.007268 0.028353 0.027283 0.047531 0.130878 0.005124 0.005705
0.507201 0.271636 0.521602 0.258263 0.491771 0.259292 0.544233 0.269579 0.470169 0.269579 0.576121 0.378617 0.427993 0.371417 0.595666 0.509258 0.384789 0.500000 0.594637 0.616239 0.383761 0.604924 0.547319 0.626526 0.448567 0.623440 0.545261 0.798313 0.449595 0.799342 0.524688 0.970101 0.452681 0.983474 0.034128 0.003473 0.033005 0.024066 0.050331 0.100059 0.005239 0.005674
0.506928 0.271875 0.521298 0.258532 0.491532 0.259558 0.543880 0.268796 0.469977 0.269823 0.576726 0.378624 0.428920 0.371439 0.595202 0.508981 0.384783 0.498717 0.594175 0.616757 0.375545 0.608545 0.545933 0.625995 0.448422 0.623942 0.544906 0.797409 0.450475 0.798435 0.525404 0.967797 0.454580 0.981140 0.034369 0.003407 0.037515 0.020792 0.047848 0.079540 0.007188 0.005650
0.506389 0.272808 0.520700 0.259519 0.491055 0.260541 0.543189 0.269741 0.470611 0.270764 0.576923 0.378098 0.428699 0.371965 0.595324 0.507922 0.383721 0.497700 0.594301 0.617302 0.370432 0.611168 0.546256 0.626502 0.448122 0.623435 0.545234 0.798237 0.452210 0.799260 0.521722 0.964862 0.455277 0.980196 0.042726 0.002007 0.037205 0.017135 0.047791 0.072241 0.007159 0.009296
0.507395 0.272529 0.521676 0.258248 0.492095 0.259268 0.545137 0.268449 0.471694 0.270489 0.577779 0.378614 0.428852 0.371474 0.596140 0.510201 0.383969 0.497960 0.595120 0.618326 0.366629 0.611185 0.546157 0.626486 0.447212 0.623426 0.544117 0.802955 0.452313 0.799894 0.516576 0.969223 0.458433 0.981463 0.048572 0.001524 0.036710 0.013958 0.047133 0.060163 0.008443 0.012877
0.506816 0.273563 0.520952 0.259426 0.491670 0.260436 0.544177 0.269524 0.471474 0.270534 0.577499 0.378577 0.429065 0.371509 0.595674 0.508835 0.383626 0.495709 0.593655 0.617889 0.365450 0.608801 0.546196 0.626976 0.447240 0.622937 0.543167 0.804693 0.453299 0.799644 0.509845 0.967263 0.458348 0.980390 0.058927 0.002022 0.034477 0.012061 0.050024 0.060917 0.008358 0.016335
0.506187 0.274541 0.520046 0.260682 0.491338 0.261672 0.543805 0.270581 0.471539 0.273551 0.575483 0.378485 0.428972 0.371555 0.593302 0.505197 0.383434 0.493318 0.593302 0.613101 0.365615 0.604191 0.546775 0.626960 0.448771 0.623000 0.543805 0.803170 0.454710 0.797230 0.508167 0.961560 0.460650 0.975420 0.065082 0.000274 0.031250 0.014165 0.044471 0.063193 0.005673 0.016212
0.506448 0.273342 0.520335 0.259455 0.491569 0.260447 0.543149 0.270366 0.470738 0.272350 0.574891 0.377496 0.429076 0.372536 0.594730 0.506448 0.382455 0.494544 0.593738 0.615561 0.363608 0.603658 0.547117 0.626472 0.448915 0.623496 0.545133 0.797086 0.455859 0.797086 0.516367 0.962739 0.461810 0.979602 0.051029 0.002348 0.031662 0.012384 0.051483 0.061737 0.005052 0.016426
0.506139 0.272860 0.520872 0.259109 0.491406 0.260091 0.543463 0.270896 0.470779 0.271878 0.574895 0.377958 0.428543 0.372065 0.594539 0.505648 0.382379 0.491897 0.594539 0.613693 0.363716 0.599941 0.547392 0.626462 0.449170 0.623515 0.546410 0.797369 0.456045 0.798351 0.519890 0.964347 0.462921 0.980063 0.048307 0.000465 0.033256 0.013542 0.048590 0.062606 0.004377 0.014341
0.506944 0.269858 0.520832 0.256962 0.491072 0.257954 0.543648 0.269858 0.470240 0.270850 0.575391 0.377985 0.427584 0.372033 0.595231 0.505952 0.379969 0.494048 0.596223 0.617055 0.361121 0.605151 0.548608 0.625983 0.448416 0.623999 0.549600 0.798590 0.457344 0.802558 0.525792 0.968221 0.465280 0.990045 0.046214 0.002433 0.036074 0.010355 0.046119 0.064943 0.003789 0.014072
0.505905 0.269209 0.519684 0.256415 0.490158 0.257399 0.542320 0.268225 0.469490 0.271177 0.574798 0.377469 0.428155 0.372548 0.594482 0.506397 0.378945 0.495571 0.596450 0.616626 0.361230 0.606784 0.548225 0.625483 0.448822 0.624499 0.549209 0.797715 0.456696 0.800668 0.531494 0.967979 0.467522 0.985694 0.034819 0.004386 0.035794 0.011837 0.042541 0.070837 0.003759 0.012398
0.506103 0.270023 0.519775 0.256352 0.490479 0.257328 0.542236 0.268070 0.468995 0.271000 0.574462 0.377443 0.427003 0.372561 0.594969 0.505371 0.379152 0.495606 0.596922 0.615721 0.362551 0.605955 0.549071 0.625486 0.449464 0.624510 0.549071 0.797358 0.456300 0.801264 0.533447 0.965324 0.468018 0.983878 0.029525 0.008094 0.032470 0.015998 0.044963 0.070528 0.001865 0.012305
0.505848 0.268764 0.519493 0.255119 0.490253 0.256093 0.541910 0.267789 0.468811 0.268764 0.575048 0.376950 0.425927 0.373052 0.595516 0.505604 0.378169 0.497807 0.598440 0.616714 0.363549 0.608917 0.549707 0.625486 0.449318 0.624512 0.550682 0.796050 0.457115 0.800924 0.535087 0.965640 0.470760 0.985133 0.031007 0.009476 0.034162 0.015465 0.041845 0.074731 0.001242 0.012241
0.506528 0.268617 0.520068 0.256045 0.490087 0.257012 0.541344 0.267650 0.468810 0.270552 0.574226 0.376934 0.426257 0.373066 0.594536 0.505561 0.379836 0.497824 0.598404 0.616779 0.365329 0.610977 0.550048 0.625483 0.449468 0.624516 0.551015 0.794729 0.458172 0.800531 0.539410 0.959138 0.473646 0.983316 0.024251 0.011155 0.032686 0.013572 0.038781 0.072801 0.000619 0.013909
0.506618 0.266671 0.521323 0.253926 0.490932 0.253926 0.543872 0.266671 0.469363 0.267651 0.576224 0.377453 0.425246 0.372551 0.596812 0.507843 0.379169 0.500980 0.602694 0.620586 0.365443 0.616665 0.549754 0.625488 0.448775 0.624508 0.551715 0.797054 0.455638 0.803916 0.541911 0.966659 0.475246 0.991168 0.022017 0.021040 0.037479 0.017470 0.033256 0.072060 0.001872 0.008532
0.508366 0.266247 0.523129 0.253453 0.491634 0.253453 0.544782 0.267232 0.468997 0.268216 0.576277 0.377464 0.425691 0.372543 0.598914 0.508366 0.379433 0.502461 0.603835 0.623520 0.365654 0.620567 0.549703 0.625488 0.448328 0.624504 0.551672 0.795759 0.454234 0.804617 0.545766 0.966029 0.473918 0.994571 0.014715 0.022435 0.037655 0.018089 0.040912 0.071913 0.002506 0.006753
0.508220 0.267657 0.522727 0.254118 0.491780 0.255085 0.544003 0.267657 0.469537 0.268624 0.574949 0.377905 0.426985 0.372102 0.597192 0.507495 0.381532 0.499758 0.602028 0.621611 0.367992 0.616776 0.548838 0.625480 0.449228 0.624513 0.545937 0.793753 0.452129 0.801490 0.544003 0.959126 0.475339 0.986204 0.001764 0.034571 0.027961 0.022760 0.040628 0.072216 0.002465 0.010705
0.507225 0.267584 0.521676 0.254096 0.490848 0.255060 0.543834 0.267584 0.468690 0.268547 0.574662 0.377409 0.426301 0.372592 0.597783 0.508430 0.381985 0.501686 0.600674 0.621146 0.368498 0.617292 0.549614 0.624999 0.449422 0.624999 0.544797 0.790701 0.452312 0.801298 0.542871 0.952550 0.471580 0.986268 0.005462 0.027820 0.022843 0.023859 0.047440 0.068289 0.001225 0.014468
0.506667 0.268811 0.521905 0.254526 0.490476 0.256430 0.543809 0.267859 0.468572 0.270716 0.574285 0.377382 0.426667 0.372620 0.596190 0.507857 0.382858 0.501190 0.599999 0.620237 0.371430 0.616428 0.548571 0.624999 0.450477 0.624999 0.541904 0.790712 0.454286 0.800236 0.542857 0.950711 0.473334 0.983092 0.014693 0.026119 0.020138 0.023022 0.042159 0.073069 0.001209 0.019717
0.507325 0.269144 0.522448 0.254966 0.491257 0.255911 0.544186 0.267253 0.469518 0.269144 0.574432 0.377838 0.426986 0.372167 0.596170 0.508270 0.384454 0.500709 0.599951 0.620745 0.372167 0.615074 0.548912 0.625471 0.449670 0.624525 0.539461 0.791820 0.451560 0.799381 0.538515 0.954388 0.469518 0.981798 0.016216 0.027794 0.014621 0.025094 0.041873 0.067646 0.001803 0.021507
0.507504 0.270887 0.521575 0.256817 0.491558 0.257755 0.544087 0.269011 0.469045 0.269949 0.575042 0.377822 0.427772 0.372194 0.596617 0.509146 0.385561 0.500704 0.600369 0.621709 0.373366 0.615143 0.547839 0.625461 0.449347 0.624523 0.533769 0.793368 0.449347 0.798996 0.538459 0.957523 0.469983 0.980973 0.035704 0.035944 0.008214 0.027150 0.041225 0.067229 0.003582 0.026612
0.508878 0.271287 0.522895 0.256336 0.492991 0.258205 0.545322 0.267549 0.470564 0.269418 0.575225 0.377817 0.428513 0.372211 0.597653 0.508644 0.386461 0.501168 0.601391 0.620781 0.375248 0.615174 0.547191 0.625453 0.449071 0.624519 0.534108 0.794593 0.449071 0.797397 0.539715 0.968406 0.468695 0.979619 0.034837 0.034148 0.011311 0.025879 0.043436 0.069127 0.004760 0.024572
0.507176 0.271300 0.521064 0.257411 0.490509 0.258337 0.543286 0.268522 0.469213 0.270374 0.574767 0.377780 0.426621 0.372224 0.596063 0.506481 0.384955 0.501852 0.599767 0.617591 0.375696 0.614813 0.548842 0.625924 0.449769 0.624072 0.536805 0.796292 0.448843 0.796292 0.537731 0.977770 0.471991 0.975919 0.024076 0.042506 0.010683 0.030886 0.041591 0.072961 0.001771 0.020741
0.508863 0.272291 0.523407 0.258656 0.492501 0.259565 0.544315 0.270473 0.470684 0.271382 0.574312 0.377737 0.428869 0.372283 0.597038 0.505000 0.387055 0.500454 0.601583 0.614991 0.379782 0.614082 0.547042 0.625899 0.449777 0.624081 0.532497 0.798612 0.449777 0.795885 0.527043 0.982234 0.472502 0.968598 0.017290 0.041644 0.008098 0.026370 0.043103 0.080036 0.004052 0.026742
0.506602 0.274208 0.520687 0.261004 0.491637 0.261884 0.540933 0.273327 0.469630 0.273327 0.571743 0.377201 0.428257 0.372799 0.593750 0.502201 0.388644 0.498680 0.597271 0.609595 0.381602 0.608715 0.547975 0.625440 0.452025 0.624560 0.534771 0.800616 0.450264 0.797975 0.521567 0.985475 0.468750 0.976673 0.001250 0.036043 0.006437 0.033193 0.045040 0.076700 0.000003 0.020717
0.506810 0.273509 0.520870 0.260328 0.490993 0.261207 0.541959 0.271752 0.469904 0.272631 0.572714 0.378077 0.428604 0.371926 0.593804 0.504613 0.389061 0.499341 0.599076 0.611817 0.382910 0.610939 0.548110 0.625877 0.450572 0.624120 0.532293 0.804258 0.444421 0.802500 0.516476 0.992304 0.478691 0.974730 0.001436 0.073492 0.003350 0.038629 0.036926 0.078259 0.001681 0.017179
0.506870 0.272166 0.521055 0.258869 0.490913 0.259755 0.542331 0.270393 0.469637 0.271280 0.573359 0.377661 0.427971 0.372342 0.596408 0.506206 0.388078 0.500886 0.601727 0.615247 0.380986 0.614360 0.548537 0.625885 0.450134 0.624112 0.534352 0.806733 0.444815 0.799641 0.510417 1.000000 0.468750 0.978717 0.013957 0.051938 0.006812 0.037591 0.040961 0.075917 0.001695 0.015272
0.506786 0.272989 0.521672 0.258979 0.491900 0.259854 0.542688 0.270362 0.470009 0.272113 0.573335 0.378066 0.427978 0.371937 0.596102 0.506786 0.390326 0.498905 0.602232 0.616242 0.381569 0.614491 0.547942 0.625874 0.450745 0.624123 0.539185 0.808884 0.447242 0.805381 0.505035 0.999774 0.468258 0.985764 0.041131 0.043068 0.017287 0.034809 0.037917 0.067697 0.001672 0.009069
0.506727 0.272570 0.520616 0.258681 0.490234 0.260417 0.542318 0.270834 0.468533 0.272570 0.572700 0.377604 0.427734 0.372396 0.596137 0.506944 0.389540 0.500868 0.602213 0.615451 0.380860 0.615451 0.548394 0.625868 0.451172 0.624132 0.539714 0.809027 0.448568 0.807291 0.494575 0.997395 0.463325 0.986978 0.059791 0.030608 0.015990 0.034076 0.039254 0.067915 0.000548 0.010549
0.505154 0.272772 0.518900 0.259026 0.488832 0.259885 0.540377 0.270194 0.467355 0.271913 0.571304 0.377580 0.426978 0.372426 0.595359 0.506443 0.388319 0.500430 0.601372 0.615547 0.378869 0.614688 0.549827 0.625856 0.451891 0.624138 0.552404 0.811419 0.457046 0.809701 0.500000 0.995263 0.471650 1.000000 0.092810 0.015379 0.031888 0.022563 0.041215 0.067095 0.002187 0.004418
0.505146 0.272085 0.519725 0.258363 0.488851 0.259221 0.541166 0.270370 0.467410 0.271228 0.572041 0.377574 0.427102 0.372428 0.596054 0.507075 0.387651 0.500214 0.603773 0.616852 0.378217 0.616852 0.549742 0.626286 0.451115 0.623713 0.556603 0.809818 0.453688 0.806388 0.501715 0.998496 0.466552 1.000000 0.102006 0.016520 0.040356 0.025843 0.036017 0.069626 0.001090 0.007410
0.506123 0.272385 0.520481 0.257182 0.490076 0.258871 0.542440 0.269006 0.468117 0.270696 0.573690 0.377958 0.427577 0.372046 0.596494 0.505490 0.387037 0.497044 0.605784 0.613596 0.380280 0.611063 0.549197 0.626265 0.449536 0.623731 0.553420 0.809540 0.449536 0.807006 0.501056 0.993659 0.452070 0.995348 0.095533 0.004282 0.038630 0.027702 0.029033 0.080988 0.001616 0.007334
0.506229 0.272426 0.520349 0.257476 0.490449 0.258307 0.541943 0.269935 0.468854 0.270765 0.573505 0.377908 0.427326 0.372094 0.596760 0.503322 0.387459 0.495017 0.605066 0.611295 0.379984 0.607142 0.549418 0.626245 0.449751 0.623753 0.547757 0.813121 0.450582 0.809799 0.499585 0.995844 0.449751 0.997506 0.079222 0.002829 0.027948 0.026868 0.033924 0.078639 0.001053 0.004250
0.506841 0.271359 0.520936 0.256435 0.491087 0.257264 0.542494 0.269701 0.469528 0.270530 0.574832 0.378321 0.427241 0.371688 0.597219 0.505182 0.386613 0.496891 0.606340 0.613802 0.377492 0.609656 0.549128 0.626239 0.448799 0.623752 0.544153 0.813629 0.447970 0.809484 0.497720 1.000000 0.443824 1.000000 0.068867 0.005438 0.024436 0.028578 0.028934 0.074190 0.002641 0.007028
