0.475531 0.260243 0.495264 0.243668 0.463691 0.246036 0.539466 0.256297 0.453430 0.262611 0.580511 0.369959 0.428961 0.380220 0.630238 0.504933 0.387916 0.515984 0.540255 0.485200 0.328717 0.590969 0.548149 0.623332 0.442379 0.626489 0.565514 0.819873 0.436854 0.828555 0.639710 0.981684 0.447115 1.000000 0.108800 0.025173 0.068488 0.026028 0.681077 0.119271 0.012063 0.036752
0.479391 0.262505 0.499019 0.246018 0.468399 0.247588 0.542199 0.260150 0.458193 0.264860 0.583025 0.371635 0.429929 0.378701 0.634057 0.505103 0.389889 0.513739 0.543770 0.486261 0.331006 0.589895 0.546125 0.624440 0.440921 0.625225 0.555546 0.828567 0.444061 0.833278 0.642693 0.966746 0.459763 1.000000 0.164424 0.020708 0.060816 0.009379 0.681737 0.117752 0.016501 0.009875
0.479301 0.264696 0.498828 0.248293 0.469147 0.249074 0.541788 0.260790 0.458993 0.264696 0.583186 0.372487 0.431654 0.377954 0.634739 0.505272 0.389475 0.514646 0.548037 0.489651 0.328550 0.592755 0.544132 0.624780 0.441027 0.624780 0.542570 0.834112 0.451963 0.834112 0.635520 0.955182 0.469928 1.000000 0.210792 0.012589 0.046511 0.004530 0.674622 0.115586 0.018907 0.018989
0.479010 0.264201 0.498627 0.249292 0.469593 0.248507 0.542569 0.263416 0.459392 0.262631 0.583373 0.372488 0.431928 0.377981 0.635947 0.505100 0.387201 0.512947 0.547278 0.489407 0.325995 0.592986 0.543354 0.625158 0.441344 0.624373 0.522952 0.837024 0.457823 0.837024 0.628885 0.954728 0.484502 1.000000 0.263820 0.017576 0.019442 0.012458 0.675904 0.105947 0.019495 0.055175
0.479995 0.260730 0.500594 0.244884 0.471280 0.244884 0.544962 0.261522 0.460980 0.262314 0.583784 0.370857 0.430873 0.379573 0.636867 0.503961 0.383336 0.515846 0.551300 0.488908 0.321538 0.594282 0.541793 0.623597 0.443550 0.625973 0.506140 0.831175 0.460980 0.837514 0.619437 0.965072 0.495048 1.000000 0.277679 0.026201 0.001743 0.009808 0.676224 0.105573 0.018673 0.080312
0.481324 0.262775 0.501987 0.247675 0.472582 0.246880 0.544902 0.263569 0.461456 0.261980 0.583843 0.370857 0.431256 0.379599 0.637090 0.505166 0.381189 0.517087 0.554439 0.490066 0.319200 0.598943 0.540134 0.623580 0.444767 0.625964 0.490861 0.827824 0.467814 0.841334 0.603712 0.979616 0.508345 1.000000 0.278846 0.027953 0.020837 0.016495 0.677662 0.095146 0.019237 0.109284
0.482423 0.262112 0.502397 0.246133 0.472836 0.245334 0.544741 0.262112 0.459253 0.262112 0.584689 0.369970 0.428094 0.380357 0.638219 0.504993 0.376961 0.516978 0.557525 0.490612 0.317040 0.596873 0.541546 0.623239 0.445671 0.626434 0.483222 0.822178 0.476830 0.843750 0.567911 0.995551 0.530360 1.000000 0.235412 0.037700 0.037068 0.022634 0.676283 0.090837 0.016283 0.136107
0.481519 0.259345 0.502640 0.243098 0.470147 0.243098 0.545694 0.258533 0.454712 0.260970 0.585499 0.369011 0.424656 0.381196 0.640737 0.507108 0.371041 0.519293 0.559504 0.491674 0.308491 0.604588 0.544882 0.622460 0.444964 0.627334 0.479895 0.815796 0.475021 0.834480 0.542445 1.000000 0.543257 1.000000 0.188064 0.070717 0.052637 0.019662 0.680885 0.083533 0.012932 0.149084
0.477888 0.259000 0.498986 0.242771 0.467339 0.241960 0.541992 0.258189 0.452733 0.259811 0.583376 0.368545 0.422710 0.381529 0.638555 0.507303 0.368343 0.518663 0.559844 0.491886 0.304238 0.602242 0.546861 0.622529 0.447053 0.627397 0.475454 0.812407 0.468151 0.832694 0.528198 1.000000 0.525763 1.000000 0.183759 0.068491 0.069046 0.001188 0.682046 0.088122 0.007750 0.147096
0.477327 0.261437 0.497392 0.245386 0.466092 0.244583 0.539125 0.260634 0.450040 0.261437 0.580056 0.367376 0.420345 0.382625 0.637841 0.505417 0.367376 0.515851 0.558387 0.490169 0.303170 0.596910 0.547953 0.622592 0.451645 0.627408 0.468499 0.811998 0.504615 0.835272 0.483748 1.000000 0.552769 1.000000 0.147256 0.009316 0.086601 0.038941 0.686547 0.092776 0.000508 0.205855
0.474400 0.263400 0.495200 0.247400 0.464000 0.246600 0.538400 0.262600 0.449600 0.262600 0.580000 0.369000 0.420000 0.381000 0.638400 0.505800 0.365600 0.513800 0.558400 0.489000 0.303200 0.595400 0.548000 0.623400 0.452000 0.626600 0.480000 0.819400 0.509600 0.833000 0.452800 1.000000 0.567200 1.000000 0.068634 0.001876 0.066468 0.045386 0.694319 0.084053 0.000003 0.192925
0.471520 0.265042 0.492089 0.249220 0.460445 0.248429 0.536391 0.264251 0.446996 0.264251 0.577528 0.369468 0.420099 0.380543 0.636070 0.503956 0.367095 0.509493 0.560124 0.491298 0.304597 0.590186 0.549048 0.623412 0.453325 0.626577 0.488133 0.819606 0.510284 0.830681 0.427218 1.000000 0.579110 1.000000 0.007084 0.018415 0.060277 0.043898 0.683253 0.085630 0.003023 0.182453
0.471322 0.265039 0.491891 0.249217 0.460247 0.248426 0.536193 0.264248 0.446798 0.264248 0.578123 0.369466 0.419900 0.380542 0.635874 0.503956 0.366104 0.510284 0.559927 0.491298 0.303606 0.590187 0.548851 0.623414 0.453126 0.626578 0.488727 0.819610 0.510087 0.830686 0.427020 1.000000 0.578914 1.000000 0.004820 0.018415 0.058125 0.043898 0.681675 0.086173 0.002518 0.181281
0.472931 0.265934 0.493631 0.249215 0.460989 0.250011 0.535826 0.263546 0.446658 0.265138 0.578818 0.369433 0.418794 0.380579 0.636936 0.507165 0.364656 0.511942 0.561303 0.494427 0.300168 0.591556 0.550953 0.623402 0.451435 0.626587 0.493631 0.820049 0.512738 0.831195 0.419590 1.000000 0.590760 1.000000 0.014942 0.024973 0.055500 0.050670 0.680212 0.092277 0.003042 0.182945
0.471674 0.266853 0.491482 0.250213 0.459789 0.251006 0.535854 0.263683 0.447111 0.265268 0.577848 0.371442 0.419379 0.378573 0.634104 0.510895 0.365500 0.510102 0.560416 0.495840 0.300527 0.590922 0.550116 0.623408 0.452657 0.626577 0.489105 0.823078 0.516045 0.830209 0.424133 1.000000 0.600033 1.000000 0.003709 0.031591 0.059500 0.053600 0.686202 0.091781 0.003531 0.190452
0.472708 0.265446 0.492485 0.248833 0.460051 0.250416 0.535994 0.262282 0.448185 0.264655 0.577921 0.370659 0.418915 0.379361 0.633296 0.512262 0.367495 0.512262 0.559726 0.495649 0.304209 0.588996 0.550233 0.623012 0.452931 0.626968 0.489320 0.823154 0.520172 0.828692 0.429990 1.000000 0.609564 1.000000 0.010736 0.036136 0.059257 0.058959 0.689349 0.102012 0.004030 0.196458
0.472708 0.265446 0.493276 0.248042 0.460051 0.248833 0.537576 0.262282 0.447393 0.263864 0.577921 0.370659 0.418915 0.379361 0.634878 0.513053 0.370659 0.514635 0.558144 0.495649 0.305791 0.589787 0.550233 0.623012 0.452931 0.626968 0.490112 0.824737 0.518590 0.829483 0.437901 1.000000 0.617475 1.000000 0.019764 0.056939 0.057415 0.056341 0.692112 0.117593 0.004030 0.191999
0.472091 0.262571 0.493621 0.245825 0.461724 0.245825 0.538276 0.260976 0.448966 0.259381 0.578944 0.370221 0.418664 0.379790 0.639547 0.513755 0.371617 0.517742 0.559008 0.495415 0.307824 0.595889 0.551832 0.622203 0.450560 0.627785 0.495216 0.823949 0.502392 0.834315 0.452155 1.000000 0.619612 1.000000 0.028880 0.112627 0.052971 0.037552 0.698441 0.113301 0.003045 0.165356
0.473851 0.263670 0.495246 0.247822 0.465135 0.246237 0.540412 0.263670 0.453249 0.259708 0.579239 0.371435 0.419969 0.378566 0.637083 0.514065 0.371633 0.518027 0.558637 0.498217 0.309827 0.598058 0.551505 0.622622 0.449287 0.627377 0.496830 0.827851 0.477021 0.839737 0.463550 1.000000 0.606180 0.985536 0.036938 0.189423 0.047873 0.004001 0.686092 0.103123 0.001010 0.124212
0.473384 0.261048 0.494677 0.245276 0.464709 0.244487 0.539628 0.261048 0.453669 0.259471 0.577482 0.370667 0.420547 0.379341 0.638205 0.508675 0.371652 0.517350 0.555400 0.494480 0.312506 0.597000 0.552246 0.622236 0.449726 0.627756 0.498620 0.828066 0.462343 0.841472 0.474961 1.000000 0.592466 0.973960 0.047860 0.228361 0.049303 0.018447 0.685984 0.094934 0.002510 0.099899
0.471397 0.260207 0.492555 0.243751 0.461210 0.244534 0.540357 0.259423 0.450239 0.261774 0.577188 0.369133 0.419677 0.380887 0.635177 0.507053 0.371092 0.518024 0.549761 0.489813 0.309968 0.599522 0.553679 0.621464 0.449455 0.628517 0.502743 0.826777 0.448672 0.840882 0.491772 1.000000 0.568568 0.967832 0.061783 0.242082 0.047836 0.039269 0.690086 0.096452 0.003992 0.076233
0.469336 0.260898 0.489520 0.245372 0.459244 0.245372 0.536098 0.260122 0.449928 0.262451 0.575690 0.368805 0.420429 0.381225 0.633912 0.506210 0.371522 0.518631 0.546966 0.488355 0.309417 0.602472 0.553177 0.621880 0.450705 0.628090 0.509704 0.826824 0.442165 0.840797 0.501941 1.000000 0.552401 0.967335 0.055251 0.240890 0.038293 0.051616 0.692047 0.094092 0.004942 0.053762
0.467894 0.264171 0.488533 0.248118 0.458720 0.248118 0.532871 0.262642 0.448783 0.264936 0.574150 0.368135 0.422027 0.381895 0.631483 0.504204 0.373104 0.516435 0.545866 0.487387 0.309655 0.602817 0.552746 0.621928 0.451076 0.628043 0.522169 0.821446 0.431201 0.833677 0.509938 1.000000 0.532106 0.946813 0.030555 0.262501 0.021624 0.068062 0.688673 0.090637 0.004868 0.017735
0.467517 0.264071 0.488033 0.248115 0.459159 0.248115 0.532863 0.263311 0.449281 0.264831 0.574654 0.368169 0.422687 0.381846 0.633161 0.501900 0.374817 0.515577 0.548819 0.487463 0.310991 0.602198 0.552619 0.622713 0.450041 0.627272 0.529824 0.821790 0.424206 0.825589 0.521465 1.000000 0.492592 0.960840 0.023967 0.190244 0.008803 0.076565 0.685237 0.092718 0.003386 0.004945
0.466869 0.264317 0.487952 0.249257 0.457833 0.250010 0.532378 0.265070 0.448044 0.266576 0.575298 0.367475 0.422443 0.382535 0.634784 0.499247 0.375758 0.515813 0.548944 0.487952 0.314014 0.600147 0.553462 0.623489 0.448797 0.626501 0.536143 0.818511 0.420937 0.813993 0.530872 1.000000 0.469128 1.000000 0.020321 0.124354 0.001110 0.081208 0.676620 0.093917 0.002876 0.018763
0.467902 0.265871 0.488294 0.250010 0.458083 0.250766 0.532098 0.264360 0.447510 0.267381 0.575903 0.367075 0.421831 0.382935 0.635568 0.499245 0.375005 0.517371 0.550980 0.487916 0.312319 0.601204 0.554001 0.623862 0.448265 0.626128 0.543427 0.823250 0.417299 0.817208 0.541161 1.000000 0.444489 1.000000 0.013490 0.092873 0.010220 0.085603 0.677355 0.097685 0.002883 0.034275
0.466202 0.266623 0.485839 0.250762 0.455628 0.251518 0.530399 0.264357 0.446565 0.266623 0.576471 0.367829 0.421641 0.382179 0.634626 0.500755 0.374815 0.518126 0.550036 0.487916 0.307596 0.601961 0.553813 0.624619 0.448076 0.625374 0.550792 0.826275 0.414089 0.819477 0.550792 1.000000 0.420886 1.000000 0.004770 0.065477 0.023245 0.089639 0.679223 0.109537 0.002403 0.050408
0.464045 0.266949 0.483622 0.250384 0.454256 0.251890 0.529555 0.263184 0.445973 0.266949 0.576240 0.368603 0.421877 0.381404 0.632715 0.500377 0.373686 0.516942 0.547627 0.486823 0.305917 0.598265 0.553651 0.624620 0.448232 0.625373 0.554404 0.824162 0.412841 0.821151 0.561180 1.000000 0.406064 1.000000 0.009289 0.046587 0.029215 0.091178 0.679163 0.112402 0.002395 0.058127
0.463783 0.269880 0.483099 0.253536 0.453382 0.255022 0.528417 0.265423 0.444467 0.269880 0.574478 0.369432 0.423665 0.380575 0.627225 0.500929 0.376118 0.512815 0.541046 0.483099 0.309255 0.593051 0.552933 0.624254 0.448924 0.625739 0.558134 0.819642 0.416236 0.819642 0.570763 1.000000 0.400634 1.000000 0.011694 0.028270 0.035319 0.085842 0.686370 0.111275 0.002364 0.061632
0.464634 0.267592 0.484094 0.251125 0.454155 0.251874 0.529004 0.263850 0.446670 0.267592 0.574662 0.368639 0.424215 0.381363 0.624812 0.502620 0.375563 0.514596 0.541729 0.485404 0.308947 0.589445 0.552208 0.623876 0.448915 0.626122 0.562687 0.819982 0.420472 0.822227 0.584393 1.000000 0.400263 1.000000 0.017574 0.013406 0.044925 0.077862 0.679041 0.120047 0.001427 0.062840
0.466939 0.268389 0.485513 0.252044 0.457281 0.252044 0.529346 0.264674 0.449852 0.267646 0.575408 0.369429 0.425335 0.380573 0.622956 0.503900 0.377787 0.512816 0.537518 0.486070 0.310922 0.586367 0.550891 0.623514 0.448366 0.626485 0.562778 0.815935 0.423849 0.821878 0.596211 1.000000 0.411219 1.000000 0.034102 0.019417 0.050258 0.069457 0.673674 0.124987 0.000949 0.059371
0.470340 0.266822 0.489740 0.250407 0.460640 0.251153 0.532272 0.263838 0.450939 0.266076 0.577042 0.369047 0.427062 0.380986 0.626289 0.503358 0.381546 0.513804 0.538241 0.483957 0.315137 0.586182 0.549434 0.623491 0.446462 0.626476 0.565103 0.818241 0.430793 0.829433 0.610619 1.000000 0.427062 1.000000 0.049468 0.018452 0.059960 0.049630 0.680901 0.131227 0.005225 0.050083
0.472733 0.267481 0.491409 0.251792 0.463021 0.251792 0.534738 0.263745 0.452562 0.265986 0.578067 0.369826 0.429404 0.380285 0.628119 0.505043 0.382340 0.516248 0.537726 0.483378 0.316599 0.587965 0.547438 0.623824 0.445092 0.626065 0.565367 0.824033 0.434633 0.829262 0.622143 1.000000 0.437621 1.000000 0.068056 0.021120 0.066630 0.036659 0.687726 0.130094 0.009513 0.044799
0.475291 0.266198 0.494010 0.249726 0.464808 0.250474 0.537438 0.260957 0.453577 0.264701 0.580867 0.368779 0.431114 0.381508 0.630285 0.505803 0.384690 0.518532 0.539684 0.484089 0.318050 0.592660 0.545675 0.623359 0.442345 0.626354 0.560650 0.829269 0.440099 0.833762 0.634029 0.995495 0.451330 1.000000 0.109217 0.021378 0.066834 0.018038 0.685055 0.129105 0.015259 0.026556
0.476047 0.266644 0.495509 0.250176 0.465567 0.250925 0.538175 0.261404 0.453591 0.265147 0.581590 0.369193 0.431883 0.381170 0.631742 0.504678 0.387720 0.519649 0.543415 0.485965 0.322597 0.596000 0.544164 0.623695 0.442363 0.625941 0.552397 0.833286 0.447603 0.835531 0.640725 0.985238 0.465567 1.000000 0.155105 0.020474 0.058976 0.005665 0.679305 0.126521 0.017164 0.004543
0.476125 0.264634 0.494924 0.248091 0.466349 0.248091 0.539290 0.260122 0.455070 0.262378 0.582904 0.368406 0.430255 0.381941 0.634038 0.504512 0.388145 0.519551 0.549066 0.486465 0.325731 0.594748 0.543802 0.624075 0.443038 0.625579 0.539290 0.839890 0.454318 0.839138 0.638550 0.976748 0.477629 1.000000 0.206389 0.019860 0.041655 0.000000 0.681009 0.125989 0.016763 0.023450
0.475713 0.264976 0.494395 0.248535 0.466745 0.248535 0.539233 0.261987 0.457031 0.263481 0.581829 0.369597 0.432370 0.380806 0.634887 0.504110 0.389774 0.519056 0.551190 0.486175 0.327001 0.594533 0.541475 0.624425 0.444327 0.625172 0.522793 0.841140 0.460767 0.841887 0.631150 0.966686 0.488417 1.000000 0.254025 0.020056 0.022619 0.008539 0.686785 0.125696 0.018088 0.051474
0.475713 0.264976 0.494395 0.248535 0.466745 0.248535 0.539233 0.261987 0.457031 0.263481 0.581829 0.369597 0.432370 0.380806 0.634887 0.504110 0.389774 0.519056 0.551190 0.486175 0.327001 0.594533 0.541475 0.624425 0.444327 0.625172 0.522793 0.840393 0.460767 0.841887 0.631150 0.966686 0.488417 1.000000 0.253185 0.020222 0.022524 0.008539 0.686785 0.125696 0.018088 0.051568
0.476911 0.265386 0.496276 0.249745 0.467973 0.249745 0.540220 0.261662 0.456801 0.263151 0.582674 0.369659 0.432967 0.380831 0.637044 0.503724 0.390513 0.517131 0.554371 0.486593 0.329439 0.594590 0.539475 0.624383 0.444884 0.625128 0.507448 0.837397 0.464249 0.841866 0.622893 0.965504 0.497766 1.000000 0.280969 0.024396 0.005972 0.012850 0.687676 0.116411 0.019928 0.075867
0.474391 0.267092 0.493831 0.249895 0.464671 0.250643 0.537946 0.261110 0.454203 0.263353 0.580564 0.368779 0.431025 0.381490 0.637390 0.503365 0.386911 0.517571 0.555890 0.488411 0.325599 0.597575 0.540936 0.623744 0.447474 0.625987 0.487102 0.830109 0.465419 0.843567 0.597014 0.969181 0.508785 1.000000 0.294117 0.040920 0.032147 0.004809 0.684933 0.108353 0.014761 0.107420
0.471191 0.265168 0.490902 0.247730 0.462093 0.248489 0.537149 0.258344 0.451479 0.261377 0.581879 0.368274 0.427977 0.381920 0.639497 0.504738 0.382489 0.521417 0.559135 0.490334 0.321080 0.603296 0.542456 0.623007 0.447689 0.626798 0.477256 0.822397 0.471191 0.845899 0.570507 0.989945 0.521228 1.000000 0.262256 0.043682 0.051723 0.008446 0.683626 0.104497 0.012552 0.134611
0.470245 0.265940 0.489955 0.249262 0.460390 0.249262 0.535441 0.259875 0.449018 0.262149 0.580926 0.368282 0.429308 0.381928 0.639299 0.505496 0.380032 0.520658 0.559700 0.492609 0.316353 0.604048 0.542264 0.623758 0.447502 0.626032 0.476310 0.816313 0.453567 0.816313 0.538473 1.000000 0.498294 0.971721 0.192756 0.079058 0.057232 0.013539 0.679124 0.098956 0.013034 0.115183
0.469330 0.265305 0.489904 0.248541 0.458662 0.249303 0.533337 0.259971 0.446470 0.263019 0.579819 0.367413 0.425896 0.382653 0.641541 0.506096 0.377128 0.520574 0.562293 0.493904 0.313120 0.603631 0.545529 0.623443 0.448756 0.626491 0.475426 0.816228 0.457900 0.817752 0.525717 1.000000 0.497524 0.974723 0.177789 0.063499 0.068639 0.014548 0.681877 0.100812 0.007277 0.126224
0.466150 0.267589 0.486574 0.250948 0.457073 0.250948 0.530446 0.263051 0.445727 0.263051 0.577344 0.367437 0.423791 0.382565 0.641640 0.503593 0.376136 0.519478 0.563729 0.496029 0.311084 0.598902 0.546331 0.623108 0.452535 0.626890 0.470689 0.818264 0.482791 0.834906 0.499433 1.000000 0.540279 1.000000 0.156650 0.039553 0.079277 0.008699 0.671239 0.111821 0.001448 0.163678
0.465015 0.266831 0.484682 0.250189 0.455182 0.250189 0.530068 0.260779 0.445348 0.263049 0.577723 0.368949 0.422655 0.381052 0.639750 0.503593 0.378026 0.518722 0.566377 0.498298 0.313729 0.595877 0.547466 0.623865 0.452156 0.626135 0.477874 0.822806 0.502080 0.834152 0.450643 1.000000 0.555787 1.000000 0.069715 0.002740 0.069507 0.036844 0.660344 0.121356 0.000474 0.182089
0.464832 0.266056 0.484710 0.249237 0.454893 0.250001 0.529816 0.260704 0.445719 0.261469 0.577981 0.369267 0.421254 0.380735 0.638379 0.506881 0.375383 0.519113 0.564984 0.498471 0.308869 0.596330 0.549694 0.623853 0.451071 0.626146 0.490061 0.822628 0.500000 0.832567 0.428899 1.000000 0.568043 1.000000 0.009556 0.023552 0.057550 0.035599 0.667960 0.124451 0.000972 0.166857
0.465928 0.265132 0.485835 0.247522 0.455209 0.248288 0.532541 0.259773 0.444489 0.261304 0.578481 0.368497 0.419222 0.381513 0.638202 0.507082 0.374048 0.521630 0.562402 0.498660 0.307435 0.593602 0.550917 0.623463 0.451380 0.626526 0.495023 0.825599 0.503446 0.834021 0.426879 1.000000 0.581543 1.000000 0.010159 0.036331 0.051593 0.036715 0.664741 0.138421 0.002926 0.164127
0.464861 0.264850 0.485374 0.248135 0.454224 0.248895 0.530201 0.261811 0.444347 0.263331 0.575787 0.368939 0.420034 0.381096 0.635809 0.507978 0.375207 0.519374 0.558313 0.497341 0.309107 0.590793 0.550715 0.623463 0.453464 0.626502 0.491453 0.824043 0.509687 0.830881 0.433710 1.000000 0.591743 1.000000 0.011444 0.036899 0.060190 0.042355 0.673138 0.137910 0.005320 0.176896
0.464836 0.261114 0.485476 0.245060 0.454898 0.245060 0.531342 0.259585 0.445725 0.261114 0.577208 0.369664 0.418970 0.380366 0.634541 0.508791 0.374632 0.520258 0.559626 0.499618 0.308126 0.593643 0.550453 0.623456 0.453369 0.626514 0.493885 0.828326 0.511467 0.834441 0.438081 1.000000 0.600906 1.000000 0.009038 0.048330 0.052322 0.042530 0.663206 0.136661 0.004868 0.172483
0.465996 0.259125 0.486513 0.243169 0.456878 0.243169 0.532864 0.257606 0.447000 0.258366 0.578455 0.369305 0.419645 0.380703 0.633925 0.510638 0.376333 0.520516 0.559459 0.499240 0.310986 0.592703 0.549581 0.623097 0.452319 0.626896 0.496391 0.828258 0.510828 0.834337 0.448520 1.000000 0.608849 1.000000 0.015072 0.067298 0.044687 0.045507 0.667394 0.138563 0.002418 0.168253
