0.571004 0.280360 0.567217 0.265212 0.555857 0.265212 0.540709 0.276573 0.514201 0.272786 0.533135 0.378819 0.461184 0.371245 0.544496 0.518934 0.476332 0.515148 0.589939 0.602246 0.574791 0.587099 0.533135 0.624968 0.472545 0.624968 0.563431 0.802952 0.483906 0.818100 0.404381 0.927920 0.442250 1.000000 0.341682 0.082668 0.053666 0.004459 0.133194 0.265738 0.007233 0.034963
0.575397 0.275794 0.575397 0.263889 0.563492 0.259921 0.547619 0.271825 0.519841 0.267857 0.535714 0.378968 0.464286 0.371032 0.547619 0.521825 0.496032 0.513889 0.615079 0.597222 0.611111 0.577381 0.531746 0.625000 0.468254 0.625000 0.575397 0.815476 0.468254 0.835317 0.432540 0.990079 0.428571 1.000000 0.289982 0.056248 0.076841 0.004973 0.205870 0.269915 0.000006 0.071708
0.578115 0.283230 0.578115 0.267606 0.566398 0.263701 0.546869 0.275418 0.523435 0.271512 0.535152 0.376968 0.468754 0.373062 0.542964 0.517576 0.511717 0.517576 0.624985 0.583974 0.640608 0.568351 0.531246 0.623032 0.464848 0.626938 0.582021 0.810509 0.460942 0.830038 0.484377 1.000000 0.410167 1.000000 0.234361 0.066487 0.089241 0.001222 0.265718 0.288564 0.004973 0.090310
0.577033 0.284872 0.577033 0.273599 0.565760 0.269841 0.546971 0.281114 0.520667 0.277356 0.535698 0.375057 0.471817 0.375057 0.531940 0.506576 0.524425 0.506576 0.607094 0.566699 0.655945 0.551668 0.528183 0.623065 0.464302 0.626822 0.573275 0.799677 0.449271 0.814707 0.535698 1.000000 0.396663 1.000000 0.137857 0.052568 0.089214 0.015912 0.294315 0.273744 0.009570 0.104981
0.580804 0.290645 0.577131 0.275953 0.566112 0.272280 0.547748 0.283299 0.525710 0.279626 0.533056 0.375121 0.477963 0.375121 0.533056 0.503673 0.529383 0.503673 0.617533 0.547748 0.657935 0.533056 0.525710 0.624879 0.463271 0.624879 0.569785 0.797505 0.433888 0.808523 0.580804 0.999514 0.378794 1.000000 0.062226 0.034249 0.088930 0.031799 0.346929 0.307353 0.014034 0.130072
0.582851 0.293329 0.582851 0.278762 0.568283 0.278762 0.546433 0.286045 0.528224 0.282403 0.531866 0.373448 0.484522 0.377090 0.539149 0.500910 0.535507 0.500910 0.622910 0.540970 0.662970 0.530045 0.520940 0.624731 0.462672 0.624731 0.564642 0.803179 0.429896 0.806820 0.619268 0.992551 0.360702 1.000000 0.012945 0.051003 0.090280 0.028675 0.339831 0.304138 0.020881 0.133138
0.587032 0.292956 0.583367 0.278298 0.572374 0.278298 0.543058 0.289291 0.532064 0.285627 0.528400 0.373575 0.491755 0.377239 0.532064 0.498168 0.535729 0.501832 0.609019 0.545806 0.663987 0.527484 0.517406 0.622761 0.462439 0.626425 0.565045 0.805986 0.422129 0.805986 0.623677 0.992876 0.337846 0.996540 0.015799 0.062264 0.095002 0.033015 0.314199 0.329167 0.025690 0.151260
0.585583 0.287903 0.585583 0.276740 0.574420 0.273019 0.544652 0.284182 0.529768 0.284182 0.526047 0.373486 0.492558 0.377207 0.526047 0.503721 0.537210 0.503721 0.600467 0.552094 0.663724 0.537210 0.518605 0.622793 0.462790 0.626514 0.570699 0.801401 0.414417 0.808843 0.607909 1.000000 0.313950 0.998613 0.032048 0.072437 0.099833 0.044720 0.316534 0.309630 0.023711 0.172882
0.584851 0.294329 0.584851 0.279573 0.573783 0.279573 0.536892 0.286951 0.529513 0.286951 0.522135 0.375491 0.500000 0.375491 0.529513 0.515679 0.533202 0.508301 0.629121 0.563638 0.651255 0.556260 0.514757 0.622665 0.463108 0.626354 0.570094 0.799744 0.418839 0.803433 0.588540 0.998959 0.297096 0.984202 0.067022 0.110682 0.105910 0.031502 0.340429 0.299191 0.028220 0.174390
0.583106 0.295929 0.583106 0.281155 0.568331 0.281155 0.538783 0.292236 0.527702 0.288542 0.516621 0.377188 0.501847 0.373495 0.516621 0.513851 0.520315 0.502770 0.586799 0.565561 0.601574 0.554480 0.512928 0.624658 0.468605 0.624658 0.564638 0.790870 0.431669 0.801951 0.564638 0.997710 0.287619 0.971855 0.096008 0.158466 0.100759 0.023494 0.297865 0.274437 0.023535 0.161388
0.575132 0.297234 0.575132 0.286372 0.564269 0.282751 0.528061 0.293614 0.520820 0.289993 0.506336 0.376892 0.502716 0.373272 0.520820 0.518104 0.513578 0.500000 0.582373 0.586900 0.560649 0.583279 0.509957 0.626728 0.480991 0.623108 0.553407 0.793286 0.448403 0.800527 0.538924 0.988810 0.289088 0.945360 0.104763 0.207326 0.076614 0.030211 0.199801 0.136538 0.011528 0.139048
0.576991 0.300730 0.576991 0.286237 0.566121 0.282614 0.526267 0.293484 0.522644 0.293484 0.497283 0.373192 0.504529 0.376815 0.497283 0.525362 0.519021 0.528985 0.551629 0.634054 0.569745 0.637678 0.508152 0.623185 0.490036 0.626808 0.551629 0.797094 0.475544 0.804340 0.522644 0.992741 0.305259 0.927525 0.124796 0.274728 0.064148 0.007495 0.147584 0.108759 0.002304 0.103906
0.575353 0.302310 0.571807 0.288126 0.564715 0.288126 0.525709 0.295218 0.522163 0.295218 0.490248 0.373230 0.507978 0.376776 0.461880 0.515071 0.500886 0.511525 0.483156 0.607267 0.518617 0.621451 0.504432 0.624997 0.497341 0.624997 0.543439 0.791659 0.500886 0.798751 0.504432 0.979598 0.330678 0.905132 0.138320 0.328688 0.055267 0.020129 0.135025 0.067640 0.002256 0.066686
0.577750 0.301695 0.574255 0.287717 0.567267 0.287717 0.528829 0.294706 0.525334 0.294706 0.500874 0.375076 0.507862 0.375076 0.504368 0.532323 0.472919 0.514851 0.567267 0.619682 0.497379 0.630165 0.497379 0.623176 0.493885 0.626671 0.532323 0.790906 0.521840 0.790906 0.497379 0.972613 0.364593 0.895737 0.125855 0.366499 0.069862 0.071332 0.191560 0.144513 0.011125 0.011713
0.570915 0.297006 0.570915 0.286369 0.560278 0.282823 0.528366 0.293460 0.517729 0.293460 0.507091 0.375013 0.496454 0.375013 0.521274 0.531025 0.450360 0.513297 0.585098 0.616123 0.457451 0.637398 0.500000 0.623215 0.496454 0.626760 0.514183 0.800502 0.539003 0.789864 0.471634 0.981335 0.390082 0.903328 0.098969 0.373983 0.034503 0.081227 0.175975 0.120586 0.004516 0.055816
0.571913 0.292352 0.571913 0.281565 0.561126 0.277970 0.539552 0.288756 0.517978 0.288756 0.514383 0.375052 0.492809 0.375052 0.528765 0.526068 0.442470 0.508090 0.597082 0.594385 0.424492 0.626746 0.496404 0.623150 0.496404 0.626746 0.503596 0.799337 0.561126 0.784954 0.453257 0.975523 0.428087 0.932375 0.101571 0.357296 0.036011 0.119059 0.219776 0.067277 0.009157 0.110621
0.566044 0.291157 0.566044 0.280447 0.555335 0.276877 0.541055 0.287587 0.516065 0.287587 0.523205 0.376836 0.483935 0.373266 0.544625 0.512495 0.416106 0.498215 0.605314 0.576754 0.387546 0.605314 0.505355 0.623164 0.487505 0.626734 0.501785 0.790953 0.551765 0.776673 0.441095 0.973021 0.451805 0.965881 0.095645 0.283590 0.016254 0.124398 0.191060 0.075357 0.009092 0.135653
0.569200 0.294198 0.569200 0.279819 0.558415 0.279819 0.536847 0.290603 0.515278 0.287008 0.533252 0.380473 0.475735 0.369689 0.554821 0.506291 0.411029 0.470343 0.623122 0.563808 0.364296 0.570997 0.526062 0.624919 0.464951 0.624919 0.569200 0.783090 0.461356 0.793875 0.518873 0.984399 0.418218 0.991588 0.162730 0.061606 0.094110 0.006670 0.223175 0.043503 0.011445 0.091522
0.568317 0.294150 0.568317 0.279767 0.557530 0.279767 0.535956 0.290554 0.514383 0.286959 0.535956 0.380445 0.471235 0.369658 0.564721 0.499101 0.402918 0.466740 0.643825 0.553036 0.345388 0.571014 0.528765 0.624948 0.464044 0.624948 0.571913 0.786752 0.449661 0.793943 0.568317 0.988107 0.395727 0.991703 0.088636 0.057726 0.092312 0.018061 0.233812 0.034709 0.009157 0.109977
0.569086 0.295398 0.569086 0.281226 0.558458 0.277683 0.533657 0.288312 0.515943 0.288312 0.537200 0.380427 0.473428 0.369799 0.572629 0.490257 0.402570 0.458371 0.654116 0.536315 0.342341 0.561115 0.526572 0.624887 0.462800 0.624887 0.576172 0.784317 0.437999 0.791403 0.608058 0.979176 0.377770 0.979176 0.044379 0.051737 0.109839 0.033806 0.236919 0.046004 0.013537 0.143070
0.571720 0.291923 0.571720 0.281298 0.561095 0.277756 0.536303 0.291923 0.518594 0.288381 0.539845 0.380466 0.472552 0.369841 0.582345 0.483177 0.401717 0.458385 0.667347 0.529219 0.337965 0.564637 0.525678 0.624846 0.461926 0.624846 0.575262 0.791308 0.437134 0.787766 0.628388 0.979020 0.359216 0.975478 0.004360 0.077170 0.110584 0.034814 0.217098 0.042756 0.015789 0.140222
0.573954 0.287938 0.573954 0.277246 0.563262 0.273681 0.538314 0.287938 0.520493 0.284374 0.541878 0.380604 0.474160 0.369911 0.588211 0.476834 0.399315 0.466141 0.673748 0.526731 0.338726 0.569499 0.524058 0.626525 0.459904 0.622960 0.577519 0.786908 0.434956 0.786908 0.623851 0.975804 0.342290 0.965111 0.025852 0.104566 0.125442 0.030156 0.189076 0.041643 0.020435 0.150486
0.573954 0.286156 0.573954 0.271899 0.563262 0.268335 0.538314 0.282592 0.520493 0.279028 0.534750 0.378822 0.481289 0.371693 0.591775 0.478616 0.406443 0.475051 0.680877 0.532077 0.349418 0.581974 0.499109 0.624743 0.484853 0.624743 0.474160 0.785126 0.559698 0.781562 0.363674 0.963329 0.581083 0.977586 0.127539 0.107156 0.003307 0.137261 0.162730 0.043540 0.020435 0.190865
0.573551 0.280244 0.569963 0.269481 0.559200 0.265893 0.541260 0.280244 0.516145 0.280244 0.544848 0.377116 0.473091 0.373528 0.587902 0.481164 0.404922 0.495515 0.666835 0.542157 0.369043 0.610326 0.523321 0.624678 0.458740 0.624678 0.566375 0.786131 0.451564 0.786131 0.584314 0.979875 0.318814 0.947584 0.053563 0.204906 0.110562 0.004030 0.165702 0.065797 0.022861 0.097090
0.566519 0.281565 0.566519 0.267183 0.552137 0.267183 0.537754 0.281565 0.512585 0.277970 0.534159 0.375052 0.473033 0.375052 0.573711 0.482921 0.415503 0.504495 0.634836 0.551238 0.404716 0.633937 0.505393 0.623150 0.487415 0.626746 0.465841 0.788550 0.552137 0.784954 0.322016 0.935971 0.559328 0.989905 0.171356 0.112441 0.037973 0.105436 0.120466 0.106660 0.009157 0.198320
0.562924 0.279767 0.562924 0.265385 0.552137 0.265385 0.541350 0.276172 0.508989 0.276172 0.537754 0.376850 0.469437 0.373254 0.577306 0.499101 0.433481 0.513484 0.620454 0.585396 0.447863 0.632140 0.516180 0.624948 0.476628 0.624948 0.491011 0.790347 0.541350 0.783156 0.336399 0.919790 0.537754 0.988107 0.230062 0.129189 0.020460 0.114514 0.047984 0.118292 0.009157 0.171675
0.562500 0.278571 0.562500 0.264286 0.548214 0.264286 0.537500 0.275000 0.505357 0.275000 0.537500 0.375000 0.462500 0.375000 0.558929 0.507143 0.437500 0.521429 0.583929 0.596429 0.462500 0.632143 0.523214 0.625000 0.476786 0.625000 0.505357 0.792857 0.526786 0.785714 0.355357 0.900000 0.516071 0.985714 0.268833 0.113044 0.015566 0.077839 0.035729 0.124517 0.000005 0.129744
0.559297 0.279881 0.559297 0.265506 0.548516 0.265506 0.537735 0.276287 0.505391 0.276287 0.530547 0.376913 0.458672 0.373319 0.548516 0.520664 0.444296 0.520664 0.562891 0.632071 0.476640 0.635665 0.530547 0.624884 0.480234 0.624884 0.541328 0.793791 0.512578 0.793791 0.379609 0.901604 0.491016 0.995043 0.333123 0.094199 0.020290 0.033007 0.001261 0.118227 0.013732 0.039934
0.558295 0.282305 0.558295 0.267731 0.547365 0.267731 0.532791 0.278662 0.503643 0.278662 0.525504 0.377034 0.459922 0.373391 0.540078 0.515485 0.467209 0.519128 0.558295 0.632074 0.510930 0.635718 0.532791 0.624787 0.481783 0.624787 0.561938 0.796029 0.496357 0.806959 0.412558 0.916262 0.467209 1.000000 0.337945 0.071388 0.044307 0.002197 0.015954 0.098298 0.018567 0.028255
0.564804 0.283048 0.564804 0.268021 0.553534 0.268021 0.534750 0.283048 0.508453 0.275535 0.523480 0.376967 0.467128 0.373210 0.538507 0.523480 0.478399 0.508453 0.583588 0.632425 0.561047 0.602371 0.530993 0.624912 0.478399 0.624912 0.579831 0.801479 0.485912 0.824019 0.429561 0.951749 0.455858 1.000000 0.335896 0.057173 0.076253 0.002238 0.092352 0.203245 0.011961 0.073890
0.568251 0.282750 0.568251 0.267370 0.556716 0.267370 0.537490 0.278905 0.510574 0.271215 0.525955 0.375033 0.468278 0.375033 0.545180 0.517303 0.499039 0.517303 0.602857 0.609586 0.595167 0.598051 0.533645 0.624967 0.472123 0.624967 0.583632 0.809533 0.472123 0.824914 0.491348 1.000000 0.429826 1.000000 0.224196 0.060682 0.074398 0.004896 0.135052 0.209829 0.007344 0.084189
0.571563 0.289128 0.571563 0.273862 0.560113 0.273862 0.541029 0.285312 0.514313 0.277678 0.521946 0.376912 0.476146 0.373095 0.548663 0.514313 0.506679 0.506679 0.628813 0.605913 0.602096 0.579196 0.529579 0.624996 0.472329 0.624996 0.583013 0.812014 0.464696 0.827281 0.533396 1.000000 0.422712 1.000000 0.162466 0.047655 0.078794 0.007184 0.167680 0.221612 0.002429 0.100592
0.569243 0.292272 0.569243 0.277883 0.558452 0.277883 0.533273 0.288675 0.515287 0.285078 0.518884 0.375003 0.482914 0.375003 0.533273 0.504496 0.522481 0.504496 0.619601 0.583631 0.644780 0.572840 0.526078 0.623198 0.472123 0.626795 0.576437 0.792259 0.454138 0.806647 0.576437 0.993692 0.403779 1.000000 0.092152 0.044938 0.082928 0.018092 0.228608 0.243398 0.002291 0.123877
0.569200 0.292400 0.569200 0.278021 0.558415 0.278021 0.533252 0.288806 0.518873 0.285211 0.518873 0.375081 0.490114 0.375081 0.533252 0.504493 0.533252 0.508088 0.615932 0.576389 0.666259 0.565605 0.522467 0.623122 0.468546 0.626717 0.569200 0.802862 0.443382 0.806456 0.612337 0.996981 0.385865 1.000000 0.011363 0.044310 0.076355 0.017059 0.236948 0.270254 0.011445 0.125243
0.575469 0.290663 0.571876 0.279881 0.561094 0.276287 0.535938 0.287069 0.521563 0.283475 0.521563 0.373319 0.489219 0.376913 0.532344 0.502695 0.535938 0.502695 0.615001 0.567383 0.672501 0.556602 0.521563 0.624884 0.467656 0.624884 0.568282 0.804572 0.438906 0.804572 0.632970 0.987855 0.367030 0.998636 0.027032 0.062405 0.080968 0.022892 0.262163 0.267125 0.013732 0.131469
0.578392 0.293082 0.574746 0.278497 0.563807 0.278497 0.534638 0.285789 0.523700 0.282143 0.520054 0.373297 0.490885 0.376943 0.530992 0.500912 0.538284 0.504558 0.614853 0.562896 0.669546 0.555604 0.520054 0.624880 0.469008 0.624880 0.571100 0.803541 0.432546 0.807187 0.618500 0.996787 0.341393 1.000000 0.012022 0.077462 0.088586 0.034819 0.270176 0.268739 0.013931 0.151419
0.576357 0.293279 0.576357 0.278380 0.565182 0.274655 0.535385 0.285829 0.520486 0.282104 0.524211 0.375222 0.490688 0.375222 0.531660 0.509312 0.535385 0.505587 0.617328 0.572632 0.662025 0.561458 0.520486 0.624778 0.464615 0.624778 0.568907 0.811013 0.431093 0.811013 0.602430 1.000000 0.315627 1.000000 0.028399 0.114430 0.085718 0.023553 0.279727 0.262608 0.018981 0.137657
0.569701 0.295424 0.569701 0.280941 0.558838 0.280941 0.529872 0.291803 0.519009 0.288182 0.515388 0.375082 0.493664 0.375082 0.526251 0.509052 0.522630 0.498190 0.613150 0.566985 0.616771 0.552502 0.519009 0.624918 0.471939 0.624918 0.562459 0.802338 0.432110 0.802338 0.576942 0.994241 0.309002 0.979758 0.052471 0.122796 0.071836 0.042682 0.287080 0.259877 0.011528 0.146741
0.570034 0.300537 0.570034 0.286353 0.559396 0.286353 0.523936 0.296991 0.520390 0.289899 0.502659 0.375003 0.499114 0.375003 0.509752 0.516844 0.520390 0.502659 0.598402 0.591310 0.623224 0.591310 0.516844 0.626770 0.481383 0.623224 0.555850 0.800524 0.453015 0.796978 0.555850 0.992009 0.311175 0.956549 0.070292 0.179783 0.052378 0.028816 0.261707 0.220967 0.002256 0.121806
0.562931 0.303341 0.562931 0.289356 0.552442 0.289356 0.513985 0.296349 0.513985 0.292852 0.500000 0.376760 0.496504 0.373264 0.506992 0.516607 0.510489 0.502622 0.580412 0.597018 0.576916 0.579538 0.513985 0.624988 0.489512 0.624988 0.538458 0.799796 0.479023 0.796300 0.527969 0.978100 0.321696 0.929154 0.062978 0.257318 0.026362 0.010624 0.219639 0.192472 0.004453 0.063740
0.562912 0.305146 0.562912 0.291166 0.555922 0.291166 0.513981 0.294661 0.513981 0.294661 0.493010 0.375049 0.500000 0.375049 0.503495 0.518349 0.503495 0.504369 0.562912 0.623204 0.531456 0.616213 0.506990 0.623204 0.500000 0.626699 0.531456 0.804951 0.496505 0.797960 0.510485 0.983203 0.335729 0.916795 0.079870 0.290898 0.024680 0.006495 0.140855 0.069378 0.008902 0.049089
0.562904 0.300657 0.562904 0.286482 0.555816 0.286482 0.523921 0.293569 0.513290 0.290026 0.499114 0.375078 0.492026 0.375078 0.495570 0.516833 0.488482 0.520377 0.523921 0.626693 0.516833 0.640869 0.509746 0.623150 0.499114 0.626693 0.520377 0.800343 0.513290 0.796799 0.495570 0.988168 0.357359 0.917291 0.060875 0.317052 0.005442 0.017500 0.088347 0.081321 0.011283 0.007388
0.572305 0.305402 0.572305 0.291119 0.561593 0.287549 0.529458 0.294690 0.522316 0.294690 0.497322 0.373243 0.497322 0.376814 0.486610 0.519638 0.475898 0.519638 0.500893 0.633898 0.493751 0.648180 0.500893 0.623186 0.504463 0.626757 0.515175 0.805287 0.547311 0.798146 0.486610 0.994529 0.393774 0.919547 0.072601 0.365016 0.020368 0.068887 0.062833 0.091322 0.006819 0.053065
0.571807 0.304083 0.571807 0.289899 0.561169 0.286353 0.532801 0.296991 0.518617 0.296991 0.500886 0.375003 0.497341 0.375003 0.500886 0.513298 0.454788 0.495568 0.554077 0.623224 0.444150 0.616132 0.493794 0.623224 0.507978 0.626770 0.504432 0.796978 0.564715 0.782794 0.461880 0.970733 0.433512 0.931727 0.095913 0.340898 0.028556 0.097576 0.143450 0.079986 0.002256 0.091553
0.575167 0.303341 0.575167 0.292852 0.564679 0.289356 0.536710 0.296349 0.522725 0.296349 0.505244 0.376760 0.498252 0.373264 0.522725 0.520103 0.449306 0.485141 0.578664 0.597018 0.435321 0.611003 0.491260 0.624988 0.505244 0.624988 0.484267 0.792804 0.575167 0.768330 0.449306 0.974604 0.466786 0.957123 0.047220 0.310346 0.004659 0.135623 0.161525 0.096051 0.004453 0.157718
0.572304 0.299443 0.572304 0.285671 0.561975 0.285671 0.537873 0.296000 0.520658 0.292557 0.524101 0.378633 0.489671 0.371747 0.544760 0.516354 0.431139 0.495696 0.606734 0.592101 0.448354 0.605873 0.503443 0.623089 0.482785 0.626532 0.527544 0.781469 0.520658 0.774582 0.486228 0.960507 0.455240 0.963950 0.120262 0.185595 0.074905 0.088319 0.170881 0.189769 0.017544 0.031649
0.569014 0.296453 0.569014 0.285970 0.555036 0.282476 0.537564 0.292959 0.516598 0.289464 0.534070 0.380318 0.474666 0.369835 0.562025 0.509610 0.408273 0.488643 0.624924 0.582991 0.373329 0.593474 0.523587 0.624924 0.467677 0.624924 0.569014 0.771687 0.446711 0.789159 0.558531 0.970866 0.404778 0.977855 0.112285 0.029188 0.109181 0.031698 0.157782 0.059792 0.011125 0.135964
0.576803 0.296647 0.576803 0.282682 0.566330 0.282682 0.534910 0.293156 0.524437 0.289665 0.520946 0.380432 0.493018 0.369959 0.566330 0.502618 0.419706 0.460726 0.646624 0.565457 0.367340 0.568948 0.482545 0.624805 0.503491 0.624805 0.447634 0.788884 0.576803 0.774920 0.388287 0.973909 0.611713 0.973909 0.032069 0.089328 0.017116 0.131535 0.175425 0.072814 0.017789 0.211339
0.576356 0.298140 0.576356 0.284098 0.565824 0.284098 0.537739 0.294629 0.523697 0.291119 0.537739 0.382395 0.481569 0.368352 0.569335 0.498245 0.411357 0.459628 0.657100 0.561436 0.355187 0.571967 0.520186 0.624627 0.460506 0.624627 0.579866 0.782604 0.435931 0.789625 0.636036 0.972177 0.372740 0.972177 0.023284 0.059013 0.138000 0.020958 0.216617 0.061131 0.024609 0.162037
0.575126 0.294065 0.575126 0.279924 0.564520 0.276389 0.539773 0.290530 0.522096 0.286995 0.539773 0.382449 0.479672 0.368308 0.575126 0.492045 0.408965 0.460227 0.663510 0.552146 0.348863 0.569823 0.522096 0.626389 0.458460 0.622854 0.578662 0.781945 0.433712 0.789015 0.642298 0.969319 0.348863 0.965783 0.006802 0.095388 0.134043 0.020597 0.210587 0.049049 0.024782 0.158079
