0.501790 0.274784 0.516108 0.259273 0.486278 0.261659 0.538779 0.272398 0.464801 0.275978 0.574575 0.376206 0.429005 0.373820 0.602018 0.500298 0.397982 0.499105 0.562643 0.402456 0.395595 0.607686 0.549518 0.625584 0.446903 0.624391 0.549518 0.806949 0.436164 0.808143 0.545938 0.988315 0.426619 0.993088 0.006282 0.002167 0.031876 0.041279 0.947493 0.070271 0.004558 0.018581
0.500298 0.274411 0.514583 0.258935 0.484822 0.261316 0.537201 0.270839 0.463394 0.274411 0.574105 0.375598 0.427680 0.374408 0.602676 0.499405 0.395538 0.498214 0.562201 0.401788 0.393157 0.606545 0.550296 0.625592 0.447918 0.624402 0.553868 0.805349 0.436014 0.807730 0.558629 0.987488 0.427680 0.993440 0.001997 0.006367 0.036547 0.046352 0.947078 0.073859 0.002273 0.026964
0.500904 0.275016 0.515360 0.259355 0.485242 0.261764 0.539455 0.271402 0.463557 0.275016 0.575597 0.375009 0.427415 0.375009 0.608125 0.496687 0.393682 0.501506 0.563550 0.403923 0.388864 0.614751 0.551502 0.625593 0.445486 0.624389 0.556321 0.809917 0.432234 0.809917 0.561140 1.000000 0.433439 1.000000 0.000360 0.024639 0.038833 0.045724 0.940564 0.069415 0.003835 0.031018
0.502704 0.274070 0.517125 0.258448 0.485879 0.260851 0.539958 0.271667 0.464248 0.274070 0.577213 0.375018 0.426994 0.375018 0.609660 0.496395 0.393344 0.502403 0.565195 0.400255 0.386134 0.617772 0.550774 0.624982 0.445020 0.624982 0.555581 0.811254 0.434204 0.812456 0.561590 1.000000 0.441415 1.000000 0.001731 0.029914 0.041755 0.041259 0.945257 0.062336 0.005356 0.026556
0.500886 0.275134 0.515070 0.259769 0.484339 0.262132 0.538709 0.272770 0.463064 0.275134 0.575349 0.375600 0.427606 0.374418 0.604898 0.502068 0.394511 0.502068 0.564712 0.401603 0.386237 0.616718 0.550528 0.624991 0.446517 0.624991 0.556438 0.807012 0.433515 0.805830 0.562348 0.993760 0.450063 1.000000 0.000285 0.049789 0.041907 0.046824 0.951942 0.057816 0.003762 0.033177
0.501176 0.274422 0.515293 0.259128 0.484707 0.261481 0.537645 0.270893 0.463531 0.274422 0.575291 0.374417 0.427062 0.375594 0.605878 0.495588 0.394122 0.503823 0.565879 0.396769 0.382358 0.619112 0.550586 0.624994 0.447061 0.624994 0.558821 0.808516 0.440003 0.809692 0.568232 0.992037 0.456473 0.997919 0.002030 0.039940 0.045555 0.037629 0.956282 0.047668 0.002996 0.026432
0.500000 0.274650 0.514084 0.258219 0.483568 0.260566 0.536385 0.271129 0.462442 0.273477 0.573943 0.374415 0.427231 0.375588 0.603285 0.503521 0.393194 0.504695 0.565727 0.401410 0.381457 0.619717 0.550469 0.624412 0.448357 0.625585 0.558685 0.811029 0.443663 0.811029 0.570422 0.994126 0.458921 0.997647 0.006372 0.034024 0.043805 0.034892 0.958944 0.049682 0.001495 0.022061
0.500583 0.274194 0.514568 0.259043 0.484266 0.260209 0.536712 0.270698 0.462123 0.273028 0.574006 0.374423 0.428325 0.375588 0.605473 0.500291 0.394527 0.506119 0.567013 0.401228 0.382872 0.620333 0.548366 0.624995 0.449303 0.624995 0.549532 0.811467 0.448137 0.810301 0.554193 0.997939 0.464454 0.996773 0.005966 0.029783 0.034448 0.028713 0.960101 0.048280 0.002968 0.003991
0.502016 0.274799 0.515839 0.259824 0.485889 0.260976 0.537726 0.271343 0.464002 0.273647 0.574587 0.375016 0.429445 0.375016 0.604537 0.508639 0.394887 0.505184 0.569979 0.408422 0.382216 0.620376 0.548093 0.624984 0.447875 0.624984 0.546941 0.811595 0.445572 0.811595 0.551549 0.993599 0.458243 0.993599 0.010022 0.026055 0.031647 0.027357 0.964488 0.047728 0.005134 0.001965
0.502272 0.274490 0.517041 0.259721 0.487503 0.260857 0.538626 0.271082 0.464782 0.273354 0.574981 0.375600 0.430700 0.374464 0.603382 0.511929 0.397754 0.505112 0.570436 0.413091 0.385257 0.619855 0.546579 0.625536 0.447741 0.624400 0.545443 0.812987 0.443196 0.810715 0.551123 0.992486 0.454557 0.990214 0.011999 0.027881 0.034088 0.029431 0.962963 0.044099 0.007233 0.005833
0.501118 0.273806 0.515657 0.260385 0.485461 0.261504 0.539144 0.271569 0.463093 0.273806 0.574932 0.375579 0.429541 0.374461 0.604010 0.517615 0.397108 0.507549 0.565985 0.420315 0.384806 0.622743 0.548091 0.624980 0.447436 0.624980 0.548091 0.820698 0.446317 0.817343 0.550328 1.000000 0.449672 1.000000 0.003929 0.007602 0.034126 0.024548 0.945690 0.042222 0.005697 0.001853
0.501395 0.274581 0.515902 0.260074 0.485772 0.261190 0.539337 0.271233 0.464569 0.274581 0.575047 0.376131 0.428859 0.373899 0.608525 0.516739 0.397613 0.508927 0.569467 0.433044 0.388685 0.623869 0.548264 0.624985 0.447830 0.624985 0.550496 0.820273 0.445598 0.818042 0.552728 1.000000 0.446714 1.000000 0.000203 0.005542 0.037764 0.027685 0.935420 0.047711 0.004973 0.007318
0.499719 0.273329 0.514325 0.257600 0.485113 0.259847 0.536795 0.271082 0.462643 0.273329 0.574995 0.375570 0.427814 0.374446 0.608701 0.512640 0.395231 0.504775 0.567131 0.598028 0.387367 0.619375 0.549154 0.624992 0.448037 0.624992 0.552525 0.819362 0.443543 0.818238 0.557019 1.000000 0.444666 1.000000 0.002291 0.009342 0.038380 0.033039 0.220966 0.056169 0.003576 0.012921
0.500812 0.275979 0.513798 0.261910 0.485660 0.262992 0.536525 0.273814 0.464016 0.275979 0.572239 0.375544 0.429385 0.374462 0.602541 0.506493 0.398000 0.501082 0.573321 0.611470 0.390424 0.612552 0.548430 0.625538 0.449947 0.624456 0.552759 0.809517 0.447782 0.808435 0.553841 0.982674 0.448865 0.981592 0.005499 0.005734 0.037712 0.029867 0.158799 0.055739 0.002066 0.011233
0.497004 0.273693 0.512255 0.260621 0.482843 0.260621 0.532952 0.271515 0.462146 0.274783 0.573257 0.376090 0.426198 0.373911 0.600490 0.518791 0.394608 0.505719 0.584150 0.647331 0.386983 0.619008 0.550381 0.625544 0.450164 0.624455 0.552560 0.812908 0.446896 0.810729 0.543845 0.987199 0.443628 0.990467 0.019603 0.000167 0.032810 0.035938 0.100272 0.053484 0.000696 0.009285
0.496938 0.270328 0.511414 0.256965 0.481348 0.258079 0.533685 0.269215 0.461304 0.272555 0.574887 0.376116 0.423443 0.373889 0.600499 0.521993 0.392263 0.509744 0.582682 0.650052 0.383354 0.626668 0.552616 0.625554 0.449055 0.624440 0.555956 0.817086 0.449055 0.814859 0.545934 0.991916 0.450168 0.997483 0.023778 0.001941 0.033897 0.032426 0.099327 0.047606 0.002125 0.005551
0.494653 0.268652 0.509288 0.255143 0.478892 0.256268 0.531803 0.268652 0.458628 0.270904 0.573457 0.374475 0.420351 0.375601 0.607231 0.499437 0.387703 0.510695 0.586967 0.537714 0.378697 0.627776 0.555445 0.624399 0.450747 0.625525 0.562199 0.814656 0.451873 0.814656 0.546438 0.989152 0.455250 0.994781 0.039969 0.004073 0.034198 0.036630 0.239007 0.051040 0.007884 0.009401
0.496491 0.271393 0.510526 0.258438 0.481377 0.258438 0.532118 0.270313 0.460864 0.273552 0.570984 0.373956 0.423078 0.376115 0.607691 0.493792 0.392849 0.507827 0.590417 0.548852 0.384212 0.620107 0.553711 0.624425 0.452227 0.625505 0.562347 0.813357 0.454387 0.813357 0.540755 0.974218 0.458705 0.981776 0.057013 0.004501 0.036459 0.033378 0.191378 0.047374 0.007561 0.010882
0.497533 0.269216 0.512882 0.256059 0.482184 0.256059 0.533713 0.269216 0.460257 0.271408 0.573182 0.374467 0.422981 0.375563 0.601688 0.502741 0.393379 0.511512 0.592917 0.591546 0.384608 0.627726 0.553448 0.624437 0.450390 0.625533 0.562219 0.814108 0.450390 0.815204 0.547966 0.981851 0.452582 0.991718 0.041690 0.003953 0.039787 0.034763 0.100941 0.044266 0.004885 0.014709
0.496374 0.266281 0.511993 0.251779 0.479640 0.252894 0.533189 0.265166 0.458444 0.269628 0.573351 0.374495 0.419398 0.375610 0.596778 0.509483 0.389277 0.516176 0.602356 0.614349 0.381467 0.633314 0.556617 0.623274 0.450635 0.626621 0.580044 0.804002 0.451750 0.815158 0.549923 0.981382 0.452866 0.995885 0.094575 0.000000 0.062412 0.037526 0.037783 0.046004 0.009234 0.039150
0.499167 0.263903 0.514721 0.251682 0.482501 0.251682 0.535831 0.266126 0.460280 0.269459 0.574718 0.375008 0.422505 0.375008 0.601383 0.509444 0.392507 0.513888 0.610271 0.621659 0.386951 0.633881 0.553608 0.623881 0.449170 0.626103 0.573607 0.807203 0.448059 0.816092 0.560274 0.977193 0.443615 0.996081 0.059502 0.005997 0.061523 0.035538 0.037167 0.052989 0.003536 0.036449
0.495468 0.262911 0.511330 0.249315 0.478472 0.249315 0.533991 0.265177 0.454678 0.267443 0.573648 0.373949 0.417288 0.376215 0.605373 0.509914 0.386696 0.521245 0.620102 0.620952 0.382164 0.643613 0.558918 0.622085 0.450146 0.627750 0.635965 0.767115 0.450146 0.809037 0.581579 0.933672 0.445614 0.991457 0.255905 0.007907 0.174314 0.041347 0.030987 0.054390 0.011544 0.155441
0.494915 0.262686 0.511866 0.249125 0.477964 0.249125 0.533337 0.264946 0.454232 0.266076 0.572889 0.373433 0.415810 0.376823 0.605661 0.507910 0.384168 0.521471 0.623742 0.616397 0.380778 0.644648 0.559328 0.622047 0.451972 0.627697 0.639563 0.765565 0.458753 0.807378 0.564979 0.933945 0.471183 0.994969 0.294993 0.009056 0.179610 0.033563 0.023520 0.059792 0.014394 0.150258
0.496954 0.262683 0.512461 0.249391 0.480339 0.249391 0.533507 0.263790 0.455970 0.266006 0.572275 0.374557 0.417202 0.375665 0.606613 0.513015 0.387295 0.520769 0.627658 0.627105 0.383972 0.641504 0.558983 0.622674 0.451540 0.627105 0.630981 0.772209 0.451540 0.804331 0.545691 0.960512 0.448217 0.995957 0.278209 0.005520 0.159869 0.043202 0.019316 0.055941 0.013402 0.142833
0.498444 0.269262 0.514000 0.256818 0.482889 0.256818 0.533703 0.270299 0.460075 0.270299 0.571036 0.375039 0.422742 0.375039 0.602147 0.511926 0.393705 0.512963 0.621850 0.629109 0.394742 0.629109 0.554444 0.623924 0.451778 0.625998 0.580369 0.790885 0.452815 0.805403 0.546148 0.969253 0.448667 0.985845 0.109373 0.009156 0.070225 0.034826 0.018109 0.068890 0.007923 0.047195
0.499004 0.270945 0.513942 0.258995 0.484066 0.258995 0.533860 0.271941 0.463152 0.272937 0.569712 0.375514 0.426304 0.374518 0.600585 0.511951 0.397423 0.509959 0.619507 0.633449 0.398419 0.621499 0.551786 0.624486 0.452197 0.625482 0.556766 0.805738 0.452197 0.808726 0.547803 0.973047 0.454189 0.977031 0.025779 0.003769 0.031621 0.032726 0.021656 0.069715 0.005073 0.008742
0.498996 0.270127 0.514053 0.258081 0.483939 0.258081 0.534130 0.271131 0.461855 0.271131 0.570267 0.375527 0.424714 0.374523 0.601385 0.513050 0.394600 0.511042 0.620458 0.636519 0.397611 0.625477 0.553202 0.624473 0.451817 0.625477 0.560229 0.802148 0.450813 0.805159 0.556214 0.967777 0.456836 0.971792 0.020297 0.013278 0.034368 0.036023 0.022049 0.077483 0.006391 0.014360
0.498740 0.269736 0.514864 0.256636 0.483625 0.256636 0.535018 0.270744 0.461455 0.269736 0.570288 0.375547 0.423161 0.374539 0.601528 0.512596 0.393938 0.511589 0.617651 0.633523 0.394945 0.628484 0.554165 0.624453 0.452385 0.625461 0.564242 0.804835 0.451378 0.806850 0.565250 0.966070 0.457424 0.971108 0.015775 0.013480 0.038355 0.038674 0.029145 0.069617 0.008341 0.019533
0.498751 0.269604 0.513744 0.256609 0.482758 0.256609 0.533735 0.270603 0.460768 0.270603 0.569719 0.375556 0.422785 0.374556 0.599705 0.510495 0.393798 0.512494 0.614698 0.627443 0.394797 0.629442 0.553726 0.624444 0.453771 0.625444 0.558724 0.803364 0.461767 0.804363 0.552726 0.961293 0.472762 0.965291 0.020971 0.007497 0.029315 0.024899 0.029017 0.068653 0.009546 0.005328
0.496538 0.269773 0.511375 0.257903 0.480711 0.256914 0.532148 0.270762 0.458950 0.270762 0.567757 0.375613 0.421362 0.374624 0.597432 0.511128 0.392676 0.513106 0.611281 0.626860 0.392676 0.630817 0.554898 0.623892 0.455982 0.625871 0.561823 0.806887 0.471809 0.807876 0.547974 0.958229 0.488625 0.961196 0.041084 0.007163 0.028510 0.015978 0.030712 0.065016 0.013858 0.015571
0.495934 0.271813 0.510285 0.260332 0.480626 0.259375 0.530377 0.273727 0.458620 0.272770 0.565777 0.375143 0.422263 0.375143 0.597350 0.505262 0.392604 0.511003 0.608831 0.617203 0.392604 0.625814 0.555253 0.623900 0.456707 0.625814 0.563864 0.803771 0.467231 0.805684 0.555253 0.950155 0.474885 0.952068 0.033929 0.001977 0.028685 0.024862 0.043239 0.068417 0.015233 0.003378
0.495198 0.272400 0.510564 0.258955 0.479833 0.258955 0.530731 0.272400 0.458705 0.272400 0.566263 0.375156 0.421252 0.375156 0.598915 0.505762 0.392442 0.512484 0.609479 0.618122 0.393402 0.628685 0.555700 0.623884 0.456785 0.625804 0.563382 0.802507 0.469269 0.805388 0.558581 0.954240 0.477912 0.957121 0.023752 0.003980 0.027193 0.022733 0.048140 0.068454 0.015902 0.008411
0.496136 0.269349 0.511593 0.257756 0.480678 0.256790 0.531881 0.271281 0.458459 0.272247 0.567625 0.375618 0.420782 0.374651 0.600472 0.507004 0.389867 0.512801 0.613031 0.621001 0.388901 0.632594 0.556032 0.623899 0.455560 0.625832 0.569558 0.805522 0.467153 0.809386 0.570524 0.961061 0.472950 0.964925 0.021683 0.008220 0.038512 0.023718 0.043052 0.067509 0.014766 0.003583
0.495315 0.272082 0.511244 0.259901 0.480324 0.258964 0.531857 0.273018 0.458773 0.273955 0.565588 0.375148 0.422231 0.375148 0.599319 0.505388 0.392248 0.511009 0.613374 0.615013 0.392248 0.627194 0.555281 0.623446 0.456899 0.626257 0.564651 0.798660 0.470017 0.804282 0.568399 0.949512 0.475639 0.955134 0.009099 0.011555 0.030211 0.020258 0.040080 0.069139 0.015515 0.006405
0.494654 0.271980 0.509530 0.259894 0.479778 0.258964 0.529984 0.273840 0.456534 0.273840 0.565315 0.375182 0.421204 0.375182 0.597856 0.503487 0.392382 0.510925 0.613661 0.613196 0.391452 0.627142 0.556017 0.623424 0.457464 0.626213 0.564385 0.798215 0.470481 0.803794 0.566244 0.950693 0.479778 0.955342 0.011345 0.003787 0.027143 0.022372 0.033519 0.064051 0.017173 0.008064
0.493735 0.272127 0.509514 0.260060 0.478883 0.260060 0.530863 0.273055 0.456607 0.273983 0.566134 0.375157 0.421335 0.375157 0.600478 0.503249 0.391633 0.511603 0.616257 0.613705 0.389776 0.628556 0.555924 0.623915 0.456607 0.625771 0.562421 0.803057 0.468673 0.807698 0.563350 0.953426 0.477027 0.957138 0.009575 0.003307 0.024598 0.023425 0.038216 0.063175 0.015961 0.009542
0.494845 0.268724 0.510779 0.256539 0.479848 0.256539 0.533274 0.270599 0.457353 0.272473 0.568891 0.375575 0.420799 0.374638 0.604508 0.503983 0.388931 0.512419 0.621379 0.616458 0.387994 0.631455 0.555769 0.623956 0.454542 0.625831 0.562330 0.803916 0.462040 0.807665 0.564204 0.957631 0.472350 0.962317 0.007719 0.008070 0.028401 0.029385 0.038732 0.069844 0.013131 0.001514
0.495134 0.269424 0.510892 0.256446 0.479376 0.256446 0.533138 0.270350 0.457129 0.273131 0.569289 0.376022 0.420978 0.374168 0.604513 0.504866 0.391316 0.510428 0.622124 0.616099 0.390389 0.628150 0.555385 0.624442 0.454348 0.625369 0.560019 0.801487 0.459910 0.805195 0.560019 0.953506 0.468252 0.957213 0.008331 0.007609 0.026128 0.032197 0.034960 0.065721 0.012395 0.001511
0.495865 0.269837 0.511485 0.256974 0.480246 0.256974 0.534455 0.269837 0.459113 0.271675 0.570289 0.376420 0.423279 0.373663 0.605204 0.505972 0.392958 0.511485 0.622662 0.616230 0.389283 0.628174 0.553751 0.624499 0.452681 0.625418 0.556507 0.807343 0.458194 0.810100 0.553751 0.958947 0.461869 0.962623 0.010584 0.001835 0.025988 0.027508 0.033811 0.058908 0.008190 0.004702
0.496416 0.271542 0.511647 0.258103 0.481186 0.258999 0.534941 0.271542 0.460580 0.272438 0.570777 0.376364 0.424743 0.373676 0.604822 0.505376 0.396074 0.508959 0.620948 0.616469 0.393386 0.622740 0.551963 0.624532 0.452517 0.625428 0.552859 0.807298 0.454308 0.809986 0.551963 0.956916 0.456996 0.960500 0.003466 0.002593 0.025646 0.031884 0.036241 0.058955 0.005704 0.001528
0.496047 0.270921 0.510982 0.258621 0.481111 0.258621 0.533824 0.272678 0.460026 0.272678 0.569844 0.376346 0.424885 0.373710 0.603228 0.505491 0.395015 0.507248 0.617285 0.617065 0.394136 0.618822 0.552273 0.624972 0.452998 0.624972 0.552273 0.803316 0.452998 0.805073 0.548759 0.943882 0.452120 0.947396 0.007956 0.001965 0.022458 0.035468 0.040630 0.067542 0.006712 0.000000
0.495428 0.273125 0.511104 0.260062 0.480622 0.260062 0.532877 0.272254 0.459720 0.273125 0.570327 0.375894 0.424883 0.374152 0.602551 0.507403 0.396143 0.508274 0.613002 0.620622 0.396143 0.618010 0.552037 0.624977 0.452753 0.624977 0.554650 0.805258 0.453624 0.808741 0.552037 0.948959 0.452753 0.952443 0.010400 0.003438 0.027943 0.033715 0.047190 0.067193 0.006100 0.003105
0.496822 0.275855 0.512076 0.263144 0.482416 0.263144 0.533262 0.275008 0.462078 0.275855 0.570548 0.375852 0.427333 0.374157 0.601903 0.505508 0.401063 0.506356 0.610377 0.618216 0.401063 0.613132 0.550210 0.624996 0.451908 0.624996 0.552752 0.808040 0.449366 0.811430 0.551057 0.947018 0.446824 0.951255 0.008302 0.001447 0.030348 0.035427 0.051639 0.062440 0.002697 0.008761
0.497314 0.276247 0.512190 0.263851 0.482439 0.263851 0.532850 0.275421 0.461778 0.277074 0.570039 0.376244 0.427895 0.373765 0.599790 0.503512 0.400623 0.504339 0.605575 0.610947 0.399797 0.610120 0.551031 0.624996 0.451035 0.624996 0.555163 0.812593 0.443597 0.817551 0.554337 0.947299 0.436986 0.953084 0.008963 0.003225 0.031286 0.041524 0.055974 0.063054 0.002633 0.019299
0.496170 0.277443 0.510684 0.264541 0.481655 0.265347 0.531650 0.276636 0.460690 0.278249 0.568743 0.375820 0.427629 0.374207 0.598578 0.503225 0.400212 0.504032 0.603417 0.610472 0.401019 0.605634 0.551809 0.624987 0.451820 0.624987 0.555841 0.817708 0.446981 0.820128 0.553422 0.932213 0.438918 0.936244 0.013382 0.014179 0.028258 0.038501 0.058871 0.068774 0.004620 0.014549
0.495943 0.280345 0.509853 0.267981 0.481261 0.268754 0.530717 0.279572 0.461942 0.281118 0.567036 0.376166 0.430259 0.373848 0.594855 0.500580 0.403213 0.499807 0.598719 0.607219 0.403213 0.599492 0.550808 0.624993 0.451896 0.624993 0.556218 0.818954 0.448805 0.821272 0.557763 0.937957 0.440305 0.941821 0.004741 0.017396 0.029605 0.032368 0.058495 0.067326 0.003443 0.013888
0.493684 0.281628 0.508230 0.268614 0.479139 0.269380 0.528899 0.280097 0.460000 0.282394 0.565646 0.375790 0.429378 0.374259 0.593205 0.500574 0.401053 0.499809 0.594736 0.608516 0.399522 0.600095 0.552631 0.624592 0.452345 0.625358 0.554162 0.820572 0.450814 0.825165 0.554928 0.926217 0.445455 0.931576 0.000150 0.013577 0.019121 0.031472 0.064676 0.065772 0.006336 0.004926
0.494206 0.279627 0.508112 0.267266 0.479527 0.268038 0.528971 0.278854 0.459441 0.281172 0.566054 0.375425 0.427766 0.374652 0.594639 0.500579 0.399181 0.502125 0.596956 0.604875 0.396863 0.604103 0.552920 0.624189 0.453260 0.625734 0.556783 0.810377 0.454033 0.817330 0.550603 0.915445 0.453260 0.923170 0.025306 0.003606 0.023393 0.030927 0.064402 0.062984 0.007870 0.005319
0.494096 0.277810 0.509053 0.264427 0.479139 0.265215 0.530308 0.275448 0.459459 0.277810 0.568094 0.375424 0.426396 0.374637 0.597220 0.502952 0.396482 0.502952 0.598795 0.610013 0.395695 0.609225 0.553137 0.624970 0.452374 0.624970 0.554711 0.813900 0.450799 0.816262 0.550775 0.938279 0.450799 0.943790 0.012722 0.002619 0.021708 0.035534 0.066794 0.070547 0.007016 0.005272
0.493831 0.276736 0.508954 0.263204 0.478708 0.264000 0.531241 0.274348 0.458014 0.276736 0.568651 0.375434 0.425380 0.374638 0.597305 0.505174 0.395929 0.505970 0.600489 0.614219 0.391950 0.615015 0.553528 0.624566 0.452442 0.625362 0.556712 0.814799 0.450850 0.818779 0.550344 0.950110 0.450850 0.955682 0.020295 0.002618 0.024626 0.036845 0.059900 0.058605 0.007602 0.007947
