0.574307 0.281634 0.567474 0.264552 0.572030 0.264552 0.482064 0.270246 0.558364 0.274801 0.436511 0.372738 0.567474 0.377293 0.387543 0.504840 0.614165 0.507118 0.421707 0.594806 0.677939 0.605055 0.451316 0.623276 0.544698 0.626692 0.449038 0.832816 0.581140 0.829400 0.419429 1.000000 0.584556 1.000000 0.043226 0.051373 0.022247 0.085608 0.228519 0.073831 0.005076 0.060079
0.568331 0.282196 0.562636 0.265113 0.567192 0.265113 0.481778 0.270807 0.560359 0.274224 0.432808 0.372165 0.570608 0.377859 0.378143 0.503132 0.619579 0.508826 0.413448 0.591962 0.685632 0.603350 0.449891 0.623850 0.546693 0.626127 0.448752 0.829981 0.578580 0.828842 0.420281 1.000000 0.580858 1.000000 0.043156 0.046147 0.023330 0.080233 0.246277 0.080246 0.004349 0.051423
0.569312 0.282975 0.562494 0.265931 0.568175 0.265931 0.481820 0.271612 0.560222 0.275021 0.432961 0.371603 0.570448 0.378420 0.378420 0.503409 0.619307 0.509090 0.413644 0.592037 0.685210 0.603399 0.450005 0.623852 0.546587 0.626125 0.448868 0.829515 0.578402 0.828379 0.420462 1.000000 0.580674 1.000000 0.043156 0.046166 0.023234 0.080233 0.245300 0.080246 0.004340 0.051423
0.568024 0.282038 0.561222 0.265032 0.565757 0.265032 0.480726 0.270701 0.558954 0.274102 0.430842 0.371604 0.571426 0.378406 0.379824 0.501984 0.625845 0.511054 0.403632 0.591550 0.696137 0.607422 0.450115 0.623294 0.547617 0.626695 0.450115 0.826234 0.575961 0.825100 0.420638 1.000000 0.578228 1.000000 0.046168 0.041689 0.024327 0.075597 0.201427 0.076674 0.002886 0.045167
0.569537 0.281537 0.563906 0.264645 0.567285 0.264645 0.481701 0.270276 0.558276 0.272528 0.426522 0.373877 0.571789 0.376129 0.371343 0.503378 0.629220 0.507883 0.385982 0.585584 0.702417 0.602475 0.451296 0.623871 0.550393 0.626123 0.452422 0.826569 0.572915 0.824317 0.422018 1.000000 0.572915 1.000000 0.050770 0.036017 0.029673 0.063194 0.184310 0.078782 0.002150 0.034249
0.567709 0.282485 0.562067 0.265557 0.566581 0.265557 0.479687 0.271200 0.557553 0.273457 0.422135 0.373892 0.573352 0.376149 0.363453 0.500282 0.630904 0.503668 0.361196 0.578148 0.707641 0.599589 0.451475 0.624415 0.553039 0.625544 0.452604 0.826414 0.568838 0.824157 0.424392 1.000000 0.567709 1.000000 0.047202 0.027065 0.035332 0.051136 0.129136 0.079827 0.005748 0.023489
0.567709 0.282485 0.562067 0.266686 0.566581 0.265557 0.479687 0.271200 0.557553 0.274585 0.422135 0.373892 0.573352 0.376149 0.363453 0.500282 0.630904 0.503668 0.361196 0.578148 0.707641 0.599589 0.451475 0.624415 0.553039 0.625544 0.452604 0.826414 0.568838 0.824157 0.424392 1.000000 0.567709 1.000000 0.047202 0.027065 0.035332 0.051136 0.129136 0.079827 0.005748 0.023489
0.569172 0.281886 0.559131 0.265151 0.566940 0.266267 0.472108 0.269614 0.553552 0.274077 0.420787 0.373371 0.572519 0.376718 0.362772 0.492748 0.633881 0.500558 0.347153 0.570845 0.709746 0.592043 0.453142 0.624397 0.553552 0.625513 0.453142 0.819640 0.562478 0.816293 0.421903 1.000000 0.559131 1.000000 0.051367 0.020368 0.040802 0.039100 0.081161 0.073942 0.008524 0.014881
0.559819 0.279539 0.554202 0.263812 0.559819 0.262689 0.475567 0.270553 0.555326 0.272799 0.420522 0.372779 0.574423 0.377272 0.360983 0.489609 0.636208 0.501966 0.334023 0.568244 0.717090 0.595205 0.451976 0.623289 0.553079 0.626660 0.450853 0.823249 0.557572 0.825495 0.423892 1.000000 0.553079 1.000000 0.044189 0.014594 0.041547 0.034369 0.044886 0.081014 0.006437 0.008981
0.559402 0.279764 0.553798 0.264073 0.559402 0.262952 0.475343 0.270798 0.554919 0.273039 0.420424 0.372790 0.573972 0.377273 0.361021 0.490473 0.635616 0.500560 0.334122 0.568929 0.716313 0.594707 0.451806 0.623848 0.553798 0.626089 0.450685 0.822228 0.557160 0.825591 0.424907 1.000000 0.552677 1.000000 0.042288 0.012809 0.041382 0.031117 0.043657 0.077979 0.007136 0.007163
0.552878 0.278308 0.548354 0.261342 0.554009 0.261342 0.473702 0.270391 0.557402 0.272653 0.419411 0.372188 0.576631 0.377843 0.358332 0.483034 0.636578 0.501131 0.323269 0.561078 0.719147 0.592749 0.449950 0.623288 0.554009 0.626681 0.451081 0.824620 0.555140 0.828013 0.426197 1.000000 0.548354 1.000000 0.044235 0.012888 0.036736 0.030646 0.025903 0.089419 0.005040 0.000000
0.544216 0.275236 0.539681 0.259364 0.546483 0.258230 0.470523 0.267300 0.556687 0.269567 0.418371 0.371604 0.579362 0.378406 0.356015 0.481577 0.639450 0.499717 0.316334 0.568875 0.723347 0.591550 0.448982 0.623294 0.553286 0.626695 0.452383 0.822833 0.549885 0.827367 0.428574 1.000000 0.541948 1.000000 0.046459 0.007553 0.033099 0.027913 0.028388 0.089243 0.002886 0.010820
0.544498 0.275241 0.539963 0.258236 0.546766 0.258236 0.470807 0.267305 0.556969 0.269573 0.418656 0.371607 0.578510 0.378409 0.355168 0.482711 0.639730 0.499717 0.316622 0.570007 0.722491 0.591547 0.449266 0.623291 0.553568 0.626693 0.452667 0.822825 0.550167 0.827360 0.428859 1.000000 0.542231 1.000000 0.046459 0.007553 0.033099 0.026475 0.032892 0.084708 0.003609 0.010820
0.535713 0.276370 0.532312 0.259364 0.539114 0.259364 0.469956 0.267300 0.557254 0.270701 0.416670 0.371604 0.581062 0.378406 0.350913 0.480443 0.644552 0.498583 0.311232 0.563206 0.726181 0.588148 0.448415 0.623294 0.553853 0.626695 0.455217 0.819431 0.547050 0.826234 0.433676 0.988359 0.533445 1.000000 0.051407 0.011585 0.028901 0.023898 0.030686 0.080546 0.002886 0.021883
0.518348 0.273512 0.514908 0.256310 0.521789 0.256310 0.467890 0.265484 0.557339 0.268924 0.416285 0.370988 0.582568 0.379015 0.349772 0.475344 0.647934 0.498280 0.305048 0.559059 0.730502 0.587728 0.447248 0.623278 0.553899 0.626719 0.455276 0.818231 0.544724 0.828552 0.434634 0.987954 0.529816 1.000000 0.051624 0.009835 0.025771 0.022219 0.024437 0.077685 0.001459 0.027558
0.520595 0.273744 0.518306 0.256581 0.525171 0.256581 0.467964 0.264591 0.557208 0.269167 0.415333 0.370997 0.583523 0.379006 0.348972 0.475115 0.649884 0.497998 0.300917 0.560926 0.732263 0.588386 0.447369 0.622710 0.553775 0.627287 0.456522 0.816072 0.543478 0.828658 0.434783 0.973965 0.529748 1.000000 0.058608 0.006302 0.025239 0.021694 0.018128 0.073321 0.001457 0.031320
0.520881 0.273742 0.518593 0.256580 0.525458 0.256580 0.467105 0.264589 0.557494 0.269165 0.415618 0.370996 0.583810 0.379005 0.349257 0.475114 0.650171 0.497998 0.301202 0.560927 0.732551 0.588386 0.446510 0.622711 0.554062 0.627288 0.456808 0.816075 0.543764 0.828660 0.435069 0.975113 0.530034 1.000000 0.060178 0.006302 0.021935 0.021694 0.018128 0.073321 0.000724 0.033198
0.508353 0.272466 0.506048 0.254033 0.512961 0.255185 0.468030 0.264402 0.556739 0.269010 0.416187 0.370392 0.584389 0.379609 0.348215 0.470622 0.648905 0.497120 0.295219 0.559332 0.733006 0.589285 0.446141 0.622696 0.553283 0.627304 0.457661 0.815091 0.544067 0.827764 0.436924 0.964860 0.527938 1.000000 0.062833 0.011998 0.018576 0.025141 0.018275 0.075627 0.000736 0.033662
0.500864 0.274194 0.498560 0.255761 0.505472 0.256913 0.467454 0.266130 0.553859 0.270738 0.416763 0.369816 0.583813 0.380185 0.351095 0.466590 0.649481 0.495392 0.292339 0.550691 0.731278 0.589862 0.446717 0.622119 0.552707 0.627880 0.459390 0.813363 0.542339 0.827188 0.436348 0.956220 0.523905 1.000000 0.071964 0.014042 0.016552 0.023221 0.004329 0.062248 0.000736 0.037607
0.499711 0.273961 0.498557 0.255486 0.505485 0.256640 0.467379 0.265878 0.553984 0.270497 0.416571 0.369804 0.584007 0.380197 0.350751 0.466801 0.649826 0.495670 0.291860 0.551097 0.731812 0.590358 0.446594 0.622690 0.552829 0.627309 0.459296 0.814376 0.542436 0.828232 0.436201 0.958717 0.525115 1.000000 0.071564 0.012235 0.016552 0.023500 0.004329 0.062248 0.000737 0.037512
0.489245 0.270946 0.489245 0.252342 0.493896 0.253505 0.465991 0.263969 0.553194 0.268620 0.414831 0.369776 0.582262 0.380241 0.352045 0.469769 0.648536 0.495349 0.285770 0.554647 0.734577 0.590692 0.448550 0.622085 0.554357 0.627898 0.462503 0.811607 0.542730 0.827885 0.439248 0.940668 0.522964 1.000000 0.080136 0.013999 0.018897 0.017230 0.032547 0.067405 0.003702 0.041877
0.484666 0.272021 0.484666 0.254662 0.490453 0.254662 0.469622 0.266234 0.552944 0.270863 0.415231 0.370387 0.580719 0.379645 0.351582 0.472226 0.645525 0.495371 0.283304 0.561335 0.732319 0.592580 0.449949 0.622669 0.554102 0.627298 0.462679 0.808987 0.540215 0.827503 0.445320 0.935128 0.522856 1.000000 0.065245 0.006301 0.021816 0.012036 0.030307 0.069508 0.005157 0.043758
0.484377 0.272013 0.485534 0.254653 0.490163 0.254653 0.469332 0.266226 0.552657 0.270855 0.416096 0.370383 0.580432 0.379641 0.351287 0.472225 0.645241 0.495371 0.283007 0.561337 0.732038 0.592584 0.449658 0.622673 0.553814 0.627303 0.462388 0.807841 0.539927 0.826357 0.445028 0.936301 0.521410 1.000000 0.064605 0.007874 0.020248 0.011908 0.027719 0.069508 0.004420 0.044021
0.495048 0.270155 0.493882 0.252677 0.499709 0.253842 0.467082 0.265494 0.553310 0.268990 0.413481 0.370367 0.581276 0.379688 0.349392 0.475239 0.647695 0.499709 0.281808 0.568458 0.735088 0.597589 0.449603 0.622059 0.555640 0.627886 0.463586 0.808499 0.540492 0.828308 0.448438 0.935510 0.521848 1.000000 0.061614 0.006211 0.021545 0.008748 0.025070 0.071113 0.006677 0.047841
0.493331 0.271222 0.492171 0.252664 0.497970 0.253824 0.467814 0.265422 0.553643 0.268902 0.412142 0.370968 0.582639 0.379087 0.346031 0.481153 0.645270 0.498550 0.283400 0.579739 0.729938 0.594817 0.449257 0.622653 0.555962 0.627292 0.463175 0.805908 0.539725 0.824465 0.459696 0.930011 0.522327 1.000000 0.033051 0.002531 0.022475 0.007925 0.008132 0.075919 0.006646 0.050284
0.484925 0.270101 0.484925 0.252706 0.490723 0.252706 0.466370 0.264302 0.551024 0.268941 0.413027 0.370990 0.580015 0.379107 0.350406 0.479996 0.641477 0.497391 0.291264 0.580885 0.720332 0.595960 0.451295 0.622632 0.555663 0.627271 0.461732 0.805856 0.535949 0.826730 0.464051 0.929938 0.519714 1.000000 0.012163 0.004737 0.029926 0.000206 0.002796 0.062239 0.008860 0.049471
0.482896 0.270116 0.482896 0.252723 0.488694 0.252723 0.466662 0.264318 0.550151 0.268957 0.413322 0.370998 0.579140 0.379115 0.350706 0.479997 0.641757 0.497391 0.291568 0.580880 0.720607 0.594794 0.451588 0.622624 0.555949 0.627262 0.462024 0.805835 0.537396 0.825548 0.463184 0.929909 0.520002 1.000000 0.015137 0.001184 0.029926 0.000000 0.002796 0.061632 0.009598 0.047809
0.482358 0.273829 0.482358 0.255319 0.488142 0.255319 0.465004 0.265731 0.550614 0.270359 0.414101 0.371007 0.578379 0.379106 0.352787 0.484382 0.639694 0.498265 0.296099 0.590815 0.716048 0.596600 0.452279 0.622051 0.555241 0.627836 0.461534 0.807153 0.536731 0.826820 0.466161 0.941351 0.521692 1.000000 0.004930 0.005089 0.032136 0.000000 0.002031 0.058887 0.009576 0.045427
0.478455 0.273348 0.478455 0.256112 0.484200 0.256112 0.464666 0.265305 0.549697 0.269901 0.416406 0.371018 0.577274 0.379062 0.357804 0.483626 0.639323 0.500862 0.304947 0.588190 0.708267 0.598532 0.452027 0.622662 0.554293 0.627258 0.461219 0.805362 0.535908 0.824896 0.469263 0.950143 0.520970 1.000000 0.001661 0.005232 0.028758 0.000145 0.003758 0.045676 0.008048 0.045527
0.477306 0.273348 0.478455 0.256112 0.484200 0.256112 0.464666 0.265305 0.549697 0.269901 0.416406 0.371018 0.577274 0.379062 0.357804 0.484775 0.639323 0.500862 0.306096 0.588190 0.708267 0.598532 0.452027 0.622662 0.554293 0.627258 0.461219 0.804213 0.535908 0.824896 0.469263 0.948994 0.520970 1.000000 0.001568 0.005232 0.028657 0.000145 0.003835 0.045676 0.008048 0.045629
0.479268 0.275981 0.479268 0.257553 0.485027 0.257553 0.461992 0.265615 0.547222 0.270222 0.417073 0.370426 0.577168 0.379640 0.361788 0.486755 0.637060 0.502879 0.311110 0.590414 0.701559 0.601931 0.451626 0.622663 0.554133 0.627270 0.458536 0.805794 0.535705 0.826526 0.468902 0.952069 0.520732 1.000000 0.010514 0.004919 0.031329 0.000145 0.003524 0.039732 0.007333 0.041362
0.474140 0.276171 0.475290 0.257782 0.479887 0.258931 0.461498 0.265827 0.546547 0.270424 0.420123 0.369265 0.576429 0.380758 0.367254 0.484197 0.635045 0.503735 0.318983 0.594531 0.693660 0.604875 0.451154 0.622115 0.552294 0.627861 0.459199 0.804856 0.535054 0.826693 0.470692 0.953118 0.522412 1.000000 0.010621 0.007201 0.024866 0.003462 0.005961 0.025612 0.004390 0.041535
0.474140 0.276171 0.475290 0.257782 0.479887 0.258931 0.461498 0.265827 0.547697 0.270424 0.420123 0.369265 0.576429 0.380758 0.367254 0.484197 0.635045 0.503735 0.318983 0.594531 0.693660 0.604875 0.451154 0.622115 0.552294 0.627861 0.459199 0.804856 0.535054 0.827842 0.470692 0.953118 0.522412 1.000000 0.010621 0.007043 0.024866 0.003618 0.005961 0.025612 0.004390 0.041377
0.467458 0.275951 0.468610 0.257520 0.473218 0.257520 0.461699 0.265583 0.546941 0.270191 0.419077 0.370409 0.576891 0.379624 0.370697 0.487905 0.633335 0.504032 0.329227 0.597338 0.688628 0.605401 0.451331 0.622680 0.552701 0.627288 0.460547 0.806988 0.536574 0.827722 0.470914 0.963649 0.522750 1.000000 0.005132 0.003640 0.024575 0.005437 0.009034 0.023369 0.005134 0.041458
0.462847 0.275927 0.463999 0.257494 0.468607 0.257494 0.459390 0.265559 0.545794 0.269015 0.420221 0.369243 0.578051 0.380763 0.372987 0.487904 0.631045 0.507488 0.336121 0.600804 0.681735 0.607716 0.450174 0.622693 0.551554 0.627301 0.457086 0.808172 0.536577 0.828909 0.468607 0.963699 0.521601 1.000000 0.011678 0.000160 0.025588 0.010478 0.020122 0.022967 0.002201 0.035459
0.464454 0.271863 0.465619 0.253216 0.470281 0.253216 0.459792 0.263705 0.547201 0.268367 0.419001 0.369761 0.578668 0.380250 0.377045 0.488637 0.629948 0.506119 0.346743 0.599355 0.674235 0.605182 0.449303 0.622664 0.553028 0.627325 0.457461 0.812632 0.539043 0.832445 0.465619 0.976961 0.523892 1.000000 0.002126 0.001537 0.024296 0.011245 0.022966 0.010673 0.002968 0.035331
0.463581 0.271286 0.464746 0.252639 0.470573 0.252639 0.460084 0.263128 0.547491 0.267790 0.418129 0.370347 0.578957 0.379670 0.376174 0.488054 0.630236 0.505536 0.347038 0.598770 0.674522 0.604597 0.449596 0.622078 0.553318 0.627905 0.457753 0.812042 0.539333 0.833019 0.465911 0.976366 0.524182 1.000000 0.002126 0.001668 0.025922 0.011091 0.027080 0.010673 0.003710 0.035331
0.462881 0.270034 0.464041 0.252634 0.468681 0.252634 0.458241 0.263074 0.546399 0.266554 0.418801 0.370952 0.577719 0.379072 0.379362 0.493910 0.628758 0.506670 0.357322 0.605268 0.670517 0.605268 0.450121 0.622668 0.553359 0.627308 0.458241 0.815225 0.539439 0.830304 0.464041 0.995022 0.524360 1.000000 0.003150 0.001546 0.025988 0.009344 0.036604 0.006404 0.004430 0.035208
0.457759 0.270855 0.458916 0.252339 0.463545 0.252339 0.458916 0.262754 0.545713 0.267384 0.419568 0.370383 0.576960 0.379641 0.383692 0.494214 0.627881 0.508101 0.365175 0.601842 0.663757 0.606471 0.450815 0.622673 0.552657 0.627303 0.457759 0.814784 0.539927 0.826357 0.457759 1.000000 0.528354 1.000000 0.011500 0.002661 0.027724 0.010807 0.035531 0.008811 0.004420 0.031829
0.458049 0.271442 0.459207 0.252926 0.463836 0.252926 0.459207 0.263341 0.546001 0.267970 0.418703 0.370966 0.577247 0.379067 0.383985 0.494792 0.628166 0.508679 0.365469 0.602417 0.664041 0.607046 0.451106 0.623248 0.552944 0.626719 0.458049 0.815352 0.540215 0.826925 0.458049 1.000000 0.528642 1.000000 0.011500 0.002546 0.029161 0.010925 0.032780 0.007836 0.005157 0.031712
0.462650 0.272740 0.463799 0.254352 0.469545 0.255501 0.456904 0.265844 0.544245 0.268143 0.418979 0.371573 0.576424 0.378469 0.385652 0.501437 0.624692 0.506033 0.379905 0.615210 0.655721 0.606017 0.451158 0.623255 0.553439 0.626703 0.455755 0.814027 0.539648 0.822072 0.456904 1.000000 0.528156 1.000000 0.005751 0.004467 0.032809 0.006958 0.063902 0.019356 0.005853 0.030100
0.460641 0.272175 0.461790 0.254937 0.466386 0.254937 0.456044 0.266429 0.543382 0.267578 0.418121 0.372154 0.576708 0.377900 0.383646 0.508906 0.622675 0.506608 0.391690 0.623824 0.645658 0.607736 0.451447 0.623824 0.553724 0.626122 0.453746 0.813439 0.539934 0.821483 0.453746 1.000000 0.528442 1.000000 0.003858 0.004262 0.038049 0.006958 0.100854 0.038053 0.006584 0.026290
0.460641 0.272175 0.461790 0.254937 0.466386 0.254937 0.456044 0.266429 0.543382 0.266429 0.418121 0.372154 0.576708 0.377900 0.383646 0.508906 0.623824 0.507757 0.391690 0.622675 0.645658 0.607736 0.451447 0.623824 0.553724 0.626122 0.453746 0.813439 0.539934 0.821483 0.453746 1.000000 0.528442 1.000000 0.003858 0.004262 0.038049 0.006958 0.101078 0.042350 0.006584 0.026290
0.465317 0.273557 0.466464 0.255213 0.472196 0.256359 0.457291 0.267825 0.542136 0.267825 0.418309 0.373307 0.576532 0.376746 0.386205 0.510892 0.621247 0.504013 0.402257 0.626693 0.639592 0.601469 0.451558 0.624400 0.553601 0.625547 0.452705 0.814727 0.542136 0.819313 0.450412 1.000000 0.530670 1.000000 0.005706 0.000543 0.039989 0.010442 0.116810 0.048326 0.006569 0.020730
0.474950 0.269083 0.469192 0.254111 0.485316 0.256415 0.454220 0.266780 0.544053 0.269083 0.413910 0.373888 0.579755 0.376192 0.387421 0.514396 0.623520 0.506334 0.407000 0.628415 0.629279 0.607684 0.450765 0.624960 0.555570 0.624960 0.451916 0.818446 0.544053 0.823053 0.446158 1.000000 0.532536 1.000000 0.011309 0.000303 0.044498 0.012364 0.113444 0.085194 0.008066 0.020380
0.472301 0.270616 0.466530 0.254459 0.482688 0.256767 0.451526 0.267154 0.541549 0.269462 0.413440 0.374488 0.578481 0.375642 0.386895 0.511830 0.622338 0.504905 0.406515 0.626089 0.623492 0.607623 0.451526 0.624935 0.556552 0.624935 0.449218 0.817675 0.543857 0.821137 0.442293 1.000000 0.532316 1.000000 0.007418 0.002298 0.051850 0.007360 0.114904 0.100542 0.010288 0.016756
0.472365 0.272008 0.466607 0.255887 0.482728 0.258190 0.451638 0.268554 0.541453 0.270856 0.413639 0.374489 0.578300 0.375641 0.387155 0.512666 0.622056 0.504606 0.406731 0.626662 0.622056 0.608239 0.451638 0.624359 0.556422 0.625511 0.449335 0.817807 0.543756 0.821261 0.442426 1.000000 0.532241 1.000000 0.007375 0.002188 0.051828 0.007232 0.114410 0.104119 0.010264 0.016779
0.469190 0.274628 0.464625 0.259793 0.479460 0.260934 0.452073 0.271205 0.541080 0.273487 0.415557 0.373906 0.577596 0.376188 0.388170 0.509700 0.618677 0.508558 0.405287 0.624953 0.614112 0.613542 0.452073 0.624953 0.554774 0.624953 0.447508 0.818944 0.543363 0.821226 0.440662 1.000000 0.533093 1.000000 0.003743 0.002035 0.053466 0.010635 0.110278 0.109617 0.008719 0.010998
0.465707 0.275822 0.461173 0.261084 0.475910 0.262218 0.454371 0.272421 0.539394 0.274688 0.418094 0.373315 0.577938 0.376716 0.388619 0.504818 0.617616 0.509353 0.399956 0.617049 0.610814 0.613648 0.450970 0.624984 0.552998 0.624984 0.447569 0.816570 0.543929 0.816570 0.438500 1.000000 0.533726 1.000000 0.009407 0.001877 0.046997 0.016813 0.102229 0.113254 0.005052 0.009407
0.465707 0.275822 0.461173 0.261084 0.475910 0.262218 0.454371 0.272421 0.539394 0.274688 0.418094 0.373315 0.577938 0.376716 0.388619 0.504818 0.617616 0.509353 0.399956 0.617049 0.610814 0.613648 0.450970 0.624984 0.552998 0.624984 0.447569 0.816570 0.543929 0.816570 0.438500 1.000000 0.532592 1.000000 0.009407 0.003754 0.046997 0.016813 0.102229 0.113254 0.005052 0.009407
