0.532953 0.335732 0.544846 0.319875 0.517096 0.320866 0.558720 0.306991 0.484391 0.307982 0.589443 0.379338 0.429882 0.371410 0.610256 0.481418 0.361499 0.463578 0.595390 0.506194 0.423936 0.524033 0.540881 0.627104 0.439793 0.622148 0.527997 0.818378 0.420963 0.812432 0.501239 1.000000 0.394204 1.000000 0.024970 0.013536 0.040200 0.043972 0.236042 0.458317 0.024631 0.009990
0.529071 0.332036 0.540997 0.316134 0.512175 0.317128 0.554911 0.304207 0.478383 0.306195 0.588703 0.377754 0.427696 0.372785 0.611562 0.484098 0.361107 0.468196 0.598642 0.502982 0.420739 0.530810 0.541991 0.627215 0.441610 0.622246 0.529071 0.818039 0.425708 0.804124 0.502236 0.998923 0.402849 0.986003 0.025361 0.012038 0.037402 0.045496 0.258398 0.436192 0.020895 0.006240
0.527970 0.329972 0.538765 0.313288 0.510305 0.315251 0.550542 0.304456 0.474974 0.306418 0.584891 0.375117 0.425904 0.375117 0.613352 0.483071 0.361132 0.472275 0.593724 0.502699 0.423941 0.532141 0.544654 0.626356 0.444551 0.623411 0.531896 0.814785 0.431793 0.809878 0.506379 0.993400 0.409220 1.000000 0.023648 0.015817 0.029031 0.045605 0.332051 0.444805 0.013749 0.000208
0.522921 0.327719 0.533766 0.310960 0.506162 0.312931 0.545596 0.303073 0.469685 0.306030 0.583059 0.374055 0.423349 0.376027 0.613621 0.482501 0.358281 0.477571 0.592918 0.504190 0.419405 0.538695 0.546582 0.626438 0.447010 0.623480 0.533766 0.813753 0.437151 0.800937 0.507148 0.992195 0.421377 0.978393 0.025390 0.010554 0.023944 0.048010 0.330037 0.431393 0.008160 0.004077
0.519037 0.326916 0.530058 0.309883 0.502004 0.311887 0.542081 0.301868 0.464932 0.304874 0.583160 0.372003 0.419845 0.378015 0.616224 0.480212 0.354720 0.481214 0.590174 0.508266 0.416840 0.547341 0.548093 0.626494 0.448901 0.623488 0.537071 0.814857 0.442890 0.782795 0.510019 0.995205 0.437880 0.892006 0.028790 0.002584 0.024984 0.049509 0.332610 0.419249 0.003827 0.006598
0.516499 0.323006 0.526499 0.306006 0.498500 0.309006 0.538499 0.299006 0.461501 0.303006 0.580497 0.370004 0.417503 0.380004 0.615496 0.478001 0.352505 0.482001 0.582497 0.511000 0.413503 0.551998 0.550498 0.625996 0.451502 0.623996 0.537499 0.813990 0.448502 0.790991 0.511500 0.992984 0.443502 0.926986 0.023938 0.005979 0.015157 0.049788 0.349756 0.408763 0.002546 0.016258
0.509535 0.321337 0.520576 0.304274 0.490465 0.307285 0.534629 0.297248 0.455334 0.305277 0.578792 0.369516 0.415185 0.380557 0.614926 0.477918 0.349943 0.484944 0.579796 0.510037 0.415185 0.556209 0.552696 0.625466 0.453327 0.624462 0.539647 0.811155 0.450316 0.782047 0.513550 0.990821 0.450316 0.876397 0.023583 0.006081 0.010012 0.055458 0.366660 0.413774 0.007669 0.016249
0.509535 0.321337 0.520576 0.304274 0.490465 0.307285 0.534629 0.297248 0.455334 0.305277 0.578792 0.369516 0.415185 0.380557 0.614926 0.477918 0.348939 0.484944 0.579796 0.510037 0.415185 0.556209 0.552696 0.625466 0.453327 0.624462 0.539647 0.811155 0.450316 0.783050 0.513550 0.990821 0.450316 0.878404 0.023583 0.006043 0.010012 0.055420 0.366660 0.418387 0.007669 0.016288
0.504754 0.321082 0.516766 0.303065 0.485737 0.307069 0.530779 0.295057 0.452706 0.303065 0.574820 0.369127 0.413669 0.381138 0.613857 0.476228 0.345605 0.486237 0.577823 0.510260 0.415671 0.558305 0.554802 0.624367 0.456709 0.625368 0.541789 0.810542 0.455708 0.787520 0.514764 0.987709 0.453706 0.891618 0.025973 0.004155 0.002702 0.057490 0.370348 0.428450 0.014661 0.020246
0.503992 0.318372 0.515967 0.301406 0.485031 0.304400 0.529939 0.295419 0.451100 0.301406 0.571853 0.368270 0.412180 0.382241 0.610773 0.472057 0.343321 0.487027 0.580835 0.507984 0.415174 0.560875 0.556884 0.623747 0.459084 0.625743 0.544908 0.808369 0.459084 0.786414 0.516965 0.983012 0.456090 0.888206 0.029883 0.009359 0.001991 0.060572 0.335342 0.430699 0.020344 0.020618
0.503459 0.316175 0.513342 0.298386 0.483693 0.301351 0.527178 0.293444 0.449102 0.300363 0.567699 0.367567 0.410558 0.383380 0.609208 0.470351 0.340389 0.490117 0.579558 0.507906 0.417477 0.565228 0.559792 0.622550 0.461950 0.626503 0.555839 0.803409 0.462939 0.789573 0.520260 0.973398 0.457997 0.912123 0.058719 0.014758 0.002912 0.064380 0.334896 0.439252 0.027719 0.008887
0.500736 0.316336 0.511525 0.298681 0.481119 0.302604 0.524276 0.292796 0.447770 0.300643 0.564491 0.366359 0.409517 0.384996 0.605686 0.467387 0.340857 0.492889 0.578223 0.509563 0.417364 0.570376 0.561548 0.621380 0.464444 0.627265 0.571357 0.804799 0.465425 0.787143 0.528199 0.970562 0.459540 0.907788 0.098079 0.017468 0.020678 0.069015 0.306971 0.428368 0.033155 0.015053
0.501221 0.316367 0.511965 0.298786 0.481686 0.301716 0.523687 0.292925 0.445545 0.298786 0.561781 0.365206 0.407451 0.386695 0.603782 0.464836 0.340054 0.495116 0.580339 0.507814 0.419172 0.572281 0.564711 0.621119 0.466057 0.626980 0.584246 0.803775 0.467034 0.780333 0.537361 0.958105 0.462150 0.901452 0.127796 0.014856 0.030270 0.074122 0.285940 0.431012 0.039275 0.031888
0.500242 0.316685 0.510897 0.299249 0.480869 0.301187 0.523490 0.294406 0.445030 0.298281 0.560298 0.364148 0.404347 0.388364 0.601949 0.464887 0.337511 0.496852 0.581608 0.502664 0.419845 0.571437 0.567078 0.619869 0.468277 0.627618 0.595169 0.799067 0.467308 0.780663 0.546737 0.943395 0.459559 0.901743 0.152551 0.018329 0.041056 0.085127 0.282022 0.441462 0.045167 0.051509
0.500000 0.317533 0.510440 0.300449 0.481967 0.302347 0.521830 0.295703 0.444951 0.299499 0.556947 0.364039 0.406038 0.388716 0.597759 0.463696 0.336752 0.495966 0.579726 0.500712 0.421223 0.569997 0.567387 0.618402 0.469628 0.628842 0.605352 0.788294 0.466781 0.790192 0.554100 0.933508 0.456341 0.932559 0.177981 0.017684 0.056923 0.088021 0.268026 0.453509 0.047303 0.075598
0.501402 0.317528 0.511682 0.299772 0.482711 0.302576 0.521962 0.295099 0.446263 0.299772 0.556540 0.364256 0.406077 0.388555 0.597661 0.464253 0.336920 0.495094 0.575232 0.502570 0.422899 0.565185 0.567755 0.617520 0.469627 0.629669 0.613548 0.774525 0.465889 0.782001 0.566821 0.931530 0.456543 0.903493 0.182412 0.016628 0.076249 0.089840 0.292758 0.465561 0.047776 0.098144
0.504569 0.317016 0.513707 0.300568 0.485380 0.303309 0.522844 0.295999 0.448828 0.300568 0.554827 0.363619 0.407708 0.389204 0.595033 0.464134 0.339175 0.494289 0.571275 0.503427 0.424156 0.560081 0.566706 0.615821 0.470759 0.631356 0.617877 0.768422 0.468932 0.809542 0.572188 0.931075 0.454311 0.976763 0.190154 0.024495 0.088006 0.084345 0.294226 0.474247 0.047882 0.106252
0.506991 0.315065 0.515110 0.298827 0.488949 0.302436 0.522327 0.295219 0.451962 0.301534 0.553902 0.363780 0.408660 0.389039 0.592693 0.462111 0.339197 0.494587 0.570140 0.500902 0.427605 0.556834 0.565629 0.615471 0.471809 0.631710 0.618854 0.764321 0.470907 0.816644 0.580965 0.941137 0.451060 0.982634 0.176503 0.036326 0.094489 0.082587 0.287236 0.490006 0.047847 0.110863
0.509235 0.317774 0.518245 0.301556 0.491215 0.303358 0.526354 0.299754 0.454275 0.300655 0.553384 0.364626 0.410126 0.388052 0.588523 0.461032 0.339848 0.494369 0.572305 0.501577 0.429047 0.553834 0.565097 0.616003 0.471393 0.631320 0.617354 0.767370 0.469591 0.812419 0.591226 0.959281 0.447968 0.981806 0.148888 0.037249 0.090994 0.081701 0.232375 0.498752 0.046627 0.108982
0.512108 0.321968 0.521077 0.306721 0.495964 0.307618 0.529149 0.303133 0.457398 0.300443 0.555159 0.364122 0.409863 0.388338 0.585653 0.458295 0.340802 0.495067 0.577581 0.497758 0.432285 0.545293 0.565024 0.617044 0.469954 0.630497 0.611662 0.773102 0.467264 0.806287 0.597312 0.970417 0.447532 0.978489 0.115547 0.031443 0.080028 0.082296 0.163903 0.522987 0.044683 0.097310
0.516060 0.326460 0.526767 0.311292 0.500892 0.310400 0.534797 0.307723 0.463418 0.301477 0.558888 0.366611 0.409884 0.385348 0.589224 0.466541 0.345643 0.494200 0.571379 0.497769 0.433082 0.536136 0.564241 0.618221 0.466987 0.629820 0.605284 0.781501 0.463418 0.806483 0.601715 0.976901 0.446466 0.976901 0.084202 0.025131 0.071617 0.079470 0.259065 0.527364 0.039865 0.084818
0.522110 0.328259 0.532830 0.313072 0.506923 0.312179 0.540869 0.311286 0.470297 0.304139 0.562309 0.367565 0.413124 0.383645 0.590002 0.465830 0.346125 0.490843 0.571242 0.499777 0.435458 0.533723 0.561416 0.620375 0.463151 0.628415 0.594469 0.789213 0.458684 0.800826 0.602509 0.982170 0.440817 0.973237 0.048281 0.024624 0.062661 0.072417 0.248140 0.535358 0.031329 0.069781
0.524094 0.332446 0.535589 0.317414 0.510831 0.316530 0.545315 0.312993 0.475464 0.304152 0.563883 0.370466 0.417991 0.380192 0.592177 0.469495 0.349024 0.488063 0.573609 0.500442 0.440980 0.531389 0.557693 0.621576 0.460432 0.627766 0.585103 0.793994 0.454243 0.801067 0.594830 0.984095 0.435675 0.966411 0.033912 0.024233 0.058027 0.065405 0.260606 0.540916 0.023099 0.061547
0.528421 0.329472 0.540954 0.314254 0.513204 0.313359 0.551695 0.310674 0.479188 0.302617 0.570494 0.372440 0.418317 0.377811 0.588397 0.475383 0.347599 0.485230 0.583921 0.495077 0.439801 0.525512 0.555276 0.622189 0.455913 0.627560 0.575865 0.795850 0.449647 0.802116 0.582131 0.989205 0.429059 0.964140 0.027251 0.028811 0.056934 0.058982 0.125945 0.554211 0.014252 0.048984
0.532745 0.329146 0.547002 0.313998 0.518489 0.311325 0.556803 0.310434 0.484630 0.297069 0.571950 0.376370 0.422258 0.373697 0.595117 0.477947 0.350976 0.482402 0.572841 0.507351 0.440078 0.524280 0.552348 0.624075 0.453444 0.625857 0.566604 0.804063 0.447207 0.796935 0.565713 0.999198 0.424931 0.946627 0.026614 0.035423 0.050298 0.050768 0.277747 0.544894 0.007374 0.036760
0.534357 0.321659 0.548823 0.307193 0.519891 0.304481 0.562385 0.305385 0.485534 0.292727 0.575947 0.378620 0.422244 0.371387 0.594030 0.495253 0.346297 0.481691 0.566906 0.507911 0.438519 0.526898 0.551536 0.625449 0.450273 0.624545 0.560577 0.808988 0.440327 0.798139 0.557865 1.000000 0.408682 0.950033 0.020048 0.047163 0.047047 0.053315 0.409978 0.546858 0.002302 0.033884
0.536844 0.318490 0.551311 0.304024 0.521474 0.301311 0.563065 0.302216 0.485307 0.291366 0.576627 0.379973 0.423825 0.370027 0.591998 0.500226 0.346067 0.477622 0.563969 0.511980 0.434675 0.526447 0.550407 0.625904 0.449141 0.624096 0.563969 0.807640 0.436483 0.791365 0.549503 1.000000 0.403933 0.929701 0.046715 0.049516 0.057520 0.055656 0.414072 0.538886 0.000579 0.047753
0.538754 0.318999 0.552195 0.302870 0.522625 0.301974 0.561155 0.300182 0.484991 0.293014 0.578180 0.379034 0.423164 0.370970 0.596997 0.492832 0.347000 0.478495 0.565635 0.513441 0.433917 0.527777 0.550403 0.626342 0.448253 0.623654 0.565635 0.811823 0.432125 0.793903 0.542338 1.000000 0.401659 0.917557 0.063697 0.046827 0.061686 0.061568 0.367103 0.531986 0.001710 0.056149
0.536577 0.315769 0.549143 0.299612 0.519523 0.299612 0.559914 0.296919 0.482721 0.294226 0.579662 0.378600 0.423480 0.371419 0.598511 0.495288 0.343594 0.476438 0.569788 0.512342 0.435149 0.529396 0.550041 0.626337 0.446817 0.623644 0.562607 0.815729 0.431558 0.795982 0.532987 1.000000 0.397450 0.926133 0.068482 0.053474 0.058968 0.057479 0.380425 0.540073 0.004001 0.049199
0.534558 0.314867 0.547125 0.297812 0.517503 0.297812 0.559691 0.296017 0.481599 0.292427 0.581234 0.377700 0.421459 0.372314 0.602777 0.495288 0.347854 0.476438 0.571360 0.513240 0.435821 0.530294 0.549818 0.626339 0.447490 0.623646 0.561487 0.819326 0.439411 0.801374 0.528275 1.000000 0.396326 0.943197 0.072025 0.079423 0.059231 0.047309 0.392427 0.520997 0.003427 0.033682
0.530739 0.314452 0.544104 0.297523 0.512028 0.298414 0.558360 0.295741 0.478171 0.295741 0.580634 0.375930 0.425602 0.374148 0.604691 0.489976 0.348978 0.475721 0.576180 0.515815 0.435403 0.533635 0.546777 0.626298 0.446986 0.623625 0.554796 0.821424 0.444313 0.802713 0.521829 1.000000 0.397091 0.959527 0.064954 0.088355 0.055860 0.031968 0.331815 0.517801 0.007942 0.017824
0.530518 0.314444 0.543883 0.297514 0.511806 0.298405 0.558140 0.295732 0.477947 0.295732 0.580415 0.375925 0.425377 0.374143 0.604473 0.489085 0.348748 0.475720 0.576851 0.515816 0.434287 0.533636 0.547447 0.626303 0.446761 0.623630 0.554575 0.821438 0.444979 0.801835 0.521607 1.000000 0.399537 0.956874 0.063503 0.087573 0.053296 0.030400 0.321897 0.516273 0.007374 0.014806
0.528382 0.309909 0.539822 0.292308 0.509021 0.294948 0.553903 0.290548 0.475579 0.296708 0.580305 0.375913 0.425416 0.374153 0.603186 0.490319 0.353251 0.474479 0.572384 0.513201 0.432456 0.533442 0.546863 0.625847 0.447417 0.624087 0.547743 0.819459 0.444777 0.804498 0.517821 1.000000 0.411335 0.966427 0.049396 0.060169 0.043786 0.032606 0.359460 0.494788 0.007284 0.006105
0.520790 0.307802 0.534060 0.290993 0.502212 0.291878 0.550869 0.290109 0.471248 0.292763 0.582718 0.376808 0.423475 0.373269 0.610143 0.489163 0.351815 0.475008 0.577410 0.514818 0.427898 0.536936 0.547331 0.626289 0.446477 0.623635 0.544677 0.820919 0.450900 0.806764 0.514597 1.000000 0.419051 0.992548 0.042577 0.061729 0.040511 0.021475 0.364603 0.477860 0.007885 0.012027
0.517477 0.307313 0.529711 0.290710 0.499126 0.292457 0.546315 0.288962 0.469415 0.293331 0.582143 0.376348 0.423974 0.373727 0.613602 0.481212 0.352317 0.474221 0.578648 0.514419 0.427469 0.537139 0.546315 0.626273 0.447568 0.623652 0.539324 0.820271 0.449316 0.810659 0.512234 1.000000 0.425722 1.000000 0.031550 0.042199 0.033857 0.026986 0.350934 0.475301 0.007790 0.014441
0.511580 0.305980 0.523816 0.289375 0.493227 0.291123 0.543043 0.286753 0.466134 0.292870 0.580623 0.375897 0.424184 0.374149 0.612086 0.484269 0.351645 0.473781 0.577127 0.514857 0.425932 0.537580 0.545665 0.625851 0.449529 0.624103 0.535177 0.818997 0.449529 0.807635 0.509832 1.000000 0.433797 0.991168 0.023356 0.027217 0.026965 0.032166 0.361129 0.474447 0.006121 0.017267
0.507569 0.305810 0.520543 0.289375 0.489404 0.291105 0.540438 0.287645 0.463454 0.292835 0.580228 0.375009 0.422800 0.375009 0.612232 0.484863 0.351871 0.472753 0.578498 0.512542 0.425395 0.536762 0.546493 0.625856 0.450479 0.624126 0.534383 0.816153 0.450479 0.805773 0.506704 1.000000 0.440100 0.998666 0.023775 0.017112 0.022323 0.035223 0.371520 0.471803 0.003854 0.020229
0.503233 0.305180 0.517887 0.288801 0.485992 0.290525 0.538576 0.292249 0.460131 0.296559 0.579954 0.374143 0.422201 0.375867 0.615297 0.481035 0.350652 0.473277 0.579954 0.511207 0.423925 0.535344 0.547197 0.625857 0.450648 0.624133 0.532542 0.815506 0.457545 0.794817 0.502371 1.000000 0.454959 0.968948 0.024147 0.017581 0.016644 0.023461 0.376723 0.477951 0.002744 0.037402
0.500880 0.304577 0.514085 0.287852 0.483275 0.289613 0.535211 0.289613 0.457746 0.295775 0.580106 0.374120 0.419894 0.375880 0.615317 0.483275 0.345951 0.476232 0.587148 0.512324 0.416373 0.538732 0.548415 0.625880 0.451585 0.624120 0.529930 0.816901 0.460387 0.789613 0.501761 1.000000 0.470070 0.942782 0.013677 0.003179 0.009149 0.023501 0.344429 0.471085 0.000003 0.047624
0.496032 0.301372 0.509259 0.284617 0.478396 0.287263 0.531304 0.287263 0.454587 0.294317 0.579804 0.373680 0.418432 0.376326 0.616840 0.482143 0.349651 0.475971 0.586859 0.513007 0.412260 0.542107 0.549822 0.625879 0.451941 0.624115 0.527777 0.817232 0.466050 0.790778 0.501323 1.000000 0.471341 0.938040 0.006824 0.015451 0.001155 0.015903 0.350127 0.433592 0.002245 0.063394
0.488088 0.300414 0.502472 0.284232 0.471905 0.286030 0.527645 0.287828 0.449429 0.294121 0.578890 0.373236 0.415266 0.376832 0.619347 0.482918 0.343343 0.484716 0.587881 0.515284 0.417064 0.550346 0.552818 0.624966 0.453025 0.624966 0.532140 0.813763 0.465612 0.797581 0.503371 0.998964 0.471006 0.959407 0.014330 0.012563 0.001871 0.024900 0.357998 0.455629 0.007442 0.057893
0.486267 0.298126 0.500000 0.279815 0.468872 0.284393 0.526550 0.283477 0.449646 0.293548 0.579651 0.374115 0.414856 0.375946 0.625428 0.488556 0.341613 0.489471 0.589722 0.516022 0.408447 0.559967 0.554016 0.624970 0.451477 0.624970 0.539368 0.809907 0.470703 0.803498 0.507324 0.974702 0.474365 0.967378 0.035971 0.027036 0.007255 0.012329 0.412405 0.423895 0.006994 0.059308
0.481906 0.297305 0.495648 0.278982 0.462667 0.282647 0.520384 0.282647 0.439764 0.292724 0.578101 0.371512 0.408616 0.378841 0.622075 0.480532 0.333492 0.490610 0.594591 0.511681 0.407699 0.563900 0.557946 0.624365 0.455338 0.625281 0.542371 0.816754 0.474577 0.804844 0.499313 1.000000 0.478242 0.978910 0.046027 0.027275 0.000386 0.025666 0.352172 0.440345 0.016921 0.059687
0.477650 0.301982 0.491060 0.283208 0.458877 0.287678 0.515198 0.283208 0.437421 0.293936 0.573307 0.369925 0.409707 0.380653 0.617112 0.475415 0.335506 0.493295 0.595657 0.506705 0.407025 0.564814 0.559003 0.623817 0.457983 0.625605 0.554533 0.824964 0.478544 0.808872 0.500894 1.000000 0.485696 0.995716 0.085701 0.023386 0.010842 0.026375 0.316610 0.435412 0.021644 0.042636
0.475238 0.304132 0.488623 0.285393 0.456499 0.289854 0.513608 0.286285 0.434190 0.296101 0.568933 0.368380 0.408312 0.382658 0.617119 0.475461 0.332464 0.497769 0.597488 0.504016 0.405635 0.566479 0.561794 0.623589 0.460960 0.625373 0.576072 0.828827 0.479699 0.796702 0.511823 1.000000 0.489515 0.948400 0.133644 0.014110 0.031009 0.033315 0.326313 0.445459 0.029012 0.012570
0.475111 0.311949 0.487024 0.294080 0.457242 0.298334 0.506595 0.292378 0.433416 0.300887 0.562755 0.367258 0.409591 0.384276 0.606151 0.467665 0.341518 0.493193 0.586580 0.499149 0.410442 0.558713 0.563606 0.622531 0.464049 0.625935 0.593387 0.817389 0.482769 0.789309 0.516805 0.968851 0.495533 0.968001 0.197287 0.013617 0.047215 0.034239 0.306890 0.435864 0.035283 0.011961
0.471908 0.313967 0.484393 0.296488 0.455261 0.299817 0.506035 0.294823 0.431122 0.300649 0.559306 0.366406 0.409481 0.385550 0.608415 0.462960 0.337065 0.496254 0.590936 0.491260 0.410313 0.558681 0.565132 0.621109 0.466081 0.626935 0.605086 0.806725 0.477734 0.806725 0.536832 0.932412 0.487723 1.000000 0.225841 0.004961 0.060205 0.052711 0.325890 0.459723 0.039846 0.046883
0.473001 0.315878 0.485181 0.298826 0.455137 0.302074 0.504669 0.298826 0.429965 0.302886 0.555013 0.365411 0.408041 0.387335 0.604545 0.464475 0.338208 0.495331 0.580185 0.492895 0.410477 0.556231 0.567193 0.619567 0.469753 0.627687 0.608605 0.798208 0.477061 0.812012 0.549329 0.945993 0.483557 1.000000 0.193930 0.002095 0.057267 0.067386 0.373146 0.459815 0.047214 0.059896
0.472465 0.315896 0.485328 0.299013 0.454778 0.302229 0.505427 0.298209 0.429052 0.302229 0.553664 0.364937 0.406541 0.388251 0.602704 0.461410 0.334989 0.494372 0.585018 0.489549 0.412973 0.557080 0.568939 0.618181 0.470857 0.628632 0.612352 0.792637 0.476485 0.811932 0.568135 0.938956 0.480504 1.000000 0.171049 0.003001 0.058458 0.073448 0.328322 0.473255 0.050886 0.067864
0.475537 0.321399 0.489061 0.304693 0.458035 0.306284 0.508950 0.305488 0.433373 0.305488 0.553501 0.365950 0.405529 0.387430 0.602825 0.465394 0.336316 0.494829 0.578958 0.494033 0.414280 0.558473 0.569412 0.617343 0.471559 0.629277 0.614758 0.782022 0.476332 0.813048 0.585323 0.948291 0.477924 0.995229 0.141304 0.005486 0.065411 0.076573 0.367705 0.464299 0.052402 0.077265
