0.554892 0.291126 0.554892 0.276869 0.543486 0.274017 0.534931 0.282572 0.500713 0.279720 0.517822 0.376672 0.466495 0.373820 0.534931 0.516396 0.457940 0.510693 0.614774 0.581981 0.480752 0.630457 0.529228 0.621902 0.486455 0.627605 0.569149 0.792993 0.469346 0.812954 0.600516 0.984045 0.435128 1.000000 0.021169 0.025511 0.058172 0.054284 0.242324 0.079781 0.019982 0.102266
0.552788 0.291589 0.552788 0.277878 0.541819 0.277878 0.533593 0.286105 0.500686 0.283362 0.517139 0.376599 0.467779 0.373857 0.536335 0.510969 0.456810 0.502742 0.613118 0.571298 0.478748 0.620659 0.530850 0.623401 0.484232 0.626143 0.569242 0.793421 0.465036 0.807132 0.615860 0.963440 0.423903 0.979894 0.014494 0.040768 0.053025 0.054364 0.242848 0.085576 0.019215 0.104325
0.549790 0.296315 0.552376 0.283383 0.539444 0.280796 0.531684 0.291142 0.500647 0.285969 0.516165 0.376496 0.469609 0.373909 0.534271 0.503233 0.456677 0.495474 0.606692 0.557549 0.477368 0.609279 0.529098 0.624797 0.485128 0.624797 0.570481 0.795505 0.459263 0.792918 0.624797 0.932588 0.417879 0.942934 0.044376 0.037089 0.059142 0.068254 0.250000 0.090985 0.018122 0.124295
0.551376 0.293196 0.553977 0.280189 0.543572 0.277588 0.533167 0.287993 0.501951 0.282791 0.517559 0.376438 0.470735 0.373836 0.535768 0.503902 0.460330 0.496098 0.608605 0.558529 0.481140 0.607954 0.527964 0.623562 0.483742 0.626164 0.569585 0.792647 0.455127 0.790046 0.616409 0.935719 0.408304 0.940922 0.023851 0.040762 0.063431 0.071416 0.250000 0.085576 0.014910 0.131849
0.549652 0.293754 0.549652 0.281022 0.539467 0.278476 0.529282 0.288661 0.501273 0.286115 0.514004 0.375234 0.470718 0.375234 0.521643 0.500000 0.460533 0.494907 0.585299 0.545833 0.478357 0.601850 0.529282 0.624766 0.485996 0.624766 0.562383 0.787727 0.450348 0.785180 0.603123 0.925224 0.391784 0.925224 0.027902 0.056472 0.044325 0.089069 0.281903 0.079594 0.019464 0.133393
0.550276 0.291712 0.552888 0.278653 0.539829 0.278653 0.529382 0.286489 0.500653 0.281265 0.513712 0.375289 0.469312 0.375289 0.524159 0.505876 0.461477 0.498041 0.586841 0.560723 0.482371 0.607735 0.529382 0.623406 0.487594 0.626017 0.555500 0.790558 0.451030 0.790558 0.589453 0.936817 0.377900 0.931593 0.023271 0.082660 0.029260 0.092774 0.245779 0.080203 0.021632 0.118942
0.553164 0.286660 0.555891 0.273028 0.542259 0.273028 0.534080 0.278481 0.501363 0.278481 0.509542 0.376631 0.474099 0.373905 0.512269 0.515677 0.463194 0.504771 0.577702 0.564752 0.487731 0.619279 0.520448 0.624732 0.495910 0.624732 0.512269 0.796494 0.479552 0.793768 0.485005 0.957351 0.384129 0.954625 0.038297 0.139721 0.029129 0.058318 0.288927 0.093658 0.020843 0.015562
0.553975 0.286123 0.553975 0.272629 0.543180 0.272629 0.535084 0.280726 0.502699 0.278027 0.510795 0.375182 0.475711 0.375182 0.529686 0.512819 0.467615 0.504723 0.580963 0.591083 0.494602 0.615372 0.510795 0.623468 0.502699 0.626167 0.475711 0.790792 0.548578 0.804286 0.381254 0.936525 0.570168 0.977006 0.117262 0.040661 0.065789 0.046149 0.141202 0.096018 0.017189 0.146034
0.548199 0.284483 0.550953 0.270712 0.537182 0.270712 0.531673 0.276221 0.498623 0.276221 0.509640 0.375372 0.471081 0.375372 0.526165 0.515837 0.471081 0.507574 0.572986 0.603971 0.493115 0.626005 0.520657 0.623251 0.498623 0.626005 0.495869 0.799520 0.542690 0.805028 0.382946 0.939984 0.556461 0.989560 0.171066 0.053115 0.058609 0.041986 0.118165 0.058551 0.024572 0.121297
0.555470 0.287827 0.555470 0.273960 0.544376 0.273960 0.533282 0.279507 0.502774 0.279507 0.511094 0.373806 0.475038 0.376579 0.524962 0.515254 0.480585 0.509707 0.566564 0.626194 0.530509 0.623421 0.516641 0.623421 0.497227 0.626194 0.513867 0.800925 0.536056 0.809245 0.394607 0.920185 0.549923 0.997843 0.245027 0.043171 0.012045 0.038314 0.083093 0.118426 0.017666 0.071507
0.552085 0.288920 0.552085 0.275213 0.541120 0.272472 0.532896 0.280696 0.500000 0.280696 0.510965 0.373900 0.472587 0.376641 0.524672 0.510965 0.480811 0.508224 0.565791 0.617876 0.532896 0.615135 0.521930 0.623359 0.494517 0.626100 0.535637 0.796060 0.524672 0.798802 0.409537 0.905712 0.532896 0.990693 0.297382 0.041390 0.011227 0.027112 0.085149 0.124434 0.020957 0.029813
0.552862 0.290639 0.552862 0.276728 0.541733 0.273946 0.527822 0.282293 0.500000 0.279510 0.505564 0.374105 0.472178 0.376888 0.516693 0.510433 0.483307 0.507651 0.558426 0.610593 0.552862 0.602246 0.527822 0.621721 0.494436 0.627286 0.563991 0.794218 0.519475 0.816476 0.444356 0.902724 0.516693 1.000000 0.331304 0.046708 0.037254 0.013666 0.099739 0.174791 0.028377 0.023903
0.549135 0.291002 0.549135 0.277161 0.538063 0.277161 0.526990 0.282698 0.499308 0.282698 0.507613 0.374048 0.471626 0.376816 0.521453 0.509689 0.491003 0.504152 0.568512 0.612111 0.560208 0.601039 0.526990 0.623184 0.493772 0.625952 0.571281 0.783739 0.510381 0.808652 0.460553 0.922148 0.504844 0.991352 0.300455 0.038501 0.060971 0.000630 0.104725 0.149362 0.026465 0.056821
0.548637 0.290859 0.548637 0.276963 0.537520 0.276963 0.526403 0.285301 0.498610 0.282521 0.506948 0.374238 0.468038 0.377017 0.523624 0.510422 0.493052 0.504864 0.576430 0.602139 0.559754 0.593801 0.531962 0.621593 0.493052 0.627152 0.573651 0.788350 0.501390 0.807805 0.504169 0.955107 0.479155 0.996796 0.203645 0.051958 0.045899 0.017045 0.127503 0.143332 0.031902 0.063298
0.546682 0.290636 0.549512 0.276490 0.538195 0.276490 0.526878 0.284978 0.498585 0.282148 0.509902 0.375513 0.467464 0.375513 0.526878 0.511317 0.495756 0.502829 0.583463 0.601853 0.560829 0.587707 0.532536 0.621657 0.490098 0.627316 0.577804 0.791412 0.492927 0.808387 0.541024 0.972483 0.467464 1.000000 0.146741 0.046859 0.053765 0.023562 0.138224 0.138597 0.028858 0.077979
0.547080 0.289525 0.547080 0.275678 0.536002 0.275678 0.524925 0.283986 0.497231 0.281216 0.511078 0.375376 0.469536 0.375376 0.530464 0.511078 0.500000 0.500000 0.591391 0.588621 0.566466 0.569235 0.533233 0.621854 0.486153 0.627393 0.583082 0.785250 0.480614 0.810174 0.574774 0.959723 0.452920 0.992956 0.109403 0.038222 0.065721 0.030600 0.166817 0.167192 0.024708 0.103899
0.548375 0.292190 0.548375 0.278563 0.537474 0.278563 0.526572 0.286740 0.499319 0.281289 0.512946 0.373952 0.469340 0.376677 0.529298 0.504769 0.504769 0.496593 0.591981 0.578354 0.578354 0.567453 0.532023 0.621960 0.485692 0.627411 0.583805 0.782757 0.474790 0.801835 0.600157 0.954456 0.439360 0.981710 0.068944 0.042036 0.074731 0.040598 0.185006 0.164561 0.022574 0.119037
0.550046 0.291589 0.550046 0.277878 0.539077 0.277878 0.525366 0.286105 0.500686 0.283362 0.514397 0.373857 0.470521 0.376599 0.528108 0.505485 0.506170 0.497258 0.596664 0.576783 0.585695 0.565814 0.530850 0.623401 0.484232 0.626143 0.585695 0.790678 0.473263 0.798905 0.621345 0.957956 0.426645 0.979894 0.034012 0.060062 0.079891 0.037655 0.210721 0.182091 0.019215 0.121031
0.552119 0.292895 0.554862 0.279179 0.541147 0.276436 0.527431 0.287409 0.502743 0.281922 0.513716 0.372445 0.472569 0.377931 0.521945 0.504115 0.510972 0.498628 0.574064 0.578179 0.601495 0.567206 0.530174 0.622069 0.483541 0.627555 0.582293 0.794885 0.467083 0.803114 0.628926 0.956729 0.420450 0.981417 0.003939 0.051672 0.072280 0.043737 0.175321 0.195573 0.017472 0.122991
0.554491 0.292384 0.557250 0.278588 0.546214 0.278588 0.529660 0.286866 0.504828 0.284106 0.513105 0.372395 0.474479 0.377913 0.524141 0.504828 0.515864 0.502069 0.582081 0.573804 0.609671 0.573804 0.529660 0.623466 0.482756 0.626225 0.576563 0.791767 0.466202 0.800044 0.620707 0.960067 0.411022 0.979380 0.004863 0.064791 0.065557 0.040831 0.195926 0.189776 0.015814 0.116738
0.554563 0.290613 0.554563 0.276972 0.543651 0.276972 0.527282 0.285157 0.502728 0.282428 0.513641 0.372458 0.472718 0.377914 0.527282 0.506138 0.513641 0.497954 0.590030 0.571614 0.600942 0.568886 0.530010 0.623450 0.483631 0.626178 0.570932 0.792596 0.461806 0.795324 0.606399 0.956286 0.393601 0.967199 0.007642 0.079400 0.054829 0.054829 0.210860 0.178230 0.017377 0.116405
0.552532 0.291918 0.555261 0.278273 0.544345 0.275545 0.527972 0.283731 0.506140 0.281002 0.514327 0.373786 0.473393 0.376515 0.530701 0.504776 0.506140 0.491131 0.596195 0.572999 0.577093 0.553897 0.527972 0.624849 0.484309 0.624849 0.563448 0.794044 0.459748 0.794044 0.596195 0.957780 0.386067 0.960509 0.002955 0.086755 0.048507 0.059868 0.203921 0.180879 0.015642 0.111675
0.553406 0.291927 0.553406 0.275281 0.542308 0.275281 0.528437 0.283604 0.503468 0.280829 0.514565 0.375156 0.472950 0.375156 0.531211 0.511097 0.500694 0.491677 0.597795 0.580455 0.564503 0.558261 0.528437 0.624844 0.484048 0.624844 0.556180 0.802400 0.459079 0.799626 0.583923 0.974407 0.370301 0.963310 0.001567 0.113023 0.031671 0.059305 0.204721 0.168826 0.015902 0.094504
0.553772 0.283478 0.553772 0.269139 0.542301 0.269139 0.530829 0.277743 0.502151 0.274875 0.513622 0.375249 0.470605 0.375249 0.530829 0.512905 0.496415 0.492830 0.585318 0.596073 0.562375 0.567394 0.530829 0.624751 0.484944 0.624751 0.548036 0.802557 0.470605 0.805425 0.565243 0.991834 0.361627 0.974627 0.001851 0.156925 0.008791 0.043483 0.145037 0.161754 0.020096 0.055918
0.551898 0.285919 0.551898 0.271503 0.540365 0.271503 0.528832 0.277269 0.500000 0.277269 0.511533 0.375300 0.471168 0.375300 0.525949 0.513695 0.491350 0.499279 0.577848 0.605959 0.554782 0.580010 0.528832 0.623259 0.488467 0.626142 0.543249 0.807786 0.488467 0.807786 0.551898 1.000000 0.358721 0.966365 0.010574 0.218274 0.002644 0.021918 0.130060 0.160617 0.022044 0.024817
0.551265 0.288533 0.551265 0.274293 0.539873 0.271444 0.528480 0.279989 0.500000 0.277141 0.508544 0.373974 0.471520 0.376822 0.522784 0.513528 0.491456 0.502136 0.574049 0.610362 0.556961 0.590425 0.525632 0.624602 0.494304 0.624602 0.539873 0.806877 0.508544 0.801181 0.539873 0.997696 0.377534 0.949279 0.024817 0.256151 0.003148 0.003573 0.122616 0.152964 0.025411 0.000795
0.553241 0.284878 0.556119 0.273366 0.541729 0.270488 0.533096 0.279122 0.501439 0.276244 0.507195 0.374092 0.469782 0.376970 0.521584 0.515109 0.484172 0.506475 0.573386 0.615835 0.556119 0.595690 0.527340 0.624469 0.495683 0.624469 0.535974 0.817288 0.521584 0.805776 0.530218 1.000000 0.389201 0.943915 0.023886 0.288396 0.011313 0.011977 0.118832 0.180802 0.029356 0.030924
0.550974 0.290516 0.550974 0.276550 0.539802 0.276550 0.528629 0.284930 0.497905 0.282136 0.503491 0.374310 0.469974 0.377103 0.511871 0.511172 0.478353 0.502793 0.559354 0.606139 0.550974 0.592173 0.525836 0.622897 0.500698 0.625690 0.531423 0.810037 0.537009 0.798864 0.511871 0.991589 0.411318 0.932934 0.043647 0.305525 0.019037 0.026646 0.128120 0.195999 0.033849 0.056290
0.554799 0.285785 0.554799 0.274399 0.543412 0.271552 0.534872 0.280092 0.500712 0.277245 0.506405 0.374033 0.472245 0.376880 0.523485 0.513522 0.477938 0.507828 0.569033 0.610310 0.546259 0.604616 0.517792 0.621697 0.503558 0.627390 0.520639 0.798192 0.554799 0.795346 0.463705 0.937681 0.477938 0.968995 0.128486 0.226897 0.009491 0.054673 0.101223 0.181822 0.027217 0.089123
0.557050 0.290818 0.557050 0.276731 0.545781 0.273914 0.534512 0.282366 0.503522 0.282366 0.506339 0.375336 0.475349 0.375336 0.528877 0.516199 0.478166 0.513382 0.576771 0.611987 0.528877 0.623256 0.511973 0.623256 0.506339 0.626073 0.511973 0.800744 0.571136 0.792292 0.478166 0.969780 0.495070 0.966963 0.062833 0.249054 0.007233 0.079176 0.097082 0.131144 0.023337 0.118319
0.551083 0.291469 0.553882 0.277474 0.539887 0.277474 0.534289 0.285871 0.500700 0.283072 0.506298 0.375441 0.472709 0.375441 0.531489 0.515395 0.464312 0.509797 0.587471 0.607764 0.489504 0.630157 0.517494 0.624559 0.503499 0.624559 0.517494 0.800900 0.565078 0.792503 0.486704 0.985638 0.503499 0.985638 0.052568 0.210115 0.014297 0.072725 0.116747 0.085543 0.026761 0.111868
0.551560 0.290275 0.554347 0.279127 0.540412 0.276340 0.534838 0.284701 0.501393 0.281914 0.512542 0.376673 0.470736 0.373886 0.534838 0.513238 0.462375 0.507664 0.601727 0.594063 0.487458 0.624720 0.518116 0.624720 0.498606 0.624720 0.526477 0.794730 0.543199 0.789155 0.506968 0.975887 0.498606 0.984248 0.049790 0.155822 0.008491 0.049071 0.168545 0.087062 0.021307 0.068652
0.548599 0.293283 0.551337 0.279593 0.540385 0.279593 0.529433 0.287807 0.499316 0.285069 0.507529 0.375422 0.471936 0.375422 0.532171 0.512321 0.460984 0.506845 0.606096 0.580770 0.488364 0.624578 0.510267 0.624578 0.510267 0.624578 0.485626 0.797070 0.575979 0.788856 0.444556 0.969562 0.584193 0.969562 0.029235 0.106660 0.048665 0.072529 0.205548 0.099197 0.026175 0.166286
0.550824 0.295347 0.550824 0.281794 0.539982 0.279083 0.531850 0.289926 0.499322 0.284505 0.515586 0.376666 0.466795 0.373955 0.537271 0.509487 0.453242 0.504066 0.610458 0.574542 0.480348 0.620623 0.531850 0.623334 0.485769 0.626045 0.572509 0.791393 0.472216 0.802236 0.615880 0.956742 0.426135 0.970295 0.006094 0.060748 0.054601 0.048351 0.217188 0.105771 0.022452 0.099996
0.550783 0.296870 0.550783 0.283327 0.539949 0.280619 0.529115 0.288744 0.499323 0.286036 0.507448 0.375413 0.472239 0.375413 0.531824 0.505417 0.453280 0.505417 0.610368 0.565002 0.474947 0.621878 0.507448 0.624587 0.512865 0.624587 0.469530 0.795216 0.580575 0.789799 0.415362 0.960429 0.637452 0.955012 0.031244 0.018272 0.069605 0.072363 0.234420 0.104646 0.025892 0.193413
0.548468 0.294685 0.548468 0.281222 0.537697 0.278529 0.526927 0.286607 0.500000 0.283915 0.505385 0.375465 0.473073 0.375465 0.529619 0.507405 0.454225 0.504712 0.607706 0.561258 0.475766 0.620496 0.508078 0.623189 0.513463 0.625881 0.462303 0.792826 0.578087 0.790133 0.400372 0.954385 0.631940 0.951692 0.032624 0.016899 0.087355 0.068414 0.250000 0.104646 0.027461 0.203210
0.549531 0.291559 0.549531 0.277800 0.538524 0.275048 0.530269 0.286055 0.497248 0.283304 0.508255 0.376861 0.469731 0.374110 0.530269 0.508943 0.453221 0.506191 0.610068 0.563977 0.475235 0.621763 0.511007 0.624514 0.511007 0.624514 0.464228 0.795120 0.571544 0.792368 0.387180 0.957470 0.615571 0.965725 0.055859 0.031012 0.088722 0.058177 0.255252 0.099496 0.028065 0.195363
0.547633 0.293819 0.547633 0.280210 0.536745 0.277488 0.528579 0.285654 0.498639 0.282932 0.506805 0.375475 0.471420 0.375475 0.528579 0.511568 0.460533 0.508846 0.602070 0.563283 0.479586 0.625886 0.509526 0.623164 0.512248 0.625886 0.468699 0.791919 0.566685 0.794641 0.384321 0.949787 0.602070 0.966118 0.080684 0.034552 0.079056 0.047880 0.254308 0.077294 0.027760 0.174885
0.546578 0.289356 0.546578 0.275452 0.535455 0.275452 0.527113 0.283794 0.493743 0.281013 0.507647 0.375560 0.468716 0.375560 0.527113 0.514599 0.463155 0.509038 0.596632 0.575776 0.485401 0.631392 0.515989 0.623050 0.507647 0.625830 0.474278 0.798239 0.557701 0.803801 0.374170 0.953963 0.588290 0.984551 0.107460 0.033908 0.085128 0.038149 0.226014 0.070504 0.030140 0.161673
0.543318 0.290288 0.543318 0.276536 0.532316 0.276536 0.524065 0.284787 0.493812 0.282037 0.507563 0.375548 0.469059 0.375548 0.526816 0.515814 0.466309 0.513064 0.590073 0.581822 0.496562 0.634078 0.518565 0.623077 0.504813 0.625827 0.488311 0.793597 0.551569 0.804599 0.383799 0.936614 0.573571 0.986120 0.144986 0.043031 0.070030 0.036259 0.199810 0.084344 0.029809 0.137319
0.543561 0.289925 0.546371 0.275873 0.532319 0.273063 0.526698 0.278684 0.492974 0.278684 0.507026 0.374236 0.467681 0.377047 0.529509 0.514754 0.467681 0.517565 0.582906 0.599065 0.509836 0.638410 0.523888 0.621548 0.501405 0.627169 0.518267 0.801412 0.546371 0.804222 0.397422 0.933499 0.568854 0.998137 0.225918 0.042425 0.031613 0.036506 0.129207 0.106837 0.032260 0.089111
0.548873 0.288927 0.551706 0.274761 0.537540 0.271928 0.529040 0.280428 0.497875 0.277595 0.506375 0.373923 0.475210 0.376756 0.523374 0.518416 0.483709 0.515583 0.565872 0.631743 0.546039 0.626077 0.517707 0.623244 0.500708 0.626077 0.531873 0.804568 0.543206 0.804568 0.407213 0.926395 0.565872 1.000000 0.278476 0.038182 0.010359 0.041961 0.076923 0.144022 0.023469 0.049585
0.546211 0.287429 0.549055 0.273210 0.534836 0.273210 0.526305 0.278898 0.497867 0.278898 0.503555 0.372742 0.472273 0.378429 0.520617 0.512086 0.489336 0.512086 0.566117 0.625836 0.557586 0.620149 0.520617 0.622992 0.503555 0.625836 0.549055 0.802149 0.540524 0.810680 0.429617 0.921587 0.543367 1.000000 0.300107 0.058220 0.028438 0.022799 0.082335 0.138892 0.030825 0.012726
0.546271 0.292818 0.546271 0.279006 0.535221 0.279006 0.521409 0.284530 0.496547 0.281768 0.499309 0.372928 0.474448 0.378453 0.518646 0.511050 0.496547 0.508287 0.565608 0.616022 0.562845 0.610497 0.524171 0.621547 0.502072 0.627072 0.568370 0.790055 0.526934 0.820442 0.463398 0.908840 0.524171 1.000000 0.312028 0.045599 0.049926 0.005479 0.089626 0.129497 0.033475 0.040950
0.545188 0.290746 0.547969 0.276842 0.534065 0.276842 0.522941 0.282404 0.495134 0.279623 0.503476 0.374170 0.472887 0.376950 0.528503 0.513209 0.497914 0.504866 0.581338 0.607755 0.561872 0.599413 0.528503 0.621659 0.495134 0.627221 0.575776 0.788506 0.514599 0.810753 0.478449 0.938669 0.506257 0.991503 0.270936 0.048315 0.055805 0.005413 0.105520 0.127817 0.030140 0.054250
0.546162 0.291571 0.548960 0.277582 0.534971 0.277582 0.526578 0.285975 0.495803 0.280380 0.504197 0.372704 0.473422 0.378300 0.523781 0.512590 0.498601 0.506994 0.582532 0.604914 0.579735 0.599319 0.529376 0.621700 0.493006 0.627296 0.576937 0.789563 0.506994 0.809147 0.529376 0.965819 0.490208 0.996593 0.171779 0.052867 0.055805 0.000553 0.136120 0.167991 0.028535 0.063447
0.547147 0.289596 0.547147 0.275522 0.535888 0.275522 0.524629 0.283966 0.496482 0.278337 0.507741 0.374039 0.471149 0.376854 0.524629 0.511963 0.504926 0.509148 0.592184 0.593591 0.594998 0.590776 0.530259 0.621739 0.490852 0.627368 0.580925 0.793440 0.499296 0.810328 0.561221 0.967955 0.476778 1.000000 0.127122 0.051958 0.062477 0.010303 0.181276 0.186071 0.026911 0.076655
0.548555 0.289596 0.548555 0.275522 0.537296 0.275522 0.523222 0.283966 0.497889 0.278337 0.506333 0.374039 0.472556 0.376854 0.523222 0.511963 0.511963 0.503518 0.593591 0.587962 0.602035 0.582332 0.531666 0.621739 0.489445 0.627368 0.585147 0.796254 0.489445 0.810328 0.587962 0.973585 0.464112 1.000000 0.089602 0.041886 0.062213 0.021427 0.198980 0.175181 0.026911 0.094654
0.546206 0.292775 0.549006 0.278773 0.537805 0.275973 0.523803 0.284374 0.498600 0.281573 0.507001 0.373985 0.473397 0.376785 0.521003 0.508401 0.512602 0.502800 0.585410 0.578410 0.607813 0.581210 0.532204 0.623215 0.487398 0.626015 0.585410 0.796836 0.481798 0.810838 0.610613 0.973258 0.448194 0.998461 0.049487 0.046770 0.062575 0.027507 0.203707 0.184700 0.024984 0.104297
0.547456 0.290344 0.550289 0.276178 0.538956 0.276178 0.521957 0.284678 0.499292 0.279011 0.507791 0.372506 0.473793 0.378173 0.521957 0.508500 0.513458 0.505666 0.592787 0.579329 0.612619 0.579329 0.530457 0.621827 0.487959 0.627494 0.584287 0.805985 0.476626 0.814484 0.629618 0.978809 0.434128 1.000000 0.008871 0.051867 0.061664 0.037334 0.216962 0.200619 0.023469 0.109790
