0.488294 0.302951 0.503902 0.287343 0.472686 0.287343 0.531216 0.279539 0.457078 0.279539 0.581941 0.377088 0.429765 0.373186 0.613157 0.513657 0.398549 0.505853 0.613157 0.634618 0.425863 0.478539 0.542922 0.626814 0.445372 0.622912 0.523412 0.806304 0.441471 0.802402 0.515608 0.966285 0.460980 0.966285 0.018949 0.044635 0.014874 0.026787 0.071528 0.823558 0.014910 0.027545
0.483411 0.304836 0.499024 0.289223 0.471701 0.289223 0.530250 0.281417 0.456088 0.281417 0.580993 0.375095 0.428765 0.375095 0.612219 0.511710 0.397539 0.507807 0.600509 0.628808 0.424862 0.484387 0.541960 0.624905 0.448282 0.624905 0.522444 0.808359 0.444378 0.808359 0.514637 0.968393 0.459991 0.976199 0.018221 0.036297 0.015601 0.031589 0.103253 0.799121 0.012428 0.026964
0.485476 0.309252 0.500968 0.289886 0.469984 0.289886 0.531953 0.282140 0.458365 0.282140 0.582303 0.375094 0.427380 0.375094 0.609414 0.510651 0.400269 0.506778 0.593922 0.626843 0.427380 0.483539 0.543572 0.626843 0.446745 0.622970 0.524207 0.805004 0.450618 0.805004 0.516461 0.959926 0.458365 0.975418 0.018561 0.007685 0.014126 0.018046 0.105025 0.790194 0.012331 0.041235
0.486441 0.309200 0.501937 0.289830 0.470944 0.289830 0.529056 0.285956 0.459322 0.285956 0.579419 0.375060 0.428329 0.375060 0.606538 0.510654 0.401210 0.506780 0.591042 0.626877 0.428329 0.483535 0.544552 0.626877 0.447700 0.623003 0.525182 0.805086 0.455448 0.805086 0.517433 0.960050 0.459322 0.979421 0.018561 0.006464 0.009332 0.011281 0.105025 0.790194 0.009867 0.048001
0.481304 0.304188 0.497048 0.288445 0.465561 0.288445 0.528535 0.280573 0.453753 0.280573 0.579702 0.375035 0.426202 0.375035 0.607254 0.508856 0.398650 0.508856 0.587574 0.622997 0.422266 0.481304 0.544279 0.626933 0.449817 0.622997 0.524599 0.811921 0.457689 0.811921 0.516728 0.965421 0.453753 0.992973 0.017426 0.020174 0.010735 0.016969 0.118978 0.839069 0.007518 0.046991
0.478518 0.304711 0.494141 0.289088 0.466801 0.289088 0.525388 0.281277 0.451178 0.281277 0.576163 0.375015 0.427743 0.375015 0.603503 0.507812 0.396497 0.507812 0.580068 0.621079 0.423837 0.480471 0.544916 0.624985 0.451178 0.624985 0.525388 0.808556 0.458989 0.812462 0.517576 0.956975 0.455084 0.988222 0.016998 0.020328 0.005848 0.016499 0.129572 0.823558 0.004973 0.046991
0.482424 0.306664 0.494141 0.291041 0.466801 0.291041 0.525388 0.283230 0.451178 0.283230 0.576163 0.373062 0.427743 0.376968 0.607409 0.505859 0.400403 0.509764 0.580068 0.619126 0.423837 0.478518 0.544916 0.626938 0.451178 0.623032 0.529293 0.810509 0.462895 0.814415 0.517576 0.947211 0.462895 0.990175 0.000212 0.019464 0.011956 0.010760 0.148950 0.859799 0.004973 0.046489
0.479493 0.310553 0.491211 0.291022 0.463868 0.294928 0.522460 0.283210 0.448244 0.283210 0.577146 0.373051 0.424807 0.376957 0.604489 0.509765 0.397464 0.509765 0.581052 0.623043 0.420901 0.478516 0.545897 0.626949 0.452150 0.623043 0.530272 0.810537 0.463868 0.814444 0.518554 0.943346 0.463868 0.990219 0.000984 0.019464 0.011956 0.015759 0.127774 0.859799 0.002487 0.046489
0.478685 0.311069 0.494187 0.291692 0.467058 0.295567 0.525191 0.283941 0.451556 0.287816 0.575572 0.373077 0.428303 0.376953 0.602701 0.508720 0.401175 0.508720 0.587199 0.621109 0.424428 0.477716 0.544568 0.624985 0.451556 0.624985 0.532942 0.807134 0.467058 0.814885 0.521315 0.935025 0.470934 0.989282 0.008567 0.018854 0.018690 0.003826 0.106463 0.859799 0.004935 0.046217
0.478685 0.307194 0.490311 0.291692 0.463183 0.291692 0.521315 0.283941 0.451556 0.283941 0.575572 0.373077 0.428303 0.376953 0.606576 0.508720 0.401175 0.508720 0.591074 0.621109 0.428303 0.477716 0.544568 0.624985 0.451556 0.624985 0.536817 0.807134 0.467058 0.811009 0.525191 0.935025 0.470934 0.989282 0.015321 0.019546 0.025443 0.003289 0.115157 0.835821 0.004935 0.040002
0.475776 0.307176 0.491279 0.287797 0.460273 0.291673 0.518410 0.280045 0.448645 0.283921 0.576548 0.373066 0.425390 0.376942 0.603679 0.504845 0.398259 0.508721 0.595927 0.621120 0.425390 0.477714 0.545541 0.624996 0.452521 0.624996 0.541665 0.803285 0.464148 0.814913 0.526162 0.931189 0.471900 0.989326 0.031477 0.005326 0.032062 0.015213 0.085821 0.835821 0.002467 0.026383
0.477102 0.308228 0.488551 0.292963 0.461837 0.292963 0.519082 0.281514 0.446571 0.285330 0.572511 0.373106 0.423673 0.376923 0.603041 0.510495 0.400775 0.510495 0.599225 0.621169 0.423673 0.476148 0.549613 0.624985 0.454204 0.624985 0.549613 0.796721 0.465653 0.811987 0.534347 0.918844 0.477102 0.983722 0.039583 0.001724 0.028858 0.019517 0.080576 0.866875 0.004858 0.019464
0.473080 0.305792 0.484617 0.286564 0.457697 0.290409 0.515383 0.278872 0.442315 0.282718 0.573068 0.371169 0.423086 0.378860 0.603834 0.505769 0.396166 0.509614 0.603834 0.621140 0.423086 0.471157 0.549994 0.624985 0.453852 0.624985 0.553840 0.801887 0.465389 0.817270 0.534611 0.917258 0.476926 0.982635 0.059487 0.003095 0.035776 0.020508 0.071528 0.870231 0.004896 0.012157
0.471387 0.306388 0.486647 0.291128 0.456127 0.291128 0.513353 0.279683 0.440867 0.283498 0.570578 0.371243 0.421792 0.378873 0.604913 0.508584 0.395087 0.516214 0.604913 0.623034 0.421792 0.474249 0.551503 0.623034 0.456127 0.626849 0.555318 0.802340 0.471387 0.813785 0.540058 0.912975 0.479017 0.985461 0.050401 0.011789 0.030840 0.017868 0.077979 0.880735 0.009716 0.019155
0.469498 0.306501 0.484749 0.287437 0.454246 0.291249 0.515251 0.279811 0.438995 0.283624 0.568630 0.371318 0.419931 0.378944 0.606758 0.508579 0.393242 0.516204 0.610571 0.622963 0.419931 0.474264 0.553379 0.622963 0.458059 0.626776 0.561005 0.798351 0.473310 0.813603 0.538128 0.905110 0.480936 0.981366 0.081024 0.011468 0.033099 0.022663 0.075639 0.880735 0.014569 0.012096
0.470214 0.307834 0.481744 0.288618 0.454841 0.292461 0.512491 0.277088 0.439468 0.284775 0.570140 0.373171 0.420251 0.377014 0.604730 0.507687 0.393348 0.519217 0.612417 0.626829 0.420251 0.476940 0.554767 0.622986 0.454841 0.626829 0.562454 0.803622 0.474058 0.818995 0.539394 0.911234 0.481744 0.988101 0.080730 0.017266 0.033101 0.012070 0.059608 0.879122 0.012236 0.018189
0.469026 0.309315 0.484513 0.289956 0.457410 0.293828 0.515487 0.278340 0.441923 0.286084 0.569692 0.371263 0.418693 0.379007 0.608410 0.510647 0.391590 0.518391 0.616153 0.630673 0.418693 0.475801 0.554205 0.622929 0.457410 0.626801 0.565820 0.804903 0.476769 0.820390 0.538718 0.924928 0.488385 0.990749 0.090981 0.010056 0.039854 0.017612 0.065737 0.880735 0.014795 0.011435
0.472898 0.309315 0.484513 0.289956 0.457410 0.289956 0.515487 0.278340 0.441923 0.282212 0.569692 0.371263 0.418693 0.379007 0.608410 0.510647 0.391590 0.518391 0.616153 0.626801 0.418693 0.475801 0.554205 0.622929 0.457410 0.626801 0.561949 0.804903 0.476769 0.820390 0.538718 0.936544 0.488385 0.986877 0.069137 0.009553 0.033101 0.017612 0.065056 0.880735 0.014795 0.018189
0.473857 0.305379 0.489349 0.289886 0.458365 0.289886 0.516461 0.278267 0.442872 0.282140 0.570683 0.371221 0.419634 0.378967 0.605541 0.506778 0.392523 0.518397 0.617160 0.622970 0.419634 0.471920 0.555191 0.622970 0.454492 0.626843 0.562937 0.801130 0.477730 0.816623 0.539699 0.948307 0.489349 0.983164 0.063679 0.016612 0.033395 0.005687 0.048390 0.893040 0.012331 0.024953
0.478526 0.304783 0.494143 0.285261 0.462909 0.289165 0.521474 0.277452 0.447291 0.277452 0.572230 0.371157 0.419961 0.378965 0.603465 0.507809 0.392631 0.515617 0.615178 0.617130 0.419961 0.472670 0.552709 0.624939 0.455100 0.624939 0.560517 0.812348 0.474622 0.820156 0.540996 0.972426 0.490239 0.988043 0.051883 0.002198 0.037693 0.013442 0.037553 0.882437 0.009944 0.018470
0.478692 0.305326 0.494189 0.285956 0.467070 0.285956 0.521308 0.278207 0.447700 0.278207 0.571671 0.375060 0.420581 0.375060 0.602664 0.506780 0.389588 0.514528 0.614286 0.615255 0.420581 0.471913 0.552300 0.623003 0.455448 0.626877 0.556175 0.812834 0.474818 0.816708 0.540678 0.979421 0.490315 0.979421 0.036021 0.002144 0.031313 0.011426 0.039583 0.869452 0.009867 0.025873
0.486545 0.305861 0.501922 0.286639 0.471168 0.286639 0.528832 0.278951 0.451946 0.278951 0.571120 0.375059 0.421191 0.375059 0.601875 0.509611 0.390436 0.513455 0.609564 0.624941 0.425035 0.471168 0.551899 0.624941 0.455790 0.624941 0.551899 0.817158 0.475012 0.817158 0.548054 0.990153 0.490389 0.978620 0.007072 0.001497 0.024437 0.012070 0.050338 0.851330 0.009791 0.031726
0.484617 0.305792 0.500000 0.286564 0.473080 0.286564 0.526920 0.278872 0.453852 0.278872 0.573068 0.375015 0.423086 0.375015 0.599988 0.517306 0.388475 0.513460 0.603834 0.636522 0.423086 0.471157 0.549994 0.624985 0.453852 0.624985 0.546148 0.817270 0.473080 0.817270 0.546148 0.994172 0.488463 0.974944 0.006365 0.000773 0.022934 0.007255 0.049253 0.859705 0.004896 0.038091
0.488551 0.304412 0.503816 0.289147 0.477102 0.285330 0.530531 0.281514 0.458020 0.277698 0.572511 0.376923 0.423673 0.373106 0.599225 0.514311 0.389326 0.510495 0.603041 0.636434 0.427489 0.468515 0.549613 0.624985 0.454204 0.624985 0.545796 0.811987 0.473286 0.811987 0.545796 0.987539 0.488551 0.964640 0.006496 0.000632 0.022804 0.006027 0.051187 0.843125 0.004858 0.038864
0.489423 0.301929 0.508654 0.286545 0.477885 0.286545 0.535576 0.282699 0.458655 0.275007 0.574036 0.378850 0.424041 0.371158 0.597113 0.517307 0.385580 0.509615 0.597113 0.636534 0.424041 0.467309 0.547114 0.624996 0.454809 0.624996 0.543268 0.817298 0.470193 0.813452 0.543268 0.990370 0.485577 0.963448 0.006365 0.006606 0.028312 0.012468 0.052568 0.851391 0.002448 0.032292
0.493371 0.303036 0.512310 0.287885 0.482008 0.287885 0.535037 0.284097 0.463069 0.276522 0.572915 0.378791 0.425192 0.371216 0.595641 0.515151 0.391102 0.507576 0.595641 0.632572 0.428979 0.465910 0.546400 0.624996 0.455494 0.624996 0.542612 0.810597 0.470645 0.806809 0.542612 0.984835 0.485796 0.950745 0.006496 0.006918 0.027653 0.011363 0.052568 0.843125 0.002410 0.032960
0.497115 0.301929 0.512500 0.286545 0.485577 0.282699 0.539422 0.282699 0.466347 0.275007 0.577882 0.378850 0.424041 0.371158 0.597113 0.517307 0.389426 0.505769 0.593266 0.636534 0.427887 0.463463 0.547114 0.624996 0.450963 0.624996 0.539422 0.817298 0.466347 0.809606 0.539422 0.990370 0.481731 0.951910 0.012726 0.007814 0.026858 0.007169 0.054193 0.845262 0.002448 0.039190
0.500000 0.302504 0.515265 0.287239 0.488551 0.283422 0.541980 0.283422 0.469469 0.275789 0.576327 0.378831 0.427489 0.371198 0.595409 0.516219 0.389326 0.504770 0.591592 0.634526 0.431306 0.462791 0.545796 0.626894 0.450387 0.623077 0.538163 0.813895 0.465653 0.806262 0.538163 0.989447 0.480918 0.947467 0.012985 0.007814 0.025995 0.002391 0.054193 0.838586 0.004858 0.039450
0.501922 0.302017 0.517300 0.286639 0.490389 0.282795 0.544210 0.282795 0.471168 0.271262 0.578809 0.378903 0.428880 0.371215 0.598031 0.521144 0.390436 0.505767 0.590342 0.632630 0.432724 0.463479 0.544210 0.624941 0.448101 0.624941 0.536521 0.817158 0.463479 0.809469 0.532677 0.990153 0.478856 0.947865 0.005653 0.008759 0.031745 0.002396 0.064674 0.838586 0.009791 0.039190
0.501893 0.301228 0.520824 0.286083 0.490535 0.282297 0.547327 0.282297 0.471604 0.274725 0.577616 0.380737 0.429956 0.369378 0.592760 0.513251 0.392095 0.501893 0.592760 0.619263 0.433743 0.460246 0.543541 0.626836 0.448887 0.623050 0.535968 0.812357 0.460246 0.800998 0.532182 0.982733 0.475390 0.937299 0.005911 0.014933 0.030810 0.003420 0.036221 0.838586 0.009643 0.033275
0.503813 0.300781 0.522877 0.285530 0.492374 0.281717 0.545754 0.281717 0.473310 0.270279 0.580069 0.380850 0.431370 0.369412 0.595320 0.518111 0.389429 0.499047 0.591507 0.632495 0.435182 0.460919 0.541941 0.628682 0.446621 0.621056 0.534315 0.815509 0.454246 0.800258 0.530502 0.983272 0.473310 0.937518 0.005753 0.030392 0.035605 0.005731 0.045830 0.820742 0.014569 0.026522
0.503813 0.298875 0.522877 0.283624 0.492374 0.279811 0.545754 0.283624 0.473310 0.272185 0.580069 0.378944 0.431370 0.371318 0.599133 0.520017 0.389429 0.500953 0.595320 0.634401 0.435182 0.459012 0.541941 0.626776 0.446621 0.622963 0.526690 0.817415 0.446621 0.805977 0.522877 0.985178 0.465685 0.931799 0.018178 0.047865 0.023179 0.019268 0.053362 0.835769 0.014569 0.025411
0.502859 0.298951 0.521915 0.283706 0.491424 0.279894 0.548595 0.279894 0.472368 0.272271 0.582897 0.378989 0.430443 0.371367 0.601954 0.520010 0.396141 0.500953 0.598142 0.638162 0.434254 0.459028 0.540972 0.626728 0.445688 0.622916 0.525727 0.817295 0.441877 0.805861 0.521915 0.981184 0.464745 0.924013 0.018009 0.067486 0.027952 0.025898 0.053020 0.847516 0.016993 0.018780
0.499040 0.296449 0.518243 0.281086 0.487518 0.277246 0.545127 0.277246 0.468315 0.269565 0.583533 0.380942 0.429909 0.369420 0.602736 0.526884 0.391503 0.500000 0.602736 0.642102 0.429909 0.457754 0.541286 0.626740 0.445272 0.622899 0.522083 0.818769 0.437590 0.811088 0.518243 0.983914 0.464475 0.918624 0.024325 0.090964 0.022454 0.032253 0.041644 0.856199 0.017123 0.018740
0.498081 0.296539 0.517275 0.281183 0.486564 0.277344 0.544147 0.277344 0.471208 0.269666 0.586375 0.380994 0.428980 0.369478 0.609408 0.523033 0.394430 0.500000 0.609408 0.642039 0.428980 0.457772 0.540308 0.626683 0.444336 0.622845 0.524953 0.814789 0.436658 0.810950 0.517275 0.979861 0.463531 0.910761 0.011133 0.096699 0.033071 0.032253 0.051172 0.864095 0.019564 0.012942
0.496190 0.299039 0.515239 0.283800 0.484761 0.279990 0.541907 0.279990 0.469522 0.272371 0.583813 0.379042 0.431425 0.371423 0.610481 0.523811 0.397138 0.504762 0.610481 0.641911 0.431425 0.459046 0.541907 0.626672 0.442855 0.622863 0.522858 0.813348 0.435235 0.809538 0.515239 0.973355 0.461903 0.908590 0.017222 0.096699 0.020994 0.027444 0.057986 0.875283 0.019415 0.019383
0.489438 0.298369 0.508641 0.283007 0.477917 0.283007 0.539366 0.279166 0.462554 0.271485 0.585453 0.379021 0.427989 0.371340 0.608497 0.521123 0.397264 0.505761 0.616178 0.644022 0.427989 0.459674 0.543207 0.628660 0.443351 0.620979 0.520163 0.813008 0.435670 0.805327 0.512482 0.974313 0.462554 0.924385 0.024437 0.083946 0.013779 0.032819 0.031304 0.884361 0.017123 0.026328
0.488304 0.297271 0.503899 0.281676 0.476608 0.281676 0.535088 0.277777 0.461014 0.273879 0.585770 0.379142 0.429824 0.371345 0.613061 0.519493 0.398635 0.507797 0.616959 0.644250 0.425926 0.461014 0.542885 0.628655 0.441520 0.620858 0.523392 0.815790 0.437622 0.807993 0.515595 0.979533 0.461014 0.948344 0.017892 0.059199 0.021142 0.021540 0.051187 0.903437 0.019869 0.026407
0.487518 0.300289 0.502880 0.284927 0.472156 0.284927 0.533605 0.277246 0.460634 0.277246 0.583533 0.377101 0.429909 0.373261 0.610417 0.515362 0.399185 0.507681 0.614258 0.638261 0.426069 0.465435 0.541286 0.626740 0.445272 0.622899 0.522083 0.811088 0.441431 0.803407 0.514402 0.968552 0.460634 0.957030 0.017523 0.046355 0.020324 0.026335 0.051187 0.891132 0.017123 0.026266
0.482711 0.300213 0.498079 0.284844 0.471185 0.284844 0.532658 0.277160 0.455816 0.277160 0.582604 0.377054 0.428922 0.373212 0.613341 0.515368 0.398185 0.507684 0.613341 0.634472 0.425080 0.465421 0.544184 0.626788 0.444290 0.622946 0.524973 0.807365 0.448132 0.807365 0.509605 0.968732 0.463500 0.976416 0.003510 0.022227 0.014854 0.012933 0.069604 0.891132 0.014680 0.040366
0.481744 0.300148 0.497118 0.284775 0.466371 0.284775 0.527864 0.277088 0.454841 0.277088 0.581670 0.377014 0.427938 0.373171 0.612417 0.511530 0.401035 0.511530 0.612417 0.630673 0.424095 0.469254 0.543237 0.626829 0.447154 0.622986 0.524021 0.811308 0.454841 0.811308 0.512491 0.968884 0.462528 0.984257 0.009788 0.001150 0.015552 0.011452 0.071528 0.902184 0.012236 0.046023
0.478856 0.302017 0.494233 0.282795 0.467323 0.286639 0.524988 0.278951 0.451946 0.278951 0.578809 0.375059 0.428880 0.375059 0.613408 0.505767 0.401969 0.509611 0.613408 0.624941 0.425035 0.467323 0.544210 0.624941 0.448101 0.624941 0.524988 0.809469 0.455790 0.817158 0.513455 0.951709 0.463479 0.997841 0.007285 0.000820 0.010756 0.011712 0.082369 0.903886 0.009791 0.045764
0.474045 0.300053 0.489426 0.284673 0.462510 0.284673 0.524032 0.273137 0.447129 0.276982 0.577864 0.373111 0.427904 0.376956 0.612470 0.503845 0.400988 0.511535 0.612470 0.623044 0.424059 0.469239 0.543258 0.626889 0.450975 0.623044 0.524032 0.803765 0.462510 0.811456 0.512497 0.957570 0.462510 0.992177 0.010635 0.019464 0.008677 0.010290 0.082369 0.903886 0.007344 0.053928
0.471377 0.304412 0.490459 0.285330 0.459928 0.285330 0.520990 0.277698 0.448479 0.281514 0.578235 0.373106 0.425581 0.376923 0.612582 0.506679 0.398867 0.510495 0.608766 0.621169 0.421765 0.468515 0.543888 0.624985 0.452296 0.624985 0.528623 0.804354 0.463745 0.811987 0.517174 0.949375 0.467561 0.991355 0.001949 0.012693 0.016115 0.014684 0.090722 0.903886 0.004858 0.046489
0.473282 0.300573 0.488550 0.281489 0.458015 0.285305 0.519084 0.277672 0.446565 0.281489 0.572519 0.373092 0.427481 0.376908 0.610687 0.502863 0.400763 0.510496 0.610687 0.617366 0.423664 0.468511 0.545802 0.625000 0.454198 0.625000 0.530534 0.800573 0.469466 0.808206 0.519084 0.941794 0.473282 0.987595 0.001853 0.019693 0.006023 0.007684 0.091053 0.903886 0.000006 0.054074
0.471154 0.298077 0.486538 0.282692 0.459615 0.282692 0.521154 0.275000 0.444231 0.278846 0.575000 0.371154 0.425000 0.378846 0.609615 0.501923 0.401923 0.509615 0.613462 0.617308 0.421154 0.467308 0.548077 0.625000 0.451923 0.625000 0.532692 0.805769 0.471154 0.817308 0.517308 0.932692 0.478846 0.998077 0.011370 0.018189 0.006609 0.002952 0.071763 0.919800 0.000006 0.058751
0.471374 0.298664 0.486641 0.283397 0.456107 0.283397 0.520992 0.275763 0.444656 0.279580 0.574427 0.371183 0.425573 0.378817 0.608779 0.504771 0.402672 0.512405 0.612595 0.619275 0.425573 0.466603 0.547710 0.623092 0.452290 0.626908 0.536260 0.802481 0.471374 0.817748 0.524809 0.924618 0.479008 0.997137 0.009464 0.018189 0.013344 0.002424 0.069509 0.906458 0.000006 0.052016
0.468751 0.303036 0.483902 0.284097 0.457388 0.287885 0.517992 0.280309 0.442237 0.284097 0.571021 0.371216 0.427085 0.378791 0.608898 0.503788 0.404359 0.515151 0.612686 0.621209 0.423298 0.469698 0.548294 0.624996 0.453600 0.624996 0.540719 0.795446 0.468751 0.814385 0.525567 0.920442 0.480114 0.992410 0.024258 0.005121 0.014291 0.008738 0.078321 0.926903 0.002410 0.039548
0.465913 0.299265 0.481063 0.284116 0.454551 0.284116 0.515150 0.272753 0.443188 0.280328 0.571961 0.371227 0.424251 0.378802 0.606048 0.503787 0.401526 0.511362 0.606048 0.621198 0.428039 0.473488 0.549237 0.624986 0.454551 0.624986 0.545449 0.795421 0.473488 0.814358 0.530300 0.916619 0.484850 0.988580 0.032511 0.010995 0.021357 0.007255 0.080115 0.859642 0.004823 0.038798
0.467359 0.300423 0.482281 0.285502 0.456168 0.285502 0.515854 0.278041 0.444976 0.281771 0.571810 0.371301 0.422594 0.378762 0.605384 0.505596 0.403942 0.513056 0.605384 0.621238 0.430055 0.472022 0.549428 0.624969 0.456168 0.624969 0.553158 0.796567 0.474820 0.811489 0.538237 0.904749 0.486011 0.979357 0.050548 0.010535 0.034932 0.011415 0.077979 0.863533 0.007126 0.024807
