0.515036 0.301714 0.530072 0.286678 0.500000 0.282919 0.548867 0.279160 0.469928 0.271642 0.582697 0.376894 0.421062 0.373135 0.612769 0.504699 0.372195 0.497181 0.548867 0.504699 0.447374 0.508458 0.548867 0.624986 0.447374 0.624986 0.533831 0.824211 0.462410 0.824211 0.530072 1.000000 0.484964 0.989606 0.017857 0.019162 0.019162 0.009158 0.573558 0.572059 0.004785 0.047956
0.516537 0.303394 0.531236 0.288694 0.501837 0.285019 0.553286 0.281345 0.476113 0.277670 0.582685 0.380566 0.424665 0.369542 0.612084 0.505512 0.376891 0.494488 0.549611 0.505512 0.446714 0.505512 0.545936 0.626783 0.446714 0.623109 0.534911 0.821552 0.461414 0.814202 0.527562 1.000000 0.483463 0.968547 0.005762 0.020730 0.029163 0.003171 0.573558 0.566399 0.009359 0.042436
0.520212 0.305231 0.534911 0.286857 0.505512 0.283182 0.556961 0.279507 0.479788 0.272157 0.582685 0.378729 0.424665 0.371379 0.612084 0.503675 0.380566 0.492650 0.549611 0.503675 0.450389 0.500000 0.545936 0.624946 0.446714 0.624946 0.531236 0.823390 0.457739 0.816040 0.527562 1.000000 0.483463 0.963035 0.017415 0.036802 0.023625 0.009266 0.573558 0.577634 0.009359 0.041879
0.517324 0.303963 0.535560 0.289374 0.502735 0.285727 0.553796 0.282079 0.477205 0.274785 0.582974 0.380554 0.426144 0.369612 0.612152 0.504559 0.378730 0.489970 0.542855 0.500912 0.448027 0.497265 0.546502 0.624917 0.444380 0.624917 0.531913 0.821866 0.451675 0.818219 0.528266 1.000000 0.477205 0.953165 0.017415 0.047511 0.023625 0.010692 0.590296 0.586069 0.011612 0.035542
0.515379 0.304599 0.533471 0.286506 0.500905 0.286506 0.555183 0.282888 0.479193 0.275651 0.584131 0.380588 0.428534 0.369733 0.609461 0.503619 0.377874 0.489144 0.540709 0.500000 0.446627 0.492763 0.544327 0.626649 0.443008 0.623030 0.529853 0.818431 0.446627 0.811194 0.526234 1.000000 0.475575 0.937843 0.017737 0.065407 0.027071 0.012048 0.581369 0.610977 0.016133 0.030098
0.515379 0.300981 0.529853 0.286506 0.500905 0.282888 0.555183 0.279269 0.479193 0.275651 0.584131 0.380588 0.428534 0.369733 0.613079 0.503619 0.381493 0.489144 0.540709 0.500000 0.446627 0.492763 0.544327 0.626649 0.443008 0.623030 0.533471 0.818431 0.443008 0.807576 0.522616 0.999358 0.475575 0.934224 0.001083 0.080115 0.033051 0.018169 0.589461 0.601787 0.016133 0.017998
0.513558 0.301147 0.528020 0.286685 0.499096 0.283070 0.553329 0.279454 0.477403 0.275839 0.585868 0.380688 0.430401 0.369842 0.611177 0.503615 0.383400 0.489153 0.538867 0.500000 0.448479 0.492769 0.542482 0.626543 0.441248 0.622927 0.531636 0.814549 0.441248 0.803703 0.520789 0.995325 0.473788 0.937476 0.000742 0.075952 0.037256 0.013633 0.580534 0.601787 0.020730 0.018344
0.510088 0.300070 0.528430 0.285396 0.495414 0.285396 0.550441 0.278059 0.473404 0.274391 0.587126 0.380775 0.429382 0.369770 0.616473 0.505503 0.381693 0.490829 0.539436 0.501834 0.447725 0.494497 0.543104 0.626561 0.440388 0.622893 0.528430 0.820989 0.440388 0.809984 0.521094 1.000000 0.469735 0.956722 0.010993 0.062833 0.032435 0.013831 0.588705 0.601787 0.021034 0.023978
0.510088 0.300070 0.524762 0.285396 0.495414 0.285396 0.550441 0.278059 0.473404 0.274391 0.587126 0.380775 0.429382 0.369770 0.616473 0.501834 0.385361 0.490829 0.539436 0.501834 0.447725 0.494497 0.543104 0.626561 0.440388 0.622893 0.528430 0.813652 0.444056 0.806315 0.521094 1.000000 0.466067 0.971395 0.012438 0.035827 0.031498 0.007465 0.575706 0.592315 0.021034 0.031280
0.506425 0.303569 0.521112 0.285211 0.491739 0.285211 0.546813 0.277868 0.469709 0.274196 0.583529 0.380673 0.429321 0.369658 0.616574 0.501836 0.385262 0.494493 0.539470 0.501836 0.447680 0.494493 0.543141 0.626671 0.444008 0.622999 0.528455 0.813923 0.447680 0.806579 0.521112 1.000000 0.462366 0.990160 0.012438 0.019045 0.026883 0.012067 0.584751 0.608000 0.016369 0.031280
0.503700 0.301122 0.522200 0.286322 0.488900 0.286322 0.548101 0.278922 0.470400 0.275222 0.585101 0.378823 0.425999 0.371423 0.618402 0.500925 0.385298 0.497225 0.540701 0.500925 0.451899 0.497225 0.544401 0.626727 0.444499 0.623027 0.529600 0.815429 0.451899 0.811729 0.522200 1.000000 0.459299 1.000000 0.012438 0.000236 0.026883 0.010887 0.584751 0.599600 0.014138 0.037391
0.501850 0.304822 0.520350 0.286322 0.487050 0.286322 0.546251 0.278922 0.468550 0.275222 0.583251 0.378823 0.427849 0.371423 0.620252 0.500925 0.387148 0.497225 0.538851 0.504625 0.450049 0.497225 0.542551 0.626727 0.446349 0.623027 0.531450 0.819129 0.453749 0.815429 0.520350 1.000000 0.464850 1.000000 0.000361 0.005762 0.033454 0.011127 0.579199 0.599600 0.014138 0.030581
0.499068 0.302376 0.517712 0.287461 0.484153 0.287461 0.543813 0.280004 0.465509 0.276275 0.584829 0.376951 0.424493 0.373223 0.618388 0.503729 0.387205 0.500000 0.540084 0.507457 0.446865 0.503729 0.543813 0.626777 0.446865 0.623049 0.532627 0.820672 0.458052 0.816944 0.517712 1.000000 0.469238 1.000000 0.006572 0.000354 0.033454 0.010086 0.567223 0.571184 0.011871 0.036687
0.498135 0.302327 0.516784 0.283678 0.483216 0.283678 0.542891 0.276219 0.460838 0.276219 0.583918 0.376920 0.423542 0.373191 0.621215 0.500000 0.386245 0.500000 0.542891 0.503730 0.445920 0.503730 0.546621 0.626809 0.445920 0.623079 0.535432 0.817023 0.460838 0.817023 0.524243 0.999777 0.468298 1.000000 0.000756 0.012201 0.028458 0.003992 0.578512 0.571184 0.009499 0.043140
0.496269 0.304126 0.511193 0.285472 0.481345 0.285472 0.537309 0.278010 0.458960 0.278010 0.582080 0.375014 0.421651 0.375014 0.623121 0.498135 0.388072 0.501865 0.541040 0.505596 0.451498 0.505596 0.548502 0.624986 0.447767 0.624986 0.537309 0.815263 0.462691 0.818994 0.526116 0.998079 0.466422 1.000000 0.000756 0.018316 0.023801 0.008698 0.573558 0.563667 0.004750 0.043140
0.494403 0.300373 0.509328 0.281716 0.479478 0.281716 0.535448 0.274254 0.457090 0.277985 0.580224 0.375000 0.419776 0.375000 0.621269 0.494403 0.386194 0.501866 0.542910 0.501866 0.445896 0.505597 0.550373 0.625000 0.449627 0.625000 0.539179 0.815298 0.464552 0.819030 0.527985 0.994403 0.472015 1.000000 0.001161 0.012201 0.019125 0.013391 0.575167 0.562501 0.000005 0.043140
0.492593 0.302799 0.507407 0.284283 0.474077 0.284283 0.529626 0.276876 0.455560 0.276876 0.577769 0.373162 0.418527 0.376865 0.618506 0.495371 0.385198 0.502777 0.540736 0.502777 0.440747 0.510184 0.551846 0.624986 0.451857 0.624986 0.537033 0.813854 0.466670 0.817558 0.529626 0.987909 0.474077 1.000000 0.011377 0.012431 0.007738 0.018066 0.572192 0.540177 0.004716 0.049352
0.488890 0.300948 0.503703 0.282431 0.474077 0.282431 0.529626 0.275025 0.451857 0.275025 0.577769 0.371310 0.418527 0.378717 0.618506 0.489816 0.385198 0.504629 0.544440 0.500926 0.444451 0.508332 0.551846 0.623135 0.451857 0.626838 0.540736 0.815706 0.466670 0.819409 0.533330 0.982354 0.477780 1.000000 0.004206 0.006439 0.014308 0.018066 0.557998 0.562501 0.004716 0.042781
0.487043 0.301013 0.501851 0.282503 0.468532 0.286205 0.524064 0.275099 0.450022 0.278801 0.575893 0.371353 0.416703 0.378757 0.616615 0.489819 0.383385 0.504628 0.542574 0.504628 0.442618 0.508330 0.553680 0.623094 0.453724 0.626796 0.546276 0.815602 0.468532 0.823006 0.538872 0.978494 0.479639 1.000000 0.002223 0.005635 0.015777 0.023183 0.542558 0.562501 0.009429 0.036215
0.487050 0.301122 0.501850 0.282622 0.472250 0.286322 0.524050 0.275222 0.450049 0.278922 0.575851 0.371423 0.413049 0.378823 0.616552 0.493525 0.383448 0.508325 0.542551 0.504625 0.450049 0.508325 0.557351 0.623027 0.453749 0.626727 0.553651 0.815429 0.472250 0.826530 0.542551 0.974532 0.483350 1.000000 0.016051 0.011046 0.017242 0.022408 0.555023 0.571528 0.014138 0.035510
0.486231 0.301733 0.500918 0.283375 0.471545 0.283375 0.526619 0.276032 0.449515 0.279703 0.574350 0.371494 0.412799 0.378837 0.614738 0.488985 0.383426 0.507343 0.544977 0.500000 0.453187 0.503672 0.555992 0.624835 0.456859 0.624835 0.559664 0.815758 0.475217 0.823102 0.544977 0.958951 0.486231 1.000000 0.038654 0.010687 0.029146 0.027023 0.555543 0.588265 0.016369 0.023269
0.487979 0.301193 0.502774 0.282699 0.473184 0.282699 0.524966 0.275302 0.447293 0.279001 0.573050 0.371469 0.414004 0.378866 0.613736 0.493527 0.380716 0.508322 0.543460 0.500925 0.450992 0.504623 0.558255 0.622983 0.454691 0.626682 0.561954 0.819016 0.473184 0.822715 0.547159 0.952170 0.487979 1.000000 0.041229 0.005027 0.024708 0.021857 0.569033 0.596853 0.016490 0.023935
0.488908 0.301275 0.503697 0.282788 0.474119 0.282788 0.525881 0.275394 0.448239 0.279091 0.573944 0.371522 0.411267 0.378916 0.610917 0.489833 0.381689 0.508319 0.548064 0.497227 0.451936 0.508319 0.559155 0.622932 0.455633 0.626630 0.562853 0.815188 0.474119 0.822582 0.544367 0.951985 0.488908 1.000000 0.048876 0.004529 0.024823 0.026472 0.559134 0.571528 0.018841 0.023820
0.493436 0.296518 0.508439 0.281515 0.474682 0.281515 0.527193 0.274013 0.448426 0.274013 0.572203 0.371534 0.410918 0.379036 0.613462 0.491561 0.377161 0.506564 0.549698 0.499062 0.448426 0.506564 0.560951 0.622839 0.455928 0.626590 0.564702 0.817882 0.474682 0.829134 0.545948 0.964164 0.489685 1.000000 0.046708 0.003462 0.020364 0.027860 0.568114 0.582369 0.021507 0.023269
0.494419 0.300927 0.509302 0.286043 0.479535 0.286043 0.527907 0.278601 0.449767 0.278601 0.572559 0.371626 0.408836 0.379068 0.609769 0.494419 0.375347 0.509302 0.550233 0.501860 0.449767 0.509302 0.561396 0.620932 0.457209 0.628374 0.565117 0.814424 0.475814 0.829308 0.546512 0.974427 0.490698 1.000000 0.042968 0.003462 0.020364 0.031614 0.554074 0.580115 0.023711 0.023269
0.500000 0.300376 0.514995 0.285380 0.485005 0.285380 0.533739 0.277883 0.455014 0.277883 0.571228 0.371603 0.410028 0.379101 0.612464 0.495314 0.372540 0.510309 0.556232 0.502812 0.455014 0.510309 0.559981 0.622774 0.458763 0.626523 0.563730 0.813963 0.473758 0.828959 0.552483 0.990158 0.492502 1.000000 0.026531 0.008190 0.020484 0.038369 0.560224 0.588586 0.023888 0.017295
0.500938 0.302144 0.515941 0.283390 0.485934 0.283390 0.534695 0.275888 0.455928 0.275888 0.572203 0.373410 0.410918 0.377161 0.609712 0.493436 0.373410 0.508439 0.557200 0.500938 0.455928 0.508439 0.560951 0.620964 0.455928 0.628466 0.560951 0.816007 0.474682 0.827259 0.553449 1.000000 0.493436 1.000000 0.012237 0.001784 0.014458 0.026472 0.551244 0.588586 0.021507 0.029940
0.504654 0.302683 0.519545 0.284069 0.489762 0.284069 0.538160 0.280346 0.459978 0.276623 0.571667 0.373420 0.411580 0.377142 0.608896 0.492554 0.370627 0.507446 0.556775 0.500000 0.456255 0.507446 0.560498 0.622858 0.456255 0.626580 0.556775 0.820174 0.474870 0.827620 0.553052 1.000000 0.493485 1.000000 0.000001 0.002338 0.008238 0.027023 0.551244 0.596929 0.021347 0.035394
0.508315 0.301367 0.523097 0.286585 0.493533 0.286585 0.537879 0.279194 0.460273 0.275498 0.571138 0.371581 0.412232 0.378972 0.608093 0.493533 0.371581 0.508315 0.560052 0.500924 0.460273 0.508315 0.560052 0.622875 0.456578 0.626571 0.552661 0.818737 0.475055 0.822432 0.552661 1.000000 0.493533 1.000000 0.012006 0.002426 0.002031 0.026472 0.545068 0.596929 0.021189 0.041947
0.510247 0.302508 0.525152 0.283877 0.495342 0.283877 0.540057 0.276424 0.461806 0.276424 0.573594 0.373307 0.413364 0.377033 0.607130 0.492547 0.368649 0.507453 0.558689 0.503726 0.461806 0.511179 0.558689 0.622967 0.454353 0.626693 0.547510 0.820459 0.469258 0.824185 0.551236 1.000000 0.491616 1.000000 0.024004 0.015606 0.000979 0.027820 0.515078 0.592411 0.016613 0.041976
0.514910 0.302437 0.529821 0.283799 0.500000 0.283799 0.544731 0.276343 0.466452 0.272616 0.574552 0.373261 0.414265 0.376989 0.611828 0.492545 0.373261 0.507455 0.559642 0.503728 0.462724 0.511183 0.555914 0.623011 0.455269 0.626739 0.548459 0.820574 0.470179 0.824302 0.544731 1.000000 0.492545 0.995772 0.005885 0.017307 0.011705 0.027820 0.529218 0.583674 0.014243 0.035984
0.515847 0.298648 0.530762 0.283733 0.497203 0.280004 0.545677 0.276275 0.467373 0.272546 0.575507 0.373223 0.415171 0.376951 0.612795 0.492543 0.374155 0.503729 0.556863 0.500000 0.463645 0.511186 0.556863 0.623049 0.452458 0.626777 0.541948 0.820672 0.467373 0.820672 0.538220 1.000000 0.486017 0.988466 0.017857 0.010786 0.000288 0.022723 0.554219 0.573135 0.011871 0.048415
0.516659 0.297311 0.531468 0.282503 0.501851 0.282503 0.546276 0.278801 0.468532 0.271397 0.575893 0.375055 0.416703 0.375055 0.612913 0.493521 0.372278 0.500926 0.557382 0.500926 0.461128 0.508330 0.553680 0.623094 0.453724 0.626796 0.538872 0.819304 0.464830 0.819304 0.535170 1.000000 0.483341 0.982196 0.017857 0.017674 0.004451 0.028134 0.554219 0.581536 0.009429 0.042322
0.518380 0.297816 0.533085 0.283112 0.503676 0.279436 0.551465 0.279436 0.474267 0.272083 0.577198 0.375014 0.419126 0.375014 0.613958 0.496324 0.375014 0.496324 0.558817 0.503676 0.459563 0.503676 0.551465 0.624986 0.452211 0.624986 0.536761 0.816142 0.463239 0.816142 0.529409 1.000000 0.481620 0.970537 0.012201 0.019373 0.008214 0.023542 0.551465 0.583408 0.004681 0.042781
0.520073 0.300182 0.534672 0.285584 0.509124 0.281934 0.552920 0.281934 0.476277 0.274635 0.578467 0.376825 0.421533 0.373175 0.614964 0.497263 0.377737 0.493613 0.560219 0.508212 0.461679 0.504562 0.549270 0.625000 0.450730 0.625000 0.538321 0.818431 0.461679 0.814781 0.531022 1.000000 0.479927 0.968066 0.005762 0.019373 0.019279 0.018398 0.530825 0.569732 0.000005 0.036342
0.519301 0.301476 0.534006 0.283094 0.504595 0.279418 0.552388 0.279418 0.475185 0.272065 0.581799 0.378680 0.420039 0.371327 0.611210 0.500000 0.375922 0.492647 0.556065 0.503676 0.453126 0.507353 0.548712 0.624997 0.449450 0.624997 0.534006 0.823521 0.456803 0.816168 0.530330 1.000000 0.475185 0.970576 0.017415 0.025480 0.018968 0.024505 0.554516 0.551104 0.002341 0.035772
0.519156 0.303879 0.533751 0.289284 0.504561 0.285635 0.555644 0.281987 0.475371 0.274689 0.581185 0.380503 0.424288 0.369557 0.610375 0.504561 0.376854 0.493615 0.551995 0.504561 0.453478 0.504561 0.548346 0.624970 0.446181 0.624970 0.533751 0.822003 0.449830 0.818354 0.522805 1.000000 0.471722 0.957007 0.005192 0.043843 0.018968 0.021212 0.573558 0.571080 0.006969 0.029541
0.518240 0.303916 0.536481 0.285675 0.507296 0.285675 0.554721 0.282027 0.478112 0.271083 0.583906 0.380525 0.423390 0.369581 0.613091 0.504560 0.379613 0.493616 0.547425 0.500912 0.456223 0.500912 0.547425 0.624947 0.445279 0.624947 0.532833 0.821943 0.445279 0.818295 0.521888 1.000000 0.470815 0.945978 0.005192 0.062833 0.023625 0.027217 0.591224 0.577776 0.009291 0.023535
0.519909 0.304532 0.534388 0.286434 0.505430 0.286434 0.556106 0.282814 0.480091 0.271955 0.585065 0.380548 0.425795 0.369688 0.614023 0.503620 0.378738 0.489141 0.548867 0.500000 0.451133 0.500000 0.545247 0.626692 0.443894 0.623072 0.530768 0.818540 0.440274 0.811300 0.519909 1.000000 0.469232 0.934372 0.005275 0.079679 0.027071 0.028818 0.591224 0.572059 0.013831 0.017857
0.520054 0.305843 0.534638 0.287612 0.505469 0.287612 0.556515 0.283966 0.479946 0.273028 0.585684 0.378766 0.425254 0.371474 0.618500 0.502735 0.381500 0.491796 0.549223 0.502735 0.450777 0.499088 0.545577 0.626703 0.443485 0.623057 0.530992 0.823595 0.439839 0.816303 0.520054 1.000000 0.469008 0.943918 0.004461 0.077533 0.027513 0.029031 0.582369 0.577634 0.013931 0.017530
0.514365 0.303383 0.532321 0.289018 0.503591 0.285427 0.553868 0.281836 0.478453 0.274653 0.586188 0.378798 0.428176 0.371615 0.614918 0.500898 0.385082 0.490124 0.543094 0.500898 0.449723 0.497307 0.543094 0.626589 0.442541 0.622998 0.532321 0.816922 0.442541 0.806148 0.517956 0.992889 0.464088 0.942613 0.007929 0.049848 0.036812 0.018169 0.573558 0.575794 0.018300 0.017998
0.514574 0.305987 0.532791 0.287770 0.500000 0.287770 0.554651 0.280483 0.478139 0.276840 0.587442 0.378856 0.427131 0.371569 0.616590 0.502733 0.383410 0.491802 0.540078 0.506376 0.448992 0.499089 0.543721 0.626609 0.441705 0.622966 0.532791 0.819711 0.448992 0.808781 0.518217 1.000000 0.463566 0.969091 0.007412 0.016381 0.037602 0.005956 0.558412 0.575794 0.018567 0.030475
0.512761 0.305843 0.527346 0.287612 0.498177 0.287612 0.549223 0.280320 0.472654 0.276674 0.585684 0.378766 0.425254 0.371474 0.614853 0.502735 0.381500 0.491796 0.538284 0.506381 0.443485 0.502735 0.545577 0.626703 0.443485 0.623057 0.530992 0.816303 0.447131 0.805364 0.516408 0.998610 0.461716 0.984025 0.000972 0.019562 0.026612 0.016660 0.558412 0.555417 0.013931 0.030803
0.509250 0.304822 0.524050 0.290022 0.494450 0.286322 0.546251 0.278922 0.468550 0.275222 0.586951 0.378823 0.424149 0.371423 0.620252 0.500925 0.383448 0.493525 0.538851 0.508325 0.442649 0.512025 0.546251 0.626727 0.442649 0.623027 0.531450 0.822829 0.450049 0.815429 0.520350 1.000000 0.461149 1.000000 0.005275 0.006108 0.027820 0.011127 0.555893 0.506005 0.014138 0.036215
0.506429 0.307116 0.524799 0.288746 0.491734 0.288746 0.546843 0.277724 0.469690 0.274050 0.583583 0.376921 0.425602 0.373247 0.620323 0.498163 0.385188 0.490815 0.539495 0.509185 0.447646 0.509185 0.546843 0.626753 0.443972 0.623079 0.528473 0.817800 0.454994 0.817800 0.517451 1.000000 0.462342 1.000000 0.011810 0.005762 0.015964 0.005365 0.550518 0.514338 0.011697 0.048511
0.505512 0.307069 0.520212 0.292369 0.490813 0.288694 0.542261 0.281345 0.465089 0.277670 0.582685 0.376891 0.424665 0.373217 0.619434 0.498163 0.384241 0.494488 0.534911 0.509187 0.446714 0.509187 0.545936 0.626783 0.446714 0.623109 0.531236 0.817877 0.461414 0.817877 0.516537 1.000000 0.465089 1.000000 0.000472 0.017973 0.022040 0.004035 0.552372 0.528858 0.009359 0.048415
0.503676 0.307006 0.518380 0.288626 0.488972 0.288626 0.540437 0.277598 0.463239 0.277598 0.580874 0.376852 0.422802 0.373176 0.621310 0.498162 0.386042 0.494486 0.536761 0.505514 0.448535 0.512866 0.547789 0.626824 0.448535 0.623148 0.533085 0.817980 0.463239 0.814304 0.518380 0.994432 0.466915 1.000000 0.002024 0.018432 0.017448 0.008214 0.574807 0.502605 0.004681 0.048874
0.500000 0.305168 0.514704 0.290464 0.485296 0.290464 0.536761 0.279436 0.459563 0.279436 0.580874 0.375014 0.422802 0.375014 0.617634 0.496324 0.382366 0.500000 0.540437 0.507352 0.448535 0.511028 0.547789 0.624986 0.448535 0.624986 0.533085 0.816142 0.463239 0.816142 0.518380 0.992594 0.470591 1.000000 0.002024 0.011960 0.017448 0.008214 0.548491 0.547031 0.004681 0.048874
0.498148 0.304630 0.512963 0.286111 0.483333 0.286111 0.535185 0.275000 0.457407 0.275000 0.579630 0.375000 0.420370 0.375000 0.620370 0.493519 0.383333 0.500926 0.538889 0.504630 0.450000 0.512037 0.550000 0.626852 0.450000 0.623148 0.535185 0.815741 0.464815 0.819444 0.524074 0.993519 0.472222 1.000000 0.005046 0.011742 0.012363 0.013850 0.562251 0.538485 0.000005 0.048893
0.496297 0.302799 0.511110 0.284283 0.481484 0.284283 0.533330 0.276876 0.455560 0.276876 0.577769 0.373162 0.418527 0.376865 0.622209 0.491668 0.381494 0.502777 0.540736 0.506481 0.444451 0.510184 0.551846 0.624986 0.451857 0.624986 0.537033 0.813854 0.470374 0.817558 0.522220 0.984206 0.477780 1.000000 0.002696 0.018276 0.007738 0.011991 0.556951 0.553776 0.004716 0.055427
