0.586113 0.288632 0.586113 0.271552 0.577573 0.271552 0.543412 0.274399 0.526332 0.274399 0.512098 0.374033 0.509252 0.376880 0.523485 0.522062 0.532025 0.516369 0.608886 0.524909 0.614580 0.573303 0.503558 0.624543 0.475091 0.624543 0.549106 0.823813 0.455164 0.832353 0.574726 1.000000 0.372610 1.000000 0.031393 0.099596 0.082375 0.013200 0.464956 0.256306 0.027217 0.101958
0.585410 0.289974 0.585410 0.273172 0.574209 0.273172 0.540605 0.275973 0.526603 0.273172 0.507001 0.373985 0.512602 0.376785 0.518202 0.516802 0.532204 0.514002 0.599412 0.542005 0.610613 0.567208 0.501400 0.626015 0.478997 0.623215 0.543405 0.824839 0.462195 0.827640 0.563008 1.000000 0.372585 1.000000 0.034548 0.119515 0.073346 0.017036 0.379300 0.265057 0.024984 0.092378
0.585441 0.285685 0.585441 0.268596 0.576897 0.268596 0.539873 0.274293 0.525632 0.271444 0.508544 0.373974 0.511392 0.376822 0.522784 0.519224 0.534177 0.516376 0.602530 0.547705 0.613922 0.570489 0.500000 0.624602 0.480064 0.624602 0.539873 0.829661 0.474368 0.832509 0.556961 1.000000 0.371838 1.000000 0.033914 0.154380 0.071978 0.031315 0.359705 0.258709 0.025411 0.069849
0.586003 0.283560 0.586003 0.269226 0.574536 0.266360 0.537268 0.272093 0.525801 0.272093 0.502867 0.372429 0.514334 0.378163 0.522934 0.518634 0.534401 0.518634 0.603203 0.544435 0.614670 0.570235 0.494266 0.624704 0.488533 0.624704 0.531534 0.836844 0.491400 0.833977 0.540135 1.000000 0.376730 1.000000 0.041524 0.189107 0.066202 0.037551 0.357588 0.272970 0.021918 0.050994
0.586998 0.279606 0.586998 0.262206 0.575398 0.262206 0.534799 0.268006 0.526099 0.268006 0.502900 0.372403 0.514500 0.378203 0.526099 0.517400 0.534799 0.517400 0.604397 0.511600 0.615997 0.572498 0.488400 0.624697 0.494200 0.624697 0.528999 0.839292 0.505800 0.833492 0.531899 1.000000 0.378203 0.995888 0.054905 0.229650 0.077791 0.043820 0.473034 0.264129 0.022172 0.041852
0.587317 0.278405 0.587317 0.260794 0.575577 0.260794 0.537422 0.266664 0.528617 0.266664 0.502201 0.372326 0.513941 0.378196 0.528617 0.519078 0.534487 0.519078 0.607863 0.516143 0.613733 0.574843 0.487526 0.624739 0.496331 0.624739 0.528617 0.838997 0.522747 0.836062 0.519812 1.000000 0.381865 1.000000 0.073755 0.265146 0.078799 0.062281 0.455095 0.258715 0.020568 0.020730
0.586615 0.279792 0.586615 0.262176 0.577807 0.262176 0.536701 0.265112 0.527893 0.268048 0.498532 0.370812 0.516149 0.379620 0.522021 0.520553 0.533765 0.523489 0.604232 0.514681 0.615976 0.576339 0.486788 0.623316 0.498532 0.626252 0.530829 0.840588 0.527893 0.840588 0.507340 1.000000 0.384024 1.000000 0.099881 0.266624 0.078454 0.066032 0.473171 0.279354 0.018703 0.020325
0.586306 0.280971 0.586306 0.263564 0.577603 0.263564 0.539889 0.266465 0.528285 0.269367 0.499275 0.370903 0.516681 0.379606 0.528285 0.515956 0.534087 0.521758 0.609515 0.510154 0.612416 0.576878 0.481868 0.623295 0.502176 0.626196 0.519582 0.837972 0.548593 0.829269 0.496374 1.000000 0.400639 0.988827 0.092096 0.309522 0.077272 0.090230 0.459865 0.266026 0.020329 0.016173
0.589207 0.280971 0.589207 0.263564 0.577603 0.260663 0.539889 0.269367 0.528285 0.269367 0.499275 0.370903 0.516681 0.379606 0.525384 0.515956 0.534087 0.521758 0.609515 0.513055 0.615317 0.573977 0.481868 0.623295 0.502176 0.626196 0.507978 0.835071 0.565999 0.823467 0.490572 1.000000 0.426748 0.985926 0.067060 0.325162 0.060964 0.118302 0.454283 0.279354 0.020329 0.060553
0.590585 0.281147 0.590585 0.266654 0.578990 0.263755 0.541307 0.269553 0.529712 0.269553 0.500725 0.371007 0.518117 0.379704 0.532610 0.513044 0.532610 0.521740 0.610876 0.501449 0.613774 0.573917 0.477535 0.623195 0.503623 0.626094 0.512320 0.823206 0.578990 0.811611 0.457244 1.000000 0.465940 0.997129 0.145332 0.297036 0.083998 0.141533 0.476525 0.285769 0.024013 0.068020
0.589549 0.283649 0.589549 0.269321 0.580953 0.266456 0.540834 0.272187 0.532238 0.272187 0.497851 0.372482 0.520775 0.378213 0.529372 0.512895 0.532238 0.518626 0.603877 0.507164 0.615339 0.573072 0.474926 0.624653 0.506448 0.624653 0.506448 0.828109 0.589549 0.805184 0.469195 1.000000 0.494985 1.000000 0.109930 0.279319 0.077785 0.155805 0.454145 0.289452 0.023738 0.088393
0.590136 0.282953 0.590136 0.268531 0.581483 0.265647 0.543986 0.271415 0.532449 0.271415 0.494952 0.372368 0.520912 0.378136 0.538218 0.513701 0.532449 0.519469 0.618979 0.502163 0.616095 0.571388 0.474762 0.623306 0.509374 0.626190 0.500721 0.830979 0.593020 0.807904 0.468993 1.000000 0.532449 1.000000 0.090632 0.226480 0.065139 0.152114 0.450609 0.297254 0.020212 0.097736
0.591961 0.283998 0.591961 0.269740 0.580555 0.266889 0.546337 0.272592 0.532080 0.272592 0.495010 0.372395 0.520674 0.378098 0.532080 0.512119 0.532080 0.517822 0.614774 0.503564 0.617625 0.572001 0.475049 0.623328 0.509267 0.626180 0.495010 0.825786 0.594813 0.805825 0.457940 1.000000 0.572001 1.000000 0.090558 0.175288 0.056549 0.156088 0.450264 0.294365 0.019982 0.110181
0.591280 0.283924 0.591280 0.269661 0.579870 0.266809 0.545640 0.275366 0.531377 0.272514 0.494295 0.372351 0.519967 0.378056 0.525672 0.514976 0.531377 0.520681 0.605542 0.517828 0.619805 0.572025 0.474328 0.623370 0.511410 0.626223 0.488590 0.825897 0.594132 0.808782 0.445803 1.000000 0.599837 1.000000 0.090517 0.126824 0.047646 0.146397 0.419707 0.307137 0.018169 0.113046
0.591441 0.287347 0.591441 0.270334 0.580099 0.267499 0.543239 0.276005 0.531898 0.273170 0.495038 0.372408 0.520557 0.378079 0.526227 0.514177 0.529063 0.519848 0.608453 0.511342 0.619795 0.573720 0.472355 0.621921 0.512050 0.627592 0.480861 0.823233 0.591441 0.811891 0.435495 1.000000 0.625465 1.000000 0.087000 0.076176 0.042300 0.140319 0.442042 0.310370 0.019869 0.116030
0.592859 0.285929 0.592859 0.271752 0.581517 0.268917 0.544657 0.274588 0.530480 0.271752 0.493620 0.370990 0.521974 0.379496 0.521974 0.512759 0.530480 0.518430 0.601365 0.518430 0.618377 0.572302 0.470937 0.623339 0.513468 0.626174 0.470937 0.824651 0.590023 0.813309 0.425571 1.000000 0.641060 1.000000 0.074617 0.043490 0.028535 0.134578 0.414469 0.305512 0.019869 0.123606
0.593387 0.283998 0.593387 0.269740 0.581981 0.266889 0.544911 0.272592 0.530654 0.269740 0.493584 0.372395 0.522099 0.378098 0.530654 0.512119 0.533505 0.520674 0.613348 0.503564 0.621902 0.574852 0.470772 0.623328 0.513545 0.626180 0.465069 0.825786 0.587684 0.814380 0.413742 1.000000 0.641863 1.000000 0.074579 0.033921 0.019893 0.130424 0.450264 0.299566 0.019982 0.128416
0.591280 0.285350 0.591280 0.268235 0.579870 0.268235 0.542787 0.273940 0.528525 0.271088 0.494295 0.370925 0.519967 0.379482 0.531377 0.510697 0.534230 0.519254 0.616952 0.502139 0.619805 0.573452 0.471475 0.621944 0.514262 0.627649 0.460065 0.830176 0.585575 0.818766 0.405868 1.000000 0.634067 1.000000 0.073098 0.037844 0.011433 0.120995 0.449178 0.287923 0.018169 0.131103
0.591280 0.285350 0.591280 0.271088 0.579870 0.268235 0.542787 0.273940 0.531377 0.271088 0.491443 0.370925 0.522820 0.379482 0.534230 0.513549 0.537082 0.519254 0.619805 0.507844 0.625510 0.573452 0.468623 0.621944 0.517115 0.627649 0.460065 0.824471 0.585575 0.821618 0.405868 1.000000 0.622657 1.000000 0.075781 0.051140 0.015416 0.115316 0.428416 0.292608 0.018169 0.121442
0.586613 0.282747 0.586613 0.265424 0.575064 0.265424 0.537532 0.271198 0.525984 0.268311 0.491339 0.372246 0.520210 0.378021 0.534645 0.516601 0.537532 0.519488 0.621258 0.510827 0.624145 0.571455 0.471129 0.623423 0.517323 0.626310 0.462468 0.825519 0.580838 0.822632 0.398952 1.000000 0.609709 1.000000 0.091758 0.056265 0.011923 0.103301 0.428416 0.289195 0.014709 0.113233
0.580702 0.282175 0.580702 0.265035 0.572132 0.265035 0.529281 0.270748 0.523568 0.270748 0.486431 0.370733 0.517855 0.379303 0.532138 0.510713 0.537852 0.519283 0.614983 0.510713 0.623553 0.570704 0.475004 0.622125 0.520711 0.627838 0.469290 0.822096 0.577846 0.822096 0.397872 1.000000 0.592129 1.000000 0.109446 0.069578 0.005366 0.087394 0.399536 0.282812 0.005456 0.100145
0.579284 0.282146 0.579284 0.267861 0.567856 0.265004 0.530714 0.270718 0.519285 0.270718 0.487857 0.370716 0.513571 0.379288 0.527857 0.513571 0.539285 0.519285 0.607855 0.519285 0.622141 0.567856 0.482143 0.622141 0.516428 0.627855 0.485000 0.824995 0.567856 0.824995 0.396430 1.000000 0.573570 1.000000 0.152067 0.072741 0.011716 0.077569 0.390401 0.273406 0.001818 0.076744
0.580201 0.282518 0.577311 0.265177 0.568640 0.265177 0.528179 0.270958 0.522398 0.268067 0.484827 0.372112 0.513728 0.377892 0.522398 0.516618 0.542629 0.519508 0.606212 0.533959 0.626443 0.571531 0.484827 0.623553 0.516618 0.626443 0.502168 0.828752 0.562860 0.831642 0.392343 0.999269 0.565750 1.000000 0.208971 0.066420 0.026835 0.066852 0.354091 0.259100 0.001838 0.043718
0.577300 0.282547 0.577300 0.268098 0.565742 0.265209 0.525285 0.270988 0.519506 0.270988 0.484829 0.372129 0.510837 0.377909 0.522395 0.519506 0.539734 0.522395 0.609088 0.536844 0.623536 0.571521 0.490608 0.623536 0.513726 0.626426 0.525285 0.822928 0.548403 0.834487 0.398137 0.967415 0.545513 1.000000 0.284520 0.056756 0.047494 0.048867 0.357721 0.268394 0.005520 0.002239
0.579203 0.282010 0.579203 0.264571 0.570483 0.264571 0.526885 0.270384 0.521072 0.267477 0.480381 0.372112 0.515259 0.377926 0.515259 0.517439 0.544325 0.520346 0.608268 0.540691 0.628614 0.572663 0.489100 0.622074 0.515259 0.627888 0.538512 0.819719 0.541418 0.834252 0.407718 0.965046 0.523979 1.000000 0.311241 0.065546 0.066880 0.040135 0.347045 0.259100 0.005551 0.037844
0.578756 0.282518 0.578756 0.268067 0.570086 0.265177 0.526734 0.273848 0.523844 0.270958 0.483382 0.372112 0.515173 0.377892 0.518063 0.519508 0.544074 0.522398 0.607657 0.545519 0.627888 0.574421 0.489162 0.623553 0.512283 0.626443 0.555635 0.820081 0.535404 0.834532 0.419799 0.961698 0.515173 1.000000 0.347188 0.064459 0.096502 0.038924 0.336502 0.260348 0.001838 0.068595
0.578029 0.281084 0.578029 0.266634 0.569360 0.263744 0.526010 0.269524 0.520230 0.269524 0.485550 0.373563 0.511560 0.376453 0.517340 0.515172 0.540460 0.518062 0.601149 0.532512 0.624269 0.570082 0.494220 0.624992 0.508670 0.624992 0.566470 0.815730 0.526010 0.838850 0.430640 0.983349 0.502890 1.000000 0.332030 0.060031 0.104284 0.029454 0.364767 0.259100 0.003681 0.089503
0.578035 0.282514 0.575145 0.268064 0.566474 0.265173 0.528902 0.270954 0.520231 0.270954 0.488439 0.372110 0.511561 0.377890 0.517341 0.516618 0.540462 0.519509 0.595376 0.525289 0.624277 0.571532 0.500000 0.623555 0.500000 0.626445 0.575145 0.814306 0.517341 0.840318 0.459538 0.976156 0.500000 1.000000 0.316884 0.051856 0.104828 0.040547 0.401944 0.259100 0.000005 0.093700
0.579995 0.283586 0.577138 0.269301 0.568567 0.266444 0.531427 0.272158 0.519999 0.272158 0.488572 0.372151 0.514285 0.377865 0.511428 0.517856 0.539997 0.517856 0.599993 0.523570 0.622849 0.572138 0.500000 0.623563 0.497143 0.626420 0.582852 0.812122 0.514285 0.834978 0.497143 1.000000 0.480001 1.000000 0.267580 0.077965 0.117321 0.048021 0.429965 0.257559 0.003638 0.105676
0.574859 0.284605 0.574859 0.270480 0.563559 0.267655 0.529661 0.273305 0.518362 0.273305 0.490113 0.372175 0.509887 0.377825 0.509887 0.513418 0.535311 0.516243 0.591808 0.536017 0.614407 0.569915 0.507062 0.623588 0.492938 0.626412 0.586158 0.804379 0.501412 0.832627 0.526836 0.990819 0.467514 1.000000 0.229331 0.064935 0.109848 0.034743 0.370046 0.252403 0.000005 0.118200
0.574999 0.283575 0.574999 0.269289 0.566427 0.269289 0.532142 0.275004 0.517857 0.272147 0.489286 0.372145 0.509286 0.377859 0.503571 0.515000 0.534999 0.517857 0.594998 0.537857 0.617855 0.572142 0.509286 0.623569 0.492143 0.626427 0.592141 0.806424 0.495000 0.834995 0.546428 1.000000 0.455001 1.000000 0.207954 0.063878 0.110158 0.026278 0.390295 0.257559 0.001818 0.131065
0.577138 0.286443 0.577138 0.269301 0.565710 0.269301 0.534283 0.272158 0.517142 0.272158 0.488572 0.372151 0.508571 0.377865 0.511428 0.512142 0.534283 0.517856 0.594280 0.523570 0.617135 0.572138 0.511428 0.623563 0.491429 0.626420 0.599993 0.806409 0.488572 0.837835 0.574281 1.000000 0.445718 1.000000 0.184866 0.060207 0.114722 0.017616 0.404856 0.257559 0.003638 0.147881
0.581177 0.283050 0.578303 0.268682 0.569683 0.265808 0.535201 0.271555 0.517959 0.271555 0.489224 0.372129 0.509339 0.377876 0.515086 0.512931 0.535201 0.512931 0.598418 0.524425 0.621406 0.570401 0.512212 0.622124 0.489224 0.627871 0.604165 0.806029 0.486351 0.840512 0.604165 1.000000 0.434628 1.000000 0.147584 0.072651 0.118396 0.021255 0.398550 0.252609 0.001828 0.151885
0.576705 0.285511 0.576705 0.271307 0.568182 0.268466 0.534091 0.274148 0.517045 0.274148 0.494318 0.373580 0.505682 0.376420 0.511364 0.512784 0.531250 0.512784 0.588068 0.524148 0.616477 0.566761 0.514205 0.623580 0.485795 0.626420 0.596591 0.808239 0.480114 0.833807 0.622159 1.000000 0.423295 1.000000 0.092877 0.076401 0.108312 0.016548 0.414400 0.261294 0.000005 0.142298
0.580713 0.286432 0.580713 0.272147 0.572142 0.269289 0.537857 0.275004 0.520714 0.275004 0.492143 0.372145 0.509286 0.377859 0.503571 0.517857 0.534999 0.515000 0.594998 0.546428 0.623569 0.572142 0.512143 0.623569 0.486429 0.626427 0.592141 0.812138 0.475000 0.837852 0.637855 1.000000 0.415001 1.000000 0.058111 0.074349 0.102448 0.011999 0.378674 0.258621 0.001818 0.144904
0.578566 0.283586 0.578566 0.269301 0.567138 0.266444 0.535712 0.275015 0.515713 0.272158 0.495715 0.375008 0.507142 0.375008 0.507142 0.514999 0.532855 0.514999 0.592851 0.546426 0.621421 0.569281 0.512856 0.623563 0.484287 0.626420 0.584280 0.817836 0.467145 0.834978 0.644276 1.000000 0.401435 1.000000 0.019370 0.073615 0.090226 0.002754 0.362205 0.267156 0.003638 0.138247
0.577846 0.283603 0.577846 0.266463 0.566419 0.266463 0.537852 0.272176 0.514998 0.272176 0.495001 0.372162 0.509284 0.377875 0.514998 0.512141 0.532138 0.514998 0.600699 0.546422 0.620697 0.569276 0.512141 0.623553 0.483574 0.626410 0.580702 0.817810 0.463577 0.834951 0.637837 1.000000 0.395015 1.000000 0.019414 0.076120 0.086331 0.002383 0.333714 0.272408 0.005456 0.138430
0.577856 0.283575 0.574999 0.269289 0.566427 0.266432 0.534999 0.275004 0.515000 0.272147 0.495000 0.372145 0.506428 0.377859 0.512143 0.515000 0.532142 0.515000 0.597856 0.543571 0.617855 0.569285 0.512143 0.623569 0.486429 0.626427 0.574999 0.820709 0.460715 0.832137 0.623569 1.000000 0.389288 1.000000 0.022411 0.075673 0.076577 0.014027 0.359568 0.261294 0.001818 0.137830
0.579474 0.282529 0.576584 0.268079 0.565025 0.265189 0.536125 0.273859 0.515895 0.268079 0.492775 0.372118 0.510115 0.377898 0.507225 0.513727 0.533235 0.516617 0.593924 0.542627 0.619934 0.574417 0.510115 0.623547 0.486995 0.626437 0.570805 0.820065 0.460985 0.834515 0.614154 1.000000 0.382956 1.000000 0.030836 0.085735 0.073426 0.010058 0.365215 0.260265 0.003681 0.134927
0.572443 0.284091 0.569602 0.267045 0.558239 0.267045 0.532670 0.272727 0.509943 0.272727 0.495739 0.372159 0.504261 0.377841 0.509943 0.514205 0.529830 0.514205 0.592330 0.534091 0.612216 0.571023 0.512784 0.625000 0.487216 0.625000 0.563920 0.823864 0.458807 0.829545 0.595170 1.000000 0.373580 1.000000 0.031189 0.097534 0.058689 0.022011 0.392883 0.248823 0.000005 0.124044
0.571839 0.280172 0.571839 0.265805 0.560345 0.262931 0.531609 0.268678 0.511494 0.268678 0.494253 0.372126 0.505747 0.377874 0.514368 0.512931 0.534483 0.515805 0.594828 0.527299 0.614943 0.567529 0.511494 0.625000 0.488506 0.625000 0.563218 0.831897 0.471264 0.834770 0.583333 1.000000 0.370690 1.000000 0.047129 0.139707 0.056310 0.003933 0.398585 0.252758 0.000005 0.104083
0.571834 0.280187 0.568961 0.265820 0.560341 0.262947 0.528734 0.271567 0.508620 0.268693 0.491380 0.372135 0.505747 0.377882 0.514367 0.512930 0.534480 0.515804 0.589075 0.527297 0.617808 0.567524 0.508620 0.624992 0.494253 0.624992 0.554594 0.831875 0.488506 0.834748 0.568961 1.000000 0.373572 1.000000 0.047535 0.176028 0.047935 0.006075 0.388010 0.257801 0.003658 0.078323
0.574123 0.279085 0.571216 0.264551 0.562496 0.261644 0.521801 0.270364 0.513081 0.270364 0.486919 0.372102 0.510174 0.377915 0.518894 0.517441 0.539242 0.514534 0.606097 0.534881 0.623538 0.566856 0.501453 0.624992 0.501453 0.624992 0.553775 0.837187 0.513081 0.834280 0.562496 1.000000 0.379369 0.985432 0.063697 0.248202 0.058679 0.028895 0.368237 0.256450 0.003701 0.059286
0.579214 0.279074 0.576307 0.264539 0.564679 0.261632 0.526889 0.270353 0.515261 0.270353 0.486192 0.372095 0.512354 0.377909 0.526889 0.517442 0.541424 0.517442 0.614097 0.520348 0.628632 0.569766 0.492006 0.624998 0.509448 0.624998 0.547238 0.837204 0.529796 0.831390 0.550144 1.000000 0.390263 0.973829 0.076567 0.278000 0.073733 0.035026 0.402492 0.262600 0.001853 0.049768
0.581390 0.279085 0.578483 0.264551 0.569763 0.261644 0.526161 0.270364 0.517441 0.270364 0.482559 0.372102 0.514534 0.377915 0.517441 0.517441 0.540695 0.517441 0.607551 0.517441 0.627898 0.569763 0.491280 0.624992 0.511627 0.624992 0.552322 0.837187 0.546508 0.831373 0.540695 1.000000 0.401169 0.965085 0.107075 0.316550 0.078189 0.057040 0.425024 0.268981 0.003701 0.035866
0.579203 0.279103 0.579203 0.264571 0.570483 0.261664 0.523979 0.270384 0.518166 0.270384 0.480381 0.372112 0.515259 0.377926 0.506540 0.517439 0.538512 0.520346 0.599549 0.526159 0.625708 0.572663 0.489100 0.624981 0.515259 0.624981 0.535605 0.834252 0.564670 0.828438 0.526885 1.000000 0.413531 0.965046 0.083046 0.341898 0.058633 0.075836 0.413557 0.276465 0.005551 0.006231
0.580201 0.279628 0.580201 0.265177 0.568640 0.262287 0.528179 0.270958 0.519508 0.270958 0.487717 0.372112 0.510838 0.377892 0.516618 0.516618 0.536849 0.519508 0.600432 0.528179 0.623553 0.571531 0.487717 0.623553 0.513728 0.626443 0.522398 0.831642 0.577311 0.820081 0.510838 1.000000 0.432805 0.976148 0.071000 0.338752 0.052568 0.097288 0.393538 0.270158 0.001838 0.048420
0.580919 0.279639 0.580919 0.265189 0.569360 0.265189 0.534680 0.270969 0.523120 0.270969 0.488440 0.369228 0.514450 0.380788 0.520230 0.513727 0.537570 0.519507 0.604039 0.525287 0.624269 0.568637 0.482660 0.623547 0.514450 0.626437 0.523120 0.817175 0.592479 0.811395 0.473990 0.999244 0.473990 0.987684 0.149464 0.315444 0.072802 0.127076 0.387440 0.283327 0.003681 0.061507
0.583063 0.282758 0.583063 0.268559 0.571704 0.265720 0.537627 0.271399 0.523428 0.274239 0.492191 0.370791 0.514909 0.379310 0.526268 0.512779 0.534787 0.521298 0.608621 0.521298 0.622820 0.569574 0.480832 0.623530 0.512069 0.626369 0.514909 0.822313 0.600102 0.799595 0.477992 1.000000 0.506389 0.989859 0.116875 0.295342 0.068339 0.153323 0.392212 0.296059 0.009041 0.095622
0.582808 0.280843 0.582808 0.266566 0.571387 0.263710 0.542832 0.269421 0.522844 0.272277 0.494289 0.369362 0.514277 0.380784 0.528555 0.512136 0.528555 0.517847 0.608508 0.514991 0.614219 0.569245 0.480012 0.623499 0.511422 0.626354 0.500000 0.826237 0.599941 0.800538 0.474301 1.000000 0.534266 1.000000 0.073785 0.249383 0.049145 0.153365 0.413660 0.294941 0.010909 0.118383
