0.581949 0.322379 0.592772 0.307690 0.568806 0.305371 0.596638 0.303825 0.524739 0.293774 0.589680 0.387320 0.443563 0.364900 0.626016 0.504059 0.366253 0.476227 0.652302 0.608428 0.370892 0.589873 0.528605 0.627755 0.438152 0.620024 0.513143 0.811754 0.469076 0.797065 0.459799 0.983383 0.469076 0.994207 0.069235 0.055045 0.052496 0.061796 0.017517 0.206195 0.042453 0.081731
0.581321 0.323998 0.592164 0.309283 0.567380 0.306959 0.594487 0.306185 0.524009 0.296891 0.590615 0.389055 0.445011 0.363497 0.626241 0.509875 0.364465 0.478895 0.654123 0.613656 0.372210 0.595068 0.525558 0.627597 0.438816 0.619852 0.506970 0.810376 0.476765 0.797209 0.458952 0.978439 0.479863 0.981537 0.056326 0.061749 0.052491 0.074790 0.007729 0.215159 0.045516 0.099358
0.589823 0.321734 0.596914 0.306763 0.575640 0.305975 0.591398 0.305187 0.529941 0.295732 0.592974 0.389495 0.440118 0.362705 0.626855 0.511622 0.361327 0.484045 0.653644 0.617203 0.371569 0.602232 0.527577 0.627446 0.439330 0.620354 0.489757 0.806303 0.488181 0.798424 0.444058 0.989888 0.502364 0.996979 0.011327 0.062529 0.019044 0.086201 0.007043 0.210839 0.042259 0.151558
0.584127 0.324098 0.592756 0.308410 0.570792 0.307625 0.588834 0.304488 0.526081 0.295859 0.590402 0.386850 0.439013 0.364887 0.625701 0.510001 0.366848 0.487253 0.652370 0.615896 0.373907 0.604914 0.528435 0.626877 0.442150 0.621386 0.481370 0.808074 0.494705 0.808074 0.438228 0.993978 0.518237 1.000000 0.008306 0.051599 0.000481 0.083454 0.010319 0.188685 0.037540 0.168238
0.578901 0.329628 0.589731 0.314157 0.566525 0.311836 0.589731 0.311063 0.525527 0.297139 0.588957 0.386096 0.436570 0.365211 0.622219 0.509089 0.369272 0.488203 0.647746 0.619705 0.381648 0.606555 0.530942 0.627441 0.443532 0.621253 0.476020 0.800714 0.496906 0.807676 0.429608 0.984817 0.520886 1.000000 0.019096 0.052238 0.022612 0.080107 0.011880 0.192534 0.032558 0.186464
0.579700 0.324932 0.589759 0.309456 0.566545 0.307909 0.590532 0.307135 0.526309 0.295528 0.587437 0.386061 0.437324 0.365169 0.619162 0.511413 0.370005 0.493616 0.646245 0.628254 0.389349 0.611231 0.530177 0.627481 0.445062 0.621290 0.471370 0.794617 0.500774 0.799260 0.423396 0.979551 0.512380 1.000000 0.026898 0.079349 0.033565 0.086955 0.006402 0.205549 0.031579 0.204261
0.583517 0.327193 0.594293 0.311798 0.570431 0.309489 0.595063 0.308719 0.529635 0.296403 0.589675 0.385693 0.436496 0.365680 0.616616 0.514240 0.374917 0.499615 0.640478 0.628932 0.397240 0.615076 0.530405 0.627392 0.443424 0.621234 0.480372 0.799814 0.501155 0.801354 0.421102 0.975315 0.505773 1.000000 0.013774 0.091735 0.013351 0.090103 0.000478 0.197965 0.033383 0.188627
0.574655 0.329603 0.587573 0.315926 0.563258 0.311367 0.594412 0.312886 0.528305 0.295410 0.586813 0.385072 0.437122 0.366076 0.608089 0.515767 0.378614 0.497530 0.629365 0.634304 0.400649 0.613788 0.531344 0.627465 0.444721 0.621386 0.486513 0.795393 0.500950 0.798432 0.424205 0.958001 0.497151 1.000000 0.033434 0.103759 0.011433 0.088416 0.005163 0.192922 0.030522 0.180929
0.572906 0.325512 0.585651 0.312768 0.561661 0.308270 0.591648 0.312018 0.526426 0.293276 0.582652 0.384737 0.436465 0.365995 0.598395 0.518180 0.377240 0.495689 0.612639 0.637379 0.401980 0.608891 0.533923 0.626883 0.446960 0.622385 0.501687 0.794061 0.502436 0.799309 0.434965 0.940998 0.487443 1.000000 0.075043 0.120429 0.002577 0.083695 0.000470 0.204841 0.024364 0.157352
0.567863 0.329128 0.581323 0.315668 0.555898 0.311181 0.588801 0.313424 0.520751 0.293234 0.578332 0.384465 0.432511 0.365770 0.593288 0.519817 0.371939 0.498131 0.613478 0.640212 0.399608 0.610300 0.537951 0.626752 0.451206 0.623013 0.515517 0.803232 0.497570 0.811458 0.436998 0.922132 0.482614 1.000000 0.145530 0.100949 0.012321 0.053697 0.017859 0.213591 0.013810 0.117036
0.569428 0.329771 0.582051 0.315663 0.557547 0.311208 0.585021 0.311208 0.518192 0.291902 0.577596 0.384720 0.430572 0.365414 0.587992 0.520606 0.374881 0.497587 0.597645 0.641641 0.397900 0.611939 0.540469 0.626790 0.451363 0.623077 0.532301 0.809456 0.488491 0.813169 0.443195 0.922323 0.481808 1.000000 0.198499 0.072627 0.034219 0.035768 0.001027 0.190164 0.010402 0.075621
0.567783 0.330450 0.579476 0.316565 0.556090 0.312910 0.583131 0.309987 0.518088 0.293909 0.576553 0.383800 0.428928 0.366260 0.586785 0.517540 0.374847 0.497808 0.595555 0.635201 0.398234 0.609623 0.542205 0.626432 0.452314 0.623508 0.540012 0.806213 0.480085 0.812790 0.445737 0.928260 0.473508 0.998418 0.205477 0.057645 0.040883 0.017513 0.000622 0.189785 0.006979 0.050253
0.567883 0.330385 0.579593 0.316479 0.556172 0.312820 0.583252 0.309892 0.518114 0.293791 0.576665 0.383813 0.428824 0.366247 0.586912 0.517016 0.374664 0.497987 0.594962 0.634850 0.398085 0.609966 0.542267 0.626068 0.452244 0.623872 0.540071 0.806844 0.480056 0.813431 0.445657 0.929069 0.473469 0.999331 0.205492 0.057645 0.041032 0.017513 0.002723 0.189785 0.006989 0.050237
0.563756 0.332391 0.576038 0.318665 0.553642 0.313607 0.579650 0.313607 0.517519 0.294101 0.574593 0.382963 0.429380 0.367069 0.586152 0.513727 0.373751 0.498555 0.586875 0.630041 0.404817 0.606923 0.542805 0.625707 0.453221 0.624262 0.549307 0.804875 0.471283 0.810654 0.463336 0.952977 0.467670 0.990545 0.178961 0.037139 0.052994 0.001320 0.026088 0.216266 0.005059 0.019201
0.564833 0.329027 0.575609 0.314660 0.553339 0.311068 0.575609 0.310350 0.513110 0.293827 0.574172 0.382187 0.427624 0.367819 0.585666 0.511494 0.375901 0.498563 0.593568 0.622842 0.409665 0.602727 0.544719 0.624997 0.453485 0.624997 0.554058 0.803153 0.469290 0.810337 0.492996 0.948264 0.457077 0.987056 0.143454 0.049039 0.055094 0.004825 0.005669 0.219686 0.002286 0.010406
0.566548 0.331341 0.576407 0.317256 0.555281 0.314440 0.572886 0.312327 0.514436 0.297538 0.570774 0.382748 0.427818 0.367256 0.587675 0.509507 0.375706 0.494718 0.594717 0.622181 0.413030 0.599646 0.546126 0.624998 0.455282 0.624998 0.555985 0.799643 0.463733 0.810206 0.510211 0.950345 0.451761 0.985556 0.111814 0.036212 0.050225 0.019277 0.022324 0.232319 0.001795 0.003437
0.566917 0.327507 0.577318 0.313638 0.554435 0.310865 0.576625 0.310865 0.512829 0.296996 0.572464 0.383676 0.430309 0.366340 0.591187 0.507108 0.377608 0.489078 0.595348 0.612510 0.419908 0.591707 0.544727 0.625686 0.452499 0.624299 0.558596 0.794885 0.459434 0.803899 0.523230 0.959923 0.449032 0.977259 0.093226 0.031360 0.062357 0.015031 0.035359 0.253540 0.003531 0.013749
0.571307 0.327962 0.579615 0.313424 0.558846 0.311347 0.574769 0.309270 0.516615 0.298885 0.575461 0.384039 0.430769 0.366039 0.591384 0.506577 0.379539 0.489269 0.595538 0.612500 0.421077 0.592423 0.543615 0.625654 0.450154 0.624269 0.558846 0.797345 0.450846 0.804961 0.542231 0.971114 0.441846 0.976652 0.058507 0.017890 0.069878 0.022631 0.028656 0.247267 0.007934 0.026944
0.572102 0.328328 0.580342 0.313221 0.558368 0.312535 0.576222 0.307728 0.513734 0.300174 0.574162 0.382577 0.430645 0.367470 0.590643 0.506867 0.379143 0.491073 0.596823 0.610556 0.421718 0.592016 0.544635 0.625664 0.450559 0.624290 0.556995 0.795275 0.447125 0.802829 0.555622 0.968320 0.434078 0.971753 0.025682 0.018415 0.061632 0.030753 0.023012 0.252713 0.006120 0.029276
0.573217 0.328637 0.582282 0.313296 0.560666 0.311902 0.575309 0.308415 0.514643 0.297258 0.574612 0.383724 0.428177 0.366291 0.593439 0.507147 0.377971 0.492504 0.601109 0.610349 0.421204 0.595705 0.545325 0.625690 0.451886 0.624295 0.555087 0.797227 0.440729 0.803503 0.571823 0.974343 0.424691 0.979224 0.011892 0.009180 0.056436 0.048959 0.024570 0.246788 0.003551 0.037887
0.574716 0.330620 0.583815 0.315222 0.562118 0.313822 0.578216 0.309623 0.517323 0.299824 0.576116 0.384514 0.431933 0.365616 0.595714 0.507699 0.380139 0.493001 0.606212 0.613387 0.424934 0.597988 0.542520 0.625985 0.449431 0.623885 0.553719 0.798865 0.436832 0.804464 0.584515 0.976644 0.417235 0.978043 0.034008 0.013614 0.064595 0.043704 0.018703 0.251293 0.010250 0.042762
0.580281 0.334889 0.589377 0.318798 0.566989 0.317399 0.583080 0.311102 0.518715 0.301308 0.578183 0.384563 0.432661 0.365673 0.597072 0.510494 0.380890 0.494403 0.610365 0.616837 0.428464 0.600046 0.541802 0.626631 0.447354 0.623133 0.552297 0.798738 0.434760 0.799438 0.584479 0.976442 0.410274 0.972944 0.037643 0.021930 0.066868 0.040843 0.007809 0.256401 0.013812 0.042083
0.576904 0.331234 0.587463 0.315044 0.562825 0.313636 0.586759 0.310116 0.517774 0.298853 0.580423 0.384732 0.434711 0.365726 0.598022 0.511439 0.380509 0.493137 0.607877 0.621955 0.425560 0.600837 0.540300 0.627586 0.444566 0.621955 0.547339 0.802864 0.429783 0.798640 0.572680 0.980253 0.395995 0.973214 0.032391 0.034286 0.064896 0.038806 0.015619 0.254140 0.019281 0.039346
0.577709 0.327079 0.588911 0.312377 0.565108 0.309577 0.588911 0.310277 0.519602 0.297675 0.582610 0.387286 0.436992 0.363483 0.600112 0.514702 0.379585 0.488099 0.609213 0.629516 0.420190 0.598012 0.537805 0.628116 0.442593 0.621115 0.547606 0.806637 0.425091 0.797536 0.566508 0.983059 0.385886 0.967657 0.016517 0.040621 0.076009 0.038394 0.018273 0.250055 0.024984 0.048934
0.582822 0.327616 0.593463 0.312009 0.569344 0.309171 0.592045 0.309171 0.524652 0.295693 0.584241 0.388624 0.438105 0.362376 0.599848 0.521282 0.377806 0.491487 0.609780 0.640461 0.416113 0.605701 0.536711 0.628401 0.440942 0.620598 0.548771 0.809298 0.424626 0.802204 0.558703 0.990195 0.375678 0.974588 0.003730 0.059545 0.083479 0.032019 0.010812 0.242088 0.028490 0.049711
0.584719 0.329496 0.596797 0.313867 0.571221 0.310314 0.597507 0.308183 0.527884 0.292554 0.585430 0.390593 0.440501 0.360755 0.598928 0.525576 0.376562 0.489343 0.608163 0.649191 0.412794 0.601592 0.534278 0.628588 0.439791 0.620063 0.546356 0.808328 0.424872 0.802644 0.549197 0.990199 0.366616 0.967465 0.016383 0.082192 0.088744 0.025080 0.007987 0.246264 0.033076 0.047308
0.585886 0.332409 0.597732 0.317775 0.574040 0.313594 0.594945 0.312898 0.528745 0.294780 0.582402 0.391641 0.442336 0.359586 0.594248 0.527525 0.376833 0.482927 0.606094 0.652260 0.413766 0.593725 0.533623 0.629264 0.441639 0.619509 0.540591 0.802082 0.427703 0.795810 0.539197 0.978383 0.360806 0.944934 0.015344 0.109117 0.077275 0.024257 0.002460 0.257814 0.031549 0.037939
0.585569 0.337981 0.598193 0.323252 0.576451 0.317641 0.597492 0.316238 0.531562 0.293794 0.580659 0.391987 0.441785 0.359022 0.593985 0.530159 0.378661 0.483167 0.609416 0.655707 0.417237 0.590478 0.534368 0.629054 0.443188 0.619936 0.539979 0.809309 0.432667 0.801594 0.530861 0.988162 0.362529 0.938364 0.026119 0.132417 0.071288 0.020125 0.008322 0.259581 0.028615 0.028319
0.588572 0.333267 0.600569 0.318446 0.577985 0.313506 0.595629 0.312800 0.533523 0.292333 0.580808 0.393961 0.443893 0.357262 0.596335 0.532994 0.379670 0.484297 0.613273 0.660734 0.419897 0.594394 0.533523 0.628976 0.441776 0.619801 0.538463 0.814588 0.432601 0.807530 0.526466 0.993848 0.362732 0.934565 0.029743 0.144516 0.071671 0.012977 0.006562 0.260504 0.031502 0.024014
0.588702 0.332763 0.599921 0.318038 0.578184 0.313130 0.594312 0.313130 0.531905 0.292795 0.580288 0.394469 0.442852 0.356604 0.597818 0.530502 0.376939 0.482821 0.616049 0.657420 0.419712 0.590104 0.534008 0.629372 0.442852 0.619555 0.537514 0.813788 0.437242 0.802569 0.519283 0.993296 0.365720 0.934395 0.038269 0.148481 0.067970 0.009754 0.004619 0.273952 0.029505 0.015804
0.584327 0.334296 0.596820 0.319720 0.573222 0.314862 0.595432 0.316944 0.528803 0.296817 0.581551 0.395372 0.442741 0.355811 0.598902 0.530712 0.378888 0.481434 0.620418 0.657723 0.418449 0.591094 0.533661 0.629961 0.442047 0.618856 0.532967 0.818743 0.440659 0.801391 0.512840 0.998502 0.374724 0.938813 0.034323 0.139977 0.062929 0.001579 0.012827 0.259895 0.030978 0.001245
0.583922 0.334747 0.596354 0.320242 0.572179 0.315407 0.596354 0.316098 0.529355 0.296067 0.584612 0.394839 0.444398 0.356850 0.603952 0.528147 0.377399 0.483941 0.624674 0.645568 0.425058 0.592383 0.532118 0.629681 0.438872 0.618630 0.531427 0.818246 0.439563 0.804432 0.509325 1.000000 0.385687 0.968130 0.036944 0.102389 0.068835 0.007901 0.009741 0.286234 0.037020 0.002349
0.583407 0.333186 0.595815 0.318021 0.570999 0.313885 0.595815 0.314574 0.525505 0.297341 0.586854 0.394535 0.443476 0.357312 0.609601 0.528262 0.378681 0.483456 0.626834 0.645445 0.423486 0.589611 0.532398 0.629591 0.437272 0.618562 0.531708 0.816396 0.441408 0.803299 0.509650 0.998375 0.406253 0.990792 0.037221 0.066123 0.071290 0.014683 0.007154 0.278174 0.038713 0.008300
0.580141 0.332184 0.591100 0.317115 0.567811 0.313690 0.590415 0.313005 0.522604 0.295196 0.586305 0.390406 0.439723 0.360953 0.610964 0.523289 0.375337 0.486301 0.628088 0.641787 0.421914 0.590415 0.534248 0.628773 0.439723 0.619868 0.530138 0.815768 0.443148 0.805493 0.507535 0.998653 0.420544 1.000000 0.032148 0.042187 0.061447 0.005871 0.012721 0.284945 0.033201 0.012866
0.573052 0.326416 0.584659 0.310713 0.558715 0.308665 0.586024 0.307982 0.515020 0.295693 0.586024 0.389910 0.437871 0.361235 0.611968 0.522359 0.376426 0.486857 0.628353 0.643885 0.420803 0.590632 0.535502 0.628865 0.440602 0.619990 0.526627 0.816616 0.445382 0.807741 0.500000 0.997540 0.432410 1.000000 0.031475 0.028643 0.051287 0.004742 0.018909 0.273432 0.030471 0.023137
0.569505 0.328510 0.579602 0.313027 0.555368 0.311680 0.578929 0.308314 0.511612 0.298217 0.582295 0.387076 0.434871 0.363515 0.608549 0.519017 0.376978 0.487378 0.621339 0.640188 0.422080 0.591720 0.537866 0.628071 0.444968 0.621339 0.523729 0.813193 0.451027 0.809154 0.496129 0.991583 0.438237 1.000000 0.024600 0.031089 0.033771 0.002193 0.029045 0.269043 0.021873 0.034525
0.562151 0.327749 0.572843 0.311710 0.546112 0.311710 0.576185 0.307700 0.504010 0.300349 0.582868 0.386558 0.431166 0.363836 0.607594 0.518211 0.373025 0.487470 0.618955 0.637835 0.419805 0.591723 0.538761 0.627810 0.447205 0.621796 0.519380 0.813594 0.455893 0.809585 0.493985 0.987349 0.445200 1.000000 0.013109 0.032443 0.024474 0.005049 0.028956 0.274182 0.017878 0.047801
0.562475 0.327775 0.573166 0.311739 0.546439 0.311739 0.576507 0.307729 0.504343 0.300379 0.583189 0.386575 0.431511 0.363857 0.607912 0.518208 0.374047 0.487472 0.619271 0.637813 0.420152 0.591709 0.538421 0.627791 0.446879 0.621777 0.519711 0.813546 0.456234 0.809537 0.494320 0.987275 0.445543 1.000000 0.014243 0.033573 0.026460 0.003099 0.028956 0.271068 0.018728 0.047798
0.562855 0.324605 0.572192 0.307933 0.546850 0.309266 0.574860 0.302597 0.505502 0.299263 0.585530 0.385293 0.431476 0.365286 0.610872 0.516672 0.376123 0.489996 0.623543 0.634714 0.426141 0.592032 0.538180 0.627378 0.444814 0.622043 0.523508 0.814777 0.463487 0.812110 0.498166 0.986171 0.456818 1.000000 0.021857 0.042416 0.036612 0.014652 0.026616 0.278044 0.021669 0.056043
0.559144 0.328153 0.569002 0.311067 0.542058 0.313039 0.574916 0.305810 0.501971 0.304496 0.582802 0.384012 0.429027 0.366268 0.611060 0.516758 0.378426 0.494414 0.622889 0.632417 0.424427 0.599559 0.539429 0.626503 0.448742 0.623217 0.524972 0.811164 0.470428 0.810507 0.499343 0.980054 0.467799 0.996483 0.023067 0.041192 0.031467 0.012319 0.034321 0.250984 0.015067 0.061564
0.560360 0.329304 0.568798 0.312429 0.544134 0.314376 0.570096 0.305938 0.500649 0.305289 0.579831 0.382525 0.427957 0.367597 0.609687 0.512332 0.379279 0.494808 0.622668 0.629158 0.425361 0.599951 0.540240 0.625913 0.451971 0.623966 0.521418 0.806994 0.472091 0.810888 0.500000 0.967955 0.472741 0.995863 0.009140 0.033014 0.018361 0.004403 0.036736 0.247811 0.009918 0.067099
0.557556 0.327818 0.565963 0.311004 0.540742 0.313591 0.569843 0.304537 0.497413 0.305831 0.576956 0.380200 0.428217 0.369853 0.605411 0.509539 0.381655 0.495311 0.620285 0.626590 0.419810 0.601369 0.540742 0.625297 0.454085 0.624650 0.520694 0.806370 0.476719 0.813484 0.495473 0.964810 0.470899 0.995851 0.015150 0.048128 0.011597 0.005766 0.028698 0.223045 0.006588 0.073071
0.554597 0.330251 0.562971 0.313501 0.538492 0.315434 0.566193 0.306415 0.494685 0.307703 0.577788 0.379211 0.427043 0.370836 0.605489 0.507408 0.383237 0.500966 0.620950 0.625299 0.418024 0.606617 0.541068 0.625299 0.454100 0.624655 0.519809 0.805033 0.472782 0.812120 0.495329 0.963509 0.467628 0.995719 0.011309 0.040550 0.009673 0.002187 0.026230 0.204611 0.006152 0.069093
0.550709 0.332369 0.559107 0.314928 0.533914 0.318158 0.564275 0.307822 0.491279 0.311052 0.577840 0.379526 0.424098 0.370482 0.604325 0.508721 0.380172 0.500323 0.619182 0.626934 0.410532 0.606909 0.543603 0.624996 0.454459 0.624996 0.526162 0.808453 0.474484 0.815559 0.496447 0.961549 0.462210 0.997724 0.030852 0.054741 0.013940 0.004465 0.024564 0.192170 0.002467 0.063498
0.549999 0.335002 0.559031 0.317583 0.533225 0.320164 0.564838 0.311132 0.491936 0.312422 0.577096 0.379518 0.424195 0.370486 0.602902 0.509193 0.378389 0.501452 0.617095 0.629837 0.410646 0.609192 0.544838 0.624676 0.453872 0.625321 0.533871 0.805964 0.472581 0.818867 0.500323 0.958220 0.460323 1.000000 0.049799 0.051790 0.022410 0.006229 0.025252 0.199696 0.001642 0.049908
0.550674 0.335110 0.559039 0.317092 0.533943 0.320953 0.564187 0.309371 0.492117 0.312588 0.577056 0.378866 0.425196 0.371144 0.604725 0.508204 0.378866 0.500483 0.615021 0.628534 0.411683 0.607943 0.544882 0.624030 0.452865 0.625960 0.539091 0.801629 0.470883 0.819646 0.498552 0.950271 0.458013 1.000000 0.074375 0.051294 0.031160 0.004905 0.039916 0.203834 0.002869 0.039901
0.549746 0.337295 0.558618 0.318917 0.532636 0.322719 0.561153 0.308144 0.490177 0.311946 0.576996 0.379120 0.423638 0.370881 0.604246 0.507763 0.374842 0.500792 0.611216 0.625000 0.413498 0.604087 0.545944 0.624366 0.453422 0.625633 0.544677 0.796735 0.469899 0.816381 0.499683 0.941855 0.459126 1.000000 0.093358 0.045938 0.037749 0.009620 0.047539 0.228357 0.000811 0.029768
0.550471 0.331607 0.559276 0.313997 0.532861 0.317771 0.562420 0.305821 0.491352 0.309595 0.578143 0.379405 0.423429 0.370600 0.604558 0.505817 0.374374 0.499528 0.609589 0.622167 0.413366 0.605816 0.546068 0.624683 0.452359 0.625312 0.551729 0.794491 0.464309 0.812730 0.502673 0.938513 0.457391 0.995745 0.115103 0.032294 0.051997 0.015732 0.051813 0.227653 0.002003 0.009662
0.548340 0.329950 0.557100 0.313055 0.532696 0.315558 0.560855 0.303668 0.493899 0.305546 0.579628 0.380011 0.422562 0.369999 0.605284 0.506414 0.373753 0.498279 0.610916 0.620302 0.412550 0.602155 0.546463 0.624682 0.451347 0.625308 0.558352 0.792386 0.460108 0.815539 0.507666 0.936936 0.454476 0.996383 0.129880 0.024558 0.065415 0.021088 0.048014 0.229509 0.002788 0.007882
0.552581 0.329150 0.561319 0.311051 0.535730 0.314795 0.565063 0.302313 0.495787 0.305434 0.580666 0.380327 0.424015 0.369717 0.605631 0.507021 0.374710 0.498908 0.610624 0.621233 0.414029 0.605007 0.545092 0.624978 0.450227 0.624978 0.564439 0.793488 0.456468 0.815956 0.513262 0.947019 0.450227 1.000000 0.138804 0.021149 0.082350 0.022174 0.048021 0.229017 0.005960 0.025989
