0.489114 0.294580 0.485327 0.277540 0.483434 0.279434 0.449355 0.283220 0.504260 0.277540 0.417169 0.377884 0.576204 0.372204 0.402023 0.519879 0.623536 0.514200 0.396343 0.654302 0.636789 0.622116 0.451248 0.625903 0.555378 0.624009 0.445568 0.868242 0.551592 0.862562 0.460715 1.000000 0.534552 1.000000 0.028302 0.018776 0.050924 0.021214 0.020384 0.063520 0.008437 0.002409
0.481025 0.295439 0.473620 0.278778 0.481025 0.278778 0.438447 0.286183 0.512496 0.276927 0.418083 0.376893 0.575438 0.373191 0.405124 0.517587 0.619867 0.513884 0.397720 0.649024 0.632826 0.621256 0.451405 0.624958 0.555074 0.624958 0.445852 0.860064 0.551372 0.852659 0.462513 1.000000 0.536562 1.000000 0.031150 0.016556 0.050021 0.020514 0.011321 0.059132 0.008251 0.002344
0.485758 0.302455 0.482083 0.285916 0.482083 0.285916 0.447168 0.287754 0.507810 0.282241 0.417766 0.377798 0.575802 0.372285 0.404903 0.517457 0.618068 0.513782 0.399390 0.649767 0.630931 0.622202 0.452681 0.625877 0.553751 0.624040 0.445331 0.857418 0.553751 0.848230 0.469220 1.000000 0.535374 1.000000 0.043892 0.027373 0.054608 0.027810 0.015980 0.054804 0.008190 0.010102
0.490351 0.300585 0.488513 0.282206 0.484837 0.284044 0.453592 0.284044 0.503216 0.280368 0.420510 0.377778 0.574895 0.372264 0.403968 0.517460 0.619006 0.511946 0.398455 0.647953 0.631871 0.622222 0.451754 0.625898 0.552840 0.624060 0.448079 0.857476 0.556516 0.846449 0.471972 1.000000 0.539975 1.000000 0.038843 0.031726 0.044926 0.033071 0.024078 0.060395 0.005851 0.010313
0.495389 0.300326 0.500922 0.281880 0.478787 0.285569 0.491699 0.280035 0.476943 0.285569 0.425295 0.377797 0.569171 0.372264 0.403160 0.517985 0.617130 0.512451 0.397627 0.648949 0.631886 0.624969 0.454808 0.624969 0.550726 0.624969 0.451119 0.855540 0.554415 0.844473 0.475098 1.000000 0.543347 1.000000 0.039160 0.023015 0.042920 0.028542 0.036406 0.063414 0.007046 0.010442
0.494005 0.300311 0.499539 0.281864 0.479247 0.285553 0.488471 0.280019 0.479247 0.285553 0.423906 0.377788 0.571482 0.372254 0.401769 0.519831 0.615755 0.512452 0.394391 0.650805 0.628668 0.628668 0.453421 0.624979 0.551191 0.624979 0.449732 0.855567 0.553035 0.840809 0.475558 1.000000 0.543812 1.000000 0.041461 0.019284 0.042920 0.028224 0.031297 0.062141 0.005872 0.007813
0.494486 0.300573 0.494486 0.284031 0.485296 0.285869 0.466915 0.282193 0.496324 0.284031 0.420964 0.377771 0.575359 0.372256 0.400746 0.522975 0.615796 0.515623 0.393394 0.655314 0.626824 0.635096 0.452211 0.625906 0.551465 0.624067 0.450373 0.855660 0.556979 0.837280 0.477944 1.000000 0.544113 1.000000 0.041174 0.032403 0.042420 0.038345 0.026373 0.058207 0.004681 0.010777
0.495336 0.296647 0.500933 0.277991 0.478545 0.281722 0.493470 0.277991 0.476680 0.285454 0.426308 0.378735 0.571826 0.371272 0.396458 0.524253 0.614736 0.516791 0.387130 0.662309 0.627795 0.638056 0.452427 0.624997 0.549439 0.624997 0.454292 0.858199 0.551305 0.841408 0.480411 1.000000 0.545708 1.000000 0.033529 0.013234 0.031088 0.030758 0.042926 0.057126 0.002378 0.000202
0.496723 0.297297 0.498596 0.278572 0.485488 0.280445 0.472380 0.280445 0.496723 0.282317 0.419949 0.377817 0.577242 0.372199 0.399351 0.527620 0.616566 0.520130 0.388116 0.664315 0.625928 0.645590 0.449910 0.624992 0.552899 0.624992 0.455527 0.864677 0.556644 0.845952 0.481743 1.000000 0.545409 1.000000 0.028044 0.027566 0.030937 0.035952 0.017391 0.058991 0.003576 0.002066
0.493959 0.297875 0.490242 0.281147 0.488384 0.281147 0.451211 0.284865 0.508828 0.281147 0.417756 0.377796 0.579456 0.372220 0.397311 0.528344 0.612911 0.520909 0.386159 0.665882 0.622204 0.649154 0.449353 0.624992 0.553435 0.624992 0.453070 0.864754 0.555294 0.844309 0.480949 1.000000 0.544142 1.000000 0.032782 0.025129 0.035532 0.035350 0.017211 0.047421 0.003549 0.002237
0.484552 0.297297 0.478934 0.280445 0.484552 0.280445 0.439611 0.286062 0.514512 0.278572 0.417140 0.377817 0.580051 0.372199 0.394670 0.529492 0.610012 0.523875 0.381562 0.669933 0.619375 0.654953 0.447101 0.624992 0.555708 0.624992 0.450846 0.868422 0.555708 0.847824 0.478934 1.000000 0.542600 1.000000 0.032526 0.025556 0.033499 0.030558 0.017193 0.039379 0.003576 0.004896
0.487874 0.298530 0.482278 0.281741 0.486009 0.283606 0.443103 0.285472 0.513991 0.279875 0.416987 0.378745 0.579282 0.371283 0.394601 0.529847 0.609130 0.524251 0.379678 0.667892 0.616592 0.654833 0.448700 0.624986 0.555031 0.624986 0.452431 0.863765 0.553166 0.843245 0.480413 1.000000 0.541973 1.000000 0.032743 0.017787 0.035797 0.027614 0.012538 0.043169 0.004750 0.007694
0.484906 0.298591 0.479246 0.279723 0.484906 0.281610 0.443398 0.285383 0.515094 0.277837 0.416983 0.377834 0.581130 0.372173 0.390569 0.532546 0.609431 0.526886 0.375475 0.670278 0.615091 0.657071 0.447171 0.624996 0.554715 0.624996 0.450945 0.868386 0.554715 0.847632 0.481133 1.000000 0.543395 1.000000 0.035270 0.019464 0.033751 0.033136 0.019082 0.043760 0.002401 0.004934
0.481204 0.296058 0.475565 0.279142 0.483083 0.281021 0.441731 0.286660 0.515037 0.277262 0.417296 0.378763 0.580825 0.371244 0.389101 0.531014 0.609019 0.525375 0.374064 0.666349 0.610899 0.655071 0.447370 0.624996 0.554510 0.624996 0.453009 0.867471 0.554510 0.848674 0.483083 1.000000 0.541352 1.000000 0.032491 0.021811 0.031285 0.032892 0.023063 0.052978 0.002391 0.007402
0.470755 0.293868 0.463208 0.276887 0.474528 0.278774 0.436792 0.284434 0.517925 0.275000 0.417925 0.378774 0.582075 0.371226 0.387736 0.529717 0.606604 0.527830 0.370755 0.661792 0.608491 0.658019 0.446226 0.625943 0.553774 0.624057 0.453774 0.865566 0.555660 0.846698 0.480189 1.000000 0.540566 1.000000 0.025201 0.026233 0.026267 0.038181 0.022131 0.044841 0.000004 0.007324
0.465909 0.294508 0.458333 0.277462 0.469697 0.279356 0.437500 0.283144 0.518939 0.273674 0.418561 0.377841 0.581439 0.372159 0.386364 0.529356 0.606061 0.527462 0.367424 0.656250 0.609848 0.658144 0.446970 0.625947 0.553030 0.624053 0.456439 0.868371 0.554924 0.851326 0.481061 1.000000 0.539773 1.000000 0.020558 0.025150 0.023863 0.038401 0.019489 0.040823 0.000004 0.009776
0.483019 0.297642 0.477358 0.280660 0.483019 0.282547 0.443396 0.284434 0.513208 0.276887 0.418868 0.378774 0.581132 0.371226 0.384906 0.527830 0.605660 0.527830 0.364151 0.654245 0.607547 0.658019 0.447170 0.625943 0.552830 0.624057 0.458491 0.867453 0.552830 0.854245 0.483019 1.000000 0.539623 1.000000 0.018340 0.018860 0.021380 0.035484 0.019511 0.044841 0.000004 0.014910
0.488073 0.297711 0.484256 0.280536 0.484256 0.282444 0.447997 0.282444 0.509065 0.276719 0.419371 0.377863 0.579675 0.372138 0.381203 0.526717 0.604484 0.526717 0.362119 0.648854 0.608301 0.656487 0.447997 0.625953 0.552958 0.624045 0.461355 0.872135 0.552958 0.862593 0.484256 1.000000 0.535782 1.000000 0.013209 0.023440 0.019311 0.033634 0.030560 0.041295 0.001219 0.017256
0.497624 0.299906 0.499525 0.280895 0.482415 0.282796 0.482415 0.278994 0.486217 0.282796 0.423480 0.377853 0.575570 0.372149 0.381655 0.522338 0.604087 0.522338 0.358841 0.642109 0.609790 0.651615 0.451997 0.624999 0.548954 0.624999 0.465304 0.866442 0.548954 0.860739 0.486217 1.000000 0.535646 1.000000 0.010413 0.018096 0.019039 0.033383 0.029778 0.045694 0.001207 0.017527
0.487217 0.300202 0.481535 0.281264 0.487217 0.283158 0.445553 0.285052 0.513730 0.279370 0.419039 0.377849 0.578120 0.372167 0.383057 0.519885 0.602740 0.521779 0.358437 0.633514 0.604633 0.650558 0.449340 0.625939 0.553500 0.624045 0.462597 0.866454 0.549713 0.860772 0.483429 1.000000 0.534562 1.000000 0.010413 0.015581 0.021159 0.025922 0.011060 0.047234 0.003619 0.022619
0.495284 0.299551 0.495284 0.282572 0.485851 0.284459 0.463212 0.280685 0.499057 0.280685 0.419820 0.376901 0.576406 0.373128 0.382089 0.516508 0.602818 0.520281 0.357563 0.625929 0.604705 0.646681 0.451892 0.625929 0.551881 0.624042 0.465098 0.861751 0.548108 0.857978 0.487737 1.000000 0.533015 1.000000 0.012657 0.015540 0.022963 0.025881 0.013838 0.051780 0.004804 0.022940
0.498120 0.301692 0.503759 0.282895 0.479323 0.286654 0.501880 0.282895 0.468045 0.292293 0.439850 0.376880 0.560150 0.373120 0.383459 0.512218 0.597744 0.515977 0.355263 0.621241 0.592105 0.643797 0.458647 0.625000 0.541353 0.625000 0.473684 0.859962 0.535714 0.856203 0.492481 1.000000 0.526316 1.000000 0.005270 0.005170 0.003724 0.015949 0.045110 0.095943 0.000004 0.028106
0.500929 0.301602 0.512080 0.283017 0.480485 0.286734 0.521373 0.286734 0.439598 0.296026 0.577129 0.374085 0.419154 0.375943 0.605007 0.511616 0.385700 0.502323 0.605007 0.643571 0.355964 0.608259 0.547393 0.624986 0.456325 0.624986 0.538100 0.851727 0.476768 0.849868 0.526949 1.000000 0.495354 1.000000 0.002732 0.002826 0.024512 0.018303 0.063660 0.004738 0.004732 0.041896
0.497191 0.302903 0.506554 0.284176 0.478464 0.287921 0.506554 0.284176 0.442884 0.293539 0.527154 0.375936 0.472846 0.374064 0.500936 0.508895 0.455993 0.505150 0.469101 0.626873 0.394195 0.617509 0.510300 0.625000 0.489700 0.625000 0.506554 0.857210 0.497191 0.853464 0.510300 1.000000 0.504682 1.000000 0.010394 0.000116 0.016374 0.010915 0.021924 0.119358 0.000004 0.015566
0.494889 0.304380 0.496747 0.287653 0.481878 0.289511 0.476303 0.287653 0.491172 0.289511 0.426120 0.376866 0.571092 0.373149 0.377796 0.506970 0.602689 0.508828 0.349916 0.601759 0.600830 0.633356 0.455858 0.624063 0.546930 0.625922 0.468868 0.852673 0.535778 0.850815 0.491172 1.000000 0.528344 1.000000 0.013369 0.004985 0.020014 0.014563 0.022149 0.077579 0.003549 0.033867
0.495353 0.304373 0.500929 0.287645 0.476766 0.291363 0.495353 0.287645 0.445169 0.296939 0.541820 0.375003 0.460038 0.375003 0.549255 0.508829 0.421006 0.499535 0.560407 0.633361 0.361528 0.601763 0.521375 0.625926 0.476766 0.624067 0.512081 0.852685 0.487919 0.850827 0.510223 1.000000 0.499071 1.000000 0.010364 0.000524 0.012841 0.005705 0.010763 0.071050 0.002368 0.028680
0.498611 0.306515 0.506018 0.287999 0.480096 0.291702 0.506018 0.287999 0.437511 0.300960 0.568970 0.373170 0.426401 0.376873 0.594891 0.508332 0.385668 0.497223 0.594891 0.636088 0.346786 0.595354 0.543048 0.624979 0.461581 0.624979 0.526384 0.850866 0.478244 0.849014 0.518978 1.000000 0.491205 1.000000 0.012744 0.004929 0.009214 0.021202 0.060313 0.016199 0.005894 0.047072
0.494425 0.307204 0.494425 0.290480 0.485134 0.292338 0.464693 0.292338 0.496283 0.292338 0.421952 0.377818 0.572473 0.372244 0.377354 0.509756 0.602205 0.506039 0.343905 0.597095 0.600347 0.628685 0.455401 0.624969 0.550173 0.624969 0.468409 0.851678 0.535307 0.851678 0.488850 1.000000 0.524158 1.000000 0.010379 0.004807 0.024576 0.007170 0.012661 0.074427 0.007098 0.039087
0.492594 0.306529 0.496297 0.288015 0.475932 0.291718 0.487040 0.288015 0.442607 0.297272 0.553690 0.373179 0.440755 0.376882 0.579610 0.508331 0.392619 0.500926 0.592570 0.634226 0.342631 0.595347 0.535177 0.624969 0.470378 0.624969 0.516663 0.850839 0.477783 0.848988 0.509257 1.000000 0.488892 1.000000 0.015427 0.005384 0.002671 0.027309 0.027661 0.037156 0.007072 0.036552
0.474918 0.307241 0.467487 0.290520 0.478634 0.292378 0.435902 0.296094 0.512076 0.286804 0.419181 0.377842 0.573388 0.372268 0.376449 0.511612 0.599398 0.507896 0.337432 0.598934 0.595683 0.630518 0.454481 0.624945 0.552951 0.624945 0.460055 0.851610 0.532513 0.851610 0.484208 1.000000 0.515792 1.000000 0.026242 0.004990 0.037342 0.002932 0.035331 0.069956 0.009463 0.036448
0.467607 0.302864 0.460203 0.286205 0.473160 0.289907 0.428735 0.295460 0.513883 0.286205 0.419480 0.378757 0.573116 0.371353 0.376906 0.515734 0.597180 0.506479 0.336183 0.599031 0.591626 0.630498 0.452798 0.624945 0.554606 0.624945 0.458352 0.848921 0.534244 0.850772 0.482415 1.000000 0.512032 1.000000 0.026178 0.002840 0.034929 0.005429 0.048821 0.070340 0.009429 0.036513
0.480272 0.300842 0.470878 0.285811 0.484030 0.287690 0.429543 0.293327 0.512213 0.283932 0.418270 0.379754 0.574215 0.370359 0.375057 0.518789 0.598640 0.507515 0.331843 0.601458 0.593003 0.631519 0.452089 0.625883 0.555426 0.624004 0.453968 0.853224 0.532880 0.856981 0.478393 1.000000 0.508455 1.000000 0.031719 0.003083 0.040835 0.007173 0.057397 0.070556 0.009570 0.033339
0.468654 0.300049 0.461055 0.284851 0.474353 0.286751 0.424959 0.292450 0.510449 0.282952 0.417360 0.379840 0.573141 0.370341 0.373665 0.522322 0.601638 0.507124 0.326171 0.607812 0.595938 0.634409 0.453456 0.624910 0.556043 0.624910 0.447756 0.858581 0.529446 0.864281 0.478153 1.000000 0.506649 1.000000 0.051023 0.004266 0.054310 0.013876 0.066698 0.079623 0.012097 0.027461
0.491868 0.305318 0.486128 0.288098 0.486128 0.290011 0.432555 0.293838 0.499522 0.288098 0.415335 0.379938 0.572228 0.370371 0.373241 0.523438 0.602842 0.508132 0.327321 0.611452 0.599015 0.636325 0.453602 0.624845 0.558835 0.624845 0.444035 0.858272 0.532048 0.865926 0.478475 1.000000 0.505262 1.000000 0.063762 0.000848 0.062375 0.018486 0.062248 0.079103 0.015841 0.022185
0.489311 0.302258 0.497085 0.282824 0.465990 0.286711 0.497085 0.284768 0.427122 0.296428 0.522349 0.374164 0.465990 0.376108 0.462104 0.516033 0.477651 0.514090 0.374650 0.628751 0.464047 0.638468 0.520406 0.624864 0.491255 0.624864 0.489311 0.861960 0.477651 0.865847 0.485424 1.000000 0.479594 1.000000 0.036114 0.020602 0.039041 0.050168 0.082209 0.061513 0.014852 0.023559
0.491392 0.302487 0.500956 0.283357 0.468436 0.289096 0.504782 0.287183 0.424438 0.298661 0.567910 0.371354 0.418699 0.379005 0.592779 0.511000 0.384266 0.512912 0.588953 0.642994 0.338355 0.620038 0.550693 0.623864 0.462697 0.625777 0.521999 0.855332 0.453133 0.855332 0.497131 1.000000 0.474175 1.000000 0.004037 0.044144 0.017590 0.069418 0.065321 0.048766 0.017058 0.026004
0.486890 0.303350 0.490774 0.285870 0.471352 0.289755 0.465526 0.287812 0.465526 0.291697 0.415028 0.381039 0.570405 0.369386 0.378126 0.524763 0.607308 0.509226 0.331512 0.631585 0.605365 0.639354 0.455814 0.625759 0.558752 0.623816 0.432508 0.851056 0.533503 0.866594 0.465526 1.000000 0.502428 1.000000 0.089176 0.008523 0.085380 0.018416 0.050970 0.086877 0.018557 0.000164
0.470134 0.310689 0.466280 0.295274 0.464354 0.297201 0.441232 0.297201 0.493256 0.289494 0.410402 0.381982 0.574183 0.368494 0.377646 0.526494 0.605012 0.509152 0.333329 0.640177 0.605012 0.642104 0.454720 0.624762 0.560695 0.624762 0.425817 0.848274 0.535646 0.867543 0.462427 1.000000 0.500963 1.000000 0.103129 0.012798 0.098405 0.015988 0.047367 0.068680 0.019639 0.008208
0.454109 0.315002 0.448373 0.299706 0.454109 0.301618 0.425427 0.301618 0.501912 0.288233 0.410130 0.381927 0.574573 0.368542 0.379536 0.529160 0.605167 0.511951 0.333646 0.645799 0.607079 0.641975 0.454109 0.624766 0.561188 0.624766 0.423515 0.848484 0.534418 0.865693 0.459845 1.000000 0.500000 1.000000 0.108088 0.010663 0.100290 0.018610 0.054101 0.062223 0.019489 0.008038
0.459998 0.309515 0.452379 0.294276 0.461903 0.296181 0.419996 0.301896 0.501905 0.288562 0.410472 0.383804 0.574289 0.366661 0.379995 0.532382 0.604767 0.513334 0.336183 0.654293 0.610481 0.642864 0.454284 0.625720 0.560955 0.623815 0.423806 0.846682 0.532382 0.863826 0.456188 1.000000 0.498095 1.000000 0.103707 0.007808 0.100658 0.021227 0.045417 0.051180 0.019415 0.005914
0.484177 0.303409 0.484177 0.288065 0.468833 0.289983 0.457325 0.295737 0.468833 0.297655 0.409376 0.383963 0.572403 0.366702 0.382525 0.533564 0.608844 0.510549 0.336494 0.660150 0.614598 0.642888 0.455407 0.625627 0.562813 0.623709 0.424720 0.846192 0.532126 0.867290 0.455407 1.000000 0.501438 1.000000 0.101253 0.001617 0.103917 0.028020 0.054487 0.065146 0.023220 0.004112
0.473644 0.304483 0.473644 0.289148 0.462143 0.291065 0.446808 0.296816 0.475560 0.294899 0.408471 0.384990 0.571402 0.365822 0.385469 0.536420 0.609739 0.511501 0.343299 0.661014 0.615489 0.647596 0.456392 0.626511 0.563735 0.622677 0.423806 0.845030 0.531149 0.868032 0.454475 1.000000 0.498562 1.000000 0.105013 0.002045 0.109467 0.032531 0.055899 0.068467 0.025654 0.005092
0.437206 0.312568 0.429594 0.297345 0.442914 0.297345 0.412468 0.303054 0.507611 0.291637 0.408663 0.384877 0.572309 0.365848 0.387731 0.537106 0.604657 0.510466 0.345868 0.670306 0.614172 0.645569 0.456234 0.626540 0.562794 0.622735 0.425788 0.843466 0.528543 0.868204 0.454331 1.000000 0.492389 1.000000 0.096954 0.005046 0.106254 0.032346 0.053434 0.047669 0.024251 0.000257
0.424702 0.319755 0.419054 0.304695 0.428467 0.302813 0.415290 0.304695 0.507530 0.289636 0.411525 0.383758 0.571533 0.366816 0.390818 0.538120 0.605417 0.513648 0.355051 0.677421 0.616712 0.649185 0.454821 0.626595 0.562121 0.622830 0.426584 0.841195 0.528237 0.867549 0.456704 1.000000 0.492470 1.000000 0.095310 0.004989 0.097806 0.032098 0.037553 0.045728 0.021588 0.002149
0.416683 0.326700 0.414778 0.311465 0.418587 0.309561 0.418587 0.303848 0.502380 0.292421 0.410970 0.383832 0.572843 0.366693 0.390021 0.538088 0.607122 0.515235 0.357647 0.679013 0.618548 0.650447 0.454771 0.625690 0.561417 0.623785 0.428109 0.846599 0.529042 0.871356 0.452866 1.000000 0.494763 1.000000 0.080212 0.005236 0.095260 0.027253 0.028914 0.045357 0.020625 0.003158
0.412709 0.329255 0.410790 0.311988 0.414627 0.311988 0.420383 0.304315 0.502878 0.290885 0.410790 0.384891 0.571943 0.365706 0.391606 0.538370 0.612231 0.515348 0.364747 0.676501 0.623742 0.651560 0.454916 0.626620 0.562351 0.622783 0.431894 0.849164 0.529737 0.872186 0.452997 1.000000 0.497122 1.000000 0.067007 0.002682 0.090283 0.029518 0.021547 0.056878 0.022002 0.008579
0.416187 0.327611 0.414282 0.312372 0.416187 0.310468 0.421901 0.302848 0.505715 0.291419 0.412377 0.382852 0.572384 0.367613 0.393328 0.537145 0.614291 0.514286 0.378090 0.676198 0.625720 0.647626 0.454284 0.626672 0.560955 0.622863 0.437140 0.849540 0.530478 0.866683 0.454284 1.000000 0.500000 1.000000 0.051654 0.001592 0.078617 0.025340 0.004357 0.061368 0.019415 0.015146
0.417972 0.323757 0.416097 0.308758 0.421722 0.306883 0.417972 0.303133 0.504219 0.290009 0.412347 0.383755 0.569841 0.366881 0.397348 0.535624 0.612964 0.511250 0.386098 0.674368 0.626089 0.638744 0.457346 0.627495 0.560466 0.621870 0.436721 0.841236 0.530468 0.859985 0.455471 1.000000 0.498594 1.000000 0.059477 0.003827 0.088730 0.028194 0.005584 0.059742 0.022698 0.009272
0.418095 0.326883 0.416233 0.311991 0.419956 0.310129 0.419956 0.304545 0.503723 0.291514 0.414372 0.384588 0.568875 0.365974 0.401342 0.537230 0.615412 0.507446 0.393896 0.667533 0.628442 0.634026 0.457186 0.626580 0.559567 0.622858 0.440433 0.844373 0.529784 0.859265 0.455325 1.000000 0.498139 1.000000 0.046738 0.003827 0.080177 0.028364 0.008937 0.068506 0.021347 0.015454
0.419195 0.331542 0.415543 0.315107 0.421021 0.313281 0.417369 0.309628 0.503196 0.293193 0.413716 0.384499 0.567109 0.366238 0.408238 0.536066 0.616414 0.506848 0.402760 0.667545 0.627371 0.631023 0.459369 0.625545 0.559805 0.623719 0.441108 0.837373 0.528761 0.853808 0.455717 1.000000 0.497717 1.000000 0.049480 0.001386 0.086953 0.033661 0.001754 0.079337 0.024437 0.015316
