0.506969 0.296145 0.523895 0.281708 0.491039 0.280713 0.548786 0.290171 0.467642 0.287184 0.586122 0.379280 0.420848 0.370817 0.628436 0.502738 0.378035 0.493280 0.634908 0.621218 0.371564 0.611261 0.549781 0.626694 0.443249 0.623209 0.549284 0.810387 0.446734 0.799435 0.538332 1.000000 0.452708 0.976159 0.017306 0.004463 0.045559 0.021885 0.087735 0.089609 0.008875 0.007156
0.507168 0.297432 0.523977 0.283095 0.491349 0.282106 0.548201 0.291499 0.468113 0.288039 0.585279 0.378509 0.421642 0.371587 0.628289 0.501607 0.379621 0.493202 0.634716 0.620256 0.372700 0.610863 0.549190 0.626682 0.443889 0.623222 0.548695 0.809105 0.447350 0.799218 0.538808 0.999932 0.452788 0.977685 0.015615 0.003438 0.045103 0.021810 0.089771 0.087195 0.008813 0.007121
0.506929 0.297087 0.523756 0.282735 0.491092 0.282240 0.548006 0.292138 0.467831 0.289168 0.585124 0.378747 0.420814 0.371323 0.629171 0.500990 0.378747 0.493566 0.635605 0.619273 0.373303 0.612345 0.549986 0.626697 0.444075 0.623233 0.548501 0.809813 0.445560 0.801400 0.539098 1.000000 0.450509 0.982042 0.013115 0.006067 0.042231 0.026657 0.092788 0.090920 0.007562 0.005235
0.506538 0.296335 0.523808 0.282519 0.491242 0.281532 0.547986 0.291895 0.468050 0.288441 0.584994 0.378739 0.421174 0.371337 0.628909 0.499630 0.379232 0.493215 0.636804 0.616080 0.373311 0.610652 0.549960 0.626442 0.443872 0.623482 0.547000 0.808026 0.445352 0.800624 0.540091 0.998491 0.448313 0.980234 0.006351 0.002586 0.039534 0.025917 0.089366 0.089464 0.007854 0.007849
0.506383 0.297708 0.523568 0.283960 0.491162 0.282487 0.548118 0.292798 0.468576 0.288379 0.584452 0.378723 0.421931 0.371358 0.628642 0.498527 0.380196 0.493126 0.637480 0.614894 0.374795 0.611948 0.549100 0.626187 0.444517 0.623732 0.545172 0.807856 0.445990 0.801964 0.541244 0.997382 0.446481 0.980197 0.000298 0.001754 0.038286 0.025781 0.088352 0.090645 0.008128 0.009512
0.506752 0.297194 0.523448 0.283936 0.491529 0.281972 0.547018 0.293757 0.467959 0.288846 0.583848 0.378218 0.421308 0.371835 0.627551 0.498527 0.380551 0.494107 0.636881 0.613925 0.374658 0.611960 0.549474 0.626201 0.445370 0.623746 0.546036 0.808382 0.446843 0.802981 0.542108 0.998912 0.446352 0.982707 0.000555 0.003487 0.037838 0.027696 0.085233 0.086514 0.006565 0.008621
0.507107 0.298064 0.523281 0.283850 0.491423 0.282870 0.545828 0.293163 0.467406 0.289242 0.583078 0.377956 0.420843 0.372075 0.627190 0.498530 0.380162 0.494609 0.636993 0.613711 0.374770 0.612241 0.550239 0.625965 0.445840 0.624004 0.548769 0.807805 0.449761 0.803394 0.542887 0.998468 0.448781 0.986215 0.007243 0.008664 0.039330 0.024524 0.084615 0.087455 0.004993 0.009530
0.505905 0.297750 0.523128 0.283480 0.490650 0.281511 0.546257 0.292337 0.466538 0.287416 0.582671 0.377961 0.420281 0.372056 0.627452 0.498032 0.379438 0.494095 0.637294 0.613181 0.374517 0.611705 0.550685 0.625975 0.446362 0.624007 0.550193 0.808049 0.450791 0.802636 0.543796 0.998489 0.447838 0.985694 0.009828 0.013024 0.039966 0.024943 0.086488 0.089491 0.003759 0.008751
0.505553 0.296772 0.522334 0.282952 0.490252 0.280484 0.545532 0.291836 0.466067 0.286407 0.582550 0.377718 0.419178 0.372288 0.627465 0.497162 0.378211 0.494694 0.637830 0.611177 0.373275 0.611671 0.551455 0.625984 0.446818 0.624010 0.550961 0.808112 0.451260 0.802683 0.545038 0.999618 0.449779 0.985798 0.008979 0.010485 0.038799 0.026900 0.085631 0.089379 0.002199 0.008773
0.505343 0.296224 0.522241 0.282307 0.490432 0.280319 0.544607 0.291750 0.466079 0.286780 0.582380 0.377734 0.418365 0.372267 0.628106 0.497515 0.377610 0.495527 0.639040 0.613320 0.372143 0.611829 0.552062 0.625745 0.447192 0.624254 0.552559 0.808647 0.453156 0.803180 0.546098 1.000000 0.452659 0.989560 0.011418 0.011456 0.039585 0.025650 0.086112 0.086693 0.000947 0.009742
0.504271 0.296357 0.521357 0.281784 0.489196 0.279774 0.544975 0.291332 0.464573 0.286809 0.582161 0.377262 0.417337 0.372739 0.627889 0.497362 0.375628 0.497362 0.639447 0.613442 0.369598 0.616960 0.553517 0.625502 0.446985 0.624497 0.554020 0.811432 0.452513 0.806909 0.547990 1.000000 0.454523 0.997863 0.010502 0.006293 0.037427 0.027671 0.084214 0.086766 0.000640 0.008782
0.503632 0.297347 0.520666 0.282818 0.488101 0.280814 0.544714 0.291836 0.464054 0.287828 0.581788 0.377006 0.416960 0.372998 0.626877 0.497245 0.376379 0.497245 0.638400 0.613476 0.368363 0.614478 0.553732 0.625499 0.447521 0.624497 0.555235 0.810868 0.454034 0.806359 0.548722 1.000000 0.455036 0.996236 0.013053 0.009715 0.038368 0.027095 0.082746 0.078756 0.001594 0.008813
0.501988 0.297728 0.518885 0.283316 0.487078 0.281825 0.542741 0.292261 0.462726 0.288285 0.580014 0.376251 0.417004 0.373766 0.624246 0.495030 0.376251 0.497515 0.635179 0.609336 0.368300 0.612815 0.554171 0.625240 0.448811 0.624743 0.556159 0.809123 0.454775 0.805147 0.548207 1.000000 0.456763 0.993007 0.016393 0.007151 0.036361 0.029608 0.083115 0.079347 0.003797 0.007078
0.501117 0.299049 0.517998 0.284154 0.486223 0.282665 0.541829 0.291601 0.462391 0.288126 0.580058 0.376003 0.416715 0.374017 0.624245 0.496152 0.376003 0.497642 0.634175 0.608357 0.367563 0.613322 0.554241 0.625238 0.448986 0.624741 0.556227 0.809929 0.456930 0.805958 0.548779 1.000000 0.458916 0.995614 0.015535 0.010611 0.036278 0.026802 0.084082 0.078081 0.004109 0.010522
0.501504 0.298546 0.518052 0.283503 0.485458 0.283002 0.542121 0.291526 0.460888 0.289521 0.580230 0.375267 0.415758 0.374765 0.624859 0.496114 0.374640 0.499122 0.634887 0.610944 0.367118 0.618465 0.555158 0.624984 0.448853 0.624984 0.557164 0.813024 0.456876 0.809514 0.550645 1.000000 0.460386 1.000000 0.013841 0.008074 0.035247 0.028027 0.084875 0.081611 0.005107 0.010436
0.500372 0.297979 0.516721 0.283611 0.484517 0.282620 0.540008 0.292529 0.460240 0.290052 0.579149 0.375765 0.416145 0.374279 0.623244 0.495169 0.375022 0.496656 0.631171 0.608132 0.367095 0.613582 0.554871 0.624978 0.449835 0.624978 0.558339 0.809286 0.458258 0.806313 0.550908 1.000000 0.461726 0.998053 0.018133 0.009016 0.036900 0.027748 0.090304 0.081642 0.005994 0.008786
0.499631 0.300076 0.515851 0.285822 0.484394 0.284347 0.539936 0.294178 0.460310 0.291720 0.577782 0.374786 0.416565 0.375278 0.622019 0.494225 0.375769 0.497665 0.628900 0.607765 0.368396 0.613663 0.555173 0.624477 0.450480 0.625460 0.558613 0.807321 0.458836 0.804372 0.550749 1.000000 0.462276 0.995080 0.018908 0.009113 0.034734 0.028033 0.093638 0.082212 0.007198 0.008866
0.499260 0.299027 0.516038 0.284716 0.484455 0.283236 0.540219 0.294092 0.460768 0.290145 0.578711 0.375518 0.416354 0.374531 0.622632 0.494942 0.375888 0.496422 0.627566 0.608444 0.367499 0.612392 0.555024 0.624729 0.449911 0.625222 0.558972 0.807319 0.459287 0.804358 0.552063 1.000000 0.463729 0.995338 0.018274 0.009245 0.037046 0.025711 0.098347 0.079043 0.006283 0.009765
0.498882 0.298006 0.515777 0.283596 0.483478 0.282105 0.539629 0.292043 0.459626 0.289062 0.579381 0.375524 0.415401 0.374530 0.623109 0.496273 0.373661 0.496770 0.627582 0.610562 0.366207 0.614041 0.555530 0.624973 0.449688 0.624973 0.560002 0.809326 0.458632 0.807339 0.553045 1.000000 0.463601 1.000000 0.019055 0.007398 0.038064 0.027710 0.098147 0.084535 0.006644 0.007880
0.499628 0.297663 0.515994 0.283281 0.484254 0.281793 0.540294 0.292704 0.459954 0.289728 0.578976 0.375523 0.415817 0.374531 0.622617 0.494545 0.375151 0.496033 0.628072 0.609599 0.367216 0.612575 0.555667 0.624973 0.449540 0.624973 0.561619 0.808961 0.459458 0.806977 0.554676 1.000000 0.464417 0.998900 0.021598 0.009106 0.039949 0.025276 0.096787 0.081167 0.006631 0.007038
0.498647 0.299273 0.515374 0.285006 0.483396 0.284022 0.538989 0.293370 0.459781 0.291402 0.577855 0.374546 0.415995 0.375530 0.621149 0.494588 0.375653 0.496556 0.626069 0.608727 0.367781 0.612171 0.555716 0.624470 0.450433 0.625454 0.561128 0.807978 0.459781 0.806502 0.553748 1.000000 0.465193 0.995421 0.021559 0.007306 0.037508 0.027168 0.096467 0.080778 0.007831 0.007036
0.498888 0.297654 0.515204 0.283315 0.483066 0.282326 0.538936 0.291721 0.458839 0.290237 0.578491 0.374785 0.415823 0.375280 0.621012 0.494438 0.375280 0.497404 0.625957 0.609640 0.366380 0.613101 0.555747 0.624473 0.449939 0.625462 0.562669 0.808402 0.460816 0.807413 0.555253 1.000000 0.466749 0.998264 0.024148 0.009114 0.040888 0.024133 0.095035 0.077592 0.007240 0.007032
0.498766 0.297555 0.515051 0.282751 0.482975 0.282258 0.538737 0.291140 0.458795 0.289660 0.578215 0.375029 0.416357 0.375029 0.620159 0.494942 0.375400 0.496422 0.625587 0.609426 0.366517 0.612387 0.555515 0.624724 0.449913 0.625217 0.562917 0.807800 0.461263 0.806320 0.555022 1.000000 0.467678 0.996305 0.025881 0.009179 0.041721 0.022517 0.092028 0.079246 0.006912 0.007060
0.498896 0.298007 0.515085 0.283289 0.483198 0.282799 0.539123 0.291139 0.460141 0.289667 0.577878 0.375517 0.416971 0.374536 0.620068 0.494726 0.376744 0.495707 0.624973 0.610011 0.366932 0.612464 0.554822 0.624728 0.450329 0.625219 0.562671 0.805750 0.461613 0.804768 0.555312 0.998545 0.469462 0.992658 0.025937 0.006687 0.043160 0.022134 0.094737 0.075344 0.006559 0.006182
0.499146 0.298619 0.515256 0.283973 0.483523 0.283485 0.539178 0.292272 0.460090 0.290807 0.577745 0.375266 0.417617 0.374777 0.618266 0.495850 0.377096 0.495362 0.623636 0.612041 0.366844 0.610577 0.554312 0.624734 0.450326 0.625223 0.561635 0.804879 0.461554 0.803415 0.554800 0.995764 0.469366 0.988930 0.024325 0.006637 0.042745 0.021307 0.088488 0.074939 0.005906 0.007100
0.498906 0.298429 0.514954 0.283840 0.483344 0.283354 0.539269 0.292107 0.460488 0.290649 0.577686 0.375751 0.417694 0.374292 0.617563 0.494894 0.377818 0.493921 0.622912 0.610147 0.366633 0.607715 0.554344 0.624736 0.450276 0.625222 0.560666 0.803693 0.461947 0.802234 0.554344 0.991404 0.469242 0.986055 0.021956 0.008333 0.040995 0.020143 0.088043 0.071230 0.005882 0.009717
0.499014 0.297363 0.515777 0.283064 0.483730 0.282571 0.540429 0.291446 0.460557 0.289967 0.578886 0.375755 0.417170 0.374276 0.619808 0.496549 0.377234 0.495563 0.625724 0.613398 0.365401 0.611919 0.554234 0.624738 0.449710 0.625231 0.560643 0.807654 0.461543 0.806175 0.555220 1.000000 0.469925 0.994514 0.020102 0.006629 0.042563 0.020259 0.087870 0.068991 0.005022 0.009637
0.498762 0.297544 0.515593 0.282694 0.483417 0.282199 0.540343 0.291109 0.460152 0.289129 0.579448 0.375755 0.417087 0.374269 0.620038 0.497525 0.376992 0.496535 0.625978 0.615335 0.364617 0.613355 0.554203 0.624740 0.449262 0.625235 0.561133 0.808386 0.461637 0.806901 0.556678 1.000000 0.470052 0.996982 0.019313 0.007567 0.044170 0.018938 0.086381 0.067273 0.004412 0.009645
0.499381 0.297780 0.515717 0.283424 0.484035 0.282434 0.540964 0.291840 0.460769 0.289365 0.580071 0.375995 0.417701 0.374015 0.621159 0.498267 0.377604 0.496287 0.625614 0.617075 0.365228 0.614104 0.553339 0.624995 0.448888 0.624995 0.559775 0.808651 0.461264 0.806671 0.556310 1.000000 0.469679 0.996762 0.016818 0.007567 0.045191 0.017702 0.091258 0.067554 0.002836 0.010501
0.497888 0.297246 0.514784 0.282337 0.482483 0.281343 0.539632 0.291282 0.459623 0.289294 0.579387 0.375763 0.416389 0.374272 0.621628 0.498012 0.376136 0.497515 0.626100 0.615789 0.364209 0.615789 0.555037 0.624734 0.449187 0.625231 0.562491 0.809598 0.461114 0.808107 0.557522 1.000000 0.469562 0.999432 0.020926 0.006684 0.043862 0.020636 0.093815 0.068497 0.005378 0.007901
0.496789 0.297232 0.513584 0.282907 0.481477 0.281919 0.538775 0.291798 0.458755 0.289822 0.578292 0.375770 0.416275 0.374289 0.620772 0.497283 0.376264 0.497283 0.624230 0.613363 0.364903 0.614350 0.555570 0.624723 0.449864 0.625217 0.563967 0.807981 0.461719 0.806499 0.557052 1.000000 0.469128 0.995683 0.025968 0.008326 0.043547 0.021570 0.097573 0.069316 0.006918 0.006211
0.496068 0.296885 0.512779 0.283123 0.480831 0.282140 0.537846 0.291970 0.458714 0.290004 0.578149 0.376018 0.415953 0.374052 0.619927 0.496437 0.376141 0.496437 0.623368 0.610957 0.364836 0.613415 0.555540 0.624719 0.450358 0.625211 0.563896 0.806576 0.461171 0.805593 0.557998 0.998755 0.469527 0.993840 0.024381 0.004939 0.043473 0.024276 0.096738 0.069444 0.007510 0.004443
0.495699 0.296619 0.512412 0.282363 0.480952 0.281872 0.537973 0.290720 0.458832 0.289737 0.579263 0.376742 0.416067 0.373301 0.621046 0.496682 0.376251 0.495699 0.623995 0.609740 0.364453 0.613181 0.555177 0.624978 0.449493 0.624978 0.561567 0.806362 0.459324 0.806362 0.557143 0.998069 0.467680 0.993645 0.018553 0.003042 0.041999 0.024794 0.098400 0.068252 0.005946 0.006024
0.495025 0.297130 0.511527 0.283055 0.479980 0.282569 0.537250 0.291306 0.458625 0.290820 0.578503 0.376239 0.416401 0.373813 0.619757 0.493691 0.377574 0.494176 0.622183 0.604833 0.365926 0.609686 0.555207 0.624731 0.449889 0.625217 0.560546 0.803335 0.458625 0.802850 0.556663 0.989704 0.467361 0.985821 0.016143 0.000454 0.039266 0.026510 0.100569 0.067336 0.006490 0.006130
0.495184 0.297725 0.511559 0.283759 0.480254 0.283277 0.537084 0.291465 0.459063 0.290501 0.578020 0.376227 0.417164 0.373819 0.619438 0.492294 0.379117 0.494221 0.621846 0.601619 0.367077 0.608361 0.554421 0.624736 0.450395 0.625218 0.559719 0.801967 0.457619 0.801967 0.556830 0.985459 0.465806 0.981125 0.014524 0.001529 0.039649 0.028830 0.102094 0.063972 0.006132 0.003489
0.493758 0.298204 0.510084 0.284279 0.479352 0.283319 0.535533 0.291962 0.457744 0.291002 0.577789 0.376474 0.416449 0.373593 0.618604 0.492197 0.378514 0.493157 0.620045 0.600238 0.366990 0.607440 0.555221 0.624727 0.450541 0.625207 0.559542 0.800472 0.458224 0.800472 0.555701 0.983421 0.465907 0.979099 0.014508 0.000264 0.036683 0.028924 0.103687 0.065802 0.007337 0.006118
0.493543 0.298029 0.510284 0.284158 0.478715 0.283201 0.535157 0.292289 0.457669 0.291333 0.577249 0.375995 0.416533 0.374082 0.618384 0.490792 0.378267 0.493662 0.620776 0.598415 0.366788 0.607024 0.555246 0.624722 0.450972 0.625201 0.559073 0.800744 0.458625 0.801223 0.555246 0.982028 0.466278 0.977723 0.013636 0.000000 0.035004 0.029552 0.102451 0.066457 0.007918 0.006912
0.494010 0.298600 0.509824 0.284223 0.478674 0.283744 0.534745 0.292370 0.457108 0.291891 0.577397 0.375758 0.416373 0.374320 0.619091 0.491733 0.378034 0.494129 0.621487 0.600520 0.366532 0.607709 0.555352 0.624482 0.450878 0.625440 0.559186 0.797966 0.458546 0.799883 0.554873 0.981993 0.466693 0.978159 0.014492 0.000551 0.035172 0.029483 0.102844 0.066457 0.007933 0.006949
0.494072 0.298583 0.511008 0.284066 0.479072 0.283098 0.535687 0.292292 0.456813 0.290357 0.578268 0.375520 0.415683 0.374553 0.620367 0.492621 0.376488 0.496008 0.623270 0.603431 0.365843 0.610205 0.555526 0.624238 0.450523 0.625689 0.558913 0.796985 0.462136 0.800856 0.556010 0.986668 0.467943 0.984732 0.011112 0.011023 0.035266 0.022806 0.101516 0.069776 0.007702 0.014832
0.493552 0.298157 0.510585 0.283558 0.478465 0.282584 0.535405 0.292317 0.456079 0.290371 0.578231 0.375536 0.414713 0.374563 0.621057 0.493795 0.375780 0.497202 0.624464 0.605727 0.365073 0.613514 0.556331 0.624220 0.450726 0.625680 0.558764 0.801851 0.462405 0.804285 0.556818 0.991163 0.468245 0.986296 0.007633 0.010577 0.032319 0.024554 0.100912 0.068630 0.008987 0.016426
0.494982 0.298675 0.511627 0.283009 0.479317 0.282030 0.535614 0.291821 0.457287 0.289373 0.579673 0.376023 0.413718 0.374065 0.623243 0.492534 0.376023 0.496940 0.628138 0.605619 0.363784 0.613452 0.556665 0.624222 0.449944 0.625691 0.557154 0.804374 0.461693 0.807312 0.555686 0.994318 0.465609 0.987954 0.003326 0.013663 0.030289 0.024951 0.100136 0.061434 0.008416 0.019698
0.494664 0.297605 0.511541 0.281224 0.478780 0.280728 0.536359 0.290655 0.456940 0.287677 0.581529 0.376031 0.412266 0.374046 0.625210 0.494168 0.374046 0.499131 0.630670 0.610319 0.362133 0.617764 0.557703 0.624217 0.448501 0.625706 0.556710 0.809860 0.459422 0.811349 0.555718 1.000000 0.465378 0.994510 0.000000 0.008355 0.028762 0.026816 0.097780 0.062536 0.007901 0.020405
0.494752 0.297080 0.511745 0.280586 0.478758 0.280086 0.536236 0.289582 0.456267 0.287583 0.581218 0.376049 0.411785 0.374049 0.625701 0.495502 0.373300 0.500500 0.631698 0.613456 0.360805 0.618953 0.558227 0.624451 0.448770 0.625451 0.556228 0.811878 0.459266 0.811378 0.555228 1.000000 0.465763 0.993806 0.001775 0.006619 0.025982 0.028546 0.097299 0.060589 0.008910 0.021346
0.495382 0.297924 0.511857 0.281448 0.478906 0.280949 0.536321 0.289936 0.456939 0.287939 0.580755 0.375809 0.411506 0.374311 0.625190 0.495631 0.373063 0.500624 0.632179 0.615454 0.360581 0.619448 0.558289 0.624441 0.449450 0.625439 0.553795 0.816157 0.458437 0.813162 0.553296 1.000000 0.466425 0.991897 0.006640 0.001005 0.021226 0.032507 0.094489 0.060728 0.009855 0.022686
0.495276 0.298982 0.512183 0.282573 0.478866 0.282076 0.536051 0.290529 0.456987 0.288540 0.580308 0.375561 0.411736 0.374566 0.624564 0.496892 0.373447 0.501865 0.634012 0.617726 0.361513 0.622202 0.558428 0.624191 0.449528 0.625683 0.551466 0.815139 0.456490 0.811658 0.551964 1.000000 0.465440 0.988185 0.012408 0.004217 0.016339 0.035637 0.086493 0.061537 0.010132 0.023510
0.495108 0.297802 0.511665 0.280743 0.478551 0.280241 0.536752 0.288771 0.456475 0.286764 0.581406 0.376072 0.410315 0.374065 0.625559 0.498495 0.372184 0.501505 0.634590 0.621419 0.359640 0.623928 0.559330 0.624430 0.448949 0.625433 0.551302 0.819604 0.456475 0.814085 0.551804 1.000000 0.466008 0.989189 0.013887 0.004621 0.015135 0.035850 0.086834 0.060043 0.010542 0.025777
0.495033 0.299596 0.511920 0.282710 0.478643 0.282213 0.536753 0.290160 0.456790 0.288670 0.579963 0.375586 0.410601 0.374592 0.623669 0.497765 0.372854 0.501738 0.634596 0.620938 0.360934 0.622428 0.559600 0.623918 0.449837 0.625904 0.550660 0.819106 0.458280 0.815133 0.549666 1.000000 0.466724 0.983502 0.012977 0.001759 0.011474 0.035105 0.081188 0.060524 0.012018 0.028762
0.494645 0.298383 0.511581 0.281944 0.478705 0.281446 0.536488 0.289416 0.456289 0.287424 0.580323 0.375593 0.409963 0.374596 0.622664 0.498630 0.370611 0.502117 0.632627 0.622166 0.359652 0.625155 0.559900 0.624158 0.449814 0.625653 0.549439 0.821915 0.457286 0.817432 0.546949 1.000000 0.463761 0.983807 0.012892 0.000000 0.009274 0.037712 0.079885 0.067000 0.012371 0.029217
0.494181 0.297584 0.511514 0.282728 0.478335 0.281242 0.537264 0.290156 0.455555 0.288670 0.579357 0.376322 0.411482 0.373846 0.621945 0.501114 0.370875 0.501609 0.630363 0.623926 0.360971 0.625411 0.559053 0.624421 0.450108 0.625411 0.547664 0.814580 0.455060 0.812104 0.548159 1.000000 0.461498 0.980970 0.019815 0.003687 0.006948 0.040054 0.082899 0.072544 0.011667 0.027484
0.495472 0.298954 0.512604 0.284270 0.480299 0.282802 0.537566 0.291612 0.457295 0.288675 0.579170 0.376289 0.412754 0.373842 0.619795 0.500122 0.371639 0.500122 0.629095 0.621998 0.362339 0.623466 0.558123 0.624935 0.449953 0.624935 0.547845 0.812888 0.456316 0.807014 0.544908 1.000000 0.465615 0.968536 0.012721 0.007187 0.009489 0.035697 0.076662 0.076236 0.010284 0.028510
