0.497075 0.283527 0.489274 0.267925 0.500975 0.267925 0.465871 0.275726 0.543880 0.279626 0.430768 0.369336 0.582884 0.381037 0.395664 0.498050 0.598486 0.525353 0.352759 0.603361 0.571183 0.587759 0.442469 0.622863 0.543880 0.626764 0.450270 0.806183 0.528278 0.845187 0.450270 0.989503 0.516577 1.000000 0.013537 0.005959 0.001137 0.027409 0.038396 0.165553 0.017391 0.036235
0.487123 0.280101 0.483161 0.268215 0.491085 0.268215 0.467312 0.276139 0.546555 0.276139 0.431653 0.371230 0.582214 0.379155 0.395994 0.498019 0.602025 0.521792 0.348448 0.601035 0.570328 0.585186 0.443539 0.620845 0.542593 0.628770 0.455426 0.807066 0.534669 0.846688 0.459388 0.981400 0.518820 1.000000 0.013057 0.011128 0.005143 0.038537 0.050369 0.191512 0.017666 0.031860
0.491952 0.280698 0.491952 0.268626 0.500000 0.268626 0.467809 0.276674 0.548287 0.276674 0.431594 0.369224 0.584502 0.381295 0.391355 0.497988 0.600597 0.526155 0.347092 0.598585 0.568406 0.582490 0.443666 0.622729 0.540239 0.626753 0.455737 0.803804 0.536215 0.844043 0.459761 0.972807 0.524143 1.000000 0.013611 0.011451 0.006042 0.050896 0.035530 0.200473 0.020508 0.027083
0.488014 0.283250 0.484018 0.271263 0.492009 0.271263 0.468037 0.279254 0.543949 0.279254 0.432078 0.371148 0.579908 0.379139 0.392124 0.495006 0.599885 0.522974 0.344179 0.594891 0.571917 0.586900 0.444064 0.622859 0.543949 0.626854 0.460046 0.802652 0.535959 0.834615 0.464041 0.974454 0.527968 1.000000 0.020819 0.000459 0.013074 0.033649 0.043124 0.175203 0.015267 0.040457
0.475014 0.275125 0.475014 0.262632 0.483343 0.262632 0.466685 0.270961 0.541644 0.270961 0.429206 0.370905 0.579123 0.379234 0.387562 0.500000 0.599944 0.516657 0.341755 0.599944 0.591616 0.591616 0.445863 0.624931 0.545808 0.624931 0.458356 0.816491 0.537479 0.833148 0.466685 1.000000 0.533315 1.000000 0.006592 0.006232 0.000133 0.030173 0.037471 0.083088 0.010607 0.033456
0.469025 0.280079 0.469025 0.267689 0.473155 0.267689 0.464895 0.275949 0.543365 0.275949 0.431855 0.370938 0.576405 0.379198 0.394686 0.503097 0.597054 0.523747 0.349256 0.602217 0.601184 0.618737 0.448375 0.622867 0.543365 0.626997 0.460765 0.821106 0.539235 0.829365 0.469025 1.000000 0.539235 1.000000 0.006037 0.006495 0.000979 0.035697 0.049527 0.031336 0.010519 0.026364
0.473155 0.282144 0.473155 0.269754 0.481415 0.269754 0.464895 0.278014 0.543365 0.278014 0.431855 0.373003 0.576405 0.377133 0.398816 0.505162 0.597054 0.521682 0.357516 0.612542 0.605314 0.629062 0.448375 0.624932 0.543365 0.624932 0.460765 0.827301 0.539235 0.831431 0.469025 1.000000 0.535105 1.000000 0.006209 0.000695 0.001383 0.035827 0.038896 0.020730 0.010519 0.025829
0.475623 0.283651 0.471560 0.271462 0.483748 0.271462 0.467497 0.279588 0.540629 0.279588 0.430931 0.373035 0.577195 0.377097 0.398428 0.507110 0.593447 0.519299 0.361862 0.616808 0.613761 0.637123 0.447182 0.624934 0.544692 0.624934 0.459371 0.828079 0.536566 0.824016 0.467497 1.000000 0.532503 1.000000 0.006091 0.005911 0.001432 0.028524 0.026711 0.018125 0.010348 0.032061
0.481567 0.280855 0.477471 0.268567 0.489760 0.268567 0.469279 0.276759 0.543010 0.276759 0.432413 0.370971 0.575779 0.379163 0.403740 0.510240 0.592164 0.522529 0.375067 0.629029 0.620837 0.645414 0.448798 0.624933 0.543010 0.624933 0.456990 0.833837 0.534817 0.825645 0.469279 1.000000 0.534817 1.000000 0.005522 0.012985 0.008031 0.029207 0.010759 0.036746 0.010433 0.025461
0.482729 0.281569 0.478665 0.269378 0.490856 0.269378 0.470537 0.277505 0.543686 0.277505 0.429899 0.370973 0.576197 0.379101 0.405516 0.509144 0.592452 0.513207 0.389261 0.626995 0.624963 0.635122 0.450218 0.622931 0.543686 0.626995 0.454282 0.834250 0.531495 0.813931 0.466473 1.000000 0.531495 1.000000 0.011546 0.020730 0.019494 0.020779 0.011970 0.044557 0.007762 0.026850
0.480692 0.283544 0.480692 0.271349 0.488822 0.271349 0.468497 0.279479 0.545730 0.279479 0.427848 0.372972 0.574185 0.377037 0.407523 0.507114 0.594509 0.511178 0.403458 0.592477 0.635158 0.624996 0.452237 0.624996 0.545730 0.624996 0.456302 0.832306 0.533535 0.803852 0.468497 1.000000 0.529471 0.990837 0.011105 0.014751 0.024468 0.014699 0.032719 0.061323 0.002588 0.027910
0.495935 0.283537 0.491870 0.271341 0.504065 0.271341 0.471545 0.279472 0.544715 0.279472 0.426829 0.372967 0.573171 0.377033 0.406504 0.511179 0.597561 0.507114 0.439024 0.584350 0.638211 0.616870 0.455285 0.625000 0.544715 0.625000 0.455285 0.832317 0.536585 0.795732 0.467480 1.000000 0.528455 0.966463 0.017666 0.000001 0.035787 0.021222 0.179602 0.053908 0.000006 0.015146
0.509375 0.279174 0.505208 0.270841 0.513541 0.270841 0.471876 0.275008 0.546873 0.275008 0.426044 0.375004 0.571872 0.375004 0.409378 0.512500 0.601038 0.504167 0.451043 0.566664 0.646870 0.612496 0.455210 0.624996 0.546873 0.624996 0.455210 0.837488 0.534374 0.791657 0.463543 1.000000 0.530207 0.954151 0.011784 0.015669 0.036969 0.007897 0.247110 0.056710 0.002652 0.023829
0.510504 0.282563 0.506303 0.269958 0.518908 0.269958 0.472689 0.274160 0.548319 0.278361 0.426471 0.375000 0.573529 0.375000 0.409664 0.509454 0.598740 0.505252 0.447479 0.543067 0.649160 0.614496 0.451681 0.627101 0.548319 0.622899 0.451681 0.837185 0.535714 0.786765 0.460084 1.000000 0.531513 0.950630 0.012237 0.016277 0.031726 0.007822 0.308286 0.076784 0.000006 0.024437
0.507353 0.282571 0.503151 0.269966 0.515756 0.269966 0.473740 0.274168 0.549368 0.278369 0.427524 0.375004 0.574577 0.375004 0.410717 0.513655 0.599786 0.501050 0.448531 0.530461 0.650205 0.614492 0.452733 0.627096 0.545166 0.622895 0.452733 0.828770 0.532562 0.782553 0.452733 1.000000 0.528360 0.946413 0.000001 0.016918 0.031726 0.012512 0.405271 0.070292 0.002676 0.025078
0.493698 0.280493 0.489497 0.267890 0.502101 0.267890 0.472693 0.276292 0.548312 0.276292 0.430682 0.372917 0.573519 0.377118 0.413878 0.507352 0.598726 0.503151 0.455889 0.536759 0.644938 0.616580 0.451687 0.624982 0.544111 0.624982 0.451687 0.826635 0.527307 0.793026 0.447486 1.000000 0.518905 0.956868 0.006366 0.015415 0.026465 0.005864 0.345183 0.060313 0.005350 0.031725
0.492524 0.283191 0.492524 0.270375 0.501068 0.270375 0.471163 0.278919 0.548061 0.278919 0.428442 0.372905 0.577966 0.377177 0.411354 0.509612 0.599326 0.509612 0.462619 0.560877 0.646319 0.620687 0.449803 0.624959 0.543789 0.624959 0.449803 0.830020 0.522429 0.804387 0.441259 1.000000 0.518156 0.983815 0.013831 0.030139 0.026911 0.005915 0.289583 0.076499 0.008160 0.037717
0.493698 0.280493 0.489497 0.267890 0.497899 0.267890 0.468492 0.276292 0.544111 0.276292 0.430682 0.372917 0.573519 0.377118 0.409677 0.511553 0.598726 0.515754 0.451687 0.574569 0.640736 0.633385 0.451687 0.624982 0.544111 0.624982 0.451687 0.818232 0.523106 0.801428 0.434883 0.986276 0.510503 0.986276 0.031725 0.016047 0.026465 0.000140 0.235032 0.051939 0.005350 0.037717
0.488446 0.280470 0.484244 0.267865 0.496849 0.267865 0.471640 0.276268 0.543066 0.276268 0.429624 0.372904 0.572476 0.377105 0.408617 0.515756 0.597686 0.524159 0.438027 0.587182 0.635499 0.646003 0.450632 0.624996 0.547267 0.624996 0.450632 0.818266 0.522058 0.818266 0.438027 0.986327 0.509453 1.000000 0.023829 0.019616 0.026465 0.009025 0.170811 0.041744 0.002676 0.041286
0.485045 0.278878 0.476499 0.266060 0.489318 0.266060 0.467953 0.274606 0.544865 0.274606 0.429497 0.372882 0.574775 0.377155 0.408133 0.509614 0.591867 0.522433 0.403860 0.612163 0.621777 0.637800 0.450862 0.624982 0.544865 0.624982 0.450862 0.825807 0.523501 0.834353 0.438043 0.996722 0.506409 1.000000 0.023829 0.005344 0.026911 0.005863 0.036082 0.043470 0.005440 0.032369
0.472226 0.281015 0.472226 0.268196 0.480772 0.268196 0.467953 0.276742 0.540592 0.276742 0.429497 0.370745 0.574775 0.379291 0.403860 0.516023 0.596140 0.524569 0.386769 0.622845 0.617504 0.639937 0.450862 0.622845 0.544865 0.627118 0.455135 0.827944 0.523501 0.840762 0.446589 1.000000 0.506409 1.000000 0.021089 0.006314 0.020281 0.006507 0.005098 0.011809 0.005440 0.038356
0.479003 0.282686 0.474804 0.270088 0.487402 0.270088 0.466406 0.278486 0.537794 0.278486 0.432811 0.370871 0.575588 0.379270 0.403416 0.509448 0.596584 0.517847 0.369821 0.614431 0.604983 0.610232 0.449608 0.622830 0.541993 0.627029 0.453808 0.815998 0.525196 0.832795 0.453808 1.000000 0.504199 1.000000 0.006918 0.005799 0.014270 0.016972 0.032048 0.019007 0.010695 0.032846
0.490563 0.287133 0.490563 0.274549 0.498951 0.274549 0.469590 0.282938 0.540896 0.278744 0.436035 0.371021 0.578646 0.379410 0.402479 0.505243 0.599618 0.517826 0.356341 0.610104 0.599618 0.593326 0.444424 0.622687 0.540896 0.626881 0.452813 0.811436 0.524118 0.836603 0.461202 0.991797 0.507340 1.000000 0.000649 0.000501 0.003532 0.022774 0.053962 0.047865 0.018703 0.039548
0.495772 0.280166 0.491545 0.267483 0.500000 0.271710 0.470407 0.275938 0.546503 0.275938 0.436586 0.373172 0.580324 0.377400 0.394310 0.500000 0.605690 0.516910 0.347807 0.601462 0.588779 0.584552 0.445041 0.622600 0.538048 0.626827 0.453497 0.804386 0.521138 0.838207 0.466179 0.965034 0.504228 1.000000 0.010283 0.000501 0.004008 0.028032 0.034381 0.135228 0.021547 0.040205
0.498935 0.281628 0.494674 0.268845 0.503196 0.268845 0.469108 0.277367 0.545805 0.273106 0.435021 0.371107 0.584153 0.379629 0.388151 0.498935 0.605458 0.515978 0.337020 0.592675 0.579892 0.567109 0.443543 0.622501 0.537283 0.626762 0.452065 0.797199 0.520239 0.839808 0.464847 0.950592 0.498935 1.000000 0.010949 0.005101 0.004730 0.034250 0.047079 0.196921 0.024437 0.040926
0.496831 0.284524 0.492606 0.271849 0.501056 0.271849 0.471481 0.280299 0.547531 0.280299 0.437681 0.373249 0.581332 0.377475 0.391206 0.491550 0.606682 0.512675 0.336281 0.576050 0.581332 0.559150 0.441906 0.622526 0.539081 0.626751 0.454581 0.791526 0.526406 0.833776 0.471481 0.935177 0.505281 1.000000 0.013449 0.011644 0.018434 0.033979 0.064312 0.217945 0.024231 0.043293
0.482651 0.277711 0.482651 0.264699 0.491325 0.264699 0.469639 0.273374 0.547711 0.273374 0.434940 0.373133 0.582410 0.377470 0.387229 0.490241 0.608434 0.511928 0.330844 0.576988 0.586747 0.563976 0.443615 0.620361 0.539036 0.629036 0.460964 0.793855 0.526024 0.837228 0.469639 0.954337 0.504337 1.000000 0.014536 0.011857 0.020561 0.034478 0.060320 0.186522 0.022108 0.051594
0.472614 0.280912 0.472614 0.267767 0.481378 0.267767 0.468232 0.280912 0.547104 0.276531 0.433178 0.372929 0.577776 0.377311 0.389361 0.491237 0.608448 0.508763 0.336780 0.578872 0.599685 0.570108 0.446324 0.622689 0.542722 0.627071 0.468232 0.806723 0.533959 0.833013 0.481378 0.977611 0.512050 1.000000 0.013280 0.019501 0.020979 0.030848 0.059114 0.118134 0.013952 0.051254
0.475911 0.281005 0.471531 0.267865 0.480290 0.267865 0.462771 0.276625 0.541609 0.276625 0.432112 0.372983 0.581028 0.377363 0.388312 0.495620 0.607308 0.513140 0.340134 0.587598 0.607308 0.596358 0.445251 0.622637 0.541609 0.627017 0.467151 0.806593 0.537229 0.828493 0.484670 0.977409 0.519710 1.000000 0.005183 0.021302 0.020979 0.042929 0.044401 0.060856 0.016738 0.044635
0.481378 0.276531 0.476996 0.263385 0.485759 0.263385 0.463851 0.272149 0.542722 0.272149 0.433178 0.372929 0.577776 0.377311 0.393743 0.500000 0.604067 0.517527 0.345543 0.600780 0.612830 0.622689 0.446324 0.622689 0.542722 0.627071 0.468232 0.811104 0.538340 0.828631 0.481378 0.990756 0.525195 1.000000 0.013598 0.015253 0.020110 0.037466 0.046214 0.032533 0.013952 0.043766
0.482312 0.275583 0.482312 0.262317 0.491156 0.262317 0.464624 0.271161 0.539798 0.271161 0.429248 0.372867 0.579596 0.377289 0.393872 0.509950 0.601706 0.518794 0.349652 0.616078 0.619394 0.629344 0.446936 0.624922 0.544220 0.624922 0.460202 0.823912 0.539798 0.828334 0.477890 1.000000 0.526532 1.000000 0.007030 0.016910 0.001108 0.038249 0.045275 0.001172 0.011263 0.028108
0.488048 0.277250 0.488048 0.264211 0.496740 0.264211 0.466316 0.272903 0.544550 0.272903 0.431545 0.372869 0.574974 0.377216 0.401121 0.507606 0.596706 0.520645 0.366350 0.616265 0.622784 0.637997 0.448930 0.624958 0.544550 0.624958 0.461969 0.829236 0.540204 0.820543 0.475008 1.000000 0.531511 1.000000 0.000427 0.008074 0.001624 0.031824 0.027891 0.021740 0.008302 0.027362
0.496740 0.277250 0.492394 0.268557 0.501087 0.268557 0.466316 0.272903 0.544550 0.272903 0.431545 0.372869 0.574974 0.377216 0.405467 0.507606 0.592360 0.520645 0.383735 0.607572 0.622784 0.642343 0.448930 0.624958 0.544550 0.624958 0.457623 0.837929 0.540204 0.820543 0.470662 1.000000 0.535857 1.000000 0.006884 0.000499 0.008933 0.031824 0.007282 0.039583 0.008302 0.020057
0.503233 0.282336 0.498922 0.273715 0.511853 0.269405 0.468751 0.278026 0.546335 0.278026 0.429960 0.372850 0.572196 0.377160 0.404098 0.515086 0.589436 0.519396 0.408409 0.601289 0.623918 0.635771 0.451510 0.627150 0.546335 0.622840 0.455821 0.834039 0.537714 0.816799 0.468751 1.000000 0.537714 1.000000 0.012833 0.014138 0.020281 0.019245 0.073151 0.053295 0.002744 0.020768
0.507608 0.281530 0.494565 0.268487 0.511956 0.268487 0.464132 0.277182 0.546737 0.277182 0.425003 0.372831 0.572823 0.377179 0.403265 0.516304 0.590214 0.511956 0.433698 0.585866 0.624995 0.629343 0.455436 0.624995 0.546737 0.624995 0.455436 0.842378 0.533694 0.803249 0.468479 1.000000 0.533694 0.985851 0.019464 0.023249 0.038232 0.010133 0.179139 0.050844 0.002768 0.023250
0.518318 0.282336 0.514008 0.269405 0.526939 0.269405 0.470906 0.278026 0.544179 0.278026 0.427804 0.372850 0.570041 0.377160 0.410564 0.506465 0.587281 0.510775 0.453666 0.545257 0.630383 0.618530 0.453666 0.627150 0.548490 0.622840 0.453666 0.834039 0.539869 0.790937 0.466596 1.000000 0.535559 0.954724 0.019076 0.007935 0.032260 0.011541 0.307584 0.080272 0.002744 0.016309
0.509868 0.282903 0.505482 0.269746 0.518640 0.269746 0.470396 0.278517 0.544954 0.278517 0.426538 0.375005 0.571269 0.375005 0.408995 0.506579 0.588812 0.506579 0.452853 0.519736 0.632670 0.616224 0.452853 0.624995 0.549340 0.624995 0.448467 0.831128 0.540569 0.791655 0.457238 1.000000 0.536183 0.945158 0.019756 0.007646 0.040155 0.011113 0.449419 0.078926 0.002792 0.009966
0.511062 0.282080 0.506637 0.268805 0.515487 0.268805 0.471239 0.277655 0.546460 0.277655 0.426991 0.375000 0.573009 0.375000 0.409292 0.507743 0.590708 0.503319 0.457965 0.507743 0.634956 0.613938 0.453540 0.627212 0.546460 0.622788 0.449115 0.830752 0.537611 0.790929 0.449115 1.000000 0.533186 0.954646 0.006919 0.008137 0.040302 0.017237 0.542192 0.077489 0.000006 0.009819
0.497768 0.276786 0.493304 0.267857 0.506696 0.267857 0.470982 0.272321 0.546875 0.276786 0.426339 0.375000 0.573661 0.375000 0.412946 0.504464 0.591518 0.504464 0.470982 0.508929 0.631696 0.616071 0.453125 0.625000 0.546875 0.625000 0.453125 0.825893 0.533482 0.794643 0.444196 1.000000 0.524554 0.968750 0.013831 0.008768 0.033975 0.008897 0.508375 0.066364 0.000006 0.025078
0.490045 0.279876 0.485620 0.271027 0.494469 0.271027 0.467922 0.275451 0.543140 0.275451 0.428100 0.372793 0.574112 0.377217 0.414826 0.505531 0.591811 0.514380 0.463497 0.509955 0.636057 0.633844 0.450223 0.624995 0.547565 0.624995 0.454648 0.819678 0.529866 0.797555 0.441374 1.000000 0.521017 0.978964 0.029931 0.017018 0.020618 0.001436 0.502868 0.072060 0.002817 0.039767
0.491228 0.282895 0.482456 0.265351 0.495614 0.265351 0.464912 0.274123 0.543860 0.274123 0.425439 0.370614 0.574561 0.379386 0.412281 0.506579 0.592105 0.519737 0.469298 0.532895 0.631579 0.642544 0.451754 0.625000 0.548246 0.625000 0.456140 0.822368 0.526316 0.804825 0.434211 0.984649 0.513158 0.989035 0.049828 0.015930 0.025740 0.004653 0.393069 0.059410 0.000006 0.045700
0.490045 0.279876 0.481195 0.266602 0.494469 0.262177 0.463497 0.275451 0.543140 0.275451 0.423676 0.372793 0.574112 0.377217 0.410402 0.514380 0.591811 0.523229 0.445799 0.580749 0.631632 0.651543 0.454648 0.624995 0.547565 0.624995 0.454648 0.828527 0.525441 0.824102 0.436949 0.992237 0.512168 1.000000 0.034279 0.014034 0.038896 0.001246 0.185713 0.057390 0.002817 0.035223
0.487939 0.276324 0.483553 0.263167 0.496711 0.263167 0.466010 0.271939 0.544954 0.271939 0.426538 0.372812 0.575655 0.377198 0.408995 0.517543 0.593198 0.521929 0.426538 0.596488 0.623899 0.635960 0.452853 0.622802 0.544954 0.627188 0.452853 0.824549 0.527411 0.828935 0.444081 0.995595 0.514254 1.000000 0.016309 0.006879 0.033383 0.011286 0.108000 0.045318 0.002792 0.027610
0.490221 0.279423 0.481528 0.266384 0.494567 0.266384 0.464143 0.275077 0.546723 0.279423 0.429372 0.370696 0.577148 0.379389 0.411986 0.509779 0.590187 0.514126 0.398947 0.614092 0.611918 0.622784 0.451104 0.622784 0.542377 0.627131 0.455450 0.818370 0.524992 0.835755 0.446757 1.000000 0.511952 1.000000 0.021867 0.006174 0.020300 0.017921 0.000002 0.032125 0.008302 0.033537
0.486004 0.284683 0.477392 0.271764 0.490311 0.271764 0.464473 0.280376 0.546293 0.280376 0.434328 0.370810 0.576438 0.379422 0.408490 0.504306 0.593663 0.512919 0.382652 0.611965 0.593663 0.594740 0.447247 0.624884 0.541987 0.624884 0.455860 0.814363 0.520455 0.835895 0.451554 1.000000 0.503230 1.000000 0.021377 0.006957 0.001711 0.012016 0.014121 0.040847 0.013712 0.046827
0.473976 0.279880 0.473976 0.266868 0.482651 0.266868 0.465301 0.275542 0.543373 0.275542 0.434940 0.370964 0.582410 0.379639 0.404578 0.505422 0.595422 0.514096 0.361205 0.609518 0.586747 0.592169 0.443615 0.622530 0.539036 0.626867 0.456627 0.809036 0.521687 0.839397 0.452289 0.995542 0.504337 1.000000 0.029573 0.000511 0.011200 0.029354 0.054975 0.065932 0.022108 0.048099
0.493389 0.282928 0.493389 0.269705 0.502204 0.269705 0.471351 0.278520 0.550687 0.278520 0.436090 0.371079 0.585947 0.379894 0.396423 0.503306 0.603577 0.525343 0.343532 0.600272 0.585947 0.582642 0.440498 0.622310 0.537464 0.626717 0.453721 0.807427 0.519834 0.847095 0.458128 0.979321 0.502204 1.000000 0.014537 0.000001 0.017114 0.036328 0.066173 0.133411 0.028096 0.048109
0.494582 0.284355 0.490247 0.271351 0.498916 0.271351 0.472909 0.280020 0.546597 0.280020 0.438232 0.371046 0.581273 0.379716 0.390552 0.488080 0.598612 0.514087 0.338537 0.579106 0.529258 0.509753 0.442567 0.622452 0.537928 0.626786 0.455571 0.791500 0.520589 0.834846 0.459905 0.951879 0.503251 1.000000 0.015837 0.001052 0.018950 0.028817 0.042103 0.560715 0.024861 0.050902
0.491173 0.278210 0.491173 0.269383 0.500000 0.269383 0.469104 0.278210 0.544137 0.278210 0.433794 0.370898 0.583861 0.379726 0.385243 0.481242 0.597102 0.512138 0.327864 0.565103 0.530896 0.520965 0.442621 0.622481 0.539724 0.626895 0.455863 0.794617 0.522069 0.834340 0.464690 0.949097 0.504414 1.000000 0.006267 0.000572 0.013273 0.029223 0.059060 0.489533 0.022498 0.051462
0.480894 0.274097 0.480894 0.260611 0.489885 0.260611 0.467407 0.269602 0.543832 0.269602 0.431442 0.368504 0.584292 0.381991 0.386487 0.476398 0.597779 0.516858 0.328044 0.561814 0.561814 0.561814 0.444929 0.620257 0.539336 0.629248 0.462912 0.804575 0.521354 0.836044 0.471903 0.966416 0.507867 1.000000 0.013291 0.007318 0.013921 0.029639 0.065336 0.246502 0.020047 0.058566
