0.480062 0.258549 0.501413 0.245989 0.473155 0.244106 0.542858 0.272364 0.464991 0.266712 0.590584 0.373466 0.415382 0.376606 0.647100 0.502198 0.364517 0.502826 0.623865 0.468916 0.420406 0.480219 0.552906 0.625278 0.441129 0.624650 0.542230 0.811155 0.445524 0.808015 0.520880 1.000000 0.447408 1.000000 0.015856 0.004550 0.029015 0.025293 0.937685 0.744288 0.007597 0.025890
0.479937 0.260469 0.501378 0.248216 0.473198 0.246379 0.541811 0.273946 0.465234 0.268433 0.588982 0.373189 0.416225 0.376865 0.644117 0.498162 0.366604 0.500000 0.621450 0.466306 0.421739 0.478559 0.551613 0.624973 0.443180 0.624973 0.539360 0.808144 0.450532 0.809982 0.519757 1.000000 0.455432 1.000000 0.010865 0.004734 0.025641 0.021805 0.935403 0.739996 0.006630 0.033901
0.480145 0.257431 0.501077 0.245117 0.473373 0.243270 0.541711 0.271591 0.465369 0.266050 0.590348 0.373174 0.414270 0.376868 0.646373 0.498769 0.363170 0.501231 0.621131 0.463676 0.423504 0.478452 0.553408 0.624979 0.441974 0.624979 0.542327 0.802904 0.447515 0.802288 0.522625 0.989449 0.457981 0.991911 0.013693 0.007607 0.026565 0.025453 0.935073 0.739008 0.005880 0.029744
0.480841 0.256717 0.502129 0.245161 0.474151 0.242728 0.541662 0.272530 0.465636 0.265840 0.589711 0.372885 0.413939 0.377142 0.644449 0.499392 0.362241 0.501216 0.620729 0.461683 0.422454 0.477496 0.553218 0.624683 0.443133 0.625291 0.542879 0.801671 0.451647 0.801063 0.527065 0.987783 0.465636 0.985350 0.008408 0.008708 0.027239 0.021869 0.951258 0.745118 0.004647 0.033982
0.481243 0.252011 0.503382 0.240941 0.475093 0.237866 0.542741 0.270460 0.465254 0.261850 0.591324 0.373161 0.411136 0.376851 0.647287 0.502306 0.359478 0.505381 0.623303 0.462948 0.419746 0.478322 0.555040 0.624686 0.442500 0.625301 0.543356 0.806104 0.455414 0.806719 0.527981 0.996132 0.478783 0.999822 0.005225 0.015714 0.025130 0.017350 0.955953 0.755972 0.003132 0.043094
0.482361 0.250919 0.504866 0.240579 0.475061 0.237537 0.541361 0.272208 0.463505 0.261868 0.588805 0.373179 0.409370 0.376828 0.644765 0.502129 0.358885 0.506387 0.621651 0.462592 0.419102 0.478407 0.556568 0.624388 0.445257 0.625605 0.541970 0.804432 0.459247 0.807474 0.518856 0.992992 0.487227 1.000000 0.013072 0.019914 0.014874 0.021166 0.961932 0.756729 0.002324 0.050190
0.484264 0.249128 0.506052 0.238839 0.475790 0.235813 0.541156 0.270311 0.463080 0.260628 0.587155 0.373807 0.408609 0.376228 0.644047 0.503934 0.357163 0.505145 0.624679 0.463383 0.418898 0.479119 0.557498 0.624377 0.446739 0.625587 0.544788 0.807159 0.463080 0.803528 0.510289 0.999020 0.491527 0.997205 0.034532 0.017268 0.015401 0.019149 0.989365 0.747854 0.005395 0.051249
0.484406 0.250935 0.506980 0.241430 0.476089 0.236677 0.538466 0.272916 0.461237 0.261034 0.583022 0.372720 0.407176 0.377472 0.640053 0.502228 0.358462 0.504604 0.624607 0.462425 0.418463 0.476089 0.559853 0.624013 0.449949 0.625795 0.548566 0.809364 0.465395 0.807581 0.514703 0.997091 0.491534 1.000000 0.037446 0.015212 0.009905 0.027315 0.985790 0.757694 0.012484 0.046342
0.482433 0.251445 0.505662 0.243315 0.474883 0.238669 0.538183 0.275255 0.458042 0.260156 0.581739 0.373400 0.406356 0.376884 0.635166 0.503484 0.358155 0.503484 0.620648 0.462252 0.417971 0.475609 0.561413 0.623697 0.450492 0.626020 0.552121 0.810113 0.470237 0.808951 0.521923 0.980268 0.494047 0.998271 0.040057 0.005600 0.009939 0.021587 0.983718 0.754611 0.015164 0.050078
0.487877 0.248335 0.510663 0.240740 0.477945 0.235482 0.541628 0.272873 0.458664 0.258851 0.583694 0.373948 0.405498 0.376285 0.637444 0.501899 0.358174 0.503652 0.624007 0.461586 0.417767 0.473855 0.560908 0.623423 0.449901 0.626344 0.550976 0.805708 0.470934 0.810382 0.534617 0.971635 0.490798 1.000000 0.013955 0.003443 0.011666 0.019718 0.975823 0.760823 0.013766 0.053548
0.488543 0.250237 0.510884 0.242217 0.478232 0.237061 0.541245 0.273724 0.459328 0.259403 0.582491 0.374546 0.406625 0.375691 0.632329 0.501719 0.358506 0.499427 0.622017 0.462192 0.415791 0.472503 0.560149 0.623163 0.450735 0.626600 0.557285 0.798455 0.471357 0.809912 0.547547 0.962291 0.493126 0.998380 0.013697 0.000944 0.023326 0.019733 0.962339 0.757911 0.013862 0.040861
0.490394 0.253928 0.512996 0.246018 0.480224 0.239802 0.541812 0.275965 0.461013 0.260144 0.580800 0.374280 0.407900 0.375975 0.631088 0.503108 0.361002 0.499717 0.621482 0.460730 0.415245 0.474856 0.559893 0.622895 0.451407 0.626850 0.557633 0.800315 0.471183 0.808790 0.552548 0.975475 0.489829 0.997511 0.005184 0.003114 0.022650 0.020195 0.952489 0.752111 0.014394 0.038518
0.490510 0.256282 0.512516 0.248030 0.480057 0.243078 0.541674 0.278288 0.460802 0.263434 0.580735 0.374565 0.408537 0.375665 0.626398 0.502201 0.361774 0.496699 0.616495 0.460939 0.416789 0.472492 0.559279 0.623234 0.451449 0.626535 0.559829 0.804235 0.471254 0.809736 0.550477 0.987986 0.489410 0.996238 0.017155 0.003392 0.028365 0.019647 0.965615 0.749301 0.013663 0.033312
0.490843 0.255266 0.513041 0.246387 0.480299 0.241948 0.543009 0.276354 0.460876 0.262481 0.581300 0.374581 0.407046 0.375691 0.628471 0.503885 0.357655 0.496115 0.618482 0.464483 0.415925 0.474472 0.560212 0.623199 0.451442 0.626529 0.557437 0.810218 0.470865 0.813548 0.549113 1.000000 0.488069 1.000000 0.008720 0.005137 0.022212 0.022820 0.967687 0.737094 0.014844 0.037663
0.493117 0.255361 0.515144 0.247101 0.482103 0.241594 0.543228 0.276838 0.462279 0.261970 0.581225 0.374858 0.407211 0.375409 0.626931 0.504268 0.358751 0.497109 0.619222 0.466822 0.414920 0.474531 0.560299 0.623214 0.451265 0.626518 0.556995 0.810445 0.472191 0.811546 0.549836 1.000000 0.485407 1.000000 0.005686 0.014598 0.021140 0.019434 0.956560 0.742279 0.014729 0.041464
0.494341 0.253893 0.516978 0.246163 0.484403 0.240090 0.545688 0.276530 0.463974 0.260518 0.582680 0.375911 0.408210 0.374255 0.627954 0.504555 0.357967 0.496825 0.620776 0.468115 0.416492 0.477501 0.559491 0.623261 0.449619 0.626573 0.560595 0.808221 0.469495 0.809325 0.558939 1.000000 0.489372 1.000000 0.004511 0.002224 0.031655 0.017293 0.954191 0.725344 0.011602 0.032584
0.494828 0.253383 0.517693 0.246305 0.485029 0.239772 0.545458 0.277337 0.465430 0.259916 0.583567 0.376419 0.408811 0.373697 0.626031 0.505988 0.358181 0.493467 0.619498 0.467880 0.415344 0.476590 0.558524 0.623581 0.449098 0.626303 0.557980 0.799969 0.468696 0.802147 0.557435 0.992690 0.481762 0.990513 0.000117 0.013287 0.031160 0.015009 0.953233 0.718687 0.009706 0.036314
0.497579 0.255293 0.519103 0.247760 0.487354 0.241841 0.547085 0.277894 0.467444 0.262827 0.584753 0.375831 0.410404 0.374216 0.629416 0.503901 0.362512 0.494215 0.619730 0.465695 0.416324 0.475381 0.556771 0.623900 0.448072 0.626053 0.553542 0.798787 0.466906 0.800401 0.550313 0.986050 0.485740 0.981745 0.000392 0.001312 0.029878 0.013007 0.972224 0.728040 0.006167 0.040128
0.497857 0.253638 0.520363 0.245600 0.488211 0.239705 0.548763 0.276144 0.468384 0.258996 0.586810 0.376350 0.409975 0.373671 0.630750 0.504957 0.361212 0.493704 0.619497 0.463695 0.419085 0.474948 0.556801 0.624454 0.446414 0.625526 0.549835 0.803967 0.461954 0.799145 0.535903 0.995270 0.480173 0.980802 0.010795 0.003404 0.025967 0.017321 0.979953 0.722587 0.004093 0.040761
0.499338 0.252914 0.521584 0.244440 0.489804 0.238614 0.551244 0.274101 0.470207 0.257681 0.588321 0.377384 0.410885 0.372617 0.630693 0.507150 0.361627 0.490731 0.622219 0.463718 0.420419 0.473782 0.554952 0.625264 0.445842 0.624735 0.543300 0.804818 0.460673 0.800581 0.527410 0.999203 0.481859 0.987550 0.005334 0.009134 0.021965 0.017073 0.960875 0.715110 0.001011 0.047410
0.499737 0.250005 0.521842 0.242110 0.489737 0.236321 0.550262 0.273162 0.469737 0.256321 0.587630 0.377897 0.410791 0.372108 0.628155 0.509474 0.361319 0.490526 0.622366 0.467369 0.420265 0.472632 0.554999 0.625261 0.446580 0.624734 0.539736 0.807889 0.458685 0.802626 0.523421 0.999464 0.478685 0.983675 0.000499 0.013393 0.015208 0.023169 0.948390 0.719783 0.002009 0.048168
0.499341 0.250531 0.522020 0.242620 0.489320 0.237345 0.551028 0.274265 0.469278 0.258442 0.587947 0.378166 0.410734 0.371837 0.628558 0.510548 0.359047 0.489979 0.623284 0.470465 0.418646 0.474156 0.555775 0.624998 0.445544 0.624998 0.544699 0.810122 0.458202 0.810122 0.528349 1.000000 0.487738 0.991027 0.007730 0.029783 0.022235 0.021764 0.946896 0.713876 0.001679 0.040753
0.500000 0.252225 0.522466 0.243866 0.490596 0.238642 0.552246 0.274691 0.471265 0.260062 0.588817 0.378660 0.412750 0.371345 0.630614 0.510319 0.361027 0.488375 0.623300 0.471657 0.420587 0.474791 0.554335 0.625259 0.444097 0.624736 0.541796 0.811253 0.450367 0.809163 0.529258 1.000000 0.489028 0.985231 0.001811 0.057988 0.022796 0.028363 0.961670 0.703841 0.001995 0.032243
0.500131 0.252227 0.522596 0.243868 0.491249 0.238643 0.552376 0.274693 0.471396 0.259541 0.588947 0.378661 0.412881 0.371346 0.630221 0.510318 0.361158 0.488375 0.623429 0.472179 0.420195 0.474792 0.554466 0.625258 0.443706 0.624735 0.541927 0.811251 0.450498 0.809161 0.529388 1.000000 0.490204 0.985227 0.001762 0.058887 0.022796 0.026815 0.959399 0.704452 0.002327 0.033144
0.500262 0.252227 0.522775 0.243850 0.490838 0.238615 0.552617 0.274740 0.470419 0.259557 0.589266 0.378928 0.411781 0.371074 0.632198 0.510340 0.358902 0.491492 0.623297 0.473691 0.417540 0.478403 0.555235 0.625522 0.443718 0.624475 0.543717 0.808243 0.452095 0.798819 0.526440 1.000000 0.481937 0.971593 0.006968 0.039161 0.023614 0.024624 0.975325 0.701615 0.001332 0.035321
0.501426 0.251303 0.524766 0.244042 0.493128 0.236781 0.552773 0.276199 0.471863 0.255971 0.589598 0.378893 0.412217 0.371113 0.632128 0.511670 0.361907 0.495073 0.623311 0.472252 0.416885 0.477438 0.555367 0.625775 0.442818 0.624219 0.547587 0.809898 0.445930 0.800044 0.526841 1.000000 0.455784 0.979500 0.019427 0.011828 0.030414 0.032665 0.971376 0.721522 0.002310 0.019075
0.500769 0.250389 0.523846 0.243210 0.492564 0.236543 0.552050 0.277568 0.471539 0.258081 0.588973 0.378079 0.412566 0.371926 0.633074 0.509359 0.363849 0.493974 0.624357 0.469872 0.414617 0.476539 0.554614 0.625767 0.443847 0.624228 0.547948 0.808840 0.451027 0.803199 0.524359 1.000000 0.456667 0.997042 0.025976 0.003503 0.032289 0.026503 0.966005 0.726190 0.001957 0.024348
0.501240 0.254720 0.524057 0.247776 0.492808 0.240832 0.552330 0.281009 0.472471 0.261664 0.588043 0.376740 0.413941 0.373268 0.633676 0.503720 0.367812 0.492808 0.621276 0.465527 0.417413 0.473959 0.553322 0.625244 0.444694 0.624748 0.543897 0.805298 0.452134 0.805298 0.525049 1.000000 0.459079 1.000000 0.013883 0.001972 0.027543 0.025623 0.990112 0.732822 0.002526 0.029755
0.500750 0.253781 0.523747 0.246282 0.491751 0.239783 0.553743 0.279778 0.472254 0.260781 0.590738 0.376266 0.413261 0.373766 0.639232 0.502750 0.367267 0.496750 0.623234 0.465754 0.417761 0.476253 0.553743 0.625234 0.442257 0.624734 0.543244 0.807711 0.451256 0.807211 0.526747 1.000000 0.459755 1.000000 0.008238 0.002167 0.028662 0.020930 0.986620 0.736662 0.005093 0.033978
0.499382 0.253359 0.522624 0.245941 0.491470 0.239512 0.552295 0.279074 0.471689 0.259787 0.591362 0.375999 0.411852 0.374021 0.636858 0.503091 0.366851 0.498146 0.620539 0.461057 0.418775 0.476387 0.554273 0.625237 0.442512 0.624742 0.543394 0.804747 0.451908 0.804747 0.526086 0.999588 0.460315 1.000000 0.008934 0.003114 0.027755 0.022133 0.991545 0.737023 0.004092 0.035868
0.498531 0.252820 0.522037 0.245964 0.491185 0.239108 0.550930 0.279754 0.471107 0.259186 0.589616 0.376226 0.411853 0.373778 0.636628 0.504530 0.366800 0.497184 0.619978 0.461436 0.421157 0.476616 0.554847 0.624998 0.443684 0.624998 0.541625 0.802272 0.449560 0.803251 0.528403 0.992278 0.461313 0.994237 0.001585 0.009074 0.020505 0.029628 0.994436 0.726565 0.001871 0.034188
0.498422 0.251217 0.521723 0.244906 0.491141 0.237624 0.550849 0.278886 0.471238 0.257527 0.589198 0.376458 0.412016 0.373545 0.634829 0.502670 0.367356 0.497330 0.620751 0.461408 0.422695 0.475000 0.554732 0.624999 0.444054 0.624999 0.540169 0.796356 0.449879 0.797812 0.528034 0.977907 0.463957 0.981305 0.005740 0.013647 0.016874 0.029614 0.994231 0.732295 0.001542 0.037712
0.497692 0.250141 0.521014 0.244311 0.490404 0.236537 0.548223 0.278322 0.469026 0.255972 0.587578 0.375982 0.409264 0.374038 0.633736 0.505223 0.364078 0.498907 0.621589 0.461495 0.420439 0.477529 0.557454 0.624747 0.445704 0.625233 0.542392 0.790915 0.451049 0.799174 0.529274 0.966314 0.467082 0.991579 0.005013 0.016687 0.009585 0.036079 0.977057 0.725921 0.004022 0.038551
0.495525 0.249508 0.519231 0.243702 0.488268 0.235477 0.546809 0.278536 0.467464 0.255313 0.585513 0.375298 0.406988 0.374814 0.631959 0.507378 0.358123 0.503024 0.621799 0.462384 0.418115 0.479317 0.559388 0.623976 0.448111 0.625911 0.545357 0.791374 0.457304 0.802018 0.534230 0.972803 0.481010 1.000000 0.007119 0.020990 0.006703 0.035073 0.963057 0.735697 0.009550 0.043217
0.494012 0.250064 0.517964 0.244315 0.486827 0.235693 0.545269 0.278327 0.466228 0.254375 0.584550 0.375092 0.405870 0.375092 0.629579 0.506826 0.357487 0.501078 0.622393 0.463234 0.416888 0.478084 0.560119 0.623711 0.449462 0.626106 0.546227 0.791852 0.460001 0.804307 0.534730 0.971489 0.483952 1.000000 0.005894 0.019363 0.004939 0.035930 0.947160 0.734275 0.012201 0.045042
0.492570 0.251267 0.516629 0.245606 0.486437 0.236171 0.543519 0.280044 0.466623 0.253626 0.584090 0.374395 0.405767 0.375811 0.629851 0.505543 0.358591 0.503656 0.623718 0.461198 0.417561 0.474879 0.560974 0.623482 0.449168 0.626312 0.550124 0.790955 0.459075 0.802749 0.539274 0.969750 0.481719 1.000000 0.001299 0.018112 0.008861 0.036753 0.936883 0.757037 0.012918 0.038448
0.490027 0.252876 0.513684 0.246845 0.483533 0.238496 0.541052 0.279316 0.464514 0.256587 0.584192 0.374408 0.405603 0.375800 0.628723 0.504755 0.357825 0.503827 0.621765 0.456049 0.415345 0.473212 0.560534 0.623968 0.449671 0.625824 0.550793 0.793279 0.463587 0.801629 0.538269 0.961198 0.486316 1.000000 0.005404 0.011140 0.011791 0.030389 0.940378 0.769386 0.012997 0.043437
0.490799 0.252505 0.514261 0.246065 0.483439 0.236864 0.541403 0.278267 0.464578 0.254805 0.583725 0.375332 0.406154 0.374872 0.631108 0.503680 0.357391 0.500000 0.621907 0.453537 0.415815 0.474238 0.559344 0.623747 0.450777 0.626048 0.550143 0.791198 0.465498 0.802698 0.542323 0.957728 0.487119 0.998670 0.002534 0.008512 0.013669 0.029501 0.945191 0.750478 0.012890 0.043937
0.492371 0.253975 0.515257 0.247692 0.484294 0.238717 0.541285 0.279553 0.464998 0.257116 0.581223 0.374239 0.407109 0.376034 0.629688 0.498542 0.360440 0.494054 0.622059 0.453667 0.417431 0.473861 0.559235 0.623293 0.452433 0.626434 0.552503 0.786637 0.467241 0.799651 0.549362 0.949083 0.487435 0.990368 0.006955 0.006430 0.014921 0.029851 0.935265 0.728258 0.014861 0.040257
0.494255 0.253406 0.517686 0.246647 0.486594 0.237184 0.542920 0.278189 0.466317 0.254758 0.583925 0.375069 0.407738 0.375069 0.630338 0.502140 0.362227 0.499437 0.624480 0.456179 0.420355 0.471499 0.558241 0.623804 0.450095 0.626057 0.553284 0.794133 0.467669 0.802244 0.551031 0.973024 0.485693 0.996004 0.005252 0.002116 0.023493 0.021572 0.928881 0.754275 0.010616 0.040905
0.494205 0.253391 0.517384 0.246704 0.486182 0.236898 0.543237 0.277907 0.466569 0.254282 0.584246 0.375080 0.406839 0.375080 0.629267 0.502117 0.362264 0.499889 0.623026 0.454422 0.420211 0.470024 0.558839 0.623806 0.450076 0.626035 0.554381 0.802551 0.467015 0.806562 0.551261 0.994667 0.483062 1.000000 0.002767 0.003554 0.024467 0.024530 0.933004 0.760665 0.011353 0.037715
0.494435 0.254796 0.517569 0.248249 0.487014 0.239082 0.543759 0.278804 0.468245 0.256106 0.583917 0.375707 0.408881 0.374397 0.628440 0.500982 0.362612 0.495308 0.621456 0.454713 0.420230 0.469118 0.557727 0.624075 0.449475 0.625821 0.551180 0.806532 0.464753 0.807842 0.548124 1.000000 0.482213 1.000000 0.006532 0.001881 0.022024 0.024300 0.938991 0.752135 0.009172 0.038072
0.494985 0.254895 0.518536 0.247917 0.488006 0.238758 0.544267 0.278882 0.468381 0.256639 0.584827 0.375703 0.408195 0.374395 0.630621 0.501745 0.360656 0.496075 0.622335 0.455515 0.418662 0.469907 0.558223 0.624297 0.448755 0.625605 0.555170 0.802238 0.466200 0.803547 0.552118 1.000000 0.481464 0.999369 0.000636 0.006346 0.028475 0.019847 0.945527 0.753451 0.008886 0.036568
0.496562 0.256422 0.519770 0.249546 0.489256 0.240091 0.545557 0.279630 0.469915 0.256422 0.584667 0.375901 0.408887 0.374182 0.630653 0.501397 0.361181 0.492371 0.622487 0.452832 0.418772 0.470453 0.557590 0.623884 0.448856 0.626033 0.556731 0.800953 0.466907 0.802672 0.555012 0.995643 0.482809 0.995643 0.001269 0.006244 0.033072 0.017683 0.941221 0.737875 0.008209 0.033961
0.497235 0.258058 0.520206 0.250826 0.489578 0.242318 0.547857 0.280603 0.470861 0.259334 0.584015 0.375466 0.409604 0.374615 0.629107 0.502233 0.362385 0.494151 0.621875 0.453313 0.419388 0.473307 0.557641 0.623896 0.448740 0.626023 0.554663 0.796605 0.465756 0.800434 0.554238 0.988032 0.481070 0.989734 0.004779 0.005262 0.028179 0.018199 0.937934 0.731339 0.008125 0.036444
0.497492 0.258427 0.520479 0.250904 0.489969 0.242963 0.548064 0.280579 0.471580 0.259681 0.584425 0.375452 0.409724 0.374616 0.629563 0.501254 0.362914 0.493313 0.620368 0.452772 0.419336 0.472834 0.556423 0.624130 0.449429 0.625802 0.550989 0.800503 0.466146 0.802175 0.542212 0.986489 0.481192 0.984817 0.005208 0.003918 0.025890 0.019821 0.950004 0.730398 0.007451 0.039884
0.499482 0.258205 0.521850 0.250750 0.491612 0.242880 0.550016 0.279744 0.472973 0.258620 0.585224 0.376255 0.411256 0.373770 0.629958 0.502589 0.363207 0.490577 0.621674 0.453298 0.419954 0.472766 0.555815 0.624780 0.447706 0.625195 0.547530 0.802476 0.460547 0.799991 0.530134 0.987213 0.480014 0.976444 0.015058 0.011636 0.022663 0.022487 0.944674 0.721028 0.004484 0.038170
0.499482 0.258205 0.521850 0.250750 0.491612 0.242880 0.550016 0.279330 0.472973 0.258620 0.585224 0.376255 0.411256 0.373770 0.629958 0.502589 0.363207 0.490577 0.621674 0.452884 0.419954 0.472766 0.555815 0.624780 0.447706 0.625195 0.547530 0.802476 0.460132 0.799991 0.530134 0.987628 0.479600 0.976444 0.014992 0.012387 0.022663 0.023237 0.944241 0.721028 0.004484 0.037420
0.499689 0.256233 0.522529 0.248343 0.491798 0.240868 0.551598 0.276167 0.473526 0.256649 0.586481 0.377909 0.412065 0.372095 0.632992 0.505814 0.360571 0.488788 0.624271 0.457227 0.418710 0.473007 0.555751 0.625413 0.445703 0.624583 0.545784 0.807719 0.455254 0.800244 0.524190 1.000000 0.474357 0.968846 0.017396 0.018621 0.021936 0.024868 0.945513 0.716649 0.001852 0.034675
0.499897 0.256612 0.523037 0.248348 0.492045 0.240910 0.554855 0.275621 0.474690 0.257026 0.587500 0.378100 0.413120 0.371901 0.631301 0.509917 0.361054 0.489669 0.625929 0.461157 0.418079 0.471901 0.555268 0.625619 0.444112 0.624380 0.542045 0.807850 0.449897 0.800826 0.523450 1.000000 0.465186 0.951238 0.007135 0.021812 0.018161 0.028445 0.932810 0.728651 0.000783 0.033490
