0.524999 0.262044 0.536110 0.247229 0.506481 0.247229 0.550925 0.262044 0.469445 0.262044 0.580553 0.380559 0.417595 0.369448 0.606479 0.491667 0.376855 0.469445 0.550925 0.458334 0.425002 0.436113 0.554628 0.624997 0.447224 0.624997 0.562035 0.850916 0.454631 0.854620 0.562035 1.000000 0.462038 1.000000 0.010433 0.001169 0.044067 0.026477 0.744988 0.815897 0.002359 0.000198
0.521296 0.260192 0.536110 0.249081 0.502778 0.249081 0.550925 0.263895 0.469445 0.263895 0.580553 0.378707 0.417595 0.371300 0.606479 0.497222 0.384262 0.482408 0.550925 0.467593 0.425002 0.456483 0.554628 0.623145 0.447224 0.626848 0.558332 0.852768 0.454631 0.860175 0.569443 1.000000 0.462038 1.000000 0.009110 0.001004 0.038768 0.026640 0.724509 0.773169 0.002359 0.004968
0.521151 0.251952 0.536534 0.236570 0.501923 0.240415 0.551917 0.259644 0.471157 0.259644 0.586528 0.375015 0.417317 0.375015 0.621140 0.498077 0.386552 0.517306 0.559608 0.463466 0.375015 0.648059 0.551917 0.624985 0.444237 0.624985 0.544226 0.874956 0.448083 0.878801 0.536534 1.000000 0.455774 1.000000 0.000556 0.004401 0.034004 0.029326 0.750369 0.039767 0.004896 0.014614
0.520990 0.250983 0.532439 0.235718 0.498092 0.239534 0.547704 0.258616 0.467561 0.258616 0.585868 0.376923 0.417948 0.373106 0.608766 0.506679 0.391234 0.518128 0.578235 0.457066 0.375969 0.647884 0.551521 0.624985 0.444663 0.624985 0.543888 0.876864 0.448479 0.876864 0.536255 1.000000 0.452296 1.000000 0.000417 0.000253 0.034153 0.028812 0.880003 0.020709 0.004858 0.014466
0.515036 0.256606 0.530072 0.241571 0.496241 0.241571 0.548867 0.260365 0.462410 0.260365 0.582697 0.376894 0.413544 0.373135 0.605251 0.504699 0.383472 0.515976 0.567662 0.459591 0.372195 0.651299 0.556385 0.624986 0.447374 0.624986 0.567662 0.854283 0.451133 0.861801 0.567662 1.000000 0.454892 1.000000 0.015642 0.000627 0.049276 0.037451 0.834458 0.039583 0.004785 0.010590
0.512310 0.255689 0.527461 0.240538 0.493371 0.240538 0.546400 0.263264 0.463069 0.263264 0.584278 0.376897 0.413828 0.373110 0.607005 0.501894 0.387314 0.513257 0.561551 0.460228 0.372163 0.645829 0.557764 0.623103 0.444130 0.626890 0.561551 0.854156 0.451706 0.861732 0.557764 1.000000 0.455494 1.000000 0.009701 0.005964 0.039366 0.027563 0.793418 0.023296 0.002410 0.005048
0.507462 0.253759 0.522386 0.238835 0.488807 0.242566 0.541040 0.261221 0.458960 0.264952 0.582080 0.376879 0.414189 0.373148 0.604466 0.503731 0.388072 0.514924 0.570888 0.455229 0.373148 0.641775 0.555964 0.623121 0.447767 0.626852 0.570888 0.846976 0.451498 0.858169 0.574619 1.000000 0.455229 1.000000 0.016576 0.000714 0.054824 0.036752 0.862849 0.020709 0.004750 0.016056
0.502840 0.248171 0.517988 0.233023 0.483906 0.233023 0.540709 0.251958 0.453610 0.259532 0.586152 0.373139 0.408168 0.376926 0.605087 0.501893 0.389233 0.517041 0.574791 0.448877 0.370299 0.642009 0.559644 0.623074 0.446037 0.626861 0.586152 0.850288 0.449824 0.869223 0.608873 1.000000 0.457397 1.000000 0.009359 0.003865 0.070603 0.042892 0.881228 0.005109 0.007233 0.031996
0.506530 0.250007 0.517723 0.235082 0.484142 0.238813 0.540111 0.253738 0.454292 0.261201 0.584886 0.373138 0.413249 0.376869 0.607273 0.503731 0.390861 0.518656 0.569961 0.451494 0.372205 0.645518 0.555036 0.623131 0.446830 0.626862 0.547573 0.858199 0.454292 0.861930 0.536380 1.000000 0.461755 1.000000 0.003340 0.001383 0.027726 0.032402 0.856611 0.003370 0.002378 0.020203
0.500000 0.250027 0.514704 0.235323 0.481620 0.238999 0.536761 0.253703 0.452211 0.261055 0.584550 0.375014 0.411774 0.375014 0.621310 0.522056 0.393394 0.518380 0.658071 0.647043 0.375014 0.639691 0.555141 0.624986 0.448535 0.624986 0.555141 0.845551 0.455887 0.856579 0.547789 1.000000 0.463239 1.000000 0.009092 0.001132 0.037277 0.036376 0.013074 0.007278 0.004681 0.010102
0.494444 0.250926 0.509259 0.236111 0.475926 0.239815 0.535185 0.254630 0.450000 0.258333 0.587037 0.373148 0.412963 0.376852 0.624074 0.517593 0.390741 0.517593 0.653704 0.650926 0.368519 0.650926 0.553704 0.625000 0.446296 0.625000 0.542593 0.854630 0.450000 0.862037 0.524074 1.000000 0.461111 1.000000 0.007308 0.008469 0.026496 0.037531 0.010292 0.002720 0.000005 0.020363
0.494565 0.253623 0.512681 0.239130 0.476449 0.239130 0.534420 0.257246 0.451087 0.257246 0.585145 0.373188 0.414855 0.376812 0.625000 0.510870 0.396739 0.514493 0.650362 0.641304 0.378623 0.641304 0.552536 0.623188 0.447464 0.626812 0.545290 0.847826 0.447464 0.858696 0.538043 1.000000 0.461957 1.000000 0.001169 0.017914 0.031021 0.041286 0.028560 0.003526 0.000005 0.010264
0.491964 0.253578 0.506250 0.239292 0.474108 0.242864 0.534821 0.260720 0.452680 0.260720 0.584819 0.375003 0.416966 0.375003 0.624104 0.510714 0.402681 0.514285 0.645532 0.642853 0.381253 0.639282 0.552677 0.624997 0.445537 0.624997 0.541963 0.853562 0.441966 0.860705 0.538392 1.000000 0.459822 1.000000 0.010298 0.027848 0.025792 0.041044 0.038519 0.021508 0.002273 0.010088
0.489438 0.255306 0.507042 0.241223 0.471834 0.241223 0.531687 0.258827 0.450709 0.262348 0.584499 0.375012 0.419022 0.375012 0.623227 0.508802 0.404939 0.512323 0.644352 0.628508 0.383814 0.635550 0.549291 0.624988 0.447188 0.624988 0.531687 0.857359 0.440147 0.860880 0.517604 1.000000 0.461271 1.000000 0.005899 0.037513 0.020471 0.045214 0.034091 0.021508 0.004483 0.014570
0.486799 0.258857 0.504400 0.241255 0.469197 0.244775 0.529043 0.258857 0.451595 0.265897 0.585368 0.375028 0.419912 0.375028 0.624092 0.508801 0.405831 0.512321 0.645214 0.632013 0.384709 0.635533 0.550165 0.624972 0.444555 0.624972 0.536084 0.850274 0.437514 0.857315 0.529043 1.000000 0.458636 1.000000 0.010509 0.038072 0.024671 0.040925 0.035649 0.021508 0.006724 0.010225
0.484272 0.257962 0.501748 0.240486 0.470291 0.243981 0.529709 0.257962 0.449321 0.264952 0.585631 0.373301 0.421359 0.376796 0.624077 0.506117 0.407379 0.509612 0.641553 0.624951 0.386408 0.631941 0.547184 0.624951 0.445825 0.624951 0.522718 0.852135 0.438835 0.852135 0.508738 1.000000 0.459806 1.000000 0.015716 0.038221 0.014110 0.041073 0.043214 0.020659 0.008902 0.024357
0.480636 0.258827 0.498240 0.241223 0.466553 0.244744 0.526406 0.262348 0.445428 0.262348 0.582738 0.371492 0.420783 0.378533 0.624988 0.505281 0.406699 0.512323 0.642591 0.624988 0.385575 0.639071 0.551051 0.624988 0.445428 0.624988 0.536968 0.843276 0.438386 0.846797 0.536968 1.000000 0.459511 1.000000 0.020508 0.038115 0.019076 0.041827 0.050887 0.019185 0.004483 0.010406
0.478882 0.258898 0.496480 0.244820 0.464803 0.244820 0.524638 0.262418 0.443684 0.265938 0.584474 0.371530 0.422566 0.378569 0.630230 0.505280 0.404967 0.515839 0.640789 0.628470 0.387369 0.642549 0.549276 0.624950 0.443684 0.624950 0.531678 0.850213 0.440165 0.850213 0.524638 1.000000 0.457763 1.000000 0.015458 0.028336 0.019111 0.032191 0.077706 0.003339 0.008964 0.019844
0.478574 0.257168 0.496429 0.242883 0.460718 0.242883 0.524997 0.260739 0.442863 0.264310 0.585706 0.371442 0.417866 0.378584 0.632129 0.507142 0.403581 0.517855 0.639271 0.632129 0.382155 0.646414 0.553566 0.624987 0.442863 0.624987 0.542853 0.849964 0.439292 0.857106 0.542853 1.000000 0.464289 1.000000 0.015146 0.037549 0.024989 0.037079 0.086753 0.020035 0.004547 0.010250
0.475003 0.257168 0.492858 0.242883 0.460718 0.242883 0.521426 0.260739 0.442863 0.264310 0.585706 0.371442 0.417866 0.378584 0.628558 0.507142 0.403581 0.517855 0.639271 0.628558 0.382155 0.646414 0.553566 0.624987 0.442863 0.624987 0.553566 0.842822 0.442863 0.846393 0.557137 1.000000 0.457147 1.000000 0.004750 0.018703 0.040135 0.032182 0.069351 0.020035 0.004547 0.000001
0.473217 0.253597 0.491072 0.239312 0.458933 0.242883 0.523212 0.260739 0.441077 0.260739 0.583920 0.371442 0.419651 0.378584 0.630344 0.507142 0.405367 0.517855 0.637486 0.632129 0.383940 0.646414 0.551780 0.624987 0.444649 0.624987 0.548209 0.846393 0.444649 0.849964 0.548209 1.000000 0.462504 1.000000 0.005134 0.023026 0.035001 0.032182 0.086753 0.020035 0.004547 0.005134
0.473594 0.258827 0.491198 0.244744 0.459511 0.244744 0.522885 0.262348 0.441907 0.262348 0.582738 0.371492 0.420783 0.378533 0.628508 0.508802 0.403179 0.515844 0.632029 0.632029 0.385575 0.646112 0.551051 0.624988 0.445428 0.624988 0.547530 0.843276 0.445428 0.846797 0.558093 1.000000 0.463032 1.000000 0.018965 0.023363 0.034450 0.031725 0.093324 0.002164 0.004483 0.005134
0.476238 0.255336 0.493839 0.241255 0.458636 0.241255 0.522002 0.258857 0.441034 0.262377 0.585368 0.371508 0.419912 0.378548 0.627612 0.505280 0.405831 0.515842 0.634653 0.635533 0.388229 0.646094 0.550165 0.624972 0.444555 0.624972 0.543124 0.843233 0.448075 0.846754 0.543124 1.000000 0.469197 1.000000 0.010264 0.022961 0.033664 0.026673 0.080175 0.010222 0.006724 0.015316
0.472908 0.257920 0.490387 0.243937 0.458925 0.243937 0.521848 0.261416 0.441446 0.264912 0.584772 0.369784 0.420472 0.380271 0.626720 0.502622 0.406489 0.516605 0.630216 0.631964 0.385515 0.649443 0.549814 0.624973 0.444942 0.624973 0.553310 0.841708 0.448438 0.841708 0.570789 1.000000 0.462421 1.000000 0.017893 0.013569 0.048468 0.026592 0.088763 0.017314 0.006677 0.000001
0.475704 0.258774 0.493058 0.241419 0.458349 0.244890 0.524296 0.258774 0.440995 0.262244 0.583301 0.369842 0.423641 0.380255 0.618010 0.508677 0.409757 0.519090 0.624952 0.633629 0.388932 0.647513 0.548592 0.623216 0.444466 0.626687 0.545121 0.838411 0.447937 0.841882 0.555534 1.000000 0.465291 1.000000 0.018965 0.018577 0.038201 0.021702 0.060313 0.019447 0.008839 0.010267
0.471360 0.255261 0.492189 0.241376 0.457474 0.241376 0.523432 0.258733 0.440117 0.262204 0.585919 0.369820 0.419288 0.380234 0.620634 0.505207 0.408874 0.519093 0.624105 0.633652 0.384574 0.651009 0.551204 0.623237 0.443589 0.626709 0.544261 0.841940 0.447060 0.841940 0.551204 1.000000 0.471360 1.000000 0.019326 0.027519 0.033233 0.026148 0.071296 0.034157 0.006631 0.015235
0.471360 0.256997 0.488718 0.243111 0.454003 0.243111 0.523432 0.260469 0.440117 0.263940 0.585919 0.368084 0.419288 0.381970 0.620634 0.506943 0.408874 0.520829 0.620634 0.631916 0.384574 0.649273 0.551204 0.624973 0.443589 0.624973 0.544261 0.843675 0.447060 0.843675 0.551204 1.000000 0.474832 1.000000 0.019326 0.032225 0.032654 0.026673 0.077979 0.035689 0.006631 0.015154
0.468544 0.256214 0.489515 0.238739 0.454563 0.242234 0.524466 0.256214 0.440583 0.263205 0.587378 0.368059 0.419612 0.382039 0.618835 0.504369 0.405631 0.521845 0.618835 0.633689 0.381165 0.654660 0.548932 0.623204 0.444078 0.626699 0.545437 0.839902 0.451068 0.843397 0.555922 1.000000 0.472039 1.000000 0.018767 0.017345 0.042473 0.021461 0.072192 0.026260 0.008902 0.015398
0.468544 0.256214 0.486019 0.242234 0.451068 0.242234 0.524466 0.256214 0.437088 0.263205 0.587378 0.368059 0.419612 0.382039 0.618835 0.507864 0.412622 0.504369 0.615340 0.633689 0.416117 0.500874 0.548932 0.623204 0.444078 0.626699 0.538446 0.846892 0.451068 0.846892 0.552427 1.000000 0.479029 1.000000 0.033079 0.027175 0.032696 0.021624 0.079286 0.768169 0.008902 0.025012
0.465910 0.252628 0.483392 0.238643 0.448428 0.242139 0.518356 0.256125 0.434442 0.263118 0.584788 0.368010 0.413464 0.381996 0.616256 0.504371 0.402974 0.518356 0.612759 0.633738 0.385492 0.605767 0.556817 0.623249 0.444931 0.626745 0.588285 0.836530 0.458917 0.847019 0.630242 1.000000 0.483392 1.000000 0.007415 0.011543 0.081372 0.020519 0.080793 0.038396 0.002225 0.026444
0.467658 0.256125 0.485140 0.238643 0.450176 0.242139 0.520104 0.256125 0.436190 0.263118 0.583040 0.368010 0.415212 0.381996 0.618004 0.504371 0.397730 0.525349 0.611011 0.637234 0.376751 0.651220 0.555069 0.623249 0.446680 0.626745 0.572551 0.833034 0.457169 0.840027 0.597026 1.000000 0.485140 1.000000 0.005719 0.021635 0.061209 0.025060 0.096634 0.013940 0.002225 0.010823
0.464162 0.252628 0.485140 0.238643 0.450176 0.238643 0.520104 0.256125 0.436190 0.263118 0.583040 0.368010 0.415212 0.381996 0.618004 0.504371 0.397730 0.521853 0.611011 0.633738 0.376751 0.651220 0.555069 0.623249 0.446680 0.626745 0.569054 0.836530 0.457169 0.840027 0.590033 1.000000 0.481644 1.000000 0.006766 0.016540 0.055588 0.025060 0.097086 0.011588 0.002225 0.005202
0.467245 0.254334 0.484484 0.237094 0.453453 0.240542 0.518964 0.254334 0.439661 0.261230 0.584475 0.368116 0.418973 0.381908 0.615506 0.506034 0.401733 0.523274 0.608610 0.633608 0.377598 0.650848 0.549995 0.623264 0.446557 0.626712 0.546547 0.837037 0.456901 0.843933 0.560339 1.000000 0.491380 1.000000 0.023047 0.030021 0.037622 0.020569 0.087636 0.020890 0.004390 0.020280
0.468968 0.254334 0.486208 0.240542 0.451729 0.243990 0.520688 0.257782 0.441385 0.261230 0.582751 0.368116 0.420697 0.381908 0.617230 0.509482 0.400010 0.523274 0.610334 0.637056 0.379322 0.654296 0.551719 0.623264 0.444833 0.626712 0.544823 0.833589 0.455177 0.843933 0.572407 1.000000 0.500000 1.000000 0.046148 0.044130 0.028092 0.016136 0.093339 0.003595 0.004390 0.025579
0.466147 0.251742 0.483507 0.237854 0.448786 0.241326 0.518229 0.255214 0.438370 0.258686 0.584199 0.366323 0.417537 0.383683 0.611976 0.512152 0.393232 0.526041 0.608504 0.644094 0.372399 0.661454 0.552950 0.623261 0.445314 0.626733 0.570311 0.838534 0.455730 0.845478 0.598088 1.000000 0.483507 1.000000 0.010606 0.021595 0.064139 0.021075 0.068287 0.005238 0.002213 0.010469
0.467883 0.253478 0.485243 0.239590 0.450522 0.239590 0.519965 0.256950 0.436633 0.256950 0.582463 0.368059 0.415801 0.381947 0.613713 0.513889 0.394968 0.527777 0.606768 0.645830 0.374135 0.663190 0.554686 0.621525 0.447050 0.628469 0.565103 0.836797 0.453994 0.843742 0.596352 1.000000 0.474827 1.000000 0.025312 0.017749 0.050135 0.029871 0.083931 0.003423 0.002213 0.005125
0.466837 0.259359 0.487245 0.242353 0.453232 0.245754 0.521258 0.259359 0.439627 0.259359 0.582481 0.368200 0.419220 0.381805 0.609691 0.514455 0.395411 0.524659 0.609691 0.640303 0.375003 0.653908 0.551870 0.623296 0.446430 0.626698 0.558672 0.834176 0.460035 0.837577 0.579080 1.000000 0.480443 1.000000 0.016953 0.007101 0.048280 0.014716 0.058551 0.002720 0.002166 0.010243
0.470440 0.258451 0.490710 0.244938 0.456927 0.244938 0.524493 0.261830 0.443413 0.261830 0.581924 0.369935 0.419765 0.380070 0.612329 0.511824 0.399496 0.525337 0.612329 0.640200 0.379226 0.653713 0.551519 0.623308 0.446792 0.626686 0.551519 0.832763 0.460305 0.836141 0.568411 1.000000 0.477196 1.000000 0.022698 0.003204 0.038015 0.014237 0.067193 0.005719 0.002149 0.020508
0.471284 0.258446 0.491554 0.244932 0.457770 0.244932 0.525338 0.261824 0.440878 0.258446 0.582770 0.369932 0.417230 0.380068 0.613176 0.515203 0.396959 0.525338 0.609797 0.646959 0.376689 0.653716 0.552365 0.623311 0.447635 0.626689 0.559122 0.832770 0.461149 0.836149 0.582770 1.000000 0.481419 1.000000 0.021461 0.007506 0.048280 0.018539 0.073835 0.005719 0.000005 0.010243
0.471284 0.255068 0.491554 0.241554 0.457770 0.241554 0.525338 0.258446 0.440878 0.258446 0.582770 0.369932 0.417230 0.380068 0.613176 0.511824 0.396959 0.521959 0.609797 0.640203 0.376689 0.650338 0.552365 0.623311 0.447635 0.626689 0.552365 0.839527 0.467905 0.846284 0.562500 1.000000 0.491554 1.000000 0.013074 0.001552 0.038015 0.009747 0.075568 0.004681 0.000005 0.029299
0.471284 0.255068 0.491554 0.241554 0.457770 0.241554 0.525338 0.258446 0.444257 0.258446 0.582770 0.369932 0.417230 0.380068 0.613176 0.511824 0.393581 0.521959 0.613176 0.650338 0.376689 0.650338 0.552365 0.623311 0.447635 0.626689 0.545608 0.842905 0.467905 0.849662 0.538851 1.000000 0.491554 1.000000 0.001305 0.001160 0.028224 0.010188 0.067193 0.010925 0.000005 0.038649
0.474167 0.260005 0.494167 0.243339 0.460834 0.243339 0.530833 0.263339 0.447501 0.260005 0.584165 0.370003 0.417502 0.380003 0.610831 0.510000 0.394169 0.523333 0.617497 0.643330 0.374169 0.649997 0.550832 0.623331 0.447501 0.626664 0.527499 0.853325 0.477500 0.856659 0.494167 1.000000 0.514166 1.000000 0.010010 0.003881 0.009462 0.002762 0.044010 0.001517 0.002120 0.073468
0.473818 0.256762 0.494088 0.243249 0.460305 0.239871 0.531249 0.260141 0.446792 0.256762 0.585302 0.371625 0.416387 0.378381 0.612329 0.513513 0.392739 0.523648 0.622463 0.645267 0.369091 0.652024 0.551519 0.624997 0.446792 0.624997 0.534628 0.861478 0.473818 0.864857 0.504223 1.000000 0.500845 1.000000 0.013869 0.004379 0.019494 0.003330 0.035475 0.006619 0.002149 0.058413
0.474507 0.259874 0.494244 0.243427 0.461350 0.243427 0.527138 0.263163 0.444903 0.259874 0.583057 0.371713 0.415298 0.378292 0.609373 0.513158 0.392272 0.519736 0.622530 0.641444 0.372536 0.641444 0.553453 0.624997 0.448192 0.624997 0.537006 0.858545 0.467928 0.858545 0.507401 1.000000 0.481086 1.000000 0.014658 0.010933 0.014658 0.015356 0.026017 0.000174 0.002096 0.049215
0.474028 0.261384 0.493507 0.245151 0.461042 0.245151 0.529218 0.264630 0.444810 0.264630 0.581162 0.371764 0.415592 0.378257 0.607134 0.514609 0.389620 0.517856 0.620120 0.641222 0.370141 0.637975 0.555190 0.624989 0.448056 0.624989 0.542204 0.858736 0.470782 0.855489 0.512986 1.000000 0.477275 1.000000 0.019854 0.023122 0.014867 0.010363 0.024716 0.007378 0.004133 0.048947
0.474512 0.259915 0.494245 0.243471 0.461356 0.243471 0.527133 0.263204 0.444912 0.259915 0.583043 0.371736 0.412024 0.378313 0.612643 0.513155 0.385713 0.516444 0.625798 0.644709 0.369269 0.638131 0.556732 0.624976 0.448201 0.624976 0.550155 0.861772 0.467934 0.858483 0.523844 1.000000 0.464645 1.000000 0.024113 0.030969 0.024113 0.019519 0.033949 0.017156 0.006282 0.035675
0.475658 0.261444 0.495132 0.245216 0.462675 0.245216 0.527588 0.264690 0.446447 0.261444 0.579519 0.371796 0.413990 0.378288 0.608730 0.511360 0.388025 0.514605 0.624958 0.641186 0.371796 0.631449 0.556799 0.624958 0.449692 0.624958 0.543816 0.852154 0.475658 0.855400 0.511360 1.000000 0.459429 1.000000 0.021910 0.055835 0.010319 0.010037 0.026091 0.015984 0.008266 0.053885
0.477653 0.257498 0.497517 0.244256 0.464411 0.240945 0.533934 0.264119 0.447858 0.260809 0.583593 0.373369 0.411441 0.376680 0.613388 0.512415 0.384956 0.515725 0.629941 0.644839 0.371714 0.631597 0.557108 0.624975 0.447858 0.624975 0.533934 0.856718 0.471032 0.853407 0.480964 1.000000 0.494206 1.000000 0.031107 0.003691 0.001656 0.014173 0.027610 0.023691 0.006323 0.063908
0.478760 0.259008 0.501634 0.245937 0.465689 0.242669 0.534311 0.265543 0.449351 0.262275 0.583326 0.373377 0.413406 0.376645 0.609468 0.513888 0.383997 0.513888 0.632342 0.644596 0.370926 0.631525 0.553917 0.624989 0.449351 0.624989 0.531043 0.856996 0.475492 0.850460 0.468957 1.000000 0.498366 1.000000 0.042942 0.007883 0.005756 0.009011 0.003404 0.031970 0.004162 0.068023
0.479039 0.257339 0.501612 0.244440 0.466140 0.244440 0.533860 0.267013 0.450017 0.260564 0.582231 0.373429 0.411320 0.376654 0.608029 0.512093 0.385522 0.512093 0.630602 0.644307 0.372623 0.628183 0.556433 0.624958 0.450017 0.624958 0.540309 0.853914 0.469365 0.850690 0.498388 1.000000 0.466140 1.000000 0.030860 0.031246 0.010154 0.021994 0.004724 0.024690 0.008213 0.049597
