0.490248 0.252666 0.504432 0.242028 0.472518 0.245574 0.532801 0.266850 0.458334 0.270396 0.578899 0.373230 0.419328 0.376776 0.614359 0.507978 0.387414 0.515071 0.557623 0.451242 0.419328 0.479610 0.550531 0.624997 0.451242 0.624997 0.536347 0.816481 0.472518 0.816481 0.522163 0.993782 0.479610 1.000000 0.001875 0.023217 0.012180 0.005479 0.831909 0.838930 0.002256 0.058759
0.485821 0.252759 0.500000 0.242125 0.468098 0.242125 0.528357 0.266938 0.453919 0.266938 0.574438 0.373278 0.418473 0.376823 0.609885 0.504431 0.379481 0.511520 0.560259 0.440627 0.418473 0.479618 0.553170 0.624950 0.453919 0.624950 0.535447 0.816362 0.475187 0.816362 0.521268 0.993596 0.485821 1.000000 0.003978 0.017225 0.002553 0.009944 0.873606 0.807965 0.009028 0.064613
0.484280 0.256333 0.498253 0.242360 0.466812 0.245853 0.522707 0.266814 0.449345 0.270307 0.571615 0.371616 0.417904 0.378603 0.613536 0.500873 0.379477 0.511354 0.571615 0.451965 0.421398 0.479913 0.554148 0.623143 0.456332 0.626637 0.536681 0.811789 0.477293 0.811789 0.526201 0.979473 0.491266 0.996940 0.009520 0.011905 0.007320 0.013045 0.874266 0.794524 0.013348 0.065272
0.481537 0.253820 0.499121 0.239753 0.463952 0.243269 0.523739 0.264371 0.449885 0.267887 0.572975 0.369876 0.414716 0.380427 0.618694 0.500000 0.379548 0.514067 0.576492 0.450764 0.428784 0.471865 0.555390 0.623090 0.456919 0.626607 0.541323 0.813000 0.481537 0.816517 0.530773 0.978292 0.495604 1.000000 0.003246 0.017056 0.001463 0.013009 0.881987 0.807471 0.015678 0.064569
0.475584 0.253225 0.493024 0.242761 0.461632 0.242761 0.517440 0.263689 0.444192 0.270665 0.569760 0.368329 0.412800 0.382280 0.622079 0.493896 0.377921 0.514824 0.583712 0.462504 0.426752 0.469480 0.559296 0.622952 0.458144 0.626439 0.541856 0.807815 0.479072 0.814791 0.531392 0.971750 0.493024 0.999654 0.009650 0.011246 0.016866 0.023225 0.843940 0.820125 0.022223 0.065164
0.474048 0.256054 0.487889 0.242213 0.456747 0.245673 0.515571 0.266435 0.442906 0.269895 0.567474 0.366781 0.411764 0.384082 0.622838 0.491349 0.380622 0.519031 0.570935 0.467128 0.429065 0.463668 0.560554 0.622838 0.460207 0.626298 0.546713 0.813151 0.477509 0.816611 0.532872 0.965401 0.494810 1.000000 0.005748 0.001085 0.014509 0.033975 0.772108 0.843382 0.026465 0.051967
0.468447 0.259513 0.485503 0.245868 0.454802 0.249280 0.509381 0.266335 0.437746 0.273158 0.567370 0.365259 0.410457 0.385726 0.625360 0.484650 0.383168 0.518761 0.560548 0.467594 0.427513 0.460772 0.560548 0.621096 0.461624 0.627919 0.553726 0.801888 0.482091 0.812121 0.536670 0.941745 0.495736 0.992913 0.026622 0.011246 0.003521 0.031050 0.725834 0.856593 0.028268 0.047229
0.469741 0.257929 0.483574 0.244096 0.452450 0.247554 0.507781 0.264845 0.435160 0.271762 0.566570 0.365132 0.410952 0.385881 0.628816 0.482709 0.383287 0.520749 0.559653 0.472335 0.421327 0.458502 0.563111 0.621036 0.459367 0.627952 0.559653 0.811234 0.480116 0.821609 0.538904 0.939186 0.500865 1.000000 0.045386 0.002591 0.001487 0.028858 0.702378 0.889792 0.028659 0.039762
0.468897 0.258085 0.482720 0.244261 0.451617 0.247717 0.506912 0.264997 0.437793 0.271909 0.565663 0.365219 0.410146 0.385954 0.627869 0.482720 0.385954 0.520736 0.562207 0.472353 0.420514 0.461985 0.562207 0.620957 0.461985 0.627869 0.565663 0.807578 0.482720 0.821401 0.544927 0.928535 0.503456 0.997654 0.059936 0.003301 0.010196 0.033218 0.704833 0.887278 0.030850 0.028081
0.469988 0.260759 0.487138 0.247040 0.452838 0.250470 0.507717 0.267619 0.439118 0.274479 0.566027 0.367089 0.408248 0.384238 0.624336 0.483708 0.384238 0.524867 0.559167 0.473418 0.415108 0.469988 0.562597 0.620906 0.463128 0.627766 0.569457 0.802695 0.483708 0.816415 0.548877 0.922744 0.504287 0.991343 0.066048 0.002688 0.016308 0.035965 0.697432 0.890728 0.032812 0.022582
0.474118 0.260157 0.487922 0.246353 0.456863 0.249804 0.508627 0.263608 0.439608 0.270509 0.563843 0.367137 0.408549 0.384392 0.622510 0.487922 0.384392 0.522431 0.560392 0.467216 0.415451 0.477569 0.563843 0.619059 0.463765 0.629412 0.570745 0.801961 0.484471 0.819216 0.550039 0.926197 0.505176 0.991765 0.064574 0.003429 0.012006 0.035965 0.746341 0.862395 0.035223 0.022582
0.475809 0.258085 0.489632 0.247717 0.458529 0.247717 0.510368 0.264997 0.441249 0.271909 0.565663 0.368675 0.410146 0.382498 0.617502 0.489632 0.379043 0.520736 0.555295 0.458529 0.417058 0.482720 0.562207 0.620957 0.461985 0.627869 0.569119 0.800666 0.486176 0.817945 0.551839 0.935447 0.506912 0.994198 0.052824 0.003018 0.016597 0.025978 0.776465 0.820447 0.030850 0.028059
0.479121 0.257279 0.493040 0.243360 0.461721 0.246840 0.513919 0.264239 0.440842 0.267719 0.566117 0.368635 0.409523 0.382555 0.611356 0.493910 0.378205 0.518269 0.569597 0.455632 0.416483 0.490430 0.562638 0.619185 0.461721 0.629625 0.562638 0.800138 0.482601 0.821018 0.555678 0.953253 0.503480 0.995011 0.014458 0.003429 0.004421 0.031686 0.846476 0.772344 0.031064 0.034588
0.483460 0.257120 0.497388 0.246674 0.462567 0.246674 0.518281 0.264085 0.441674 0.271049 0.567031 0.368549 0.410335 0.382478 0.608817 0.500871 0.375513 0.518281 0.577478 0.455603 0.424263 0.493906 0.560067 0.619263 0.462567 0.629710 0.560067 0.800335 0.483460 0.821228 0.553103 0.974442 0.504353 0.995335 0.012726 0.003429 0.008839 0.031686 0.904613 0.727480 0.028858 0.034588
0.484321 0.256973 0.498258 0.246520 0.466900 0.246520 0.519163 0.263942 0.445994 0.267426 0.567943 0.368469 0.411151 0.382406 0.606270 0.497387 0.376309 0.518292 0.585364 0.466028 0.425088 0.497387 0.560974 0.619336 0.459931 0.629789 0.557490 0.804001 0.480837 0.817938 0.557490 0.988667 0.505226 0.995636 0.006005 0.008194 0.002834 0.026747 0.904817 0.708778 0.026649 0.041228
0.484429 0.261244 0.498270 0.247403 0.467128 0.247403 0.519031 0.264704 0.446366 0.268165 0.567474 0.368511 0.411764 0.382352 0.608997 0.500000 0.373702 0.513841 0.591696 0.465398 0.429065 0.500000 0.560554 0.621108 0.460207 0.628028 0.553634 0.807960 0.484429 0.814881 0.550173 0.994813 0.505190 0.987892 0.005891 0.003018 0.003064 0.020937 0.949781 0.667670 0.026465 0.052817
0.484429 0.259514 0.501730 0.249133 0.467128 0.249133 0.519031 0.266435 0.446366 0.266435 0.567474 0.370241 0.411764 0.380622 0.612457 0.498270 0.373702 0.515571 0.595156 0.460207 0.432526 0.498270 0.560554 0.622838 0.460207 0.626298 0.550173 0.809690 0.480969 0.816611 0.543253 0.996543 0.501730 0.986162 0.005882 0.004196 0.008947 0.027382 0.971750 0.678560 0.026465 0.052254
0.488825 0.263610 0.502579 0.249857 0.471633 0.249857 0.523209 0.270487 0.447564 0.270487 0.567908 0.370201 0.413181 0.380516 0.612607 0.497421 0.378797 0.514613 0.602292 0.469914 0.433811 0.497421 0.557593 0.621203 0.461318 0.628080 0.543840 0.810315 0.485387 0.813754 0.533524 0.992550 0.502579 0.985673 0.005112 0.009308 0.010035 0.020097 0.993350 0.676308 0.024101 0.064143
0.487005 0.262616 0.504332 0.248754 0.469677 0.248754 0.521659 0.266081 0.448884 0.266081 0.570176 0.370045 0.414230 0.380442 0.615227 0.498267 0.376110 0.515595 0.608296 0.477475 0.431557 0.491336 0.556314 0.623024 0.459281 0.626489 0.538986 0.810159 0.483539 0.813624 0.528590 0.997294 0.504332 0.986897 0.011724 0.003018 0.011965 0.016610 0.994866 0.718781 0.019869 0.070423
0.489527 0.261736 0.503491 0.247772 0.472072 0.247772 0.524437 0.265227 0.451125 0.265227 0.573312 0.369959 0.412724 0.380432 0.618695 0.492145 0.377813 0.513091 0.608222 0.478181 0.430179 0.488654 0.555857 0.621314 0.458107 0.628296 0.534910 0.813321 0.479054 0.813321 0.527928 1.000000 0.500000 0.984382 0.022804 0.002905 0.012519 0.021761 0.908370 0.720891 0.017789 0.070470
0.491266 0.261573 0.505240 0.247600 0.473799 0.247600 0.526201 0.265067 0.452839 0.265067 0.575109 0.369870 0.414411 0.380350 0.617030 0.492140 0.382970 0.513100 0.606550 0.485153 0.424891 0.488646 0.554148 0.624890 0.456332 0.624890 0.533188 0.813535 0.477293 0.813535 0.522707 1.000000 0.498253 0.981220 0.017558 0.004360 0.009120 0.018819 0.792304 0.742116 0.013348 0.070447
0.493106 0.268192 0.510341 0.254404 0.479318 0.254404 0.527576 0.268192 0.455189 0.268192 0.575833 0.371601 0.417273 0.378495 0.617197 0.492244 0.382803 0.509479 0.603409 0.495691 0.424167 0.485350 0.551704 0.623229 0.455189 0.626676 0.531023 0.809365 0.472424 0.812812 0.524129 0.995501 0.496553 0.967925 0.023439 0.019732 0.004793 0.018868 0.527158 0.750000 0.008779 0.064613
0.499138 0.273281 0.512931 0.259488 0.481897 0.259488 0.533620 0.269833 0.461208 0.266385 0.578446 0.373279 0.419829 0.376727 0.616377 0.497414 0.385348 0.507758 0.602584 0.497414 0.419829 0.487069 0.550861 0.624997 0.450863 0.624997 0.533620 0.811199 0.468104 0.814648 0.526724 0.993954 0.495690 0.962920 0.017383 0.029693 0.005356 0.010726 0.594393 0.753930 0.002195 0.058247
0.501748 0.271853 0.515734 0.257867 0.484266 0.257867 0.536713 0.268357 0.463287 0.264860 0.578671 0.373252 0.421329 0.376748 0.617133 0.495629 0.382867 0.509615 0.603147 0.495629 0.414336 0.481643 0.550699 0.625000 0.449301 0.625000 0.529720 0.813811 0.456294 0.813811 0.522727 0.999126 0.487762 0.964161 0.023217 0.053891 0.000001 0.023931 0.596929 0.820988 0.000005 0.047007
0.503448 0.276745 0.520688 0.262954 0.489656 0.259506 0.541375 0.273297 0.465521 0.269849 0.579303 0.373288 0.424145 0.376736 0.617230 0.497414 0.382770 0.507758 0.589647 0.500862 0.410353 0.480174 0.548271 0.624988 0.448281 0.624988 0.527584 0.814625 0.451729 0.811177 0.520688 0.993919 0.479312 0.952543 0.022351 0.055445 0.004460 0.024956 0.554810 0.847364 0.004390 0.040482
0.506033 0.276772 0.523271 0.262982 0.492243 0.259534 0.540509 0.273324 0.468110 0.269877 0.581879 0.373303 0.423292 0.376751 0.619802 0.493967 0.381922 0.507757 0.588774 0.504309 0.409502 0.476729 0.547404 0.624973 0.447425 0.624973 0.530166 0.814588 0.447425 0.807693 0.519823 0.990412 0.475005 0.942147 0.010155 0.064401 0.014476 0.030850 0.494512 0.866067 0.006585 0.028858
0.507862 0.275487 0.521840 0.261509 0.490390 0.258015 0.542806 0.271992 0.469424 0.268498 0.584738 0.373329 0.423997 0.376824 0.619682 0.495632 0.378571 0.509610 0.577750 0.513104 0.406526 0.467677 0.546300 0.624924 0.444964 0.624924 0.528829 0.817114 0.444964 0.810125 0.518345 0.995327 0.469424 0.939417 0.010155 0.059517 0.019400 0.026836 0.462920 0.917756 0.011125 0.028858
0.507754 0.278580 0.524985 0.264795 0.493969 0.261349 0.542216 0.275134 0.469846 0.268241 0.583571 0.375074 0.425045 0.375074 0.621480 0.495692 0.383690 0.506031 0.569786 0.516370 0.407813 0.461230 0.545663 0.626649 0.445722 0.623203 0.528431 0.812745 0.442276 0.802406 0.518093 0.988503 0.466399 0.929917 0.010687 0.065638 0.018217 0.032585 0.475810 0.940138 0.010972 0.023269
0.506987 0.277294 0.524454 0.263320 0.493013 0.259827 0.545415 0.273800 0.468559 0.266814 0.583842 0.375110 0.426638 0.375110 0.622270 0.497380 0.381223 0.507860 0.562882 0.518341 0.402184 0.458952 0.545415 0.626637 0.444105 0.623143 0.527947 0.818775 0.444105 0.801308 0.517467 0.996940 0.461572 0.941046 0.010155 0.039583 0.019400 0.022380 0.488929 0.976042 0.013348 0.028858
0.506158 0.276547 0.523753 0.262471 0.492082 0.258952 0.544867 0.273028 0.467450 0.265990 0.583575 0.375077 0.425222 0.375077 0.622283 0.498241 0.379476 0.505278 0.555423 0.515835 0.400590 0.452494 0.544867 0.624923 0.446336 0.624923 0.527272 0.818465 0.442817 0.800870 0.516715 0.997931 0.456893 0.955703 0.010155 0.035223 0.020069 0.033201 0.515020 0.986431 0.011203 0.022493
0.506115 0.280728 0.520093 0.266751 0.488643 0.263257 0.544553 0.273740 0.467677 0.270245 0.582991 0.375076 0.425745 0.375076 0.621429 0.500874 0.383812 0.504368 0.544553 0.511357 0.401284 0.448458 0.544553 0.626671 0.446711 0.623176 0.527081 0.815367 0.446711 0.797895 0.516598 0.993580 0.457194 0.965625 0.010687 0.019868 0.018868 0.026835 0.551254 0.996584 0.011125 0.029389
0.502621 0.280728 0.520093 0.266751 0.488643 0.266751 0.544553 0.273740 0.467677 0.270245 0.582991 0.375076 0.425745 0.375076 0.617935 0.500874 0.383812 0.507862 0.541059 0.504368 0.401284 0.451952 0.544553 0.626671 0.446711 0.623176 0.527081 0.811872 0.446711 0.801389 0.516598 0.993580 0.457194 0.979602 0.011597 0.018703 0.018317 0.026836 0.571786 0.999057 0.011125 0.029940
0.502621 0.284223 0.520093 0.270245 0.485149 0.266751 0.541059 0.277234 0.464183 0.273740 0.582991 0.375076 0.425745 0.375076 0.617935 0.500874 0.380318 0.507862 0.537564 0.497379 0.401284 0.462436 0.544553 0.626671 0.446711 0.623176 0.527081 0.815367 0.450205 0.804884 0.516598 0.993580 0.457194 0.990085 0.010687 0.005885 0.018868 0.020715 0.600076 0.967283 0.011125 0.035510
0.502621 0.285970 0.520093 0.271992 0.485149 0.268498 0.541059 0.275487 0.464183 0.271992 0.582991 0.376824 0.425745 0.373329 0.614441 0.502621 0.380318 0.506115 0.537564 0.488643 0.401284 0.467677 0.544553 0.624924 0.446711 0.624924 0.527081 0.813619 0.453700 0.810125 0.516598 0.995327 0.467677 0.995327 0.011046 0.011972 0.019537 0.014458 0.635228 0.945976 0.011125 0.041395
0.503496 0.285860 0.517481 0.271875 0.486015 0.268379 0.541954 0.275372 0.465038 0.271875 0.580412 0.376760 0.423084 0.373264 0.615373 0.502622 0.377634 0.506118 0.541954 0.481645 0.412596 0.471157 0.548946 0.624988 0.447558 0.624988 0.527969 0.813780 0.461542 0.810284 0.513985 0.995581 0.475527 0.999077 0.010785 0.000454 0.004910 0.006872 0.674831 0.854923 0.004453 0.059201
0.499132 0.288200 0.516493 0.270839 0.485243 0.270839 0.537326 0.277783 0.464411 0.274311 0.578991 0.375003 0.422745 0.375003 0.610240 0.503472 0.374135 0.503472 0.544270 0.475695 0.408856 0.489584 0.547742 0.624997 0.450522 0.624997 0.530381 0.809020 0.464411 0.809020 0.516493 0.982627 0.471355 0.993044 0.004529 0.011972 0.009643 0.011246 0.702805 0.736261 0.002213 0.053918
0.500874 0.284096 0.514860 0.270111 0.483392 0.270111 0.539335 0.273607 0.462413 0.273607 0.577795 0.375003 0.420456 0.375003 0.612759 0.500874 0.375003 0.500874 0.553320 0.472903 0.413464 0.493881 0.549824 0.626745 0.451924 0.623249 0.532342 0.812055 0.469406 0.808559 0.518356 0.983380 0.476399 0.993869 0.004013 0.017935 0.005283 0.010193 0.726251 0.667556 0.002225 0.059881
0.499120 0.283499 0.513201 0.269418 0.481518 0.265897 0.534323 0.272938 0.460396 0.272938 0.576567 0.375028 0.418152 0.375028 0.615291 0.501760 0.372388 0.501760 0.562486 0.477118 0.414632 0.498240 0.551925 0.624972 0.453355 0.624972 0.534323 0.811550 0.474478 0.811550 0.523762 0.980527 0.485039 0.998128 0.010072 0.017884 0.001341 0.008658 0.733376 0.636771 0.006724 0.065823
0.493885 0.285970 0.511357 0.268498 0.479907 0.268498 0.532323 0.275487 0.455447 0.275487 0.574255 0.373329 0.417009 0.376824 0.612693 0.499126 0.375076 0.502621 0.567267 0.481655 0.417009 0.495632 0.553289 0.624924 0.455447 0.624924 0.539312 0.810125 0.476413 0.813619 0.525334 0.974360 0.490390 0.995327 0.003049 0.010785 0.002487 0.013703 0.711269 0.654985 0.011125 0.059201
0.493885 0.285970 0.507862 0.268498 0.476413 0.268498 0.532323 0.275487 0.455447 0.275487 0.574255 0.373329 0.417009 0.376824 0.616188 0.495632 0.375076 0.506115 0.574255 0.495632 0.423997 0.492138 0.553289 0.624924 0.455447 0.624924 0.542806 0.810125 0.479907 0.813619 0.528829 0.970866 0.493885 0.995327 0.009611 0.016596 0.008466 0.007893 0.605137 0.688414 0.011125 0.059032
0.488650 0.287841 0.506112 0.270380 0.474681 0.270380 0.527066 0.277364 0.453727 0.277364 0.572466 0.371657 0.415311 0.378642 0.610881 0.486904 0.376896 0.507858 0.575958 0.507858 0.422296 0.490396 0.555004 0.623104 0.457219 0.626597 0.544527 0.808197 0.478173 0.815182 0.530558 0.968844 0.492142 0.993290 0.009611 0.010309 0.004072 0.018072 0.430396 0.708859 0.015569 0.053222
0.488650 0.289588 0.502619 0.272126 0.471188 0.272126 0.523573 0.275618 0.450234 0.279111 0.572466 0.369911 0.415311 0.380388 0.614374 0.485158 0.380388 0.509604 0.579450 0.516589 0.425788 0.481665 0.555004 0.621358 0.457219 0.628343 0.551512 0.806451 0.481665 0.816928 0.534050 0.960113 0.495635 0.995037 0.030012 0.016119 0.016064 0.012261 0.377755 0.759619 0.015569 0.047039
0.487005 0.293805 0.500866 0.276478 0.469677 0.279943 0.521659 0.279943 0.448884 0.283409 0.570176 0.370045 0.414230 0.380442 0.615227 0.487871 0.383041 0.515595 0.573641 0.519060 0.424626 0.480940 0.556314 0.623024 0.459281 0.626489 0.552848 0.810159 0.480074 0.817090 0.535521 0.948777 0.497401 0.993828 0.033689 0.003480 0.011530 0.023056 0.411414 0.793334 0.019869 0.040482
0.486048 0.291593 0.500000 0.277641 0.468608 0.277641 0.520928 0.277641 0.447680 0.281129 0.569760 0.368329 0.412800 0.382280 0.615103 0.486920 0.384896 0.514824 0.566272 0.518312 0.423264 0.479944 0.559296 0.622952 0.458144 0.626439 0.559296 0.807815 0.479072 0.818279 0.538368 0.940358 0.500000 0.996166 0.049848 0.002688 0.013074 0.023861 0.434385 0.800902 0.022223 0.034588
0.483424 0.294986 0.497383 0.277538 0.465976 0.277538 0.518320 0.277538 0.448528 0.284517 0.570664 0.368268 0.413632 0.382226 0.612540 0.486914 0.382226 0.514831 0.560196 0.514831 0.424101 0.483424 0.556706 0.623008 0.458997 0.626498 0.560196 0.807957 0.479935 0.818426 0.539258 0.930093 0.500872 0.992906 0.060047 0.003429 0.023429 0.023861 0.452042 0.778858 0.020007 0.028583
0.485080 0.291119 0.499122 0.277076 0.467527 0.277076 0.520186 0.277076 0.446463 0.280587 0.569335 0.368352 0.411357 0.382395 0.611462 0.487713 0.383272 0.515798 0.558803 0.505266 0.425400 0.487713 0.558803 0.621116 0.460506 0.628137 0.562313 0.807178 0.481569 0.821221 0.541250 0.933560 0.502633 0.996751 0.058574 0.003429 0.019260 0.028245 0.505584 0.753215 0.024609 0.028583
0.484975 0.292298 0.499116 0.274621 0.467298 0.278156 0.520328 0.278156 0.446086 0.281692 0.569823 0.370076 0.410732 0.380682 0.608712 0.486742 0.378914 0.515025 0.555682 0.500884 0.421338 0.500884 0.559217 0.621086 0.460227 0.628157 0.559217 0.804925 0.481439 0.822601 0.545076 0.942804 0.502652 0.999369 0.032533 0.003429 0.013442 0.028245 0.519464 0.676442 0.024782 0.034588
0.487707 0.294523 0.501756 0.276961 0.470144 0.280473 0.522831 0.276961 0.449070 0.283986 0.572005 0.368284 0.410433 0.382334 0.607129 0.487707 0.382334 0.515806 0.557955 0.498244 0.431508 0.505269 0.557955 0.621179 0.459607 0.628204 0.554443 0.796800 0.480682 0.821387 0.547418 0.947834 0.505269 0.993496 0.008428 0.010580 0.011300 0.028245 0.523860 0.633241 0.022379 0.040953
0.488429 0.289933 0.502670 0.275691 0.470626 0.275691 0.520473 0.275691 0.449264 0.279252 0.570319 0.368263 0.410098 0.382505 0.609484 0.489319 0.381615 0.514242 0.559638 0.492879 0.445703 0.507121 0.559638 0.621055 0.459945 0.628176 0.552517 0.802639 0.477747 0.824001 0.548956 0.977101 0.502670 0.998464 0.005982 0.016309 0.000970 0.034862 0.576902 0.603004 0.024959 0.041334
0.490129 0.290905 0.504487 0.272957 0.472181 0.276547 0.522435 0.276547 0.450643 0.280137 0.572690 0.369877 0.411157 0.380646 0.612175 0.491923 0.382440 0.513461 0.561921 0.491923 0.443464 0.513461 0.558331 0.621149 0.457822 0.628328 0.547562 0.807809 0.479360 0.825757 0.547562 0.998058 0.504487 1.000000 0.018344 0.009687 0.000165 0.024689 0.599600 0.567780 0.020581 0.052932
