0.500709 0.276817 0.515824 0.261701 0.484649 0.263591 0.540386 0.270204 0.465755 0.275872 0.576284 0.376954 0.431746 0.373175 0.613127 0.499764 0.398682 0.508266 0.557390 0.463866 0.385456 0.635799 0.544164 0.625408 0.447806 0.624463 0.544164 0.815291 0.442138 0.816236 0.555501 1.000000 0.431746 1.000000 0.018344 0.007253 0.040923 0.029721 0.774908 0.043514 0.010225 0.009406
0.502105 0.276827 0.517077 0.261855 0.486198 0.263726 0.541406 0.271212 0.467483 0.276827 0.576029 0.376951 0.432861 0.373208 0.613458 0.499532 0.400110 0.507018 0.559185 0.468653 0.389817 0.634278 0.543278 0.625857 0.447833 0.623985 0.543278 0.813004 0.443154 0.813004 0.556378 1.000000 0.433797 1.000000 0.021495 0.007270 0.041644 0.026858 0.758989 0.050716 0.011321 0.007878
0.502106 0.275837 0.516145 0.261798 0.485259 0.262734 0.540480 0.270222 0.467475 0.275837 0.575111 0.376921 0.431909 0.373177 0.613485 0.496724 0.400086 0.507020 0.558264 0.471453 0.388855 0.633374 0.544224 0.625887 0.448756 0.624015 0.545160 0.813079 0.445012 0.814015 0.558264 1.000000 0.436589 1.000000 0.019904 0.007493 0.040880 0.027618 0.735283 0.046082 0.008939 0.007862
0.502109 0.275237 0.517109 0.261174 0.485235 0.263049 0.540546 0.270549 0.467422 0.277112 0.576171 0.377423 0.432735 0.372736 0.614608 0.497422 0.399923 0.507734 0.559296 0.473047 0.386798 0.635233 0.543359 0.625858 0.447735 0.623983 0.543359 0.812419 0.444922 0.812419 0.555546 1.000000 0.437422 1.000000 0.019964 0.007427 0.041799 0.023731 0.730794 0.043243 0.011342 0.004750
0.501409 0.274565 0.516438 0.259536 0.485441 0.262354 0.539921 0.269869 0.466654 0.276444 0.576554 0.376950 0.431900 0.373193 0.614126 0.498121 0.399024 0.508454 0.559646 0.474639 0.385874 0.636200 0.543678 0.625868 0.447868 0.623989 0.544617 0.812791 0.445050 0.813730 0.556828 1.000000 0.436596 1.000000 0.018365 0.008972 0.043399 0.024967 0.725251 0.043243 0.010766 0.006327
0.502122 0.272732 0.517210 0.257644 0.486090 0.260473 0.540786 0.268960 0.467230 0.275562 0.575677 0.377408 0.431395 0.372692 0.614341 0.499057 0.398390 0.509430 0.560589 0.473595 0.386131 0.637681 0.544558 0.625421 0.448370 0.624478 0.544558 0.813082 0.444598 0.814025 0.557760 1.000000 0.437054 1.000000 0.021496 0.005845 0.039732 0.027760 0.738766 0.045057 0.009006 0.006333
0.502594 0.271767 0.517683 0.257620 0.485618 0.259506 0.540318 0.268937 0.466755 0.274596 0.575213 0.377395 0.430917 0.372680 0.612938 0.500943 0.398851 0.510374 0.563896 0.472650 0.385648 0.638638 0.545034 0.625434 0.448836 0.624491 0.544091 0.813113 0.446007 0.814057 0.554465 1.000000 0.438462 1.000000 0.018581 0.007427 0.036941 0.027363 0.760896 0.040177 0.007806 0.003152
0.501883 0.272422 0.516003 0.257360 0.483997 0.259242 0.538597 0.268656 0.465169 0.275246 0.575310 0.376915 0.430338 0.373149 0.610141 0.504001 0.399272 0.510590 0.566838 0.471053 0.386093 0.638618 0.545186 0.625439 0.449166 0.624497 0.543303 0.812773 0.447283 0.814656 0.550834 1.000000 0.438810 1.000000 0.015555 0.010548 0.035197 0.026950 0.792185 0.038106 0.007192 0.000140
0.499770 0.272361 0.514501 0.258551 0.483198 0.260392 0.536597 0.269599 0.464784 0.276044 0.572504 0.377319 0.431639 0.372715 0.606569 0.510818 0.401257 0.508056 0.568821 0.466625 0.388367 0.632348 0.544883 0.625903 0.450974 0.624062 0.543963 0.808199 0.447291 0.810040 0.552249 0.994177 0.437163 0.998780 0.015780 0.010761 0.033616 0.030739 0.854511 0.037400 0.005276 0.004693
0.498629 0.272221 0.512337 0.257599 0.481266 0.260341 0.535183 0.268566 0.463903 0.275877 0.573565 0.378229 0.431918 0.371832 0.604637 0.521704 0.400847 0.507082 0.575393 0.462303 0.386225 0.630453 0.544322 0.625884 0.450195 0.624056 0.541580 0.808655 0.445626 0.808655 0.551633 0.993254 0.438315 0.994168 0.022091 0.004662 0.032639 0.030903 0.922266 0.034328 0.006981 0.003101
0.494927 0.272626 0.509685 0.257868 0.478323 0.260635 0.532745 0.268014 0.460798 0.276316 0.571487 0.377781 0.432203 0.372246 0.602849 0.530901 0.401763 0.510608 0.579788 0.465410 0.386083 0.635133 0.544737 0.625909 0.451574 0.624064 0.541047 0.811313 0.447884 0.811313 0.547504 1.000000 0.438660 1.000000 0.017198 0.009094 0.027850 0.030708 0.956541 0.029057 0.004697 0.000000
0.495166 0.274190 0.508977 0.259458 0.478593 0.262221 0.532916 0.269586 0.461099 0.277873 0.570666 0.377312 0.432556 0.372709 0.604733 0.531995 0.402172 0.512660 0.587240 0.464782 0.384678 0.636038 0.544886 0.625910 0.451892 0.624069 0.540282 0.811899 0.446367 0.811899 0.546727 1.000000 0.436239 1.000000 0.018742 0.007540 0.025015 0.033796 0.987953 0.023216 0.004103 0.001479
0.495545 0.272312 0.509614 0.256367 0.477724 0.260119 0.534001 0.267622 0.459903 0.275126 0.572457 0.378301 0.431764 0.371735 0.607161 0.536815 0.399874 0.513366 0.593092 0.464592 0.383928 0.640927 0.545256 0.625920 0.450523 0.624044 0.540566 0.815387 0.444895 0.815387 0.548070 1.000000 0.433640 1.000000 0.020233 0.008896 0.026949 0.032982 0.992636 0.030913 0.005375 0.001479
0.496729 0.272665 0.510748 0.257712 0.478972 0.260516 0.535046 0.267992 0.461215 0.276403 0.568691 0.378272 0.432243 0.371730 0.607943 0.535280 0.401403 0.512850 0.600467 0.460514 0.383646 0.639018 0.545327 0.625934 0.453739 0.624065 0.539719 0.814717 0.448131 0.813783 0.547196 1.000000 0.436916 1.000000 0.021807 0.008764 0.020489 0.036455 0.953746 0.023980 0.001188 0.000139
0.497191 0.272942 0.511236 0.257960 0.479401 0.260769 0.535580 0.267324 0.461611 0.276687 0.568352 0.377810 0.432585 0.372192 0.609550 0.534176 0.403559 0.513577 0.604868 0.459270 0.386705 0.639980 0.544944 0.625935 0.454120 0.624063 0.540262 0.815073 0.450375 0.814136 0.547752 1.000000 0.441012 1.000000 0.020233 0.008947 0.022063 0.033421 0.937866 0.022260 0.001189 0.001602
0.498127 0.272946 0.512172 0.257029 0.480338 0.260774 0.535580 0.267329 0.462548 0.276692 0.569286 0.377812 0.432586 0.372195 0.611420 0.533239 0.402624 0.512640 0.606739 0.458335 0.386707 0.639977 0.544943 0.625933 0.453185 0.624060 0.540261 0.816002 0.448503 0.815066 0.546815 1.000000 0.439140 1.000000 0.018598 0.007419 0.023293 0.033775 0.935605 0.027320 0.002382 0.000000
0.497278 0.276095 0.509982 0.260669 0.479129 0.264298 0.533574 0.269743 0.461888 0.280632 0.563519 0.377726 0.434666 0.372281 0.607983 0.527449 0.406536 0.512931 0.610705 0.452134 0.387480 0.633617 0.545371 0.625450 0.456444 0.624543 0.540834 0.808749 0.452814 0.808749 0.546278 0.992954 0.441925 0.996584 0.017283 0.012161 0.015401 0.033683 0.896612 0.012985 0.002311 0.001602
0.497088 0.279570 0.509633 0.263441 0.479167 0.267922 0.532034 0.273298 0.461246 0.285843 0.555331 0.377240 0.444221 0.372760 0.604614 0.525986 0.478271 0.494624 0.612679 0.449821 0.530242 0.486559 0.539202 0.625448 0.461246 0.624552 0.534722 0.806451 0.453181 0.806451 0.540995 0.988350 0.438844 0.992831 0.018849 0.010334 0.012779 0.035593 0.864581 0.462274 0.000577 0.006225
0.499318 0.275458 0.511136 0.260913 0.481137 0.264549 0.532045 0.270003 0.461137 0.282731 0.557499 0.377275 0.441137 0.372729 0.610226 0.524545 0.466591 0.504545 0.620225 0.446364 0.488409 0.553636 0.541136 0.625453 0.460228 0.624544 0.534772 0.807268 0.452046 0.808177 0.538409 0.994538 0.436592 0.999993 0.017317 0.011418 0.009822 0.038259 0.850069 0.072406 0.001736 0.003035
0.500698 0.274973 0.511868 0.260080 0.481151 0.263803 0.531415 0.270319 0.459742 0.284281 0.552824 0.377364 0.441125 0.372710 0.610536 0.530019 0.487667 0.491855 0.625429 0.447176 0.574233 0.464861 0.542585 0.624963 0.463465 0.624963 0.535139 0.815783 0.455088 0.816714 0.538862 1.000000 0.438333 1.000000 0.018337 0.012087 0.000742 0.042014 0.828330 0.477678 0.007705 0.001480
0.501166 0.274752 0.512358 0.258896 0.481579 0.263559 0.531945 0.269156 0.459194 0.283146 0.557128 0.375484 0.438675 0.374551 0.615889 0.520053 0.470387 0.497668 0.633610 0.441706 0.532878 0.508861 0.543138 0.624516 0.461060 0.625449 0.536609 0.816653 0.455463 0.819451 0.542205 1.000000 0.446136 1.000000 0.019652 0.005278 0.007052 0.037504 0.806307 0.363343 0.005345 0.001630
0.501669 0.277341 0.515972 0.260177 0.482597 0.263037 0.538858 0.271620 0.457804 0.284016 0.553162 0.372698 0.437779 0.377466 0.610376 0.492848 0.470201 0.504291 0.638030 0.439448 0.524554 0.527177 0.544580 0.623488 0.464479 0.626348 0.535997 0.826598 0.453990 0.828506 0.539812 1.000000 0.449222 1.000000 0.019255 0.009301 0.002556 0.050519 0.706439 0.293480 0.011537 0.003062
0.499766 0.277688 0.511935 0.261775 0.480109 0.266455 0.532528 0.273007 0.458580 0.285176 0.547505 0.371293 0.446411 0.378781 0.595243 0.501404 0.506318 0.522933 0.633621 0.439625 0.582139 0.630579 0.540016 0.622155 0.466068 0.627771 0.535336 0.816854 0.454835 0.823406 0.542824 1.000000 0.442667 1.000000 0.019168 0.000000 0.001849 0.043334 0.711125 0.069955 0.007747 0.010606
0.500711 0.276948 0.513037 0.260829 0.480800 0.265570 0.534845 0.271259 0.457096 0.283585 0.553808 0.372711 0.437185 0.377452 0.608800 0.501659 0.445718 0.516830 0.640089 0.439081 0.452355 0.578459 0.545274 0.623023 0.463733 0.626815 0.536741 0.820238 0.452355 0.824979 0.542430 1.000000 0.442874 1.000000 0.022251 0.004660 0.002917 0.052017 0.724101 0.014684 0.011471 0.004492
0.500931 0.277360 0.513028 0.261540 0.480458 0.266193 0.534431 0.270846 0.458124 0.282943 0.557696 0.371348 0.433929 0.378792 0.611669 0.494184 0.406012 0.520240 0.638656 0.433696 0.381817 0.647729 0.546529 0.623534 0.461846 0.626326 0.540945 0.814302 0.454402 0.821747 0.551182 1.000000 0.447888 1.000000 0.024863 0.002519 0.004773 0.047869 0.734641 0.002325 0.010665 0.002807
0.502732 0.283961 0.515480 0.266660 0.484520 0.269392 0.536424 0.275766 0.460844 0.287604 0.547351 0.369557 0.448096 0.380484 0.601987 0.477007 0.485430 0.507968 0.631126 0.436941 0.496358 0.558050 0.536424 0.622703 0.468129 0.627256 0.528228 0.814839 0.465397 0.815749 0.539156 1.000000 0.479056 1.000000 0.030605 0.026088 0.000164 0.030397 0.650114 0.022305 0.005797 0.008956
0.502702 0.284099 0.515309 0.266989 0.484691 0.269690 0.536922 0.276895 0.460377 0.286800 0.548628 0.368748 0.444167 0.381356 0.607163 0.476811 0.444167 0.519136 0.633278 0.434487 0.405445 0.612791 0.537822 0.622697 0.469382 0.627199 0.529717 0.812708 0.469382 0.813608 0.540524 1.000000 0.491895 1.000000 0.030529 0.036345 0.000000 0.032533 0.666009 0.124796 0.009174 0.013568
0.499781 0.286420 0.512938 0.269754 0.482238 0.272386 0.533112 0.278525 0.461187 0.289051 0.543637 0.368870 0.453293 0.381149 0.610299 0.477633 0.521709 0.507456 0.629596 0.432023 0.580476 0.547803 0.531357 0.622359 0.471713 0.627622 0.510306 0.810064 0.478730 0.806556 0.501535 1.000000 0.503289 0.996892 0.021897 0.028370 0.020142 0.011268 0.697576 0.150471 0.003908 0.048026
0.499564 0.287315 0.511779 0.270737 0.482113 0.274227 0.532721 0.279462 0.461171 0.289933 0.542319 0.367590 0.455064 0.382424 0.611250 0.474042 0.526613 0.512434 0.629574 0.432159 0.584201 0.577875 0.531848 0.622375 0.470769 0.627611 0.515270 0.809102 0.472515 0.808229 0.504799 1.000000 0.482985 1.000000 0.011667 0.014113 0.015113 0.017287 0.685811 0.069568 0.003334 0.031263
0.500219 0.286898 0.513374 0.270235 0.482680 0.273743 0.533544 0.279005 0.460756 0.288651 0.544068 0.368455 0.450232 0.381610 0.608086 0.475445 0.501096 0.507016 0.630010 0.433351 0.504604 0.546479 0.534421 0.622775 0.471279 0.627160 0.520389 0.812199 0.472156 0.811323 0.510743 1.000000 0.477418 1.000000 0.008324 0.007047 0.011468 0.025702 0.675519 0.094431 0.007259 0.025051
0.502415 0.286393 0.515587 0.269709 0.485730 0.272343 0.537540 0.278490 0.462899 0.287271 0.552469 0.368938 0.438311 0.381232 0.614816 0.480461 0.408454 0.519099 0.635892 0.432164 0.382110 0.641160 0.541053 0.622720 0.468168 0.627110 0.525246 0.817666 0.471680 0.815910 0.516465 1.000000 0.479583 1.000000 0.012273 0.006474 0.011444 0.032542 0.706765 0.000186 0.011742 0.031674
0.502407 0.286239 0.515534 0.268736 0.484903 0.271361 0.539164 0.278363 0.463899 0.286239 0.553167 0.369381 0.438519 0.380758 0.615304 0.479652 0.407013 0.519035 0.636308 0.430643 0.381633 0.643309 0.540914 0.623181 0.467400 0.626681 0.519910 0.827096 0.463024 0.827096 0.505907 1.000000 0.460398 1.000000 0.011829 0.003036 0.017317 0.044160 0.707781 0.007184 0.010588 0.025723
0.500000 0.282953 0.514247 0.266034 0.483081 0.268705 0.538289 0.275829 0.460820 0.283843 0.554318 0.369326 0.434997 0.380902 0.613087 0.488647 0.401160 0.520703 0.638020 0.436110 0.376227 0.650709 0.544523 0.623105 0.466163 0.626667 0.524042 0.834142 0.461711 0.834142 0.521371 1.000000 0.467053 1.000000 0.026897 0.014655 0.018515 0.046981 0.713278 0.015276 0.013609 0.023965
0.498464 0.282064 0.512510 0.264507 0.480906 0.267140 0.537091 0.275041 0.460715 0.282064 0.553771 0.370731 0.435256 0.379510 0.606444 0.493635 0.403652 0.518216 0.634536 0.435695 0.376437 0.645510 0.544992 0.623563 0.465982 0.626196 0.526556 0.831622 0.462470 0.832500 0.525678 1.000000 0.467738 1.000000 0.026816 0.013276 0.017083 0.044861 0.727417 0.004266 0.013977 0.022714
0.498298 0.285287 0.511917 0.269114 0.481274 0.271668 0.536601 0.278477 0.460845 0.286138 0.548518 0.370406 0.442119 0.379769 0.597036 0.493829 0.419988 0.519365 0.627679 0.437650 0.381684 0.643638 0.540006 0.623210 0.469357 0.626615 0.523833 0.820686 0.468506 0.821537 0.524685 1.000000 0.471911 1.000000 0.027354 0.006694 0.015297 0.036372 0.721831 0.045121 0.011924 0.024620
0.499367 0.286406 0.512875 0.269521 0.482482 0.272053 0.537358 0.279652 0.462220 0.286406 0.549177 0.370830 0.443647 0.379273 0.594767 0.492402 0.425073 0.518573 0.626848 0.439214 0.383705 0.642678 0.539046 0.623260 0.468130 0.626637 0.522161 0.817437 0.466441 0.818281 0.520473 1.000000 0.470662 1.000000 0.024912 0.009519 0.014841 0.034207 0.713037 0.060224 0.009138 0.024805
0.499349 0.280528 0.514097 0.264046 0.482867 0.265781 0.540121 0.275323 0.462915 0.280528 0.555736 0.371613 0.435156 0.378553 0.602579 0.496530 0.403059 0.519952 0.632941 0.440144 0.376167 0.650941 0.545326 0.623182 0.463783 0.626652 0.532314 0.819232 0.461180 0.820967 0.530579 1.000000 0.462915 1.000000 0.018316 0.006996 0.007931 0.040829 0.728573 0.006597 0.011600 0.016833
0.499787 0.282136 0.514283 0.265935 0.483586 0.267641 0.539011 0.277020 0.463974 0.280431 0.553507 0.371669 0.437540 0.378491 0.600405 0.496163 0.409401 0.520891 0.630249 0.442443 0.379557 0.651353 0.543274 0.623214 0.465679 0.626625 0.522810 0.823598 0.463974 0.825303 0.518546 1.000000 0.467384 1.000000 0.025738 0.007951 0.019454 0.038676 0.723908 0.009485 0.011402 0.029664
0.497435 0.276835 0.512826 0.262300 0.479479 0.264010 0.537622 0.272560 0.460668 0.278545 0.553867 0.371744 0.433307 0.378585 0.601749 0.506840 0.399961 0.522231 0.629111 0.441857 0.373455 0.654762 0.547027 0.623125 0.465799 0.626545 0.529071 0.825769 0.462378 0.831754 0.518811 1.000000 0.461523 1.000000 0.012679 0.004036 0.019472 0.046778 0.764725 0.009775 0.016337 0.022826
0.496462 0.277343 0.512277 0.263193 0.479815 0.264858 0.536416 0.274846 0.460671 0.279840 0.553895 0.372232 0.434035 0.378059 0.603837 0.509572 0.400741 0.519561 0.627143 0.440486 0.374938 0.648577 0.546404 0.623606 0.465665 0.626103 0.527260 0.829199 0.464000 0.835026 0.512277 1.000000 0.460671 1.000000 0.006767 0.002379 0.020071 0.042908 0.785417 0.010726 0.015373 0.027019
0.496920 0.276570 0.512527 0.262605 0.479669 0.264248 0.536348 0.276570 0.461598 0.278213 0.556884 0.373499 0.431205 0.376785 0.606170 0.513964 0.399169 0.519714 0.627528 0.441678 0.376169 0.647858 0.548670 0.623215 0.463241 0.626501 0.535527 0.826931 0.459955 0.833502 0.528134 1.000000 0.459134 1.000000 0.008914 0.003828 0.010040 0.045666 0.801140 0.013655 0.015171 0.015455
0.496467 0.280937 0.512170 0.268375 0.480763 0.268375 0.534940 0.280937 0.461134 0.280937 0.551429 0.373588 0.436009 0.376728 0.604035 0.509422 0.406957 0.519629 0.622879 0.437972 0.379476 0.640545 0.545932 0.623272 0.466630 0.626412 0.533370 0.825060 0.465060 0.832127 0.523163 1.000000 0.465060 1.000000 0.002915 0.002429 0.012785 0.041274 0.800305 0.007294 0.016002 0.017361
0.495873 0.282456 0.511595 0.268306 0.480152 0.269092 0.533604 0.280097 0.460500 0.280883 0.550898 0.372853 0.434560 0.377570 0.609853 0.506485 0.405475 0.521420 0.624002 0.438097 0.379535 0.643261 0.546968 0.622823 0.467575 0.626754 0.536749 0.818554 0.466003 0.825629 0.529674 1.000000 0.467575 1.000000 0.004771 0.005023 0.011599 0.044446 0.802804 0.003269 0.018526 0.014087
0.495717 0.284505 0.511291 0.270489 0.479365 0.270489 0.533872 0.280611 0.459899 0.282169 0.551003 0.373272 0.434203 0.377166 0.610181 0.506424 0.399942 0.517325 0.621861 0.438680 0.375803 0.639576 0.547888 0.623224 0.466907 0.626338 0.540880 0.816332 0.463013 0.824898 0.540880 1.000000 0.463013 1.000000 0.011546 0.006240 0.007581 0.047781 0.812528 0.014260 0.018848 0.005306
0.496223 0.287191 0.511330 0.273596 0.480362 0.274351 0.533234 0.283415 0.461479 0.284170 0.552116 0.374052 0.434288 0.376318 0.608765 0.509253 0.401054 0.513784 0.618584 0.439009 0.379906 0.632368 0.546829 0.623304 0.466766 0.626326 0.533989 0.823462 0.465256 0.833281 0.528702 1.000000 0.467522 1.000000 0.011337 0.005899 0.013641 0.043445 0.829495 0.019327 0.017319 0.018068
0.498046 0.291583 0.512260 0.278080 0.482410 0.278790 0.532871 0.287319 0.463931 0.288030 0.549928 0.374737 0.440478 0.375447 0.602520 0.506219 0.416313 0.509772 0.613181 0.435858 0.394281 0.619222 0.542821 0.624197 0.466774 0.625619 0.535713 0.829593 0.469617 0.833858 0.530738 1.000000 0.472460 1.000000 0.002375 0.000428 0.001946 0.028991 0.831016 0.006573 0.012219 0.015356
0.497793 0.289418 0.513242 0.276176 0.481609 0.275440 0.534576 0.284268 0.462481 0.284268 0.549289 0.374754 0.439676 0.375490 0.605935 0.510115 0.420549 0.514529 0.616970 0.438021 0.394065 0.627821 0.544140 0.624143 0.466895 0.625614 0.538254 0.826449 0.467631 0.829391 0.534576 1.000000 0.466160 1.000000 0.002942 0.003588 0.002686 0.033355 0.825497 0.029582 0.014055 0.010406
0.495758 0.293737 0.509898 0.280305 0.480204 0.279598 0.530400 0.288081 0.462530 0.287374 0.538177 0.375041 0.455460 0.375041 0.598271 0.510782 0.487274 0.514316 0.609583 0.437255 0.423646 0.614001 0.533935 0.624606 0.472428 0.625313 0.528986 0.827511 0.467479 0.828925 0.527572 1.000000 0.465358 1.000000 0.005236 0.004047 0.002355 0.029282 0.818747 0.252317 0.008103 0.000000
0.497777 0.289925 0.513338 0.276587 0.481475 0.275105 0.534086 0.285479 0.461468 0.283256 0.548906 0.375141 0.439238 0.375141 0.608928 0.513709 0.417007 0.515191 0.617820 0.441831 0.391072 0.632269 0.545201 0.624118 0.466655 0.625600 0.543719 0.826413 0.463691 0.831600 0.548165 1.000000 0.462950 1.000000 0.009820 0.003384 0.002404 0.039286 0.830709 0.019283 0.015101 0.002247
0.499084 0.290404 0.514474 0.276480 0.482961 0.275014 0.534261 0.285274 0.462441 0.283075 0.546719 0.375415 0.446318 0.374682 0.609745 0.513191 0.454380 0.516123 0.617073 0.439906 0.400882 0.631914 0.540124 0.624585 0.466838 0.625318 0.538658 0.823921 0.461708 0.826853 0.545254 1.000000 0.458777 1.000000 0.013659 0.003240 0.006084 0.034103 0.831710 0.155890 0.008865 0.005760
