0.489768 0.301049 0.505230 0.283769 0.471578 0.284678 0.529786 0.277402 0.449751 0.281950 0.566165 0.369261 0.408824 0.381994 0.614368 0.488404 0.364258 0.516598 0.677123 0.595724 0.447932 0.519327 0.563437 0.621190 0.461574 0.627556 0.578898 0.802178 0.517053 0.814002 0.466121 0.901313 0.555252 1.000000 0.297590 0.034075 0.030574 0.024706 0.046053 0.591395 0.031898 0.064934
0.488691 0.301862 0.504071 0.284672 0.471501 0.286481 0.529404 0.277434 0.450692 0.282862 0.566498 0.369717 0.409074 0.381479 0.611735 0.487334 0.366551 0.517190 0.667829 0.594093 0.447073 0.513571 0.563784 0.621235 0.460644 0.627568 0.598164 0.807612 0.519452 0.813945 0.492310 0.877277 0.550213 1.000000 0.372789 0.049551 0.061499 0.031537 0.037117 0.610949 0.031152 0.039226
0.487141 0.305113 0.501330 0.287376 0.470290 0.289149 0.527049 0.279394 0.449893 0.284715 0.564297 0.370740 0.410871 0.380496 0.606866 0.488693 0.368302 0.513525 0.656530 0.593342 0.442798 0.506430 0.562523 0.620834 0.462309 0.627929 0.601545 0.805301 0.511973 0.815943 0.513746 0.893987 0.535918 1.000000 0.314757 0.043851 0.068614 0.016961 0.030796 0.628806 0.031669 0.015848
0.482400 0.304858 0.499120 0.288138 0.466560 0.288138 0.525520 0.281098 0.447200 0.283738 0.563361 0.371739 0.410239 0.379659 0.604721 0.492300 0.367119 0.510780 0.649601 0.599661 0.436639 0.504620 0.563361 0.620781 0.463040 0.627821 0.608241 0.801183 0.505280 0.819663 0.522880 0.922624 0.529920 1.000000 0.272632 0.028139 0.077614 0.002254 0.020840 0.629264 0.033676 0.008628
0.481226 0.301122 0.496944 0.284531 0.465507 0.285404 0.524887 0.278418 0.447170 0.282784 0.563309 0.371854 0.408748 0.379713 0.603478 0.494106 0.367706 0.511570 0.642773 0.605879 0.432325 0.501092 0.564182 0.620724 0.463761 0.627710 0.609590 0.801482 0.501310 0.821566 0.553704 0.920241 0.519648 1.000000 0.218347 0.029472 0.077224 0.008586 0.006559 0.647223 0.035653 0.017440
0.479613 0.299816 0.496096 0.283333 0.463997 0.284200 0.525592 0.277260 0.447514 0.281598 0.563764 0.372689 0.409342 0.378762 0.601936 0.496747 0.365966 0.509760 0.639240 0.609527 0.424091 0.497614 0.563764 0.620804 0.463130 0.627745 0.606273 0.800385 0.496964 0.819470 0.575042 0.953939 0.518652 1.000000 0.137857 0.018753 0.073987 0.012124 0.006666 0.667353 0.034309 0.018387
0.479236 0.298198 0.494809 0.280894 0.464528 0.281760 0.523360 0.278299 0.447224 0.282625 0.565753 0.372603 0.409157 0.378659 0.600360 0.496323 0.366763 0.502379 0.633237 0.607931 0.420404 0.488536 0.564023 0.620908 0.461067 0.627830 0.597765 0.806921 0.489618 0.819898 0.591709 0.985147 0.510382 1.000000 0.067931 0.011091 0.059337 0.018407 0.004369 0.685471 0.031999 0.010146
0.480662 0.299393 0.496812 0.283243 0.466211 0.283243 0.526563 0.278992 0.449211 0.284093 0.567365 0.373346 0.410959 0.377596 0.602216 0.499150 0.368458 0.503400 0.633667 0.613054 0.416910 0.488100 0.561415 0.621554 0.460261 0.627504 0.592866 0.810261 0.488312 0.815361 0.612416 0.998967 0.507013 0.997267 0.019707 0.014573 0.060198 0.014818 0.000272 0.701069 0.027633 0.005386
0.479260 0.297466 0.496191 0.281382 0.464869 0.282228 0.526666 0.278842 0.448784 0.283075 0.568993 0.373654 0.412383 0.377040 0.604547 0.500635 0.369210 0.501481 0.634176 0.615764 0.414923 0.482858 0.559681 0.622536 0.458943 0.626769 0.585924 0.809621 0.484339 0.813854 0.618092 0.996706 0.500423 0.993320 0.009842 0.014495 0.056265 0.015725 0.006723 0.729444 0.023735 0.001416
0.479528 0.298450 0.494724 0.282411 0.465177 0.282411 0.527647 0.278190 0.450826 0.283255 0.570701 0.374427 0.412838 0.376115 0.608689 0.503588 0.368096 0.501899 0.637392 0.618397 0.408617 0.479106 0.558882 0.622618 0.457580 0.626839 0.579143 0.808340 0.480373 0.811716 0.614598 0.992372 0.493880 0.988151 0.025995 0.014726 0.049734 0.017165 0.013074 0.771880 0.020975 0.004460
0.478566 0.299533 0.494537 0.283563 0.464277 0.284404 0.528158 0.280201 0.451669 0.285244 0.572706 0.373500 0.413845 0.376862 0.608849 0.500420 0.366776 0.504623 0.635746 0.616414 0.402919 0.474364 0.557576 0.623138 0.455872 0.626500 0.574387 0.807214 0.476885 0.808896 0.606327 0.993813 0.486131 0.982886 0.024974 0.019612 0.048257 0.016579 0.015778 0.834229 0.017131 0.007522
0.476705 0.300415 0.492655 0.284465 0.462434 0.284465 0.527073 0.278589 0.450681 0.284465 0.574923 0.373450 0.413744 0.376807 0.612699 0.501889 0.360857 0.502728 0.637883 0.618575 0.394436 0.474186 0.557294 0.622773 0.454039 0.626970 0.569047 0.808296 0.471668 0.810815 0.594231 0.998017 0.480063 0.975351 0.021870 0.014204 0.042607 0.020405 0.023391 0.850816 0.014435 0.010292
0.476705 0.300415 0.492655 0.284465 0.462434 0.284465 0.527073 0.278589 0.450681 0.284465 0.574923 0.373450 0.413744 0.376807 0.612699 0.501889 0.360857 0.502728 0.637883 0.618575 0.394436 0.474186 0.557294 0.622773 0.454039 0.626970 0.569047 0.808296 0.471668 0.809975 0.594231 0.998017 0.480063 0.975351 0.021870 0.014424 0.042607 0.020266 0.023391 0.850816 0.014435 0.010430
0.475599 0.301249 0.491449 0.284565 0.462252 0.284565 0.527320 0.281228 0.450573 0.283731 0.576539 0.374660 0.414702 0.375494 0.616581 0.501460 0.360478 0.500626 0.641608 0.619918 0.387173 0.469760 0.556518 0.623255 0.452241 0.626592 0.567363 0.809284 0.465589 0.815124 0.584881 0.998650 0.474765 0.968619 0.010829 0.003488 0.044115 0.024740 0.031090 0.903185 0.011155 0.003961
0.472228 0.303314 0.487979 0.286734 0.459792 0.287563 0.525285 0.281760 0.449844 0.285905 0.580001 0.375439 0.415025 0.374610 0.619794 0.503109 0.361968 0.498964 0.646323 0.621659 0.380206 0.472435 0.555130 0.624146 0.449844 0.625804 0.565907 0.809847 0.458134 0.815651 0.575027 0.998865 0.469741 0.965704 0.003108 0.010680 0.050178 0.029952 0.026100 0.936655 0.006334 0.004562
0.470347 0.304169 0.485997 0.287696 0.457168 0.289343 0.524710 0.281930 0.448108 0.287696 0.582368 0.375830 0.415161 0.374182 0.626024 0.503501 0.362445 0.500206 0.652381 0.619640 0.378095 0.473848 0.555187 0.624582 0.447284 0.625406 0.562600 0.809911 0.450579 0.814853 0.569189 0.999358 0.466229 0.971353 0.001658 0.026190 0.047370 0.034947 0.033837 0.955555 0.003147 0.007190
0.471044 0.304039 0.486542 0.287725 0.457178 0.288541 0.525693 0.280385 0.448206 0.286910 0.584420 0.376632 0.416395 0.373369 0.630097 0.502243 0.365825 0.497349 0.659461 0.619698 0.379691 0.471248 0.554241 0.625407 0.444943 0.624592 0.560766 0.806483 0.440049 0.809746 0.565660 0.991637 0.461256 0.938619 0.003056 0.060326 0.049893 0.044429 0.033038 0.967838 0.001034 0.019877
0.468201 0.304172 0.483497 0.288071 0.455320 0.288876 0.525359 0.280825 0.448879 0.288071 0.585738 0.377431 0.418288 0.372601 0.633236 0.502214 0.370790 0.495773 0.664632 0.620556 0.379645 0.465182 0.552731 0.626191 0.443244 0.623776 0.559171 0.808132 0.431973 0.807327 0.562391 0.986853 0.463370 0.924059 0.005529 0.103156 0.053253 0.051044 0.033225 0.972537 0.005125 0.030784
0.467211 0.303864 0.482406 0.287870 0.455215 0.289469 0.523992 0.281472 0.449616 0.290269 0.586372 0.376640 0.420026 0.373441 0.636755 0.500600 0.374441 0.495002 0.668745 0.620561 0.379240 0.467811 0.551183 0.626159 0.442419 0.623759 0.555982 0.808499 0.427224 0.805300 0.559980 0.989240 0.463212 0.927660 0.001335 0.117634 0.052970 0.054980 0.039933 0.941400 0.008147 0.034955
0.464572 0.302642 0.480585 0.287430 0.454163 0.288231 0.522218 0.281826 0.449360 0.289031 0.588671 0.375501 0.421337 0.374700 0.641513 0.499600 0.380505 0.497198 0.674339 0.618895 0.379704 0.471577 0.550240 0.626101 0.439752 0.623699 0.554243 0.813450 0.426141 0.809447 0.558247 0.992794 0.463771 0.952762 0.000301 0.105016 0.055237 0.046781 0.042664 0.887640 0.012746 0.030083
0.462735 0.304954 0.477800 0.288304 0.451635 0.289890 0.520615 0.280376 0.447671 0.289890 0.588008 0.375520 0.423092 0.374727 0.641923 0.498414 0.383448 0.496829 0.673638 0.614966 0.377898 0.470664 0.549158 0.626066 0.439742 0.623687 0.552329 0.811597 0.426263 0.806840 0.557879 0.994750 0.461942 0.967792 0.004201 0.092822 0.054409 0.044640 0.047030 0.833536 0.014137 0.028824
0.461133 0.302904 0.476128 0.287121 0.450085 0.289488 0.518743 0.279229 0.446928 0.291067 0.587401 0.373930 0.423253 0.376297 0.645010 0.493095 0.388529 0.500197 0.672631 0.608314 0.378270 0.473365 0.548731 0.625676 0.440615 0.624097 0.551888 0.811131 0.431145 0.806396 0.558991 0.996586 0.459555 0.987116 0.006767 0.066155 0.053932 0.038786 0.068446 0.796776 0.013569 0.021938
0.457838 0.303768 0.472023 0.287219 0.446017 0.290371 0.515368 0.278550 0.442864 0.292735 0.586295 0.373119 0.423162 0.377060 0.645401 0.489755 0.387699 0.501576 0.668255 0.601662 0.374301 0.473205 0.549255 0.625305 0.441288 0.624516 0.552407 0.811291 0.437348 0.809715 0.557924 0.994126 0.453897 1.000000 0.004205 0.034325 0.051814 0.030045 0.085174 0.771249 0.012044 0.012166
0.454248 0.304673 0.467543 0.287467 0.443299 0.291378 0.511340 0.278082 0.442516 0.292942 0.584857 0.371933 0.422964 0.378190 0.644296 0.486118 0.387770 0.500978 0.659937 0.591700 0.369782 0.472822 0.549663 0.625330 0.442516 0.624548 0.552791 0.810685 0.443299 0.809121 0.557484 0.991348 0.450337 0.999951 0.002895 0.010387 0.049301 0.023861 0.105956 0.730180 0.009960 0.004023
0.450082 0.304422 0.462561 0.286483 0.438382 0.290383 0.507800 0.277903 0.439162 0.293503 0.581897 0.371500 0.421223 0.378520 0.640395 0.481476 0.384564 0.500195 0.652094 0.585212 0.363505 0.466656 0.550698 0.625770 0.446182 0.624210 0.553038 0.807503 0.450082 0.808283 0.559278 0.985337 0.447742 0.995476 0.007066 0.010722 0.042961 0.025483 0.119858 0.728380 0.003973 0.002647
0.444423 0.303629 0.457684 0.286469 0.434283 0.290369 0.504485 0.278669 0.434283 0.291149 0.579367 0.370711 0.419463 0.379291 0.637869 0.481474 0.380462 0.500975 0.645669 0.582877 0.362521 0.466654 0.552847 0.625779 0.448323 0.624219 0.555187 0.805964 0.455344 0.806744 0.560647 0.978349 0.447543 0.993949 0.005945 0.025492 0.037112 0.025099 0.130238 0.747952 0.001490 0.008104
0.441431 0.305291 0.453967 0.287270 0.430461 0.291188 0.500196 0.277867 0.432028 0.291971 0.576982 0.369541 0.417925 0.380511 0.636531 0.480803 0.377181 0.502742 0.641232 0.583447 0.356025 0.459648 0.555043 0.624974 0.450050 0.624974 0.558961 0.805971 0.459452 0.809889 0.564446 0.976782 0.453967 1.000000 0.003328 0.025190 0.034161 0.025420 0.141854 0.752323 0.006485 0.009283
0.440455 0.306189 0.452909 0.288286 0.428002 0.292178 0.497276 0.278946 0.428002 0.294513 0.574333 0.368457 0.417105 0.381689 0.635045 0.481319 0.375852 0.504670 0.637380 0.584841 0.351723 0.455634 0.556431 0.624537 0.452131 0.625316 0.562658 0.803560 0.466141 0.812900 0.570442 0.970907 0.465363 1.000000 0.003727 0.025003 0.033284 0.021722 0.149917 0.751423 0.010903 0.012663
0.435927 0.308167 0.448315 0.290358 0.425086 0.294230 0.493225 0.280292 0.425861 0.295004 0.572203 0.367788 0.415795 0.382500 0.634147 0.483933 0.377080 0.504839 0.634922 0.588464 0.351528 0.463801 0.557492 0.624082 0.454510 0.625630 0.566783 0.806042 0.471544 0.816108 0.576849 0.963999 0.476190 1.000000 0.004018 0.020753 0.034491 0.021873 0.153600 0.725176 0.015287 0.012151
0.431856 0.307503 0.444176 0.289023 0.420306 0.293643 0.489605 0.278243 0.421846 0.295953 0.570454 0.366022 0.413376 0.384502 0.631283 0.483060 0.379497 0.507700 0.632053 0.594709 0.352547 0.466120 0.559674 0.623198 0.456496 0.626278 0.572764 0.807226 0.475745 0.816466 0.582774 0.964304 0.482675 1.000000 0.002348 0.020745 0.035938 0.024070 0.150375 0.731525 0.020602 0.009505
0.431090 0.307776 0.443306 0.289451 0.419636 0.294032 0.487592 0.278761 0.420400 0.294796 0.569292 0.365043 0.412001 0.385658 0.629613 0.482629 0.378405 0.509354 0.631140 0.594871 0.351680 0.467358 0.561657 0.622359 0.457050 0.626940 0.578455 0.805611 0.477666 0.816301 0.589144 0.960612 0.488356 1.000000 0.007180 0.017129 0.038540 0.024236 0.146543 0.735186 0.023841 0.005421
0.431207 0.307717 0.443236 0.289673 0.419177 0.294936 0.485339 0.277644 0.419177 0.296440 0.568041 0.364105 0.412411 0.386660 0.629692 0.482896 0.377074 0.507706 0.630444 0.597927 0.351512 0.463348 0.562027 0.621986 0.457521 0.627249 0.583830 0.804683 0.480828 0.815960 0.592100 0.936255 0.495113 1.000000 0.017827 0.015349 0.045232 0.019883 0.150301 0.743181 0.024914 0.001309
0.431026 0.306798 0.442151 0.288257 0.419159 0.294932 0.484425 0.277132 0.420643 0.298640 0.567491 0.364648 0.412484 0.386156 0.627565 0.483313 0.379110 0.505562 0.629790 0.599753 0.353152 0.464030 0.561558 0.622003 0.458467 0.627194 0.585291 0.804450 0.483684 0.814092 0.594932 0.928307 0.499258 1.000000 0.016446 0.016432 0.048512 0.017314 0.143090 0.735438 0.025524 0.001515
0.432522 0.304571 0.444321 0.286135 0.420722 0.292035 0.486357 0.275810 0.421460 0.296459 0.568216 0.365781 0.412610 0.384955 0.627950 0.485988 0.379424 0.504425 0.633113 0.601770 0.352875 0.457964 0.561578 0.622419 0.457596 0.626844 0.587390 0.808261 0.484882 0.814161 0.597714 0.922568 0.504056 1.000000 0.015255 0.013574 0.052159 0.012485 0.132619 0.748506 0.024437 0.002112
0.435196 0.303576 0.446912 0.285270 0.423481 0.291128 0.489382 0.275750 0.424213 0.295521 0.569197 0.367281 0.412497 0.383390 0.627044 0.485904 0.380278 0.502014 0.636563 0.604528 0.355382 0.462473 0.561142 0.622834 0.457164 0.626495 0.587503 0.809556 0.484989 0.813949 0.600683 0.928912 0.508421 0.999207 0.009634 0.006859 0.054672 0.010933 0.118936 0.736717 0.023329 0.002260
0.438643 0.300911 0.451098 0.283329 0.426921 0.288457 0.494322 0.275270 0.427654 0.294318 0.570514 0.368312 0.413002 0.382232 0.629124 0.489194 0.381499 0.501648 0.641578 0.608610 0.358056 0.464285 0.559525 0.621798 0.456959 0.627658 0.580771 0.798358 0.487729 0.817406 0.604215 0.939753 0.514835 1.000000 0.014181 0.004403 0.051910 0.005239 0.110624 0.739531 0.021003 0.013052
0.441176 0.299704 0.453637 0.281379 0.429447 0.286510 0.498351 0.274049 0.430914 0.290908 0.572385 0.369340 0.413321 0.381069 0.629560 0.492487 0.381069 0.500550 0.644953 0.614900 0.360544 0.463899 0.557725 0.622230 0.456569 0.627361 0.574584 0.798153 0.488822 0.817212 0.602439 0.959416 0.520341 0.999732 0.024032 0.000874 0.048844 0.001768 0.098542 0.753583 0.018209 0.023153
0.441089 0.299594 0.453569 0.281242 0.429344 0.286380 0.498348 0.273901 0.430812 0.290785 0.572491 0.369332 0.413194 0.381078 0.629750 0.491925 0.380894 0.500734 0.645166 0.615252 0.359606 0.464030 0.557809 0.621859 0.456505 0.627731 0.574693 0.798774 0.488805 0.817860 0.602589 0.960273 0.520371 1.000000 0.024157 0.000874 0.048772 0.001768 0.099504 0.748778 0.018236 0.023278
0.443610 0.297876 0.456060 0.279568 0.431893 0.284694 0.500000 0.272245 0.433358 0.289821 0.573966 0.370377 0.414317 0.379898 0.629623 0.493409 0.379165 0.500732 0.647199 0.617173 0.358660 0.455328 0.556390 0.622299 0.455328 0.627426 0.568839 0.805382 0.489747 0.817832 0.595203 0.986269 0.523435 1.000000 0.024457 0.001221 0.043784 0.004663 0.090325 0.774863 0.014924 0.035314
0.446311 0.296200 0.459459 0.277938 0.434623 0.283051 0.503287 0.271364 0.434623 0.288895 0.574873 0.370707 0.415631 0.379473 0.630388 0.494887 0.378377 0.500730 0.647189 0.619797 0.357194 0.448867 0.555150 0.622718 0.454346 0.627101 0.558803 0.808257 0.489408 0.817753 0.583638 1.000000 0.525932 1.000000 0.033903 0.004938 0.031126 0.008526 0.091261 0.781689 0.012093 0.051628
0.447589 0.296703 0.460646 0.278567 0.435982 0.283645 0.504171 0.272039 0.436708 0.289449 0.575987 0.371420 0.417121 0.378675 0.628942 0.497642 0.375773 0.500544 0.645627 0.622414 0.354736 0.444687 0.553499 0.623139 0.453392 0.626766 0.549147 0.808119 0.489663 0.819001 0.566557 1.000000 0.526659 0.995276 0.035605 0.006489 0.020873 0.013152 0.084131 0.781228 0.008775 0.066849
0.448747 0.296968 0.460976 0.278985 0.437238 0.284020 0.505575 0.271791 0.438677 0.288336 0.576789 0.371779 0.419255 0.378253 0.627862 0.500539 0.376095 0.500539 0.642968 0.623546 0.354515 0.442993 0.551612 0.623546 0.452344 0.626423 0.542980 0.807695 0.487591 0.816327 0.555209 1.000000 0.526436 0.990406 0.034778 0.011468 0.016816 0.016223 0.081302 0.777800 0.005037 0.073325
0.449208 0.296113 0.462176 0.278102 0.437681 0.283145 0.506844 0.270177 0.437681 0.287468 0.578889 0.371760 0.419670 0.378244 0.629321 0.501441 0.375002 0.500000 0.642289 0.626079 0.352668 0.440203 0.550792 0.623917 0.450649 0.626079 0.540705 0.808352 0.483069 0.816277 0.543587 1.000000 0.530619 0.983421 0.022123 0.034482 0.017933 0.014158 0.085058 0.774297 0.001835 0.071131
0.449243 0.295526 0.462248 0.277462 0.437682 0.282520 0.507767 0.270237 0.438405 0.286855 0.580742 0.372113 0.421064 0.377893 0.630596 0.502890 0.374823 0.499277 0.642157 0.627887 0.351702 0.439308 0.549674 0.624274 0.448520 0.625719 0.533055 0.805628 0.476699 0.810686 0.529443 1.000000 0.530165 0.955913 0.023257 0.064164 0.009935 0.013002 0.086576 0.767010 0.002300 0.077209
0.449903 0.295453 0.462925 0.277368 0.438329 0.282432 0.508500 0.269410 0.439775 0.286772 0.583012 0.372859 0.422413 0.377200 0.632205 0.505245 0.375391 0.499457 0.643056 0.631120 0.350795 0.436520 0.547565 0.624609 0.447010 0.625332 0.529479 0.809804 0.472329 0.810527 0.521522 1.000000 0.538884 0.951594 0.018398 0.097070 0.013540 0.011801 0.085873 0.764537 0.006909 0.074237
0.450724 0.295908 0.464342 0.277990 0.439973 0.282290 0.510214 0.270106 0.441406 0.285874 0.585471 0.373316 0.424921 0.376900 0.633493 0.506630 0.379767 0.497312 0.642094 0.632776 0.352531 0.440690 0.545334 0.624892 0.444273 0.624892 0.526699 0.811244 0.465776 0.812678 0.522398 1.000000 0.538166 0.938107 0.024930 0.130327 0.018634 0.011501 0.088385 0.743088 0.013236 0.068015
0.452910 0.296714 0.465704 0.278944 0.442248 0.283919 0.511906 0.270414 0.445091 0.286762 0.587960 0.374190 0.428032 0.376322 0.635584 0.507108 0.384674 0.496446 0.643402 0.633629 0.354110 0.444558 0.543181 0.625099 0.440827 0.624389 0.523278 0.812748 0.452910 0.817013 0.524700 1.000000 0.533230 0.927186 0.035868 0.180576 0.022583 0.003537 0.089866 0.720296 0.020377 0.053576
0.452765 0.297208 0.465550 0.280161 0.442820 0.283712 0.511720 0.272347 0.447793 0.287264 0.588433 0.373921 0.430035 0.376762 0.636734 0.509589 0.387417 0.495383 0.645257 0.637444 0.353322 0.444951 0.542263 0.624658 0.439269 0.624658 0.521664 0.810758 0.435007 0.815730 0.528767 1.000000 0.527347 0.931510 0.046100 0.221398 0.022873 0.018950 0.087682 0.700981 0.023535 0.027991
0.452434 0.297228 0.465118 0.279611 0.442569 0.283839 0.511627 0.271860 0.447501 0.288067 0.589142 0.374038 0.431998 0.376857 0.636356 0.510042 0.391832 0.495948 0.644812 0.636884 0.353779 0.447325 0.540519 0.624905 0.438340 0.624200 0.525721 0.815873 0.422837 0.811645 0.533472 1.000000 0.525721 0.923689 0.037027 0.262708 0.036322 0.034427 0.085169 0.685082 0.026949 0.001652
0.451197 0.297767 0.464539 0.279510 0.441367 0.283021 0.512288 0.273892 0.445580 0.285128 0.586721 0.373604 0.432238 0.377115 0.634471 0.506320 0.394319 0.495787 0.642195 0.637631 0.352187 0.450846 0.540376 0.625693 0.440664 0.623587 0.527035 0.823713 0.411874 0.804754 0.536163 1.000000 0.510182 0.919914 0.036396 0.275087 0.036459 0.061043 0.091232 0.661820 0.024163 0.028750
