0.529540 0.293415 0.540069 0.277427 0.512381 0.278207 0.548648 0.278987 0.469875 0.277427 0.559177 0.363219 0.410990 0.388567 0.604804 0.474360 0.364194 0.531295 0.584525 0.456031 0.413720 0.652964 0.561517 0.618647 0.468315 0.629566 0.589595 0.794522 0.504582 0.822600 0.471435 0.909952 0.529930 1.000000 0.304111 0.019074 0.047476 0.015219 0.857934 0.223898 0.038075 0.008723
0.532326 0.291966 0.542811 0.276045 0.515629 0.275657 0.550577 0.278764 0.472139 0.275657 0.559508 0.364191 0.411564 0.387489 0.604551 0.477187 0.366520 0.530773 0.586301 0.455442 0.420106 0.650759 0.561449 0.618918 0.467480 0.629402 0.599891 0.792490 0.499709 0.820060 0.477187 0.909370 0.520677 1.000000 0.327115 0.019329 0.066952 0.019000 0.898485 0.230649 0.036916 0.016074
0.532954 0.290876 0.543683 0.274399 0.515327 0.274399 0.552113 0.277081 0.472027 0.274399 0.557095 0.364831 0.412250 0.387056 0.601161 0.478637 0.366651 0.528452 0.585067 0.454497 0.424512 0.646856 0.561693 0.617734 0.468962 0.630379 0.608825 0.786720 0.492336 0.821973 0.493869 0.901292 0.517243 1.000000 0.337111 0.001631 0.080793 0.034245 0.930426 0.243987 0.039129 0.047937
0.534829 0.290273 0.544995 0.274836 0.517509 0.273706 0.551396 0.278977 0.473455 0.274836 0.554408 0.365203 0.415093 0.386665 0.596580 0.479291 0.368403 0.526357 0.581895 0.452181 0.430154 0.639316 0.560433 0.616724 0.470066 0.631409 0.618042 0.774866 0.486257 0.821179 0.530687 0.912299 0.507342 1.000000 0.291426 0.007993 0.103577 0.043238 0.954685 0.261918 0.038929 0.084108
0.537199 0.287434 0.546149 0.272144 0.519672 0.271398 0.551370 0.277738 0.474921 0.274754 0.554354 0.366493 0.417118 0.385140 0.592019 0.482100 0.370502 0.523867 0.581577 0.455249 0.437256 0.633134 0.560320 0.617471 0.468208 0.630896 0.624463 0.775590 0.480888 0.816612 0.545403 0.925505 0.499161 1.000000 0.277144 0.008791 0.115103 0.043546 0.982197 0.277751 0.036403 0.100971
0.540378 0.284835 0.549351 0.269880 0.522806 0.268759 0.554212 0.276236 0.476820 0.272124 0.555707 0.367835 0.418122 0.383538 0.585243 0.488597 0.372883 0.524489 0.589730 0.462426 0.444293 0.631791 0.559820 0.617957 0.466351 0.630669 0.628613 0.776854 0.480559 0.815363 0.557577 0.954444 0.492523 1.000000 0.251173 0.004911 0.124821 0.036912 0.869604 0.285768 0.033383 0.105617
0.545162 0.284989 0.554175 0.267713 0.526383 0.267338 0.558306 0.275225 0.482067 0.269967 0.557555 0.368740 0.420099 0.382261 0.581967 0.488545 0.378787 0.521219 0.591356 0.464509 0.453524 0.629758 0.557180 0.620368 0.465166 0.628631 0.630415 0.780359 0.476433 0.814160 0.583469 0.972648 0.484320 1.000000 0.212865 0.006509 0.137118 0.038284 0.817478 0.283931 0.028490 0.117336
0.547849 0.279591 0.556515 0.263013 0.529011 0.262260 0.560660 0.272056 0.483045 0.267535 0.557645 0.369639 0.420502 0.381318 0.577237 0.493595 0.382825 0.523736 0.591178 0.466844 0.460063 0.627724 0.557269 0.620189 0.464584 0.628854 0.629985 0.782952 0.474003 0.813094 0.611523 0.990174 0.474757 1.000000 0.162024 0.015042 0.134218 0.039838 0.797184 0.285674 0.027859 0.117480
0.547164 0.279683 0.556449 0.265200 0.529710 0.262972 0.561276 0.274484 0.483288 0.269656 0.556449 0.369556 0.421269 0.381439 0.569447 0.493222 0.381532 0.522932 0.592843 0.473540 0.461377 0.622831 0.557934 0.618375 0.464348 0.630630 0.619953 0.788092 0.470290 0.813345 0.637036 0.998289 0.462863 1.000000 0.085707 0.022422 0.109620 0.044142 0.689294 0.301782 0.028408 0.101172
0.549144 0.276193 0.557724 0.262018 0.531240 0.260153 0.561827 0.272463 0.484613 0.269105 0.557724 0.370938 0.421947 0.379890 0.563692 0.495524 0.381662 0.520889 0.589803 0.479111 0.465963 0.620856 0.557724 0.619364 0.462606 0.629808 0.615541 0.795799 0.466709 0.811838 0.664032 1.000000 0.450669 1.000000 0.029423 0.033138 0.100799 0.044161 0.663387 0.311588 0.025912 0.093625
0.548963 0.275379 0.557815 0.262101 0.531259 0.259151 0.562241 0.273535 0.485154 0.268372 0.556340 0.371645 0.425403 0.379022 0.557446 0.493361 0.382618 0.518442 0.582896 0.486722 0.469294 0.616183 0.555971 0.620240 0.462287 0.629092 0.608714 0.797650 0.461549 0.806133 0.677317 0.999403 0.439050 0.997927 0.012349 0.035844 0.092456 0.047939 0.578333 0.325703 0.023267 0.093310
0.549004 0.275825 0.557049 0.261563 0.530719 0.259734 0.561072 0.272168 0.485006 0.268877 0.555587 0.371639 0.427225 0.378953 0.552661 0.478058 0.384073 0.516822 0.581917 0.492686 0.471110 0.615562 0.555221 0.620682 0.461967 0.628727 0.605322 0.799144 0.456116 0.803898 0.672245 0.996988 0.425397 0.991137 0.016707 0.041133 0.087586 0.054621 0.361165 0.326531 0.021901 0.097748
0.549481 0.272955 0.558245 0.259079 0.530857 0.257618 0.562992 0.271129 0.484845 0.268573 0.556054 0.372647 0.429705 0.377759 0.549846 0.474529 0.381502 0.513968 0.577599 0.494614 0.469143 0.613294 0.553863 0.620598 0.460379 0.628996 0.607543 0.794419 0.451615 0.802452 0.661953 1.000000 0.411446 0.985768 0.013546 0.052595 0.098157 0.054741 0.319968 0.338399 0.018143 0.111413
0.548163 0.272625 0.555739 0.258194 0.529042 0.257112 0.559707 0.270460 0.483946 0.268296 0.553574 0.372558 0.430191 0.377970 0.547802 0.472852 0.378240 0.510011 0.575942 0.508929 0.463382 0.609945 0.554296 0.620768 0.461939 0.628705 0.605164 0.794659 0.450394 0.801153 0.649539 1.000000 0.397722 0.974683 0.022938 0.072527 0.089663 0.061368 0.229157 0.343929 0.020685 0.111866
0.547688 0.271367 0.555175 0.256393 0.528791 0.256036 0.559097 0.270298 0.483153 0.268872 0.551253 0.370130 0.431455 0.380469 0.533069 0.473883 0.377617 0.507755 0.578707 0.508111 0.458552 0.606517 0.551966 0.621135 0.465326 0.628266 0.600099 0.796197 0.452491 0.801902 0.635753 0.994078 0.385104 0.960207 0.028664 0.104614 0.084504 0.066729 0.350393 0.345896 0.022035 0.108896
0.546024 0.274224 0.553665 0.259982 0.527267 0.258940 0.558181 0.273876 0.483154 0.271445 0.547413 0.371481 0.435220 0.379123 0.532477 0.472907 0.374781 0.503821 0.579022 0.515283 0.451198 0.606983 0.550539 0.620877 0.466828 0.628519 0.598473 0.788646 0.460923 0.802540 0.619661 0.984898 0.379991 0.940438 0.054352 0.158141 0.084596 0.050926 0.311450 0.346597 0.022131 0.099382
0.544697 0.276855 0.552886 0.262525 0.525590 0.261842 0.559028 0.276173 0.483281 0.275832 0.547086 0.372732 0.435854 0.377850 0.538214 0.474751 0.373074 0.499659 0.580864 0.529684 0.444043 0.605772 0.550156 0.620444 0.466904 0.628974 0.594171 0.786267 0.470998 0.807080 0.605431 0.980410 0.378874 0.923770 0.064145 0.220039 0.078640 0.031842 0.237752 0.339121 0.021738 0.075269
0.543637 0.278666 0.551463 0.265736 0.524923 0.264375 0.556567 0.279346 0.482052 0.276965 0.545339 0.373596 0.433055 0.377339 0.536492 0.483498 0.365345 0.498129 0.579704 0.547125 0.433736 0.608711 0.553505 0.618918 0.468101 0.630147 0.590592 0.791426 0.486135 0.812522 0.593314 0.989793 0.387462 0.920722 0.063040 0.266724 0.056816 0.012475 0.215468 0.338937 0.027544 0.036035
0.542141 0.278568 0.549911 0.265731 0.523224 0.264042 0.554640 0.279919 0.479647 0.276203 0.543155 0.374167 0.430665 0.377207 0.532683 0.486994 0.357361 0.494426 0.575584 0.553880 0.423909 0.606240 0.554978 0.618739 0.471202 0.629887 0.582678 0.794060 0.496875 0.811288 0.577949 0.989312 0.393844 0.914319 0.057588 0.294752 0.034504 0.005882 0.210996 0.348777 0.033395 0.005129
0.540700 0.276318 0.548806 0.263145 0.521110 0.262470 0.555224 0.277669 0.478552 0.275980 0.542727 0.374944 0.429239 0.376633 0.532256 0.487418 0.350203 0.490796 0.575152 0.555984 0.416066 0.602933 0.555224 0.619821 0.472810 0.628603 0.575490 0.805251 0.507600 0.807278 0.564343 0.993384 0.402218 0.914686 0.053487 0.308180 0.018420 0.006708 0.207496 0.361794 0.035769 0.026561
0.543568 0.273941 0.551443 0.261273 0.523710 0.259904 0.556921 0.277023 0.479543 0.275311 0.544253 0.374602 0.427500 0.376999 0.533982 0.486219 0.342932 0.489643 0.575752 0.553326 0.408669 0.603657 0.555894 0.619749 0.472353 0.628651 0.572329 0.811826 0.518917 0.811141 0.553497 1.000000 0.416202 0.930290 0.058003 0.305987 0.012066 0.023380 0.206433 0.371469 0.036042 0.052354
0.541870 0.276106 0.550277 0.263663 0.522028 0.261645 0.556667 0.279132 0.479317 0.276442 0.543551 0.373970 0.427863 0.377670 0.533799 0.482933 0.339415 0.484950 0.574828 0.549521 0.403985 0.596267 0.554649 0.619808 0.473936 0.628552 0.564066 0.809484 0.525727 0.802421 0.540861 0.996805 0.436607 0.933580 0.055021 0.282127 0.001428 0.034340 0.204192 0.386779 0.036476 0.076362
0.543371 0.274691 0.552251 0.261713 0.523564 0.260347 0.559081 0.276740 0.481559 0.275032 0.547128 0.373728 0.428284 0.377484 0.538249 0.482669 0.335052 0.485059 0.577864 0.550287 0.401304 0.598098 0.550885 0.620979 0.473704 0.627809 0.551226 0.807783 0.542005 0.806759 0.467898 0.962827 0.520490 1.000000 0.157557 0.150324 0.004254 0.058926 0.194577 0.396050 0.031358 0.115478
0.541258 0.277057 0.550296 0.264336 0.521508 0.263332 0.556991 0.279400 0.479999 0.278061 0.545275 0.372460 0.429451 0.378821 0.537576 0.477237 0.334382 0.482593 0.574063 0.545526 0.401332 0.593060 0.549961 0.619171 0.475312 0.629548 0.549627 0.805627 0.537576 0.801610 0.509457 0.985387 0.483346 0.975010 0.069410 0.207001 0.006617 0.052934 0.179549 0.409512 0.032234 0.111091
0.540666 0.277287 0.549943 0.264698 0.521120 0.263704 0.556900 0.279606 0.480040 0.278281 0.546298 0.372369 0.431008 0.378663 0.539010 0.476064 0.333939 0.481365 0.573465 0.544973 0.404504 0.590029 0.546961 0.619183 0.475733 0.629785 0.538347 0.803383 0.545967 0.801395 0.505549 0.990896 0.502236 0.994209 0.040245 0.194647 0.015729 0.067551 0.169920 0.424358 0.028934 0.138528
0.540570 0.277925 0.549077 0.265165 0.520285 0.264511 0.556930 0.280543 0.479388 0.280216 0.548423 0.371499 0.430965 0.379352 0.538280 0.473580 0.336082 0.481105 0.572307 0.539016 0.407080 0.585803 0.543842 0.619830 0.476770 0.629319 0.517341 0.801089 0.557584 0.801089 0.490185 0.991181 0.534354 1.000000 0.001048 0.176681 0.040342 0.082288 0.184159 0.428561 0.026275 0.186189
0.539394 0.277767 0.548167 0.264446 0.518601 0.263796 0.556614 0.279716 0.477338 0.279391 0.548817 0.370689 0.431202 0.380111 0.537445 0.475957 0.336980 0.481481 0.569935 0.544837 0.410408 0.586749 0.543618 0.620539 0.476363 0.628661 0.513077 0.799235 0.559863 0.801509 0.476363 0.987679 0.565062 1.000000 0.007366 0.135413 0.047260 0.086034 0.174548 0.432245 0.025468 0.197128
0.539358 0.276703 0.548086 0.263772 0.518992 0.263126 0.556814 0.279612 0.478584 0.280259 0.549702 0.369157 0.433003 0.381442 0.540974 0.477452 0.342488 0.484564 0.569745 0.558592 0.414900 0.587040 0.542590 0.620660 0.474704 0.628741 0.508971 0.798134 0.561663 0.802013 0.470502 0.988538 0.599809 1.000000 0.003862 0.091492 0.050594 0.094883 0.134064 0.425115 0.022038 0.207651
0.538234 0.275305 0.547650 0.261992 0.518102 0.261667 0.556742 0.277902 0.477514 0.278552 0.551547 0.368495 0.430757 0.382132 0.541481 0.480518 0.342762 0.489285 0.567782 0.565915 0.418418 0.590917 0.543754 0.620465 0.473942 0.628908 0.502192 0.798403 0.560314 0.806521 0.454785 0.988031 0.625579 1.000000 0.004939 0.047634 0.063199 0.088927 0.123625 0.422542 0.022551 0.217113
0.537380 0.275642 0.546402 0.262108 0.516756 0.262430 0.555425 0.277575 0.476154 0.280153 0.550591 0.367157 0.430074 0.383591 0.540280 0.479941 0.344037 0.492186 0.565092 0.564045 0.420729 0.592402 0.543502 0.619792 0.475832 0.629459 0.495166 0.795734 0.559936 0.807979 0.442642 0.981021 0.639529 1.000000 0.002585 0.020171 0.076412 0.081575 0.120339 0.421195 0.024642 0.225487
0.535924 0.273208 0.545310 0.259292 0.514888 0.259939 0.555019 0.275474 0.474432 0.277092 0.551135 0.366417 0.431064 0.384217 0.537866 0.486812 0.343681 0.495874 0.560845 0.581315 0.423944 0.599762 0.543368 0.619828 0.474432 0.629537 0.492233 0.794918 0.561815 0.805274 0.432359 0.975510 0.643697 1.000000 0.011455 0.025150 0.080694 0.091184 0.110865 0.420757 0.022683 0.237327
0.533989 0.271338 0.542688 0.257484 0.512404 0.258129 0.552353 0.273271 0.472132 0.275526 0.550098 0.364446 0.429927 0.386353 0.533023 0.484616 0.343585 0.497503 0.542044 0.594155 0.424773 0.601243 0.543977 0.619285 0.475998 0.629916 0.488241 0.794224 0.562663 0.810011 0.422840 0.971097 0.639662 1.000000 0.014559 0.027348 0.090533 0.083258 0.071083 0.421597 0.025460 0.240942
0.532189 0.269777 0.541180 0.256291 0.510676 0.256934 0.550492 0.272667 0.470861 0.275236 0.549528 0.363857 0.430082 0.386976 0.530905 0.482340 0.345635 0.501605 0.533474 0.589906 0.428798 0.603713 0.544391 0.619125 0.475998 0.630042 0.488842 0.795404 0.559482 0.811780 0.414670 0.965583 0.631728 1.000000 0.033663 0.029459 0.090765 0.077639 0.057226 0.419669 0.025989 0.234239
0.530026 0.268872 0.538628 0.256129 0.508363 0.256447 0.548503 0.274288 0.468859 0.276518 0.548503 0.362852 0.427125 0.388338 0.532256 0.482000 0.347481 0.505894 0.535442 0.591273 0.432541 0.605609 0.547548 0.618670 0.476823 0.630139 0.496575 0.796437 0.556786 0.810773 0.409285 0.958593 0.623688 1.000000 0.068302 0.034877 0.087698 0.068131 0.052417 0.414351 0.031080 0.221543
0.527703 0.268776 0.536832 0.255868 0.505666 0.256498 0.547221 0.272868 0.466631 0.275701 0.547221 0.362587 0.427280 0.388716 0.531166 0.482528 0.351097 0.507398 0.537462 0.590192 0.435150 0.606247 0.548480 0.618524 0.477019 0.630172 0.508500 0.797334 0.548795 0.811815 0.410280 0.943403 0.611756 1.000000 0.118410 0.025993 0.071586 0.055119 0.060950 0.405955 0.032523 0.189805
0.524868 0.267458 0.533911 0.254986 0.502728 0.255609 0.544824 0.273071 0.464374 0.276189 0.545760 0.362876 0.425708 0.388757 0.528298 0.482616 0.352430 0.509744 0.533911 0.590818 0.436310 0.607657 0.551061 0.618259 0.477471 0.630108 0.529545 0.795686 0.539523 0.810341 0.414171 0.924780 0.598146 1.000000 0.193742 0.017970 0.045019 0.038296 0.062592 0.398824 0.036407 0.143957
0.523691 0.269413 0.532643 0.256448 0.501466 0.257375 0.543447 0.273426 0.463498 0.275896 0.544991 0.361710 0.424913 0.390109 0.529865 0.480862 0.354224 0.511113 0.535113 0.592296 0.438803 0.608965 0.553016 0.618535 0.477080 0.629647 0.559190 0.799423 0.531409 0.802201 0.421826 0.906537 0.584194 1.000000 0.300047 0.020827 0.000911 0.028835 0.055171 0.395174 0.038413 0.086232
0.523483 0.268719 0.533062 0.255432 0.501236 0.256668 0.544804 0.272118 0.463539 0.274899 0.544804 0.361726 0.424606 0.390153 0.530899 0.484396 0.355082 0.512823 0.538006 0.596560 0.439746 0.611701 0.554383 0.618190 0.476208 0.629932 0.573849 0.799569 0.527500 0.805749 0.431713 0.903390 0.569214 1.000000 0.333223 0.029628 0.022150 0.022883 0.056068 0.389523 0.039047 0.056324
0.523284 0.269298 0.532445 0.255862 0.501298 0.257083 0.543743 0.272352 0.463738 0.275405 0.544354 0.362434 0.423735 0.389611 0.532750 0.485495 0.359304 0.514199 0.538247 0.597869 0.444500 0.615275 0.555347 0.617718 0.476563 0.630237 0.584662 0.793607 0.524200 0.806432 0.442668 0.896820 0.556874 1.000000 0.352498 0.034442 0.038870 0.015259 0.045483 0.374853 0.040741 0.031481
0.524115 0.270874 0.534093 0.256965 0.502041 0.257569 0.545281 0.272688 0.464849 0.275712 0.541652 0.363099 0.425237 0.389103 0.531069 0.487678 0.361738 0.515799 0.531976 0.599558 0.445194 0.616793 0.557376 0.616793 0.475734 0.631005 0.600313 0.778565 0.516253 0.804871 0.460918 0.894375 0.548305 0.999904 0.361916 0.021031 0.062879 0.007372 0.029557 0.367713 0.042281 0.009703
0.524151 0.271947 0.534619 0.258189 0.502916 0.258787 0.546284 0.273741 0.465530 0.276134 0.539405 0.364663 0.426350 0.387693 0.529236 0.490280 0.363841 0.517497 0.533423 0.602138 0.448183 0.620681 0.557649 0.616494 0.476597 0.631149 0.609391 0.774113 0.508898 0.807909 0.475101 0.906608 0.534021 0.991249 0.353106 0.014185 0.077944 0.007252 0.037621 0.360979 0.043740 0.043431
0.523683 0.271538 0.534340 0.258512 0.503256 0.258216 0.545885 0.274794 0.466844 0.274498 0.537596 0.365972 0.428064 0.386398 0.522794 0.493561 0.369154 0.517836 0.536116 0.604573 0.452339 0.626479 0.556246 0.616118 0.478094 0.631512 0.614860 0.773015 0.502664 0.815644 0.496744 0.913630 0.531083 0.995631 0.336195 0.007623 0.090117 0.021863 0.074778 0.342122 0.043861 0.071579
0.523371 0.273351 0.534438 0.260537 0.503568 0.259954 0.546087 0.277428 0.467746 0.275681 0.535894 0.366544 0.428139 0.386057 0.521041 0.492064 0.369602 0.515362 0.535020 0.602149 0.449108 0.623408 0.557154 0.615836 0.478813 0.631563 0.616856 0.772227 0.501529 0.810960 0.519585 0.915511 0.525410 0.992687 0.305919 0.001501 0.089000 0.024699 0.077696 0.337244 0.045954 0.075988
0.525832 0.272972 0.536601 0.260456 0.505748 0.259292 0.547952 0.277047 0.468784 0.274136 0.536019 0.366985 0.428035 0.385613 0.521466 0.494761 0.369532 0.514844 0.538638 0.602745 0.445208 0.622828 0.557557 0.615842 0.478389 0.631560 0.619845 0.776799 0.498472 0.813764 0.554356 0.941540 0.514771 0.995678 0.237970 0.006500 0.090049 0.029337 0.086299 0.329886 0.045927 0.082586
0.526718 0.272351 0.538014 0.260187 0.507313 0.258159 0.548730 0.277275 0.469661 0.272931 0.536276 0.367639 0.427375 0.385017 0.522084 0.495945 0.369450 0.514481 0.536855 0.603977 0.446781 0.625699 0.557998 0.616141 0.478350 0.631202 0.616503 0.776886 0.493701 0.809903 0.574217 0.955877 0.503838 0.993818 0.184955 0.009749 0.083356 0.037715 0.078320 0.327313 0.046445 0.083834
0.528211 0.272067 0.539496 0.259914 0.508536 0.257600 0.549912 0.278143 0.470342 0.272646 0.537470 0.367551 0.427519 0.384912 0.520688 0.497179 0.370228 0.515697 0.538338 0.605395 0.446905 0.628253 0.557725 0.616390 0.477286 0.631146 0.612701 0.780450 0.485388 0.810542 0.601995 0.969393 0.494068 0.994566 0.120938 0.000645 0.077069 0.049115 0.092446 0.321778 0.044724 0.088556
0.529248 0.271618 0.540459 0.259832 0.509989 0.257245 0.550520 0.277367 0.471183 0.271905 0.539022 0.368777 0.427777 0.383437 0.523499 0.498419 0.371149 0.513654 0.541609 0.605065 0.446749 0.628348 0.557132 0.617138 0.476069 0.630648 0.606286 0.786161 0.480381 0.808295 0.626695 0.974156 0.485555 0.990541 0.055663 0.001315 0.066916 0.053684 0.091474 0.316078 0.042398 0.082360
0.529676 0.272677 0.540831 0.260378 0.510798 0.257804 0.550556 0.276682 0.471897 0.271819 0.538829 0.369355 0.428421 0.382799 0.521095 0.500644 0.371787 0.515231 0.540831 0.608191 0.448157 0.632504 0.556849 0.617344 0.475902 0.630501 0.600039 0.787818 0.475330 0.806410 0.650381 0.975168 0.475044 0.988326 0.004575 0.000525 0.055894 0.061319 0.100508 0.312371 0.041820 0.080019
0.530508 0.271544 0.541913 0.259284 0.511405 0.257003 0.552178 0.276106 0.473483 0.271259 0.540773 0.369342 0.429289 0.382457 0.522240 0.500499 0.373405 0.514755 0.539632 0.609131 0.448107 0.631941 0.555314 0.617970 0.474624 0.630231 0.597227 0.792467 0.469492 0.806723 0.666798 0.970955 0.466070 0.984355 0.043268 0.003122 0.056440 0.066857 0.095217 0.307867 0.038210 0.084289
0.531327 0.270861 0.543601 0.258301 0.512203 0.255732 0.554448 0.274857 0.474524 0.270005 0.542745 0.369339 0.429710 0.382184 0.523335 0.500642 0.373763 0.514629 0.539605 0.609396 0.446836 0.631660 0.554734 0.618245 0.472812 0.630233 0.600405 0.792079 0.465390 0.805781 0.671765 0.973335 0.455400 0.981899 0.037607 0.004589 0.066460 0.068213 0.093987 0.304890 0.035143 0.095229
