0.480039 0.289851 0.493346 0.274325 0.462295 0.276543 0.517743 0.274325 0.442334 0.280979 0.570974 0.369696 0.413501 0.380786 0.606461 0.496119 0.386885 0.513862 0.626422 0.611451 0.429026 0.456196 0.557666 0.622541 0.457859 0.626977 0.555448 0.811065 0.475603 0.819937 0.537705 0.966320 0.491128 1.000000 0.032476 0.002404 0.012993 0.027556 0.032557 0.861954 0.019780 0.032932
0.479593 0.291518 0.492830 0.276075 0.461944 0.278281 0.517098 0.276075 0.442088 0.282694 0.570045 0.368734 0.411202 0.381971 0.605344 0.494485 0.386934 0.514340 0.625199 0.611411 0.431058 0.454774 0.559015 0.622442 0.459738 0.626854 0.556809 0.809965 0.477387 0.818790 0.539159 0.951159 0.492830 1.000000 0.035839 0.002404 0.010086 0.033094 0.033567 0.854778 0.023899 0.032932
0.480151 0.291589 0.495589 0.273946 0.462508 0.276151 0.517643 0.273946 0.442659 0.280562 0.568368 0.368778 0.411784 0.382011 0.603654 0.494486 0.387524 0.512130 0.627914 0.609168 0.433838 0.450378 0.559546 0.622400 0.460303 0.626811 0.559546 0.807654 0.480151 0.816476 0.544108 0.939978 0.495589 0.997319 0.036969 0.006085 0.011067 0.029091 0.020752 0.853840 0.025299 0.033191
0.481732 0.291298 0.495018 0.273584 0.464017 0.275798 0.519376 0.273584 0.444088 0.280227 0.568091 0.368800 0.410873 0.382086 0.603520 0.495018 0.386515 0.512732 0.627878 0.610163 0.433016 0.450731 0.561448 0.621235 0.459588 0.627878 0.563662 0.807240 0.481732 0.818312 0.545948 0.937886 0.499446 0.997673 0.046688 0.005511 0.012164 0.025434 0.020752 0.853840 0.026816 0.033058
0.483472 0.292845 0.498898 0.277419 0.468045 0.279622 0.518732 0.275215 0.446007 0.281826 0.567215 0.369977 0.410747 0.380996 0.602476 0.495592 0.388709 0.513223 0.626717 0.612393 0.432785 0.449313 0.560604 0.621208 0.461434 0.627819 0.565011 0.804121 0.481268 0.817344 0.549585 0.934144 0.501102 0.993646 0.045259 0.002472 0.016043 0.031280 0.021969 0.860389 0.028096 0.025522
0.484099 0.294380 0.499452 0.279027 0.468746 0.279027 0.519191 0.276834 0.446813 0.281221 0.565250 0.371145 0.411721 0.379918 0.600342 0.496162 0.389788 0.513708 0.626662 0.612405 0.433653 0.450103 0.560863 0.621179 0.462166 0.627758 0.560863 0.798834 0.481905 0.818574 0.549897 0.937011 0.501645 0.989649 0.025210 0.003756 0.005584 0.031104 0.016233 0.859542 0.029364 0.032812
0.487879 0.295049 0.501102 0.277419 0.470249 0.279622 0.523140 0.277419 0.448211 0.279622 0.567215 0.369977 0.410747 0.380996 0.600272 0.497796 0.388709 0.513223 0.624513 0.614596 0.437192 0.451517 0.560604 0.621208 0.461434 0.627819 0.560604 0.799714 0.481268 0.819548 0.551789 0.951774 0.501102 0.991442 0.018432 0.003756 0.008375 0.031659 0.015417 0.840584 0.028096 0.032812
0.489482 0.293513 0.504982 0.275798 0.473981 0.278012 0.524911 0.275798 0.449624 0.278012 0.566984 0.371015 0.411980 0.379872 0.597985 0.497232 0.389837 0.512732 0.624557 0.614592 0.436338 0.448517 0.560341 0.621235 0.460695 0.627878 0.560341 0.800597 0.480625 0.818312 0.551483 0.968887 0.502768 0.993245 0.016738 0.006889 0.008449 0.028549 0.005788 0.853070 0.026816 0.033191
0.491185 0.292845 0.506611 0.277419 0.475758 0.277419 0.526445 0.277419 0.451517 0.279622 0.566113 0.372181 0.411849 0.378792 0.596966 0.500000 0.392015 0.513223 0.623412 0.616800 0.440498 0.449313 0.559502 0.621208 0.462536 0.627819 0.557298 0.801917 0.482370 0.817344 0.552891 0.982627 0.502204 0.991442 0.003879 0.002919 0.004567 0.030725 0.004517 0.840046 0.028096 0.037072
0.493933 0.294827 0.507170 0.277178 0.476284 0.277178 0.527025 0.277178 0.452016 0.279384 0.566736 0.372043 0.414511 0.378661 0.597622 0.500000 0.390244 0.511031 0.621890 0.614720 0.438779 0.449258 0.557912 0.621339 0.460841 0.627957 0.553499 0.804450 0.482902 0.815480 0.551293 0.994179 0.502758 0.989767 0.003968 0.001169 0.003595 0.021211 0.009036 0.845731 0.023899 0.044946
0.493408 0.295112 0.508789 0.279732 0.478028 0.279732 0.528563 0.279732 0.451662 0.279732 0.568113 0.372014 0.414310 0.378605 0.596676 0.499451 0.390140 0.510437 0.618648 0.615902 0.440676 0.448915 0.557127 0.622493 0.460451 0.626888 0.548338 0.809255 0.480225 0.813649 0.548338 0.996016 0.502197 0.987227 0.014968 0.006501 0.001009 0.024909 0.010825 0.838823 0.022399 0.048546
0.493408 0.295112 0.508789 0.277534 0.478028 0.277534 0.528563 0.277534 0.453859 0.277534 0.568113 0.372014 0.414310 0.378605 0.596676 0.499451 0.390140 0.508239 0.616451 0.615902 0.440676 0.448915 0.557127 0.622493 0.460451 0.626888 0.546141 0.807058 0.478028 0.813649 0.546141 0.993819 0.502197 0.982833 0.018925 0.015297 0.004973 0.028617 0.016643 0.834083 0.022399 0.048795
0.495581 0.295642 0.508837 0.277968 0.480117 0.277968 0.530930 0.277968 0.455814 0.277968 0.570697 0.372967 0.416047 0.377385 0.597208 0.501105 0.389536 0.509942 0.617092 0.620406 0.440350 0.448082 0.555232 0.622615 0.458024 0.627033 0.544186 0.808194 0.477907 0.814822 0.541976 0.995983 0.500000 0.982727 0.015180 0.008066 0.000776 0.019447 0.012372 0.843940 0.016886 0.052503
0.494474 0.293344 0.509946 0.277872 0.479003 0.277872 0.532048 0.277872 0.456901 0.277872 0.571832 0.372912 0.417116 0.377332 0.598355 0.501105 0.390594 0.507736 0.618247 0.618247 0.441429 0.445849 0.554151 0.622668 0.456901 0.627088 0.543099 0.808327 0.474582 0.812747 0.536469 0.996196 0.498895 0.974094 0.007695 0.017382 0.003573 0.020058 0.011399 0.844977 0.014075 0.049149
0.497789 0.292166 0.511055 0.276689 0.482312 0.276689 0.533165 0.278900 0.457991 0.278900 0.572963 0.373973 0.418193 0.376184 0.599495 0.502211 0.389450 0.504422 0.617183 0.617183 0.440303 0.444725 0.553064 0.623816 0.455780 0.626027 0.539798 0.807330 0.473468 0.809541 0.530954 0.995265 0.495578 0.973155 0.008002 0.012169 0.002326 0.016945 0.016351 0.845596 0.011263 0.053556
0.497223 0.292829 0.512775 0.277277 0.481671 0.277277 0.534991 0.277277 0.459454 0.277277 0.574982 0.375031 0.419464 0.375031 0.599420 0.503888 0.388361 0.503888 0.614972 0.621637 0.437238 0.446124 0.550543 0.623858 0.455011 0.626080 0.534991 0.810479 0.470563 0.812701 0.526105 0.999321 0.492780 0.970439 0.011496 0.018074 0.004698 0.018308 0.017862 0.851856 0.007072 0.052929
0.497768 0.290212 0.513391 0.274590 0.482146 0.274590 0.537940 0.276821 0.462060 0.274590 0.575881 0.375020 0.419656 0.375020 0.600430 0.504464 0.386179 0.502232 0.616053 0.622748 0.435278 0.446437 0.551331 0.624980 0.453132 0.624980 0.535709 0.812450 0.468755 0.812450 0.526781 1.000000 0.488841 0.966444 0.011670 0.014821 0.004698 0.015914 0.017862 0.852199 0.005683 0.052929
0.498889 0.291667 0.516667 0.276111 0.485556 0.273889 0.538889 0.278333 0.465556 0.276111 0.578889 0.376111 0.421111 0.373889 0.601111 0.507222 0.387778 0.502778 0.616667 0.625000 0.436667 0.447222 0.550000 0.625000 0.450000 0.625000 0.536667 0.813889 0.465556 0.813889 0.527778 1.000000 0.487778 0.967222 0.007463 0.019658 0.014350 0.010305 0.011644 0.850847 0.000004 0.048586
0.499444 0.291685 0.517221 0.276131 0.486112 0.273909 0.541663 0.278353 0.466114 0.276131 0.579437 0.376122 0.423896 0.373900 0.601658 0.507222 0.386121 0.502778 0.617212 0.624989 0.437228 0.447227 0.548329 0.624989 0.448338 0.624989 0.532775 0.813861 0.461670 0.811639 0.523887 1.000000 0.483890 0.962737 0.011360 0.023779 0.013429 0.008191 0.011644 0.854011 0.004244 0.048853
0.500000 0.291332 0.515416 0.275916 0.484584 0.273714 0.541844 0.278118 0.464763 0.275916 0.579283 0.377222 0.425122 0.372817 0.603508 0.504955 0.387683 0.498348 0.616722 0.623879 0.436133 0.443291 0.548451 0.626082 0.447145 0.623879 0.530832 0.813277 0.455954 0.811075 0.522023 0.998271 0.482382 0.947618 0.014724 0.045888 0.009366 0.012882 0.024437 0.862551 0.005608 0.044839
0.497235 0.290980 0.514930 0.275497 0.483964 0.273286 0.541472 0.277709 0.464057 0.275497 0.581285 0.377242 0.424244 0.372819 0.603404 0.505530 0.384431 0.498894 0.614463 0.624969 0.433092 0.443598 0.548108 0.624969 0.446363 0.624969 0.530413 0.815188 0.450786 0.815188 0.519354 1.000000 0.477329 0.941264 0.010601 0.058647 0.012853 0.020450 0.024957 0.867654 0.007041 0.036926
0.497259 0.292813 0.514799 0.277466 0.484105 0.275273 0.541109 0.279658 0.464373 0.277466 0.580573 0.378319 0.424908 0.371741 0.606882 0.507674 0.387637 0.496711 0.615652 0.621681 0.433678 0.441900 0.547686 0.626066 0.446833 0.623874 0.530146 0.812425 0.449025 0.810232 0.519184 0.994399 0.477527 0.933010 0.010719 0.068863 0.012137 0.023865 0.039433 0.869871 0.006980 0.033615
0.496147 0.293600 0.513760 0.278189 0.482938 0.275988 0.540179 0.278189 0.463123 0.275988 0.582009 0.377261 0.425696 0.372858 0.608429 0.504954 0.388269 0.498349 0.619437 0.619437 0.432301 0.443309 0.546784 0.626041 0.445510 0.623840 0.531373 0.813177 0.447712 0.810976 0.518163 0.995910 0.474131 0.936467 0.003184 0.062303 0.018618 0.021333 0.034428 0.877484 0.009813 0.029899
0.495045 0.292451 0.510460 0.277036 0.479631 0.277036 0.539087 0.279239 0.462014 0.277036 0.580927 0.376131 0.424578 0.373929 0.607353 0.503854 0.387142 0.497247 0.620565 0.611757 0.433386 0.442195 0.547896 0.627172 0.446599 0.622768 0.530279 0.814351 0.448801 0.809947 0.517066 0.994924 0.470822 0.944275 0.006620 0.047977 0.011773 0.024351 0.026157 0.871425 0.007010 0.033615
0.492781 0.292878 0.508329 0.277330 0.479454 0.275109 0.537204 0.277330 0.461685 0.277330 0.581627 0.377282 0.426147 0.372839 0.608281 0.503887 0.388387 0.501666 0.619387 0.610502 0.430589 0.443916 0.546089 0.626050 0.446137 0.623829 0.530541 0.817069 0.452801 0.810405 0.517214 0.999203 0.466128 0.965886 0.002601 0.015854 0.019316 0.013935 0.033010 0.889877 0.009899 0.037215
0.490518 0.291396 0.508366 0.273548 0.477132 0.273548 0.537370 0.275779 0.461514 0.275779 0.581991 0.376177 0.425817 0.373945 0.608764 0.501116 0.387890 0.501116 0.619919 0.608206 0.428049 0.445339 0.546294 0.626055 0.445897 0.623823 0.530677 0.815694 0.454821 0.809001 0.517291 0.998641 0.463745 0.983023 0.002905 0.000972 0.019012 0.010194 0.034155 0.893628 0.009944 0.041483
0.490002 0.292810 0.505555 0.275036 0.474448 0.275036 0.534439 0.277257 0.458895 0.277257 0.581098 0.375020 0.423345 0.375020 0.609983 0.501666 0.387796 0.503888 0.618870 0.610538 0.427789 0.446120 0.547770 0.626091 0.447786 0.623869 0.529995 0.814950 0.456674 0.806063 0.518886 0.997144 0.461117 0.990478 0.010486 0.007847 0.012137 0.015648 0.045449 0.892928 0.005658 0.045386
0.488334 0.290574 0.503889 0.275020 0.472780 0.275020 0.532775 0.275020 0.457226 0.277242 0.579437 0.375011 0.423896 0.375011 0.610546 0.501667 0.386121 0.501667 0.619434 0.608324 0.428340 0.446116 0.548329 0.626100 0.448338 0.623878 0.530553 0.812750 0.459448 0.808306 0.519443 0.992734 0.463892 0.994956 0.010600 0.011575 0.009012 0.012010 0.050199 0.885401 0.004244 0.049376
0.486049 0.291297 0.501674 0.275672 0.470424 0.275672 0.530692 0.275672 0.454800 0.277904 0.579798 0.373885 0.421318 0.376117 0.611048 0.501116 0.385604 0.505580 0.619976 0.608258 0.425782 0.445313 0.548549 0.626115 0.450335 0.623883 0.532924 0.813613 0.461496 0.811381 0.519531 0.994415 0.465960 1.000000 0.002928 0.011437 0.012772 0.018186 0.050199 0.898512 0.001420 0.045389
0.485000 0.292780 0.500556 0.275002 0.469445 0.275002 0.529444 0.277224 0.453889 0.279447 0.578333 0.372779 0.420556 0.377223 0.609443 0.499444 0.387223 0.506111 0.618332 0.606110 0.425001 0.446112 0.549444 0.626110 0.451667 0.623888 0.533889 0.810552 0.465000 0.810552 0.520555 0.988328 0.469445 0.999439 0.002953 0.015210 0.009359 0.017239 0.050199 0.901691 0.001416 0.049480
0.483962 0.293160 0.499447 0.275462 0.468476 0.277674 0.525993 0.275462 0.452991 0.279887 0.576874 0.372799 0.419808 0.377223 0.610057 0.496682 0.386625 0.505530 0.618905 0.605079 0.426445 0.445801 0.550327 0.624989 0.452991 0.624989 0.534842 0.808601 0.468476 0.810813 0.521569 0.978940 0.472901 0.994425 0.002026 0.018796 0.006601 0.015914 0.057379 0.893389 0.004225 0.053247
0.482934 0.292451 0.496146 0.277036 0.467519 0.277036 0.522572 0.277036 0.449902 0.279239 0.575422 0.371727 0.419073 0.378333 0.608454 0.495045 0.388243 0.503854 0.619464 0.602949 0.425679 0.444397 0.551199 0.624970 0.454306 0.624970 0.535784 0.807745 0.469721 0.807745 0.522572 0.975105 0.476327 0.992722 0.001702 0.015418 0.003571 0.018385 0.050937 0.897799 0.007010 0.053564
0.480826 0.294020 0.496165 0.278681 0.465487 0.278681 0.522461 0.278681 0.447957 0.280872 0.572860 0.370715 0.417279 0.379480 0.605729 0.493426 0.388793 0.506574 0.618877 0.600799 0.428236 0.445218 0.553138 0.624903 0.456722 0.624903 0.539991 0.804587 0.472061 0.806779 0.524652 0.968933 0.480826 0.988654 0.006373 0.011453 0.001394 0.023941 0.044522 0.888323 0.012558 0.050031
0.480204 0.291591 0.495601 0.276194 0.462607 0.276194 0.521996 0.273994 0.447210 0.278393 0.572586 0.370775 0.414217 0.379573 0.605579 0.491752 0.387822 0.507149 0.623176 0.601730 0.427414 0.443361 0.554989 0.623726 0.458208 0.625925 0.539592 0.804091 0.473605 0.808490 0.526395 0.966859 0.482403 0.993254 0.001353 0.011635 0.004999 0.029466 0.034249 0.888122 0.016811 0.053889
0.478653 0.293099 0.493979 0.275584 0.463327 0.277773 0.520252 0.275584 0.445812 0.279963 0.570609 0.369729 0.415160 0.380676 0.603450 0.492337 0.388887 0.507663 0.623155 0.603998 0.430486 0.444170 0.555283 0.623703 0.458948 0.625892 0.542146 0.803236 0.474274 0.809804 0.529010 0.958685 0.485221 0.989337 0.003583 0.007079 0.004063 0.029783 0.027706 0.880320 0.018130 0.049714
0.476929 0.291816 0.492310 0.276436 0.461549 0.276436 0.518676 0.276436 0.443972 0.280830 0.569212 0.368718 0.413211 0.381901 0.604367 0.493958 0.391239 0.511535 0.624141 0.608212 0.430788 0.445619 0.558226 0.623592 0.459352 0.625789 0.547240 0.805959 0.474732 0.812551 0.529662 0.957565 0.487915 0.992720 0.017589 0.002905 0.005441 0.033363 0.032557 0.881422 0.022399 0.045307
0.477486 0.292981 0.492861 0.277605 0.462111 0.277605 0.517023 0.275409 0.442342 0.279802 0.567542 0.367661 0.413788 0.383037 0.604882 0.492861 0.391823 0.514826 0.624651 0.607079 0.431360 0.446735 0.558756 0.622454 0.459914 0.626847 0.554363 0.806960 0.477486 0.815746 0.534595 0.949732 0.490665 0.995858 0.036218 0.006275 0.003395 0.029992 0.037709 0.885116 0.023794 0.037103
0.477145 0.291582 0.492382 0.276345 0.461908 0.278522 0.516325 0.276345 0.442318 0.282875 0.566389 0.367766 0.414021 0.383003 0.603393 0.489661 0.392254 0.515781 0.622983 0.602849 0.431434 0.446127 0.559859 0.622439 0.459731 0.626792 0.555506 0.807458 0.479321 0.813988 0.533739 0.938059 0.492382 0.990300 0.045080 0.009655 0.000676 0.025807 0.039264 0.888623 0.024969 0.040679
0.477617 0.293637 0.490719 0.276167 0.460147 0.278350 0.514740 0.276167 0.440493 0.282718 0.564966 0.367884 0.412104 0.383170 0.602090 0.490173 0.392451 0.516378 0.623927 0.605911 0.431758 0.446498 0.560599 0.621198 0.462330 0.627749 0.560599 0.804632 0.479800 0.813367 0.534394 0.933472 0.492903 0.990250 0.063870 0.006334 0.005488 0.034600 0.034455 0.883529 0.029235 0.029871
0.478709 0.293637 0.491811 0.276167 0.461239 0.278350 0.515832 0.276167 0.441585 0.282718 0.566058 0.367884 0.411013 0.383170 0.603182 0.490173 0.391359 0.516378 0.625019 0.605911 0.430666 0.446498 0.561691 0.621198 0.461239 0.627749 0.563874 0.804632 0.478709 0.815550 0.535486 0.926921 0.493995 0.990250 0.076396 0.001743 0.009277 0.034946 0.034455 0.883529 0.029235 0.025736
0.479712 0.293284 0.495065 0.277931 0.464359 0.280124 0.516998 0.275737 0.442426 0.282317 0.565250 0.367855 0.411721 0.383208 0.602536 0.492872 0.394174 0.516998 0.626662 0.606922 0.431460 0.449006 0.560863 0.622275 0.462166 0.626662 0.565250 0.804317 0.479712 0.815284 0.538931 0.931527 0.497258 0.988553 0.072610 0.002598 0.013157 0.035511 0.025905 0.881843 0.029364 0.021857
0.481905 0.294380 0.495065 0.279027 0.464359 0.281221 0.516998 0.276834 0.444620 0.281221 0.565250 0.368952 0.411721 0.382111 0.600342 0.493968 0.394174 0.515901 0.626662 0.608019 0.433653 0.450103 0.560863 0.621179 0.462166 0.627758 0.563057 0.803221 0.479712 0.816380 0.541124 0.939204 0.497258 0.989649 0.054737 0.002598 0.009371 0.034946 0.014917 0.869488 0.029364 0.025691
0.484641 0.294299 0.497806 0.278940 0.467088 0.278940 0.519747 0.278940 0.445146 0.281134 0.565824 0.368900 0.412234 0.382065 0.600931 0.496160 0.394681 0.515908 0.627260 0.608062 0.434176 0.450083 0.559242 0.621226 0.462700 0.627809 0.561436 0.796758 0.480253 0.814311 0.546077 0.950348 0.497806 0.987648 0.035704 0.002254 0.012280 0.034600 0.012120 0.869488 0.027973 0.025892
0.486777 0.295049 0.500000 0.277419 0.469147 0.277419 0.522038 0.277419 0.447109 0.279622 0.566113 0.369977 0.411849 0.380996 0.599170 0.495592 0.394219 0.513223 0.625615 0.610189 0.436090 0.449313 0.559502 0.621208 0.462536 0.627819 0.557298 0.797510 0.480166 0.812936 0.548483 0.969404 0.497796 0.989239 0.012330 0.001494 0.004396 0.034247 0.009716 0.857572 0.028096 0.034203
0.488933 0.293592 0.504427 0.278097 0.473438 0.278097 0.524348 0.278097 0.449090 0.278097 0.566405 0.371064 0.411460 0.379918 0.599607 0.497233 0.393752 0.512728 0.626169 0.612335 0.438022 0.450750 0.559764 0.621189 0.462371 0.627829 0.555337 0.800482 0.477865 0.813763 0.553124 0.986415 0.497786 0.990842 0.004069 0.009196 0.000588 0.038006 0.009716 0.844761 0.028220 0.034323
0.490630 0.296073 0.506063 0.280641 0.475198 0.278436 0.525904 0.280641 0.450947 0.280641 0.565587 0.371030 0.413469 0.379849 0.598656 0.498898 0.393627 0.512125 0.622907 0.613538 0.439924 0.450396 0.558973 0.622356 0.461970 0.626765 0.552360 0.805339 0.479607 0.814157 0.552360 0.992731 0.501653 0.990526 0.011500 0.009713 0.003127 0.031869 0.014200 0.842560 0.026698 0.041371
0.493960 0.295177 0.509335 0.279802 0.478584 0.279802 0.529104 0.279802 0.452226 0.279802 0.566444 0.372054 0.414886 0.378644 0.597195 0.501647 0.392921 0.510433 0.621356 0.615865 0.441244 0.451128 0.557658 0.622454 0.461012 0.626847 0.548872 0.806960 0.476388 0.815746 0.553265 0.993662 0.500549 0.984876 0.022635 0.019315 0.003980 0.032636 0.007804 0.834937 0.023794 0.040998
0.495033 0.293596 0.510486 0.278143 0.479580 0.275935 0.530354 0.278143 0.455297 0.278143 0.567882 0.373067 0.415562 0.377482 0.596580 0.501104 0.391279 0.509934 0.618655 0.615895 0.442052 0.448123 0.556844 0.622518 0.459713 0.626933 0.548014 0.807951 0.475165 0.814573 0.552429 0.993384 0.497241 0.982346 0.022723 0.015489 0.001070 0.029606 0.009710 0.838823 0.021096 0.041301
0.497791 0.291223 0.513256 0.275758 0.482326 0.275758 0.533139 0.277968 0.458024 0.275758 0.570697 0.372967 0.416047 0.377385 0.597208 0.501105 0.391745 0.507732 0.617092 0.615987 0.440350 0.448082 0.555232 0.622615 0.458024 0.627033 0.546395 0.805985 0.473489 0.812613 0.550813 0.991564 0.495581 0.976099 0.022906 0.016291 0.004366 0.026560 0.010389 0.841041 0.016886 0.041793
0.499448 0.291176 0.514916 0.275708 0.483979 0.275708 0.534804 0.277918 0.459672 0.275708 0.570160 0.375148 0.417686 0.375148 0.594468 0.501105 0.391169 0.505524 0.614356 0.616013 0.439784 0.445861 0.554692 0.622642 0.457462 0.627062 0.543643 0.806054 0.470720 0.810473 0.545853 0.991675 0.492818 0.971787 0.022942 0.020364 0.000713 0.026878 0.006130 0.846238 0.015481 0.042122
