0.461169 0.274077 0.451756 0.259957 0.465876 0.259957 0.437636 0.274077 0.522357 0.269370 0.423516 0.377625 0.560011 0.372918 0.414102 0.518827 0.583544 0.504707 0.399982 0.641202 0.578838 0.608255 0.465876 0.627082 0.550597 0.622375 0.465876 0.796524 0.522357 0.796524 0.550597 0.942433 0.494117 0.965966 0.167452 0.001397 0.053542 0.039166 0.015377 0.070707 0.020990 0.051172
0.456463 0.276430 0.451756 0.262310 0.465876 0.262310 0.437636 0.276430 0.522357 0.271724 0.423516 0.379978 0.560011 0.370565 0.418809 0.521180 0.583544 0.507060 0.399982 0.638849 0.583544 0.610608 0.465876 0.624728 0.550597 0.624728 0.461169 0.798877 0.522357 0.794171 0.550597 0.940079 0.498823 0.963613 0.188309 0.008639 0.063152 0.040785 0.039895 0.054347 0.020990 0.043967
0.453674 0.273123 0.448923 0.258869 0.463177 0.258869 0.434669 0.273123 0.520193 0.268371 0.425166 0.377653 0.558204 0.372901 0.415663 0.520193 0.581961 0.505939 0.396658 0.634226 0.581961 0.610469 0.467928 0.624723 0.548701 0.624723 0.453674 0.791021 0.524945 0.795772 0.539199 0.928810 0.501188 0.966821 0.204036 0.000000 0.081769 0.031923 0.031379 0.056248 0.021189 0.016711
0.451299 0.270747 0.446547 0.256493 0.456050 0.256493 0.432293 0.270747 0.517818 0.265996 0.427542 0.380028 0.555828 0.370525 0.418039 0.522569 0.584337 0.503564 0.394282 0.631850 0.579585 0.608093 0.465553 0.627099 0.551077 0.622347 0.446547 0.788645 0.522569 0.793396 0.536823 0.926434 0.503564 0.964445 0.221898 0.017345 0.085867 0.046563 0.046948 0.081652 0.021189 0.015291
0.450357 0.263894 0.445514 0.249365 0.455200 0.254208 0.430984 0.268737 0.523005 0.263894 0.426141 0.380131 0.556908 0.370444 0.421298 0.525427 0.585967 0.506054 0.392239 0.636820 0.581124 0.612604 0.464887 0.627134 0.552064 0.622291 0.445514 0.791803 0.523005 0.791803 0.523005 0.917726 0.532692 0.961315 0.212874 0.072212 0.086804 0.047922 0.070621 0.081652 0.021599 0.016766
0.455629 0.267353 0.450832 0.252963 0.460426 0.252963 0.431645 0.267353 0.517988 0.267353 0.426848 0.377681 0.556363 0.372884 0.422051 0.521586 0.585144 0.502398 0.393270 0.636710 0.580347 0.612726 0.465223 0.627116 0.551566 0.622319 0.441239 0.785412 0.527582 0.790209 0.517988 0.910130 0.532379 0.958098 0.223462 0.054259 0.096455 0.039047 0.067373 0.083435 0.021393 0.002701
0.451299 0.273123 0.446547 0.258869 0.460801 0.258869 0.432293 0.273123 0.517818 0.273123 0.427542 0.377653 0.555828 0.372901 0.422790 0.520193 0.584337 0.505939 0.399034 0.638977 0.584337 0.615220 0.465553 0.624723 0.551077 0.624723 0.437045 0.781518 0.527320 0.791021 0.513066 0.905053 0.527320 0.957318 0.232846 0.045167 0.105839 0.039162 0.052227 0.067193 0.021189 0.012082
0.457213 0.272989 0.452459 0.258727 0.461967 0.258727 0.433442 0.272989 0.519017 0.272989 0.428688 0.377581 0.557050 0.372827 0.423934 0.520205 0.585575 0.505943 0.400163 0.639059 0.585575 0.615288 0.466721 0.624796 0.547541 0.624796 0.438196 0.776929 0.528525 0.791192 0.509508 0.905291 0.528525 0.962341 0.220413 0.036221 0.107588 0.024215 0.052227 0.067193 0.018169 0.022777
0.451299 0.275498 0.446547 0.261244 0.460801 0.261244 0.432293 0.275498 0.517818 0.275498 0.427542 0.375277 0.555828 0.375277 0.422790 0.517818 0.584337 0.503564 0.403785 0.636602 0.579585 0.612845 0.465553 0.627099 0.551077 0.622347 0.432293 0.774391 0.527320 0.793396 0.503564 0.907429 0.527320 0.973948 0.227239 0.043929 0.118378 0.037808 0.039895 0.083435 0.021189 0.026762
0.450081 0.277744 0.445327 0.258727 0.454836 0.263481 0.435819 0.277744 0.516640 0.272989 0.431065 0.377581 0.554673 0.372827 0.426311 0.520205 0.583198 0.505943 0.402540 0.639059 0.578443 0.615288 0.464344 0.624796 0.549919 0.624796 0.426311 0.772175 0.530902 0.800700 0.502377 0.914800 0.521394 0.990866 0.236349 0.018377 0.122984 0.028274 0.052227 0.081024 0.018169 0.046112
0.444111 0.272876 0.439354 0.258607 0.453624 0.263363 0.434598 0.272876 0.515459 0.272876 0.434598 0.377520 0.553511 0.372763 0.425085 0.520215 0.582050 0.505946 0.401302 0.639128 0.577293 0.620102 0.463137 0.624858 0.548754 0.624858 0.420328 0.772310 0.529728 0.796093 0.496433 0.924519 0.524972 0.981597 0.237524 0.027063 0.126506 0.029218 0.041644 0.080448 0.015146 0.054717
0.444752 0.276607 0.439948 0.262195 0.449557 0.262195 0.435144 0.276607 0.516814 0.271803 0.435144 0.377494 0.555248 0.372690 0.425536 0.521619 0.584072 0.507206 0.401515 0.641722 0.579268 0.622506 0.463969 0.627310 0.545639 0.622506 0.420732 0.776238 0.531227 0.800259 0.487990 0.934775 0.531227 0.982816 0.217655 0.025752 0.126506 0.013516 0.041644 0.080448 0.012237 0.064187
0.446489 0.277633 0.441733 0.263363 0.456002 0.263363 0.436976 0.277633 0.517837 0.272876 0.432220 0.377520 0.555889 0.372763 0.427463 0.520215 0.579672 0.505946 0.403681 0.639128 0.574915 0.620102 0.465515 0.624858 0.546376 0.624858 0.417950 0.772310 0.536863 0.800850 0.484541 0.938789 0.532106 0.986354 0.220445 0.009029 0.141919 0.005184 0.052227 0.069503 0.015146 0.082137
0.447154 0.274205 0.442350 0.259793 0.451959 0.259793 0.432742 0.274205 0.519217 0.274205 0.432742 0.375092 0.557650 0.375092 0.423134 0.514412 0.581670 0.509608 0.403917 0.639320 0.576866 0.620103 0.461567 0.624908 0.548041 0.624908 0.418330 0.778640 0.538433 0.802661 0.475979 0.951589 0.538433 0.990022 0.189687 0.017190 0.123837 0.004954 0.026672 0.070079 0.012237 0.070081
0.449557 0.279010 0.444752 0.259793 0.454361 0.264597 0.435144 0.279010 0.521619 0.274205 0.430340 0.375092 0.560052 0.375092 0.425536 0.514412 0.584072 0.509608 0.406319 0.639320 0.579268 0.620103 0.459165 0.624908 0.550443 0.624908 0.420732 0.778640 0.540835 0.802661 0.463969 0.951589 0.545639 0.990022 0.155958 0.025349 0.114545 0.004954 0.037618 0.070079 0.012237 0.060790
0.445936 0.278938 0.441130 0.264521 0.455547 0.264521 0.436325 0.278938 0.522827 0.274132 0.431519 0.375052 0.561273 0.375052 0.421907 0.514417 0.585301 0.504806 0.402685 0.639365 0.580495 0.620142 0.460353 0.624948 0.546856 0.624948 0.421907 0.778730 0.546856 0.802759 0.450742 0.956541 0.551661 0.994986 0.129152 0.007956 0.114545 0.018344 0.026672 0.071541 0.009179 0.077979
0.447327 0.277057 0.442427 0.257458 0.457126 0.262358 0.432627 0.277057 0.525724 0.272157 0.427727 0.375054 0.564923 0.375054 0.422827 0.512250 0.589422 0.507350 0.408128 0.639646 0.579622 0.624946 0.457126 0.624946 0.550223 0.624946 0.422827 0.786641 0.550223 0.811140 0.447327 0.967935 0.555123 1.000000 0.109290 0.008160 0.103811 0.018702 0.025203 0.084751 0.009359 0.066534
0.447125 0.281290 0.442318 0.262063 0.456739 0.266870 0.432705 0.281290 0.524034 0.271677 0.432705 0.377427 0.562488 0.372620 0.423091 0.516824 0.586522 0.507210 0.403864 0.632187 0.576909 0.617767 0.456739 0.627380 0.548068 0.622573 0.427898 0.786005 0.548068 0.800425 0.432705 0.963857 0.557682 0.987891 0.065850 0.016309 0.087762 0.018344 0.030651 0.083858 0.006120 0.057249
0.446612 0.275528 0.441759 0.260967 0.451465 0.260967 0.432052 0.275528 0.519414 0.270674 0.432052 0.377450 0.563095 0.372597 0.427198 0.518200 0.582509 0.503640 0.407784 0.634683 0.572802 0.615270 0.456319 0.624976 0.548535 0.624976 0.422345 0.794847 0.548535 0.804554 0.427198 0.964718 0.563095 0.988985 0.071925 0.025078 0.093940 0.018344 0.041597 0.074426 0.006180 0.062833
0.437512 0.283694 0.437512 0.269273 0.447125 0.269273 0.432705 0.283694 0.519227 0.274080 0.432705 0.379830 0.562488 0.370216 0.427898 0.519227 0.581716 0.500000 0.408671 0.634591 0.572102 0.610556 0.456739 0.624977 0.548068 0.624977 0.423091 0.788408 0.552875 0.802829 0.418284 0.951840 0.562488 0.985487 0.055272 0.008137 0.095739 0.026599 0.041597 0.074426 0.006120 0.073232
0.438140 0.284680 0.433382 0.270405 0.447657 0.270405 0.428623 0.284680 0.519034 0.275163 0.433382 0.379849 0.557101 0.370332 0.428623 0.517844 0.580894 0.494052 0.409589 0.632047 0.571377 0.608255 0.461932 0.627289 0.547585 0.622530 0.423865 0.789076 0.552343 0.798593 0.409589 0.955622 0.566618 0.979414 0.046341 0.016477 0.110125 0.020607 0.041597 0.086940 0.012120 0.082159
0.442350 0.281412 0.437546 0.266999 0.447154 0.266999 0.427938 0.281412 0.519217 0.276607 0.432742 0.382299 0.557650 0.367886 0.432742 0.521619 0.586475 0.487990 0.408721 0.632114 0.562454 0.603289 0.461567 0.627310 0.548041 0.622506 0.427938 0.790650 0.557650 0.800259 0.399113 0.958795 0.572062 0.982816 0.010589 0.007889 0.101908 0.029195 0.068138 0.140356 0.012237 0.081820
0.438196 0.287252 0.433442 0.272989 0.447704 0.272989 0.428688 0.287252 0.514262 0.277744 0.428688 0.382335 0.557050 0.368072 0.433442 0.520205 0.585575 0.486926 0.409671 0.634305 0.557050 0.601026 0.461967 0.624796 0.552296 0.624796 0.428688 0.791192 0.557050 0.800700 0.395409 0.948079 0.576066 0.981358 0.003705 0.024783 0.106251 0.014495 0.076351 0.152955 0.018169 0.071434
0.438777 0.288075 0.434068 0.273947 0.443487 0.273947 0.429358 0.288075 0.514128 0.278656 0.429358 0.382264 0.556513 0.368136 0.434068 0.518838 0.584770 0.485872 0.410521 0.636574 0.561223 0.603608 0.462324 0.627155 0.551804 0.622446 0.429358 0.787276 0.556513 0.796695 0.391683 0.942688 0.575351 0.970944 0.011073 0.025678 0.107225 0.014495 0.073805 0.137809 0.017998 0.073232
0.440573 0.289629 0.435819 0.275366 0.445327 0.275366 0.426311 0.289629 0.516640 0.280121 0.426311 0.379958 0.559427 0.370449 0.431065 0.513074 0.583198 0.484549 0.412048 0.631928 0.554673 0.598649 0.464344 0.627173 0.549919 0.622419 0.431065 0.793569 0.559427 0.798323 0.393032 0.950456 0.583198 0.978981 0.012873 0.024455 0.111423 0.029195 0.061865 0.143358 0.018169 0.080022
0.444217 0.282931 0.439366 0.268378 0.449068 0.268378 0.424814 0.282931 0.512127 0.273229 0.429665 0.379945 0.560634 0.370243 0.429665 0.515765 0.575186 0.496362 0.410262 0.637033 0.560634 0.612779 0.458769 0.627331 0.550932 0.622481 0.434515 0.797106 0.560634 0.801957 0.395710 0.957180 0.589738 0.986284 0.030538 0.032659 0.082444 0.029426 0.050502 0.076150 0.012356 0.062356
0.447203 0.286413 0.442403 0.267214 0.452003 0.272014 0.428004 0.281613 0.514399 0.276813 0.428004 0.377607 0.557597 0.372808 0.428004 0.516799 0.576795 0.497600 0.408805 0.636792 0.552797 0.607993 0.461602 0.627192 0.552797 0.622393 0.432804 0.795182 0.562396 0.799982 0.404006 0.963172 0.591195 0.982371 0.000140 0.032659 0.096636 0.023310 0.050502 0.116727 0.018344 0.071231
0.443028 0.283022 0.438180 0.263628 0.452726 0.268476 0.428482 0.278174 0.515758 0.273325 0.428482 0.379996 0.559396 0.370298 0.428482 0.520607 0.578791 0.486666 0.404239 0.636975 0.549699 0.598185 0.462423 0.627277 0.549699 0.622429 0.433331 0.796980 0.564245 0.801829 0.413936 0.961835 0.598185 0.981229 0.016766 0.033765 0.097460 0.037989 0.065379 0.133796 0.015440 0.079795
0.445453 0.283022 0.440604 0.268476 0.450301 0.268476 0.430907 0.278174 0.518182 0.273325 0.426058 0.379996 0.561820 0.370298 0.426058 0.520607 0.576366 0.491515 0.401815 0.636975 0.547274 0.598185 0.459999 0.627277 0.552123 0.622429 0.435755 0.796980 0.566669 0.801829 0.416361 0.961835 0.600610 0.976381 0.007890 0.035378 0.088586 0.037989 0.065379 0.122766 0.015440 0.070920
0.447877 0.283022 0.443028 0.268476 0.452726 0.268476 0.433331 0.283022 0.515758 0.278174 0.428482 0.379996 0.559396 0.370298 0.423634 0.520607 0.583639 0.491515 0.404239 0.646672 0.559396 0.603034 0.462423 0.627277 0.549699 0.622429 0.438180 0.796980 0.564245 0.801829 0.423634 0.961835 0.607883 0.981229 0.017154 0.050199 0.088586 0.037989 0.037618 0.130971 0.015440 0.070920
0.455580 0.286305 0.450778 0.271898 0.460382 0.271898 0.436372 0.286305 0.518008 0.281502 0.426767 0.377545 0.561227 0.372743 0.421965 0.512005 0.580436 0.492797 0.407559 0.636861 0.561227 0.603246 0.460382 0.627257 0.551623 0.622455 0.441174 0.795332 0.566029 0.800134 0.426767 0.958605 0.609249 0.973011 0.008207 0.052227 0.078814 0.037989 0.025203 0.105312 0.015292 0.061974
0.461567 0.283814 0.456763 0.269401 0.466371 0.274205 0.442350 0.283814 0.524021 0.279010 0.423134 0.375092 0.567258 0.375092 0.413525 0.504804 0.581670 0.495196 0.408721 0.639320 0.572062 0.610495 0.456763 0.624908 0.552846 0.624908 0.447154 0.793053 0.572062 0.797857 0.437546 0.961197 0.620103 0.975610 0.000000 0.048799 0.060763 0.053567 0.012172 0.064480 0.012237 0.053393
0.463969 0.288618 0.459165 0.269401 0.468773 0.274205 0.444752 0.283814 0.526423 0.279010 0.425536 0.375092 0.564856 0.375092 0.420732 0.509608 0.584072 0.500000 0.411123 0.644124 0.574464 0.610495 0.459165 0.624908 0.550443 0.624908 0.449557 0.797857 0.569660 0.797857 0.444752 0.966002 0.622506 0.975610 0.008573 0.056761 0.060259 0.053567 0.011334 0.076199 0.012237 0.052889
0.455480 0.278639 0.450534 0.263799 0.460427 0.263799 0.440641 0.278639 0.519786 0.273692 0.425801 0.377571 0.564306 0.372625 0.420854 0.516077 0.579146 0.501237 0.401068 0.644689 0.579146 0.615009 0.460427 0.624902 0.549466 0.624902 0.445587 0.802980 0.564306 0.807927 0.445587 0.981058 0.628612 0.986005 0.026465 0.084554 0.070740 0.044455 0.037226 0.036566 0.012600 0.052217
0.459576 0.284407 0.454676 0.269707 0.464476 0.269707 0.439977 0.284407 0.523274 0.279507 0.430177 0.377504 0.562473 0.372604 0.420378 0.519599 0.582072 0.504900 0.405678 0.646995 0.582072 0.612696 0.459576 0.627396 0.547773 0.622496 0.449777 0.803790 0.562473 0.803790 0.449777 0.980185 0.635971 0.975285 0.017666 0.103128 0.054943 0.044455 0.014649 0.046816 0.009359 0.043418
0.459176 0.283511 0.454228 0.268666 0.464125 0.268666 0.439383 0.278563 0.523504 0.278563 0.429487 0.377529 0.563091 0.372581 0.419590 0.521030 0.582884 0.506185 0.399797 0.649686 0.582884 0.615048 0.459176 0.624945 0.548246 0.624945 0.449280 0.803084 0.558143 0.803084 0.454228 0.981223 0.632367 0.976275 0.026505 0.111215 0.055681 0.036368 0.026672 0.046816 0.009452 0.035331
0.451465 0.282808 0.451465 0.268248 0.456319 0.268248 0.441759 0.282808 0.519414 0.277954 0.432052 0.379877 0.563095 0.370170 0.422345 0.520627 0.582509 0.501213 0.398077 0.641964 0.582509 0.612843 0.461172 0.627403 0.543681 0.622550 0.451465 0.797274 0.553388 0.797274 0.461172 0.971998 0.631043 0.957438 0.035835 0.126036 0.055446 0.042103 0.040915 0.046817 0.006180 0.035835
0.453590 0.284612 0.448830 0.270332 0.458350 0.270332 0.439310 0.284612 0.520230 0.279852 0.434551 0.379811 0.558310 0.370291 0.425031 0.517850 0.582109 0.498810 0.396471 0.636849 0.582109 0.608289 0.463110 0.627329 0.544030 0.622569 0.458350 0.793928 0.548790 0.789168 0.463110 0.960526 0.624949 0.936727 0.018184 0.142572 0.045658 0.027090 0.053059 0.058286 0.009092 0.018184
0.454770 0.284563 0.450009 0.270280 0.454770 0.270280 0.440487 0.279802 0.521425 0.279802 0.435726 0.379784 0.559513 0.370262 0.421443 0.517854 0.583318 0.498810 0.392877 0.636880 0.583318 0.608314 0.464292 0.627358 0.540469 0.622597 0.459531 0.793994 0.540469 0.784472 0.469053 0.960631 0.626168 0.927303 0.027261 0.172021 0.045658 0.023978 0.042165 0.058286 0.006062 0.009092
0.454028 0.283106 0.449313 0.268960 0.458743 0.268960 0.444598 0.283106 0.520039 0.278391 0.435167 0.377408 0.557760 0.372692 0.425737 0.514145 0.586050 0.495285 0.397447 0.636738 0.581335 0.603732 0.463458 0.627308 0.543615 0.622592 0.463458 0.792336 0.538900 0.782906 0.477603 0.957364 0.619056 0.919643 0.027217 0.178132 0.035882 0.008639 0.050275 0.086023 0.009006 0.009359
0.453892 0.277954 0.449039 0.263394 0.458746 0.263394 0.444185 0.277954 0.526694 0.273101 0.434478 0.379877 0.560668 0.370170 0.415065 0.515774 0.584935 0.496360 0.385944 0.637110 0.589789 0.607989 0.463599 0.627403 0.541254 0.622550 0.463599 0.802127 0.536401 0.787567 0.483013 0.967145 0.618910 0.923464 0.037277 0.183047 0.037277 0.015077 0.029809 0.046644 0.006180 0.009359
0.451465 0.277954 0.451465 0.263394 0.456319 0.263394 0.441759 0.277954 0.524267 0.273101 0.432052 0.379877 0.563095 0.370170 0.412638 0.525481 0.587362 0.496360 0.388371 0.637110 0.587362 0.607989 0.461172 0.627403 0.543681 0.622550 0.470879 0.802127 0.533974 0.782714 0.485440 0.971998 0.611629 0.908903 0.009552 0.194865 0.019611 0.005169 0.025945 0.060475 0.006180 0.036933
0.457151 0.279802 0.452390 0.265519 0.461912 0.265519 0.442868 0.279802 0.523805 0.275041 0.433345 0.379784 0.561894 0.370262 0.414301 0.517854 0.585699 0.494049 0.385735 0.632119 0.585699 0.603553 0.461912 0.627358 0.542849 0.622597 0.471434 0.793994 0.528566 0.774950 0.490478 0.960631 0.609504 0.903498 0.018051 0.208620 0.018397 0.005776 0.034350 0.060475 0.006062 0.047924
0.461087 0.283029 0.456370 0.268878 0.465803 0.268878 0.446936 0.283029 0.527121 0.278312 0.432786 0.377364 0.564856 0.372647 0.413919 0.518867 0.588439 0.500000 0.390335 0.636786 0.588439 0.608486 0.461087 0.627353 0.541272 0.622636 0.475237 0.797157 0.531838 0.778289 0.498821 0.962244 0.602590 0.915076 0.018703 0.171212 0.009418 0.010672 0.020641 0.058286 0.003002 0.045733
0.457555 0.283057 0.452839 0.268909 0.466987 0.268909 0.448122 0.283057 0.528297 0.278341 0.433974 0.377380 0.561310 0.372664 0.410393 0.518865 0.589607 0.500000 0.382096 0.636768 0.589607 0.608471 0.462271 0.627336 0.542445 0.622620 0.481135 0.797117 0.523581 0.773536 0.500000 0.962182 0.599039 0.900872 0.001004 0.209865 0.000669 0.015606 0.022408 0.069604 0.006005 0.074807
0.451932 0.278887 0.447125 0.264467 0.461546 0.264467 0.442318 0.278887 0.524034 0.274080 0.432705 0.379830 0.562488 0.370216 0.408671 0.519227 0.591329 0.500000 0.379830 0.639397 0.586522 0.605750 0.461546 0.629784 0.543261 0.620170 0.480773 0.802829 0.519227 0.773988 0.504807 0.971067 0.591329 0.903772 0.009944 0.210751 0.001347 0.024900 0.020629 0.084063 0.006120 0.084560
0.454335 0.281290 0.449529 0.266870 0.463949 0.266870 0.444722 0.281290 0.526437 0.276484 0.435108 0.377427 0.560085 0.372620 0.406267 0.516824 0.593733 0.497597 0.377427 0.632187 0.588926 0.608153 0.463949 0.627380 0.540858 0.622573 0.483176 0.800425 0.512017 0.771584 0.512017 0.973470 0.584119 0.901368 0.017345 0.222270 0.001347 0.036419 0.013038 0.097545 0.006120 0.096079
0.455891 0.284355 0.450990 0.269652 0.465693 0.269652 0.441188 0.284355 0.524505 0.279454 0.431386 0.377475 0.563713 0.372573 0.397079 0.514703 0.593119 0.504901 0.377475 0.637228 0.593119 0.612723 0.460792 0.627427 0.544109 0.622525 0.485297 0.808764 0.509802 0.779358 0.514703 0.985201 0.578416 0.921488 0.009812 0.211713 0.005477 0.043636 0.027478 0.069604 0.006241 0.111306
0.446981 0.274036 0.441931 0.258888 0.457079 0.263937 0.436882 0.274036 0.522723 0.274036 0.431832 0.380075 0.563118 0.369976 0.401535 0.521460 0.593415 0.501262 0.371238 0.637598 0.593415 0.612351 0.462129 0.627499 0.542921 0.622450 0.487376 0.809280 0.497475 0.784033 0.522723 0.991061 0.563118 0.930468 0.017202 0.221412 0.005145 0.061859 0.014034 0.072192 0.006430 0.131199
0.452980 0.276034 0.448030 0.261185 0.457929 0.266135 0.443080 0.276034 0.527222 0.276034 0.438131 0.379974 0.556920 0.370075 0.408434 0.518561 0.596516 0.498763 0.373787 0.637349 0.596516 0.612602 0.467828 0.627450 0.537121 0.622501 0.497525 0.800684 0.497525 0.780886 0.532172 0.978867 0.551970 0.939270 0.007088 0.183370 0.016027 0.053065 0.023141 0.095015 0.006302 0.132021
