0.507863 0.293329 0.519095 0.277604 0.487645 0.282097 0.539312 0.279850 0.462934 0.295575 0.588734 0.376447 0.429238 0.374200 0.629169 0.493261 0.375323 0.461811 0.575255 0.574132 0.444963 0.380939 0.541559 0.625800 0.440470 0.623553 0.541559 0.805514 0.442716 0.805514 0.525834 0.967256 0.451702 0.978489 0.030850 0.012592 0.059517 0.010399 0.293242 0.949308 0.022902 0.003929
0.507374 0.292408 0.518717 0.274257 0.486955 0.281064 0.536867 0.276526 0.461998 0.294676 0.586780 0.376352 0.427967 0.374083 0.632156 0.494328 0.373516 0.462565 0.575437 0.576004 0.443848 0.378621 0.543674 0.625917 0.441579 0.623648 0.543674 0.807418 0.446117 0.807418 0.527792 0.966232 0.455192 0.984382 0.031725 0.008451 0.054444 0.009488 0.310085 0.953611 0.018787 0.007858
0.506242 0.290035 0.515322 0.271876 0.483543 0.278686 0.535751 0.276416 0.460844 0.294575 0.585688 0.376291 0.426796 0.374021 0.631086 0.492055 0.372319 0.462547 0.576609 0.573771 0.440415 0.376291 0.544830 0.625979 0.442685 0.623709 0.542560 0.805300 0.449495 0.807570 0.528941 0.961923 0.460844 0.984622 0.023581 0.008593 0.047600 0.008444 0.306128 0.962874 0.015902 0.015813
0.503407 0.287640 0.514763 0.271742 0.482966 0.278555 0.532933 0.276284 0.457982 0.294454 0.585171 0.373947 0.423914 0.376218 0.630596 0.489779 0.369404 0.462525 0.576086 0.571544 0.437541 0.376218 0.546560 0.626053 0.444355 0.623782 0.544289 0.803209 0.455711 0.810022 0.528390 0.957652 0.467067 0.987178 0.028571 0.000993 0.044294 0.006838 0.306128 0.966586 0.011570 0.023466
0.501696 0.288002 0.510741 0.269912 0.479083 0.278957 0.531093 0.274434 0.456470 0.294786 0.583103 0.373932 0.424811 0.376193 0.630591 0.486997 0.370540 0.462123 0.580842 0.570666 0.438379 0.378455 0.546922 0.624937 0.445163 0.624937 0.544661 0.803581 0.460992 0.810365 0.531093 0.955088 0.472299 0.986747 0.024401 0.006732 0.041540 0.001124 0.297322 0.962445 0.010079 0.031136
0.499437 0.291686 0.508445 0.273669 0.476917 0.280425 0.526462 0.275921 0.454396 0.296190 0.580511 0.372759 0.422867 0.377263 0.630056 0.485362 0.371070 0.467345 0.582763 0.568687 0.436380 0.379515 0.548982 0.624989 0.447640 0.624989 0.546730 0.802900 0.461152 0.809656 0.533218 0.951535 0.474664 0.985316 0.024829 0.001183 0.035554 0.008475 0.296263 0.962582 0.004301 0.027279
0.497185 0.290543 0.506194 0.272525 0.474662 0.281534 0.524211 0.277029 0.449888 0.297299 0.578265 0.371623 0.420609 0.378380 0.630066 0.484234 0.371060 0.468469 0.585022 0.565315 0.436375 0.380632 0.551238 0.623873 0.449888 0.626125 0.548986 0.804051 0.463401 0.813060 0.535473 0.950446 0.476915 0.988734 0.025321 0.001469 0.029996 0.014474 0.298650 0.956537 0.001436 0.026949
0.493835 0.289817 0.502802 0.271882 0.473657 0.280849 0.520738 0.276366 0.448996 0.296543 0.576787 0.370527 0.419850 0.379495 0.630594 0.480383 0.372769 0.469173 0.585755 0.561093 0.435544 0.379495 0.552125 0.623868 0.451238 0.626110 0.552125 0.805466 0.466931 0.812191 0.538674 0.944467 0.480383 0.984822 0.030709 0.002026 0.030888 0.013514 0.306389 0.959486 0.004281 0.026782
0.491634 0.291396 0.500558 0.273548 0.469323 0.282472 0.516175 0.275779 0.444781 0.298090 0.574183 0.369483 0.418009 0.380639 0.629959 0.478805 0.373388 0.469881 0.587569 0.561354 0.435857 0.380639 0.554103 0.623823 0.453706 0.626055 0.554103 0.804539 0.469323 0.813463 0.542948 0.938402 0.482709 0.985254 0.026465 0.001713 0.025078 0.019512 0.301178 0.953184 0.009944 0.026465
0.491677 0.289696 0.498335 0.271939 0.469481 0.283037 0.513872 0.276378 0.445066 0.298574 0.571581 0.369600 0.416211 0.380698 0.627070 0.478359 0.374039 0.471700 0.589338 0.558264 0.438407 0.380698 0.556044 0.622631 0.456163 0.627070 0.560483 0.804636 0.471700 0.813514 0.547166 0.926713 0.485018 0.982202 0.042350 0.001387 0.027283 0.024708 0.290603 0.942174 0.015549 0.018702
0.487908 0.290596 0.494504 0.273008 0.465924 0.281802 0.509893 0.275207 0.441741 0.299390 0.569252 0.369741 0.415359 0.380733 0.624213 0.477466 0.373588 0.468672 0.586839 0.554412 0.437344 0.378535 0.558259 0.622564 0.457130 0.626961 0.562656 0.800640 0.470321 0.811633 0.549465 0.912762 0.485710 0.976518 0.045135 0.006925 0.021689 0.030792 0.294096 0.945196 0.019607 0.014840
0.486817 0.289619 0.493408 0.272041 0.464845 0.280830 0.508789 0.276436 0.440676 0.298408 0.568113 0.368718 0.414310 0.381901 0.623043 0.476380 0.374760 0.469789 0.587888 0.553282 0.438479 0.377507 0.559324 0.621395 0.458253 0.627986 0.565916 0.799367 0.471437 0.812551 0.550535 0.909227 0.486817 0.975143 0.056059 0.007324 0.022851 0.033550 0.286656 0.942242 0.022399 0.010914
0.487870 0.290486 0.494486 0.272843 0.465816 0.281665 0.507719 0.275049 0.439351 0.299308 0.567265 0.367676 0.412887 0.383114 0.620195 0.475741 0.375395 0.471330 0.587113 0.555135 0.439351 0.376497 0.560649 0.621297 0.459200 0.627914 0.569470 0.799935 0.472432 0.813168 0.551827 0.912411 0.487870 0.976368 0.065234 0.007324 0.024008 0.036820 0.270640 0.939050 0.025299 0.006992
0.489574 0.289832 0.493964 0.272272 0.467624 0.283247 0.509329 0.276662 0.439090 0.300807 0.566398 0.368851 0.412750 0.382020 0.619077 0.474209 0.377631 0.469819 0.586152 0.553228 0.441285 0.375436 0.559813 0.621272 0.461039 0.627857 0.570788 0.796869 0.474209 0.810039 0.555423 0.913203 0.489574 0.972467 0.061668 0.007051 0.028170 0.038769 0.273250 0.932250 0.026581 0.003100
0.490671 0.289832 0.495061 0.272272 0.468722 0.283247 0.510426 0.276662 0.440187 0.298612 0.565300 0.368851 0.413848 0.382020 0.617980 0.474209 0.378728 0.467624 0.587250 0.551033 0.442382 0.373241 0.560910 0.621272 0.459942 0.627857 0.569690 0.796869 0.475307 0.810039 0.558715 0.926373 0.490671 0.970272 0.042813 0.003647 0.021438 0.032216 0.268703 0.935054 0.026581 0.010879
0.491293 0.292670 0.495647 0.273080 0.469526 0.283963 0.510883 0.277433 0.441229 0.299200 0.565301 0.368854 0.415109 0.381914 0.617541 0.473336 0.380282 0.466805 0.587068 0.547343 0.443406 0.375384 0.558771 0.621351 0.460820 0.627881 0.567477 0.795486 0.473880 0.806369 0.560947 0.936971 0.489117 0.965268 0.030583 0.007180 0.024132 0.035238 0.271918 0.931567 0.024969 0.007346
0.492861 0.291882 0.497254 0.274310 0.470896 0.283096 0.512630 0.276507 0.442342 0.298472 0.567542 0.368760 0.413788 0.381939 0.620258 0.474191 0.380840 0.469798 0.589507 0.548872 0.444539 0.375349 0.558756 0.621356 0.459914 0.627946 0.567542 0.799272 0.473093 0.810255 0.565346 0.957420 0.490665 0.970598 0.020127 0.011774 0.026773 0.036028 0.271918 0.925331 0.023794 0.007264
0.492830 0.292621 0.499448 0.274972 0.470768 0.283797 0.512685 0.277178 0.442088 0.299240 0.567839 0.369837 0.413408 0.380868 0.618581 0.475732 0.380316 0.469114 0.589901 0.550742 0.444295 0.374249 0.559015 0.621339 0.459738 0.627957 0.567839 0.802243 0.472975 0.811068 0.565633 0.969911 0.490624 0.974324 0.019703 0.011308 0.026679 0.036028 0.258482 0.925331 0.023899 0.007455
0.493379 0.295865 0.500000 0.278210 0.471311 0.284831 0.515448 0.278210 0.442621 0.298072 0.568413 0.368692 0.413932 0.381933 0.619171 0.474621 0.383036 0.470207 0.588275 0.551861 0.444828 0.373105 0.559585 0.622481 0.458070 0.626895 0.566206 0.803444 0.471311 0.810065 0.566206 0.975580 0.491173 0.971166 0.011641 0.016076 0.022708 0.033774 0.263353 0.926771 0.022498 0.011330
0.494989 0.298442 0.501670 0.280625 0.472717 0.289534 0.517260 0.278398 0.443764 0.298442 0.568485 0.369711 0.414811 0.380847 0.619710 0.476615 0.381404 0.472161 0.588529 0.552338 0.443764 0.376393 0.559576 0.621380 0.457127 0.628061 0.564031 0.806234 0.470490 0.812915 0.561804 0.977725 0.490535 0.973270 0.011802 0.016613 0.018932 0.030992 0.266568 0.927914 0.021283 0.015302
0.496675 0.303275 0.505542 0.283325 0.474509 0.289975 0.518841 0.281108 0.445693 0.298841 0.567607 0.369773 0.414660 0.380856 0.618589 0.476171 0.381411 0.469521 0.587557 0.551537 0.443476 0.376423 0.558741 0.622469 0.458992 0.626902 0.560957 0.804232 0.467859 0.808665 0.556524 0.974912 0.490025 0.966045 0.012148 0.029024 0.015046 0.041229 0.266568 0.927033 0.022597 0.011633
0.497762 0.304757 0.506713 0.286855 0.477623 0.293568 0.522377 0.284617 0.446294 0.298043 0.569370 0.369651 0.414966 0.380840 0.620838 0.477063 0.379162 0.470350 0.587272 0.553146 0.444056 0.376364 0.558181 0.622517 0.457483 0.626992 0.558181 0.808250 0.466434 0.812725 0.551468 0.980556 0.488811 0.969367 0.012395 0.029839 0.014075 0.039115 0.274490 0.928763 0.019957 0.015328
0.500552 0.311064 0.511601 0.293386 0.480664 0.297806 0.527070 0.286757 0.449728 0.300016 0.571265 0.370728 0.416581 0.379567 0.622090 0.476797 0.381225 0.470168 0.586734 0.551930 0.445308 0.379567 0.555797 0.622642 0.456357 0.627062 0.555797 0.803844 0.467406 0.808263 0.546958 0.971787 0.489504 0.956318 0.016738 0.027776 0.019520 0.031338 0.282241 0.922475 0.015481 0.019385
0.501110 0.314006 0.514435 0.296240 0.483344 0.300682 0.529981 0.291798 0.452252 0.300682 0.572177 0.371748 0.418940 0.378410 0.621035 0.480568 0.378965 0.469464 0.585502 0.556076 0.443369 0.380631 0.554410 0.622700 0.454473 0.627142 0.552189 0.807028 0.465577 0.807028 0.541085 0.975810 0.487785 0.958044 0.017077 0.026853 0.018663 0.025543 0.274335 0.932003 0.011313 0.023459
0.504443 0.319509 0.517771 0.301737 0.486671 0.303959 0.535543 0.295073 0.457793 0.301737 0.573307 0.372823 0.420028 0.377266 0.619957 0.481673 0.377821 0.466123 0.584414 0.557202 0.444464 0.379487 0.553314 0.623845 0.453350 0.626066 0.548872 0.808224 0.464457 0.806002 0.537764 0.977053 0.484450 0.952617 0.013243 0.023516 0.017630 0.022755 0.268887 0.932440 0.008486 0.027293
0.507777 0.322806 0.521108 0.305031 0.490002 0.307253 0.538883 0.298365 0.461117 0.300587 0.574433 0.373909 0.421124 0.376131 0.621092 0.485002 0.378908 0.467227 0.583320 0.560546 0.447786 0.382796 0.552214 0.624980 0.452230 0.624980 0.549992 0.807174 0.463339 0.804952 0.536661 0.978258 0.483336 0.951595 0.020872 0.023516 0.024214 0.019959 0.274153 0.920314 0.005658 0.023506
0.509956 0.324115 0.523230 0.306416 0.492257 0.308628 0.540929 0.297566 0.463496 0.301991 0.576327 0.375000 0.423673 0.375000 0.620575 0.485619 0.377212 0.463496 0.578540 0.560841 0.448009 0.381637 0.549779 0.625000 0.450221 0.625000 0.547566 0.806416 0.461283 0.804204 0.534292 0.974558 0.481195 0.945796 0.021196 0.024847 0.029795 0.014053 0.283327 0.926911 0.000004 0.023506
0.510555 0.325016 0.523887 0.309461 0.492778 0.309461 0.543885 0.300573 0.466114 0.300573 0.579437 0.376122 0.423896 0.373900 0.621656 0.487223 0.377233 0.465003 0.579437 0.560550 0.448338 0.382788 0.548329 0.624989 0.448338 0.624989 0.546107 0.809417 0.459448 0.804973 0.530553 0.980513 0.479446 0.947182 0.025023 0.024847 0.035749 0.011264 0.281879 0.923699 0.004244 0.023459
0.511561 0.327685 0.526976 0.310068 0.496146 0.310068 0.546795 0.301260 0.469721 0.301260 0.579826 0.376131 0.425679 0.373929 0.621667 0.488439 0.377232 0.464216 0.575422 0.561109 0.449902 0.382738 0.546795 0.624970 0.447700 0.624970 0.544593 0.807745 0.456508 0.803341 0.529178 0.975105 0.476327 0.937669 0.025401 0.030921 0.038173 0.012145 0.293911 0.924933 0.007010 0.019542
0.513208 0.326649 0.528617 0.311241 0.497799 0.311241 0.548428 0.302435 0.471383 0.300234 0.581447 0.377279 0.427358 0.372876 0.623271 0.489544 0.378930 0.463129 0.574843 0.562186 0.451572 0.383883 0.546227 0.626023 0.444968 0.623822 0.544026 0.808729 0.453773 0.804326 0.528617 0.978227 0.473585 0.932001 0.025023 0.033487 0.040938 0.006786 0.300683 0.920594 0.011214 0.019350
0.514430 0.326283 0.527750 0.308522 0.496670 0.310742 0.547731 0.301862 0.470030 0.301862 0.583251 0.377343 0.427849 0.372903 0.625432 0.492785 0.379008 0.463924 0.574371 0.568266 0.450049 0.381783 0.545511 0.625987 0.443389 0.623767 0.543291 0.812469 0.447829 0.808029 0.527750 0.981192 0.470030 0.930131 0.025446 0.049581 0.044160 0.012025 0.300826 0.929789 0.014138 0.011458
0.515049 0.324988 0.530655 0.307152 0.497213 0.309381 0.550720 0.300464 0.472689 0.300464 0.584162 0.378495 0.428100 0.371806 0.626522 0.492197 0.379052 0.463214 0.575244 0.567998 0.452624 0.380724 0.544032 0.625964 0.443706 0.623735 0.541802 0.813239 0.443706 0.808780 0.528426 0.980448 0.468230 0.926941 0.021621 0.065140 0.047383 0.019693 0.302833 0.924933 0.015619 0.003790
0.515042 0.326185 0.530640 0.310587 0.497214 0.310587 0.550696 0.301673 0.472702 0.301673 0.586350 0.377438 0.428134 0.372982 0.626461 0.493315 0.379110 0.464346 0.575208 0.571309 0.452647 0.381895 0.544011 0.627018 0.441505 0.622562 0.541782 0.811975 0.443733 0.807518 0.528412 0.981333 0.466017 0.923395 0.021243 0.056640 0.049655 0.013202 0.291134 0.924933 0.018453 0.007671
0.512700 0.327718 0.528161 0.312257 0.497239 0.312257 0.550249 0.301214 0.470734 0.301214 0.585589 0.378519 0.428768 0.371893 0.625346 0.493374 0.380176 0.464660 0.572336 0.570680 0.450856 0.382937 0.543623 0.625898 0.442021 0.623689 0.539205 0.809223 0.444229 0.800388 0.528161 0.974879 0.464108 0.926286 0.013521 0.045869 0.045821 0.012759 0.297403 0.926614 0.018290 0.011647
0.512871 0.329326 0.528539 0.311419 0.494964 0.311419 0.548684 0.300227 0.470342 0.302465 0.586736 0.378569 0.427813 0.371854 0.627026 0.494964 0.378569 0.468103 0.573306 0.573306 0.447958 0.385284 0.544207 0.627026 0.441243 0.622550 0.539731 0.812810 0.445720 0.803856 0.528539 0.980686 0.461388 0.947111 0.013521 0.026820 0.046294 0.009178 0.297403 0.928544 0.018535 0.015527
0.511189 0.329372 0.526853 0.311470 0.495524 0.311470 0.546993 0.300281 0.468672 0.302519 0.587272 0.378602 0.428392 0.371889 0.627552 0.494965 0.379162 0.465874 0.573846 0.573286 0.448532 0.385315 0.542517 0.626992 0.441819 0.622517 0.540279 0.810487 0.446294 0.801536 0.529091 0.980556 0.459721 0.958179 0.017030 0.019261 0.052863 0.009080 0.297403 0.927299 0.019957 0.011837
0.511189 0.329372 0.526853 0.313708 0.493287 0.313708 0.546993 0.302519 0.468672 0.302519 0.587272 0.378602 0.428392 0.371889 0.627552 0.494965 0.376924 0.468112 0.573846 0.573286 0.448532 0.387553 0.542517 0.626992 0.441819 0.622517 0.540279 0.810487 0.446294 0.801536 0.526853 0.980556 0.455245 0.973843 0.021196 0.008565 0.052863 0.009080 0.297403 0.925045 0.019957 0.011837
0.510680 0.330246 0.526419 0.312259 0.492693 0.312259 0.546654 0.301017 0.467960 0.303265 0.587126 0.377462 0.427489 0.372965 0.629845 0.494379 0.378024 0.469647 0.575884 0.575321 0.447725 0.386456 0.544406 0.627035 0.440979 0.622538 0.542158 0.811404 0.445476 0.806907 0.528667 0.982282 0.454470 0.984530 0.021196 0.008341 0.050081 0.009427 0.298676 0.928544 0.018619 0.011643
0.509471 0.330642 0.525069 0.312815 0.493872 0.315043 0.545125 0.301673 0.467131 0.303901 0.585236 0.377438 0.429249 0.372982 0.627576 0.495543 0.377995 0.468802 0.574094 0.575765 0.449304 0.388580 0.542897 0.627018 0.442619 0.622562 0.542897 0.807518 0.447076 0.807518 0.529526 0.976876 0.453761 0.985790 0.025078 0.004262 0.053490 0.009368 0.296735 0.925045 0.018453 0.007669
0.511245 0.330203 0.524739 0.312211 0.493253 0.314460 0.544979 0.300966 0.466265 0.305464 0.585461 0.377431 0.428033 0.372933 0.630440 0.494378 0.378556 0.469639 0.576465 0.577589 0.448274 0.386427 0.544979 0.627067 0.441527 0.622569 0.544979 0.809233 0.446025 0.809233 0.531486 0.977906 0.452772 0.989151 0.025410 0.004262 0.051172 0.009521 0.300038 0.928544 0.017189 0.007669
0.510637 0.329243 0.524074 0.311328 0.492722 0.313567 0.544229 0.300131 0.465849 0.304610 0.584538 0.376272 0.427778 0.374032 0.629327 0.492722 0.378511 0.470328 0.577820 0.575581 0.447933 0.387469 0.544229 0.627088 0.443454 0.622609 0.544229 0.806242 0.447933 0.808481 0.533032 0.971960 0.454652 0.985396 0.021475 0.004413 0.050723 0.012379 0.293908 0.928544 0.015689 0.007669
0.507314 0.328969 0.520816 0.310966 0.491561 0.313217 0.541070 0.297464 0.464556 0.304215 0.583828 0.376228 0.426299 0.373977 0.628836 0.490998 0.376790 0.470745 0.577076 0.574263 0.444302 0.387480 0.545571 0.626023 0.444302 0.623772 0.545571 0.806055 0.446553 0.808305 0.534319 0.970334 0.455555 0.983837 0.021768 0.012427 0.048374 0.019020 0.295994 0.933667 0.012897 0.003882
0.507878 0.326689 0.521383 0.310934 0.489871 0.313184 0.541640 0.297429 0.462862 0.304181 0.582154 0.376206 0.426849 0.373956 0.629421 0.490997 0.375081 0.470740 0.579903 0.574276 0.444856 0.389711 0.546141 0.626044 0.444856 0.623794 0.548392 0.806108 0.449357 0.808358 0.537138 0.968165 0.460611 0.986171 0.026048 0.012357 0.049547 0.015140 0.295087 0.930053 0.011466 0.003783
0.505089 0.327533 0.518660 0.309438 0.486994 0.313962 0.539017 0.300390 0.459852 0.307176 0.581993 0.375032 0.423662 0.375032 0.629492 0.490387 0.373901 0.474554 0.579731 0.574076 0.444019 0.388603 0.548065 0.626099 0.446281 0.623837 0.545803 0.807048 0.453066 0.811572 0.536755 0.969902 0.462114 0.990259 0.013687 0.004603 0.038777 0.017358 0.295087 0.929766 0.007200 0.015479
0.502854 0.325915 0.518835 0.307650 0.486872 0.309933 0.539383 0.298518 0.457192 0.303084 0.580479 0.373860 0.420663 0.376143 0.632989 0.488014 0.375001 0.476598 0.585045 0.570205 0.443494 0.387558 0.550799 0.624999 0.448060 0.624999 0.548515 0.809928 0.457192 0.816777 0.539383 0.967461 0.468608 0.997141 0.014503 0.004975 0.033515 0.019757 0.305327 0.927085 0.001455 0.019076
0.501705 0.322729 0.515341 0.304547 0.483523 0.309093 0.535795 0.297729 0.456250 0.302275 0.578976 0.372729 0.419887 0.377274 0.631249 0.484091 0.376706 0.477273 0.585795 0.568181 0.440342 0.384092 0.551704 0.624999 0.449432 0.624999 0.549431 0.809088 0.458523 0.813633 0.542613 0.961359 0.472159 0.993177 0.010314 0.008802 0.030349 0.022457 0.297432 0.939030 0.001447 0.019258
0.500000 0.323893 0.511362 0.303442 0.479549 0.310259 0.531813 0.294352 0.452281 0.305714 0.577260 0.371612 0.418195 0.378429 0.631796 0.482957 0.377293 0.480685 0.586349 0.567034 0.438646 0.387519 0.552264 0.623843 0.452281 0.626116 0.549992 0.807904 0.461370 0.814721 0.545447 0.957879 0.475004 0.991964 0.005712 0.009109 0.027512 0.028202 0.302714 0.935750 0.005787 0.019258
0.495537 0.323724 0.508925 0.303642 0.477687 0.310336 0.526776 0.292485 0.448679 0.305873 0.573634 0.370582 0.419672 0.379507 0.627187 0.477687 0.379507 0.479918 0.584791 0.560246 0.439754 0.388433 0.553552 0.622724 0.453142 0.627187 0.551321 0.801231 0.464299 0.810157 0.546858 0.946269 0.477687 0.981970 0.005812 0.005368 0.021320 0.023371 0.298590 0.935750 0.008524 0.023364
0.493896 0.325209 0.504994 0.305233 0.473920 0.311891 0.522751 0.294135 0.447285 0.307452 0.571581 0.369600 0.416211 0.380698 0.627070 0.476140 0.378478 0.480579 0.587118 0.556044 0.438407 0.387357 0.556044 0.622631 0.456163 0.627070 0.553825 0.800197 0.465042 0.811295 0.549385 0.940030 0.480579 0.982202 0.006123 0.013530 0.015542 0.035844 0.300428 0.933112 0.015549 0.019307
0.491677 0.321879 0.502774 0.301903 0.471700 0.308562 0.520531 0.293025 0.445066 0.306342 0.571581 0.368490 0.416211 0.381808 0.624851 0.472810 0.378478 0.479469 0.587118 0.552715 0.438407 0.386247 0.556044 0.621522 0.456163 0.628180 0.558264 0.799087 0.467261 0.812405 0.551605 0.934481 0.482798 0.981092 0.019621 0.010083 0.023500 0.032020 0.290713 0.935497 0.015549 0.015174
