0.431266 0.300046 0.445548 0.282193 0.420554 0.289334 0.495537 0.278622 0.438407 0.296475 0.520531 0.371458 0.484825 0.378599 0.463401 0.460723 0.434836 0.467865 0.349142 0.421447 0.334859 0.414305 0.495537 0.624971 0.499107 0.624971 0.409842 0.796361 0.527672 0.814214 0.409842 0.999885 0.666926 0.957038 0.147584 0.198284 0.116302 0.029255 0.424173 0.494054 0.006819 0.195270
0.435312 0.296053 0.449687 0.278084 0.424531 0.285272 0.500000 0.278084 0.442500 0.296053 0.525156 0.371523 0.485625 0.378710 0.464062 0.457773 0.435312 0.464961 0.352655 0.414648 0.338280 0.411054 0.496406 0.623087 0.492812 0.626681 0.420937 0.802776 0.507188 0.820745 0.431718 1.000000 0.661720 0.939339 0.143307 0.268108 0.090348 0.014312 0.421389 0.493323 0.013732 0.150104
0.435868 0.301455 0.449924 0.283884 0.428840 0.290913 0.499121 0.283884 0.446410 0.297941 0.523720 0.371736 0.492093 0.378764 0.463981 0.459588 0.439382 0.466616 0.348016 0.417419 0.337474 0.410391 0.492093 0.624750 0.492093 0.624750 0.432354 0.807482 0.485065 0.814510 0.446410 1.000000 0.636170 0.919932 0.123686 0.317881 0.060993 0.011784 0.420930 0.488460 0.020148 0.088793
0.436776 0.301548 0.450826 0.283986 0.426239 0.287498 0.496488 0.283986 0.447314 0.298035 0.524587 0.371796 0.492975 0.378821 0.457851 0.459607 0.443801 0.470144 0.348966 0.417458 0.348966 0.413946 0.500000 0.624691 0.482438 0.624691 0.447314 0.807337 0.468388 0.807337 0.461363 1.000000 0.612398 0.919735 0.112091 0.313484 0.058544 0.010803 0.410702 0.513055 0.022379 0.064956
0.435415 0.300937 0.449571 0.279704 0.428337 0.286781 0.495576 0.283243 0.442493 0.297398 0.523888 0.371715 0.492037 0.378793 0.456648 0.456648 0.438954 0.467265 0.343404 0.417721 0.346943 0.414182 0.502654 0.622977 0.481421 0.626516 0.453110 0.806999 0.456648 0.803460 0.477882 1.000000 0.591127 0.930861 0.121946 0.302876 0.056878 0.030642 0.392238 0.494544 0.020290 0.039438
0.437185 0.299168 0.451340 0.281473 0.430107 0.285012 0.497346 0.281473 0.444262 0.299168 0.522118 0.369946 0.493807 0.380562 0.451340 0.454879 0.437185 0.465496 0.341634 0.415951 0.341634 0.412412 0.511501 0.624746 0.472574 0.624746 0.465496 0.812308 0.433646 0.798152 0.497346 1.000000 0.553968 0.939708 0.127288 0.294539 0.063309 0.042682 0.387395 0.474247 0.020290 0.006272
0.438905 0.295465 0.453072 0.277756 0.431822 0.284839 0.499115 0.277756 0.445989 0.295465 0.520365 0.369841 0.492031 0.380466 0.449530 0.451301 0.456614 0.493802 0.339736 0.412342 0.403488 0.554012 0.513282 0.624846 0.474322 0.624846 0.481406 0.812558 0.424738 0.794850 0.513282 1.000000 0.534532 0.957770 0.103390 0.279093 0.044702 0.067309 0.380709 0.133720 0.015789 0.036793
0.442398 0.300138 0.456362 0.279191 0.431925 0.286174 0.501746 0.282682 0.449380 0.296647 0.522692 0.369959 0.491272 0.380432 0.452871 0.450253 0.470326 0.509600 0.341157 0.408360 0.442398 0.607350 0.512219 0.624805 0.473817 0.624805 0.498254 0.809830 0.428434 0.792375 0.533165 1.000000 0.480799 0.970418 0.081227 0.175242 0.010904 0.061491 0.386372 0.037413 0.017789 0.060211
0.441909 0.297115 0.455781 0.279774 0.434973 0.286710 0.500867 0.279774 0.448845 0.297115 0.521676 0.369945 0.490463 0.380350 0.448845 0.446244 0.476590 0.512138 0.341333 0.404627 0.445377 0.602310 0.514740 0.626587 0.473122 0.623119 0.511271 0.806929 0.424568 0.789589 0.549421 0.997676 0.452313 0.966463 0.068953 0.139862 0.002481 0.067637 0.374964 0.072692 0.015461 0.084214
0.442309 0.297649 0.456086 0.280428 0.431976 0.287317 0.500861 0.280428 0.449197 0.294205 0.521527 0.369979 0.490528 0.380312 0.445753 0.442309 0.476751 0.511194 0.338981 0.400977 0.442309 0.604189 0.514638 0.624855 0.473307 0.624855 0.524971 0.807401 0.425087 0.793624 0.569746 0.986502 0.418199 0.962393 0.059981 0.075600 0.026599 0.066206 0.360161 0.079523 0.015355 0.106584
0.441360 0.303685 0.454958 0.286688 0.431162 0.290087 0.499150 0.286688 0.448159 0.300286 0.519547 0.368273 0.488952 0.381871 0.444760 0.443060 0.485553 0.517847 0.342778 0.402267 0.444760 0.602832 0.516147 0.626627 0.475354 0.623228 0.536543 0.803396 0.427763 0.789798 0.587534 0.976765 0.393769 0.952969 0.054487 0.023206 0.040754 0.070672 0.371119 0.134494 0.010823 0.125152
0.441360 0.301985 0.454958 0.284988 0.434562 0.291787 0.499150 0.284988 0.448159 0.301985 0.519547 0.366574 0.488952 0.383571 0.444760 0.441360 0.482153 0.516147 0.342778 0.397168 0.444760 0.601132 0.516147 0.624928 0.475354 0.624928 0.543342 0.798297 0.427763 0.788099 0.607931 0.971666 0.386970 0.947870 0.063988 0.010764 0.053715 0.072420 0.380159 0.115632 0.010823 0.139862
0.438864 0.301094 0.452641 0.283872 0.431976 0.290761 0.500861 0.283872 0.452641 0.301094 0.518082 0.369979 0.493973 0.380312 0.442309 0.442309 0.473307 0.497417 0.338981 0.394089 0.438864 0.555969 0.518082 0.624855 0.469863 0.624855 0.545637 0.807401 0.421643 0.786735 0.624855 0.976170 0.394089 0.958948 0.092006 0.041650 0.047687 0.060870 0.381582 0.113653 0.015355 0.139839
0.438488 0.300736 0.448884 0.283409 0.431557 0.290340 0.497401 0.283409 0.452350 0.300736 0.521659 0.370045 0.493935 0.380442 0.445419 0.439354 0.487005 0.512129 0.337990 0.390838 0.455815 0.602231 0.518194 0.623024 0.466212 0.626489 0.545917 0.803228 0.421161 0.789366 0.642950 0.973035 0.403833 0.962639 0.116660 0.054170 0.052950 0.050180 0.369879 0.089337 0.019869 0.134485
0.441490 0.307511 0.451666 0.290552 0.434706 0.297335 0.499152 0.290552 0.455058 0.307511 0.522895 0.371957 0.495760 0.378740 0.448274 0.439794 0.468625 0.487280 0.343126 0.395700 0.404179 0.500848 0.516111 0.622956 0.465233 0.626347 0.536463 0.802725 0.427923 0.782374 0.651787 0.955360 0.427923 0.951968 0.170079 0.074715 0.044483 0.035668 0.361248 0.355973 0.023775 0.110597
0.442369 0.307613 0.455929 0.290662 0.435588 0.297442 0.503390 0.290662 0.455929 0.307613 0.523731 0.372024 0.496610 0.378805 0.455929 0.439826 0.452539 0.460167 0.347446 0.395755 0.350836 0.402535 0.513560 0.622891 0.466099 0.626281 0.520341 0.802565 0.435588 0.789005 0.652554 0.944948 0.442369 0.958509 0.226210 0.071724 0.024903 0.019951 0.372830 0.506088 0.025927 0.071004
0.441579 0.306695 0.455325 0.289513 0.434706 0.299822 0.500000 0.289513 0.451889 0.310132 0.524056 0.371989 0.496563 0.378862 0.455325 0.440720 0.462198 0.478522 0.345356 0.399482 0.386595 0.468212 0.510310 0.622856 0.469071 0.626292 0.500000 0.808428 0.441579 0.794682 0.651207 0.935580 0.458762 0.973382 0.295106 0.082027 0.000250 0.016291 0.364200 0.437442 0.026283 0.033849
0.438099 0.304569 0.452248 0.286883 0.431024 0.293957 0.498231 0.286883 0.448710 0.308106 0.522992 0.368239 0.494694 0.382388 0.455785 0.442520 0.477008 0.499116 0.342594 0.400074 0.441636 0.562786 0.508843 0.622918 0.473471 0.626455 0.477008 0.813928 0.445173 0.806853 0.636183 0.937730 0.469934 0.990788 0.342152 0.092121 0.034903 0.021918 0.380102 0.113550 0.022538 0.003040
0.438520 0.307540 0.449212 0.286156 0.427828 0.296848 0.495545 0.286156 0.445648 0.307540 0.524058 0.368129 0.491981 0.382386 0.456340 0.442975 0.470596 0.514256 0.342290 0.407334 0.438520 0.621178 0.506237 0.624743 0.477725 0.624743 0.463468 0.810074 0.456340 0.813638 0.620287 0.931253 0.481289 0.995406 0.362780 0.079301 0.050123 0.017180 0.362314 0.041601 0.020435 0.036310
0.434490 0.308854 0.445258 0.290905 0.423721 0.298085 0.491923 0.287316 0.441669 0.305264 0.527819 0.366287 0.488334 0.384235 0.463207 0.445258 0.477565 0.524230 0.344750 0.412952 0.434490 0.617560 0.509871 0.624739 0.473975 0.624739 0.456027 0.807809 0.463207 0.814988 0.599612 0.937034 0.495513 1.000000 0.357791 0.072550 0.068984 0.000979 0.366476 0.113202 0.020581 0.073055
0.432695 0.316033 0.443464 0.294495 0.421926 0.301674 0.486539 0.287316 0.439874 0.308854 0.529614 0.366287 0.486539 0.384235 0.468591 0.452438 0.475770 0.520640 0.353724 0.427310 0.425516 0.610380 0.504487 0.624739 0.479360 0.624739 0.432695 0.807809 0.490129 0.811398 0.569100 0.947803 0.511666 0.990879 0.364827 0.019672 0.088111 0.027843 0.372377 0.137416 0.020581 0.137305
0.425516 0.323212 0.436284 0.301674 0.418336 0.312443 0.479360 0.287316 0.439874 0.312443 0.526025 0.362698 0.490129 0.387825 0.472181 0.456027 0.479360 0.520640 0.353724 0.434490 0.418336 0.599612 0.500897 0.624739 0.482949 0.624739 0.425516 0.800629 0.493718 0.807809 0.533204 0.965751 0.529614 0.983699 0.312833 0.045379 0.098451 0.028345 0.390685 0.183660 0.020581 0.147584
0.421297 0.333547 0.428534 0.311836 0.410441 0.319073 0.471956 0.293743 0.435771 0.319073 0.526234 0.362496 0.486430 0.387825 0.475575 0.456578 0.482812 0.521711 0.356163 0.442103 0.417678 0.590463 0.500905 0.623030 0.486430 0.626649 0.424915 0.803957 0.497286 0.814813 0.504523 0.992121 0.540709 1.000000 0.253969 0.053849 0.095719 0.018344 0.381169 0.232798 0.016133 0.144913
0.413126 0.338920 0.420365 0.317202 0.402266 0.328061 0.463802 0.291863 0.434844 0.317202 0.518099 0.364259 0.492760 0.385977 0.485521 0.461992 0.481901 0.527148 0.362449 0.454753 0.402266 0.581445 0.492760 0.624882 0.496380 0.624882 0.416745 0.802251 0.518099 0.816730 0.452943 1.000000 0.565156 1.000000 0.186130 0.042097 0.098031 0.031060 0.416286 0.285080 0.013831 0.164763
0.410347 0.342429 0.413970 0.320695 0.399480 0.331562 0.457438 0.295338 0.428459 0.324317 0.515395 0.364163 0.490039 0.385897 0.490039 0.465588 0.479172 0.527167 0.370502 0.461966 0.395858 0.570635 0.493661 0.624970 0.500906 0.624970 0.417592 0.802465 0.533507 0.816954 0.406725 1.000000 0.584219 1.000000 0.111845 0.031737 0.102416 0.039083 0.431664 0.322492 0.006919 0.182423
0.403986 0.347826 0.407609 0.326087 0.393116 0.336957 0.451087 0.300725 0.425725 0.326087 0.512681 0.365942 0.487319 0.384058 0.490942 0.471014 0.483696 0.525362 0.367754 0.471014 0.403986 0.561594 0.494565 0.623188 0.505435 0.626812 0.422101 0.807971 0.541667 0.818841 0.378623 1.000000 0.599638 1.000000 0.049356 0.039221 0.096582 0.035650 0.435059 0.356040 0.000005 0.178322
0.401291 0.351484 0.404914 0.329750 0.394047 0.340617 0.444759 0.304394 0.426648 0.326128 0.509961 0.365974 0.484605 0.384085 0.495472 0.474644 0.473738 0.528979 0.375935 0.485511 0.386802 0.550713 0.499094 0.623159 0.506339 0.626782 0.426648 0.807898 0.553429 0.815143 0.368690 0.999882 0.622254 0.992637 0.025636 0.039766 0.105519 0.049550 0.428950 0.398192 0.006919 0.196940
0.401502 0.351341 0.401502 0.329452 0.390558 0.340396 0.441631 0.303916 0.423390 0.325804 0.507296 0.365933 0.485408 0.384173 0.496352 0.479024 0.474463 0.530097 0.375965 0.489968 0.383261 0.548337 0.500000 0.624947 0.507296 0.624947 0.427038 0.807351 0.554721 0.818295 0.375965 1.000000 0.642275 0.989755 0.040372 0.073717 0.112155 0.047706 0.440434 0.413338 0.009291 0.197683
0.399731 0.351420 0.399731 0.329543 0.388793 0.340481 0.439839 0.304020 0.421608 0.329543 0.505469 0.366004 0.483592 0.384235 0.498177 0.486327 0.469008 0.530081 0.381500 0.497265 0.381500 0.530081 0.501823 0.624880 0.509115 0.624880 0.428900 0.807187 0.552869 0.814480 0.388793 1.000000 0.658607 0.982202 0.057153 0.106856 0.116636 0.038558 0.450978 0.468274 0.013931 0.193311
0.396277 0.349464 0.396277 0.327434 0.385262 0.338449 0.440336 0.301733 0.418307 0.327434 0.506425 0.367822 0.480724 0.382508 0.499082 0.485314 0.462366 0.529373 0.388934 0.503672 0.370576 0.511015 0.502754 0.624835 0.510097 0.624835 0.425650 0.804744 0.539470 0.815758 0.403620 1.000000 0.664305 0.973638 0.094906 0.164373 0.124334 0.010194 0.427563 0.523250 0.016369 0.177471
0.396210 0.347529 0.399884 0.325486 0.388862 0.336507 0.443972 0.299768 0.418254 0.325486 0.510103 0.365899 0.480712 0.384269 0.499081 0.487141 0.462342 0.527555 0.388862 0.505511 0.374166 0.516533 0.506429 0.623079 0.502755 0.626753 0.432950 0.806778 0.521125 0.821474 0.429276 1.000000 0.668085 0.964760 0.115435 0.224088 0.116572 0.001079 0.418574 0.498996 0.011697 0.151060
0.399678 0.353165 0.399678 0.331276 0.388734 0.342221 0.443455 0.302092 0.417918 0.327628 0.509120 0.367757 0.483584 0.382349 0.498176 0.488144 0.468991 0.524625 0.388734 0.510032 0.385085 0.524625 0.505472 0.623123 0.501824 0.626771 0.439807 0.812823 0.494528 0.823767 0.447103 1.000000 0.651395 0.940506 0.117438 0.308139 0.101528 0.035495 0.408309 0.467467 0.009291 0.094291
0.400778 0.351167 0.400778 0.329118 0.389754 0.343818 0.444877 0.299719 0.419153 0.329118 0.511025 0.369542 0.481626 0.380566 0.496325 0.490813 0.470601 0.523887 0.386079 0.509187 0.382404 0.516537 0.511025 0.623109 0.496325 0.626783 0.452227 0.814202 0.485300 0.821552 0.466926 1.000000 0.635971 0.935473 0.117713 0.311927 0.095015 0.036979 0.409036 0.502027 0.009359 0.077017
0.400778 0.347492 0.404453 0.325443 0.389754 0.336468 0.444877 0.299719 0.419153 0.329118 0.507350 0.365867 0.485300 0.384241 0.488975 0.483463 0.474276 0.512862 0.382404 0.501837 0.393428 0.516537 0.511025 0.623109 0.496325 0.626783 0.459576 0.814202 0.466926 0.806853 0.488975 1.000000 0.613921 0.931799 0.128881 0.327267 0.088261 0.065973 0.396316 0.458324 0.009359 0.032199
0.408769 0.349469 0.408769 0.327573 0.397821 0.334872 0.448911 0.298379 0.427015 0.327573 0.510948 0.367715 0.485403 0.382312 0.489052 0.484491 0.474455 0.510035 0.386873 0.502737 0.390523 0.510035 0.518246 0.623162 0.485403 0.626811 0.485403 0.820221 0.441612 0.801975 0.510948 1.000000 0.583933 0.933348 0.093602 0.340705 0.061661 0.077979 0.384754 0.472783 0.004647 0.025411
0.409824 0.351789 0.409824 0.333933 0.399110 0.341075 0.449108 0.301791 0.427680 0.330361 0.513393 0.369646 0.484822 0.380360 0.488393 0.487500 0.477679 0.505357 0.388396 0.508928 0.395538 0.505357 0.520535 0.623211 0.481250 0.626782 0.506250 0.816063 0.431252 0.798207 0.527678 1.000000 0.559820 0.941060 0.058123 0.323597 0.032500 0.085722 0.366273 0.481831 0.002273 0.066799
0.414894 0.353723 0.414894 0.332447 0.404255 0.343085 0.450355 0.304078 0.432624 0.328901 0.514184 0.371454 0.485816 0.378546 0.489362 0.492021 0.478723 0.502660 0.390071 0.509752 0.400709 0.506206 0.521277 0.623227 0.478723 0.626773 0.517730 0.814716 0.429078 0.793440 0.556738 1.000000 0.514184 0.963652 0.069860 0.239735 0.014858 0.083060 0.379120 0.467372 0.000005 0.086258
0.412236 0.353727 0.412236 0.332451 0.401598 0.343089 0.451242 0.304083 0.429966 0.332451 0.515071 0.371457 0.486702 0.378549 0.486702 0.495568 0.479610 0.502659 0.394506 0.509752 0.405144 0.506205 0.522163 0.623224 0.476064 0.626770 0.522163 0.814708 0.419328 0.793432 0.571807 1.000000 0.479610 0.974279 0.080747 0.206860 0.008964 0.090810 0.379882 0.466684 0.002256 0.104444
0.415501 0.353888 0.415501 0.332763 0.404939 0.343325 0.450709 0.304597 0.429584 0.329242 0.517604 0.371492 0.485917 0.378533 0.482396 0.494719 0.478875 0.501760 0.394377 0.508802 0.411981 0.501760 0.524645 0.624988 0.471834 0.624988 0.535208 0.811589 0.422543 0.793985 0.588019 1.000000 0.440147 0.977065 0.068247 0.120847 0.009158 0.072165 0.360913 0.481831 0.004483 0.108333
0.413732 0.348592 0.413732 0.330986 0.403169 0.341549 0.448944 0.302817 0.431338 0.327465 0.515845 0.373239 0.484155 0.376761 0.480634 0.489437 0.473592 0.500000 0.392606 0.507042 0.403169 0.507042 0.526408 0.623239 0.473592 0.626761 0.544014 0.809859 0.424296 0.802817 0.607394 0.992958 0.403169 0.978873 0.076134 0.048886 0.016499 0.073460 0.343509 0.441057 0.000005 0.116842
0.414065 0.348962 0.414065 0.331601 0.403648 0.342018 0.448786 0.303824 0.427953 0.328129 0.514757 0.373267 0.483507 0.376739 0.476563 0.491320 0.473091 0.498264 0.393232 0.505208 0.403648 0.501736 0.525173 0.623261 0.476563 0.626733 0.552950 0.807284 0.427953 0.796868 0.622393 0.980891 0.382815 0.967003 0.073432 0.006038 0.034431 0.079746 0.347832 0.456881 0.002213 0.136272
0.414939 0.348973 0.414939 0.331613 0.404523 0.342029 0.449658 0.303838 0.432298 0.328142 0.512152 0.373276 0.484377 0.376748 0.477433 0.491320 0.480905 0.494792 0.390636 0.505208 0.411467 0.498264 0.526039 0.623252 0.477433 0.626724 0.560758 0.803790 0.428826 0.796846 0.640611 0.970441 0.380220 0.966969 0.081759 0.000001 0.042809 0.079746 0.358445 0.474738 0.004420 0.149061
0.412587 0.352273 0.412587 0.331294 0.402098 0.341783 0.451049 0.303322 0.430070 0.327797 0.513986 0.373252 0.486014 0.376748 0.475524 0.495629 0.479021 0.495629 0.388112 0.506119 0.412587 0.499126 0.524476 0.625000 0.475524 0.625000 0.559441 0.806818 0.426573 0.796329 0.660839 0.971154 0.395105 0.978147 0.115500 0.034034 0.047220 0.075144 0.365056 0.464560 0.000005 0.149061
0.414615 0.348595 0.414615 0.330990 0.404052 0.341553 0.449825 0.302822 0.432220 0.327469 0.513204 0.373243 0.488557 0.376764 0.474472 0.492958 0.485036 0.496479 0.389968 0.507042 0.414615 0.500000 0.523767 0.623236 0.474472 0.626757 0.558977 0.809851 0.425178 0.802809 0.678693 0.968298 0.407573 0.982382 0.146601 0.055794 0.045919 0.068987 0.347832 0.474738 0.002243 0.146262
0.411094 0.352116 0.411094 0.330990 0.400531 0.341553 0.449825 0.306343 0.432220 0.327469 0.513204 0.373243 0.488557 0.376764 0.474472 0.489437 0.485036 0.500000 0.389968 0.507042 0.411094 0.503521 0.523767 0.623236 0.474472 0.626757 0.544893 0.816894 0.428699 0.802809 0.678693 0.957735 0.428699 0.985903 0.207252 0.080968 0.021146 0.063054 0.332204 0.475762 0.002243 0.115556
0.414081 0.355934 0.414081 0.335105 0.403667 0.345520 0.452267 0.307333 0.434910 0.331634 0.511282 0.373291 0.493925 0.376763 0.476568 0.487850 0.486982 0.498264 0.393252 0.508679 0.407138 0.505207 0.518225 0.623237 0.476568 0.626709 0.525168 0.814168 0.441853 0.800282 0.670970 0.939141 0.448796 0.980798 0.262867 0.075070 0.002730 0.040764 0.328363 0.454221 0.006631 0.074403
0.413801 0.357772 0.413801 0.337084 0.403457 0.347428 0.451729 0.309501 0.434489 0.333637 0.513792 0.371564 0.489656 0.378460 0.475864 0.485346 0.482760 0.502586 0.396562 0.509482 0.406905 0.509482 0.517240 0.623264 0.479312 0.626712 0.503448 0.816349 0.448281 0.802557 0.658606 0.926684 0.465521 0.985299 0.325936 0.085540 0.027058 0.042344 0.303542 0.453476 0.004390 0.032902
0.411094 0.357398 0.411094 0.339793 0.400531 0.350356 0.446304 0.308103 0.432220 0.336272 0.509683 0.371482 0.488557 0.378524 0.474472 0.484155 0.477993 0.505282 0.389968 0.508803 0.400531 0.512324 0.516725 0.624997 0.485036 0.624997 0.481515 0.818654 0.453346 0.811612 0.639961 0.934848 0.477993 1.000000 0.355839 0.094575 0.066089 0.048995 0.313254 0.444677 0.002243 0.003708
0.408273 0.353417 0.408273 0.331835 0.397482 0.342626 0.447842 0.306655 0.426259 0.331835 0.512590 0.367806 0.487410 0.382194 0.480216 0.479317 0.473022 0.508094 0.390288 0.508094 0.397482 0.511691 0.516187 0.623201 0.483813 0.626799 0.469424 0.821043 0.458633 0.821043 0.624101 0.950540 0.494604 1.000000 0.352012 0.100394 0.078364 0.036353 0.311478 0.448633 0.000005 0.032847
0.409175 0.351623 0.409175 0.330040 0.398384 0.340831 0.448742 0.304861 0.427160 0.333637 0.509892 0.366011 0.488310 0.383996 0.477519 0.473922 0.477519 0.502698 0.387593 0.506295 0.401981 0.509892 0.506295 0.624997 0.495504 0.624997 0.441548 0.815639 0.484713 0.822833 0.589026 0.948729 0.502698 1.000000 0.370524 0.046734 0.099794 0.026844 0.297233 0.440918 0.002291 0.086870
