0.589962 0.323893 0.592143 0.308627 0.583419 0.304265 0.546344 0.306446 0.544163 0.295541 0.483098 0.374054 0.504907 0.376234 0.476555 0.513631 0.524535 0.513631 0.596504 0.502726 0.616132 0.491822 0.513631 0.622675 0.498364 0.627037 0.572515 0.797146 0.483098 0.818955 0.539801 0.986884 0.459108 1.000000 0.157955 0.013446 0.064713 0.016965 0.543768 0.529236 0.015278 0.128875
0.589434 0.319495 0.591616 0.304226 0.582890 0.299863 0.543627 0.302045 0.541445 0.293319 0.482549 0.374028 0.506544 0.376210 0.482549 0.511452 0.528357 0.511452 0.598160 0.498364 0.619973 0.489639 0.513088 0.622700 0.497819 0.627062 0.571984 0.797206 0.476005 0.816838 0.571984 0.991344 0.449829 1.000000 0.103609 0.006234 0.064713 0.025361 0.535882 0.523501 0.013891 0.140036
0.586540 0.315966 0.590921 0.300630 0.582158 0.296248 0.542722 0.298439 0.540531 0.289676 0.483568 0.372929 0.505477 0.377311 0.490141 0.508763 0.529577 0.510954 0.604067 0.497809 0.623784 0.489046 0.512050 0.622689 0.498905 0.627071 0.569013 0.806723 0.470423 0.819868 0.599685 0.992947 0.435369 1.000000 0.043587 0.010564 0.059405 0.038311 0.515123 0.515943 0.013952 0.142233
0.586008 0.312646 0.590390 0.299498 0.579434 0.295116 0.542182 0.297307 0.537799 0.288542 0.483018 0.374002 0.507122 0.376193 0.498357 0.507669 0.533417 0.507669 0.607920 0.494522 0.627642 0.485757 0.511504 0.623807 0.498357 0.625998 0.564095 0.807874 0.463296 0.818831 0.618877 0.989750 0.426044 1.000000 0.004541 0.004175 0.052443 0.046085 0.501647 0.509900 0.012558 0.145835
0.582856 0.313029 0.587217 0.297767 0.576315 0.295586 0.541428 0.297767 0.534887 0.291225 0.482557 0.374081 0.504361 0.376261 0.497820 0.507086 0.532706 0.507086 0.609021 0.491823 0.626464 0.483102 0.513083 0.622648 0.500000 0.627009 0.563232 0.807984 0.458572 0.814525 0.622103 0.986778 0.410603 1.000000 0.017134 0.008766 0.045221 0.063677 0.507050 0.511801 0.016665 0.153329
0.579057 0.311898 0.583419 0.296632 0.572515 0.294451 0.539801 0.298813 0.531078 0.290089 0.487460 0.375144 0.500545 0.375144 0.502726 0.505997 0.528897 0.503817 0.609590 0.488550 0.624856 0.479827 0.515811 0.623766 0.496183 0.625947 0.563791 0.806960 0.452566 0.811322 0.609590 0.992336 0.395862 1.000000 0.004437 0.017886 0.045393 0.068023 0.514545 0.508946 0.015278 0.155094
0.576946 0.310382 0.579145 0.294993 0.568152 0.292795 0.537374 0.294993 0.526382 0.288398 0.486809 0.374138 0.497802 0.376336 0.502198 0.506046 0.526382 0.503847 0.607725 0.486260 0.620916 0.479664 0.519786 0.624763 0.495603 0.624763 0.563756 0.811633 0.447237 0.813831 0.598931 1.000000 0.379084 1.000000 0.015007 0.030406 0.031915 0.076902 0.522029 0.509533 0.019607 0.153277
0.572715 0.309739 0.574902 0.296617 0.563967 0.292243 0.537724 0.296617 0.522416 0.290056 0.487425 0.375346 0.493986 0.375346 0.502734 0.504374 0.520229 0.502187 0.603332 0.489065 0.614266 0.482505 0.522416 0.624654 0.496173 0.624654 0.559593 0.810542 0.448061 0.810542 0.585836 1.000000 0.369332 1.000000 0.019203 0.044269 0.018448 0.083409 0.510480 0.500734 0.023690 0.143450
0.569958 0.309802 0.572144 0.294499 0.561213 0.292313 0.539351 0.294499 0.517489 0.287941 0.491255 0.375388 0.489069 0.375388 0.504372 0.504372 0.515303 0.500000 0.602750 0.486883 0.611495 0.480324 0.524048 0.624612 0.495628 0.624612 0.554654 0.810438 0.449718 0.810438 0.572144 1.000000 0.360084 0.996263 0.022773 0.065961 0.010317 0.085472 0.523744 0.498175 0.025078 0.129058
0.568341 0.310832 0.570528 0.295524 0.557406 0.293337 0.539911 0.297711 0.515855 0.288963 0.496173 0.376439 0.485238 0.374253 0.507107 0.503280 0.509294 0.498907 0.601145 0.487972 0.605519 0.483598 0.524603 0.625747 0.493986 0.623561 0.546472 0.813822 0.456808 0.811635 0.553033 1.000000 0.351837 0.993149 0.026000 0.104776 0.000706 0.073285 0.523994 0.489537 0.023690 0.098968
0.567839 0.310271 0.570045 0.294827 0.556809 0.292621 0.541365 0.297034 0.514892 0.288209 0.497242 0.376455 0.484005 0.374249 0.508273 0.504412 0.506067 0.500000 0.600932 0.486763 0.603138 0.484557 0.523716 0.625751 0.495036 0.623545 0.541365 0.819893 0.472975 0.815480 0.539159 1.000000 0.353842 0.991973 0.032475 0.152569 0.004818 0.050503 0.532540 0.494938 0.023899 0.065285
0.567295 0.311574 0.571781 0.295872 0.558322 0.295872 0.535891 0.298115 0.513459 0.291385 0.497757 0.376626 0.479811 0.374383 0.508973 0.502243 0.504486 0.506729 0.603186 0.479811 0.603186 0.484298 0.524675 0.623374 0.497757 0.625617 0.538134 0.825259 0.488784 0.825259 0.524675 1.000000 0.356437 0.991254 0.043107 0.199955 0.013399 0.036994 0.546057 0.512463 0.028599 0.035486
0.570261 0.308067 0.572546 0.292073 0.561122 0.292073 0.535987 0.294358 0.515423 0.287503 0.499429 0.376615 0.478865 0.374330 0.508568 0.502285 0.503999 0.506855 0.606820 0.477151 0.604535 0.484006 0.522278 0.623385 0.499429 0.625670 0.533702 0.833598 0.513138 0.829028 0.513138 1.000000 0.366904 0.986687 0.050473 0.259466 0.012107 0.004559 0.556609 0.511474 0.027673 0.004146
0.570538 0.308295 0.572814 0.292367 0.559161 0.292367 0.540958 0.296918 0.513653 0.290091 0.502275 0.376558 0.477246 0.374282 0.511377 0.503982 0.500000 0.506257 0.606945 0.476677 0.602394 0.483503 0.522754 0.622304 0.497725 0.626855 0.525030 0.833920 0.525030 0.829369 0.502275 1.000000 0.379402 0.979547 0.040270 0.287764 0.023042 0.016908 0.565888 0.515258 0.026104 0.039238
0.571404 0.310352 0.575973 0.292073 0.562264 0.292073 0.541700 0.296642 0.516566 0.289788 0.500571 0.376615 0.477722 0.374330 0.507426 0.504570 0.500571 0.506855 0.607962 0.477151 0.603392 0.484006 0.518851 0.623385 0.502856 0.625670 0.509711 0.833598 0.543985 0.826743 0.500571 1.000000 0.400035 0.979832 0.000615 0.304432 0.037366 0.032497 0.567715 0.515258 0.027673 0.078054
0.571289 0.311751 0.575745 0.296157 0.562378 0.293929 0.549012 0.298384 0.515595 0.289473 0.502228 0.376357 0.482178 0.374130 0.508911 0.516708 0.495544 0.503342 0.584656 0.572403 0.602479 0.483292 0.511139 0.623643 0.504456 0.625870 0.506683 0.821917 0.562378 0.810778 0.488861 1.000000 0.433166 0.968951 0.022374 0.314660 0.018618 0.068534 0.283038 0.526186 0.019869 0.103781
0.571668 0.309827 0.576182 0.294026 0.562639 0.291769 0.553610 0.296283 0.515236 0.287254 0.501693 0.377544 0.481378 0.373030 0.508465 0.533294 0.492664 0.508465 0.571668 0.628099 0.601012 0.483635 0.508465 0.623584 0.508465 0.625842 0.501693 0.819965 0.569410 0.813193 0.465577 1.000000 0.467834 1.000000 0.048941 0.258250 0.019730 0.066135 0.173336 0.545243 0.021572 0.111082
0.573000 0.305912 0.577635 0.289689 0.561413 0.289689 0.552143 0.294324 0.515064 0.285054 0.501159 0.377753 0.477984 0.373118 0.510429 0.528389 0.489571 0.507532 0.579953 0.621088 0.600810 0.482040 0.510429 0.623405 0.510429 0.625723 0.489571 0.834296 0.573000 0.818073 0.457127 1.000000 0.494206 1.000000 0.019408 0.217469 0.043385 0.059449 0.185269 0.544335 0.026587 0.131489
0.570588 0.309298 0.575142 0.295636 0.561480 0.293359 0.552372 0.297913 0.515939 0.288805 0.502277 0.377609 0.479507 0.373055 0.513662 0.527894 0.488615 0.507400 0.591081 0.600759 0.597913 0.484630 0.504554 0.623529 0.513662 0.625806 0.484061 0.826185 0.572865 0.817077 0.452182 1.000000 0.534156 1.000000 0.018139 0.151912 0.035027 0.052792 0.235574 0.543832 0.023214 0.127627
0.569365 0.312206 0.573877 0.296416 0.560342 0.294160 0.549063 0.298672 0.512971 0.291904 0.503948 0.377624 0.476878 0.373112 0.515226 0.524250 0.488157 0.508459 0.596435 0.582900 0.594179 0.483646 0.503948 0.623504 0.515226 0.625760 0.472367 0.822013 0.571621 0.815245 0.438530 1.000000 0.567109 1.000000 0.003520 0.098922 0.050219 0.044129 0.276465 0.546716 0.024437 0.142297
0.569766 0.309000 0.574341 0.295275 0.560617 0.292988 0.546892 0.297563 0.514868 0.288413 0.505719 0.377623 0.475982 0.373048 0.519443 0.524018 0.489707 0.508006 0.610940 0.567479 0.594928 0.485132 0.505719 0.624665 0.512581 0.624665 0.466832 0.825958 0.572054 0.819096 0.427946 1.000000 0.599503 1.000000 0.000688 0.053203 0.060743 0.048511 0.329091 0.535878 0.023320 0.155232
0.568937 0.309848 0.573533 0.296061 0.559746 0.291465 0.543660 0.298358 0.513787 0.286869 0.506894 0.376487 0.474723 0.374189 0.520681 0.518958 0.488510 0.509766 0.610300 0.544235 0.594214 0.489085 0.509192 0.624662 0.509192 0.624662 0.458638 0.824580 0.571235 0.819984 0.412679 1.000000 0.617193 1.000000 0.006915 0.029039 0.081787 0.054371 0.381785 0.529242 0.023428 0.176741
0.567696 0.313272 0.572209 0.297476 0.560926 0.295219 0.542874 0.299732 0.515796 0.290706 0.506770 0.376455 0.475178 0.374198 0.524822 0.516360 0.490974 0.511847 0.615083 0.523130 0.599288 0.493795 0.509026 0.624674 0.509026 0.624674 0.454869 0.818736 0.569953 0.816479 0.400712 1.000000 0.624110 1.000000 0.000001 0.013151 0.089520 0.055146 0.435325 0.516200 0.023005 0.184528
0.568237 0.314462 0.572749 0.298672 0.561470 0.296416 0.543424 0.298672 0.516354 0.291904 0.505076 0.375368 0.475750 0.375368 0.516354 0.515226 0.493797 0.517482 0.604330 0.508459 0.602074 0.494924 0.507331 0.623504 0.511843 0.625760 0.455448 0.819757 0.570493 0.815245 0.387775 1.000000 0.617864 1.000000 0.025731 0.022581 0.085162 0.049979 0.498823 0.525174 0.024437 0.177816
0.569365 0.313334 0.573877 0.299800 0.562598 0.295288 0.540040 0.297544 0.517482 0.290776 0.503948 0.374240 0.476878 0.376496 0.517482 0.514099 0.497180 0.518610 0.612225 0.498308 0.607713 0.493797 0.506203 0.622376 0.512971 0.626888 0.454320 0.818629 0.569365 0.816373 0.375368 1.000000 0.605458 1.000000 0.044756 0.036677 0.085162 0.046509 0.521860 0.525125 0.024437 0.174347
0.567597 0.313545 0.572104 0.300025 0.560837 0.297772 0.542811 0.297772 0.515773 0.291012 0.500000 0.374382 0.477468 0.376635 0.513519 0.511829 0.500000 0.520842 0.608155 0.498310 0.603649 0.493804 0.506760 0.622238 0.515773 0.626745 0.457189 0.818269 0.569850 0.818269 0.364806 1.000000 0.592383 1.000000 0.068744 0.053132 0.087518 0.039221 0.513958 0.531890 0.028728 0.166435
0.568749 0.313072 0.573294 0.297163 0.559658 0.294891 0.541476 0.294891 0.516477 0.288073 0.500568 0.374434 0.475569 0.376707 0.514204 0.510795 0.500568 0.519886 0.607384 0.499432 0.605111 0.494886 0.507386 0.622157 0.516477 0.626702 0.468751 0.819880 0.564203 0.822152 0.359662 1.000000 0.577839 1.000000 0.110596 0.055727 0.070183 0.024605 0.506902 0.519691 0.030430 0.137660
0.568686 0.315512 0.573227 0.299618 0.561874 0.297347 0.541439 0.297347 0.518733 0.288265 0.498297 0.374548 0.475591 0.376819 0.514191 0.510785 0.500568 0.522139 0.605016 0.499432 0.602745 0.494891 0.511921 0.622046 0.514191 0.626587 0.482403 0.819589 0.555062 0.821860 0.362060 0.992156 0.561874 1.000000 0.146623 0.055520 0.064718 0.016868 0.502614 0.528772 0.033308 0.112889
0.572954 0.316476 0.575234 0.300517 0.563834 0.298237 0.536477 0.298237 0.522798 0.291398 0.497720 0.373471 0.474922 0.378031 0.515959 0.507979 0.504560 0.521658 0.602591 0.494300 0.602591 0.496580 0.518238 0.621970 0.509119 0.626529 0.500000 0.820312 0.547876 0.824872 0.367771 0.982178 0.547876 1.000000 0.188842 0.061425 0.055411 0.017894 0.506949 0.514945 0.034903 0.090612
0.572141 0.316213 0.574431 0.300182 0.562980 0.297891 0.537788 0.297891 0.521757 0.291021 0.498855 0.373467 0.473663 0.378048 0.512596 0.508588 0.505725 0.522329 0.597333 0.494847 0.599623 0.497137 0.524047 0.620807 0.503435 0.627678 0.521757 0.822343 0.540078 0.824633 0.379765 0.973495 0.530917 1.000000 0.236439 0.072233 0.035926 0.020766 0.518913 0.513831 0.035062 0.062168
0.573286 0.317358 0.577866 0.299036 0.566415 0.299036 0.541223 0.296746 0.525192 0.287585 0.493129 0.372322 0.479388 0.379193 0.509161 0.507443 0.509161 0.521184 0.598478 0.493702 0.603058 0.493702 0.522902 0.621952 0.504580 0.626533 0.534353 0.821198 0.536643 0.823488 0.396942 0.965480 0.518321 1.000000 0.260511 0.078977 0.019512 0.019058 0.511000 0.524843 0.035062 0.033094
0.569726 0.319500 0.574224 0.306005 0.565227 0.301506 0.535987 0.301506 0.524741 0.290260 0.491003 0.373481 0.482006 0.377980 0.506748 0.510684 0.513495 0.519681 0.596716 0.499438 0.603464 0.494939 0.524741 0.623145 0.502249 0.625394 0.556230 0.816578 0.522492 0.823325 0.419028 0.953780 0.497751 1.000000 0.301367 0.070321 0.008610 0.006456 0.503215 0.515819 0.034433 0.018925
0.571698 0.322732 0.576214 0.306924 0.567181 0.302408 0.535567 0.302408 0.526534 0.291117 0.483628 0.372412 0.488144 0.379187 0.503952 0.510162 0.519759 0.521453 0.598796 0.501129 0.607829 0.496613 0.522017 0.623072 0.506210 0.625330 0.567181 0.815018 0.517501 0.830825 0.442981 0.964059 0.488144 1.000000 0.294701 0.063134 0.025184 0.005849 0.483597 0.517902 0.036017 0.056086
0.572298 0.322643 0.574558 0.306828 0.567780 0.302309 0.533890 0.302309 0.529371 0.291013 0.479666 0.372348 0.493222 0.379126 0.495481 0.510167 0.520334 0.519204 0.594892 0.498870 0.608447 0.496611 0.520334 0.623133 0.506778 0.625392 0.574558 0.810657 0.506778 0.828732 0.461592 0.984625 0.481925 1.000000 0.272918 0.038291 0.038425 0.017504 0.499649 0.519041 0.034588 0.089598
0.571128 0.324139 0.573369 0.308458 0.566648 0.303977 0.530804 0.303977 0.530804 0.290536 0.479278 0.373425 0.494959 0.377906 0.492719 0.507841 0.521843 0.519042 0.589050 0.498880 0.604732 0.496640 0.521843 0.622094 0.503920 0.626575 0.571128 0.808036 0.497200 0.828198 0.508401 0.996218 0.463596 1.000000 0.184891 0.041962 0.028512 0.022072 0.497800 0.524109 0.032861 0.093081
0.573168 0.322709 0.577670 0.306950 0.570916 0.302447 0.530393 0.302447 0.532644 0.288939 0.478612 0.372238 0.496623 0.378992 0.492120 0.509568 0.523639 0.518573 0.588927 0.498312 0.604686 0.496060 0.521388 0.622134 0.503377 0.626637 0.573168 0.808993 0.489869 0.829255 0.539398 1.000000 0.453848 1.000000 0.139196 0.034814 0.032085 0.029868 0.505638 0.525389 0.031583 0.107237
0.573831 0.324583 0.578272 0.311260 0.571610 0.306819 0.531642 0.304599 0.533862 0.291276 0.476130 0.373433 0.498335 0.377874 0.491673 0.506661 0.524980 0.517764 0.587153 0.500000 0.604917 0.495559 0.520539 0.622126 0.504996 0.626567 0.573831 0.810866 0.482791 0.824188 0.573831 1.000000 0.445043 1.000000 0.087596 0.023809 0.031347 0.044140 0.485203 0.526332 0.032569 0.123211
0.575339 0.324208 0.579804 0.308582 0.573107 0.304118 0.532926 0.301885 0.535158 0.290724 0.474887 0.373318 0.501674 0.377783 0.490513 0.507255 0.526229 0.516184 0.588733 0.498326 0.606591 0.493861 0.517300 0.623333 0.506139 0.625566 0.573107 0.815309 0.474887 0.824238 0.604359 1.000000 0.430241 1.000000 0.038683 0.020697 0.036560 0.055399 0.491889 0.530352 0.029887 0.139714
0.576572 0.323941 0.581043 0.310527 0.574336 0.306056 0.534094 0.303820 0.536330 0.290406 0.478202 0.373126 0.502795 0.377597 0.493852 0.507266 0.527387 0.516209 0.589986 0.498323 0.610107 0.491616 0.513973 0.623520 0.505030 0.625756 0.572100 0.815788 0.471495 0.824730 0.627992 1.000000 0.420075 1.000000 0.001368 0.027350 0.048285 0.056016 0.492556 0.536091 0.024219 0.146601
0.576086 0.325773 0.580497 0.312541 0.571676 0.308130 0.534184 0.305924 0.534184 0.292692 0.481254 0.374292 0.498897 0.376497 0.496692 0.506616 0.525362 0.513232 0.589319 0.497795 0.606962 0.488973 0.516541 0.623503 0.503308 0.625708 0.569470 0.810962 0.465816 0.817578 0.633427 0.994011 0.406270 1.000000 0.019401 0.033336 0.042823 0.067058 0.493255 0.531128 0.025299 0.149020
0.573246 0.325971 0.577652 0.310551 0.568841 0.306145 0.533594 0.306145 0.531391 0.292927 0.480725 0.374435 0.496145 0.376638 0.496145 0.506609 0.522580 0.511015 0.586464 0.495594 0.604087 0.488986 0.520377 0.623362 0.502754 0.625565 0.571043 0.810609 0.460899 0.817218 0.626116 0.997855 0.388203 1.000000 0.006937 0.048186 0.033835 0.076890 0.501658 0.522193 0.029493 0.152558
0.569942 0.323768 0.574348 0.310551 0.565536 0.306145 0.532493 0.306145 0.528087 0.292927 0.484029 0.374435 0.492841 0.376638 0.495043 0.504406 0.519275 0.508812 0.587565 0.493391 0.600783 0.486783 0.523681 0.623362 0.499449 0.625565 0.569942 0.810609 0.455391 0.815015 0.614000 1.000000 0.373884 1.000000 0.005172 0.057952 0.026815 0.081182 0.510805 0.521189 0.029493 0.149830
0.567681 0.323918 0.572083 0.308511 0.563279 0.304109 0.532465 0.306310 0.525862 0.293104 0.488445 0.374542 0.486244 0.376743 0.497249 0.504402 0.512656 0.506603 0.587491 0.493397 0.598496 0.486794 0.528063 0.623257 0.497249 0.625458 0.567681 0.810344 0.453228 0.814746 0.600697 1.000000 0.358584 0.997431 0.012078 0.079420 0.016144 0.086808 0.517080 0.508323 0.032283 0.139158
0.566455 0.326781 0.568634 0.311529 0.559919 0.309350 0.533772 0.311529 0.522878 0.296276 0.488016 0.374715 0.483659 0.376894 0.496732 0.501089 0.509805 0.507626 0.586065 0.485837 0.596959 0.490195 0.529415 0.623106 0.498911 0.625285 0.564276 0.808309 0.459691 0.812667 0.581707 0.995691 0.355106 0.986975 0.029699 0.106346 0.006656 0.085196 0.531909 0.500000 0.036142 0.124899
0.562341 0.330324 0.566678 0.312977 0.555836 0.312977 0.534152 0.312977 0.518973 0.297798 0.492953 0.375860 0.477774 0.375860 0.499458 0.501626 0.505963 0.505963 0.586193 0.490784 0.592699 0.492953 0.529815 0.623056 0.499458 0.625224 0.558004 0.809537 0.471269 0.811706 0.564510 0.996018 0.356344 0.978671 0.036655 0.144134 0.000628 0.075365 0.523134 0.479476 0.037358 0.095510
0.563157 0.328652 0.567551 0.311078 0.558764 0.308881 0.534599 0.308881 0.519222 0.297897 0.492860 0.376981 0.477483 0.374784 0.501648 0.506590 0.503844 0.504394 0.585125 0.493410 0.593912 0.489016 0.530206 0.623019 0.499451 0.625216 0.552173 0.816335 0.490664 0.816335 0.552173 1.000000 0.358858 0.974502 0.036017 0.206517 0.011932 0.042475 0.528301 0.489957 0.037849 0.050642
0.567181 0.324990 0.571698 0.306924 0.560407 0.306924 0.540083 0.304666 0.519759 0.293375 0.494919 0.376928 0.476854 0.374670 0.506210 0.510162 0.501694 0.507904 0.587505 0.501129 0.596538 0.487580 0.528792 0.623072 0.499435 0.625330 0.551374 0.826309 0.512985 0.826309 0.540083 1.000000 0.363944 0.979866 0.053497 0.266676 0.008307 0.007172 0.508312 0.508521 0.036017 0.013796
0.569639 0.323656 0.574132 0.307931 0.562900 0.303438 0.544928 0.305684 0.524711 0.292206 0.502246 0.377570 0.479782 0.373077 0.515725 0.512355 0.502246 0.505616 0.598843 0.496630 0.596596 0.489891 0.520218 0.624677 0.497754 0.624677 0.542682 0.829101 0.529204 0.820116 0.531450 1.000000 0.380939 0.970626 0.052906 0.298394 0.011730 0.028089 0.527792 0.499126 0.022902 0.015948
0.573078 0.318722 0.577610 0.305126 0.566280 0.300594 0.548152 0.302860 0.525492 0.286999 0.505098 0.377638 0.475641 0.373106 0.518694 0.513596 0.500566 0.504532 0.600269 0.495468 0.595737 0.486404 0.523226 0.624628 0.496035 0.624628 0.541354 0.828566 0.543620 0.821768 0.518694 1.000000 0.400864 0.971322 0.064237 0.317990 0.004900 0.049639 0.537879 0.500252 0.024548 0.047171
0.574211 0.319855 0.581008 0.306259 0.569679 0.301727 0.549285 0.303993 0.528891 0.288132 0.503965 0.376505 0.476774 0.374239 0.517561 0.510197 0.499434 0.505665 0.603668 0.494335 0.601402 0.489803 0.517561 0.623495 0.501700 0.625761 0.526625 0.827433 0.560615 0.818369 0.508497 1.000000 0.426922 0.974721 0.043663 0.319671 0.003366 0.063047 0.525726 0.494774 0.024548 0.080351
