0.498717 0.277282 0.490651 0.267750 0.500183 0.265550 0.443725 0.280948 0.513381 0.271416 0.423194 0.384333 0.553709 0.366736 0.422461 0.503116 0.637297 0.409263 0.458389 0.554442 0.576439 0.331541 0.467188 0.624832 0.555909 0.624099 0.471587 0.776610 0.554442 0.792008 0.484786 0.943053 0.534645 0.969449 0.015964 0.032588 0.048367 0.005500 0.196365 0.861263 0.029450 0.012004
0.502742 0.285423 0.491775 0.272263 0.504204 0.272995 0.447178 0.285423 0.516632 0.278112 0.421590 0.382659 0.559767 0.368037 0.423052 0.513525 0.654810 0.412634 0.465456 0.566895 0.583162 0.331482 0.465456 0.625383 0.553187 0.623921 0.472767 0.775258 0.554649 0.795729 0.488120 0.936099 0.533448 0.974116 0.014777 0.040364 0.041396 0.010893 0.210154 0.869879 0.023759 0.012806
0.486621 0.279985 0.480674 0.271065 0.490337 0.268836 0.442766 0.282958 0.512636 0.271809 0.423441 0.387763 0.554260 0.363234 0.416008 0.521556 0.648659 0.404115 0.442766 0.572843 0.581762 0.334245 0.467295 0.624873 0.555004 0.624130 0.471012 0.770559 0.553517 0.798804 0.484391 0.940773 0.534935 0.980911 0.016850 0.029659 0.050096 0.003618 0.170737 0.873170 0.028430 0.010828
0.485703 0.278213 0.480436 0.269183 0.489466 0.266926 0.444318 0.281975 0.512792 0.270688 0.423249 0.390329 0.551167 0.360983 0.414220 0.536306 0.642215 0.404626 0.449585 0.572424 0.580513 0.330885 0.469149 0.625849 0.556434 0.622839 0.472912 0.778598 0.553425 0.805686 0.484951 0.947901 0.536118 0.989286 0.014759 0.024677 0.053428 0.011641 0.266314 0.864059 0.032631 0.013078
0.483206 0.278099 0.476414 0.269796 0.486980 0.267532 0.442449 0.281873 0.513397 0.269042 0.422070 0.392068 0.556419 0.358859 0.407730 0.540003 0.657557 0.402635 0.445468 0.578496 0.581326 0.327159 0.465092 0.626801 0.556419 0.622272 0.470375 0.778509 0.553400 0.803416 0.481697 0.951350 0.535285 0.992862 0.009739 0.025039 0.046618 0.005305 0.277609 0.881610 0.027422 0.016386
0.479042 0.280128 0.472945 0.271745 0.483614 0.270221 0.439411 0.284701 0.511813 0.270983 0.421883 0.390636 0.558302 0.360151 0.403592 0.528580 0.655854 0.401305 0.415786 0.597170 0.578879 0.327380 0.463799 0.626131 0.556016 0.623083 0.468372 0.780079 0.550681 0.807516 0.478280 0.952319 0.531628 1.000000 0.008838 0.022024 0.046618 0.006435 0.097965 0.883506 0.025256 0.018657
0.474819 0.278754 0.468668 0.271065 0.480201 0.268758 0.437144 0.284136 0.510957 0.269527 0.420228 0.389473 0.564010 0.361024 0.398700 0.523259 0.654738 0.399469 0.404851 0.609374 0.576312 0.325656 0.460210 0.625520 0.555552 0.623982 0.464055 0.783141 0.545556 0.812359 0.473281 0.952296 0.526334 1.000000 0.009584 0.014112 0.045647 0.006639 0.073485 0.887219 0.020082 0.024636
0.467760 0.282377 0.461619 0.273933 0.473901 0.271630 0.433984 0.286215 0.507676 0.270862 0.419399 0.389845 0.564481 0.360675 0.396370 0.518807 0.651223 0.399824 0.393299 0.600943 0.572925 0.326899 0.460083 0.625507 0.556037 0.623972 0.460851 0.782104 0.542220 0.812042 0.467760 0.947912 0.522261 1.000000 0.011695 0.008999 0.052856 0.013139 0.044354 0.896255 0.020539 0.024905
0.463455 0.282437 0.458154 0.274863 0.469515 0.272591 0.433917 0.286224 0.507385 0.271833 0.420284 0.389230 0.564947 0.361206 0.394532 0.518746 0.649018 0.395289 0.382414 0.596758 0.572521 0.323336 0.459668 0.625539 0.555101 0.624024 0.460426 0.780049 0.539953 0.808830 0.465728 0.939103 0.518746 0.999695 0.009046 0.009190 0.051008 0.014113 0.013421 0.882341 0.018816 0.027593
0.466298 0.282087 0.460937 0.274428 0.472426 0.272130 0.437192 0.287449 0.509957 0.272130 0.421873 0.389320 0.565872 0.360980 0.395831 0.517234 0.652424 0.395448 0.382044 0.604552 0.574297 0.321151 0.458639 0.625233 0.553616 0.624467 0.463234 0.784550 0.541361 0.812124 0.467064 0.948463 0.519915 1.000000 0.001743 0.014327 0.040031 0.005963 0.014084 0.878629 0.015610 0.029938
0.462646 0.281874 0.458775 0.274133 0.468839 0.271810 0.437872 0.287294 0.511419 0.272584 0.422388 0.391034 0.564838 0.359293 0.391421 0.522645 0.653094 0.398002 0.368970 0.599289 0.574902 0.320584 0.459549 0.625611 0.553225 0.624063 0.462646 0.781221 0.540838 0.814511 0.461872 0.946122 0.517613 1.000000 0.007828 0.016895 0.043676 0.006723 0.017146 0.883151 0.016271 0.027008
0.453712 0.283001 0.450547 0.274297 0.460833 0.272715 0.434722 0.286166 0.509891 0.271132 0.418106 0.391402 0.568443 0.358961 0.385665 0.527496 0.654688 0.403270 0.364301 0.620071 0.573981 0.320981 0.458460 0.625610 0.554992 0.624028 0.459251 0.780694 0.538375 0.820256 0.458460 0.950021 0.515429 1.000000 0.003111 0.008877 0.052687 0.010751 0.002293 0.897978 0.017135 0.028514
0.453251 0.284479 0.450081 0.274970 0.459590 0.274178 0.436611 0.286856 0.510301 0.272593 0.418387 0.390655 0.567350 0.359753 0.386693 0.525355 0.653718 0.407294 0.365299 0.621231 0.580028 0.325681 0.458797 0.625193 0.555465 0.624400 0.458005 0.775741 0.536448 0.821697 0.458005 0.938174 0.515847 1.000000 0.001675 0.002011 0.055986 0.016301 0.003675 0.893946 0.018169 0.028910
0.457739 0.283087 0.454534 0.274274 0.464949 0.272672 0.438511 0.285490 0.512218 0.271871 0.417681 0.391243 0.567497 0.359197 0.385635 0.530644 0.652420 0.412073 0.355992 0.609959 0.579515 0.328753 0.458540 0.625181 0.556281 0.624380 0.457739 0.774997 0.537053 0.823066 0.460142 0.933626 0.517826 1.000000 0.006524 0.000488 0.056742 0.017253 0.041923 0.906078 0.018883 0.029006
0.462398 0.284552 0.459146 0.274796 0.468902 0.273983 0.439634 0.286991 0.512805 0.272357 0.416869 0.391056 0.568903 0.359349 0.382723 0.530081 0.653456 0.417886 0.349389 0.617074 0.584350 0.332519 0.458333 0.625204 0.555895 0.624391 0.456707 0.777237 0.538008 0.824392 0.459146 0.932523 0.518496 1.000000 0.008404 0.001358 0.059193 0.012781 0.039812 0.909367 0.018125 0.024987
0.465288 0.287059 0.461228 0.277315 0.471784 0.276503 0.441741 0.288683 0.514007 0.274879 0.418193 0.390992 0.569221 0.359325 0.385714 0.524156 0.652043 0.424283 0.343491 0.610226 0.591956 0.346333 0.457980 0.624842 0.554605 0.624842 0.454732 0.775057 0.538366 0.823776 0.459604 0.921213 0.518066 1.000000 0.017488 0.005181 0.060525 0.008422 0.069022 0.920743 0.016032 0.019046
0.467471 0.287341 0.463405 0.277582 0.473163 0.276769 0.443887 0.288967 0.516265 0.275956 0.417864 0.388994 0.569124 0.361345 0.387774 0.514232 0.652074 0.428842 0.351992 0.607753 0.591895 0.347520 0.457712 0.624831 0.555300 0.624831 0.457712 0.776091 0.539035 0.824885 0.461778 0.920846 0.518704 1.000000 0.008939 0.005286 0.053280 0.009137 0.041264 0.920209 0.016574 0.025822
0.472708 0.287163 0.468635 0.278202 0.478411 0.276572 0.445823 0.289607 0.517516 0.277387 0.419753 0.388999 0.568026 0.361300 0.392054 0.510387 0.648680 0.433807 0.352135 0.592671 0.594096 0.352338 0.458858 0.624443 0.553362 0.625258 0.458044 0.780048 0.538698 0.825671 0.461302 0.921803 0.519960 1.000000 0.008983 0.005495 0.054056 0.005583 0.072367 0.920985 0.015565 0.021583
0.472165 0.287961 0.468071 0.278956 0.477896 0.277318 0.447604 0.290417 0.518011 0.278956 0.418950 0.388659 0.568769 0.361643 0.391115 0.506549 0.648182 0.438599 0.354274 0.589236 0.594967 0.355912 0.458247 0.624440 0.554033 0.625258 0.459885 0.775896 0.540115 0.827473 0.463159 0.916709 0.521286 1.000000 0.003960 0.006649 0.049127 0.004098 0.059612 0.927022 0.015642 0.025315
0.474161 0.288737 0.470026 0.278814 0.479122 0.277988 0.448528 0.290390 0.519638 0.278814 0.417934 0.388787 0.570077 0.361501 0.384859 0.515297 0.650282 0.441706 0.352612 0.614520 0.589921 0.352405 0.456796 0.624443 0.555193 0.625270 0.460104 0.775759 0.542790 0.829504 0.465065 0.916325 0.522945 1.000000 0.004274 0.010218 0.045069 0.001365 0.018627 0.939199 0.015271 0.026263
0.475151 0.289930 0.470974 0.279906 0.480998 0.278236 0.448422 0.290765 0.521091 0.279906 0.418352 0.387656 0.570371 0.362598 0.384106 0.508770 0.650557 0.444455 0.351531 0.611508 0.585406 0.350904 0.456775 0.624038 0.554501 0.625708 0.461786 0.778562 0.544478 0.832020 0.466798 0.920558 0.525267 1.000000 0.000911 0.012959 0.040971 0.003725 0.010021 0.946917 0.014362 0.025772
0.472586 0.288700 0.468368 0.279422 0.478490 0.277735 0.448124 0.290387 0.519823 0.280265 0.417758 0.387391 0.569590 0.362929 0.383174 0.507170 0.652254 0.446437 0.351964 0.607548 0.594052 0.361242 0.457403 0.624418 0.555250 0.625262 0.460777 0.779624 0.544284 0.834453 0.466681 0.920491 0.525727 1.000000 0.006416 0.010724 0.045833 0.000715 0.006482 0.942392 0.016117 0.023589
0.472185 0.289796 0.467939 0.279605 0.477281 0.278755 0.448405 0.290646 0.518897 0.280454 0.418679 0.387467 0.569006 0.362837 0.383008 0.500425 0.652238 0.447768 0.351583 0.583657 0.594486 0.363686 0.457747 0.624424 0.554568 0.625273 0.462843 0.779847 0.545226 0.834203 0.468788 0.924229 0.527390 1.000000 0.002665 0.012452 0.041581 0.003271 0.017547 0.944793 0.015686 0.024657
0.468909 0.289177 0.466354 0.279807 0.474872 0.278104 0.447614 0.289177 0.518314 0.279807 0.416949 0.388839 0.568571 0.361581 0.381173 0.508092 0.652900 0.445910 0.350507 0.589014 0.595829 0.367544 0.458687 0.624790 0.555794 0.624790 0.463798 0.781523 0.546424 0.831780 0.469761 0.922924 0.529387 1.000000 0.003037 0.011633 0.045355 0.001036 0.022527 0.950358 0.018448 0.024775
0.467465 0.289594 0.464041 0.279320 0.472602 0.278464 0.446917 0.289594 0.517980 0.279320 0.416095 0.389767 0.569350 0.360657 0.379279 0.512201 0.654112 0.446275 0.351881 0.596962 0.600173 0.379493 0.458047 0.625216 0.556508 0.624360 0.464897 0.781040 0.547946 0.828986 0.471746 0.925735 0.530822 1.000000 0.001069 0.013375 0.042145 0.002178 0.006536 0.967864 0.018543 0.027293
0.466153 0.289326 0.462682 0.278911 0.472228 0.278043 0.446192 0.289326 0.517357 0.279779 0.414949 0.390866 0.569429 0.359623 0.375895 0.522781 0.656216 0.446409 0.351595 0.617379 0.594597 0.410827 0.457475 0.626058 0.558147 0.623454 0.465285 0.784009 0.550336 0.826535 0.473096 0.931546 0.532979 1.000000 0.001112 0.014789 0.041211 0.001366 0.011582 0.916694 0.019903 0.027965
0.471022 0.286315 0.466598 0.276582 0.476331 0.274813 0.445362 0.287200 0.517033 0.277467 0.414393 0.391609 0.570122 0.358871 0.377231 0.524333 0.660374 0.445583 0.354225 0.620778 0.600206 0.417269 0.456865 0.626087 0.558619 0.623433 0.467483 0.788010 0.553311 0.826057 0.476331 0.942854 0.535614 1.000000 0.002672 0.019272 0.036195 0.005492 0.012367 0.896372 0.019728 0.029181
0.466573 0.286339 0.462959 0.276402 0.472897 0.275498 0.442181 0.288146 0.515358 0.278208 0.412367 0.392040 0.569564 0.358613 0.376230 0.526651 0.661714 0.446246 0.351838 0.624221 0.592150 0.443536 0.457539 0.626932 0.560530 0.622415 0.468380 0.794969 0.556013 0.822976 0.476511 0.959393 0.536137 1.000000 0.004779 0.023318 0.039967 0.003728 0.005505 0.770392 0.023026 0.027676
0.465188 0.285215 0.461548 0.275204 0.470649 0.274293 0.442436 0.287035 0.516154 0.277024 0.413312 0.392607 0.568941 0.358023 0.379638 0.525483 0.664502 0.441753 0.358706 0.607393 0.612626 0.440843 0.457908 0.627415 0.559840 0.621954 0.469739 0.799425 0.558929 0.822178 0.480660 0.966885 0.537087 1.000000 0.001126 0.032528 0.037883 0.009525 0.000629 0.776559 0.022616 0.023307
0.467794 0.285748 0.464139 0.275698 0.473276 0.273870 0.442211 0.286661 0.515304 0.276611 0.413888 0.393559 0.569209 0.357013 0.382824 0.530607 0.666057 0.438328 0.359982 0.619232 0.619460 0.431019 0.457743 0.627455 0.559159 0.621973 0.469621 0.801963 0.560987 0.820236 0.482412 0.970989 0.536318 1.000000 0.002412 0.043256 0.037366 0.015002 0.009339 0.827208 0.021537 0.018698
0.469908 0.286848 0.465349 0.276818 0.475379 0.275906 0.442552 0.287760 0.514590 0.277730 0.415195 0.394450 0.567479 0.356151 0.384191 0.532144 0.665050 0.437308 0.363218 0.624243 0.622192 0.426366 0.458054 0.627891 0.559272 0.621508 0.470820 0.802060 0.562920 0.814826 0.484498 0.971669 0.538299 0.997202 0.002325 0.048719 0.034506 0.015846 0.000778 0.858721 0.022078 0.017285
0.469348 0.288612 0.464807 0.278622 0.473889 0.276806 0.441193 0.289521 0.512942 0.278622 0.414855 0.393966 0.566527 0.356729 0.386700 0.529290 0.664614 0.434835 0.363994 0.628286 0.629194 0.416671 0.459357 0.628286 0.559261 0.621020 0.471164 0.801755 0.563802 0.809021 0.486604 0.969776 0.538372 0.979766 0.007537 0.054749 0.038111 0.016436 0.006472 0.936775 0.023728 0.013945
0.472311 0.288247 0.467772 0.279169 0.476850 0.277353 0.441445 0.290063 0.511348 0.279169 0.415117 0.395372 0.564910 0.355427 0.386974 0.536994 0.662049 0.433501 0.366094 0.635948 0.633906 0.415344 0.460509 0.628686 0.559463 0.620515 0.471403 0.800267 0.563095 0.803898 0.487744 0.966401 0.536767 0.962769 0.011026 0.058576 0.040981 0.012842 0.003754 0.966879 0.025457 0.013881
0.472311 0.288247 0.467772 0.279169 0.476850 0.277353 0.441445 0.290063 0.511348 0.279169 0.415117 0.395372 0.564910 0.355427 0.386067 0.536994 0.662049 0.433501 0.365186 0.635948 0.633906 0.414436 0.460509 0.628686 0.559463 0.620515 0.471403 0.801175 0.563095 0.803898 0.487744 0.966401 0.536767 0.962769 0.011302 0.058576 0.041087 0.012842 0.001792 0.974024 0.025457 0.013774
0.480565 0.289416 0.474163 0.279355 0.484223 0.277526 0.443981 0.291245 0.512576 0.279355 0.417458 0.395508 0.562878 0.355266 0.389106 0.537269 0.657995 0.427519 0.368985 0.643362 0.665312 0.431177 0.461359 0.629643 0.558305 0.619582 0.473248 0.802500 0.566536 0.797013 0.488796 0.972614 0.536355 0.956151 0.007153 0.074417 0.037138 0.020263 0.003174 0.059199 0.025063 0.007103
0.478607 0.290210 0.473086 0.281009 0.483208 0.279169 0.443642 0.292051 0.512652 0.280089 0.417878 0.395105 0.564179 0.355540 0.390274 0.534045 0.656192 0.428230 0.374632 0.640780 0.667234 0.438351 0.460204 0.629738 0.557738 0.619617 0.473086 0.805483 0.567860 0.796282 0.488728 0.975707 0.534735 0.950864 0.005878 0.085410 0.033520 0.025979 0.016109 0.023343 0.022865 0.005074
0.483934 0.290910 0.478425 0.280811 0.487606 0.278975 0.443539 0.292746 0.512394 0.281729 0.417833 0.395570 0.562888 0.355175 0.390291 0.533280 0.653776 0.428620 0.377438 0.637940 0.667547 0.439637 0.461900 0.629677 0.557379 0.619578 0.472917 0.803192 0.567478 0.793093 0.487606 0.973953 0.533509 0.942738 0.007131 0.089555 0.039041 0.025136 0.023937 0.001565 0.024572 0.001681
0.485826 0.290818 0.479425 0.281674 0.489484 0.279845 0.443761 0.292647 0.511431 0.282588 0.419071 0.395066 0.560811 0.355745 0.393466 0.531320 0.649514 0.427987 0.378835 0.631910 0.665059 0.449934 0.462965 0.630081 0.557153 0.619108 0.473024 0.803828 0.568127 0.786453 0.488569 0.973917 0.531549 0.935510 0.010605 0.097442 0.040366 0.025263 0.013150 0.086268 0.025643 0.002438
0.487714 0.293456 0.482150 0.283256 0.491423 0.281402 0.445988 0.293456 0.514604 0.283256 0.419098 0.396380 0.558185 0.354654 0.396844 0.532685 0.633292 0.404725 0.391280 0.636537 0.663891 0.455724 0.464533 0.630046 0.558185 0.618919 0.475660 0.806223 0.570239 0.785824 0.489568 0.982400 0.536858 0.938819 0.005000 0.091327 0.041054 0.022949 0.034478 0.140812 0.028965 0.002872
0.482786 0.292487 0.478070 0.282112 0.487502 0.280225 0.446000 0.292487 0.514856 0.282112 0.417702 0.397187 0.560132 0.353798 0.396008 0.536786 0.637477 0.408506 0.394121 0.638656 0.663888 0.450952 0.463921 0.630167 0.558245 0.618848 0.475240 0.808439 0.572394 0.785802 0.489389 0.991428 0.538437 0.944266 0.004380 0.094104 0.042154 0.029177 0.043181 0.126871 0.028260 0.006729
0.479634 0.293497 0.474898 0.283077 0.484370 0.281182 0.445532 0.292550 0.514683 0.282130 0.418062 0.396748 0.561098 0.354122 0.394380 0.541680 0.637827 0.411905 0.396275 0.637353 0.657719 0.446953 0.462583 0.630722 0.558257 0.618408 0.474898 0.810702 0.572466 0.784179 0.489106 0.994471 0.538364 0.942371 0.002815 0.094801 0.038108 0.030640 0.057858 0.130218 0.026565 0.005471
0.480899 0.293231 0.476124 0.282725 0.485674 0.280815 0.446517 0.293231 0.515281 0.281770 0.417865 0.396377 0.563034 0.354354 0.395899 0.537725 0.641348 0.424073 0.403539 0.629410 0.651854 0.442219 0.460843 0.630365 0.558258 0.618904 0.476124 0.809915 0.574494 0.783174 0.489494 0.999016 0.539157 0.946488 0.004556 0.099187 0.030796 0.037104 0.075539 0.101414 0.024344 0.004334
0.481471 0.292575 0.476659 0.281988 0.486284 0.280063 0.445858 0.292575 0.515160 0.281025 0.416982 0.396528 0.564249 0.354177 0.393881 0.540907 0.640288 0.435029 0.406394 0.620797 0.650876 0.445617 0.460296 0.630422 0.558474 0.618872 0.475696 0.811377 0.573874 0.781539 0.490134 1.000000 0.539223 0.948056 0.002833 0.095352 0.031261 0.036990 0.099956 0.009761 0.023920 0.003022
0.478460 0.292584 0.472651 0.281935 0.482332 0.279999 0.444576 0.292584 0.513311 0.280967 0.415533 0.396171 0.565589 0.354543 0.393267 0.543323 0.635292 0.442640 0.414565 0.611090 0.645941 0.454257 0.460066 0.630452 0.558812 0.618834 0.474587 0.813423 0.573334 0.781476 0.488141 1.000000 0.537514 0.948957 0.002740 0.095413 0.034582 0.036505 0.144732 0.023106 0.024059 0.003137
0.476295 0.291296 0.471407 0.280543 0.480205 0.279565 0.444036 0.291296 0.513441 0.280543 0.414710 0.395892 0.566228 0.354836 0.393204 0.543500 0.636611 0.452589 0.420575 0.612906 0.645409 0.447702 0.459677 0.630501 0.559385 0.618771 0.475317 0.815256 0.574049 0.782997 0.488025 1.000000 0.537880 0.955044 0.006117 0.094302 0.033396 0.036596 0.165622 0.462782 0.024294 0.001467
0.475020 0.291592 0.469143 0.280816 0.478939 0.278857 0.442694 0.290612 0.513224 0.279837 0.414286 0.394449 0.567102 0.356245 0.394694 0.537469 0.632735 0.456163 0.418204 0.608000 0.640571 0.455184 0.459347 0.630531 0.559265 0.618776 0.475020 0.814694 0.572000 0.782367 0.487755 1.000000 0.538694 0.953796 0.006157 0.085811 0.033009 0.034228 0.145751 0.354587 0.023720 0.002296
0.469031 0.293295 0.464115 0.282481 0.473947 0.280514 0.439537 0.292312 0.510323 0.281498 0.413975 0.394558 0.566362 0.356216 0.393330 0.542029 0.631249 0.457479 0.421841 0.609866 0.583075 0.518434 0.460183 0.630512 0.559480 0.618714 0.472964 0.818291 0.569311 0.783881 0.485745 1.000000 0.536868 0.954947 0.001072 0.078585 0.039925 0.027268 0.170923 0.394283 0.025061 0.002708
0.463179 0.293409 0.459226 0.282536 0.468122 0.280559 0.439456 0.292421 0.510626 0.281548 0.412767 0.394233 0.565981 0.356672 0.394975 0.541516 0.629243 0.457496 0.424629 0.609720 0.579819 0.513839 0.461202 0.630478 0.560050 0.618617 0.473064 0.818288 0.568946 0.781715 0.486903 1.000000 0.540280 0.951732 0.002057 0.070514 0.044291 0.024551 0.168816 0.407574 0.027092 0.002731
0.464522 0.293585 0.460553 0.282668 0.469484 0.280684 0.439713 0.292592 0.509180 0.281676 0.412918 0.393815 0.565745 0.357097 0.398033 0.537710 0.628265 0.457328 0.424827 0.613132 0.598494 0.487099 0.461545 0.630002 0.559791 0.619086 0.472461 0.816570 0.566738 0.782829 0.486355 1.000000 0.539943 0.953519 0.003425 0.063059 0.046028 0.020729 0.141469 0.427524 0.027199 0.005108
0.465135 0.292303 0.461150 0.281345 0.470115 0.279353 0.439235 0.291306 0.509961 0.280349 0.413335 0.393910 0.564750 0.357052 0.399389 0.538352 0.625515 0.457664 0.430269 0.610075 0.603600 0.485556 0.462146 0.629998 0.559769 0.619040 0.471112 0.817274 0.563754 0.787389 0.486054 1.000000 0.538850 0.955739 0.008485 0.054281 0.049670 0.013583 0.160053 0.384931 0.027939 0.007694
