0.497233 0.284184 0.513834 0.267583 0.486166 0.267583 0.547037 0.267583 0.464031 0.273117 0.596840 0.378258 0.425295 0.372724 0.602374 0.522135 0.386558 0.494466 0.613442 0.638343 0.353356 0.555337 0.547037 0.627276 0.430828 0.621742 0.497233 0.826490 0.325687 0.815423 0.486166 1.000000 0.231614 1.000000 0.062464 0.035886 0.015146 0.165381 0.017987 0.060891 0.028220 0.080330
0.500000 0.281757 0.517006 0.264751 0.488663 0.264751 0.551018 0.270419 0.460319 0.270419 0.596367 0.378124 0.420639 0.372455 0.607705 0.514172 0.386627 0.502834 0.619042 0.638882 0.358284 0.599202 0.551018 0.627545 0.431976 0.621876 0.500000 0.831616 0.324272 0.820279 0.482994 1.000000 0.227904 1.000000 0.055281 0.038469 0.020730 0.172768 0.002391 0.009826 0.021669 0.080330
0.508700 0.279606 0.526099 0.262206 0.491300 0.262206 0.549299 0.268006 0.468101 0.268006 0.601497 0.378203 0.415902 0.372403 0.613097 0.517400 0.386903 0.505800 0.624697 0.627597 0.369503 0.615997 0.549299 0.627597 0.433302 0.621797 0.502900 0.842191 0.323104 0.824792 0.491300 1.000000 0.230307 1.000000 0.052634 0.044921 0.002109 0.180481 0.006918 0.018290 0.022172 0.090529
0.502829 0.282148 0.519805 0.265173 0.485854 0.265173 0.548097 0.265173 0.457561 0.270831 0.599023 0.378343 0.423610 0.372684 0.610340 0.514146 0.384001 0.485854 0.621657 0.632974 0.350050 0.548097 0.548097 0.627316 0.429269 0.621657 0.491512 0.836680 0.316099 0.819704 0.468878 1.000000 0.214247 1.000000 0.053066 0.039058 0.019799 0.172482 0.003758 0.051780 0.028858 0.081227
0.502829 0.282148 0.519805 0.265173 0.485854 0.265173 0.548097 0.265173 0.463220 0.270831 0.599023 0.378343 0.423610 0.372684 0.610340 0.514146 0.384001 0.480195 0.621657 0.632974 0.350050 0.531122 0.548097 0.627316 0.429269 0.621657 0.491512 0.836680 0.321758 0.819704 0.468878 1.000000 0.219905 1.000000 0.053066 0.032118 0.019799 0.165542 0.003758 0.074807 0.028858 0.074287
0.504146 0.287173 0.520730 0.265061 0.487562 0.270589 0.548370 0.270589 0.465450 0.276117 0.598122 0.381148 0.426754 0.370092 0.609178 0.513820 0.377002 0.469596 0.620234 0.629908 0.332778 0.475124 0.542842 0.629908 0.432282 0.618852 0.487562 0.834443 0.327250 0.817859 0.465450 1.000000 0.233275 1.000000 0.053066 0.032155 0.014418 0.161651 0.003758 0.312833 0.031726 0.070556
0.504136 0.287691 0.520679 0.265633 0.487592 0.271147 0.553767 0.271147 0.465534 0.276662 0.597883 0.381438 0.432447 0.370409 0.614426 0.519301 0.377302 0.464156 0.625455 0.629591 0.327671 0.458641 0.542738 0.629591 0.426933 0.618562 0.487592 0.833628 0.322157 0.817085 0.471049 1.000000 0.228410 1.000000 0.060773 0.032155 0.014418 0.147506 0.006290 0.365970 0.038713 0.070556
0.500000 0.289285 0.516209 0.267673 0.483791 0.267673 0.548627 0.273076 0.462179 0.278479 0.597253 0.381135 0.429762 0.370329 0.618865 0.510806 0.375732 0.456776 0.635074 0.624268 0.327105 0.435165 0.543224 0.629671 0.429762 0.618865 0.489194 0.824178 0.321702 0.807969 0.478388 1.000000 0.229852 1.000000 0.071099 0.042826 0.018107 0.165249 0.007401 0.455317 0.034464 0.079004
0.500000 0.285631 0.516385 0.263785 0.483615 0.263785 0.549155 0.269246 0.467230 0.274708 0.598309 0.378479 0.428999 0.373017 0.620156 0.509558 0.368921 0.460403 0.636541 0.624252 0.319766 0.438557 0.543693 0.629714 0.428999 0.618790 0.494538 0.826332 0.319766 0.809947 0.478153 1.000000 0.226919 1.000000 0.055281 0.045409 0.009842 0.165249 0.007401 0.441411 0.034839 0.087270
0.500000 0.285631 0.516385 0.263785 0.489077 0.269246 0.549155 0.269246 0.467230 0.274708 0.598309 0.378479 0.428999 0.373017 0.620156 0.509558 0.368921 0.454942 0.636541 0.629714 0.319766 0.438557 0.543693 0.629714 0.428999 0.618790 0.494538 0.826332 0.325228 0.809947 0.478153 1.000000 0.237842 1.000000 0.055281 0.042451 0.009842 0.158309 0.009429 0.401006 0.034839 0.080330
0.502737 0.285169 0.519157 0.263276 0.486317 0.268749 0.551997 0.268749 0.464423 0.274222 0.595784 0.378217 0.426109 0.372744 0.623151 0.515052 0.354955 0.465791 0.645045 0.629993 0.305694 0.438424 0.546524 0.629993 0.431583 0.619046 0.508210 0.832509 0.327588 0.810615 0.497263 1.000000 0.229067 1.000000 0.044371 0.032118 0.001984 0.165381 0.002921 0.453607 0.027912 0.098792
0.501385 0.281216 0.518001 0.259061 0.484768 0.259061 0.551234 0.270139 0.462613 0.270139 0.595545 0.380915 0.423841 0.369838 0.628778 0.513847 0.346298 0.463998 0.662011 0.635701 0.301987 0.441842 0.551234 0.630162 0.429380 0.619085 0.512462 0.835099 0.329681 0.812944 0.501385 1.000000 0.241060 1.000000 0.044371 0.035342 0.003514 0.158273 0.006773 0.428292 0.024708 0.091683
0.500000 0.281417 0.516601 0.259282 0.483399 0.259282 0.549804 0.270350 0.461264 0.270350 0.594074 0.381025 0.428061 0.369957 0.627276 0.513834 0.345055 0.464031 0.660478 0.635577 0.300785 0.441896 0.549804 0.630043 0.428061 0.618975 0.511067 0.834791 0.328454 0.812656 0.505534 1.000000 0.245448 1.000000 0.052116 0.042013 0.003514 0.151201 0.006773 0.417452 0.028220 0.091683
0.504192 0.275024 0.520961 0.258255 0.487424 0.258255 0.548908 0.269434 0.465066 0.269434 0.599213 0.381224 0.425940 0.370045 0.632750 0.515371 0.347687 0.459476 0.671876 0.638339 0.297382 0.442708 0.548908 0.627160 0.425940 0.621571 0.504192 0.839560 0.330918 0.817203 0.481834 1.000000 0.247076 1.000000 0.035824 0.034737 0.001826 0.143925 0.020077 0.373606 0.032079 0.077877
0.497259 0.279325 0.513707 0.257395 0.480811 0.257395 0.546602 0.268360 0.458880 0.268360 0.595946 0.378012 0.420502 0.372530 0.634324 0.515077 0.327298 0.476699 0.667219 0.635694 0.294402 0.449286 0.552085 0.630212 0.431467 0.619247 0.502741 0.827585 0.327298 0.805655 0.480811 1.000000 0.234094 1.000000 0.048454 0.039785 0.023169 0.176346 0.002149 0.488808 0.020957 0.084229
0.490293 0.278120 0.512481 0.255932 0.473652 0.255932 0.545763 0.267026 0.451464 0.267026 0.595686 0.377966 0.418182 0.372419 0.634515 0.511094 0.329430 0.472265 0.667797 0.627581 0.290601 0.450077 0.551310 0.627581 0.434823 0.622034 0.506934 0.832820 0.334977 0.810632 0.484746 1.000000 0.235131 1.000000 0.037556 0.023303 0.011777 0.176174 0.001749 0.433952 0.017666 0.087204
0.494450 0.277997 0.511100 0.255797 0.477800 0.255797 0.544401 0.266897 0.455599 0.266897 0.594351 0.377898 0.416749 0.372348 0.638752 0.511100 0.327948 0.472250 0.672052 0.633202 0.289097 0.444499 0.555501 0.627652 0.433399 0.622102 0.505550 0.833005 0.333498 0.816354 0.483350 1.000000 0.228046 1.000000 0.046427 0.013069 0.026831 0.172390 0.017666 0.466134 0.014138 0.075249
0.494570 0.280099 0.510859 0.258380 0.478281 0.258380 0.543437 0.269240 0.456563 0.269240 0.592304 0.377833 0.418555 0.372403 0.635741 0.508144 0.326251 0.470137 0.668319 0.627597 0.293673 0.442989 0.554297 0.627597 0.434844 0.622167 0.505430 0.828494 0.337110 0.806775 0.489141 1.000000 0.223088 1.000000 0.053254 0.001100 0.027882 0.175715 0.017666 0.480234 0.013831 0.079033
0.488900 0.277997 0.505550 0.255797 0.472250 0.255797 0.538851 0.266897 0.450049 0.266897 0.594351 0.377898 0.416749 0.372348 0.633202 0.511100 0.322398 0.477800 0.666502 0.627652 0.272447 0.444499 0.555501 0.627652 0.433399 0.622102 0.505550 0.833005 0.327948 0.810804 0.483350 1.000000 0.216946 1.000000 0.046427 0.020746 0.026831 0.183398 0.001749 0.454833 0.014138 0.086257
0.495846 0.275678 0.512462 0.253522 0.479229 0.253522 0.545695 0.264600 0.457074 0.264600 0.601084 0.375376 0.418302 0.375376 0.639855 0.513847 0.318603 0.475075 0.667550 0.630162 0.274293 0.441842 0.551234 0.630162 0.429380 0.619085 0.501385 0.835099 0.313065 0.812944 0.473691 1.000000 0.191210 1.000000 0.038235 0.018432 0.014450 0.186480 0.012498 0.454833 0.024708 0.096069
0.497233 0.273117 0.513834 0.256516 0.480632 0.256516 0.547037 0.262049 0.458497 0.262049 0.602374 0.378258 0.419761 0.372724 0.641110 0.511067 0.331221 0.466798 0.668779 0.621742 0.281417 0.439129 0.552571 0.627276 0.425295 0.621742 0.491699 0.832024 0.314620 0.815423 0.464031 1.000000 0.198411 1.000000 0.054267 0.017665 0.029151 0.172322 0.012355 0.421057 0.028220 0.073265
0.490088 0.270611 0.512744 0.253619 0.478760 0.253619 0.546727 0.259283 0.456105 0.264947 0.603367 0.378226 0.416457 0.372562 0.643014 0.508496 0.331498 0.474512 0.671334 0.627438 0.280523 0.463184 0.552391 0.627438 0.427785 0.621774 0.490088 0.837004 0.314506 0.820012 0.467432 1.000000 0.195564 1.000000 0.062458 0.020640 0.027761 0.179708 0.019638 0.348462 0.025267 0.073265
0.488775 0.274104 0.505612 0.257268 0.471938 0.257268 0.539286 0.268492 0.449489 0.268492 0.595409 0.375126 0.415815 0.375126 0.629083 0.509822 0.370917 0.498597 0.662757 0.633292 0.354080 0.594006 0.556123 0.627680 0.432652 0.622068 0.505612 0.835336 0.337243 0.824111 0.483163 1.000000 0.224997 1.000000 0.044995 0.007152 0.026831 0.162101 0.006773 0.055417 0.014297 0.064480
0.490503 0.274789 0.512210 0.258509 0.474223 0.258509 0.544771 0.263935 0.457943 0.263935 0.593612 0.377898 0.419955 0.372471 0.637026 0.502713 0.360261 0.481006 0.664160 0.627529 0.327700 0.518994 0.550198 0.627529 0.436235 0.622102 0.490503 0.828320 0.327700 0.812039 0.457943 1.000000 0.208311 1.000000 0.046816 0.011660 0.037174 0.185979 0.038412 0.065503 0.017283 0.073265
0.487910 0.272968 0.504030 0.256847 0.471789 0.256847 0.541645 0.262220 0.450295 0.267594 0.590007 0.375065 0.418053 0.375065 0.632995 0.498657 0.380439 0.493283 0.659863 0.622248 0.364318 0.590007 0.552392 0.627622 0.439548 0.622248 0.482536 0.826443 0.332077 0.810322 0.444921 1.000000 0.197738 1.000000 0.054982 0.009044 0.060488 0.192859 0.038412 0.045488 0.010265 0.057699
0.489257 0.273059 0.500000 0.256945 0.473143 0.256945 0.526857 0.262317 0.457029 0.267688 0.585942 0.375115 0.424801 0.375115 0.628913 0.498657 0.387201 0.498657 0.650399 0.616827 0.360344 0.600713 0.542971 0.627570 0.446286 0.622199 0.424801 0.826311 0.392572 0.820940 0.290516 1.000000 0.317373 1.000000 0.000153 0.020718 0.117087 0.111632 0.049301 0.012133 0.013682 0.086731
0.490802 0.275311 0.506570 0.259543 0.475035 0.259543 0.538105 0.264799 0.454011 0.270055 0.590664 0.375173 0.422476 0.375173 0.627455 0.501314 0.385685 0.496058 0.653735 0.616943 0.369917 0.580152 0.548617 0.627455 0.438243 0.622199 0.517082 0.827179 0.338382 0.811411 0.496058 1.000000 0.206984 1.000000 0.019624 0.023229 0.002723 0.174868 0.019200 0.035043 0.016738 0.104730
0.486729 0.277049 0.502654 0.255816 0.470804 0.261124 0.539813 0.266433 0.454879 0.266433 0.592896 0.372600 0.423029 0.377908 0.630054 0.500000 0.385871 0.494692 0.656596 0.611475 0.364637 0.584934 0.550429 0.627400 0.433646 0.622092 0.523888 0.834426 0.343404 0.813192 0.507963 1.000000 0.226620 1.000000 0.016151 0.019628 0.011981 0.154263 0.015931 0.024498 0.020290 0.099844
0.493289 0.273177 0.509395 0.251703 0.477183 0.257071 0.541607 0.262440 0.455709 0.262440 0.595293 0.375180 0.418129 0.375180 0.632873 0.504026 0.348337 0.471815 0.654347 0.616767 0.283914 0.466446 0.552344 0.627504 0.434235 0.622135 0.530869 0.836879 0.348337 0.815405 0.525501 1.000000 0.240965 1.000000 0.023932 0.017707 0.021133 0.153855 0.030422 0.327367 0.017097 0.100591
0.498676 0.272318 0.514561 0.256433 0.482791 0.256433 0.551626 0.261728 0.466907 0.267023 0.599280 0.378217 0.424547 0.372922 0.636345 0.500000 0.334533 0.462935 0.662819 0.611194 0.276289 0.415281 0.546331 0.627078 0.429842 0.621783 0.530446 0.828286 0.339828 0.807106 0.525151 1.000000 0.239224 1.000000 0.016703 0.000363 0.041653 0.150697 0.019638 0.468274 0.030384 0.118847
0.501283 0.275449 0.516681 0.260051 0.485885 0.260051 0.552609 0.265184 0.470488 0.270316 0.598802 0.378101 0.424294 0.372968 0.639863 0.501283 0.337040 0.465355 0.660394 0.598802 0.285714 0.414029 0.547476 0.629598 0.429427 0.619333 0.516681 0.819504 0.342173 0.798974 0.511548 1.000000 0.254919 0.999145 0.042798 0.013079 0.012909 0.150556 0.036368 0.509092 0.029450 0.092753
0.496070 0.268143 0.511789 0.252424 0.480351 0.252424 0.548467 0.257664 0.464632 0.262904 0.600864 0.378177 0.422714 0.372937 0.632302 0.503930 0.328400 0.456773 0.653261 0.603484 0.276003 0.409615 0.548467 0.629683 0.427954 0.619203 0.527508 0.818312 0.344119 0.797353 0.527508 1.000000 0.265524 1.000000 0.035223 0.023131 0.030156 0.146778 0.011931 0.464560 0.030066 0.104783
0.498662 0.271230 0.514716 0.249825 0.482608 0.249825 0.546824 0.260527 0.466554 0.260527 0.600338 0.378257 0.423743 0.372906 0.637797 0.506689 0.338122 0.463878 0.659202 0.608365 0.284608 0.410365 0.546824 0.629770 0.429095 0.619067 0.525419 0.822418 0.338122 0.801013 0.536122 1.000000 0.257852 1.000000 0.052889 0.033384 0.031507 0.154502 0.024287 0.509643 0.030709 0.112360
0.497299 0.273076 0.513507 0.256867 0.481090 0.256867 0.551328 0.262270 0.464881 0.267673 0.599955 0.381135 0.427060 0.370329 0.643178 0.510806 0.340613 0.462179 0.664790 0.613462 0.281180 0.413553 0.545925 0.629671 0.427060 0.618865 0.513507 0.824178 0.340613 0.797163 0.518910 1.000000 0.264971 1.000000 0.060943 0.038962 0.015569 0.143702 0.036368 0.477917 0.034464 0.091133
0.493165 0.268984 0.515037 0.252581 0.476762 0.252581 0.547844 0.258049 0.460358 0.263516 0.602522 0.378341 0.422083 0.372873 0.640797 0.504101 0.367405 0.482230 0.657200 0.613457 0.318195 0.525972 0.547844 0.629861 0.427551 0.618925 0.509569 0.826703 0.340066 0.804832 0.515037 1.000000 0.258049 1.000000 0.069291 0.028366 0.007006 0.147079 0.046649 0.121119 0.031379 0.078875
0.490413 0.268541 0.506848 0.252106 0.473978 0.252106 0.539718 0.263063 0.457543 0.263063 0.599979 0.378107 0.419195 0.372629 0.638328 0.504109 0.369890 0.487674 0.654763 0.613675 0.320585 0.558892 0.550674 0.630110 0.430151 0.619153 0.512326 0.827330 0.337020 0.805416 0.512326 1.000000 0.249367 1.000000 0.061131 0.031726 0.000360 0.161721 0.046649 0.063870 0.024437 0.086453
0.494405 0.269189 0.511191 0.246807 0.477618 0.246807 0.544763 0.257998 0.455237 0.257998 0.600718 0.375502 0.421664 0.375502 0.639885 0.504197 0.376901 0.504197 0.656672 0.616105 0.343328 0.610510 0.550359 0.627296 0.427260 0.621700 0.500000 0.828731 0.315351 0.806349 0.483214 1.000000 0.242611 1.000000 0.055281 0.075700 0.015146 0.180669 0.046649 0.009185 0.028535 0.095456
0.494405 0.269189 0.511191 0.246807 0.477618 0.246807 0.544763 0.257998 0.455237 0.257998 0.600718 0.375502 0.421664 0.375502 0.639885 0.509792 0.382496 0.509792 0.656672 0.632891 0.348924 0.616105 0.550359 0.627296 0.427260 0.621700 0.505595 0.828731 0.309756 0.795158 0.488809 1.000000 0.242611 1.000000 0.046906 0.100939 0.006772 0.196758 0.047195 0.007029 0.028535 0.119920
0.488789 0.268783 0.511211 0.251967 0.477579 0.251967 0.544842 0.257573 0.455158 0.263178 0.600895 0.375283 0.415921 0.375283 0.634526 0.515414 0.376684 0.509809 0.645737 0.633125 0.343053 0.621914 0.556053 0.627520 0.427132 0.621914 0.528026 0.834914 0.320632 0.806888 0.533632 1.000000 0.247764 1.000000 0.050518 0.070739 0.013247 0.180745 0.044752 0.002439 0.021427 0.123530
0.495793 0.263014 0.512621 0.246187 0.478966 0.246187 0.546275 0.251796 0.450920 0.257405 0.602367 0.375197 0.411656 0.375197 0.636021 0.515425 0.372392 0.515425 0.636021 0.582735 0.338737 0.627608 0.557494 0.627608 0.428484 0.621999 0.551884 0.823927 0.321910 0.801491 0.563103 1.000000 0.254600 1.000000 0.024994 0.081968 0.046911 0.192223 0.074976 0.005872 0.017864 0.161462
0.492021 0.271277 0.507979 0.255319 0.476064 0.255319 0.534574 0.260638 0.449468 0.265957 0.587766 0.372340 0.412234 0.377660 0.619681 0.510638 0.375000 0.515957 0.614362 0.601064 0.348404 0.627660 0.561170 0.622340 0.438830 0.627660 0.550532 0.819149 0.396277 0.819149 0.555851 1.000000 0.348404 1.000000 0.024767 0.000839 0.016547 0.103340 0.090895 0.009310 0.000007 0.052415
0.493136 0.267983 0.509610 0.251509 0.476661 0.251509 0.542559 0.257000 0.449203 0.262492 0.597475 0.372322 0.410763 0.377814 0.624932 0.515102 0.372322 0.509610 0.624932 0.586491 0.350356 0.624932 0.559034 0.624932 0.432729 0.624932 0.548051 0.828118 0.366831 0.817135 0.537068 1.000000 0.295441 1.000000 0.002731 0.009590 0.030881 0.133357 0.060475 0.030422 0.010490 0.087948
0.497255 0.270826 0.513723 0.248869 0.480788 0.248869 0.546658 0.259847 0.453342 0.259847 0.596061 0.375121 0.414917 0.375121 0.628996 0.512351 0.360025 0.506862 0.628996 0.567243 0.343558 0.616646 0.557637 0.627624 0.431385 0.622135 0.524701 0.830725 0.343558 0.814257 0.502745 1.000000 0.266709 1.000000 0.022314 0.034068 0.003103 0.157674 0.074976 0.078273 0.013982 0.085312
0.501402 0.268623 0.518230 0.246187 0.484575 0.246187 0.551884 0.263014 0.456529 0.257405 0.602367 0.375197 0.411656 0.375197 0.641631 0.509816 0.321910 0.470552 0.658458 0.492989 0.209727 0.425679 0.557494 0.627608 0.428484 0.621999 0.529448 0.840755 0.316301 0.818318 0.507011 1.000000 0.243382 1.000000 0.013424 0.071797 0.014360 0.186919 0.659666 0.380762 0.017864 0.123606
0.502803 0.268783 0.525224 0.251967 0.485987 0.251967 0.558855 0.263178 0.463566 0.263178 0.603697 0.380888 0.413119 0.369678 0.648539 0.526625 0.323434 0.470572 0.665355 0.453757 0.211329 0.420125 0.558855 0.627520 0.424329 0.621914 0.547645 0.846124 0.323434 0.823703 0.536434 1.000000 0.250566 1.000000 0.002170 0.054131 0.040940 0.161721 0.832793 0.403301 0.021427 0.131274
0.501358 0.274576 0.517654 0.252849 0.485062 0.252849 0.544813 0.269144 0.463335 0.263713 0.593700 0.377782 0.414448 0.372350 0.642587 0.508148 0.327537 0.464693 0.664315 0.448397 0.218899 0.421238 0.555677 0.627650 0.436175 0.622218 0.550245 0.839494 0.387288 0.828630 0.550245 1.000000 0.343833 1.000000 0.008160 0.012686 0.039910 0.101635 0.774782 0.380762 0.010376 0.065865
0.504109 0.265802 0.520544 0.249367 0.487674 0.249367 0.553414 0.265802 0.465760 0.260323 0.602719 0.380847 0.416456 0.369890 0.657502 0.512326 0.317846 0.468500 0.673937 0.441108 0.219236 0.413716 0.558892 0.627371 0.421934 0.621893 0.536979 0.841025 0.306889 0.813634 0.531500 1.000000 0.219236 1.000000 0.025300 0.058633 0.023470 0.178940 0.802142 0.411414 0.024437 0.139487
0.501355 0.272397 0.523031 0.256140 0.485097 0.250721 0.555546 0.266978 0.463421 0.261559 0.604318 0.380779 0.414649 0.369941 0.653090 0.510838 0.327943 0.472904 0.663928 0.445809 0.219561 0.418713 0.555546 0.630059 0.425487 0.619221 0.544708 0.835985 0.295428 0.808890 0.544708 1.000000 0.214141 1.000000 0.016738 0.084491 0.044764 0.205159 0.833231 0.424801 0.024173 0.174590
0.502803 0.271586 0.525224 0.254770 0.491592 0.249165 0.553250 0.265981 0.463566 0.260375 0.603697 0.378086 0.413119 0.372480 0.654145 0.507007 0.329040 0.473375 0.670960 0.450954 0.205724 0.411717 0.558855 0.630322 0.424329 0.619112 0.553250 0.843322 0.306619 0.815296 0.542039 1.000000 0.216935 1.000000 0.005457 0.058633 0.047629 0.186480 0.788501 0.426442 0.021427 0.163646
0.506790 0.274576 0.523086 0.258281 0.490494 0.252849 0.544813 0.263713 0.463335 0.263713 0.593700 0.377782 0.414448 0.372350 0.642587 0.497284 0.381856 0.513580 0.653451 0.464693 0.381856 0.622218 0.555677 0.627650 0.436175 0.622218 0.550245 0.834062 0.327537 0.812334 0.539381 1.000000 0.224331 1.000000 0.006772 0.024095 0.039695 0.192859 0.773978 0.072192 0.010376 0.156875
