0.548468 0.277298 0.540111 0.263928 0.546797 0.263928 0.463231 0.270613 0.531755 0.267271 0.433148 0.372563 0.575209 0.377577 0.403064 0.509610 0.601950 0.517967 0.391365 0.619916 0.620334 0.611560 0.449861 0.623259 0.541783 0.626601 0.458217 0.802089 0.523398 0.812117 0.463231 0.977576 0.500000 1.000000 0.005772 0.007120 0.006326 0.011031 0.035148 0.001824 0.010642 0.046305
0.549561 0.275934 0.541231 0.262607 0.547895 0.262607 0.462933 0.269270 0.531236 0.265939 0.432947 0.372557 0.574550 0.377555 0.402960 0.509163 0.601204 0.515826 0.391299 0.619113 0.619530 0.609118 0.451272 0.624111 0.541231 0.625777 0.467931 0.807362 0.514577 0.805696 0.482924 0.990613 0.479593 0.983949 0.002875 0.014871 0.005711 0.004342 0.035148 0.001119 0.009547 0.075674
0.546914 0.277884 0.538611 0.264599 0.545254 0.262938 0.460559 0.269581 0.530307 0.266259 0.432327 0.372543 0.573485 0.377525 0.402435 0.507058 0.600056 0.515361 0.390810 0.616663 0.616663 0.611681 0.450595 0.623306 0.543593 0.626627 0.468862 0.796016 0.526986 0.809302 0.470523 0.967066 0.492112 1.000000 0.030453 0.028635 0.010396 0.009158 0.035970 0.006269 0.007401 0.062401
0.549309 0.274707 0.540808 0.261104 0.545909 0.261104 0.459192 0.267905 0.528906 0.264505 0.430287 0.373326 0.574814 0.376726 0.401381 0.509352 0.602020 0.517853 0.386078 0.618173 0.622423 0.616472 0.450691 0.623274 0.544208 0.626674 0.474495 0.803508 0.528906 0.810310 0.479596 0.990544 0.484697 0.995645 0.033120 0.048070 0.015872 0.012319 0.022179 0.004322 0.006495 0.068264
0.550152 0.273043 0.541651 0.259443 0.546751 0.259443 0.460049 0.267943 0.531451 0.264543 0.431148 0.373346 0.575652 0.376746 0.400547 0.509350 0.604553 0.519551 0.386947 0.618154 0.624954 0.616453 0.448148 0.621554 0.545051 0.628354 0.471949 0.781358 0.534851 0.820460 0.468549 0.944563 0.497450 1.000000 0.053692 0.039007 0.025294 0.021638 0.030863 0.002483 0.008659 0.063947
0.538553 0.278420 0.528814 0.265433 0.536930 0.265433 0.463882 0.276796 0.528814 0.271926 0.431416 0.374194 0.571019 0.375818 0.403820 0.502435 0.598615 0.510551 0.392456 0.611196 0.616472 0.601456 0.455765 0.622559 0.541800 0.627429 0.481738 0.776773 0.532060 0.810862 0.481738 0.924493 0.491478 0.999165 0.053112 0.050682 0.022004 0.019914 0.034332 0.002567 0.003101 0.069997
0.546874 0.277965 0.538650 0.263163 0.543585 0.263163 0.467928 0.274676 0.525493 0.269742 0.430100 0.373358 0.571545 0.376647 0.402140 0.504934 0.599504 0.511513 0.388983 0.615129 0.617596 0.606906 0.454771 0.621708 0.543585 0.628287 0.489309 0.782889 0.530427 0.814138 0.484375 0.930912 0.489309 0.999989 0.077800 0.046809 0.035676 0.012725 0.028821 0.005409 0.002096 0.089691
0.551066 0.278714 0.542763 0.265429 0.546084 0.265429 0.471353 0.275393 0.527816 0.268750 0.431497 0.373373 0.574315 0.376694 0.404926 0.506228 0.602547 0.514531 0.389980 0.617493 0.619154 0.610850 0.453086 0.620815 0.541102 0.629118 0.476335 0.775258 0.531138 0.816775 0.474675 0.909773 0.501245 1.000000 0.051490 0.031704 0.019859 0.024758 0.020330 0.009959 0.007401 0.064446
0.551684 0.280130 0.546601 0.264879 0.548295 0.263185 0.466956 0.268268 0.527960 0.263185 0.431370 0.373331 0.573714 0.376720 0.402563 0.512286 0.602521 0.520758 0.385617 0.622432 0.621161 0.619043 0.451705 0.622432 0.543211 0.627516 0.477123 0.788500 0.531349 0.824086 0.480512 0.944400 0.495764 1.000000 0.041427 0.032576 0.022419 0.019339 0.016480 0.003174 0.006473 0.067531
0.552243 0.279743 0.543884 0.264697 0.547228 0.264697 0.475341 0.274727 0.527166 0.266368 0.433547 0.373362 0.572305 0.376706 0.405126 0.508777 0.602397 0.517136 0.388409 0.620786 0.619115 0.614099 0.455280 0.622458 0.538869 0.627473 0.485372 0.794652 0.528838 0.819728 0.495403 0.966845 0.497074 1.000000 0.036549 0.032585 0.027369 0.025600 0.018689 0.012847 0.007451 0.071663
0.551887 0.277923 0.543585 0.262980 0.546906 0.264640 0.472189 0.274602 0.528642 0.267961 0.435660 0.374226 0.571812 0.375886 0.407433 0.508717 0.600038 0.515359 0.389169 0.619963 0.618303 0.613321 0.453924 0.623284 0.538604 0.626605 0.490453 0.802606 0.528642 0.822530 0.502075 0.986909 0.490453 1.000000 0.043919 0.043621 0.040665 0.025745 0.014052 0.004888 0.009515 0.080137
0.547013 0.280192 0.538765 0.265346 0.543714 0.266995 0.469483 0.276893 0.528868 0.271944 0.434841 0.374219 0.571757 0.375868 0.406798 0.509485 0.598151 0.514434 0.388653 0.620008 0.617946 0.615059 0.454636 0.623307 0.538765 0.626606 0.495876 0.808061 0.527218 0.821258 0.502474 0.996114 0.490927 1.000000 0.058741 0.037929 0.044662 0.022783 0.013272 0.001915 0.008402 0.088766
0.547377 0.279454 0.539208 0.264751 0.542476 0.264751 0.472228 0.274553 0.526139 0.271286 0.434653 0.374207 0.570248 0.375841 0.406881 0.508168 0.598020 0.513069 0.390544 0.617624 0.615991 0.612723 0.455891 0.622525 0.539208 0.627427 0.496733 0.805497 0.529406 0.818566 0.501634 0.991736 0.488564 1.000000 0.061531 0.048028 0.042748 0.022765 0.017909 0.006771 0.006240 0.086215
0.553766 0.273358 0.545494 0.261777 0.548803 0.261777 0.464432 0.273358 0.528951 0.268395 0.437963 0.374271 0.571963 0.375926 0.408185 0.509926 0.598432 0.516543 0.388333 0.615803 0.616630 0.615803 0.452852 0.622420 0.537222 0.627383 0.494210 0.806050 0.528951 0.827556 0.492556 0.981408 0.484284 1.000000 0.073518 0.053028 0.051439 0.030555 0.009784 0.001506 0.012641 0.083661
0.556969 0.277113 0.548653 0.263807 0.553643 0.263807 0.468812 0.273787 0.532019 0.270460 0.438872 0.373587 0.576929 0.376913 0.410596 0.509980 0.600216 0.519960 0.392299 0.618097 0.616849 0.619760 0.447189 0.621423 0.537009 0.628077 0.483783 0.757817 0.527029 0.834330 0.480456 0.874250 0.492099 1.000000 0.092527 0.037591 0.072758 0.034782 0.011708 0.001199 0.020133 0.098825
0.553733 0.280936 0.545466 0.266057 0.548773 0.267710 0.477680 0.277630 0.530586 0.272670 0.436348 0.373522 0.576879 0.376828 0.411548 0.505787 0.601679 0.519013 0.390055 0.619865 0.618212 0.624825 0.449574 0.621518 0.537199 0.628132 0.497520 0.767010 0.533893 0.828182 0.485947 0.892661 0.504133 1.000000 0.130565 0.044160 0.084369 0.044587 0.000294 0.005631 0.016849 0.106591
0.554714 0.280726 0.546361 0.265690 0.549702 0.267360 0.477864 0.277384 0.529654 0.272372 0.434426 0.374283 0.576433 0.375953 0.409367 0.509606 0.601493 0.519630 0.389319 0.623211 0.618199 0.628223 0.449462 0.621541 0.539678 0.628223 0.476193 0.756864 0.536337 0.828703 0.484546 0.890517 0.507936 1.000000 0.042208 0.041412 0.042744 0.040748 0.002687 0.006376 0.013831 0.067381
0.555290 0.277167 0.548588 0.263763 0.550263 0.263763 0.481570 0.275491 0.530158 0.270465 0.436333 0.372667 0.577070 0.377693 0.412877 0.510053 0.602202 0.521781 0.391096 0.625658 0.618956 0.630684 0.448061 0.622307 0.538535 0.627333 0.484921 0.759693 0.536860 0.820009 0.491623 0.902105 0.508377 1.000000 0.068467 0.042777 0.068492 0.045983 0.005450 0.006376 0.017074 0.086203
0.552867 0.278541 0.546207 0.265220 0.547872 0.266885 0.479602 0.275211 0.527891 0.270216 0.436310 0.373452 0.574513 0.376782 0.411333 0.509991 0.599490 0.521646 0.391352 0.624883 0.616141 0.628213 0.449631 0.621553 0.539546 0.628213 0.481268 0.749766 0.532886 0.808044 0.489593 0.901290 0.506244 1.000000 0.059534 0.030409 0.059932 0.032203 0.002783 0.005011 0.013785 0.088790
0.553469 0.278189 0.546785 0.263151 0.546785 0.264821 0.479949 0.274847 0.525063 0.269834 0.436506 0.373430 0.573519 0.376771 0.411443 0.510443 0.598583 0.518798 0.391392 0.625735 0.615292 0.629077 0.451544 0.622393 0.538431 0.627406 0.483291 0.769432 0.525063 0.812875 0.489975 0.914800 0.506684 1.000000 0.053062 0.006937 0.048483 0.021374 0.002783 0.007736 0.012768 0.090589
0.550543 0.278928 0.543968 0.265778 0.545612 0.267422 0.478221 0.277284 0.522600 0.270709 0.437130 0.374260 0.571910 0.375904 0.412475 0.510684 0.594921 0.515615 0.391107 0.622453 0.609714 0.622453 0.453567 0.622453 0.537393 0.627384 0.481509 0.773670 0.520957 0.808186 0.491371 0.911737 0.506164 0.995564 0.035464 0.003782 0.037113 0.014561 0.003218 0.008166 0.011513 0.087020
0.550551 0.275653 0.543867 0.262285 0.545538 0.260613 0.468667 0.270640 0.523813 0.267298 0.438587 0.374249 0.570604 0.375920 0.411849 0.511280 0.592329 0.514622 0.391796 0.621573 0.607369 0.621573 0.453627 0.623244 0.537182 0.626587 0.478693 0.798711 0.518800 0.813751 0.480364 0.962480 0.497076 0.985875 0.041919 0.008800 0.025964 0.011030 0.004089 0.004982 0.011705 0.076330
0.550369 0.278541 0.543709 0.263555 0.545374 0.263555 0.467114 0.271881 0.523728 0.268551 0.438807 0.375117 0.572016 0.375117 0.413831 0.511656 0.593662 0.513321 0.393850 0.621553 0.610313 0.619887 0.452128 0.623218 0.537049 0.626548 0.477105 0.784733 0.523728 0.809709 0.485430 0.937922 0.503747 0.989541 0.031554 0.012114 0.031762 0.020877 0.000352 0.000135 0.013785 0.071946
0.550877 0.276638 0.542604 0.263402 0.545913 0.265056 0.479732 0.273329 0.524404 0.271675 0.436714 0.374256 0.572386 0.375910 0.413551 0.509927 0.597204 0.513236 0.392042 0.625744 0.608786 0.617472 0.453259 0.622435 0.537641 0.627399 0.478077 0.774652 0.526059 0.804434 0.492968 0.918597 0.512823 0.994705 0.018634 0.001315 0.030256 0.022906 0.004621 0.021688 0.011589 0.072240
0.550562 0.274768 0.543876 0.261396 0.545548 0.261396 0.480360 0.271425 0.522147 0.271425 0.435230 0.375057 0.572292 0.375057 0.410158 0.508775 0.597364 0.515461 0.390100 0.627451 0.609064 0.622436 0.453616 0.622436 0.538862 0.627451 0.475346 0.782899 0.525490 0.806299 0.492060 0.928318 0.510447 0.995177 0.006418 0.001541 0.019229 0.018161 0.005702 0.021571 0.009578 0.066599
0.548551 0.272023 0.541796 0.258513 0.543484 0.260202 0.479313 0.270334 0.521531 0.270334 0.433718 0.375035 0.572193 0.375035 0.408387 0.510132 0.595835 0.516887 0.388122 0.624965 0.609344 0.623276 0.453982 0.623276 0.540107 0.626654 0.474247 0.785393 0.524909 0.809035 0.489446 0.934000 0.509710 1.000000 0.007142 0.001390 0.013657 0.013908 0.003398 0.012363 0.007526 0.066048
0.549304 0.274791 0.542618 0.261421 0.545961 0.261421 0.480780 0.271449 0.524234 0.271449 0.435655 0.373399 0.572702 0.376741 0.412256 0.507103 0.597771 0.515460 0.392201 0.620752 0.609471 0.620752 0.452368 0.622423 0.539276 0.627437 0.475766 0.777855 0.529248 0.797910 0.490808 0.931615 0.514206 0.995125 0.016520 0.005528 0.026229 0.023490 0.000441 0.021688 0.010642 0.066263
0.552103 0.268336 0.543491 0.256279 0.546936 0.256279 0.464260 0.268336 0.526267 0.266614 0.434979 0.373403 0.576217 0.376848 0.407421 0.511196 0.600330 0.518085 0.390196 0.626597 0.614110 0.626597 0.448758 0.623152 0.540046 0.626597 0.471150 0.790226 0.527989 0.804005 0.490096 0.957299 0.514210 0.998637 0.006464 0.000892 0.024863 0.024182 0.015672 0.013622 0.014259 0.064007
0.550219 0.274649 0.543467 0.259457 0.545155 0.261145 0.474258 0.272961 0.524898 0.269585 0.435433 0.374242 0.573851 0.375930 0.408425 0.509284 0.602547 0.517724 0.391544 0.625758 0.612676 0.624070 0.452313 0.622382 0.538403 0.627446 0.470882 0.779368 0.526586 0.799624 0.491138 0.938042 0.509706 0.983619 0.002941 0.007310 0.015855 0.022759 0.017020 0.033337 0.011823 0.059286
0.547658 0.266864 0.539071 0.256560 0.544223 0.254842 0.461788 0.268581 0.527049 0.265147 0.432592 0.373342 0.575136 0.376777 0.403397 0.510734 0.599179 0.517603 0.387940 0.625799 0.614636 0.625799 0.449766 0.624082 0.542505 0.625799 0.468658 0.785516 0.537353 0.795821 0.489266 0.958973 0.516745 0.983016 0.000555 0.025260 0.015313 0.031831 0.024146 0.008660 0.009841 0.046723
0.542962 0.265660 0.534283 0.255245 0.541226 0.255245 0.461377 0.267396 0.529076 0.265660 0.430132 0.373283 0.574208 0.376755 0.398887 0.512151 0.598509 0.517358 0.386736 0.633660 0.614132 0.630189 0.450962 0.623245 0.544698 0.626717 0.464849 0.791623 0.529076 0.798566 0.485679 0.966944 0.515189 0.982566 0.011450 0.004881 0.000265 0.008547 0.038721 0.010683 0.005525 0.055051
0.519162 0.270493 0.510452 0.258299 0.522646 0.258299 0.458192 0.268751 0.536582 0.265267 0.428578 0.373270 0.574906 0.376754 0.397223 0.512629 0.597552 0.517855 0.385029 0.636311 0.616713 0.631085 0.451224 0.624117 0.545292 0.625859 0.461676 0.793090 0.527872 0.798316 0.482580 0.972515 0.515678 0.981225 0.017254 0.010855 0.008994 0.005620 0.039165 0.002709 0.004435 0.051708
0.515673 0.270559 0.508707 0.258369 0.519156 0.260111 0.459946 0.268818 0.538313 0.267077 0.430341 0.373307 0.576625 0.376790 0.397252 0.516109 0.599265 0.519592 0.388545 0.638013 0.618421 0.631047 0.449497 0.624081 0.543537 0.625822 0.463429 0.794746 0.533088 0.798229 0.484327 0.977602 0.519156 0.982826 0.010294 0.004710 0.001657 0.022779 0.049778 0.004134 0.008871 0.045195
0.542351 0.265103 0.535366 0.254624 0.542351 0.254624 0.465508 0.265103 0.537112 0.263356 0.434072 0.373382 0.577280 0.376875 0.399143 0.514845 0.601731 0.521831 0.388664 0.635350 0.620942 0.633603 0.448043 0.623125 0.540605 0.626618 0.465508 0.797769 0.537112 0.796023 0.488211 0.984640 0.523140 0.977654 0.006760 0.017875 0.013937 0.039851 0.049444 0.000989 0.014458 0.038288
0.524446 0.269507 0.517462 0.259030 0.527939 0.259030 0.465077 0.269507 0.541908 0.266014 0.433646 0.372530 0.578577 0.377769 0.398723 0.513969 0.603024 0.520954 0.388246 0.630962 0.622231 0.634454 0.447615 0.623977 0.540162 0.625724 0.465077 0.802086 0.538416 0.796847 0.486031 0.988925 0.526192 0.978448 0.004441 0.018145 0.013441 0.045679 0.048624 0.000484 0.015569 0.034355
0.492136 0.271069 0.488641 0.260583 0.497379 0.260583 0.460680 0.269321 0.541068 0.267573 0.429223 0.372428 0.577767 0.377670 0.394272 0.510485 0.600485 0.519223 0.385534 0.629320 0.619708 0.631068 0.448447 0.624077 0.544563 0.625825 0.464175 0.805824 0.537573 0.795339 0.485146 0.994562 0.525340 0.973591 0.007745 0.008692 0.003208 0.029220 0.055564 0.003525 0.008902 0.040596
0.524638 0.269458 0.517599 0.257139 0.528158 0.258898 0.464803 0.267698 0.542237 0.267698 0.429605 0.371530 0.577434 0.378569 0.394408 0.512319 0.602072 0.522878 0.383849 0.633750 0.623191 0.631990 0.448964 0.623191 0.543997 0.626710 0.466563 0.807976 0.536957 0.797417 0.484161 1.000000 0.528158 0.976924 0.001367 0.002471 0.005787 0.029517 0.050369 0.007029 0.008964 0.043343
0.489117 0.274066 0.485634 0.263618 0.496082 0.263618 0.462997 0.270583 0.544839 0.270583 0.429913 0.371579 0.577923 0.378544 0.393345 0.510883 0.600560 0.519590 0.384639 0.637998 0.619715 0.629292 0.449067 0.624068 0.543097 0.625809 0.462997 0.805164 0.529167 0.796457 0.483893 0.994966 0.527426 0.970587 0.010465 0.022744 0.000323 0.018612 0.059945 0.004367 0.009979 0.050364
0.496932 0.273414 0.491673 0.262896 0.502191 0.262896 0.465377 0.269908 0.547771 0.269908 0.430315 0.371587 0.579327 0.378599 0.393500 0.510080 0.603870 0.522352 0.388241 0.634549 0.624907 0.631043 0.447846 0.624030 0.542512 0.625784 0.461870 0.808104 0.530241 0.797585 0.486414 1.000000 0.526734 0.971140 0.015731 0.016268 0.002135 0.024364 0.069260 0.007029 0.012279 0.046903
0.488398 0.275984 0.484828 0.263489 0.495538 0.263489 0.465193 0.268844 0.545517 0.268844 0.427708 0.370589 0.579432 0.379513 0.392008 0.513387 0.604422 0.524097 0.381298 0.638336 0.625841 0.636551 0.449128 0.624057 0.543732 0.625841 0.463408 0.816835 0.538377 0.797200 0.484828 1.000000 0.534807 0.966774 0.009277 0.003246 0.003300 0.035869 0.050762 0.005435 0.009092 0.033480
0.481441 0.273671 0.479630 0.260997 0.486873 0.260997 0.465145 0.268239 0.546624 0.268239 0.427122 0.371445 0.581026 0.378688 0.390909 0.512674 0.604564 0.527159 0.380046 0.632176 0.628102 0.641229 0.447039 0.624934 0.544813 0.624934 0.456092 0.822292 0.543002 0.800565 0.485062 1.000000 0.535760 0.970764 0.028308 0.010255 0.010367 0.043196 0.051038 0.014726 0.010376 0.017873
0.476640 0.278983 0.478437 0.266405 0.478437 0.266405 0.480234 0.268201 0.544922 0.269998 0.429921 0.370624 0.580860 0.379609 0.390390 0.508984 0.606016 0.528750 0.383202 0.622188 0.625782 0.640157 0.446093 0.623985 0.543125 0.625782 0.455078 0.821643 0.544922 0.810862 0.483828 1.000000 0.534141 0.999535 0.029171 0.021260 0.005831 0.051505 0.068402 0.002702 0.013732 0.011369
0.479861 0.278466 0.479861 0.267725 0.485231 0.267725 0.472700 0.269515 0.547887 0.271305 0.429736 0.369765 0.581900 0.380506 0.390352 0.505818 0.605173 0.527300 0.384981 0.615019 0.626655 0.640081 0.445847 0.623969 0.542517 0.625760 0.451218 0.820888 0.535356 0.799406 0.483441 1.000000 0.521035 0.969473 0.038714 0.013623 0.011469 0.037564 0.074049 0.009865 0.014821 0.021798
0.469681 0.283306 0.475031 0.270822 0.469681 0.270822 0.487516 0.272606 0.541020 0.272606 0.432228 0.370697 0.580257 0.379615 0.389424 0.504459 0.603442 0.527644 0.384073 0.609684 0.624844 0.640004 0.446495 0.623952 0.541020 0.625736 0.451846 0.821919 0.537453 0.793383 0.483949 1.000000 0.526752 0.961031 0.038027 0.013518 0.009314 0.043550 0.082410 0.010459 0.015903 0.015372
0.489846 0.273524 0.488080 0.262929 0.496910 0.262929 0.465124 0.268227 0.544589 0.269993 0.429806 0.370648 0.578141 0.379478 0.392722 0.504856 0.601097 0.526047 0.389190 0.607278 0.624054 0.637298 0.447465 0.624937 0.544589 0.624937 0.470421 0.824483 0.555184 0.787399 0.488080 1.000000 0.551652 0.930436 0.010213 0.028588 0.014390 0.063972 0.074841 0.015320 0.010119 0.015729
0.496013 0.274051 0.492468 0.261646 0.503101 0.263418 0.464114 0.268735 0.545633 0.270507 0.430443 0.369747 0.577531 0.380380 0.393228 0.506203 0.602342 0.527468 0.391456 0.605443 0.627152 0.639114 0.448165 0.624936 0.543861 0.624936 0.471203 0.819873 0.549177 0.789746 0.485380 1.000000 0.552721 0.942151 0.016937 0.002865 0.015375 0.053816 0.079067 0.016414 0.010156 0.027180
0.522743 0.274350 0.517392 0.263647 0.526311 0.263647 0.467446 0.268999 0.547716 0.270783 0.431770 0.368891 0.579825 0.381378 0.394310 0.504460 0.603014 0.529433 0.392527 0.609703 0.629771 0.641811 0.446040 0.623974 0.542365 0.625757 0.471013 0.823758 0.547716 0.788082 0.488851 1.000000 0.560203 0.936137 0.014571 0.016292 0.021794 0.058905 0.080418 0.024949 0.014768 0.029094
0.537329 0.276029 0.530302 0.265489 0.540842 0.265489 0.474090 0.270759 0.549625 0.274272 0.435444 0.369131 0.581244 0.381427 0.398554 0.506148 0.604081 0.527228 0.400311 0.611546 0.628674 0.637896 0.444227 0.623843 0.539085 0.625600 0.470576 0.824099 0.544355 0.787210 0.489899 1.000000 0.574218 0.922471 0.013925 0.058791 0.030672 0.064799 0.089018 0.020150 0.021264 0.031267
0.542534 0.279081 0.535590 0.266928 0.546007 0.268665 0.476563 0.273873 0.551215 0.275609 0.438368 0.369358 0.582465 0.381511 0.401910 0.503038 0.605034 0.525607 0.405383 0.605468 0.629340 0.634982 0.441841 0.624565 0.537326 0.624565 0.474827 0.820745 0.552951 0.780814 0.492188 1.000000 0.582465 0.924911 0.028013 0.032581 0.048695 0.090174 0.095537 0.020150 0.026557 0.021300
0.510753 0.286664 0.505591 0.272901 0.512473 0.271180 0.478064 0.278062 0.553764 0.278062 0.436773 0.370966 0.579571 0.379569 0.402364 0.500000 0.600216 0.522366 0.407526 0.599786 0.626023 0.632475 0.447096 0.622152 0.536560 0.627313 0.471182 0.814842 0.540000 0.790756 0.495269 1.000000 0.581291 0.914628 0.004907 0.095716 0.026509 0.061417 0.099402 0.027577 0.020825 0.032883
