0.512876 0.296565 0.528326 0.281114 0.494850 0.281114 0.551503 0.273388 0.474249 0.275964 0.590130 0.381544 0.420171 0.368668 0.636482 0.507725 0.368668 0.481974 0.700860 0.595280 0.348067 0.572104 0.548927 0.626181 0.440772 0.623606 0.538627 0.821891 0.427896 0.816741 0.518026 1.000000 0.463948 0.940347 0.016646 0.111524 0.036374 0.046856 0.089757 0.064272 0.013118 0.004452
0.510614 0.298953 0.525599 0.281471 0.495629 0.281471 0.550574 0.276476 0.473152 0.276476 0.588036 0.381370 0.423203 0.368883 0.632990 0.501249 0.373253 0.483766 0.692930 0.586163 0.350776 0.578670 0.548076 0.626122 0.440685 0.623625 0.538086 0.810935 0.428198 0.808438 0.513112 0.998246 0.463162 0.920824 0.025003 0.117483 0.034325 0.043285 0.081453 0.056522 0.014314 0.004285
0.510042 0.298530 0.525105 0.280956 0.494979 0.283466 0.547700 0.275935 0.472384 0.278445 0.587869 0.381377 0.422173 0.368825 0.635569 0.501883 0.374473 0.486820 0.703353 0.589752 0.351878 0.587241 0.547700 0.627410 0.442258 0.622389 0.537658 0.815700 0.422173 0.803147 0.515063 1.000000 0.459831 0.916121 0.020559 0.137640 0.034554 0.060384 0.089179 0.051838 0.012789 0.018263
0.509416 0.298491 0.524482 0.280914 0.494350 0.283425 0.547081 0.275892 0.469240 0.275892 0.589769 0.381355 0.419020 0.368800 0.637478 0.501883 0.376333 0.489328 0.705275 0.592280 0.353734 0.594791 0.549592 0.627434 0.441619 0.622412 0.539548 0.813249 0.416509 0.793160 0.516949 1.000000 0.456685 0.918711 0.019848 0.145059 0.034325 0.074767 0.084859 0.041154 0.011192 0.029288
0.506871 0.297624 0.521862 0.280135 0.491880 0.282633 0.544348 0.275138 0.466895 0.277636 0.589320 0.380073 0.419424 0.370080 0.639290 0.500000 0.379449 0.492505 0.704250 0.592443 0.354464 0.599939 0.549345 0.627422 0.441911 0.622425 0.541849 0.812309 0.424421 0.799816 0.516865 1.000000 0.451904 0.927238 0.028211 0.098901 0.038105 0.059571 0.069311 0.027731 0.011137 0.018384
0.507534 0.297203 0.520091 0.279623 0.489954 0.282134 0.545206 0.274600 0.467352 0.277111 0.587900 0.380080 0.419635 0.370034 0.640640 0.498116 0.379452 0.495605 0.703425 0.593550 0.356849 0.608619 0.550228 0.628710 0.442237 0.621176 0.542694 0.819578 0.422146 0.794464 0.517580 1.000000 0.452283 0.932592 0.028551 0.105119 0.035306 0.065312 0.051473 0.035749 0.009595 0.024183
0.504973 0.299219 0.519892 0.281814 0.490054 0.284300 0.542270 0.276841 0.465190 0.279327 0.587026 0.378785 0.420433 0.371326 0.639241 0.495649 0.383137 0.495649 0.696430 0.585161 0.360759 0.612512 0.549729 0.627431 0.442812 0.622458 0.542270 0.816401 0.425406 0.791537 0.519892 1.000000 0.450271 0.935751 0.024962 0.086999 0.034835 0.060942 0.047214 0.032550 0.009499 0.020094
0.504998 0.297591 0.517492 0.280099 0.487506 0.282598 0.542481 0.272602 0.465016 0.277600 0.587461 0.377555 0.420036 0.372557 0.642436 0.495002 0.385052 0.500000 0.697411 0.584962 0.365061 0.614948 0.549978 0.627443 0.442526 0.622445 0.542481 0.814858 0.427533 0.797366 0.524989 1.000000 0.447524 0.954795 0.016509 0.067422 0.034667 0.055788 0.035255 0.030469 0.009547 0.014492
0.501903 0.296385 0.517126 0.278625 0.486679 0.281162 0.542499 0.273550 0.463844 0.276087 0.588170 0.377577 0.418174 0.372503 0.641452 0.496828 0.385189 0.501903 0.699809 0.583095 0.369966 0.621154 0.550111 0.626228 0.443546 0.623691 0.545036 0.816522 0.425785 0.808911 0.524738 1.000000 0.441009 0.986518 0.024897 0.057647 0.039860 0.062474 0.055565 0.039029 0.008077 0.021944
0.501269 0.296362 0.516494 0.278599 0.486043 0.281136 0.539332 0.270986 0.460668 0.276061 0.587545 0.377563 0.417530 0.372488 0.640834 0.496828 0.387079 0.504441 0.699198 0.583105 0.374391 0.623705 0.552020 0.626243 0.442905 0.623705 0.544407 0.814022 0.425142 0.814022 0.524107 1.000000 0.435293 0.996725 0.021381 0.047289 0.032270 0.061667 0.055565 0.038457 0.006462 0.016726
0.499362 0.294667 0.514667 0.276812 0.484058 0.279363 0.540174 0.271710 0.458551 0.274261 0.588638 0.376290 0.415188 0.373739 0.642203 0.493623 0.389681 0.503826 0.695768 0.577797 0.379478 0.628811 0.552927 0.626261 0.443246 0.623710 0.545275 0.820116 0.430493 0.817565 0.524870 1.000000 0.430493 1.000000 0.021267 0.020911 0.032609 0.056491 0.044075 0.035705 0.004872 0.008353
0.498731 0.295051 0.511421 0.277284 0.480964 0.279822 0.536802 0.269670 0.455584 0.274746 0.585025 0.376269 0.414975 0.373731 0.640863 0.490482 0.387056 0.505711 0.694162 0.574239 0.381980 0.627538 0.554569 0.625000 0.445431 0.625000 0.544416 0.817893 0.432741 0.820431 0.526650 1.000000 0.427665 1.000000 0.012886 0.012375 0.022046 0.059036 0.035654 0.053101 0.000005 0.003905
0.496843 0.294195 0.511995 0.276518 0.481692 0.279043 0.534722 0.271468 0.456440 0.273993 0.585226 0.375002 0.413511 0.375002 0.640781 0.488636 0.390784 0.503788 0.693811 0.569444 0.385734 0.622473 0.554924 0.624998 0.446339 0.624998 0.547348 0.814390 0.436238 0.816915 0.527146 1.000000 0.428663 1.000000 0.020658 0.004182 0.025670 0.058298 0.040119 0.042063 0.001605 0.004014
0.494975 0.294608 0.510050 0.279534 0.479901 0.282046 0.532662 0.271996 0.454776 0.277021 0.582910 0.375006 0.414577 0.375006 0.640696 0.485554 0.389453 0.505653 0.690945 0.565951 0.389453 0.623737 0.555274 0.626250 0.447239 0.623737 0.545224 0.812170 0.437189 0.812170 0.527637 0.993066 0.432164 0.993066 0.013661 0.008120 0.017685 0.058521 0.024489 0.060475 0.003200 0.000231
0.496212 0.294202 0.511363 0.276527 0.481062 0.279052 0.534089 0.271476 0.455810 0.274001 0.584592 0.375006 0.412883 0.375006 0.642669 0.483587 0.390157 0.503788 0.693172 0.566916 0.392682 0.622468 0.554290 0.624994 0.448235 0.624994 0.546715 0.809328 0.440660 0.814378 0.531564 0.988611 0.440660 0.998712 0.013761 0.012725 0.025322 0.057443 0.017093 0.062371 0.003215 0.000329
0.498087 0.293370 0.513393 0.275513 0.482781 0.278064 0.536352 0.270411 0.457271 0.275513 0.587371 0.375002 0.413904 0.375002 0.646044 0.487245 0.390945 0.502551 0.694513 0.571428 0.390945 0.612243 0.554208 0.624998 0.444516 0.624998 0.551657 0.813771 0.447067 0.818873 0.536352 0.997442 0.452169 1.000000 0.022163 0.004187 0.037678 0.034596 0.012967 0.056689 0.001623 0.008490
0.496906 0.293319 0.511757 0.278468 0.479579 0.280943 0.534034 0.273518 0.457303 0.278468 0.583539 0.375002 0.415224 0.375002 0.640469 0.486386 0.392947 0.501238 0.687498 0.573019 0.392947 0.617573 0.553836 0.624998 0.447402 0.624998 0.548886 0.805689 0.447402 0.810640 0.536509 0.978955 0.457303 0.998756 0.013979 0.016738 0.028924 0.040747 0.007908 0.055600 0.001575 0.008718
0.498762 0.295792 0.513614 0.278465 0.483911 0.280941 0.535891 0.271040 0.459158 0.275990 0.582921 0.375000 0.417079 0.375000 0.639851 0.488861 0.394802 0.503713 0.686881 0.577970 0.389851 0.622525 0.553218 0.625000 0.446782 0.625000 0.548267 0.803218 0.444307 0.810644 0.543317 0.974010 0.459158 0.998762 0.000373 0.029322 0.028803 0.041886 0.006994 0.041296 0.000004 0.004595
0.501250 0.297510 0.516249 0.280011 0.486251 0.282511 0.538748 0.270011 0.458752 0.275011 0.586246 0.375006 0.416254 0.375006 0.638743 0.495000 0.393755 0.507500 0.691240 0.582496 0.386256 0.629993 0.551247 0.624994 0.446253 0.624994 0.546248 0.809985 0.443753 0.817484 0.543748 0.982476 0.466252 1.000000 0.003990 0.042658 0.035675 0.042149 0.040746 0.034078 0.003182 0.004468
0.504397 0.293344 0.516960 0.275757 0.486809 0.278269 0.539572 0.268219 0.459171 0.273244 0.584798 0.373745 0.416458 0.376258 0.640074 0.494347 0.391333 0.509422 0.690324 0.587310 0.381283 0.630023 0.552135 0.624998 0.446609 0.624998 0.547110 0.808413 0.449121 0.818463 0.544597 0.961678 0.469222 1.000000 0.003501 0.030145 0.032431 0.034262 0.020942 0.032896 0.001601 0.012852
0.503731 0.294164 0.518656 0.276752 0.488807 0.279240 0.538555 0.271777 0.461445 0.276752 0.585817 0.373762 0.416671 0.376250 0.640540 0.495647 0.389309 0.505597 0.685314 0.590170 0.379359 0.627481 0.550992 0.624994 0.446520 0.624994 0.541043 0.806577 0.451495 0.819014 0.546018 0.948361 0.471394 1.000000 0.028588 0.025223 0.026419 0.029855 0.006484 0.040430 0.003167 0.025584
0.506250 0.292510 0.521249 0.275011 0.491250 0.277511 0.541248 0.270011 0.463752 0.275011 0.586246 0.375006 0.416254 0.375006 0.641243 0.497500 0.386256 0.505000 0.683741 0.592495 0.373756 0.622494 0.551247 0.624994 0.446253 0.624994 0.543748 0.807485 0.451252 0.822484 0.548748 0.947478 0.473751 1.000000 0.024437 0.028980 0.031201 0.029959 0.000446 0.038457 0.003182 0.021131
0.507499 0.292542 0.522496 0.275045 0.490002 0.277544 0.542491 0.270046 0.462507 0.275045 0.587483 0.375025 0.417516 0.375025 0.639972 0.497501 0.385023 0.504999 0.679964 0.594981 0.370026 0.622476 0.549990 0.624975 0.445011 0.624975 0.542491 0.804939 0.452509 0.817437 0.549990 0.959908 0.475005 1.000000 0.028645 0.024171 0.034138 0.022478 0.004957 0.037562 0.006365 0.025650
0.508248 0.295075 0.523474 0.277310 0.490483 0.279848 0.543777 0.272235 0.465106 0.274772 0.586919 0.376283 0.416888 0.373746 0.640212 0.500634 0.381359 0.505710 0.680817 0.602145 0.363595 0.622448 0.551390 0.624986 0.444803 0.624986 0.541239 0.805168 0.449879 0.820394 0.548852 0.967585 0.475257 1.000000 0.032824 0.031813 0.027253 0.026957 0.007762 0.035644 0.004847 0.026180
0.509467 0.294258 0.524613 0.276586 0.491796 0.279111 0.544809 0.271537 0.466551 0.276586 0.587725 0.377564 0.418587 0.372515 0.638214 0.501262 0.378195 0.498738 0.676080 0.602240 0.360524 0.607289 0.549858 0.624960 0.443831 0.624960 0.542284 0.806720 0.448880 0.816818 0.547333 0.980907 0.479173 1.000000 0.022479 0.040215 0.035090 0.023351 0.009153 0.047214 0.008037 0.021630
0.512435 0.296682 0.524871 0.279273 0.495026 0.281760 0.547254 0.274298 0.467668 0.276785 0.587047 0.378755 0.417927 0.371294 0.634302 0.500622 0.378134 0.493161 0.671608 0.600105 0.360724 0.592643 0.549741 0.624975 0.445284 0.624975 0.544767 0.811505 0.452746 0.818967 0.547254 0.998036 0.482590 1.000000 0.012730 0.036353 0.039379 0.021959 0.003544 0.045318 0.006334 0.020723
0.511815 0.296664 0.526738 0.279253 0.494404 0.281741 0.546637 0.274279 0.467043 0.274279 0.586433 0.378745 0.417298 0.371283 0.633692 0.503109 0.372527 0.493160 0.671001 0.602601 0.360090 0.592651 0.551611 0.624986 0.444658 0.624986 0.549124 0.814020 0.454607 0.821482 0.546637 1.000000 0.476993 1.000000 0.000000 0.020934 0.040529 0.018092 0.001396 0.072476 0.004750 0.020291
0.513124 0.296273 0.528122 0.281275 0.495625 0.281275 0.548120 0.273775 0.470628 0.273775 0.585615 0.378764 0.418134 0.371264 0.633110 0.503750 0.370640 0.488751 0.670606 0.606238 0.365640 0.581241 0.550619 0.626236 0.445631 0.623736 0.548120 0.813715 0.455630 0.821214 0.545620 1.000000 0.478127 1.000000 0.000133 0.022944 0.040473 0.018428 0.003954 0.105096 0.004774 0.020347
0.513679 0.297926 0.528601 0.280516 0.498756 0.280516 0.550985 0.275542 0.471399 0.273055 0.585804 0.379999 0.419170 0.370051 0.633058 0.504352 0.369429 0.484456 0.667877 0.606322 0.364455 0.571503 0.550985 0.626219 0.444041 0.623732 0.548498 0.812749 0.456476 0.820210 0.546011 0.996792 0.481347 0.996792 0.000134 0.024420 0.040473 0.010988 0.010853 0.112378 0.006334 0.024364
0.513816 0.294639 0.528889 0.279567 0.498744 0.279567 0.551497 0.272031 0.473623 0.269519 0.586666 0.380049 0.418358 0.370001 0.631883 0.505652 0.368117 0.483044 0.667052 0.608646 0.365605 0.568453 0.548985 0.626231 0.445991 0.623719 0.551497 0.817147 0.458551 0.819659 0.551497 1.000000 0.481160 1.000000 0.004188 0.019207 0.052534 0.014155 0.005255 0.123766 0.006397 0.016189
0.516703 0.297092 0.531550 0.279770 0.501856 0.282245 0.551346 0.274821 0.474636 0.272347 0.585989 0.381225 0.420198 0.368852 0.630529 0.504949 0.368233 0.480204 0.665172 0.606403 0.373182 0.559388 0.548871 0.626199 0.444943 0.623724 0.551346 0.811786 0.457315 0.814260 0.553820 0.992423 0.482060 0.989949 0.000134 0.023899 0.052109 0.010168 0.005255 0.158851 0.007878 0.016397
0.515461 0.297151 0.530304 0.279835 0.500618 0.279835 0.552567 0.274888 0.473407 0.274888 0.587200 0.381259 0.421458 0.368891 0.629254 0.504948 0.367035 0.477736 0.666361 0.608846 0.371983 0.556897 0.547620 0.626162 0.443722 0.623688 0.550094 0.809220 0.456091 0.811694 0.547620 0.984857 0.480828 0.984857 0.008784 0.024256 0.055304 0.006832 0.004866 0.167452 0.011026 0.016610
0.516162 0.295489 0.531081 0.280570 0.501243 0.280570 0.550972 0.275597 0.473892 0.275597 0.585783 0.382515 0.421677 0.367596 0.628052 0.506838 0.366975 0.477000 0.665349 0.611269 0.374434 0.554080 0.548486 0.626188 0.444055 0.623701 0.550972 0.810185 0.456487 0.810185 0.545999 0.989210 0.478865 0.984237 0.013141 0.019513 0.052647 0.006553 0.004866 0.178292 0.009499 0.016888
0.514299 0.295461 0.529220 0.280541 0.499378 0.280541 0.551601 0.275567 0.474510 0.273080 0.586416 0.382499 0.419801 0.367578 0.628692 0.506839 0.365092 0.476997 0.665993 0.613771 0.372552 0.554088 0.549114 0.626205 0.444669 0.623718 0.546627 0.810227 0.457103 0.812714 0.541654 0.996737 0.479484 0.986790 0.004188 0.019792 0.044045 0.009896 0.002517 0.178292 0.007917 0.025213
0.513744 0.296342 0.531236 0.281348 0.498751 0.281348 0.551227 0.278849 0.473762 0.273852 0.586211 0.383802 0.421285 0.366310 0.631191 0.511245 0.363811 0.478760 0.671173 0.618697 0.373807 0.558724 0.548728 0.626193 0.443775 0.623694 0.546229 0.811110 0.456270 0.811110 0.538733 0.998526 0.478760 0.978535 0.008424 0.021314 0.044535 0.006553 0.005390 0.189984 0.009547 0.025491
0.514993 0.295092 0.529987 0.280099 0.500000 0.280099 0.552476 0.277600 0.472512 0.272602 0.587461 0.382553 0.420036 0.367560 0.632440 0.509996 0.362562 0.482508 0.672422 0.619946 0.375056 0.564971 0.549978 0.624944 0.442526 0.624944 0.547479 0.814858 0.457519 0.812359 0.537483 1.000000 0.477510 0.974786 0.012772 0.013569 0.044648 0.002330 0.003017 0.195448 0.009547 0.029599
0.514443 0.295919 0.532025 0.280848 0.499372 0.280848 0.552119 0.275825 0.471743 0.273313 0.587284 0.381319 0.418995 0.368760 0.632496 0.509419 0.363736 0.486813 0.672684 0.619937 0.373784 0.577237 0.549607 0.624961 0.444113 0.624961 0.554631 0.810832 0.454160 0.805808 0.544584 1.000000 0.479278 0.974097 0.025339 0.029495 0.057437 0.013441 0.003017 0.174577 0.007996 0.009065
0.515389 0.298706 0.527701 0.281470 0.498153 0.281470 0.549862 0.279008 0.473530 0.276546 0.586796 0.379963 0.419359 0.370113 0.631118 0.508003 0.367651 0.488304 0.668052 0.613882 0.372576 0.581872 0.549862 0.626193 0.443983 0.623731 0.554786 0.818253 0.448907 0.808404 0.537550 1.000000 0.478455 0.948756 0.036650 0.057562 0.055553 0.022321 0.000770 0.148012 0.007839 0.000318
0.516086 0.298307 0.528460 0.280984 0.498763 0.280984 0.548258 0.278509 0.474015 0.276034 0.587854 0.379974 0.417095 0.370075 0.632400 0.506187 0.370075 0.488864 0.667046 0.615076 0.372550 0.587854 0.550733 0.624976 0.444318 0.624976 0.553207 0.815532 0.444318 0.808108 0.540834 1.000000 0.478965 0.941745 0.025323 0.080747 0.051998 0.033866 0.009944 0.127930 0.006302 0.004134
0.512927 0.297475 0.527701 0.280239 0.498153 0.282701 0.547399 0.280239 0.473530 0.277777 0.586796 0.378731 0.419359 0.371344 0.631118 0.504309 0.375038 0.489535 0.663128 0.612651 0.372576 0.595414 0.549862 0.624962 0.443983 0.624962 0.549862 0.817022 0.436596 0.802248 0.540012 1.000000 0.475993 0.930288 0.016738 0.108270 0.047393 0.044062 0.016556 0.106799 0.007839 0.013255
0.510414 0.297855 0.525115 0.280703 0.495712 0.280703 0.547167 0.278253 0.471210 0.278253 0.586371 0.378713 0.419755 0.371362 0.630476 0.503675 0.378100 0.493874 0.659878 0.609036 0.370750 0.599235 0.549617 0.626188 0.444257 0.623737 0.549617 0.819757 0.432006 0.802605 0.537366 1.000000 0.476110 0.925117 0.020911 0.131762 0.046931 0.052575 0.021373 0.082151 0.007800 0.021768
0.510571 0.292934 0.523007 0.278010 0.493160 0.278010 0.545393 0.275523 0.468287 0.275523 0.585190 0.377501 0.418541 0.372527 0.632448 0.501865 0.378745 0.499378 0.659808 0.608819 0.371283 0.613793 0.550368 0.626230 0.445902 0.623742 0.550368 0.827700 0.430978 0.805314 0.537931 1.000000 0.473262 0.932166 0.019869 0.128520 0.044276 0.060635 0.035875 0.076037 0.004750 0.026104
0.508617 0.295040 0.523389 0.277806 0.493845 0.277806 0.545547 0.277806 0.469225 0.277806 0.587400 0.376286 0.419986 0.373824 0.631716 0.496923 0.380594 0.499384 0.656336 0.602788 0.370746 0.615098 0.548009 0.624945 0.444605 0.624945 0.552933 0.824366 0.432296 0.797284 0.538161 1.000000 0.474149 0.935155 0.031687 0.116513 0.057868 0.053805 0.039326 0.069742 0.009406 0.030556
0.508042 0.292143 0.522889 0.274821 0.490721 0.277296 0.545159 0.274821 0.468450 0.277296 0.587226 0.376276 0.418960 0.373801 0.636716 0.495051 0.384318 0.500000 0.656511 0.598980 0.369471 0.618775 0.550108 0.626199 0.443705 0.623724 0.552583 0.824158 0.433807 0.801888 0.537736 1.000000 0.470925 0.942934 0.028416 0.099574 0.050909 0.049079 0.065753 0.045695 0.007878 0.021644
0.505568 0.292143 0.520415 0.274821 0.490721 0.274821 0.542685 0.274821 0.465976 0.277296 0.587226 0.376276 0.418960 0.373801 0.636716 0.495051 0.384318 0.502474 0.654037 0.596505 0.371945 0.618775 0.550108 0.626199 0.443705 0.623724 0.552583 0.824158 0.431333 0.791990 0.540210 1.000000 0.465976 0.962730 0.024890 0.087083 0.050909 0.054777 0.071839 0.049978 0.007878 0.027342
0.505568 0.289668 0.517940 0.272347 0.488246 0.274821 0.540210 0.274821 0.465976 0.277296 0.587226 0.376276 0.418960 0.373801 0.636716 0.495051 0.384318 0.502474 0.651562 0.594031 0.371945 0.621250 0.550108 0.626199 0.443705 0.623724 0.552583 0.824158 0.431333 0.804362 0.540210 1.000000 0.458552 0.977576 0.024619 0.071383 0.050909 0.053182 0.078273 0.050676 0.007878 0.025747
0.503658 0.289644 0.515853 0.272572 0.486586 0.275011 0.537803 0.275011 0.464636 0.277450 0.584142 0.375006 0.418297 0.375006 0.635359 0.492074 0.389030 0.504268 0.649993 0.589630 0.374396 0.621336 0.552437 0.626213 0.445125 0.623775 0.552437 0.818887 0.432930 0.804254 0.537803 1.000000 0.450002 0.982294 0.024437 0.051904 0.039964 0.055670 0.083881 0.031292 0.003104 0.021475
0.500613 0.289218 0.515318 0.272062 0.485907 0.272062 0.534926 0.272062 0.461398 0.276963 0.583945 0.375001 0.417280 0.375001 0.637866 0.492647 0.385418 0.507353 0.645219 0.590685 0.373163 0.624999 0.552083 0.624999 0.446692 0.624999 0.554534 0.816173 0.429535 0.811271 0.542279 0.995092 0.436888 0.990190 0.025849 0.042309 0.044432 0.066512 0.112969 0.042161 0.001562 0.033316
0.500610 0.287198 0.515244 0.270125 0.483537 0.272564 0.537195 0.272564 0.461586 0.275003 0.583536 0.375001 0.417684 0.375001 0.637194 0.492073 0.388416 0.506707 0.644511 0.589633 0.378660 0.623779 0.551829 0.626218 0.446952 0.623779 0.556707 0.816460 0.432318 0.811582 0.544512 0.996945 0.427440 0.996945 0.029635 0.016379 0.048124 0.062030 0.112969 0.043140 0.001553 0.032913
0.497561 0.284756 0.512195 0.267683 0.480488 0.270122 0.534146 0.270122 0.458537 0.275000 0.582927 0.375000 0.417073 0.375000 0.634146 0.489634 0.387805 0.506707 0.641463 0.587195 0.378049 0.623780 0.553659 0.626220 0.446341 0.623780 0.556098 0.816463 0.431707 0.814024 0.546341 0.999390 0.414634 1.000000 0.021041 0.004053 0.040999 0.061714 0.109924 0.043140 0.000004 0.028518
