0.556061 0.302273 0.565152 0.290152 0.540909 0.287121 0.562121 0.296212 0.498485 0.287121 0.571212 0.368939 0.428788 0.381061 0.668182 0.320455 0.386364 0.499242 0.613636 0.247727 0.374242 0.617424 0.546970 0.623485 0.453030 0.626515 0.531818 0.802273 0.462121 0.811364 0.492424 1.000000 0.443939 1.000000 0.034093 0.041746 0.003312 0.015694 0.557249 0.077171 0.000005 0.042553
0.556061 0.302273 0.565152 0.290152 0.540909 0.287121 0.562121 0.296212 0.498485 0.287121 0.571212 0.368939 0.428788 0.381061 0.668182 0.320455 0.386364 0.499242 0.616667 0.250758 0.374242 0.617424 0.546970 0.623485 0.453030 0.626515 0.531818 0.802273 0.462121 0.811364 0.492424 1.000000 0.446970 1.000000 0.033217 0.037711 0.003312 0.015694 0.555023 0.077171 0.000005 0.042553
0.556882 0.304655 0.565864 0.292680 0.541913 0.289686 0.565864 0.298667 0.500000 0.289686 0.571851 0.370518 0.431143 0.379500 0.670646 0.325611 0.389230 0.499252 0.619752 0.250766 0.374261 0.616010 0.544907 0.624991 0.452099 0.624991 0.529938 0.795637 0.464074 0.801625 0.491019 0.993228 0.461081 1.000000 0.034054 0.026094 0.005729 0.005559 0.554287 0.066579 0.003812 0.049398
0.556467 0.304249 0.565501 0.292203 0.544420 0.289191 0.568513 0.298226 0.499247 0.289191 0.571525 0.370503 0.432993 0.379538 0.670906 0.328341 0.384808 0.503012 0.622721 0.256064 0.366739 0.626485 0.544420 0.623474 0.451062 0.626485 0.526351 0.801156 0.457085 0.807179 0.493224 0.999918 0.469132 1.000000 0.020309 0.007563 0.001715 0.012643 0.559452 0.072179 0.005751 0.042866
0.557155 0.303387 0.569348 0.291193 0.544962 0.288145 0.569348 0.297290 0.499238 0.288145 0.572396 0.370448 0.432176 0.379593 0.676038 0.327773 0.383404 0.501524 0.624217 0.254614 0.355969 0.626503 0.544962 0.623455 0.450466 0.626503 0.529721 0.806351 0.456562 0.806351 0.496190 1.000000 0.474852 1.000000 0.027715 0.017227 0.007917 0.012750 0.571839 0.052337 0.005822 0.037251
0.556731 0.302973 0.565931 0.287641 0.541399 0.284574 0.568998 0.296840 0.498467 0.284574 0.575131 0.370438 0.431002 0.379637 0.676327 0.327506 0.378871 0.502300 0.624196 0.253908 0.348205 0.624962 0.544465 0.624962 0.449402 0.624962 0.526066 0.808956 0.449402 0.808956 0.489267 1.000000 0.473934 1.000000 0.028187 0.038396 0.006442 0.023829 0.568458 0.049940 0.007810 0.031726
0.557559 0.302331 0.566647 0.290213 0.542412 0.287184 0.569677 0.296272 0.500000 0.287184 0.575735 0.372007 0.430324 0.378066 0.675706 0.329596 0.378823 0.502272 0.627235 0.256890 0.348529 0.623449 0.545441 0.626478 0.448500 0.623449 0.530294 0.808243 0.451529 0.805213 0.490912 0.996066 0.475765 1.000000 0.039325 0.033676 0.011253 0.018231 0.559452 0.047135 0.007715 0.031769
0.557212 0.302768 0.569257 0.290723 0.542156 0.287712 0.569257 0.296746 0.500000 0.287712 0.575279 0.372025 0.430743 0.378047 0.674648 0.329869 0.379553 0.501506 0.626469 0.257600 0.349441 0.621953 0.545168 0.624964 0.448810 0.624964 0.530112 0.805634 0.451821 0.802623 0.490966 0.992327 0.475911 0.998349 0.039325 0.033586 0.011253 0.017855 0.559452 0.047135 0.007669 0.031859
0.554862 0.301888 0.567053 0.289697 0.542670 0.286649 0.570101 0.295792 0.496952 0.286649 0.576197 0.371989 0.429899 0.378085 0.676777 0.329319 0.378085 0.503048 0.624963 0.256170 0.344558 0.624963 0.545718 0.624963 0.448186 0.624963 0.530479 0.810883 0.439043 0.807835 0.490856 0.996804 0.454282 1.000000 0.040804 0.040720 0.012134 0.039438 0.568458 0.039691 0.007762 0.010131
0.555056 0.305073 0.566960 0.293169 0.543152 0.287217 0.566960 0.299121 0.498512 0.287217 0.572912 0.370545 0.430064 0.379473 0.674095 0.328881 0.379473 0.501488 0.620527 0.257458 0.349713 0.620527 0.546128 0.623503 0.450896 0.626479 0.540176 0.799086 0.459824 0.805038 0.495536 0.980621 0.483632 0.998477 0.065964 0.023078 0.022792 0.010880 0.580499 0.047135 0.003789 0.026688
0.555146 0.305886 0.566911 0.291180 0.543382 0.288239 0.566911 0.297062 0.499265 0.285298 0.572793 0.370590 0.428678 0.379414 0.672791 0.329415 0.381620 0.500000 0.619851 0.255887 0.352208 0.620586 0.546323 0.623527 0.452207 0.626468 0.546323 0.797054 0.472795 0.808818 0.490441 0.955874 0.499265 0.999991 0.107692 0.008008 0.033191 0.005562 0.574299 0.042283 0.001874 0.035787
0.556952 0.305477 0.565827 0.290684 0.545118 0.287726 0.565827 0.296601 0.497781 0.284767 0.574703 0.370564 0.426776 0.379440 0.675293 0.329145 0.379440 0.500740 0.622039 0.258140 0.355772 0.622039 0.548076 0.622039 0.450445 0.627956 0.548076 0.799551 0.471154 0.814344 0.485947 0.956353 0.491864 1.000000 0.120082 0.001586 0.033578 0.004997 0.580499 0.057094 0.001884 0.035223
0.556213 0.303994 0.565089 0.289201 0.541420 0.286243 0.568047 0.295118 0.497041 0.283284 0.573964 0.369083 0.426035 0.380917 0.677515 0.327663 0.381657 0.505177 0.621302 0.256657 0.357988 0.626479 0.547337 0.623521 0.452663 0.626479 0.544379 0.798077 0.467456 0.809911 0.485207 0.963757 0.488166 1.000000 0.103793 0.006569 0.027796 0.008766 0.592034 0.047849 0.000005 0.031009
0.556213 0.303994 0.565089 0.289201 0.541420 0.286243 0.568047 0.295118 0.497041 0.283284 0.573964 0.369083 0.426035 0.380917 0.674556 0.327663 0.381657 0.505177 0.621302 0.256657 0.357988 0.626479 0.547337 0.623521 0.452663 0.626479 0.544379 0.798077 0.467456 0.809911 0.485207 0.963757 0.488166 1.000000 0.103793 0.006569 0.027796 0.008766 0.580499 0.047849 0.000005 0.031009
0.551900 0.301904 0.560671 0.287284 0.537280 0.284360 0.563595 0.293132 0.493421 0.284360 0.572367 0.369154 0.426171 0.380850 0.671781 0.322371 0.382312 0.506579 0.619150 0.255121 0.361844 0.629384 0.548976 0.623536 0.452486 0.626460 0.537280 0.807743 0.475878 0.822363 0.490497 0.974407 0.493421 1.000000 0.066925 0.010992 0.009005 0.003852 0.571366 0.054269 0.001863 0.058011
0.547675 0.299909 0.559233 0.285462 0.533228 0.282573 0.559233 0.294130 0.489887 0.282573 0.570790 0.369255 0.423431 0.380812 0.671919 0.323024 0.382979 0.507946 0.617021 0.253679 0.362753 0.629301 0.550565 0.623522 0.455214 0.626411 0.533228 0.808444 0.478329 0.822891 0.489887 0.976029 0.489887 1.000000 0.050802 0.019363 0.004486 0.003689 0.576668 0.045488 0.007358 0.067031
0.547131 0.300766 0.558556 0.286484 0.532849 0.283628 0.561413 0.295054 0.490003 0.283628 0.569982 0.369320 0.424305 0.380745 0.669956 0.320761 0.384316 0.506427 0.612828 0.255064 0.367178 0.629252 0.549987 0.623539 0.455726 0.626396 0.527136 0.806349 0.475721 0.817774 0.484290 0.972020 0.487146 1.000000 0.040973 0.015222 0.014599 0.007358 0.583903 0.053926 0.007275 0.072719
0.543783 0.298742 0.557906 0.284618 0.529659 0.278969 0.563555 0.293092 0.487289 0.281794 0.572029 0.369359 0.425146 0.380657 0.670893 0.318514 0.385601 0.507768 0.614399 0.253547 0.365828 0.626404 0.549432 0.623580 0.453393 0.626404 0.524010 0.804359 0.473166 0.810008 0.478815 0.968190 0.490114 1.000000 0.041208 0.008045 0.016251 0.002285 0.576628 0.043440 0.003595 0.078619
0.544944 0.296348 0.556180 0.285112 0.528090 0.279494 0.564607 0.293539 0.485955 0.279494 0.573034 0.369382 0.426966 0.380618 0.674157 0.318820 0.387640 0.507023 0.615169 0.254213 0.370787 0.625000 0.547753 0.625000 0.452247 0.625000 0.522472 0.801966 0.469101 0.813202 0.474719 0.950843 0.491573 1.000000 0.053632 0.007285 0.013788 0.004382 0.587958 0.050841 0.000005 0.073597
0.544944 0.296348 0.556180 0.285112 0.528090 0.279494 0.564607 0.293539 0.485955 0.279494 0.573034 0.369382 0.426966 0.380618 0.674157 0.318820 0.387640 0.507023 0.612360 0.254213 0.370787 0.625000 0.547753 0.625000 0.452247 0.625000 0.522472 0.801966 0.469101 0.813202 0.474719 0.953652 0.491573 1.000000 0.051915 0.007285 0.013788 0.004382 0.595344 0.050841 0.000005 0.073597
0.542597 0.295394 0.553770 0.281428 0.525838 0.278635 0.564943 0.292601 0.483939 0.281428 0.576116 0.370812 0.425281 0.379192 0.673880 0.320534 0.386175 0.507681 0.612428 0.253495 0.369415 0.624998 0.548184 0.624998 0.450420 0.624998 0.525838 0.803766 0.453213 0.812146 0.492319 0.979741 0.495112 1.000000 0.020329 0.063387 0.004744 0.027691 0.584969 0.048874 0.001778 0.044334
0.539770 0.296888 0.553974 0.285525 0.525567 0.279844 0.562496 0.294047 0.482956 0.279844 0.573859 0.370747 0.423300 0.379269 0.678966 0.322455 0.383530 0.507102 0.613629 0.257118 0.366486 0.629253 0.551133 0.623572 0.451708 0.626412 0.536929 0.805378 0.454548 0.822422 0.494319 0.984344 0.500000 1.000000 0.049585 0.064068 0.003717 0.031815 0.612906 0.051878 0.003618 0.029431
0.539578 0.301416 0.553465 0.287529 0.522913 0.281975 0.561797 0.295862 0.481253 0.281975 0.572907 0.370851 0.422927 0.379183 0.675670 0.326413 0.384044 0.506943 0.611790 0.262533 0.364602 0.623594 0.550687 0.623594 0.453479 0.626371 0.542355 0.809679 0.467366 0.823566 0.509027 0.976323 0.500694 1.000000 0.048590 0.029482 0.013669 0.016764 0.620082 0.041473 0.005304 0.036623
0.537068 0.299559 0.550797 0.285831 0.520593 0.283085 0.561780 0.296814 0.479407 0.283085 0.570017 0.370949 0.421746 0.379187 0.671610 0.327017 0.380559 0.505491 0.611203 0.263865 0.361339 0.620813 0.553542 0.623559 0.454695 0.626305 0.545305 0.804779 0.471170 0.818508 0.517847 0.969525 0.498627 1.000000 0.038110 0.015538 0.006271 0.014976 0.613010 0.047767 0.010490 0.041676
0.538441 0.296814 0.552169 0.283085 0.521966 0.277593 0.560407 0.294068 0.478034 0.280339 0.571390 0.370949 0.420373 0.379187 0.670237 0.324271 0.376441 0.500000 0.604339 0.261119 0.357220 0.618068 0.554915 0.623559 0.453322 0.626305 0.557661 0.796542 0.472542 0.813017 0.519220 0.958542 0.497254 1.000000 0.079212 0.005363 0.025782 0.009540 0.616340 0.059650 0.010490 0.027600
0.538441 0.296814 0.552169 0.283085 0.521966 0.277593 0.560407 0.294068 0.478034 0.280339 0.571390 0.370949 0.420373 0.379187 0.670237 0.324271 0.376441 0.500000 0.604339 0.261119 0.357220 0.618068 0.554915 0.623559 0.453322 0.626305 0.557661 0.796542 0.469797 0.815763 0.519220 0.958542 0.494508 1.000000 0.079212 0.010914 0.025782 0.014583 0.616340 0.059650 0.010490 0.022557
0.538194 0.294705 0.551835 0.283792 0.521825 0.278336 0.560020 0.294705 0.478175 0.278336 0.568204 0.371094 0.418155 0.379278 0.666418 0.324715 0.374504 0.502046 0.598214 0.259239 0.349951 0.616629 0.557292 0.622086 0.456349 0.627542 0.573661 0.804873 0.472718 0.818514 0.524554 0.960379 0.497272 1.000000 0.125794 0.012366 0.042260 0.021373 0.616063 0.041546 0.017377 0.001219
0.540896 0.294840 0.551801 0.283934 0.527264 0.278481 0.557254 0.294840 0.478189 0.278481 0.565433 0.371178 0.418208 0.379357 0.663583 0.322103 0.374586 0.502045 0.595423 0.262123 0.347322 0.622006 0.559980 0.622006 0.456378 0.627459 0.570886 0.801947 0.470010 0.823758 0.535443 0.965530 0.494547 1.000000 0.087185 0.016455 0.026187 0.026520 0.622707 0.037605 0.020843 0.002800
0.545122 0.297287 0.553204 0.283818 0.528959 0.278430 0.550510 0.294593 0.483163 0.283818 0.561285 0.367327 0.418511 0.383490 0.666346 0.324225 0.375409 0.502020 0.593612 0.275736 0.348470 0.620550 0.558591 0.620550 0.461612 0.628632 0.580142 0.798345 0.483163 0.825284 0.542428 0.962671 0.496633 1.000000 0.110207 0.013555 0.041782 0.020656 0.688910 0.039882 0.025753 0.003652
0.547654 0.300116 0.552949 0.286879 0.531770 0.284231 0.547654 0.297469 0.486763 0.286879 0.558244 0.368950 0.417929 0.382188 0.661496 0.326591 0.380864 0.503971 0.590014 0.276289 0.351742 0.620460 0.560892 0.620460 0.462935 0.628402 0.582071 0.800488 0.484115 0.821667 0.552949 0.969925 0.500000 1.000000 0.091457 0.009667 0.033926 0.022806 0.680887 0.016062 0.030384 0.002533
0.545120 0.298595 0.552967 0.288132 0.534657 0.282901 0.547736 0.295979 0.484960 0.282901 0.558198 0.371833 0.414337 0.379680 0.649746 0.324751 0.380334 0.505231 0.584355 0.261976 0.354177 0.620320 0.563430 0.620320 0.464035 0.628167 0.589586 0.795569 0.484960 0.816494 0.571276 0.983895 0.500654 1.000000 0.078011 0.011095 0.040460 0.027610 0.605295 0.013054 0.035039 0.011938
0.545120 0.298595 0.552967 0.288132 0.534657 0.282901 0.547736 0.295979 0.484960 0.282901 0.558198 0.371833 0.414337 0.379680 0.649746 0.324751 0.377718 0.505231 0.584355 0.261976 0.354177 0.620320 0.563430 0.620320 0.464035 0.628167 0.589586 0.795569 0.484960 0.816494 0.571276 0.981280 0.500654 1.000000 0.078442 0.011095 0.040460 0.027610 0.605295 0.026111 0.035039 0.011938
0.544887 0.300287 0.552693 0.287277 0.534478 0.282072 0.547489 0.295083 0.485038 0.282072 0.557897 0.370544 0.414781 0.380953 0.646369 0.323706 0.380953 0.505855 0.583918 0.261255 0.360136 0.620348 0.563101 0.620348 0.464221 0.628154 0.586520 0.805099 0.482436 0.820711 0.581316 1.000000 0.500651 1.000000 0.048621 0.001532 0.033504 0.032812 0.595015 0.026940 0.034857 0.010114
0.546147 0.300029 0.553838 0.287210 0.533329 0.282083 0.548711 0.294901 0.484618 0.284647 0.558966 0.369250 0.415397 0.382068 0.643569 0.323103 0.382068 0.502564 0.587167 0.261573 0.371813 0.620495 0.564093 0.620495 0.461544 0.628187 0.587167 0.805084 0.476926 0.817903 0.587167 1.000000 0.505127 1.000000 0.039583 0.018843 0.033088 0.033245 0.577222 0.058286 0.032700 0.013831
0.546664 0.301362 0.551709 0.288750 0.534052 0.283705 0.546664 0.296317 0.486127 0.283705 0.556754 0.369466 0.415500 0.382078 0.642515 0.324063 0.387754 0.505675 0.584500 0.263526 0.380186 0.621705 0.564321 0.621705 0.463425 0.626750 0.589545 0.805840 0.460903 0.808362 0.592067 1.000000 0.503784 1.000000 0.039453 0.071070 0.033788 0.065990 0.588244 0.049562 0.035401 0.047755
0.544665 0.301149 0.549560 0.288912 0.532428 0.286465 0.542218 0.296254 0.488375 0.286465 0.554455 0.369676 0.417400 0.381913 0.637666 0.325623 0.392926 0.501836 0.581376 0.264438 0.392926 0.611968 0.561797 0.621758 0.466348 0.626653 0.581376 0.800418 0.476138 0.805313 0.586271 0.996210 0.498164 0.996210 0.026788 0.019142 0.025476 0.045409 0.581760 0.064081 0.035911 0.017320
0.547734 0.304229 0.552568 0.289727 0.533233 0.287311 0.545317 0.301812 0.489728 0.289727 0.554985 0.369486 0.422054 0.381571 0.641994 0.323564 0.393051 0.504834 0.581571 0.270392 0.405136 0.616012 0.559819 0.620846 0.463142 0.628097 0.576737 0.802116 0.477643 0.804533 0.583988 0.995470 0.496979 0.985802 0.017692 0.007722 0.023502 0.026465 0.615712 0.108022 0.029276 0.003520
0.547734 0.304229 0.552568 0.289727 0.533233 0.287311 0.545317 0.301812 0.489728 0.289727 0.554985 0.369486 0.422054 0.381571 0.641994 0.323564 0.393051 0.504834 0.581571 0.270392 0.405136 0.616012 0.559819 0.620846 0.463142 0.628097 0.576737 0.802116 0.477643 0.804533 0.583988 0.997887 0.496979 0.985802 0.017839 0.007722 0.023502 0.026465 0.615712 0.108022 0.029276 0.003520
0.544389 0.302651 0.549187 0.290654 0.532392 0.285855 0.541989 0.300251 0.489203 0.288254 0.551587 0.369833 0.419621 0.381830 0.640364 0.321846 0.393227 0.508998 0.577980 0.269059 0.410023 0.616970 0.558785 0.619369 0.470008 0.628967 0.573181 0.801723 0.486803 0.806522 0.570782 0.993674 0.501200 0.991274 0.029056 0.005268 0.015898 0.034000 0.618726 0.114261 0.036741 0.004944
0.544190 0.297463 0.551555 0.285188 0.531915 0.280278 0.544190 0.295008 0.485270 0.282733 0.551555 0.368658 0.416530 0.383388 0.639935 0.322013 0.391980 0.513502 0.581015 0.260638 0.416530 0.633797 0.561375 0.621522 0.470540 0.626432 0.573650 0.805647 0.490180 0.805647 0.563830 1.000000 0.502455 0.999591 0.036704 0.014626 0.008834 0.034860 0.588926 0.123442 0.040747 0.013555
0.545472 0.295989 0.552846 0.286157 0.533182 0.281242 0.545472 0.295989 0.486481 0.281242 0.552846 0.369728 0.417658 0.382018 0.641333 0.320569 0.393079 0.517206 0.584800 0.261578 0.422574 0.637646 0.560220 0.620440 0.469276 0.627814 0.567594 0.802329 0.496313 0.804787 0.547930 1.000000 0.513519 1.000000 0.043854 0.020817 0.003536 0.017631 0.581814 0.133698 0.037643 0.035360
0.545695 0.295606 0.550635 0.283256 0.530875 0.278316 0.548165 0.293136 0.483945 0.280786 0.553105 0.369707 0.417254 0.382057 0.644496 0.320306 0.390084 0.515438 0.582746 0.261026 0.419724 0.633998 0.560515 0.621648 0.469125 0.626588 0.570395 0.804430 0.498765 0.804430 0.540755 1.000000 0.511115 1.000000 0.062893 0.032945 0.007830 0.013965 0.598756 0.141945 0.037828 0.035379
0.543182 0.296863 0.550480 0.284699 0.531018 0.279833 0.543182 0.294430 0.484795 0.282266 0.552913 0.369846 0.416677 0.382010 0.642926 0.318758 0.389917 0.515813 0.582106 0.260371 0.416677 0.635019 0.560211 0.620423 0.470198 0.627721 0.572375 0.798016 0.506690 0.802881 0.531018 0.995071 0.523720 1.000000 0.087618 0.039225 0.012500 0.002888 0.592174 0.133125 0.038815 0.043612
0.543182 0.296863 0.550480 0.284699 0.531018 0.279833 0.545615 0.294430 0.484795 0.282266 0.552913 0.369846 0.416677 0.382010 0.642926 0.321191 0.389917 0.513380 0.582106 0.262804 0.416677 0.635019 0.560211 0.620423 0.470198 0.627721 0.574808 0.798016 0.506690 0.802881 0.531018 0.995071 0.521287 1.000000 0.095708 0.042409 0.016835 0.002888 0.598756 0.132896 0.038815 0.039276
0.545372 0.294632 0.550148 0.285080 0.533432 0.280304 0.545372 0.294632 0.485672 0.280304 0.552536 0.371048 0.418808 0.380600 0.643280 0.320900 0.392540 0.514328 0.581192 0.261200 0.418808 0.636116 0.559700 0.621788 0.468956 0.626564 0.557312 0.810440 0.488060 0.808052 0.528656 1.000000 0.502388 0.999092 0.042225 0.009555 0.013121 0.030637 0.595538 0.129358 0.036566 0.037412
0.545463 0.293022 0.552642 0.283451 0.533499 0.278665 0.550249 0.293022 0.485643 0.281058 0.557427 0.369592 0.418644 0.381556 0.645961 0.319343 0.389931 0.515553 0.588534 0.261915 0.413859 0.647158 0.557427 0.623230 0.466501 0.625623 0.555035 0.809869 0.483250 0.805083 0.526321 1.000000 0.492822 0.994115 0.042173 0.013520 0.004081 0.032009 0.585679 0.124442 0.030513 0.033704
0.542833 0.296984 0.549874 0.285249 0.531098 0.280555 0.547527 0.294637 0.486505 0.280555 0.556915 0.369741 0.418442 0.381476 0.643754 0.320454 0.390278 0.508215 0.585079 0.264126 0.399666 0.632606 0.556915 0.623218 0.467729 0.625565 0.549874 0.813325 0.491199 0.808631 0.528751 1.000000 0.502934 1.000000 0.021407 0.021663 0.011784 0.022833 0.592174 0.093583 0.031428 0.052371
0.544378 0.295272 0.551478 0.283438 0.532543 0.278704 0.549111 0.292905 0.485207 0.281071 0.556211 0.371009 0.416570 0.380477 0.646150 0.321307 0.385802 0.508284 0.582246 0.262137 0.392902 0.633724 0.558578 0.621890 0.468640 0.626624 0.549111 0.808867 0.497041 0.813601 0.525443 1.000000 0.513609 1.000000 0.020325 0.022717 0.019106 0.018373 0.601534 0.093198 0.034724 0.064087
0.547729 0.292788 0.554713 0.281147 0.536088 0.276490 0.550057 0.292788 0.489523 0.278818 0.559370 0.371948 0.419676 0.378932 0.647842 0.320727 0.387081 0.506985 0.584980 0.262521 0.389409 0.628052 0.557042 0.623396 0.463912 0.625724 0.550057 0.816639 0.473225 0.809654 0.531431 1.000000 0.484867 1.000000 0.017035 0.003052 0.008553 0.040353 0.595189 0.085460 0.026711 0.027603
0.547729 0.292788 0.554713 0.281147 0.536088 0.276490 0.550057 0.292788 0.489523 0.278818 0.559370 0.371948 0.419676 0.378932 0.647842 0.320727 0.387081 0.506985 0.584980 0.262521 0.389409 0.628052 0.557042 0.623396 0.463912 0.625724 0.550057 0.816639 0.473225 0.809654 0.531431 1.000000 0.484867 1.000000 0.017035 0.002825 0.008553 0.040353 0.595189 0.085460 0.026711 0.027603
