0.398654 0.361950 0.398654 0.342228 0.389888 0.350993 0.435905 0.311550 0.422758 0.329080 0.499452 0.375097 0.490687 0.375097 0.466583 0.510956 0.473157 0.515339 0.400845 0.583268 0.409610 0.589842 0.516982 0.624903 0.492878 0.624903 0.488496 0.811161 0.446862 0.798014 0.519174 1.000000 0.569573 0.944829 0.097973 0.304310 0.070609 0.085494 0.159295 0.185207 0.012558 0.034393
0.402557 0.361818 0.400355 0.341999 0.391546 0.350807 0.437790 0.311169 0.424578 0.328786 0.503854 0.375030 0.490641 0.375030 0.473024 0.511561 0.475226 0.515965 0.402557 0.573220 0.411365 0.590837 0.519268 0.623869 0.486237 0.626071 0.506056 0.815452 0.442195 0.802239 0.541290 1.000000 0.545694 0.962993 0.078537 0.260062 0.041611 0.072395 0.200498 0.190113 0.007010 0.056061
0.405025 0.362996 0.405025 0.343347 0.396292 0.352080 0.442142 0.312780 0.426859 0.328063 0.507642 0.376096 0.490175 0.373913 0.474892 0.511462 0.479258 0.515829 0.402842 0.583512 0.413759 0.590062 0.520742 0.624995 0.481442 0.624995 0.518558 0.812761 0.444325 0.797478 0.557858 1.000000 0.496725 0.974327 0.068642 0.159159 0.020439 0.056401 0.174441 0.205694 0.002779 0.063767
0.402301 0.364095 0.402301 0.346629 0.393568 0.353179 0.439416 0.313881 0.426316 0.329163 0.504912 0.375011 0.491813 0.375011 0.474347 0.510370 0.478714 0.516920 0.411034 0.556218 0.415400 0.591149 0.522378 0.626081 0.480897 0.623898 0.528928 0.811654 0.439416 0.796372 0.581325 1.000000 0.463431 0.975396 0.074449 0.117575 0.010878 0.061177 0.229811 0.195491 0.004170 0.086359
0.399718 0.364099 0.399718 0.346564 0.390951 0.353139 0.436981 0.313684 0.421638 0.329028 0.502740 0.375059 0.489588 0.375059 0.472053 0.508768 0.480820 0.513152 0.417254 0.539455 0.417254 0.589870 0.524659 0.624941 0.483012 0.624941 0.535619 0.811257 0.434790 0.798105 0.599186 0.997573 0.423830 0.977845 0.085955 0.067068 0.009149 0.078078 0.265695 0.200062 0.009770 0.105155
0.399533 0.365320 0.399533 0.345770 0.390844 0.354459 0.436462 0.315359 0.423428 0.330564 0.501629 0.376182 0.488596 0.374009 0.473390 0.504345 0.482079 0.513034 0.425600 0.523895 0.414739 0.589062 0.523352 0.625991 0.486423 0.623818 0.547246 0.810632 0.434289 0.799771 0.614586 0.988756 0.399533 0.969206 0.074085 0.027290 0.013356 0.088923 0.307361 0.215822 0.012449 0.132656
0.397597 0.366383 0.395407 0.346670 0.386645 0.355431 0.432644 0.316004 0.421692 0.331337 0.498357 0.375145 0.489595 0.375145 0.469882 0.506571 0.483024 0.515333 0.417311 0.543809 0.415121 0.587617 0.524642 0.624855 0.487405 0.624855 0.553118 0.813232 0.432644 0.800090 0.634164 0.988467 0.386645 0.970943 0.090137 0.012697 0.014371 0.093619 0.235909 0.225146 0.015345 0.144166
0.397029 0.365261 0.397029 0.345543 0.388265 0.354307 0.434274 0.317062 0.423319 0.332398 0.502191 0.374025 0.486855 0.376215 0.469328 0.507668 0.482473 0.520813 0.416747 0.566822 0.418938 0.597494 0.526291 0.623784 0.484664 0.625975 0.559154 0.812200 0.434274 0.803436 0.655552 0.983088 0.397029 0.976516 0.108520 0.020598 0.024347 0.085274 0.154547 0.210603 0.013952 0.143033
0.399571 0.363200 0.397400 0.343657 0.390886 0.352343 0.429971 0.317600 0.425628 0.334971 0.499457 0.371886 0.488600 0.378400 0.466886 0.506514 0.471229 0.513029 0.410428 0.582514 0.419114 0.593372 0.523343 0.623772 0.488600 0.625943 0.555914 0.806172 0.432143 0.795315 0.668829 0.969029 0.414771 0.969029 0.136723 0.070691 0.026154 0.102416 0.127814 0.142317 0.015212 0.158665
0.398974 0.368558 0.398974 0.349004 0.390284 0.357695 0.433736 0.320761 0.427218 0.335969 0.501086 0.375076 0.490223 0.375076 0.468497 0.507604 0.485878 0.518467 0.412010 0.594508 0.422873 0.592335 0.522812 0.624924 0.485878 0.624924 0.548883 0.813941 0.438081 0.798732 0.679239 0.968195 0.431563 0.979058 0.179705 0.073923 0.016020 0.079888 0.106716 0.215147 0.011067 0.129053
0.401376 0.372885 0.396993 0.353161 0.390418 0.361927 0.432059 0.320286 0.425484 0.335627 0.500000 0.375077 0.491233 0.375077 0.469317 0.506575 0.484659 0.521916 0.407951 0.594240 0.418910 0.594240 0.521916 0.624923 0.486850 0.624923 0.528491 0.817787 0.445209 0.806829 0.677522 0.958051 0.453976 0.988734 0.248796 0.086960 0.017004 0.066048 0.121433 0.220611 0.011164 0.082479
0.403963 0.371769 0.399598 0.352125 0.393050 0.360856 0.434520 0.319385 0.425790 0.336846 0.502183 0.371769 0.491269 0.378317 0.471625 0.502728 0.482539 0.518007 0.412694 0.594400 0.419242 0.592217 0.519644 0.624957 0.486904 0.624957 0.513096 0.819214 0.454164 0.808300 0.668065 0.943625 0.473808 0.989461 0.295403 0.090629 0.032643 0.050615 0.108896 0.204922 0.008338 0.045523
0.398583 0.369607 0.396354 0.349546 0.387438 0.360691 0.432017 0.316112 0.418643 0.336172 0.498886 0.371836 0.487741 0.378522 0.467680 0.507801 0.474367 0.521175 0.407499 0.601417 0.414186 0.599188 0.521175 0.623707 0.492199 0.625935 0.487741 0.824312 0.458764 0.819854 0.652683 0.944675 0.485512 1.000000 0.351905 0.100051 0.080664 0.060081 0.110051 0.179399 0.017036 0.001777
0.399478 0.368548 0.397269 0.348665 0.390641 0.359711 0.432617 0.317735 0.421571 0.337618 0.501105 0.370757 0.485640 0.379594 0.470175 0.505523 0.474593 0.518779 0.410524 0.593894 0.417152 0.600522 0.520988 0.624824 0.492268 0.624824 0.476803 0.817031 0.465756 0.814822 0.627033 0.940751 0.503314 1.000000 0.352634 0.106963 0.096786 0.052731 0.117185 0.169767 0.016886 0.027795
0.395888 0.365430 0.393673 0.345494 0.387028 0.354354 0.426900 0.314482 0.420255 0.334418 0.497785 0.369860 0.482279 0.380936 0.468988 0.498339 0.462343 0.513845 0.415824 0.564793 0.409179 0.593590 0.515506 0.624602 0.504430 0.624602 0.449052 0.806244 0.486709 0.815104 0.590821 0.943583 0.515506 1.000000 0.366692 0.078400 0.133748 0.058383 0.144591 0.139774 0.025411 0.082115
0.391748 0.369988 0.389572 0.350405 0.383044 0.361284 0.424386 0.319942 0.417859 0.337349 0.491840 0.369988 0.487488 0.380868 0.467905 0.500544 0.465729 0.520127 0.398275 0.587581 0.406979 0.598461 0.507072 0.626748 0.513600 0.622396 0.430914 0.798646 0.498368 0.807350 0.544063 0.957489 0.539711 0.974897 0.329770 0.103160 0.151612 0.060434 0.157061 0.155496 0.026350 0.106596
0.390156 0.371124 0.387981 0.351548 0.379280 0.360248 0.422783 0.318921 0.416258 0.338497 0.490212 0.371124 0.488037 0.379824 0.466286 0.501631 0.466286 0.519032 0.398857 0.579936 0.405382 0.597337 0.501088 0.625614 0.520664 0.623438 0.420608 0.795273 0.511963 0.810499 0.505438 0.980159 0.553291 0.991035 0.277914 0.086426 0.154582 0.057173 0.168574 0.161080 0.027730 0.126193
0.390243 0.371226 0.388070 0.351665 0.379376 0.362532 0.420671 0.319064 0.414151 0.338625 0.490220 0.369053 0.485873 0.382093 0.475006 0.492936 0.468486 0.519017 0.416324 0.545098 0.407631 0.595086 0.498913 0.623340 0.524994 0.625514 0.420671 0.795039 0.522821 0.812426 0.453272 0.988472 0.566289 0.992818 0.189251 0.078967 0.146981 0.054424 0.229807 0.174572 0.030486 0.132402
0.388661 0.372367 0.386488 0.352815 0.377798 0.363677 0.421248 0.318055 0.410385 0.339780 0.490767 0.370195 0.484250 0.381057 0.473387 0.494026 0.466870 0.520095 0.416903 0.552683 0.408213 0.596132 0.501629 0.624374 0.523354 0.624374 0.423420 0.796000 0.536389 0.811207 0.410385 0.989350 0.590701 0.989350 0.114677 0.072024 0.149698 0.028551 0.199610 0.169570 0.031863 0.158275
0.387302 0.371360 0.385103 0.349370 0.376308 0.362564 0.422486 0.318584 0.409292 0.338375 0.492853 0.366962 0.479659 0.384554 0.479659 0.490105 0.468665 0.520890 0.426884 0.531885 0.411491 0.597854 0.506047 0.624242 0.521440 0.624242 0.429083 0.800160 0.550027 0.813354 0.378507 0.991471 0.609399 0.989272 0.049006 0.055853 0.147584 0.007177 0.252872 0.177758 0.035069 0.179029
0.389016 0.371347 0.386808 0.349261 0.377973 0.360304 0.422146 0.316132 0.408894 0.338218 0.495031 0.366930 0.477362 0.384599 0.483987 0.488405 0.468527 0.521534 0.426563 0.528160 0.411103 0.601045 0.506074 0.623131 0.521534 0.625340 0.430980 0.804239 0.556872 0.810865 0.364721 0.991972 0.629757 0.983138 0.017114 0.067488 0.138826 0.002148 0.278391 0.178590 0.035223 0.185027
0.389399 0.370140 0.387198 0.350331 0.378394 0.361336 0.424615 0.317315 0.411409 0.339325 0.495048 0.367939 0.479641 0.383346 0.486244 0.491196 0.470836 0.522010 0.426816 0.530814 0.415811 0.596845 0.503852 0.623257 0.521460 0.625458 0.429017 0.799339 0.556676 0.808143 0.378394 0.986426 0.646918 0.971018 0.043803 0.100432 0.138891 0.006173 0.290135 0.181633 0.032283 0.188537
0.389788 0.370048 0.387595 0.348116 0.378821 0.359082 0.422687 0.315216 0.413914 0.334956 0.495065 0.370048 0.481905 0.381015 0.486292 0.492872 0.475326 0.521384 0.431460 0.519191 0.416107 0.600342 0.501645 0.624469 0.521384 0.624469 0.427074 0.793351 0.547704 0.804317 0.398561 0.981973 0.657368 0.960040 0.084602 0.149047 0.140587 0.004918 0.334852 0.189923 0.029364 0.178611
0.386827 0.365505 0.386827 0.345823 0.380267 0.354570 0.419631 0.317393 0.421818 0.334888 0.493986 0.372066 0.487425 0.378626 0.483051 0.492346 0.467743 0.507654 0.426192 0.514215 0.419631 0.582009 0.498360 0.623561 0.520229 0.625747 0.428379 0.796327 0.531164 0.805074 0.417444 0.988775 0.662378 0.942850 0.104440 0.222853 0.128041 0.022623 0.354267 0.134623 0.023690 0.141891
0.388977 0.364245 0.388977 0.344459 0.380184 0.353252 0.421954 0.315878 0.424153 0.333466 0.496702 0.370840 0.487908 0.379634 0.485710 0.491756 0.470321 0.509344 0.428550 0.511542 0.417558 0.584091 0.501099 0.623664 0.514290 0.625862 0.435145 0.801739 0.509893 0.806136 0.435145 0.990808 0.659389 0.933647 0.112906 0.282972 0.118442 0.041737 0.365067 0.152754 0.019607 0.105144
0.392383 0.366444 0.390175 0.346577 0.383553 0.357614 0.425496 0.315671 0.418873 0.333331 0.500552 0.370859 0.482892 0.379689 0.487307 0.496689 0.474061 0.520972 0.427703 0.523179 0.412251 0.589405 0.504967 0.624726 0.511590 0.624726 0.443156 0.803536 0.498344 0.805743 0.451986 0.995591 0.641834 0.918327 0.120565 0.311481 0.111475 0.060360 0.333492 0.213960 0.021096 0.082690
0.396354 0.366263 0.394125 0.343974 0.385209 0.355118 0.427559 0.312768 0.418643 0.330600 0.503343 0.370721 0.483283 0.379637 0.487741 0.500000 0.476596 0.517832 0.427559 0.524518 0.418643 0.591387 0.512259 0.624821 0.501114 0.624821 0.452078 0.805366 0.485512 0.805366 0.474367 1.000000 0.628164 0.923500 0.138032 0.307279 0.113581 0.050549 0.338622 0.197020 0.017036 0.074976
0.393119 0.367378 0.393119 0.347232 0.384165 0.356186 0.426694 0.313657 0.417741 0.333802 0.500560 0.371854 0.484891 0.378569 0.482653 0.503917 0.473699 0.519586 0.424456 0.530777 0.413264 0.595690 0.513990 0.624788 0.500560 0.624788 0.462508 0.812810 0.478176 0.810571 0.491606 1.000000 0.608001 0.938157 0.131239 0.290934 0.101957 0.058396 0.319461 0.188422 0.018535 0.046905
0.395240 0.366263 0.393011 0.348432 0.386324 0.357347 0.428674 0.314997 0.417529 0.332829 0.502229 0.372950 0.484397 0.377408 0.486626 0.504458 0.477711 0.517832 0.428674 0.520061 0.417529 0.593616 0.517832 0.624821 0.495542 0.624821 0.468795 0.807595 0.455421 0.800908 0.511145 1.000000 0.575784 0.943560 0.148262 0.294398 0.103128 0.085638 0.378696 0.198486 0.017036 0.012126
0.399745 0.365020 0.397505 0.347098 0.390784 0.356059 0.433350 0.313493 0.422149 0.331415 0.505041 0.371741 0.484878 0.378462 0.489358 0.503921 0.484878 0.515122 0.433350 0.519603 0.424389 0.593534 0.522963 0.624898 0.487118 0.624898 0.496079 0.817567 0.440071 0.806365 0.534165 1.000000 0.561049 0.958707 0.103555 0.294379 0.066628 0.083641 0.375509 0.209153 0.012839 0.036617
0.400505 0.366234 0.398294 0.344124 0.391661 0.352968 0.433670 0.313170 0.422615 0.333069 0.504422 0.370656 0.486734 0.379500 0.486734 0.496683 0.480101 0.512161 0.435881 0.505527 0.422615 0.589546 0.519899 0.624922 0.488945 0.624922 0.504422 0.812857 0.438092 0.797380 0.548642 1.000000 0.504422 0.976471 0.098080 0.204180 0.045506 0.094141 0.400805 0.187470 0.011263 0.065119
0.403913 0.366144 0.401691 0.346149 0.395026 0.355036 0.437238 0.312824 0.423908 0.332819 0.510553 0.370587 0.483893 0.379474 0.492780 0.499445 0.479450 0.517218 0.435016 0.526105 0.423908 0.599420 0.526105 0.623858 0.479450 0.626080 0.523883 0.814922 0.443903 0.801592 0.574982 1.000000 0.477228 0.983769 0.085075 0.121198 0.023222 0.057873 0.318731 0.178880 0.007072 0.059906
0.401174 0.367306 0.398953 0.347319 0.392290 0.356202 0.434486 0.314006 0.421161 0.331773 0.507773 0.371748 0.483344 0.378410 0.487785 0.500555 0.478902 0.518322 0.425603 0.542751 0.421161 0.600492 0.527760 0.624921 0.481123 0.624921 0.534423 0.815911 0.441148 0.804807 0.594385 1.000000 0.438927 0.986915 0.085733 0.065723 0.013979 0.066737 0.261222 0.184875 0.011313 0.080704
0.400750 0.365303 0.398568 0.345671 0.389843 0.354396 0.431288 0.317314 0.420382 0.334764 0.505453 0.369666 0.483640 0.380572 0.485821 0.494001 0.472733 0.511452 0.431288 0.522359 0.424744 0.592161 0.525085 0.624881 0.485821 0.624881 0.542536 0.810294 0.440013 0.799387 0.605794 0.989163 0.409475 0.967349 0.078333 0.024464 0.005432 0.084555 0.297516 0.144288 0.013891 0.111583
0.400791 0.369720 0.398611 0.350096 0.389889 0.358818 0.431317 0.319571 0.420415 0.334834 0.503271 0.371901 0.483647 0.378442 0.483647 0.494004 0.490188 0.513628 0.433497 0.541973 0.433497 0.587762 0.527255 0.624829 0.485827 0.624829 0.553420 0.810164 0.440039 0.797081 0.627554 0.984597 0.392069 0.964973 0.083277 0.005883 0.014548 0.085518 0.206349 0.223198 0.016665 0.127344
0.400897 0.370948 0.398719 0.351345 0.390006 0.360057 0.431390 0.318673 0.420500 0.338276 0.501089 0.370948 0.481486 0.379660 0.481486 0.497277 0.485842 0.516880 0.424856 0.560442 0.427034 0.593114 0.529404 0.623607 0.488020 0.625785 0.562076 0.808745 0.440102 0.800033 0.644843 0.980815 0.394362 0.967746 0.087112 0.000670 0.020076 0.093872 0.183653 0.219255 0.022204 0.141024
0.399919 0.370775 0.397720 0.350979 0.388922 0.361977 0.430713 0.317985 0.417516 0.339981 0.503299 0.370775 0.483503 0.379573 0.485703 0.491752 0.490102 0.518146 0.430713 0.546741 0.430713 0.595132 0.527495 0.623726 0.485703 0.625925 0.567087 0.812889 0.439512 0.799692 0.666068 0.980057 0.404319 0.977857 0.104492 0.020624 0.035320 0.085543 0.204023 0.224300 0.016811 0.148376
0.398090 0.370841 0.393730 0.351222 0.387190 0.362122 0.426428 0.322883 0.417709 0.344682 0.498365 0.368661 0.487466 0.381741 0.480926 0.479836 0.487466 0.505995 0.432968 0.516894 0.435148 0.582291 0.524524 0.623709 0.489645 0.625889 0.555042 0.811180 0.432968 0.795921 0.672757 0.968133 0.422069 0.970313 0.153465 0.082548 0.018834 0.105258 0.241060 0.191328 0.018051 0.153784
0.400008 0.376253 0.397798 0.356365 0.391169 0.367414 0.430945 0.323218 0.419896 0.343106 0.501657 0.369623 0.486189 0.380672 0.481769 0.491161 0.495028 0.519888 0.430945 0.528727 0.433154 0.590601 0.525965 0.623747 0.486189 0.625957 0.539223 0.815998 0.441993 0.804949 0.680649 0.966262 0.441993 0.988360 0.218440 0.077054 0.008436 0.077054 0.245764 0.248994 0.015481 0.098972
0.405466 0.377271 0.401043 0.357369 0.394409 0.368426 0.432002 0.321988 0.423156 0.344101 0.504975 0.368426 0.487285 0.381694 0.485074 0.490049 0.489496 0.521008 0.427579 0.538698 0.427579 0.602827 0.522666 0.622729 0.485074 0.627151 0.520455 0.819537 0.449692 0.808480 0.677459 0.952217 0.460749 0.994232 0.280242 0.080263 0.025684 0.058471 0.224835 0.211257 0.009856 0.057762
0.408761 0.375031 0.404338 0.355124 0.397702 0.366183 0.435303 0.321946 0.426456 0.341853 0.508294 0.368395 0.486176 0.381666 0.486176 0.490047 0.483964 0.521013 0.430880 0.532072 0.426456 0.605063 0.521565 0.622758 0.483964 0.627181 0.501659 0.821824 0.455210 0.810765 0.665336 0.936840 0.479540 0.994348 0.336749 0.091395 0.048318 0.046586 0.235891 0.185950 0.007041 0.017728
0.403727 0.375181 0.401488 0.355030 0.394771 0.366225 0.430594 0.319208 0.419399 0.339358 0.506717 0.366225 0.479850 0.384136 0.491044 0.484887 0.475372 0.520710 0.428355 0.529666 0.421638 0.603550 0.524628 0.623700 0.488805 0.625939 0.482089 0.820724 0.461938 0.820724 0.643290 0.941626 0.491044 1.000000 0.362854 0.093677 0.089795 0.055413 0.260769 0.172731 0.017112 0.024057
0.402270 0.375155 0.397751 0.354818 0.390972 0.366116 0.429386 0.318663 0.415828 0.339000 0.508474 0.366116 0.479098 0.384193 0.490396 0.485877 0.474579 0.517512 0.427126 0.519772 0.418088 0.603379 0.522032 0.623716 0.490396 0.625975 0.465540 0.818045 0.467800 0.820305 0.614677 0.953624 0.506214 1.000000 0.355196 0.100409 0.106788 0.051711 0.295765 0.174440 0.015831 0.053203
0.398558 0.378603 0.394124 0.358647 0.387472 0.367516 0.425166 0.320953 0.414080 0.343126 0.502772 0.365299 0.480599 0.385255 0.491685 0.480599 0.471729 0.518293 0.429601 0.511641 0.411862 0.598116 0.513858 0.624723 0.502772 0.624723 0.440687 0.804325 0.493902 0.813194 0.564856 0.957318 0.522727 0.992795 0.340161 0.065623 0.136741 0.044357 0.321903 0.183643 0.021189 0.108178
0.395573 0.380733 0.391176 0.360947 0.384581 0.369741 0.424153 0.325772 0.415359 0.343359 0.498901 0.365344 0.485710 0.385130 0.492305 0.477466 0.472519 0.519237 0.428550 0.508244 0.410962 0.596183 0.503298 0.624763 0.512092 0.624763 0.428550 0.798442 0.501099 0.809434 0.529679 0.967724 0.536275 0.983113 0.300779 0.082532 0.134762 0.053827 0.338134 0.183568 0.019607 0.110442
0.391756 0.381866 0.389558 0.362085 0.382964 0.373074 0.422526 0.326919 0.411537 0.346700 0.499451 0.364283 0.484066 0.386261 0.492857 0.478571 0.468681 0.520330 0.429119 0.507143 0.407141 0.595057 0.501648 0.623629 0.514835 0.625827 0.422526 0.795061 0.510440 0.814842 0.490659 0.990670 0.543408 0.997264 0.244328 0.064313 0.140337 0.048063 0.347514 0.182923 0.021003 0.130238
0.391239 0.384098 0.389042 0.364323 0.380253 0.375309 0.422000 0.326971 0.406619 0.348943 0.498901 0.364323 0.483521 0.386295 0.494507 0.476380 0.470338 0.520324 0.426394 0.507141 0.408817 0.595029 0.498901 0.623592 0.518676 0.625789 0.419802 0.794973 0.527465 0.812551 0.428591 0.997115 0.573606 0.997115 0.151471 0.063011 0.137640 0.031425 0.352498 0.188083 0.022399 0.152608
0.391276 0.387452 0.389091 0.365597 0.380349 0.378710 0.419686 0.328446 0.406574 0.350300 0.498361 0.363412 0.480878 0.387452 0.491805 0.477053 0.467765 0.520761 0.428428 0.507649 0.410945 0.592880 0.502732 0.623475 0.518030 0.625661 0.421872 0.796123 0.539884 0.809235 0.391276 0.990624 0.592333 0.990624 0.089759 0.051881 0.144773 0.011532 0.338493 0.181201 0.026465 0.177140
0.390913 0.387607 0.388709 0.367773 0.379894 0.378792 0.419562 0.330309 0.404136 0.350143 0.501102 0.363366 0.476860 0.387607 0.492287 0.480166 0.468045 0.522038 0.426173 0.506611 0.412951 0.596966 0.505509 0.623412 0.516528 0.625615 0.426173 0.801917 0.549585 0.812936 0.364468 0.991442 0.611291 0.989239 0.032934 0.051567 0.138519 0.003032 0.354903 0.180973 0.028096 0.188725
0.390060 0.387828 0.387828 0.367738 0.378899 0.376667 0.421312 0.329789 0.403454 0.349879 0.501674 0.363273 0.474887 0.387828 0.494977 0.477119 0.465958 0.521765 0.430241 0.503906 0.414615 0.599894 0.506139 0.624449 0.517300 0.624449 0.425777 0.805264 0.557481 0.809728 0.361041 0.995007 0.631146 0.983846 0.028467 0.059422 0.138566 0.011522 0.356412 0.163870 0.029887 0.201103
