0.587228 0.288675 0.587228 0.274286 0.572840 0.274286 0.551258 0.281480 0.529675 0.281480 0.515287 0.371406 0.486511 0.378600 0.500899 0.493705 0.464929 0.526078 0.547661 0.518884 0.482914 0.648377 0.493705 0.623198 0.504496 0.626795 0.439750 0.799453 0.572840 0.799453 0.349824 0.968513 0.583631 0.990095 0.061048 0.101976 0.067341 0.096948 0.380050 0.092731 0.002291 0.214532
0.583034 0.285720 0.583034 0.271434 0.568748 0.271434 0.550892 0.278577 0.525892 0.278577 0.515178 0.371432 0.483036 0.378575 0.504464 0.492857 0.465179 0.524999 0.547320 0.510714 0.486607 0.642853 0.497321 0.621425 0.504464 0.628568 0.447323 0.792850 0.565177 0.796421 0.343754 0.953560 0.565177 0.985702 0.091885 0.110473 0.067637 0.083256 0.402348 0.095877 0.002273 0.200808
0.580034 0.281480 0.576437 0.267092 0.565646 0.267092 0.544064 0.277883 0.522481 0.277883 0.515287 0.371406 0.482914 0.378600 0.500899 0.493705 0.464929 0.526078 0.544064 0.508093 0.493705 0.648377 0.500899 0.623198 0.500899 0.626795 0.464929 0.799453 0.554855 0.799453 0.342630 0.946931 0.547661 0.993692 0.156296 0.108195 0.045912 0.073386 0.434860 0.112186 0.002291 0.160493
0.578006 0.281050 0.574461 0.266867 0.563823 0.266867 0.542549 0.277505 0.524820 0.281050 0.514183 0.369694 0.482271 0.380331 0.500000 0.493795 0.471634 0.529252 0.542549 0.507978 0.500000 0.646262 0.503546 0.621442 0.500000 0.628533 0.478726 0.795183 0.546095 0.798729 0.347533 0.926376 0.531912 0.986653 0.204833 0.108167 0.031726 0.061491 0.433805 0.098403 0.004516 0.129357
0.577780 0.285886 0.574284 0.271903 0.563797 0.271903 0.542823 0.282391 0.521848 0.282391 0.511361 0.369784 0.483395 0.380271 0.504370 0.492135 0.479900 0.530588 0.546318 0.506118 0.518353 0.645947 0.507865 0.621477 0.497378 0.628468 0.500874 0.792768 0.539327 0.796263 0.361045 0.904631 0.514857 0.981537 0.272238 0.119778 0.008563 0.060065 0.415753 0.109818 0.006677 0.090964
0.574461 0.281050 0.570915 0.266867 0.563823 0.266867 0.539003 0.277505 0.521274 0.281050 0.510637 0.369694 0.485817 0.380331 0.503546 0.493795 0.485817 0.532798 0.546095 0.504432 0.535457 0.646262 0.507091 0.621442 0.496454 0.628533 0.507091 0.795183 0.531912 0.802275 0.368808 0.905101 0.500000 0.986653 0.286221 0.118633 0.004482 0.050448 0.440190 0.131274 0.004516 0.064081
0.573914 0.285296 0.570395 0.271217 0.563355 0.271217 0.531678 0.278257 0.521118 0.281777 0.510559 0.369770 0.482401 0.380329 0.510559 0.496480 0.496480 0.531678 0.549276 0.503520 0.549276 0.640789 0.514079 0.623191 0.492961 0.626710 0.531678 0.788618 0.521118 0.795657 0.394408 0.908289 0.485921 0.985723 0.305504 0.110854 0.029315 0.038935 0.442751 0.113925 0.008964 0.018833
0.572305 0.285763 0.572305 0.271481 0.561593 0.271481 0.536599 0.278622 0.518746 0.282193 0.511604 0.371458 0.483040 0.378599 0.522316 0.503571 0.500893 0.521424 0.561593 0.592836 0.554452 0.628542 0.518746 0.621401 0.486610 0.628542 0.554452 0.785649 0.508034 0.807072 0.422339 0.917761 0.475898 0.996315 0.318138 0.091557 0.059045 0.033469 0.106189 0.108000 0.006819 0.030122
0.571399 0.287587 0.571399 0.273307 0.560690 0.273307 0.517850 0.280447 0.517850 0.284017 0.510710 0.373266 0.482150 0.376836 0.528560 0.512495 0.503570 0.501785 0.574969 0.626734 0.539270 0.583894 0.521420 0.623164 0.485720 0.626734 0.560690 0.787383 0.492860 0.808803 0.439310 0.933752 0.471440 1.000000 0.295091 0.047700 0.061081 0.007929 0.082243 0.076506 0.009092 0.062238
0.569949 0.284839 0.566408 0.270673 0.559324 0.270673 0.520365 0.281298 0.516823 0.281298 0.509740 0.373383 0.477864 0.376925 0.530990 0.515052 0.516823 0.511511 0.587658 0.621305 0.584116 0.617763 0.527448 0.621305 0.484948 0.628388 0.569949 0.780683 0.477864 0.809017 0.492031 0.943603 0.445989 0.993187 0.224952 0.042075 0.060255 0.021440 0.108565 0.090017 0.015789 0.095429
0.571763 0.288254 0.568220 0.274078 0.561132 0.274078 0.518605 0.284710 0.518605 0.284710 0.507974 0.373307 0.483167 0.376850 0.529237 0.511518 0.522149 0.511518 0.585939 0.614290 0.600114 0.614290 0.525693 0.621378 0.483167 0.628465 0.571763 0.784396 0.468991 0.812747 0.522149 0.958045 0.433552 1.000000 0.176256 0.034923 0.064973 0.024437 0.111891 0.116891 0.011283 0.112108
0.574969 0.284017 0.571399 0.269737 0.560690 0.269737 0.535700 0.280447 0.517850 0.284017 0.510710 0.373266 0.482150 0.376836 0.528560 0.508925 0.524990 0.512495 0.589249 0.605314 0.607099 0.605314 0.528560 0.623164 0.478580 0.626734 0.571399 0.790953 0.464300 0.815943 0.560690 0.969451 0.421461 0.998011 0.098646 0.049580 0.056873 0.019431 0.137222 0.133172 0.009092 0.103549
0.574822 0.285217 0.571301 0.274653 0.560738 0.274653 0.536091 0.285217 0.518485 0.285217 0.511443 0.373243 0.486796 0.376764 0.525528 0.510563 0.525528 0.514084 0.588906 0.602110 0.610032 0.598589 0.522007 0.623236 0.479754 0.626757 0.571301 0.788725 0.455107 0.809851 0.595948 0.968298 0.405812 0.992946 0.048733 0.041120 0.078710 0.033629 0.160217 0.162493 0.002243 0.134745
0.576583 0.288738 0.573062 0.274653 0.566019 0.274653 0.534330 0.285217 0.523767 0.281696 0.513204 0.373243 0.488557 0.376764 0.527288 0.507042 0.530809 0.507042 0.587146 0.595068 0.611793 0.595068 0.520246 0.623236 0.477993 0.626757 0.569541 0.788725 0.449825 0.806330 0.611793 0.964777 0.393489 0.985903 0.017176 0.047239 0.083188 0.036086 0.156704 0.136916 0.002243 0.141679
0.577677 0.287505 0.577677 0.273220 0.566963 0.273220 0.534821 0.280363 0.524107 0.280363 0.513393 0.373218 0.488393 0.376789 0.527678 0.508928 0.531249 0.508928 0.588391 0.598212 0.613390 0.598212 0.520535 0.623211 0.477679 0.626782 0.570534 0.794635 0.445537 0.808921 0.616961 0.969631 0.377682 0.987488 0.007786 0.059993 0.081242 0.041966 0.156704 0.136916 0.002273 0.145934
0.573783 0.293408 0.573783 0.279519 0.566839 0.279519 0.525173 0.289936 0.525173 0.286463 0.511284 0.373267 0.490452 0.376739 0.521701 0.505208 0.532117 0.501736 0.587672 0.588540 0.608504 0.592012 0.521701 0.623261 0.476563 0.626733 0.563367 0.789924 0.441842 0.800340 0.601560 0.960058 0.368927 0.970475 0.007688 0.066048 0.064724 0.045167 0.188075 0.121119 0.002213 0.140812
0.576241 0.291667 0.572695 0.277482 0.562057 0.277482 0.537234 0.284574 0.519504 0.284574 0.512411 0.373227 0.487589 0.376773 0.523050 0.511525 0.526596 0.507979 0.583333 0.600177 0.601064 0.596631 0.523050 0.625000 0.476950 0.625000 0.562057 0.795213 0.441489 0.805851 0.586879 0.976064 0.349291 0.983156 0.028289 0.091004 0.058266 0.047998 0.165650 0.130407 0.000005 0.133340
0.570922 0.296986 0.570922 0.282801 0.563830 0.279255 0.531915 0.289894 0.521277 0.286348 0.510638 0.375000 0.489362 0.375000 0.521277 0.513298 0.524823 0.509752 0.578014 0.612589 0.592199 0.609043 0.521277 0.623227 0.478723 0.626773 0.556738 0.796986 0.443262 0.807624 0.574468 0.984929 0.340426 0.981383 0.034141 0.108472 0.050448 0.048190 0.140812 0.107867 0.000005 0.125713
0.569438 0.295159 0.569438 0.281271 0.559022 0.281271 0.531247 0.291687 0.517359 0.288215 0.506944 0.375012 0.489584 0.375012 0.520831 0.513888 0.517359 0.506944 0.572910 0.614572 0.576382 0.611100 0.520831 0.624988 0.482641 0.624988 0.548606 0.795110 0.451394 0.802054 0.555550 0.975649 0.336821 0.961761 0.039278 0.142485 0.033849 0.046760 0.120218 0.098056 0.004420 0.107114
0.568175 0.294601 0.568175 0.284112 0.557687 0.280616 0.529717 0.291104 0.515733 0.291104 0.505244 0.375012 0.491260 0.375012 0.519229 0.514859 0.508740 0.500874 0.568175 0.619744 0.550694 0.598767 0.519229 0.623240 0.484267 0.626736 0.536710 0.801544 0.473779 0.805040 0.543702 0.983344 0.337429 0.951879 0.018871 0.219514 0.013193 0.009862 0.107257 0.084952 0.004453 0.049810
0.567216 0.299214 0.563769 0.285426 0.556875 0.285426 0.529299 0.295767 0.515511 0.295767 0.501723 0.375048 0.491383 0.375048 0.508617 0.509479 0.501723 0.499138 0.543087 0.595653 0.532746 0.581865 0.515511 0.623229 0.491383 0.626676 0.536193 0.795577 0.491383 0.802471 0.529299 0.974819 0.346610 0.933456 0.050252 0.265902 0.020350 0.000001 0.104810 0.087736 0.008779 0.038015
0.572320 0.296434 0.568748 0.282148 0.561606 0.282148 0.536606 0.292862 0.518750 0.292862 0.508035 0.375003 0.493750 0.375003 0.515178 0.500000 0.497321 0.500000 0.550892 0.560713 0.529464 0.589283 0.508035 0.624997 0.490179 0.624997 0.533035 0.807135 0.508035 0.814278 0.522321 0.992845 0.354468 0.939275 0.061762 0.312474 0.043418 0.034487 0.151084 0.100902 0.002273 0.013477
0.571935 0.295884 0.568338 0.281497 0.561145 0.281497 0.532371 0.288691 0.517984 0.288691 0.507194 0.375013 0.489210 0.375013 0.517984 0.500899 0.489210 0.500899 0.553951 0.580028 0.528774 0.605205 0.510790 0.623189 0.492806 0.626785 0.521581 0.810220 0.521581 0.810220 0.507194 1.000000 0.370517 0.936106 0.042322 0.328385 0.013731 0.044980 0.108583 0.115401 0.004580 0.031184
0.575540 0.295863 0.571942 0.281475 0.564748 0.281475 0.535971 0.288669 0.517986 0.288669 0.507194 0.375000 0.492806 0.375000 0.517986 0.493705 0.485611 0.504496 0.561151 0.540468 0.532374 0.616007 0.503597 0.623201 0.496403 0.626799 0.510791 0.810252 0.539568 0.806655 0.500000 0.997302 0.399281 0.932554 0.030581 0.342166 0.016850 0.070429 0.208416 0.144060 0.000005 0.062740
0.573062 0.299301 0.573062 0.285217 0.562498 0.285217 0.537851 0.292259 0.520246 0.292259 0.506162 0.373243 0.492078 0.376764 0.516725 0.489437 0.485036 0.510563 0.558977 0.510563 0.527288 0.619715 0.499120 0.623236 0.502641 0.626757 0.499120 0.809851 0.551935 0.799288 0.492078 0.982382 0.421657 0.929567 0.012985 0.338586 0.008963 0.075144 0.323558 0.134300 0.002243 0.088586
0.573047 0.297580 0.573047 0.283499 0.566006 0.283499 0.527283 0.294060 0.523762 0.294060 0.506161 0.375028 0.488559 0.375028 0.513201 0.491199 0.481518 0.505280 0.551925 0.508801 0.520242 0.624972 0.506161 0.621452 0.499120 0.628492 0.495600 0.797469 0.566006 0.786908 0.470957 0.962925 0.460396 0.941803 0.027986 0.317652 0.019076 0.113914 0.344932 0.116789 0.006724 0.146245
0.578641 0.296408 0.575145 0.282428 0.568155 0.282428 0.529709 0.292913 0.526214 0.292913 0.505243 0.373301 0.487767 0.376796 0.515728 0.492136 0.473786 0.506117 0.550679 0.509612 0.515728 0.628446 0.505243 0.621456 0.501748 0.628446 0.487767 0.799708 0.575145 0.785727 0.463301 0.967474 0.484272 0.956989 0.014988 0.294266 0.031107 0.121317 0.324403 0.139416 0.008902 0.170090
0.582738 0.292274 0.582738 0.278191 0.572176 0.278191 0.533447 0.288753 0.529927 0.288753 0.508802 0.373252 0.487677 0.376773 0.515844 0.489438 0.473594 0.510562 0.554572 0.507042 0.512323 0.630269 0.498240 0.623227 0.505281 0.626748 0.480636 0.802787 0.579217 0.781662 0.459511 0.982347 0.526406 0.968263 0.006169 0.229535 0.017666 0.119365 0.344932 0.132983 0.004483 0.172851
0.581292 0.298082 0.581292 0.284096 0.570802 0.284096 0.546328 0.291089 0.528845 0.287593 0.511363 0.375003 0.486888 0.375003 0.511363 0.490385 0.469406 0.511363 0.556817 0.511363 0.504371 0.630242 0.493881 0.623249 0.507867 0.626745 0.472903 0.801566 0.574299 0.784084 0.441435 0.976387 0.563810 0.976387 0.019412 0.144515 0.014898 0.100705 0.362360 0.131641 0.002225 0.164447
0.584507 0.294014 0.584507 0.279930 0.570423 0.279930 0.545775 0.286972 0.528169 0.286972 0.514085 0.375000 0.485915 0.375000 0.510563 0.487676 0.468310 0.512324 0.552817 0.508803 0.492958 0.635563 0.492958 0.625000 0.507042 0.625000 0.461268 0.801056 0.573944 0.790493 0.429577 0.977113 0.595070 0.973592 0.000001 0.085719 0.029853 0.095449 0.362360 0.103421 0.000005 0.178974
0.583333 0.293440 0.583333 0.282801 0.572695 0.279255 0.544326 0.289894 0.526596 0.286348 0.515957 0.375000 0.484043 0.375000 0.512411 0.488475 0.462766 0.516844 0.551418 0.513298 0.480496 0.640957 0.498227 0.623227 0.501773 0.626773 0.452128 0.800532 0.569149 0.796986 0.413121 0.977837 0.618794 0.977837 0.012038 0.034695 0.058270 0.097595 0.329548 0.092560 0.000005 0.200942
0.581248 0.291077 0.581248 0.276791 0.570534 0.276791 0.545535 0.283934 0.524107 0.283934 0.520535 0.373218 0.481250 0.376789 0.509821 0.487500 0.459822 0.516071 0.549106 0.508928 0.477679 0.641068 0.499107 0.623211 0.499107 0.626782 0.441966 0.801778 0.566963 0.794635 0.395538 0.976774 0.616961 0.976774 0.016034 0.037006 0.071364 0.099587 0.370808 0.093757 0.002273 0.220866
0.584219 0.286282 0.584219 0.271793 0.573352 0.271793 0.551618 0.282660 0.526262 0.279038 0.522640 0.373218 0.482794 0.376841 0.511773 0.489133 0.461060 0.521734 0.551618 0.510867 0.475549 0.644893 0.497283 0.623159 0.497283 0.626782 0.439326 0.800654 0.573352 0.797031 0.381369 0.981770 0.609576 0.989015 0.001883 0.074392 0.068281 0.115321 0.370808 0.084670 0.006919 0.234216
0.582734 0.285072 0.582734 0.270683 0.571942 0.270683 0.532374 0.281475 0.528777 0.281475 0.521583 0.371403 0.478417 0.378597 0.514389 0.490108 0.460432 0.522482 0.550360 0.504496 0.482014 0.641187 0.500000 0.623201 0.500000 0.626799 0.438849 0.799460 0.571942 0.795863 0.366906 0.972122 0.597122 0.986511 0.019368 0.086264 0.079081 0.100453 0.398149 0.096833 0.000005 0.234361
0.584524 0.281497 0.580927 0.267110 0.570137 0.267110 0.548556 0.277901 0.526976 0.277901 0.523379 0.371416 0.480218 0.378610 0.512589 0.493706 0.462234 0.522480 0.548556 0.508093 0.480218 0.644769 0.498202 0.623189 0.498202 0.626785 0.440654 0.795833 0.570137 0.795833 0.357928 0.968477 0.584524 0.990057 0.039818 0.104527 0.070691 0.105037 0.406895 0.086061 0.004580 0.230479
0.577677 0.282148 0.577677 0.267863 0.566963 0.267863 0.545535 0.278577 0.524107 0.278577 0.520535 0.371432 0.477679 0.378575 0.513393 0.489286 0.463394 0.524999 0.549106 0.507143 0.484822 0.646425 0.502679 0.621425 0.499107 0.628568 0.449108 0.796421 0.563391 0.796421 0.349111 0.957131 0.563391 0.989273 0.082613 0.116421 0.071861 0.089204 0.371684 0.086557 0.002273 0.210979
0.578899 0.277488 0.575353 0.263304 0.564715 0.263304 0.543439 0.273942 0.522163 0.277488 0.518617 0.373230 0.479610 0.376776 0.515071 0.490248 0.468972 0.525709 0.550531 0.504432 0.497341 0.642727 0.504432 0.621451 0.497341 0.628543 0.461880 0.791659 0.554077 0.795205 0.348408 0.944138 0.546985 0.986690 0.125666 0.116228 0.059810 0.082065 0.388524 0.098403 0.002256 0.182423
0.574992 0.276809 0.571421 0.266095 0.560708 0.266095 0.542853 0.276809 0.517855 0.276809 0.517855 0.369656 0.478574 0.380369 0.510713 0.491072 0.471431 0.526783 0.549995 0.501786 0.507142 0.648199 0.507142 0.623202 0.496429 0.626773 0.478574 0.798184 0.542853 0.801755 0.350015 0.937455 0.532140 0.991021 0.185760 0.100546 0.038073 0.059522 0.433952 0.106568 0.004547 0.134062
0.571792 0.281078 0.571792 0.266897 0.561156 0.266897 0.539885 0.277533 0.518613 0.281078 0.515068 0.369710 0.479615 0.380346 0.511522 0.486705 0.483160 0.525703 0.550520 0.500886 0.525703 0.646244 0.511522 0.621426 0.493796 0.628517 0.500886 0.798691 0.536339 0.802237 0.359074 0.922777 0.515068 0.990137 0.252114 0.112331 0.014593 0.058279 0.398626 0.100238 0.006771 0.095525
0.570893 0.281116 0.567349 0.266938 0.556715 0.266938 0.535447 0.274027 0.517723 0.277572 0.510634 0.369733 0.482277 0.380367 0.507089 0.486707 0.489366 0.525699 0.549625 0.500886 0.538991 0.635584 0.510634 0.621405 0.496455 0.628494 0.503545 0.798639 0.524813 0.802183 0.368847 0.912068 0.500000 0.990051 0.264492 0.093313 0.012726 0.033345 0.407226 0.119510 0.009028 0.064240
0.573352 0.279038 0.569730 0.268171 0.562485 0.268171 0.537129 0.275415 0.515395 0.275415 0.515395 0.369596 0.479172 0.380463 0.511773 0.489133 0.490039 0.518112 0.551618 0.503622 0.540751 0.612292 0.519017 0.623159 0.486416 0.626782 0.537129 0.800654 0.515395 0.807898 0.392236 0.923813 0.486416 1.000000 0.308121 0.097318 0.027821 0.041142 0.398626 0.132149 0.006919 0.018133
0.564183 0.281955 0.564183 0.267887 0.553632 0.267887 0.532531 0.278438 0.511430 0.278438 0.511430 0.373393 0.476261 0.376910 0.518463 0.503517 0.497362 0.510551 0.560666 0.570337 0.539565 0.587921 0.525497 0.623090 0.486812 0.626607 0.550115 0.784865 0.497362 0.802450 0.416475 0.911472 0.469227 0.988843 0.306671 0.066763 0.030156 0.005636 0.162120 0.109099 0.015678 0.028994
0.566448 0.282938 0.566448 0.268762 0.555816 0.268762 0.520377 0.279394 0.513290 0.282938 0.513290 0.371535 0.477851 0.378622 0.531009 0.513290 0.513290 0.516833 0.584167 0.626693 0.580623 0.626693 0.523921 0.623150 0.484939 0.626693 0.562904 0.789712 0.484939 0.814519 0.435324 0.935010 0.460131 0.998800 0.302540 0.042593 0.059739 0.009092 0.099943 0.095127 0.011283 0.073181
0.566842 0.287162 0.566842 0.273090 0.556288 0.273090 0.517590 0.283644 0.514072 0.283644 0.510554 0.371593 0.478892 0.378629 0.535180 0.512313 0.521108 0.512313 0.594986 0.617853 0.594986 0.617853 0.524626 0.621371 0.485928 0.628407 0.570360 0.779680 0.475374 0.811342 0.485928 0.945025 0.443712 0.994277 0.239800 0.036208 0.071605 0.027308 0.108959 0.097036 0.013442 0.107863
0.568220 0.284710 0.564676 0.270534 0.557588 0.270534 0.518605 0.281166 0.515061 0.281166 0.511518 0.373307 0.479623 0.376850 0.529237 0.511518 0.525693 0.511518 0.585939 0.610746 0.607202 0.610746 0.525693 0.621378 0.483167 0.628465 0.571763 0.780852 0.465447 0.812747 0.515061 0.954502 0.430009 0.997028 0.189983 0.029962 0.071350 0.034996 0.124662 0.113970 0.011283 0.120032
0.570020 0.284623 0.570020 0.270442 0.559384 0.270442 0.531021 0.281078 0.516840 0.281078 0.513295 0.373256 0.481387 0.376801 0.534567 0.511522 0.523931 0.515068 0.591291 0.607245 0.605473 0.603700 0.527476 0.621426 0.477842 0.628517 0.570020 0.788055 0.460115 0.812872 0.552293 0.968866 0.417572 0.997228 0.110678 0.041679 0.061401 0.026030 0.121692 0.141730 0.006771 0.110084
0.570915 0.281050 0.570915 0.266867 0.560278 0.266867 0.531912 0.281050 0.517729 0.281050 0.514183 0.373240 0.482271 0.376785 0.535457 0.507978 0.524820 0.507978 0.592189 0.600167 0.602827 0.596622 0.524820 0.621442 0.478726 0.628533 0.574461 0.788092 0.453905 0.809366 0.588644 0.968924 0.400719 0.993745 0.067237 0.045975 0.078518 0.038935 0.125749 0.129881 0.004516 0.135570
0.574822 0.285217 0.571301 0.271132 0.564259 0.271132 0.529049 0.281696 0.522007 0.281696 0.514964 0.373243 0.483275 0.376764 0.529049 0.507042 0.525528 0.507042 0.585385 0.598589 0.602990 0.591547 0.525528 0.623236 0.476233 0.626757 0.571301 0.788725 0.448065 0.806330 0.602990 0.968298 0.388207 0.985903 0.030296 0.052889 0.072454 0.040563 0.142214 0.136341 0.002243 0.135423
0.575000 0.283929 0.575000 0.269643 0.564286 0.269643 0.535714 0.280357 0.521429 0.280357 0.514286 0.373214 0.485714 0.376786 0.525000 0.508929 0.525000 0.512500 0.585714 0.605357 0.607143 0.601786 0.525000 0.623214 0.475000 0.626786 0.571429 0.794643 0.442857 0.808929 0.603571 0.976786 0.371429 0.991071 0.028589 0.063361 0.070556 0.041966 0.153787 0.147054 0.000005 0.139789
0.571678 0.291084 0.571678 0.277098 0.561189 0.273601 0.522727 0.287587 0.519231 0.284091 0.512238 0.371504 0.487762 0.378496 0.515734 0.500874 0.526224 0.511364 0.564685 0.549825 0.606643 0.609266 0.522727 0.623252 0.477273 0.626748 0.564685 0.791084 0.438811 0.805070 0.585664 0.969406 0.361888 0.976399 0.040702 0.066709 0.064724 0.054178 0.241399 0.129202 0.000005 0.145598
