0.505829 0.267757 0.523551 0.253766 0.489041 0.253766 0.548734 0.271487 0.463858 0.274286 0.586975 0.380614 0.417222 0.369421 0.631745 0.498135 0.354731 0.479481 0.595369 0.522385 0.444271 0.508394 0.552465 0.625915 0.443338 0.624050 0.535676 0.833908 0.458261 0.834841 0.535676 1.000000 0.475050 1.000000 0.025638 0.005653 0.018852 0.010035 0.428691 0.564954 0.005345 0.048135
0.505617 0.267816 0.522469 0.253773 0.487829 0.253773 0.547747 0.269689 0.462551 0.272497 0.587069 0.380163 0.416676 0.369865 0.634816 0.496255 0.353949 0.480339 0.602985 0.523406 0.434464 0.507490 0.552429 0.626390 0.443827 0.623582 0.530895 0.833296 0.455061 0.832360 0.529023 1.000000 0.470977 1.000000 0.029918 0.010288 0.011481 0.016821 0.399415 0.560851 0.004769 0.050121
0.506238 0.267361 0.522871 0.253500 0.488680 0.253500 0.546897 0.269209 0.462806 0.271982 0.586633 0.380100 0.417525 0.369935 0.635610 0.495611 0.356536 0.479901 0.602343 0.521485 0.442476 0.509472 0.552442 0.625907 0.443400 0.624059 0.526567 0.829206 0.452641 0.831054 0.521947 1.000000 0.468350 1.000000 0.032534 0.013339 0.003698 0.018098 0.417233 0.555700 0.005294 0.054496
0.508376 0.265700 0.525129 0.250809 0.489762 0.251740 0.548396 0.267561 0.464634 0.270353 0.589346 0.380174 0.418100 0.369937 0.639603 0.495579 0.358536 0.479758 0.603306 0.523500 0.439505 0.508609 0.551188 0.625875 0.441367 0.624014 0.522336 0.830626 0.447882 0.831557 0.516752 1.000000 0.463703 1.000000 0.035467 0.018122 0.004483 0.019080 0.422021 0.549234 0.009481 0.054548
0.509466 0.266119 0.526089 0.251343 0.490996 0.252266 0.550101 0.267042 0.466061 0.270736 0.589812 0.380635 0.419885 0.369553 0.637835 0.497922 0.359856 0.476681 0.599047 0.525628 0.433738 0.509004 0.550101 0.626291 0.440202 0.623521 0.518701 0.830389 0.445743 0.830389 0.513160 1.000000 0.462367 1.000000 0.039626 0.022184 0.002423 0.016886 0.426272 0.531303 0.012349 0.057114
0.510770 0.265117 0.527269 0.250451 0.492438 0.252285 0.551101 0.267867 0.466773 0.273367 0.590516 0.380611 0.420025 0.369611 0.635430 0.497021 0.359529 0.476855 0.598765 0.522686 0.434691 0.508937 0.549268 0.626264 0.440191 0.623514 0.520853 0.827919 0.447524 0.826086 0.510770 1.000000 0.460356 0.993827 0.028288 0.012787 0.008395 0.013711 0.422811 0.535074 0.013425 0.056077
0.511710 0.264881 0.528242 0.251104 0.494260 0.252023 0.552121 0.270392 0.467625 0.273147 0.589777 0.382441 0.419867 0.367746 0.632943 0.498163 0.359250 0.472447 0.598043 0.525716 0.429969 0.511021 0.550284 0.626744 0.440072 0.623070 0.523650 0.831555 0.448338 0.829718 0.510792 1.000000 0.458441 0.991362 0.020466 0.007142 0.009852 0.012412 0.400923 0.508101 0.012281 0.053889
0.510755 0.266139 0.528146 0.252409 0.493364 0.252409 0.551028 0.270716 0.467735 0.273461 0.588556 0.381468 0.419224 0.368653 0.633406 0.499542 0.356983 0.481236 0.596794 0.517848 0.439361 0.509611 0.551028 0.625855 0.441191 0.624024 0.525400 0.836375 0.443937 0.836375 0.509840 1.000000 0.454006 0.984655 0.013328 0.017465 0.009940 0.023199 0.467967 0.555166 0.009908 0.042677
0.510205 0.266194 0.526533 0.252587 0.492970 0.252587 0.550118 0.271636 0.466664 0.272543 0.588216 0.381396 0.418587 0.368697 0.632664 0.502041 0.355997 0.479363 0.599101 0.511112 0.439451 0.506577 0.551932 0.626314 0.441265 0.623593 0.524719 0.833134 0.438544 0.836763 0.508391 1.000000 0.452150 0.983714 0.014682 0.033453 0.005172 0.032308 0.528338 0.563505 0.008664 0.037580
0.508895 0.270054 0.525797 0.256711 0.491994 0.256711 0.548925 0.274502 0.466198 0.274502 0.585396 0.381247 0.419052 0.368793 0.634320 0.493328 0.357674 0.476427 0.601407 0.508451 0.439511 0.506672 0.552483 0.625870 0.443070 0.624091 0.523128 0.826016 0.436843 0.830464 0.505337 1.000000 0.449296 0.963894 0.016273 0.039224 0.003783 0.039459 0.493915 0.552285 0.005664 0.036754
0.508862 0.269131 0.526588 0.255838 0.492910 0.254951 0.549630 0.274449 0.466322 0.274449 0.585966 0.380799 0.420237 0.369278 0.639142 0.493353 0.359086 0.476514 0.601919 0.506647 0.437962 0.503102 0.552289 0.626291 0.441507 0.623632 0.523043 0.823925 0.435304 0.824811 0.504431 1.000000 0.444166 0.963067 0.014736 0.030189 0.003369 0.036369 0.531301 0.561478 0.007899 0.036952
0.509801 0.269457 0.526730 0.255201 0.491981 0.256092 0.549895 0.273021 0.466142 0.274803 0.585535 0.380830 0.420702 0.369247 0.640776 0.493986 0.358333 0.473493 0.599791 0.506460 0.433176 0.509133 0.551677 0.626743 0.442086 0.623179 0.523166 0.827215 0.436740 0.826324 0.503564 1.000000 0.440304 0.983138 0.011900 0.015608 0.001419 0.035116 0.550520 0.530157 0.007942 0.036595
0.509801 0.269457 0.526730 0.255201 0.491981 0.256092 0.549895 0.273021 0.466142 0.274803 0.585535 0.380830 0.420702 0.369247 0.640776 0.493986 0.358333 0.473493 0.599791 0.506460 0.433176 0.509133 0.551677 0.626743 0.442086 0.623179 0.523166 0.827215 0.436740 0.826324 0.503564 1.000000 0.440304 0.983138 0.011900 0.015608 0.001419 0.035116 0.550520 0.530157 0.007942 0.036595
0.508045 0.271390 0.525029 0.257087 0.491061 0.257087 0.550057 0.273177 0.466032 0.275859 0.587600 0.380443 0.421338 0.369717 0.643915 0.494860 0.358767 0.479664 0.597433 0.506481 0.432959 0.509162 0.550057 0.627155 0.441004 0.622685 0.522347 0.830066 0.438322 0.823809 0.504469 1.000000 0.435640 0.994540 0.013540 0.000756 0.004868 0.028939 0.567609 0.544234 0.011384 0.038959
0.507596 0.271454 0.525468 0.257156 0.491511 0.256262 0.551384 0.272347 0.467382 0.273241 0.588916 0.379583 0.421807 0.370647 0.645215 0.494862 0.356572 0.478776 0.595172 0.506479 0.428956 0.507372 0.548703 0.627119 0.440574 0.622651 0.523681 0.830867 0.443254 0.824612 0.504021 1.000000 0.436105 1.000000 0.006437 0.016581 0.012368 0.019435 0.572002 0.553032 0.013658 0.043121
0.507200 0.271160 0.525202 0.256759 0.490099 0.256759 0.551303 0.272060 0.466698 0.274760 0.590006 0.379167 0.420795 0.371066 0.645810 0.494375 0.355090 0.478174 0.596306 0.510576 0.424395 0.508776 0.549503 0.626683 0.439696 0.623083 0.524302 0.834597 0.445096 0.829197 0.503600 1.000000 0.436996 1.000000 0.004782 0.021293 0.013234 0.015491 0.542903 0.542792 0.013756 0.046734
0.507085 0.274176 0.524796 0.260007 0.490259 0.260007 0.550478 0.274176 0.466348 0.275947 0.588558 0.379561 0.422954 0.370705 0.645236 0.493801 0.355650 0.476089 0.582359 0.506199 0.424725 0.505314 0.547822 0.626639 0.440666 0.623096 0.523911 0.829437 0.447751 0.825009 0.503542 1.000000 0.441551 1.000000 0.003744 0.021198 0.014656 0.011137 0.584625 0.553514 0.014664 0.048522
0.508725 0.273156 0.525727 0.257943 0.490828 0.258838 0.551678 0.271366 0.467562 0.274050 0.589261 0.379643 0.423714 0.370694 0.644742 0.495973 0.353021 0.473602 0.581208 0.512080 0.422819 0.502237 0.547203 0.626621 0.439821 0.623042 0.524832 0.833332 0.449665 0.829752 0.506040 1.000000 0.445190 1.000000 0.002739 0.022346 0.019374 0.005143 0.562620 0.567673 0.016528 0.049462
0.510201 0.273592 0.527054 0.258513 0.493347 0.259400 0.551890 0.271818 0.469398 0.274479 0.588257 0.380033 0.424161 0.370276 0.642364 0.493569 0.355862 0.474055 0.587370 0.518405 0.424161 0.500665 0.546568 0.626620 0.441014 0.623072 0.526167 0.828856 0.451658 0.826195 0.508427 1.000000 0.449884 1.000000 0.001191 0.019626 0.021309 0.004525 0.506534 0.567018 0.015818 0.048667
0.510928 0.273851 0.526986 0.258686 0.493086 0.259578 0.551073 0.271175 0.468999 0.273851 0.586757 0.380012 0.423502 0.370199 0.637607 0.495093 0.353918 0.476359 0.594786 0.523641 0.432423 0.501338 0.547505 0.626233 0.442236 0.623557 0.528770 0.830525 0.452941 0.827849 0.509144 1.000000 0.452941 1.000000 0.004920 0.016665 0.021213 0.006830 0.445270 0.586629 0.013066 0.045773
0.510261 0.273805 0.526322 0.256851 0.491523 0.258636 0.551307 0.270236 0.466539 0.274697 0.586998 0.379987 0.421925 0.370172 0.634289 0.500446 0.354111 0.474570 0.584321 0.520969 0.434417 0.502231 0.548630 0.626259 0.442447 0.623582 0.530784 0.830593 0.454047 0.828808 0.510261 1.000000 0.456724 1.000000 0.008358 0.013651 0.021467 0.007750 0.495033 0.577781 0.011364 0.045702
0.509817 0.272414 0.526775 0.256349 0.491075 0.257242 0.551765 0.269737 0.466085 0.273307 0.586572 0.380406 0.420568 0.369696 0.632981 0.500000 0.350954 0.478580 0.586572 0.520527 0.440203 0.499108 0.549980 0.625841 0.442880 0.624057 0.530345 0.830222 0.456268 0.830222 0.510710 1.000000 0.458053 1.000000 0.004560 0.017773 0.016623 0.007209 0.485273 0.609110 0.009092 0.051127
0.508800 0.272076 0.525520 0.255356 0.490320 0.256236 0.550161 0.269436 0.465679 0.272956 0.585361 0.379438 0.420799 0.370638 0.631122 0.500000 0.351278 0.476240 0.583601 0.516720 0.442799 0.498240 0.550161 0.625842 0.443679 0.624082 0.529921 0.829125 0.457759 0.830005 0.511440 0.991048 0.459519 1.000000 0.004584 0.018863 0.013578 0.006928 0.507780 0.610232 0.007844 0.053320
0.507702 0.270715 0.524425 0.254872 0.488338 0.255753 0.548189 0.269835 0.462813 0.272476 0.585157 0.379857 0.418804 0.370175 0.632686 0.500440 0.352791 0.478436 0.586037 0.516283 0.443449 0.499560 0.551710 0.626305 0.444329 0.623664 0.532346 0.833145 0.454891 0.831384 0.511222 0.988055 0.459292 1.000000 0.013428 0.009003 0.013224 0.015773 0.515299 0.601425 0.005043 0.045884
0.506774 0.270570 0.522506 0.253964 0.486671 0.256586 0.544356 0.270570 0.459577 0.274940 0.584561 0.378949 0.419372 0.371082 0.631758 0.501311 0.352073 0.477713 0.576695 0.512673 0.442096 0.496941 0.552223 0.626296 0.443844 0.623673 0.537364 0.833438 0.454333 0.829068 0.511144 0.984643 0.460451 1.000000 0.031861 0.006295 0.018588 0.014504 0.552406 0.612229 0.005008 0.039033
0.506023 0.272624 0.521511 0.256275 0.486233 0.258857 0.543023 0.272624 0.459558 0.278647 0.584325 0.378460 0.419977 0.371577 0.629929 0.498924 0.353722 0.474832 0.576581 0.508389 0.438908 0.498064 0.551627 0.626272 0.444070 0.623691 0.541302 0.828480 0.453535 0.822457 0.512907 0.970455 0.463000 1.000000 0.046593 0.000173 0.025518 0.015180 0.559303 0.596843 0.005478 0.031386
0.504332 0.271902 0.519929 0.255439 0.484404 0.258039 0.541590 0.271036 0.458410 0.277968 0.584914 0.377611 0.418552 0.372413 0.632570 0.495451 0.352700 0.478122 0.579715 0.511047 0.432416 0.502383 0.552855 0.626288 0.443680 0.623688 0.546789 0.835106 0.451478 0.828175 0.517329 0.961611 0.461875 1.000000 0.063586 0.004903 0.031568 0.019592 0.530992 0.583296 0.004414 0.021376
0.503919 0.271364 0.517855 0.255686 0.483887 0.259170 0.539630 0.270493 0.458628 0.278332 0.584922 0.377625 0.418562 0.372399 0.631085 0.498693 0.354108 0.478661 0.578825 0.514371 0.423788 0.515242 0.552695 0.625859 0.443821 0.624117 0.550953 0.838382 0.450789 0.830543 0.519597 0.964676 0.465596 1.000000 0.074853 0.012744 0.038486 0.021094 0.523180 0.519665 0.004435 0.013350
0.503243 0.270803 0.517082 0.254370 0.482486 0.258694 0.539569 0.269938 0.458269 0.279452 0.585408 0.376320 0.419349 0.373725 0.632113 0.493946 0.357076 0.480107 0.581084 0.510379 0.441836 0.507784 0.552542 0.625410 0.442701 0.624545 0.553407 0.832120 0.452215 0.831255 0.527460 0.974828 0.467783 1.000000 0.058581 0.010771 0.043090 0.014911 0.521143 0.568110 0.006057 0.013308
0.501736 0.273504 0.517356 0.257016 0.480908 0.260487 0.541654 0.271769 0.458346 0.280447 0.585912 0.376772 0.420162 0.373301 0.630170 0.493925 0.358549 0.483512 0.575499 0.512149 0.452271 0.508678 0.552068 0.624963 0.441857 0.624963 0.550332 0.832367 0.453139 0.833235 0.531241 1.000000 0.467024 1.000000 0.032916 0.005173 0.040476 0.010147 0.512558 0.578762 0.007735 0.019888
0.502162 0.273838 0.516865 0.256540 0.481405 0.260000 0.541946 0.271243 0.458919 0.279892 0.586054 0.376757 0.419135 0.373297 0.630162 0.492649 0.359459 0.484000 0.582595 0.514270 0.452865 0.503892 0.552324 0.624973 0.442486 0.624973 0.545405 0.828216 0.454595 0.829946 0.533297 1.000000 0.468432 1.000000 0.009770 0.003231 0.032159 0.010668 0.479960 0.590584 0.006608 0.029613
0.502590 0.273997 0.518132 0.257592 0.482731 0.260183 0.542308 0.271407 0.459419 0.278315 0.585479 0.376745 0.418838 0.373292 0.630378 0.491582 0.360988 0.487264 0.581162 0.514894 0.451648 0.507123 0.551806 0.624550 0.443877 0.625413 0.543171 0.828319 0.455965 0.830046 0.536264 1.000000 0.471507 1.000000 0.002413 0.005553 0.029512 0.012728 0.477823 0.580866 0.005498 0.032261
0.502841 0.273629 0.518573 0.257023 0.482738 0.258771 0.542171 0.270133 0.459140 0.275377 0.585872 0.376764 0.418061 0.373267 0.633943 0.498252 0.360376 0.493882 0.580628 0.516606 0.453896 0.509614 0.552660 0.624985 0.443407 0.624985 0.539549 0.833875 0.453896 0.835623 0.535179 1.000000 0.471376 1.000000 0.013180 0.011075 0.022388 0.016108 0.514396 0.588949 0.005008 0.035788
0.502608 0.270720 0.519125 0.254203 0.483483 0.256811 0.543465 0.269851 0.459143 0.275067 0.587800 0.377645 0.418285 0.372429 0.636481 0.499348 0.361780 0.490655 0.582584 0.510649 0.454796 0.507172 0.552158 0.625398 0.441756 0.624528 0.533903 0.831424 0.452188 0.834901 0.531295 1.000000 0.472182 1.000000 0.023979 0.016371 0.017349 0.013779 0.555330 0.585978 0.007749 0.043902
0.501327 0.269761 0.518136 0.252952 0.481864 0.255606 0.544677 0.267992 0.457093 0.273300 0.588911 0.376808 0.417282 0.373269 0.641107 0.504202 0.358008 0.490047 0.587141 0.514818 0.451785 0.513049 0.553523 0.625404 0.440284 0.624519 0.532291 0.833305 0.448246 0.838613 0.526098 1.000000 0.469478 1.000000 0.022669 0.021697 0.012612 0.017228 0.561949 0.572942 0.007885 0.044228
0.501113 0.267320 0.518035 0.250398 0.481519 0.253070 0.545645 0.265539 0.457472 0.273554 0.591959 0.376869 0.417393 0.373306 0.643616 0.509574 0.358611 0.491762 0.594631 0.512246 0.445003 0.512246 0.552771 0.625358 0.437878 0.624467 0.528723 0.835549 0.445003 0.840003 0.523379 1.000000 0.468160 1.000000 0.027921 0.026758 0.013530 0.015386 0.600816 0.572518 0.011909 0.046778
0.499339 0.266321 0.516959 0.250463 0.480839 0.252225 0.544269 0.265440 0.457052 0.272487 0.592723 0.377324 0.418289 0.372919 0.642939 0.509471 0.361026 0.491851 0.598890 0.511232 0.456171 0.512994 0.552198 0.625760 0.436790 0.623998 0.524888 0.832790 0.442957 0.834551 0.518721 1.000000 0.466743 1.000000 0.032106 0.029904 0.009721 0.014092 0.602868 0.573229 0.014026 0.051069
0.499339 0.266321 0.516959 0.250463 0.480839 0.252225 0.544269 0.266321 0.457933 0.272487 0.592723 0.377324 0.418289 0.372919 0.642939 0.509471 0.361026 0.491851 0.598890 0.510351 0.457052 0.512994 0.552198 0.625760 0.436790 0.623998 0.524888 0.831909 0.443838 0.834551 0.518721 1.000000 0.466743 1.000000 0.032324 0.027134 0.009545 0.012762 0.609228 0.573847 0.014026 0.052576
0.498461 0.263838 0.515172 0.248006 0.479110 0.250644 0.542439 0.263838 0.456242 0.270874 0.592574 0.377301 0.417541 0.372903 0.642709 0.511874 0.359490 0.489885 0.598731 0.510994 0.448326 0.512754 0.552114 0.626217 0.437771 0.623578 0.522209 0.834673 0.443048 0.833793 0.515172 1.000000 0.462399 1.000000 0.034569 0.024925 0.005934 0.017644 0.619881 0.566425 0.012882 0.053345
0.498042 0.265031 0.515447 0.249367 0.479767 0.251107 0.543295 0.265901 0.457140 0.273734 0.592029 0.379035 0.418849 0.371202 0.643375 0.513054 0.360542 0.485206 0.597251 0.511313 0.438865 0.514794 0.551127 0.626187 0.437994 0.623576 0.522409 0.832437 0.444086 0.830697 0.514577 1.000000 0.462361 1.000000 0.031957 0.022517 0.008167 0.014742 0.628465 0.535511 0.013855 0.053398
0.499355 0.263809 0.516548 0.248335 0.481302 0.250914 0.545777 0.266388 0.458951 0.274125 0.592198 0.379863 0.419407 0.370407 0.645497 0.510531 0.361810 0.483881 0.608532 0.515689 0.439179 0.513969 0.550935 0.626585 0.437460 0.623146 0.523426 0.831183 0.441758 0.830323 0.514829 1.000000 0.464969 1.000000 0.029232 0.033909 0.010206 0.016095 0.579149 0.531449 0.014782 0.049146
0.501296 0.262821 0.520305 0.248133 0.484015 0.248997 0.547954 0.268870 0.462414 0.273190 0.593748 0.380331 0.418348 0.369962 0.648183 0.506480 0.360458 0.484015 0.615349 0.516849 0.439085 0.515985 0.552274 0.626582 0.435629 0.623125 0.527217 0.837407 0.439085 0.839135 0.517713 1.000000 0.469327 1.000000 0.023015 0.051723 0.015457 0.016601 0.532305 0.526583 0.015408 0.042748
0.501951 0.260720 0.521024 0.245981 0.484612 0.246848 0.549633 0.267655 0.463805 0.270256 0.594715 0.381227 0.417856 0.369089 0.642398 0.519940 0.358903 0.481794 0.618990 0.514738 0.428259 0.515605 0.553101 0.626576 0.434328 0.623108 0.527959 0.841581 0.439530 0.844182 0.517556 1.000000 0.472474 1.000000 0.021085 0.056326 0.016427 0.013124 0.674996 0.509021 0.016012 0.044542
0.500860 0.260782 0.520633 0.247026 0.483665 0.247026 0.549004 0.268519 0.462172 0.271098 0.593710 0.381143 0.417466 0.369107 0.640995 0.521278 0.358145 0.480871 0.617782 0.514400 0.436380 0.511821 0.554163 0.626165 0.434661 0.623585 0.526651 0.841956 0.436380 0.847114 0.515475 1.000000 0.463032 0.990688 0.022773 0.055974 0.010573 0.019026 0.695278 0.535411 0.014235 0.042812
0.500851 0.263527 0.519582 0.248202 0.483824 0.249905 0.548529 0.269487 0.461688 0.272892 0.590247 0.380167 0.417415 0.369950 0.641330 0.518092 0.356115 0.484036 0.609829 0.512984 0.428483 0.510430 0.553638 0.626218 0.438700 0.623664 0.525542 0.842471 0.436146 0.844174 0.511068 1.000000 0.450619 0.991464 0.017742 0.034866 0.005892 0.030328 0.664079 0.545625 0.009758 0.037438
0.500626 0.266629 0.518978 0.251613 0.483941 0.253282 0.547342 0.271634 0.463086 0.274971 0.589886 0.379248 0.418873 0.370906 0.642442 0.510219 0.357141 0.480187 0.600731 0.506048 0.423878 0.507716 0.552347 0.626175 0.438894 0.623672 0.526486 0.836396 0.435557 0.834728 0.513139 1.000000 0.447236 0.989057 0.016660 0.029075 0.009062 0.030192 0.653194 0.539141 0.011155 0.033929
0.501241 0.269166 0.518616 0.254274 0.483866 0.255101 0.545919 0.273303 0.461528 0.275785 0.588114 0.378378 0.420160 0.371759 0.644374 0.500000 0.358935 0.481798 0.591423 0.504137 0.433397 0.509101 0.551710 0.626586 0.440016 0.623277 0.527717 0.832599 0.432570 0.828462 0.514479 1.000000 0.444981 1.000000 0.014506 0.034244 0.009449 0.036624 0.613097 0.549749 0.010537 0.025359
0.499379 0.268740 0.515928 0.253847 0.482004 0.255502 0.543232 0.271222 0.459664 0.276187 0.587912 0.377130 0.419949 0.372993 0.644175 0.494622 0.357066 0.483038 0.585430 0.502896 0.429050 0.507860 0.551506 0.626179 0.440634 0.623697 0.527511 0.834685 0.434014 0.832203 0.513445 1.000000 0.438151 1.000000 0.013087 0.016931 0.009732 0.036305 0.597619 0.559552 0.010010 0.026369
0.498329 0.267664 0.515043 0.251785 0.480778 0.254292 0.541787 0.270171 0.459049 0.276021 0.588589 0.376310 0.418933 0.373803 0.643748 0.491643 0.353745 0.486628 0.592767 0.507522 0.437319 0.508357 0.551816 0.626197 0.440662 0.623690 0.527579 0.841818 0.432305 0.839311 0.511700 1.000000 0.432305 1.000000 0.009164 0.012331 0.010879 0.039941 0.545886 0.585801 0.009578 0.023298
0.497316 0.267702 0.514661 0.252835 0.479971 0.254487 0.542743 0.271006 0.459322 0.276787 0.588996 0.375901 0.419676 0.374249 0.644335 0.487404 0.354427 0.485752 0.588996 0.506401 0.433718 0.506401 0.551002 0.626164 0.440325 0.623686 0.528702 0.837607 0.433718 0.835129 0.512183 1.000000 0.428762 1.000000 0.005475 0.001890 0.014510 0.036234 0.541381 0.587439 0.011045 0.023504
