0.588257 0.276692 0.582728 0.260107 0.582728 0.260107 0.504541 0.264846 0.557456 0.267215 0.447678 0.369096 0.556666 0.380942 0.412928 0.493089 0.574831 0.523101 0.465053 0.552322 0.602473 0.608396 0.460314 0.621822 0.535342 0.628140 0.505331 0.786884 0.584308 0.790043 0.491905 0.955895 0.481638 0.919565 0.109984 0.306837 0.068848 0.120876 0.316686 0.059303 0.005531 0.008734
0.588257 0.276692 0.582728 0.260107 0.582728 0.260107 0.504541 0.264846 0.557456 0.267215 0.447678 0.369096 0.556666 0.380942 0.412928 0.493879 0.575620 0.523101 0.465842 0.553112 0.603262 0.608396 0.460314 0.621822 0.535342 0.628140 0.505331 0.786094 0.584308 0.790833 0.491905 0.956685 0.481638 0.920355 0.110140 0.306408 0.069237 0.120447 0.318539 0.057564 0.005531 0.007919
0.588457 0.276687 0.582928 0.260101 0.582928 0.260101 0.504739 0.264840 0.557655 0.267209 0.447084 0.369092 0.556865 0.380939 0.413123 0.493879 0.575820 0.523101 0.466829 0.552324 0.603463 0.608399 0.460510 0.621825 0.535541 0.628144 0.505529 0.786892 0.584508 0.790841 0.492102 0.956697 0.481835 0.920366 0.109867 0.306408 0.067856 0.120447 0.321138 0.057564 0.005028 0.008306
0.589883 0.273320 0.584364 0.257551 0.582787 0.257551 0.507885 0.265436 0.556768 0.267013 0.451116 0.367934 0.554403 0.382127 0.411693 0.483837 0.575691 0.520894 0.459001 0.551644 0.604076 0.602893 0.460577 0.621816 0.533903 0.628123 0.500788 0.788179 0.593826 0.785025 0.466097 0.973465 0.496846 0.932466 0.134406 0.301319 0.063633 0.142589 0.298264 0.057621 0.007027 0.040634
0.589095 0.273320 0.583576 0.258340 0.582787 0.257551 0.507885 0.265436 0.556768 0.267801 0.451116 0.367934 0.554403 0.382127 0.411693 0.484625 0.575691 0.520894 0.459001 0.551644 0.604076 0.602893 0.460577 0.621816 0.533903 0.628123 0.500788 0.788967 0.593826 0.785025 0.466097 0.973465 0.496846 0.932466 0.134309 0.301319 0.063290 0.142589 0.299358 0.057621 0.007027 0.040977
0.590524 0.278459 0.585852 0.262885 0.584294 0.262885 0.508760 0.267558 0.555483 0.270672 0.451136 0.369567 0.553146 0.380469 0.416874 0.487151 0.575729 0.516742 0.471383 0.550226 0.603762 0.601621 0.460481 0.622646 0.535236 0.627318 0.490072 0.793960 0.599869 0.779165 0.448022 0.980070 0.520441 0.938799 0.125175 0.275054 0.042696 0.151147 0.317106 0.049266 0.005454 0.073649
0.590524 0.278459 0.585852 0.262885 0.584294 0.262885 0.508760 0.267558 0.555483 0.270672 0.451136 0.369567 0.553146 0.380469 0.416095 0.487151 0.576507 0.516742 0.470604 0.550226 0.603762 0.601621 0.460481 0.622646 0.535236 0.627318 0.490072 0.793960 0.599869 0.779165 0.448022 0.980070 0.520441 0.938799 0.125175 0.275054 0.042696 0.151147 0.319046 0.044857 0.005454 0.073649
0.590243 0.278759 0.585585 0.263233 0.583256 0.263233 0.508733 0.268667 0.555310 0.270996 0.451288 0.369584 0.552981 0.380452 0.416355 0.486803 0.576270 0.516302 0.471472 0.549682 0.604216 0.600917 0.460604 0.622653 0.535127 0.627311 0.490879 0.792659 0.599558 0.778686 0.448183 0.979744 0.520377 0.937048 0.127517 0.275676 0.044386 0.151075 0.321282 0.047497 0.005436 0.071995
0.590978 0.277804 0.586312 0.261474 0.584757 0.261474 0.508554 0.266140 0.555986 0.269250 0.447901 0.370337 0.553654 0.379668 0.416798 0.493196 0.576981 0.517301 0.471229 0.555403 0.601864 0.603614 0.460343 0.623054 0.538102 0.626942 0.477450 0.795679 0.602642 0.780904 0.437793 0.980745 0.545878 0.962860 0.098635 0.222607 0.015784 0.146343 0.307737 0.035900 0.001981 0.094909
0.590978 0.277804 0.586312 0.261474 0.584757 0.261474 0.508554 0.266140 0.555986 0.269250 0.447901 0.370337 0.553654 0.379668 0.416020 0.493196 0.577759 0.517301 0.471229 0.554626 0.601864 0.603614 0.460343 0.623054 0.538102 0.626942 0.477450 0.795679 0.602642 0.780904 0.437793 0.980745 0.545878 0.962083 0.098635 0.222995 0.015784 0.146343 0.313856 0.031499 0.001981 0.094909
0.590837 0.278343 0.586178 0.262039 0.584626 0.262039 0.507764 0.266697 0.555900 0.269803 0.447982 0.369956 0.553570 0.380049 0.416927 0.493401 0.577638 0.517469 0.471274 0.555511 0.601706 0.603647 0.460404 0.623057 0.538043 0.626939 0.477485 0.794637 0.602482 0.780662 0.437889 0.980193 0.546583 0.961559 0.098503 0.221749 0.015972 0.146343 0.307261 0.031499 0.001979 0.094767
0.594517 0.278748 0.590636 0.262446 0.588307 0.262446 0.513780 0.265551 0.557254 0.268656 0.449345 0.368025 0.554148 0.381999 0.412082 0.486026 0.576662 0.517855 0.462542 0.554343 0.603833 0.602474 0.458661 0.623435 0.537846 0.626540 0.466424 0.796555 0.599175 0.788015 0.422950 0.981319 0.578991 0.973556 0.087823 0.150032 0.002662 0.136729 0.299869 0.046626 0.004447 0.101275
0.593255 0.280212 0.590159 0.263960 0.587064 0.263960 0.514317 0.266282 0.556882 0.270151 0.449309 0.368437 0.554560 0.381593 0.412936 0.486844 0.576229 0.517800 0.463240 0.554173 0.602542 0.602155 0.458596 0.623050 0.537534 0.626920 0.466335 0.795630 0.598672 0.787891 0.422997 0.979819 0.578551 0.972080 0.087823 0.150176 0.002662 0.137595 0.299116 0.046026 0.004927 0.101275
0.595167 0.278520 0.592091 0.262371 0.588246 0.262371 0.516726 0.267754 0.555178 0.270830 0.449052 0.366958 0.556716 0.383108 0.409063 0.484619 0.575941 0.518457 0.460587 0.553063 0.602088 0.601511 0.457511 0.623044 0.536721 0.626889 0.457511 0.797613 0.589015 0.789154 0.403679 0.980641 0.610547 0.962954 0.091053 0.060001 0.010511 0.125287 0.309689 0.052168 0.007344 0.099238
0.595936 0.277751 0.592091 0.262371 0.588246 0.262371 0.516726 0.267754 0.555178 0.270830 0.449052 0.366958 0.556716 0.383108 0.409063 0.484619 0.575941 0.518457 0.460587 0.553063 0.602088 0.601511 0.457511 0.623044 0.536721 0.626889 0.456742 0.797613 0.589015 0.789154 0.403679 0.980641 0.610547 0.962954 0.088418 0.060001 0.011913 0.125287 0.309689 0.052168 0.007344 0.100640
0.595167 0.277751 0.592091 0.261602 0.587477 0.262371 0.516726 0.267754 0.555178 0.270830 0.449052 0.366958 0.556716 0.383108 0.409063 0.484619 0.575941 0.518457 0.460587 0.553063 0.602088 0.601511 0.457511 0.623044 0.536721 0.626889 0.457511 0.797613 0.589015 0.788385 0.404449 0.980641 0.610547 0.962185 0.089821 0.060444 0.010511 0.125729 0.309689 0.052168 0.007344 0.099680
0.597316 0.276211 0.594999 0.259992 0.588820 0.260764 0.519309 0.265398 0.553292 0.270032 0.448252 0.365032 0.560243 0.385113 0.408090 0.480884 0.581097 0.522591 0.455204 0.553485 0.597316 0.609095 0.455204 0.622225 0.536300 0.627631 0.448252 0.796004 0.582642 0.789825 0.388009 0.976734 0.630527 0.948929 0.089691 0.004470 0.021327 0.119910 0.289448 0.011080 0.010819 0.101311
0.597901 0.276200 0.594811 0.259980 0.588632 0.260752 0.519117 0.265386 0.553102 0.270021 0.448057 0.365025 0.560053 0.385107 0.407892 0.480111 0.580908 0.523365 0.455008 0.553488 0.597128 0.609100 0.455781 0.622231 0.536109 0.627638 0.448057 0.796019 0.582453 0.789840 0.387810 0.976758 0.630341 0.948952 0.088279 0.004470 0.023694 0.119910 0.288574 0.011863 0.010328 0.102723
0.599598 0.276677 0.597281 0.259692 0.590333 0.260464 0.518530 0.265096 0.552501 0.268957 0.447499 0.364694 0.563310 0.385540 0.411211 0.481277 0.584928 0.529146 0.455992 0.556940 0.593421 0.613302 0.452903 0.621795 0.536288 0.627971 0.440550 0.792423 0.585700 0.785475 0.369519 0.968456 0.621988 0.944522 0.099076 0.025365 0.029695 0.132101 0.266154 0.015546 0.013767 0.119771
0.599598 0.276677 0.597281 0.259692 0.590333 0.260464 0.518530 0.265096 0.552501 0.268957 0.447499 0.363922 0.563310 0.386312 0.411211 0.480505 0.584928 0.529918 0.455220 0.556940 0.593421 0.613302 0.452903 0.621795 0.536288 0.627971 0.440550 0.792423 0.584928 0.785475 0.369519 0.968456 0.621988 0.944522 0.099076 0.022475 0.029675 0.130790 0.262337 0.015251 0.013767 0.118349
0.599752 0.275366 0.597432 0.259127 0.590472 0.259900 0.518558 0.264540 0.551809 0.268406 0.447418 0.364291 0.563408 0.385943 0.411074 0.481055 0.585059 0.529771 0.455150 0.556835 0.594339 0.613284 0.452831 0.621790 0.536344 0.627976 0.440458 0.792682 0.585059 0.785722 0.369318 0.968987 0.622176 0.945016 0.099076 0.022475 0.029695 0.130790 0.263738 0.012337 0.013788 0.118349
0.599611 0.279351 0.598838 0.262363 0.588028 0.263136 0.524710 0.266996 0.544786 0.269313 0.450581 0.363518 0.559457 0.386683 0.406567 0.465445 0.585711 0.531852 0.449037 0.555790 0.599611 0.615247 0.454442 0.621424 0.535520 0.628374 0.440543 0.791303 0.584167 0.792847 0.354831 0.958092 0.603471 0.958865 0.125115 0.054691 0.030750 0.122962 0.269628 0.004382 0.012785 0.117524
0.599565 0.278831 0.598791 0.261818 0.587965 0.262591 0.524553 0.266458 0.544659 0.268778 0.450314 0.363123 0.560126 0.387095 0.406235 0.465974 0.585645 0.531706 0.447994 0.555679 0.599565 0.615224 0.454181 0.621411 0.535379 0.628371 0.439488 0.791541 0.584098 0.792314 0.354423 0.958578 0.603431 0.959351 0.122510 0.055268 0.032187 0.124480 0.267563 0.003029 0.013296 0.119369
0.596108 0.278391 0.596108 0.262148 0.580638 0.262921 0.528040 0.269109 0.535775 0.272977 0.450689 0.361930 0.558206 0.388229 0.404279 0.462485 0.590693 0.532874 0.437540 0.559173 0.594561 0.609451 0.456104 0.621053 0.535001 0.628788 0.443728 0.789677 0.586826 0.793545 0.349360 0.945925 0.586052 0.962942 0.149626 0.098460 0.029971 0.127617 0.243102 0.054262 0.011328 0.120327
0.596158 0.278914 0.596158 0.262695 0.581483 0.263467 0.528191 0.270419 0.535914 0.272736 0.450956 0.362328 0.557540 0.387816 0.404615 0.462734 0.590751 0.533018 0.437053 0.559278 0.593841 0.610253 0.456362 0.621066 0.535142 0.628790 0.444005 0.789439 0.586117 0.794073 0.349005 0.945454 0.586117 0.962445 0.150778 0.095224 0.029971 0.124726 0.240819 0.058848 0.010819 0.118545
0.596158 0.278914 0.596158 0.262695 0.581483 0.263467 0.528191 0.269646 0.535914 0.273508 0.450956 0.362328 0.557540 0.387816 0.404615 0.461962 0.590751 0.533018 0.437053 0.559278 0.593841 0.610253 0.456362 0.621066 0.535142 0.628790 0.444005 0.789439 0.586117 0.794073 0.349005 0.945454 0.586117 0.962445 0.150778 0.095224 0.029971 0.124726 0.240994 0.058848 0.010819 0.118545
0.590253 0.278345 0.591806 0.261265 0.573950 0.262818 0.530473 0.267476 0.528144 0.271358 0.446624 0.362970 0.555317 0.387038 0.403924 0.463122 0.592583 0.530667 0.441190 0.560945 0.586372 0.603646 0.459046 0.621503 0.539013 0.628490 0.454388 0.789976 0.583266 0.796963 0.354236 0.918854 0.566962 0.966989 0.201485 0.112194 0.024081 0.103225 0.244143 0.107832 0.002471 0.090563
0.590114 0.278883 0.591664 0.261829 0.573835 0.263379 0.530425 0.268030 0.528100 0.271906 0.446707 0.362601 0.555231 0.387406 0.404073 0.462598 0.592439 0.530038 0.442056 0.561045 0.586238 0.603679 0.459110 0.621508 0.538952 0.628484 0.455234 0.789720 0.583137 0.796696 0.354462 0.918398 0.566858 0.966459 0.204143 0.112194 0.022570 0.103225 0.245496 0.107969 0.002469 0.089097
0.589229 0.277802 0.590784 0.260695 0.571344 0.261472 0.533242 0.267693 0.524689 0.271581 0.443819 0.361782 0.555015 0.388220 0.410382 0.469091 0.593117 0.532076 0.441486 0.563957 0.593117 0.605170 0.460926 0.620722 0.540241 0.629275 0.471035 0.785572 0.572900 0.805012 0.369169 0.905322 0.548017 0.977639 0.243862 0.104056 0.001502 0.077973 0.196997 0.082417 0.001487 0.038993
0.589229 0.277413 0.590784 0.260306 0.571344 0.261083 0.533242 0.267304 0.524689 0.271192 0.443819 0.362171 0.555015 0.387832 0.410382 0.468702 0.593117 0.531687 0.442263 0.564346 0.593895 0.605559 0.460926 0.621111 0.540241 0.628887 0.471035 0.785184 0.572900 0.804623 0.368392 0.905711 0.548017 0.977250 0.244132 0.104056 0.001413 0.077973 0.199224 0.079066 0.001487 0.038901
0.589091 0.277953 0.590643 0.260872 0.571234 0.260872 0.532414 0.267860 0.524650 0.271742 0.443906 0.361803 0.554930 0.388200 0.410521 0.468168 0.592973 0.531832 0.442353 0.563664 0.594525 0.604813 0.460986 0.621117 0.540178 0.628881 0.471079 0.784935 0.572786 0.804345 0.369373 0.904499 0.547942 0.975927 0.243954 0.104260 0.001346 0.077973 0.199224 0.075645 0.001480 0.038901
0.592626 0.278283 0.594966 0.260343 0.575466 0.260343 0.539585 0.265023 0.528665 0.269703 0.442864 0.361744 0.555186 0.388264 0.413224 0.481085 0.594186 0.534905 0.456125 0.562206 0.604326 0.609786 0.461585 0.620706 0.540365 0.629286 0.488885 0.778268 0.568446 0.805568 0.391384 0.901509 0.535685 0.984970 0.267660 0.107774 0.031640 0.069830 0.232334 0.039898 0.002481 0.004328
0.592286 0.278436 0.594622 0.260524 0.575153 0.260524 0.538550 0.265197 0.527647 0.269870 0.442760 0.362545 0.554904 0.387466 0.413945 0.480920 0.593843 0.534656 0.456778 0.562692 0.605525 0.608640 0.461450 0.621101 0.540886 0.628888 0.488708 0.777636 0.568143 0.804893 0.391360 0.900683 0.535435 0.984013 0.267926 0.106400 0.031906 0.067369 0.229594 0.032475 0.002974 0.005970
0.595690 0.280670 0.598796 0.262037 0.579386 0.262813 0.543672 0.264366 0.532026 0.269801 0.445070 0.362191 0.553765 0.387812 0.422555 0.482531 0.591032 0.533773 0.488548 0.564052 0.606559 0.612188 0.461375 0.620728 0.539790 0.629269 0.507182 0.776783 0.559976 0.807838 0.418673 0.905663 0.522709 0.991066 0.282433 0.099701 0.070834 0.054233 0.275491 0.017344 0.001480 0.055051
0.595930 0.280814 0.599031 0.262210 0.579651 0.262985 0.544767 0.264535 0.532364 0.269962 0.445543 0.362209 0.554070 0.387791 0.423062 0.482364 0.591279 0.533527 0.488954 0.562984 0.606783 0.611822 0.461047 0.621124 0.539341 0.628876 0.508333 0.776162 0.560271 0.807170 0.419961 0.904844 0.523062 0.990116 0.285783 0.101066 0.075194 0.056619 0.276982 0.017344 0.000499 0.057035
0.595782 0.281347 0.598878 0.262771 0.579528 0.263545 0.544698 0.265093 0.532314 0.270511 0.445627 0.362616 0.553986 0.387384 0.423181 0.483359 0.591138 0.533669 0.488197 0.564628 0.605844 0.611842 0.461107 0.621130 0.539280 0.628870 0.508320 0.775928 0.560178 0.807662 0.419311 0.904411 0.523026 0.989550 0.287082 0.101171 0.075194 0.056397 0.273282 0.019979 0.000499 0.057195
0.598854 0.277139 0.601194 0.259201 0.580916 0.260761 0.547380 0.264660 0.531782 0.270900 0.450670 0.361370 0.553619 0.388667 0.422593 0.475238 0.586376 0.535291 0.491226 0.547770 0.605874 0.612503 0.460809 0.620302 0.534901 0.629661 0.511504 0.774726 0.548940 0.813721 0.445211 0.922130 0.510724 1.000000 0.235496 0.088079 0.088510 0.048905 0.318161 0.008772 0.005461 0.076736
0.598854 0.277139 0.601194 0.259201 0.580916 0.260761 0.547380 0.264660 0.531782 0.270900 0.450670 0.361370 0.553619 0.388667 0.422593 0.475238 0.586376 0.535291 0.491226 0.546990 0.605874 0.612503 0.460809 0.620302 0.534901 0.629661 0.511504 0.774726 0.548940 0.813721 0.445991 0.922130 0.510724 1.000000 0.234092 0.088079 0.088510 0.048905 0.319880 0.008772 0.005461 0.076736
0.597636 0.279885 0.601488 0.262938 0.579149 0.263709 0.555269 0.268331 0.529079 0.272952 0.455900 0.361538 0.548337 0.388498 0.431250 0.464759 0.579149 0.531005 0.506740 0.538708 0.603799 0.611887 0.465144 0.620360 0.530620 0.629604 0.517524 0.769799 0.538323 0.811396 0.460522 0.928482 0.493645 1.000000 0.217088 0.086325 0.095950 0.036828 0.327898 0.026382 0.005394 0.093833
0.597636 0.279885 0.601488 0.262938 0.579149 0.263709 0.555269 0.268331 0.529849 0.272952 0.455900 0.361538 0.548337 0.388498 0.431250 0.463988 0.579149 0.531005 0.506740 0.537167 0.603799 0.611887 0.465144 0.620360 0.530620 0.629604 0.517524 0.770570 0.538323 0.812166 0.460522 0.929253 0.493645 1.000000 0.216578 0.086552 0.095440 0.036771 0.330105 0.026382 0.005394 0.093380
0.597296 0.280026 0.601142 0.262336 0.578837 0.263874 0.554994 0.268489 0.528843 0.273873 0.455774 0.361555 0.548071 0.388475 0.431162 0.464620 0.578837 0.530766 0.505769 0.537688 0.603449 0.611525 0.465773 0.619986 0.530381 0.629985 0.517306 0.769968 0.538072 0.811502 0.460389 0.928411 0.493462 1.000000 0.215120 0.086609 0.093036 0.036754 0.327932 0.026382 0.004896 0.091866
0.589173 0.282021 0.593746 0.265254 0.570881 0.265254 0.554114 0.271351 0.523627 0.273638 0.458081 0.362048 0.539632 0.387962 0.427594 0.464940 0.567070 0.529724 0.490092 0.543443 0.592984 0.609752 0.473324 0.619660 0.528962 0.630330 0.512957 0.792671 0.522103 0.814773 0.502286 0.955774 0.467227 1.000000 0.092474 0.079503 0.052867 0.002169 0.305712 0.038824 0.002913 0.083513
0.589365 0.282019 0.593938 0.265251 0.571073 0.265251 0.554305 0.271348 0.523818 0.273635 0.458271 0.362047 0.539824 0.387961 0.427784 0.464940 0.567262 0.528963 0.491044 0.544206 0.593176 0.608991 0.472752 0.619661 0.529153 0.630332 0.513147 0.791912 0.522294 0.814777 0.503239 0.955779 0.467417 0.999985 0.092546 0.079858 0.055449 0.002169 0.306094 0.038503 0.002425 0.085155
0.591053 0.281473 0.596420 0.264604 0.571884 0.263837 0.561149 0.269971 0.525878 0.273038 0.460703 0.361983 0.543514 0.388053 0.434634 0.473930 0.568817 0.529904 0.502109 0.567475 0.592587 0.612714 0.468371 0.619615 0.527412 0.630350 0.517444 0.797504 0.516677 0.818206 0.522811 0.956223 0.463004 0.999929 0.074919 0.073247 0.076208 0.002953 0.271736 0.032786 0.005369 0.103848
0.590014 0.281749 0.596130 0.264931 0.571668 0.264166 0.560965 0.270282 0.525800 0.272575 0.460822 0.362016 0.542618 0.388008 0.435595 0.474391 0.568610 0.528667 0.502102 0.566890 0.592308 0.611992 0.469231 0.619637 0.527329 0.630339 0.517391 0.796226 0.516627 0.817630 0.522743 0.954468 0.463115 0.998042 0.073991 0.073613 0.074364 0.001885 0.268717 0.030038 0.004381 0.102920
0.591157 0.281759 0.596508 0.264942 0.572046 0.264177 0.561345 0.270292 0.526181 0.273350 0.461206 0.362023 0.542998 0.388013 0.435980 0.473628 0.568989 0.529430 0.502484 0.566887 0.592686 0.611223 0.468850 0.619631 0.526946 0.630333 0.517773 0.796212 0.517008 0.816851 0.523124 0.954446 0.463499 0.998783 0.075272 0.074110 0.076589 0.004114 0.267942 0.031908 0.005354 0.102975
0.591697 0.281135 0.596980 0.265287 0.572829 0.264532 0.564527 0.271324 0.528301 0.273588 0.467170 0.363398 0.542641 0.386794 0.454340 0.492453 0.569055 0.528679 0.505660 0.588301 0.594715 0.608678 0.467170 0.619998 0.523018 0.629809 0.534339 0.789052 0.507924 0.811693 0.554716 0.939238 0.449812 0.990558 0.077458 0.073637 0.120383 0.000697 0.188019 0.040210 0.012495 0.146739
0.591697 0.281135 0.596980 0.265287 0.572829 0.264532 0.564527 0.271324 0.528301 0.273588 0.467170 0.363398 0.542641 0.386794 0.455095 0.493208 0.569055 0.528679 0.505660 0.588301 0.593961 0.608678 0.467170 0.619998 0.523018 0.629809 0.534339 0.789052 0.507170 0.811693 0.554716 0.939238 0.449812 0.990558 0.077458 0.071110 0.120383 0.002018 0.185090 0.037480 0.012495 0.148050
0.590637 0.283415 0.597435 0.266798 0.571754 0.266798 0.570244 0.272840 0.529457 0.275106 0.469788 0.362722 0.543808 0.387648 0.460724 0.492636 0.563446 0.525114 0.518883 0.580252 0.593658 0.604422 0.466011 0.619528 0.520393 0.630102 0.533989 0.790228 0.501511 0.813643 0.577797 0.926939 0.430511 0.992651 0.021924 0.087558 0.125314 0.001990 0.208705 0.070691 0.017319 0.153266
0.590637 0.283415 0.597435 0.266798 0.571754 0.266798 0.570999 0.272840 0.529457 0.275106 0.469788 0.362722 0.543808 0.387648 0.459969 0.492636 0.563446 0.525114 0.518883 0.580252 0.593658 0.604422 0.466011 0.619528 0.520393 0.630102 0.533989 0.790228 0.501511 0.813643 0.577797 0.926939 0.430511 0.992651 0.021924 0.087558 0.125314 0.001990 0.212443 0.070691 0.017319 0.153266
