0.525653 0.275255 0.541268 0.262428 0.510596 0.258524 0.555768 0.278601 0.478808 0.268563 0.566364 0.376753 0.424713 0.373407 0.604844 0.467655 0.392925 0.504461 0.562460 0.368387 0.362253 0.628824 0.552980 0.622690 0.455943 0.627151 0.538480 0.800032 0.465424 0.826801 0.541268 0.978490 0.488289 1.000000 0.030941 0.025967 0.008662 0.023877 0.999015 0.001229 0.011363 0.041072
0.525462 0.275183 0.541130 0.263431 0.511472 0.259514 0.557358 0.279100 0.480694 0.267908 0.565193 0.377029 0.426413 0.373112 0.607722 0.467683 0.391159 0.508534 0.565752 0.371433 0.360941 0.634443 0.551763 0.622691 0.456631 0.627168 0.544488 0.801761 0.467823 0.821347 0.550084 0.995941 0.486850 1.000000 0.022095 0.015057 0.004461 0.019357 0.991259 0.006090 0.010690 0.031250
0.525238 0.274398 0.541503 0.262620 0.511217 0.258134 0.557768 0.278324 0.480370 0.266546 0.566180 0.377034 0.425407 0.373108 0.607122 0.468452 0.388952 0.509955 0.566180 0.370304 0.355862 0.634464 0.552720 0.622686 0.455693 0.627173 0.547111 0.804962 0.464106 0.820666 0.549916 1.000000 0.483175 1.000000 0.014262 0.019552 0.007634 0.023935 0.991765 0.000165 0.010713 0.023622
0.524428 0.273411 0.540713 0.261057 0.510389 0.257126 0.556998 0.276781 0.480065 0.266111 0.567106 0.376738 0.425594 0.373369 0.604169 0.469395 0.386846 0.508704 0.565422 0.367753 0.350345 0.634493 0.552506 0.623262 0.454795 0.626631 0.547452 0.809699 0.462656 0.821492 0.546329 1.000000 0.481749 0.994452 0.006793 0.022161 0.010203 0.023704 0.994813 0.001134 0.009296 0.021463
0.523769 0.275240 0.540448 0.263009 0.510425 0.258561 0.557684 0.278020 0.480957 0.266901 0.567136 0.376987 0.426470 0.373095 0.603275 0.468169 0.386995 0.507089 0.566580 0.369203 0.348631 0.631075 0.551568 0.623291 0.454826 0.626627 0.545452 0.808992 0.463166 0.819000 0.542116 0.998585 0.480957 0.986910 0.004881 0.019812 0.009613 0.021662 0.992909 0.004321 0.008142 0.024270
0.524099 0.275260 0.540352 0.262931 0.510088 0.259568 0.558287 0.278063 0.480945 0.267975 0.568935 0.376701 0.426581 0.373339 0.605925 0.468615 0.385669 0.507286 0.567254 0.370537 0.346998 0.632826 0.551001 0.623859 0.453483 0.626101 0.544275 0.814411 0.463010 0.818334 0.538110 1.000000 0.477022 0.990952 0.000963 0.010017 0.011827 0.017987 0.997764 0.000753 0.005709 0.026993
0.524685 0.274308 0.540484 0.262459 0.510579 0.257945 0.557410 0.278258 0.480111 0.266973 0.569259 0.376998 0.425945 0.373048 0.609320 0.470660 0.384756 0.507899 0.568131 0.370791 0.345824 0.633723 0.551204 0.624695 0.453592 0.625259 0.542740 0.818226 0.464312 0.816533 0.531456 1.000000 0.476726 0.992009 0.004790 0.004658 0.009249 0.016933 0.995867 0.001159 0.006107 0.031733
0.523872 0.275046 0.540160 0.262689 0.509829 0.258757 0.557572 0.278978 0.480060 0.267182 0.568806 0.377834 0.426139 0.372217 0.608686 0.471635 0.385698 0.506459 0.565998 0.369970 0.348065 0.631153 0.551394 0.624974 0.453661 0.624974 0.542407 0.822687 0.464895 0.814823 0.529488 1.000000 0.471073 0.983890 0.006669 0.007185 0.007930 0.015711 0.998586 0.000165 0.006437 0.033271
0.522846 0.276418 0.539562 0.264159 0.508915 0.259701 0.556279 0.279204 0.478826 0.267502 0.567423 0.378388 0.425891 0.371701 0.604756 0.472000 0.386328 0.503761 0.565194 0.372259 0.351224 0.628577 0.552378 0.624677 0.454308 0.625234 0.544020 0.822488 0.462667 0.815244 0.527861 1.000000 0.467124 0.963463 0.013023 0.004422 0.005978 0.021537 0.999416 0.005380 0.008514 0.027435
0.521911 0.276784 0.538344 0.264733 0.508217 0.260350 0.555325 0.280618 0.478089 0.268567 0.563541 0.378669 0.426051 0.371548 0.602981 0.470694 0.388255 0.502465 0.565185 0.375382 0.355936 0.625166 0.553681 0.624618 0.456726 0.625166 0.542726 0.821267 0.465490 0.814694 0.520815 1.000000 0.461656 0.947802 0.019562 0.023876 0.004961 0.023605 0.991291 0.007485 0.013255 0.032424
0.520266 0.276933 0.536588 0.264964 0.506121 0.260611 0.553999 0.280742 0.476741 0.268772 0.563248 0.378673 0.425055 0.371600 0.599700 0.470076 0.388058 0.503264 0.563248 0.375409 0.356503 0.625135 0.554543 0.624591 0.457155 0.625135 0.540941 0.821543 0.469124 0.816646 0.514282 1.000000 0.458787 0.936885 0.024147 0.047167 0.010686 0.020219 0.996204 0.006545 0.014899 0.041816
0.519921 0.277079 0.536182 0.265696 0.506369 0.260817 0.553528 0.281957 0.476556 0.268406 0.561659 0.378444 0.424518 0.371939 0.599603 0.467883 0.388743 0.502575 0.561117 0.369771 0.357303 0.623996 0.554612 0.624538 0.459210 0.625080 0.541061 0.820221 0.476014 0.812632 0.511790 1.000000 0.457042 0.937305 0.028864 0.076513 0.012896 0.014910 0.991275 0.004437 0.017608 0.050452
0.519921 0.277079 0.536182 0.265696 0.506369 0.260817 0.553528 0.281957 0.476556 0.268406 0.561659 0.378444 0.424518 0.371939 0.600145 0.467883 0.388743 0.502575 0.561117 0.369771 0.357303 0.623996 0.554612 0.624538 0.459210 0.625080 0.541061 0.820221 0.476014 0.812632 0.511790 1.000000 0.457042 0.937305 0.029013 0.076513 0.012896 0.014910 0.991165 0.004437 0.017608 0.050452
0.518632 0.278044 0.535497 0.266620 0.505576 0.261724 0.553449 0.281852 0.477288 0.269340 0.563241 0.377598 0.424519 0.372702 0.598602 0.467903 0.388070 0.503808 0.557801 0.369982 0.357062 0.625122 0.553449 0.625122 0.458791 0.624578 0.538761 0.823141 0.482728 0.806277 0.510472 1.000000 0.452263 0.944455 0.025022 0.110767 0.010982 0.001353 0.993133 0.006657 0.015591 0.065261
0.518193 0.277175 0.534607 0.265685 0.504514 0.261307 0.552116 0.281005 0.476062 0.269515 0.565794 0.376755 0.423536 0.373472 0.596982 0.469223 0.387972 0.504788 0.557587 0.367454 0.357332 0.627348 0.553210 0.625160 0.457459 0.624613 0.537343 0.825962 0.489194 0.805171 0.504514 1.000000 0.456912 0.959466 0.031979 0.121030 0.008987 0.012642 0.985982 0.006210 0.013589 0.080480
0.516435 0.277312 0.533417 0.265260 0.502739 0.260877 0.552043 0.280599 0.473705 0.267999 0.566834 0.376467 0.423305 0.373728 0.597512 0.470692 0.388793 0.506848 0.556425 0.368797 0.355924 0.630107 0.553138 0.625724 0.456722 0.624081 0.536156 0.824035 0.491783 0.801574 0.501096 1.000000 0.458366 0.979068 0.033964 0.121312 0.009720 0.019839 0.978187 0.002205 0.012558 0.089269
0.515769 0.277451 0.532772 0.265933 0.502057 0.261545 0.551969 0.281291 0.473535 0.268675 0.567875 0.375630 0.423075 0.374533 0.597494 0.471067 0.389068 0.507267 0.556357 0.366855 0.356159 0.631774 0.552518 0.625741 0.456532 0.624095 0.532772 0.822648 0.488893 0.803451 0.499314 1.000000 0.459823 1.000000 0.023734 0.101047 0.012292 0.014399 0.976114 0.002420 0.011525 0.088634
0.514217 0.276622 0.531169 0.264045 0.500000 0.260217 0.550855 0.278809 0.472112 0.267873 0.569994 0.376144 0.422898 0.373957 0.599522 0.471292 0.388448 0.506835 0.555776 0.365755 0.356185 0.628777 0.551948 0.626043 0.455160 0.623856 0.529529 0.819619 0.480861 0.800480 0.496719 1.000000 0.467191 1.000000 0.018578 0.066797 0.013758 0.005126 0.970706 0.001582 0.009053 0.082698
0.512990 0.274939 0.529944 0.262360 0.498769 0.259078 0.550728 0.276580 0.471423 0.267829 0.572058 0.375574 0.422746 0.374480 0.599951 0.469099 0.387743 0.506290 0.557838 0.366276 0.352193 0.629348 0.551821 0.626067 0.453374 0.623879 0.528304 0.820226 0.472517 0.797255 0.494394 0.994149 0.476345 0.993055 0.022923 0.028780 0.012710 0.003892 0.968524 0.006896 0.006616 0.073372
0.512526 0.274536 0.529408 0.262010 0.498366 0.258743 0.550103 0.276170 0.472225 0.267456 0.573521 0.375831 0.422667 0.374198 0.598028 0.470047 0.387813 0.504901 0.558272 0.364395 0.352414 0.625802 0.551192 0.625802 0.452620 0.624169 0.526685 0.821858 0.468958 0.802797 0.492920 0.989594 0.482573 0.991228 0.023647 0.006073 0.011226 0.008928 0.966443 0.007713 0.004854 0.068616
0.512403 0.274150 0.529305 0.261065 0.498228 0.257794 0.550567 0.275241 0.472058 0.266517 0.574011 0.376103 0.422445 0.373922 0.599090 0.469878 0.387007 0.505861 0.559291 0.365744 0.350479 0.629076 0.551113 0.625805 0.452431 0.624170 0.526033 0.820987 0.466606 0.805722 0.494957 0.985638 0.487324 0.992181 0.018703 0.010421 0.011569 0.013158 0.966978 0.008214 0.004513 0.065480
0.511759 0.273030 0.529260 0.260451 0.498086 0.256623 0.550043 0.275218 0.472381 0.264827 0.573013 0.375850 0.421518 0.374210 0.598171 0.472107 0.385968 0.507110 0.559887 0.368740 0.350419 0.630713 0.552230 0.625790 0.453239 0.624150 0.524885 0.823774 0.470740 0.810648 0.495351 0.977457 0.487694 0.998787 0.016744 0.001174 0.017282 0.010400 0.968468 0.005947 0.006964 0.073473
0.511250 0.272949 0.528810 0.260328 0.497531 0.256487 0.550761 0.274596 0.472287 0.264718 0.574906 0.375019 0.420704 0.375019 0.596308 0.473248 0.385034 0.507271 0.555699 0.366788 0.351011 0.630194 0.552407 0.625255 0.451983 0.624706 0.524969 0.826651 0.473385 0.816773 0.492043 0.968232 0.495336 1.000000 0.029632 0.000897 0.014557 0.004348 0.952291 0.002096 0.005590 0.078424
0.511023 0.271968 0.529210 0.259292 0.497795 0.254883 0.550704 0.274173 0.472443 0.263150 0.574954 0.375030 0.419534 0.375030 0.595346 0.474234 0.383711 0.508405 0.554562 0.364559 0.349540 0.632961 0.553460 0.625245 0.452051 0.624694 0.524801 0.829716 0.474097 0.822551 0.490631 0.958681 0.497795 1.000000 0.038118 0.002416 0.017049 0.005905 0.951209 0.001698 0.007017 0.079647
0.511486 0.270832 0.529535 0.258253 0.497812 0.253877 0.550865 0.274114 0.472653 0.263722 0.574931 0.375298 0.420147 0.374751 0.594621 0.472653 0.384596 0.507110 0.553600 0.362171 0.351232 0.629625 0.553600 0.625249 0.451322 0.624702 0.530082 0.828164 0.469371 0.824335 0.486873 0.950132 0.491796 1.000000 0.071644 0.006905 0.009631 0.010796 0.950358 0.001107 0.006268 0.065430
0.511794 0.271437 0.529689 0.258965 0.498780 0.255169 0.550837 0.275233 0.473294 0.263845 0.575239 0.375551 0.421779 0.374467 0.594218 0.471531 0.386532 0.505151 0.554633 0.359826 0.354539 0.626618 0.552464 0.625533 0.450519 0.624449 0.532942 0.829423 0.463533 0.824543 0.481428 0.956855 0.487935 1.000000 0.091901 0.018801 0.001462 0.015761 0.953737 0.001876 0.003797 0.051058
0.512675 0.271440 0.530475 0.259574 0.499730 0.255259 0.551510 0.274676 0.474380 0.263350 0.576321 0.376079 0.423679 0.373921 0.596818 0.469930 0.388619 0.504450 0.556904 0.358819 0.356796 0.625809 0.550971 0.625270 0.449029 0.624730 0.535329 0.825917 0.464132 0.825378 0.488943 0.946197 0.485707 1.000000 0.092397 0.012206 0.007507 0.008151 0.958667 0.001894 0.000002 0.048678
0.513278 0.272804 0.530445 0.260465 0.499866 0.256710 0.551367 0.275486 0.475725 0.264220 0.577118 0.376343 0.424223 0.373661 0.597504 0.472372 0.389889 0.503487 0.557805 0.361858 0.358237 0.625803 0.550294 0.625266 0.448364 0.624730 0.536346 0.825907 0.462849 0.829126 0.501475 0.936421 0.484845 1.000000 0.075197 0.014704 0.012076 0.007994 0.956811 0.001695 0.001709 0.044613
0.513130 0.276125 0.530815 0.263264 0.500268 0.259512 0.552251 0.277733 0.475616 0.265943 0.575831 0.376340 0.424169 0.373660 0.597803 0.474946 0.389871 0.504421 0.556538 0.365086 0.359325 0.627680 0.550643 0.625000 0.449357 0.625000 0.536710 0.823285 0.460075 0.828108 0.515273 0.942256 0.480439 1.000000 0.034413 0.016973 0.009801 0.015011 0.955417 0.004326 0.000002 0.039113
0.514366 0.278868 0.531552 0.265979 0.500940 0.262219 0.553034 0.279405 0.476235 0.269201 0.576127 0.377149 0.424678 0.372852 0.597610 0.477578 0.389770 0.504431 0.556793 0.368556 0.359158 0.629027 0.550349 0.624731 0.448846 0.625268 0.535848 0.819144 0.459050 0.828811 0.520811 0.958241 0.476235 1.000000 0.010582 0.012592 0.009327 0.014440 0.953048 0.005861 0.001024 0.039642
0.516263 0.280917 0.534543 0.268552 0.503360 0.263713 0.555510 0.281992 0.477016 0.268552 0.574327 0.377152 0.424329 0.372851 0.596907 0.479301 0.389383 0.506183 0.558198 0.370163 0.360351 0.631987 0.551209 0.623923 0.450135 0.626073 0.534543 0.811017 0.459812 0.827146 0.525940 0.971230 0.477016 1.000000 0.011207 0.013068 0.001450 0.017020 0.960757 0.009401 0.001710 0.043588
0.517972 0.284470 0.536350 0.271497 0.504459 0.267173 0.556889 0.283929 0.476893 0.271497 0.574186 0.377438 0.423382 0.372574 0.596347 0.485001 0.388789 0.506621 0.560132 0.377438 0.360682 0.633642 0.552025 0.623373 0.450408 0.626616 0.536890 0.807148 0.458515 0.827147 0.534188 0.993085 0.474190 1.000000 0.021529 0.013377 0.002452 0.020873 0.961301 0.011073 0.003096 0.039017
0.517119 0.286969 0.537226 0.274470 0.504619 0.267948 0.560051 0.287513 0.478534 0.270666 0.574180 0.378268 0.423102 0.371747 0.595918 0.487501 0.387778 0.506521 0.559507 0.379355 0.360606 0.635318 0.552443 0.623362 0.450275 0.626623 0.538313 0.809764 0.457883 0.826068 0.538856 1.000000 0.469295 1.000000 0.024929 0.006939 0.004076 0.021671 0.959153 0.015409 0.003459 0.036219
0.517895 0.290776 0.537270 0.278935 0.505517 0.273015 0.559336 0.291314 0.479145 0.274630 0.573329 0.378502 0.424787 0.371505 0.595396 0.489371 0.389804 0.506055 0.560413 0.381193 0.362356 0.634684 0.551802 0.623382 0.450082 0.626611 0.543729 0.811751 0.457617 0.824668 0.545343 1.000000 0.469995 1.000000 0.016088 0.009208 0.014278 0.019356 0.962978 0.014047 0.002398 0.025737
0.518722 0.294584 0.537708 0.282454 0.506592 0.276126 0.559858 0.293002 0.480751 0.276653 0.570406 0.378438 0.426430 0.371582 0.594665 0.487606 0.391623 0.503428 0.563022 0.383712 0.365781 0.628945 0.551420 0.623672 0.451744 0.626308 0.548256 0.809311 0.457018 0.816694 0.547201 1.000000 0.467566 0.988621 0.003678 0.010689 0.019169 0.022715 0.975498 0.017528 0.004029 0.014241
0.518565 0.295785 0.538437 0.283758 0.507060 0.276959 0.560401 0.295263 0.480912 0.276959 0.568769 0.378936 0.427571 0.371091 0.593871 0.486142 0.392009 0.502353 0.561970 0.381027 0.365339 0.628909 0.551511 0.624202 0.452149 0.625771 0.549419 0.808283 0.456856 0.810375 0.550988 0.996024 0.466792 0.978767 0.006278 0.010646 0.018743 0.022512 0.979423 0.018099 0.004660 0.011731
0.517780 0.298096 0.537273 0.285979 0.506190 0.279657 0.561506 0.294935 0.480903 0.278077 0.570462 0.378699 0.426113 0.371324 0.593642 0.487225 0.390290 0.503029 0.561506 0.381334 0.362368 0.629993 0.552024 0.624198 0.451401 0.625778 0.547809 0.813854 0.455615 0.812273 0.545702 1.000000 0.464044 0.979802 0.003620 0.008810 0.016790 0.024338 0.973193 0.015631 0.004360 0.014265
0.517686 0.298195 0.537220 0.285524 0.506071 0.279189 0.561505 0.295027 0.480730 0.277605 0.571008 0.378970 0.425824 0.371050 0.593709 0.487197 0.389924 0.503036 0.561505 0.381609 0.361943 0.629741 0.552002 0.624462 0.451165 0.625518 0.547779 0.814521 0.454861 0.813465 0.545667 1.000000 0.463836 0.981350 0.003612 0.010742 0.017522 0.025337 0.971582 0.015352 0.004034 0.013330
0.516021 0.299537 0.536147 0.286826 0.504369 0.279941 0.561569 0.295300 0.480007 0.277822 0.571102 0.379510 0.425985 0.370507 0.595465 0.488083 0.389441 0.502383 0.561039 0.381099 0.359252 0.630553 0.551506 0.625256 0.451407 0.624727 0.545151 0.821218 0.452996 0.812744 0.534558 1.000000 0.457233 0.982224 0.007152 0.005265 0.015009 0.029036 0.971166 0.012415 0.003709 0.013010
0.514036 0.300415 0.533821 0.287582 0.501738 0.281165 0.560023 0.295602 0.478210 0.279026 0.572321 0.380623 0.424738 0.369394 0.596918 0.489707 0.386238 0.502005 0.561092 0.381158 0.355224 0.633012 0.552002 0.625526 0.450939 0.624457 0.542911 0.827651 0.452543 0.814283 0.530078 1.000000 0.449870 0.982186 0.006201 0.007757 0.012044 0.029894 0.969120 0.015947 0.003744 0.016996
0.510938 0.302978 0.530681 0.290172 0.499200 0.284303 0.557893 0.296575 0.477323 0.280034 0.572299 0.380880 0.424499 0.369141 0.595777 0.490796 0.385015 0.500934 0.561094 0.380880 0.354067 0.630059 0.552023 0.625790 0.451178 0.624189 0.544020 0.830149 0.452245 0.818944 0.524811 1.000000 0.440506 0.980617 0.018167 0.024815 0.013832 0.031431 0.969692 0.017779 0.004076 0.014204
0.508766 0.307276 0.528130 0.294192 0.496729 0.287912 0.554821 0.299426 0.474748 0.282678 0.568428 0.380545 0.424507 0.369555 0.592502 0.490449 0.385255 0.498822 0.559008 0.381592 0.356471 0.624950 0.553251 0.625473 0.453814 0.624427 0.542261 0.829057 0.459048 0.818590 0.518710 1.000000 0.434974 0.949428 0.021357 0.066499 0.002532 0.027865 0.973626 0.022416 0.008997 0.025745
0.506073 0.306554 0.525198 0.293632 0.494702 0.287946 0.553110 0.299317 0.473509 0.284328 0.569651 0.380986 0.423888 0.369098 0.589293 0.487982 0.384604 0.496253 0.556212 0.378918 0.355658 0.620306 0.552594 0.625992 0.453868 0.623924 0.540188 0.824995 0.462655 0.815174 0.510725 1.000000 0.433709 0.936643 0.029895 0.089079 0.002307 0.022662 0.964049 0.022412 0.008228 0.034432
0.505076 0.307617 0.524861 0.294601 0.493101 0.288874 0.553497 0.299807 0.471754 0.284708 0.571200 0.380509 0.422292 0.369575 0.586820 0.489847 0.382722 0.497657 0.554018 0.377906 0.353565 0.620011 0.552977 0.626259 0.453531 0.623656 0.538398 0.829315 0.467589 0.813696 0.507680 1.000000 0.432705 0.945943 0.029178 0.105597 0.000751 0.015437 0.954435 0.020915 0.008287 0.046317
0.503649 0.306751 0.522935 0.294241 0.492181 0.289028 0.552645 0.299974 0.472374 0.287465 0.570889 0.380245 0.423378 0.369820 0.586004 0.488663 0.382721 0.496482 0.553688 0.377639 0.352489 0.617409 0.552124 0.626270 0.453610 0.623664 0.535444 0.830596 0.476023 0.815480 0.502606 1.000000 0.432760 0.952045 0.028772 0.134681 0.001695 0.000711 0.953933 0.020887 0.007301 0.062953
0.502220 0.309448 0.521550 0.296388 0.490205 0.291686 0.552895 0.301089 0.470875 0.290119 0.573269 0.378930 0.423335 0.371093 0.584240 0.490727 0.382587 0.500653 0.554462 0.378407 0.349674 0.624466 0.551328 0.626556 0.452068 0.623421 0.529908 0.834478 0.477667 0.812014 0.491772 1.000000 0.437963 0.970829 0.031354 0.120922 0.004543 0.006852 0.948645 0.014294 0.004324 0.075619
0.500787 0.306280 0.519674 0.293689 0.488720 0.288443 0.551676 0.298936 0.470883 0.286344 0.574235 0.379204 0.423142 0.370810 0.587876 0.489376 0.382745 0.499869 0.554824 0.375532 0.350218 0.624206 0.551151 0.626829 0.451472 0.623157 0.530691 0.833009 0.478752 0.810974 0.492918 1.000000 0.448849 1.000000 0.031178 0.094568 0.001898 0.010328 0.949270 0.015113 0.003341 0.077399
0.499869 0.306486 0.519221 0.293934 0.488363 0.288704 0.551124 0.299164 0.470058 0.286612 0.576229 0.379185 0.422987 0.370817 0.587735 0.490586 0.383238 0.500000 0.555308 0.375001 0.351857 0.623953 0.550601 0.627091 0.450183 0.622907 0.527066 0.833680 0.475811 0.812760 0.490978 1.000000 0.459074 1.000000 0.023364 0.066915 0.003319 0.008501 0.945699 0.016089 0.000998 0.078817
0.500389 0.306607 0.520078 0.293654 0.488990 0.287954 0.552720 0.298835 0.470855 0.285364 0.576036 0.379146 0.424741 0.370856 0.590025 0.489508 0.383809 0.498834 0.556865 0.373446 0.355312 0.620077 0.549611 0.626813 0.449612 0.623186 0.523705 0.831993 0.472409 0.810750 0.485363 1.000000 0.473964 1.000000 0.027088 0.036014 0.006145 0.007228 0.951550 0.025052 0.000987 0.078480
0.502823 0.308015 0.521816 0.294668 0.491530 0.290048 0.553130 0.299288 0.473050 0.287481 0.575716 0.377314 0.426337 0.372694 0.592143 0.491273 0.385784 0.500513 0.562370 0.375774 0.357551 0.620632 0.548510 0.626279 0.449437 0.623712 0.524383 0.829558 0.470484 0.815698 0.486397 0.998443 0.481263 1.000000 0.032820 0.016949 0.002956 0.005546 0.965264 0.024310 0.002614 0.072359
