0.576624 0.300017 0.572276 0.286975 0.559234 0.289148 0.546192 0.297843 0.517933 0.304364 0.520107 0.376098 0.476632 0.373924 0.537497 0.471742 0.539671 0.445657 0.557060 0.471742 0.565755 0.354360 0.504891 0.623902 0.498370 0.626076 0.467937 0.813017 0.567929 0.797801 0.437505 1.000000 0.574450 1.000000 0.011761 0.112457 0.041904 0.095133 0.442751 0.681922 0.004151 0.183930
0.575867 0.298598 0.573684 0.285499 0.560584 0.287682 0.545302 0.296415 0.519103 0.302965 0.519103 0.375011 0.477622 0.375011 0.536569 0.473256 0.540935 0.444874 0.558401 0.473256 0.571500 0.355362 0.503821 0.623898 0.499454 0.626081 0.462339 0.811654 0.567134 0.802922 0.423042 1.000000 0.599882 1.000000 0.004988 0.064902 0.049691 0.088738 0.443997 0.660902 0.004170 0.185560
0.578744 0.299011 0.576541 0.283592 0.563325 0.285795 0.550110 0.294605 0.519273 0.301213 0.521476 0.376103 0.477423 0.373900 0.539097 0.495044 0.547907 0.446586 0.554515 0.580946 0.574338 0.356279 0.501652 0.622796 0.499449 0.627201 0.453194 0.814424 0.565528 0.807816 0.409142 1.000000 0.620594 1.000000 0.006915 0.024474 0.053316 0.084031 0.009714 0.664264 0.001401 0.190480
0.578603 0.298581 0.578603 0.283297 0.563319 0.285480 0.541485 0.298581 0.519651 0.298581 0.524017 0.375000 0.475983 0.375000 0.534935 0.530022 0.550218 0.449236 0.563319 0.658843 0.567686 0.355349 0.504367 0.623908 0.495633 0.626092 0.451965 0.813865 0.558952 0.807314 0.399563 0.997271 0.624454 0.990721 0.002908 0.002190 0.060601 0.082136 0.046654 0.691449 0.000004 0.192675
0.578600 0.297497 0.576416 0.284397 0.563316 0.284397 0.537116 0.297497 0.519650 0.299680 0.519650 0.373913 0.478167 0.376096 0.537116 0.524562 0.554583 0.450329 0.563316 0.653378 0.569866 0.356447 0.502183 0.622812 0.500000 0.627179 0.447600 0.810578 0.561133 0.804028 0.386467 0.993977 0.620083 0.989610 0.012367 0.008038 0.067749 0.078330 0.027129 0.694020 0.002779 0.195990
0.577421 0.294280 0.577421 0.278796 0.564149 0.281008 0.546453 0.289856 0.519908 0.296492 0.515484 0.378338 0.480092 0.371702 0.522120 0.535393 0.555301 0.446911 0.566361 0.654843 0.572997 0.358429 0.502212 0.623874 0.502212 0.626086 0.442487 0.807474 0.566361 0.805262 0.367277 0.988861 0.612814 0.999922 0.025005 0.034871 0.082921 0.081827 0.099465 0.687167 0.005634 0.209547
0.577421 0.293174 0.575209 0.277690 0.561937 0.279902 0.546453 0.288750 0.517696 0.295386 0.513272 0.377232 0.482304 0.372808 0.519908 0.540923 0.557513 0.450229 0.572997 0.658161 0.572997 0.359535 0.502212 0.622768 0.502212 0.627192 0.444699 0.806368 0.564149 0.804156 0.356217 0.983331 0.601754 1.000000 0.050954 0.047090 0.082301 0.082306 0.122450 0.700786 0.005634 0.203796
0.575195 0.293214 0.572983 0.279945 0.559713 0.282156 0.546444 0.286580 0.515481 0.295426 0.515481 0.375044 0.477884 0.375044 0.535386 0.521010 0.557502 0.454662 0.568560 0.653707 0.572983 0.366198 0.506635 0.622744 0.500000 0.627168 0.451345 0.808520 0.557502 0.806308 0.349611 0.978814 0.584041 1.000000 0.079334 0.056206 0.080714 0.071016 0.034839 0.694854 0.008449 0.190944
0.573634 0.294716 0.573634 0.279097 0.558015 0.281328 0.549090 0.285791 0.513388 0.292485 0.517851 0.372813 0.475455 0.377276 0.535701 0.517851 0.558015 0.459836 0.558015 0.651731 0.573634 0.363888 0.511157 0.622724 0.495537 0.627187 0.466530 0.810157 0.544627 0.810157 0.350500 0.973045 0.566940 1.000000 0.122616 0.048212 0.065879 0.057912 0.013588 0.698633 0.008524 0.157838
0.573067 0.294743 0.573067 0.281357 0.557450 0.283588 0.548525 0.288050 0.515060 0.294743 0.517291 0.372830 0.474901 0.377292 0.539601 0.502231 0.559681 0.462072 0.548525 0.593704 0.573067 0.366137 0.517291 0.622708 0.490518 0.627170 0.481594 0.810116 0.532908 0.812348 0.356655 0.964059 0.548525 1.000000 0.157102 0.046924 0.059913 0.051763 0.023390 0.705870 0.009944 0.131545
0.573067 0.294743 0.570836 0.281357 0.557450 0.283588 0.548525 0.288050 0.515060 0.296974 0.517291 0.372830 0.474901 0.377292 0.541832 0.502231 0.559681 0.464303 0.550756 0.593704 0.570836 0.370599 0.519522 0.622708 0.488287 0.627170 0.497211 0.812348 0.521753 0.812348 0.363348 0.952904 0.530677 1.000000 0.204961 0.042929 0.040119 0.039875 0.028704 0.716417 0.009944 0.094188
0.576756 0.297745 0.574515 0.282058 0.561069 0.284299 0.549863 0.288781 0.518489 0.297745 0.516248 0.371700 0.475909 0.378423 0.549863 0.472547 0.563310 0.468065 0.567792 0.441172 0.572274 0.371700 0.518489 0.622697 0.489355 0.627180 0.505042 0.815428 0.520730 0.815428 0.377303 0.947649 0.514007 1.000000 0.222341 0.063175 0.025014 0.035379 0.732334 0.724504 0.009988 0.074740
0.574702 0.298192 0.572472 0.282583 0.561323 0.284813 0.547943 0.289272 0.516724 0.295962 0.514494 0.371780 0.474356 0.378469 0.543483 0.483276 0.561323 0.467666 0.559093 0.501115 0.568013 0.371780 0.523414 0.623761 0.487735 0.625991 0.534564 0.813304 0.510035 0.813304 0.400768 0.938180 0.498885 1.000000 0.279674 0.055189 0.007440 0.020527 0.147843 0.731857 0.014201 0.019014
0.572860 0.300594 0.570669 0.285255 0.559712 0.287446 0.548756 0.291829 0.515887 0.298403 0.515887 0.370715 0.474253 0.379480 0.542182 0.475896 0.557521 0.464940 0.561904 0.458366 0.566286 0.372906 0.526843 0.622711 0.483018 0.627094 0.557521 0.802396 0.496165 0.813352 0.421662 0.936064 0.485209 1.000000 0.306414 0.040295 0.039996 0.011169 0.653318 0.723910 0.012558 0.031395
0.574191 0.300886 0.574191 0.285611 0.561098 0.285611 0.548006 0.296521 0.517457 0.296521 0.519639 0.372894 0.471633 0.377258 0.548006 0.481998 0.558916 0.468905 0.552370 0.501637 0.572008 0.375076 0.526185 0.623833 0.482543 0.626015 0.561098 0.794035 0.491272 0.809309 0.445448 0.951144 0.482543 0.999150 0.266385 0.029771 0.056099 0.001193 0.011363 0.713632 0.011115 0.049255
0.572782 0.301207 0.572782 0.285999 0.559747 0.285999 0.548883 0.296862 0.516294 0.296862 0.520640 0.372903 0.470670 0.377248 0.551056 0.472843 0.557574 0.468497 0.561919 0.455462 0.570609 0.375076 0.527157 0.622752 0.481533 0.627097 0.564092 0.790042 0.481533 0.807423 0.488051 0.968195 0.464152 0.998612 0.197579 0.028858 0.060865 0.013831 0.728151 0.713632 0.011067 0.069167
0.574864 0.301281 0.577066 0.285868 0.563854 0.285868 0.552845 0.296877 0.517615 0.296877 0.522019 0.373943 0.471376 0.376145 0.552845 0.475229 0.559451 0.468623 0.561652 0.457614 0.570460 0.373943 0.528624 0.622754 0.477981 0.627158 0.566056 0.796703 0.473577 0.814318 0.513211 0.983862 0.451559 1.000000 0.155064 0.028128 0.059020 0.015863 0.758375 0.720915 0.008412 0.074957
0.577839 0.302662 0.577839 0.287313 0.564683 0.287313 0.551527 0.296084 0.520830 0.296084 0.523023 0.372827 0.472592 0.377212 0.551527 0.475881 0.558105 0.469303 0.562490 0.462725 0.573454 0.375019 0.527408 0.622788 0.476977 0.627173 0.566876 0.798200 0.463821 0.813548 0.544949 0.988960 0.439702 1.000000 0.106874 0.016711 0.064863 0.028015 0.692962 0.710417 0.005583 0.092878
0.577717 0.305437 0.577717 0.290219 0.564673 0.290219 0.553804 0.294567 0.521195 0.298915 0.523369 0.372827 0.475544 0.377175 0.542934 0.479348 0.555978 0.464131 0.566847 0.461957 0.573369 0.368479 0.527717 0.622825 0.473370 0.627173 0.566847 0.801084 0.455979 0.814127 0.571195 0.992387 0.427718 1.000000 0.061549 0.016643 0.063247 0.026757 0.642331 0.705146 0.001382 0.098307
0.581875 0.306230 0.581875 0.290947 0.566591 0.290947 0.555675 0.293130 0.522925 0.299680 0.525108 0.373913 0.477075 0.376096 0.544758 0.474346 0.557858 0.465613 0.575325 0.426313 0.575325 0.369546 0.525108 0.622812 0.472708 0.627179 0.564408 0.806211 0.450875 0.814944 0.594975 0.993977 0.413759 1.000000 0.015826 0.023896 0.067193 0.031312 0.758103 0.709060 0.002779 0.104040
0.582058 0.306538 0.582058 0.291322 0.569016 0.291322 0.555974 0.293496 0.525541 0.300017 0.525541 0.373924 0.477719 0.376098 0.545105 0.473915 0.553800 0.463047 0.573363 0.428267 0.577711 0.371750 0.525541 0.623902 0.471198 0.626076 0.560321 0.808669 0.445113 0.810843 0.605969 0.991263 0.401639 1.000000 0.018755 0.026492 0.059224 0.036341 0.762057 0.689654 0.004151 0.103867
0.582606 0.306529 0.584779 0.293486 0.569563 0.293486 0.556520 0.295660 0.526086 0.300008 0.526086 0.373918 0.476088 0.376092 0.543477 0.473914 0.552172 0.460871 0.571736 0.430437 0.576084 0.369570 0.526086 0.623908 0.471740 0.626082 0.560867 0.810858 0.441307 0.810858 0.606518 0.993460 0.386961 0.999981 0.019428 0.037107 0.058551 0.046426 0.761724 0.685654 0.002768 0.110512
0.583512 0.308191 0.583512 0.293105 0.570581 0.293105 0.551185 0.301726 0.525323 0.299571 0.527478 0.375001 0.473599 0.375001 0.542564 0.474138 0.553340 0.463362 0.559805 0.474138 0.570581 0.370691 0.527478 0.624999 0.471444 0.624999 0.553340 0.808187 0.436962 0.810342 0.596443 0.987064 0.372307 0.989220 0.030624 0.051850 0.044643 0.055807 0.451930 0.707758 0.001371 0.103194
0.580435 0.308696 0.582609 0.293478 0.567391 0.293478 0.560870 0.297826 0.523913 0.297826 0.526087 0.376087 0.473913 0.373913 0.534783 0.476087 0.550000 0.456522 0.560870 0.447826 0.571739 0.371739 0.528261 0.623913 0.471739 0.626087 0.554348 0.810870 0.432609 0.810870 0.584783 0.995652 0.356522 0.991304 0.007831 0.060600 0.041338 0.063681 0.735116 0.683177 0.000004 0.110556
0.581166 0.310072 0.581166 0.294921 0.568179 0.294921 0.561686 0.299250 0.524891 0.299250 0.524891 0.377169 0.472945 0.372840 0.533549 0.474568 0.550864 0.455088 0.555193 0.446431 0.570344 0.368511 0.529220 0.623913 0.472945 0.626078 0.553028 0.810053 0.440478 0.807889 0.570344 0.996194 0.349573 0.985371 0.010970 0.094426 0.034910 0.056248 0.763066 0.688154 0.002755 0.096742
0.578637 0.312563 0.580792 0.297482 0.567865 0.297482 0.561402 0.301790 0.524776 0.299636 0.520467 0.377196 0.473069 0.372887 0.529085 0.478455 0.550630 0.452602 0.550630 0.465529 0.567865 0.370733 0.529085 0.624958 0.477378 0.624958 0.546321 0.810241 0.449370 0.810241 0.552784 0.997678 0.345957 0.980443 0.018554 0.126037 0.018458 0.053196 0.644996 0.688312 0.008230 0.077280
0.577127 0.312070 0.579300 0.299035 0.566264 0.296862 0.557574 0.301207 0.520640 0.301207 0.520640 0.377248 0.470670 0.372903 0.527157 0.479360 0.548883 0.453289 0.544538 0.477188 0.566264 0.366385 0.531503 0.624924 0.477188 0.624924 0.538020 0.818286 0.461980 0.811768 0.538020 1.000000 0.344659 0.974713 0.010725 0.172781 0.003225 0.034082 0.519293 0.691527 0.011067 0.036577
0.578362 0.311492 0.578362 0.296149 0.565211 0.296149 0.556443 0.298341 0.521371 0.298341 0.521371 0.377251 0.470957 0.372867 0.527947 0.486848 0.547675 0.451777 0.541099 0.513152 0.563019 0.366291 0.527947 0.624941 0.479724 0.624941 0.534523 0.820025 0.479724 0.815641 0.525755 1.000000 0.346016 0.966885 0.025184 0.230436 0.002278 0.011067 0.128508 0.697952 0.009770 0.010725
0.579425 0.308381 0.579425 0.292829 0.566095 0.292829 0.554986 0.297272 0.521661 0.297272 0.523883 0.377253 0.470563 0.372809 0.530548 0.501666 0.546100 0.452789 0.546100 0.590533 0.563873 0.366144 0.526105 0.623858 0.479450 0.626080 0.530548 0.826031 0.497223 0.821587 0.512775 1.000000 0.355036 0.968218 0.035852 0.273961 0.004126 0.017693 0.038110 0.694691 0.007072 0.021863
0.582006 0.307144 0.582006 0.291309 0.568433 0.293571 0.557121 0.298096 0.523188 0.298096 0.525450 0.377274 0.471157 0.372749 0.534499 0.503959 0.545810 0.456452 0.554859 0.596711 0.566170 0.368225 0.520926 0.623857 0.482468 0.626120 0.525450 0.825196 0.514139 0.825196 0.505090 1.000000 0.369356 0.976766 0.038531 0.292931 0.012992 0.036018 0.046084 0.695977 0.004320 0.043067
0.580862 0.306045 0.578600 0.290212 0.565029 0.292474 0.558243 0.296998 0.519791 0.299260 0.522053 0.376163 0.472292 0.373901 0.528839 0.480209 0.542410 0.455328 0.540148 0.482471 0.562767 0.369377 0.519791 0.622706 0.485863 0.627230 0.524315 0.821750 0.524315 0.826274 0.494911 1.000000 0.384079 0.982343 0.051916 0.293751 0.010153 0.043708 0.416437 0.699685 0.007200 0.053510
0.579545 0.303378 0.577305 0.287693 0.563860 0.289933 0.554897 0.296655 0.521287 0.301137 0.521287 0.377321 0.469750 0.372840 0.528009 0.475912 0.539212 0.453505 0.539212 0.464709 0.561620 0.368358 0.521287 0.623799 0.487676 0.626040 0.516805 0.823223 0.532490 0.816500 0.485435 1.000000 0.409251 0.984554 0.043067 0.274969 0.007152 0.051061 0.728331 0.691802 0.011414 0.080710
0.579972 0.302848 0.579972 0.289519 0.566643 0.289519 0.548872 0.298405 0.522214 0.302848 0.526657 0.373934 0.466679 0.376155 0.537764 0.487227 0.544429 0.456127 0.548872 0.531655 0.564422 0.365048 0.522214 0.622734 0.484450 0.627177 0.500000 0.815999 0.546650 0.807113 0.471121 1.000000 0.453350 0.993713 0.010259 0.253524 0.030744 0.083442 0.046872 0.685701 0.008486 0.142367
0.584058 0.304234 0.584058 0.288750 0.568573 0.288750 0.550877 0.299810 0.524332 0.304234 0.522120 0.375020 0.473455 0.375020 0.539817 0.498894 0.550877 0.456865 0.553089 0.580740 0.570785 0.366171 0.511060 0.622768 0.493364 0.627192 0.493364 0.819640 0.555301 0.810792 0.464607 1.000000 0.480092 1.000000 0.018150 0.218540 0.014334 0.078488 0.006006 0.690058 0.005634 0.132101
0.586103 0.302795 0.583881 0.287241 0.570549 0.287241 0.550551 0.300573 0.526109 0.302795 0.519443 0.373900 0.477224 0.376122 0.539441 0.498333 0.552773 0.456115 0.557217 0.580548 0.572771 0.365012 0.506111 0.622767 0.497222 0.627211 0.488334 0.820527 0.559439 0.811639 0.455004 1.000000 0.517221 1.000000 0.024033 0.167049 0.011499 0.078267 0.017057 0.690310 0.004244 0.132101
0.582404 0.302995 0.580221 0.287714 0.567124 0.287714 0.545295 0.300812 0.523466 0.300812 0.519100 0.375030 0.475443 0.375030 0.536563 0.521283 0.551844 0.451431 0.554026 0.643525 0.569307 0.357567 0.508186 0.623879 0.497271 0.626062 0.477625 0.813790 0.556209 0.807241 0.447065 1.000000 0.549661 1.000000 0.000561 0.110486 0.036835 0.072500 0.007340 0.691449 0.006949 0.150897
0.581669 0.303775 0.581669 0.288428 0.568514 0.288428 0.540012 0.299390 0.524665 0.301583 0.520280 0.376126 0.474239 0.373934 0.535627 0.520828 0.553167 0.448477 0.555359 0.630451 0.570707 0.356394 0.509318 0.623874 0.496163 0.626066 0.469854 0.814617 0.553167 0.805848 0.430390 1.000000 0.579476 1.000000 0.000722 0.056450 0.050866 0.070126 0.023054 0.680995 0.006980 0.162677
0.581669 0.301583 0.579476 0.286236 0.568514 0.286236 0.540012 0.299390 0.524665 0.299390 0.520280 0.376126 0.474239 0.373934 0.533435 0.518636 0.553167 0.448477 0.557552 0.623874 0.570707 0.354202 0.507125 0.623874 0.498356 0.626066 0.463276 0.816810 0.550975 0.812425 0.415042 1.000000 0.603594 1.000000 0.008583 0.001920 0.054249 0.057241 0.042408 0.682357 0.006980 0.158730
0.581128 0.298277 0.578935 0.285121 0.565779 0.285121 0.539468 0.298277 0.524119 0.298277 0.519734 0.375019 0.475881 0.375019 0.530697 0.517541 0.557009 0.449569 0.554816 0.616210 0.570165 0.355285 0.508771 0.622788 0.495615 0.627173 0.456147 0.811356 0.550431 0.811356 0.401331 1.000000 0.618403 0.997730 0.002442 0.019240 0.072551 0.067217 0.051875 0.692428 0.005583 0.178705
0.581325 0.299690 0.579142 0.284407 0.566042 0.286590 0.537661 0.297506 0.524561 0.299690 0.520195 0.373919 0.476530 0.376102 0.531111 0.515828 0.561676 0.452515 0.557310 0.611890 0.572592 0.358637 0.507095 0.622806 0.496179 0.627172 0.454698 0.810563 0.555126 0.808380 0.387018 0.996136 0.616256 0.996136 0.024691 0.000112 0.069889 0.075249 0.060313 0.695963 0.004170 0.186737
0.578392 0.298263 0.576200 0.282914 0.565236 0.285106 0.532344 0.296070 0.521380 0.300456 0.519187 0.372818 0.477524 0.377204 0.530151 0.513157 0.563043 0.453951 0.556464 0.614025 0.571814 0.359661 0.506030 0.622796 0.497259 0.627182 0.451210 0.809184 0.556464 0.806991 0.370077 0.991186 0.604706 0.997764 0.042428 0.022411 0.074315 0.076173 0.056409 0.703286 0.004187 0.192303
0.577215 0.296129 0.574993 0.280575 0.561661 0.282797 0.548329 0.289463 0.517221 0.296129 0.517221 0.376122 0.479446 0.373900 0.532775 0.513888 0.557217 0.456115 0.557217 0.618323 0.572771 0.365012 0.506111 0.622767 0.497222 0.627211 0.446116 0.811639 0.559439 0.809417 0.355013 0.991623 0.592770 1.000000 0.051250 0.051592 0.083573 0.082439 0.037394 0.705013 0.004244 0.202641
0.576756 0.293263 0.576756 0.277576 0.561069 0.279817 0.549863 0.284299 0.516248 0.293263 0.516248 0.373941 0.475909 0.376182 0.522971 0.517368 0.558828 0.459101 0.556587 0.624938 0.574515 0.364977 0.509524 0.622697 0.498319 0.627180 0.453498 0.813187 0.556587 0.810946 0.348169 0.987988 0.576756 1.000000 0.081567 0.066357 0.082452 0.069390 0.081501 0.697432 0.009988 0.188789
0.575064 0.293294 0.575064 0.279850 0.561620 0.282091 0.550416 0.284332 0.516805 0.293294 0.516805 0.373960 0.474232 0.376201 0.530250 0.517366 0.559379 0.459107 0.557138 0.640605 0.575064 0.364997 0.512324 0.622679 0.496639 0.627160 0.469750 0.813139 0.550416 0.813139 0.348752 0.976711 0.561620 1.000000 0.132729 0.072315 0.064266 0.061252 0.038623 0.693188 0.011414 0.159599
0.571041 0.294092 0.571041 0.280772 0.555501 0.282992 0.546621 0.287432 0.513320 0.296312 0.517760 0.371793 0.471140 0.378453 0.537741 0.491675 0.559941 0.460594 0.548841 0.547176 0.571041 0.365133 0.517760 0.622657 0.493340 0.627097 0.484460 0.811359 0.539961 0.813579 0.353478 0.962321 0.542181 1.000000 0.171880 0.074481 0.055600 0.049634 0.010264 0.700757 0.014138 0.133579
0.570188 0.293305 0.567977 0.277831 0.554713 0.282252 0.545871 0.286674 0.512711 0.295516 0.517132 0.372888 0.472920 0.377310 0.539239 0.501105 0.559135 0.459103 0.548081 0.587320 0.567977 0.368467 0.519343 0.622690 0.490605 0.627112 0.499447 0.810595 0.530396 0.810595 0.362388 0.947654 0.523764 1.000000 0.216422 0.078468 0.036395 0.045481 0.021813 0.710669 0.012670 0.101557
0.570979 0.294765 0.568779 0.279358 0.557774 0.281559 0.544569 0.288162 0.515957 0.296966 0.513756 0.373998 0.476340 0.376199 0.544569 0.499450 0.562176 0.459833 0.553372 0.585285 0.570979 0.369596 0.518158 0.622701 0.491747 0.627103 0.511555 0.811980 0.526961 0.811980 0.377299 0.937432 0.511555 1.000000 0.249687 0.084620 0.016732 0.040392 0.044130 0.714910 0.012614 0.071012
0.572937 0.295554 0.570727 0.280082 0.557466 0.284503 0.546415 0.288923 0.515472 0.297764 0.511051 0.370702 0.477898 0.379543 0.550835 0.470162 0.561886 0.463531 0.566307 0.432588 0.570727 0.368492 0.517682 0.622668 0.493369 0.627088 0.524312 0.814957 0.526523 0.812747 0.396119 0.943150 0.495580 1.000000 0.260972 0.104838 0.002600 0.036379 0.754547 0.720475 0.014075 0.045276
0.571581 0.297464 0.569362 0.281927 0.556044 0.284147 0.544946 0.290805 0.513872 0.299684 0.511653 0.372930 0.476140 0.377369 0.547166 0.475030 0.560483 0.463932 0.564922 0.446175 0.569362 0.368490 0.524970 0.623741 0.487237 0.625961 0.556044 0.814624 0.511653 0.819063 0.416211 0.950018 0.480579 1.000000 0.306501 0.087594 0.034482 0.025833 0.717853 0.724608 0.015549 0.011333
0.573203 0.295802 0.573203 0.282592 0.559994 0.282592 0.544582 0.293600 0.515962 0.298003 0.518163 0.372858 0.474131 0.377261 0.555590 0.476333 0.562195 0.465325 0.564397 0.460922 0.573203 0.370656 0.524768 0.623840 0.482938 0.626041 0.559994 0.806572 0.502752 0.817580 0.443309 0.967289 0.478534 1.000000 0.260510 0.071955 0.052243 0.021549 0.724277 0.713153 0.009813 0.027805
