0.442628 0.288927 0.453961 0.274761 0.442628 0.274761 0.496459 0.280428 0.473793 0.280428 0.530457 0.373923 0.487959 0.376756 0.541790 0.509916 0.462460 0.518416 0.513458 0.628910 0.380298 0.580746 0.499292 0.626077 0.482293 0.623244 0.445461 0.793235 0.479459 0.796068 0.425629 0.985892 0.499292 0.985892 0.066516 0.038354 0.060025 0.002102 0.100867 0.236730 0.023469 0.093951
0.446921 0.292510 0.455193 0.278723 0.446921 0.278723 0.496553 0.281480 0.474495 0.284238 0.529641 0.375230 0.485524 0.375230 0.543428 0.504825 0.463465 0.515855 0.515855 0.623391 0.383502 0.573759 0.513097 0.626148 0.471737 0.623391 0.532399 0.808133 0.430377 0.791589 0.573759 0.984603 0.386260 0.970816 0.039647 0.000001 0.054591 0.059084 0.106469 0.250974 0.019321 0.110385
0.444073 0.290613 0.454985 0.276972 0.444073 0.276972 0.493180 0.282428 0.471354 0.282428 0.528646 0.375186 0.484995 0.375186 0.542287 0.503410 0.463170 0.514323 0.517733 0.617993 0.381325 0.568886 0.515005 0.626178 0.471354 0.623450 0.534102 0.800781 0.433160 0.792596 0.585937 0.969927 0.375868 0.959015 0.059977 0.034846 0.051960 0.053219 0.100929 0.263306 0.017377 0.105368
0.445556 0.292846 0.456179 0.276911 0.445556 0.279567 0.493360 0.282223 0.472114 0.284879 0.527886 0.375176 0.485393 0.375176 0.541165 0.497344 0.464146 0.507967 0.514607 0.611544 0.384472 0.563740 0.514607 0.624824 0.472114 0.624824 0.541165 0.797452 0.429621 0.797452 0.594282 0.948834 0.381816 0.948834 0.058826 0.020538 0.065505 0.059910 0.107196 0.255098 0.016915 0.125416
0.445134 0.294254 0.455585 0.278578 0.445134 0.281191 0.494775 0.283803 0.473873 0.283803 0.528739 0.375246 0.486937 0.375246 0.539190 0.500653 0.476486 0.503266 0.513063 0.612997 0.413783 0.547681 0.513063 0.623448 0.471261 0.626060 0.544415 0.790657 0.434684 0.795883 0.609731 0.939578 0.398107 0.942191 0.072569 0.010452 0.079075 0.047659 0.099197 0.277900 0.019972 0.126526
0.444556 0.293405 0.455117 0.277564 0.444556 0.280204 0.494720 0.282845 0.473598 0.282845 0.526402 0.375251 0.489439 0.375251 0.534322 0.504620 0.476238 0.507261 0.507921 0.615508 0.415514 0.557424 0.505280 0.626069 0.478878 0.623429 0.518481 0.792401 0.468318 0.792401 0.602967 0.942891 0.489439 0.942891 0.137624 0.064254 0.051952 0.006331 0.093867 0.248499 0.020183 0.045078
0.447138 0.290639 0.458267 0.273946 0.447138 0.276728 0.497218 0.279510 0.477742 0.279510 0.527822 0.376888 0.494436 0.374105 0.536169 0.510433 0.486089 0.515998 0.505564 0.630068 0.427663 0.574424 0.494436 0.624504 0.483307 0.624504 0.444356 0.797000 0.530604 0.799782 0.408187 0.980626 0.630764 0.958368 0.028035 0.095414 0.047279 0.098033 0.099587 0.231297 0.028377 0.173835
0.445697 0.287660 0.456836 0.273736 0.445697 0.273736 0.495823 0.276520 0.476329 0.279305 0.526456 0.376773 0.493038 0.373988 0.532025 0.513228 0.476329 0.521582 0.495823 0.630189 0.423418 0.591202 0.498608 0.624619 0.481899 0.624619 0.448481 0.802846 0.518101 0.802846 0.420633 0.983858 0.632278 0.953225 0.038680 0.142922 0.051654 0.077927 0.108532 0.170978 0.024845 0.151059
0.448663 0.287807 0.459615 0.274118 0.448663 0.274118 0.497947 0.279593 0.481519 0.279593 0.525326 0.375422 0.495209 0.375422 0.528064 0.509583 0.476043 0.523273 0.492471 0.624578 0.424021 0.599936 0.497947 0.624578 0.481519 0.624578 0.451401 0.808022 0.506160 0.802546 0.432235 0.983252 0.623893 0.928492 0.044419 0.195479 0.044257 0.061267 0.102043 0.148743 0.026175 0.122891
0.449094 0.288807 0.460100 0.272297 0.449094 0.275048 0.498624 0.280552 0.482114 0.280552 0.526141 0.376861 0.495872 0.374110 0.526141 0.511695 0.479362 0.517198 0.479362 0.621763 0.443590 0.624514 0.498624 0.624514 0.479362 0.624514 0.460100 0.803375 0.490369 0.797872 0.446342 0.984987 0.614196 0.916195 0.043459 0.237050 0.032304 0.041140 0.127919 0.065850 0.028065 0.087711
0.448942 0.292363 0.459834 0.276024 0.448942 0.278747 0.497958 0.281471 0.481619 0.281471 0.525189 0.376779 0.495235 0.374056 0.519743 0.512935 0.476173 0.515658 0.473450 0.619136 0.438049 0.616413 0.500681 0.624582 0.478896 0.624582 0.473450 0.798861 0.468003 0.793415 0.459834 0.981309 0.595990 0.913232 0.025627 0.280998 0.017958 0.000228 0.118120 0.072549 0.026033 0.028830
0.448990 0.291200 0.459872 0.277597 0.448990 0.277597 0.497960 0.283038 0.481636 0.285758 0.525165 0.375536 0.497960 0.375536 0.511562 0.500680 0.481636 0.506121 0.448990 0.598619 0.443549 0.604060 0.500680 0.625824 0.476195 0.623104 0.481636 0.810820 0.438108 0.786335 0.476195 0.987654 0.563252 0.908759 0.022861 0.326465 0.001612 0.045055 0.146503 0.078475 0.029485 0.040314
0.450027 0.296776 0.460688 0.280784 0.450027 0.283450 0.500666 0.286115 0.479344 0.286115 0.527319 0.376733 0.492671 0.374068 0.505997 0.504664 0.471349 0.504664 0.444696 0.595282 0.428705 0.603278 0.505997 0.627265 0.474014 0.621935 0.487340 0.811166 0.426040 0.776518 0.495336 0.979076 0.532649 0.904450 0.047328 0.316928 0.005158 0.071872 0.136749 0.078403 0.025478 0.063604
0.449646 0.293819 0.460533 0.280210 0.452368 0.280210 0.501361 0.285654 0.482308 0.288376 0.528579 0.375475 0.493195 0.375475 0.509526 0.497959 0.474142 0.506124 0.449646 0.585058 0.427871 0.598667 0.506805 0.625886 0.471420 0.623164 0.501361 0.808250 0.427871 0.783754 0.517692 0.987893 0.493195 0.936178 0.038357 0.213175 0.018111 0.056383 0.142593 0.101488 0.027760 0.074795
0.449481 0.291002 0.460553 0.277161 0.449481 0.277161 0.499308 0.282698 0.479931 0.285466 0.526990 0.376816 0.493772 0.374048 0.502076 0.504152 0.471626 0.512457 0.430103 0.592734 0.410726 0.598270 0.510381 0.625952 0.468858 0.623184 0.507613 0.808652 0.421799 0.786507 0.529758 0.994121 0.455017 0.958134 0.042651 0.150154 0.016367 0.057572 0.155687 0.145957 0.026465 0.084475
0.452624 0.291547 0.460746 0.278012 0.452624 0.280719 0.498646 0.283426 0.482403 0.286133 0.528425 0.378177 0.493232 0.372763 0.495939 0.505414 0.471575 0.508122 0.417431 0.586630 0.412017 0.592044 0.512182 0.627237 0.466160 0.621823 0.514889 0.803204 0.417431 0.778839 0.539254 0.979170 0.425553 0.949391 0.038899 0.110932 0.025626 0.061322 0.165035 0.145957 0.027610 0.100683
0.452770 0.287807 0.460984 0.274118 0.452770 0.274118 0.499316 0.276855 0.482888 0.279593 0.532171 0.378160 0.488364 0.372684 0.488364 0.509583 0.460984 0.515059 0.425390 0.578032 0.398011 0.583508 0.513005 0.627316 0.466460 0.621840 0.523957 0.802546 0.417176 0.780642 0.556813 0.977776 0.400749 0.953134 0.039129 0.065562 0.044306 0.067874 0.134328 0.176270 0.026175 0.115654
0.448143 0.289205 0.458919 0.275736 0.450837 0.278430 0.496633 0.281124 0.483163 0.281124 0.528959 0.378103 0.491245 0.372715 0.483163 0.502020 0.464306 0.507408 0.396960 0.574755 0.396960 0.574755 0.512796 0.625938 0.467000 0.623244 0.528959 0.801039 0.413123 0.784876 0.569367 0.970752 0.383490 0.946508 0.045103 0.044701 0.050029 0.071708 0.164230 0.187167 0.025753 0.131716
0.448653 0.291279 0.459323 0.277942 0.448653 0.280610 0.496666 0.283277 0.480662 0.285944 0.528674 0.376635 0.488664 0.373967 0.493998 0.488664 0.461990 0.510003 0.432649 0.550013 0.395306 0.571352 0.515337 0.624699 0.467325 0.624699 0.534009 0.795410 0.419312 0.787408 0.582021 0.963454 0.379302 0.944782 0.053908 0.012089 0.051774 0.064310 0.154453 0.201623 0.022093 0.126013
0.445367 0.290235 0.456159 0.276746 0.445367 0.276746 0.493930 0.282142 0.480440 0.282142 0.526305 0.376569 0.488534 0.373871 0.477742 0.497977 0.458856 0.514164 0.410294 0.560029 0.388710 0.573519 0.515513 0.624780 0.469648 0.624780 0.534399 0.797448 0.421085 0.789354 0.588357 0.964720 0.383314 0.953928 0.064649 0.019524 0.048508 0.067422 0.142136 0.210108 0.018904 0.126013
0.445437 0.289249 0.456349 0.275608 0.445437 0.275608 0.494544 0.281064 0.480903 0.281064 0.527282 0.376550 0.486359 0.373822 0.478175 0.502046 0.461806 0.507502 0.390873 0.575707 0.399058 0.578435 0.516369 0.624814 0.469990 0.624814 0.538194 0.799417 0.426339 0.793960 0.606399 0.965835 0.390873 0.963107 0.084225 0.014601 0.053566 0.059660 0.158185 0.172715 0.017377 0.119974
0.446753 0.290382 0.457537 0.276901 0.446753 0.279598 0.495282 0.282294 0.479106 0.284990 0.527635 0.376656 0.489890 0.373959 0.487194 0.492586 0.462929 0.508762 0.417096 0.568075 0.398224 0.578860 0.514154 0.624692 0.468321 0.624692 0.541115 0.791848 0.433273 0.791848 0.613908 0.956307 0.403616 0.959003 0.081739 0.009896 0.068184 0.038475 0.131379 0.174441 0.022331 0.116691
0.447164 0.291364 0.458002 0.277816 0.447164 0.280526 0.495936 0.283235 0.479678 0.283235 0.528450 0.375360 0.490517 0.375360 0.487807 0.500000 0.463421 0.510838 0.409230 0.575868 0.403811 0.586706 0.512193 0.624640 0.468840 0.624640 0.539289 0.795342 0.439035 0.798052 0.625995 0.952496 0.417358 0.968754 0.110374 0.013974 0.070837 0.026570 0.155248 0.149152 0.024173 0.104287
0.447952 0.289699 0.459206 0.275632 0.447952 0.275632 0.498593 0.281259 0.481713 0.281259 0.529541 0.376914 0.492967 0.374101 0.498593 0.497890 0.467646 0.514770 0.433885 0.571038 0.408565 0.593545 0.509847 0.624492 0.467646 0.624492 0.526727 0.801736 0.447952 0.798922 0.636449 0.967726 0.431072 0.984606 0.155695 0.006928 0.055491 0.003707 0.150817 0.148144 0.028696 0.066011
0.449251 0.293527 0.463155 0.279623 0.452031 0.279623 0.502086 0.282404 0.482620 0.282404 0.529893 0.376950 0.493743 0.374170 0.502086 0.502086 0.468716 0.515989 0.446470 0.577167 0.413101 0.599413 0.507647 0.624440 0.468716 0.624440 0.507647 0.802410 0.454812 0.802410 0.635563 0.952572 0.449251 0.983161 0.224589 0.015027 0.028535 0.006908 0.133334 0.131567 0.030140 0.024818
0.450422 0.291912 0.458801 0.277947 0.450422 0.277947 0.497905 0.283533 0.483940 0.283533 0.528629 0.378499 0.497905 0.372913 0.506285 0.504190 0.475560 0.506983 0.447629 0.593570 0.430870 0.601949 0.500698 0.624294 0.472767 0.624294 0.483940 0.803054 0.456008 0.805847 0.618009 0.937124 0.458801 0.992986 0.279755 0.034050 0.006262 0.002429 0.128857 0.087438 0.033849 0.000461
0.448071 0.292984 0.456492 0.278949 0.448071 0.281756 0.498596 0.284563 0.481755 0.284563 0.529473 0.377194 0.498596 0.374387 0.512631 0.509123 0.473334 0.506316 0.442457 0.601754 0.428422 0.607368 0.498596 0.624210 0.473334 0.624210 0.473334 0.801050 0.459299 0.809471 0.605262 0.935786 0.470527 0.994733 0.291817 0.043337 0.005585 0.008011 0.165954 0.072901 0.035815 0.021099
0.444465 0.292621 0.455712 0.278561 0.444465 0.278561 0.497891 0.284185 0.478208 0.284185 0.528822 0.376979 0.495079 0.374167 0.514763 0.506327 0.475396 0.506327 0.447277 0.601932 0.436029 0.604744 0.497891 0.624427 0.478208 0.624427 0.461336 0.801578 0.461336 0.810014 0.579437 0.936550 0.483831 0.992789 0.293585 0.067838 0.025190 0.007431 0.161190 0.074057 0.030479 0.035916
0.441193 0.289974 0.452394 0.275973 0.441193 0.275973 0.494399 0.281573 0.474797 0.281573 0.525203 0.376785 0.494399 0.373985 0.514002 0.505601 0.469196 0.505601 0.449594 0.603613 0.424391 0.603613 0.494399 0.626015 0.485998 0.623215 0.441193 0.794036 0.474797 0.796836 0.519602 0.964857 0.536404 0.950855 0.234595 0.141627 0.058475 0.009782 0.157449 0.076260 0.024984 0.077110
0.446118 0.290070 0.457314 0.276075 0.446118 0.276075 0.496501 0.278874 0.474109 0.281673 0.527291 0.376841 0.493702 0.374042 0.524492 0.508397 0.465711 0.516794 0.474109 0.623159 0.415328 0.614762 0.496501 0.625958 0.482506 0.623159 0.432123 0.791103 0.476908 0.793902 0.516095 0.964645 0.527291 0.961846 0.261769 0.103206 0.079176 0.003865 0.124910 0.089569 0.026761 0.107886
0.448813 0.292485 0.459880 0.278651 0.448813 0.278651 0.501383 0.281417 0.479248 0.284184 0.526285 0.375491 0.495850 0.375491 0.534586 0.508301 0.473715 0.519368 0.509684 0.638343 0.415611 0.599607 0.493083 0.624509 0.484782 0.624509 0.434979 0.793288 0.473715 0.798822 0.498617 0.978668 0.523518 0.978668 0.210795 0.106176 0.063345 0.006046 0.080092 0.150909 0.028220 0.085354
0.445816 0.291003 0.457075 0.276930 0.445816 0.276930 0.496482 0.279744 0.476778 0.282559 0.527444 0.375446 0.493667 0.375446 0.535888 0.510555 0.471149 0.510555 0.510555 0.631590 0.417668 0.578110 0.493667 0.625961 0.485222 0.623146 0.437371 0.794847 0.488037 0.800477 0.459890 0.986251 0.516185 0.983437 0.139693 0.043538 0.059755 0.015899 0.085543 0.160584 0.026911 0.107468
0.448529 0.290639 0.459658 0.276728 0.448529 0.279510 0.498609 0.282293 0.479133 0.285075 0.526431 0.374105 0.495827 0.376888 0.543124 0.507651 0.468005 0.510433 0.512520 0.627286 0.401232 0.579988 0.490262 0.624504 0.487480 0.624504 0.420707 0.780307 0.512520 0.802565 0.404014 0.966715 0.554253 0.983408 0.105222 0.027722 0.087990 0.055196 0.119302 0.178125 0.028377 0.178123
0.448097 0.291002 0.459169 0.277161 0.448097 0.277161 0.497924 0.279929 0.478547 0.282698 0.528374 0.374048 0.492388 0.376816 0.544983 0.506920 0.464706 0.512457 0.517301 0.628721 0.381660 0.578893 0.489619 0.625952 0.489619 0.623184 0.425951 0.792043 0.514533 0.803116 0.376124 0.971975 0.569897 0.977512 0.030527 0.054052 0.067930 0.047372 0.110718 0.221142 0.026465 0.160315
0.445880 0.293110 0.456841 0.279408 0.445880 0.279408 0.497945 0.282148 0.478763 0.284889 0.525348 0.375318 0.492464 0.375318 0.544529 0.506851 0.462321 0.509591 0.517127 0.627423 0.382853 0.569877 0.492464 0.624682 0.489724 0.624682 0.421217 0.791839 0.525348 0.800060 0.360931 0.964476 0.582893 0.969957 0.021309 0.040166 0.086517 0.067287 0.117230 0.223126 0.022698 0.192040
0.449113 0.293772 0.459826 0.280381 0.449113 0.280381 0.497322 0.285738 0.481252 0.285738 0.526783 0.374121 0.494643 0.376799 0.545531 0.505357 0.470539 0.508035 0.518748 0.623201 0.387512 0.564279 0.489287 0.625879 0.489287 0.623201 0.425008 0.786576 0.532139 0.791933 0.366086 0.952630 0.596418 0.949951 0.012582 0.043808 0.074057 0.086086 0.116302 0.252655 0.027314 0.200286
0.448615 0.290403 0.459433 0.276880 0.448615 0.276880 0.500000 0.282289 0.481069 0.282289 0.529749 0.374242 0.494591 0.376946 0.545976 0.501352 0.472955 0.506761 0.518931 0.620349 0.391821 0.558146 0.489182 0.625758 0.486478 0.623054 0.429684 0.796141 0.535158 0.793436 0.381003 0.958410 0.610884 0.950296 0.014168 0.054577 0.056040 0.099076 0.111551 0.267724 0.031040 0.195527
0.453869 0.296757 0.464566 0.283385 0.453869 0.280711 0.504680 0.286060 0.480612 0.286060 0.531422 0.374310 0.493983 0.376984 0.544794 0.502674 0.475263 0.508023 0.515377 0.623016 0.397710 0.564182 0.488634 0.625690 0.485960 0.623016 0.432475 0.802191 0.534097 0.786145 0.395035 0.962646 0.622347 0.938578 0.025089 0.075712 0.044390 0.101711 0.109351 0.255334 0.032403 0.189392
0.457016 0.293950 0.467933 0.280304 0.457016 0.280304 0.506141 0.285762 0.484307 0.283033 0.533432 0.375824 0.495224 0.375824 0.544349 0.506823 0.476120 0.517739 0.514328 0.629634 0.399704 0.575051 0.492495 0.626905 0.478849 0.621447 0.437912 0.815216 0.527974 0.796112 0.407891 0.981694 0.628952 0.940757 0.033013 0.106726 0.038357 0.108459 0.102777 0.252574 0.036566 0.177073
0.454942 0.291093 0.465865 0.277439 0.454942 0.277439 0.504096 0.282900 0.487711 0.280169 0.528674 0.375748 0.498635 0.375748 0.534135 0.515019 0.476788 0.517750 0.501365 0.629714 0.405787 0.583290 0.487711 0.626983 0.484981 0.621521 0.435826 0.815409 0.506827 0.790832 0.413979 0.987450 0.616060 0.927372 0.045326 0.173930 0.034085 0.058512 0.101062 0.214136 0.034839 0.126377
0.452085 0.289590 0.463196 0.275701 0.452085 0.278479 0.502083 0.281257 0.488195 0.281257 0.527083 0.375698 0.499306 0.375698 0.527083 0.511805 0.477084 0.525694 0.488195 0.631246 0.415975 0.597914 0.493750 0.625691 0.479862 0.622913 0.443752 0.803463 0.485417 0.795130 0.421530 0.986791 0.610413 0.928459 0.048874 0.229471 0.045078 0.035249 0.100190 0.176719 0.033661 0.097535
0.449695 0.287600 0.460874 0.273626 0.449695 0.276421 0.500000 0.279216 0.486026 0.279216 0.525153 0.377032 0.500000 0.374237 0.519563 0.511179 0.477642 0.519563 0.477642 0.631353 0.441311 0.636942 0.494411 0.625763 0.480437 0.622968 0.446900 0.796242 0.474847 0.793447 0.430132 0.986284 0.597816 0.922005 0.058500 0.253360 0.047371 0.014552 0.093582 0.046958 0.032079 0.076082
0.456972 0.288328 0.468076 0.274448 0.456972 0.277224 0.506940 0.280000 0.487508 0.282776 0.529148 0.377161 0.498612 0.374385 0.518044 0.504858 0.470852 0.510410 0.454196 0.613123 0.429211 0.618675 0.498612 0.624227 0.473628 0.624227 0.462524 0.804668 0.451420 0.796340 0.448644 0.987886 0.579117 0.921261 0.038765 0.294344 0.023690 0.009121 0.142000 0.052794 0.035418 0.021986
0.459259 0.292900 0.467407 0.279319 0.459259 0.282036 0.508148 0.284752 0.489136 0.287468 0.527161 0.377098 0.500000 0.374382 0.513580 0.499321 0.480988 0.504753 0.448395 0.605248 0.437530 0.610680 0.500000 0.626976 0.472839 0.621544 0.480988 0.819817 0.432098 0.787224 0.472839 0.988213 0.551605 0.917595 0.015892 0.312919 0.003183 0.041911 0.140374 0.077828 0.034650 0.045469
0.456257 0.292222 0.467193 0.278553 0.456257 0.281287 0.508202 0.284021 0.486330 0.286755 0.527339 0.376974 0.497266 0.374240 0.508202 0.502734 0.472661 0.505468 0.445322 0.601155 0.423450 0.603889 0.502734 0.625760 0.472661 0.623026 0.486330 0.811666 0.426184 0.787061 0.491798 0.986637 0.524605 0.929225 0.037958 0.280635 0.003364 0.056505 0.132897 0.088585 0.031379 0.059871
0.452557 0.291663 0.463558 0.277911 0.455307 0.280661 0.504813 0.283412 0.488311 0.286162 0.526816 0.376923 0.496562 0.374173 0.496562 0.508939 0.471809 0.511689 0.422303 0.599699 0.416803 0.602450 0.504813 0.627203 0.471809 0.621702 0.493812 0.808724 0.425054 0.786722 0.510314 0.990246 0.477310 0.954491 0.048126 0.183998 0.008644 0.056159 0.146567 0.116747 0.029809 0.068616
0.453221 0.291559 0.464228 0.277800 0.453221 0.280552 0.502752 0.283304 0.486241 0.283304 0.527517 0.379613 0.494497 0.371358 0.483490 0.514446 0.464228 0.514446 0.409194 0.594246 0.400939 0.596997 0.508255 0.627266 0.469731 0.621763 0.502752 0.808878 0.417449 0.786865 0.519262 0.987739 0.444966 0.957470 0.038942 0.148520 0.015065 0.066239 0.138173 0.141844 0.028065 0.087975
0.450739 0.294748 0.461686 0.281064 0.450739 0.281064 0.502737 0.283801 0.486317 0.283801 0.524630 0.379585 0.497263 0.371375 0.480843 0.510947 0.469896 0.510947 0.396005 0.584838 0.401479 0.590311 0.508210 0.625888 0.469896 0.623151 0.508210 0.806510 0.417899 0.787353 0.535577 0.984396 0.415162 0.954292 0.048590 0.092400 0.021189 0.063155 0.169501 0.164833 0.027912 0.097618
0.446118 0.290070 0.457314 0.276075 0.446118 0.276075 0.499300 0.281673 0.485305 0.281673 0.524492 0.376841 0.496501 0.374042 0.482506 0.502799 0.468510 0.508397 0.387338 0.581173 0.398534 0.583972 0.507697 0.625958 0.471310 0.623159 0.513296 0.816295 0.412529 0.793902 0.544085 0.995435 0.390137 0.964645 0.044821 0.064028 0.030786 0.073457 0.178292 0.172384 0.026761 0.114896
0.450303 0.288278 0.458473 0.274663 0.450303 0.277386 0.499319 0.280109 0.488427 0.280109 0.521104 0.378141 0.499319 0.372695 0.474811 0.503404 0.472088 0.506127 0.387672 0.574205 0.401287 0.574205 0.507489 0.625944 0.472088 0.623221 0.521104 0.808392 0.412180 0.794776 0.559228 0.977225 0.374056 0.952717 0.046980 0.031551 0.041183 0.072478 0.170131 0.192159 0.026033 0.130652
