0.556111 0.276407 0.557811 0.261104 0.539108 0.262805 0.542508 0.271306 0.493199 0.273006 0.528906 0.375026 0.476195 0.375026 0.513603 0.512752 0.430287 0.507651 0.576515 0.575665 0.520404 0.597769 0.528906 0.621573 0.465993 0.628375 0.571414 0.808609 0.505101 0.823912 0.540808 1.000000 0.358873 0.776303 0.118142 0.663023 0.071135 0.075644 0.285223 0.356075 0.006495 0.008303
0.561532 0.267640 0.563253 0.252150 0.544320 0.253871 0.547763 0.257313 0.494406 0.267640 0.533993 0.372632 0.480637 0.377796 0.523666 0.503442 0.406626 0.498279 0.601120 0.561963 0.475473 0.606713 0.521945 0.623925 0.463425 0.625646 0.556369 0.823582 0.530551 0.823582 0.485800 1.000000 0.375645 0.780553 0.159962 0.690319 0.069596 0.126144 0.319116 0.355412 0.018639 0.049727
0.562466 0.265111 0.564177 0.251420 0.545352 0.253131 0.548775 0.258265 0.497433 0.268534 0.543641 0.374640 0.478608 0.376352 0.550486 0.496149 0.387904 0.477324 0.632633 0.549203 0.435823 0.600545 0.509413 0.624504 0.468339 0.624504 0.535084 0.819603 0.571023 0.792221 0.447802 1.000000 0.406729 0.795644 0.176593 0.668241 0.084978 0.188035 0.299554 0.351022 0.028365 0.133228
0.563524 0.264055 0.563524 0.248499 0.546238 0.251956 0.553152 0.257141 0.497839 0.265784 0.551424 0.378139 0.471911 0.372953 0.573895 0.495679 0.366471 0.468022 0.651679 0.528521 0.406227 0.587291 0.504753 0.627047 0.471911 0.621861 0.504753 0.829285 0.601551 0.761873 0.407956 1.000000 0.426970 0.801629 0.155958 0.666492 0.058998 0.237763 0.312702 0.368866 0.029754 0.237763
0.567039 0.264267 0.567039 0.248493 0.549513 0.250246 0.553018 0.257257 0.500438 0.262515 0.560029 0.379943 0.463632 0.371179 0.600340 0.502629 0.351462 0.453555 0.680962 0.502629 0.390021 0.581499 0.505696 0.627068 0.470643 0.621810 0.470643 0.837387 0.621372 0.742743 0.377752 1.000000 0.468890 0.826871 0.108000 0.624291 0.016318 0.275871 0.398950 0.391548 0.030171 0.337341
0.561401 0.267554 0.563155 0.251765 0.543858 0.253519 0.556138 0.260537 0.494737 0.264045 0.566664 0.379830 0.454388 0.371058 0.605259 0.509649 0.343866 0.446494 0.673677 0.488597 0.371935 0.571050 0.514035 0.628942 0.464914 0.620170 0.454388 0.846476 0.635082 0.727183 0.370181 0.993838 0.501754 0.855248 0.080064 0.577717 0.018911 0.307867 0.503031 0.379914 0.026836 0.406494
0.556668 0.270673 0.558439 0.254735 0.540730 0.256506 0.547813 0.263589 0.489375 0.267131 0.567293 0.378695 0.445103 0.371612 0.609794 0.513282 0.337080 0.440676 0.666462 0.476093 0.360101 0.562866 0.523021 0.626617 0.464583 0.623075 0.436249 0.826725 0.632815 0.725786 0.342393 0.955999 0.537188 0.906414 0.069654 0.480512 0.073990 0.300918 0.587496 0.378207 0.015789 0.455765
0.556014 0.271942 0.556014 0.255937 0.538232 0.257716 0.545345 0.263050 0.486663 0.266607 0.568462 0.378636 0.440429 0.371523 0.614696 0.513781 0.333735 0.439095 0.659152 0.476438 0.353296 0.554681 0.524006 0.627588 0.467103 0.622254 0.417312 0.824972 0.637813 0.732504 0.331957 0.945892 0.572018 0.940557 0.037914 0.414963 0.101491 0.283732 0.617468 0.373654 0.011323 0.475207
0.554654 0.269289 0.556446 0.253162 0.538527 0.254954 0.545694 0.260329 0.486561 0.263913 0.568989 0.378597 0.434595 0.371429 0.617371 0.512991 0.328871 0.439522 0.656794 0.477153 0.350374 0.552414 0.529567 0.627675 0.466849 0.622299 0.423843 0.835539 0.633499 0.749526 0.327079 0.952014 0.610204 0.982477 0.070888 0.324172 0.099806 0.251744 0.624860 0.377778 0.004564 0.442218
0.557310 0.265796 0.557310 0.249550 0.539260 0.249550 0.544675 0.256771 0.485108 0.258576 0.569945 0.377708 0.430957 0.372293 0.611461 0.511281 0.324460 0.446300 0.658392 0.482401 0.355145 0.560018 0.533845 0.628609 0.465253 0.621389 0.438177 0.843409 0.624097 0.763987 0.319045 0.937272 0.640342 1.000000 0.154217 0.246557 0.087885 0.223586 0.579676 0.390584 0.001148 0.400511
0.554603 0.264893 0.554603 0.248648 0.536552 0.248648 0.543772 0.255868 0.482401 0.257673 0.569043 0.376806 0.430055 0.373196 0.608754 0.508574 0.321752 0.456228 0.666515 0.492329 0.366878 0.568140 0.536552 0.627707 0.464350 0.622292 0.462545 0.844312 0.608754 0.788356 0.314532 0.900268 0.648465 1.000000 0.280152 0.177507 0.063806 0.184277 0.494097 0.413802 0.001148 0.332626
0.555689 0.260041 0.557500 0.243742 0.539389 0.245553 0.543012 0.249175 0.483248 0.254608 0.568366 0.374135 0.425296 0.375946 0.599153 0.500906 0.325690 0.475551 0.653483 0.517205 0.389076 0.573346 0.539389 0.625865 0.466949 0.624054 0.490492 0.846809 0.599153 0.808778 0.322068 0.859486 0.642617 1.000000 0.406758 0.141723 0.032849 0.144781 0.331391 0.433051 0.008071 0.267055
0.557172 0.258903 0.558945 0.241175 0.539444 0.244721 0.546535 0.248267 0.482715 0.255358 0.566036 0.372360 0.429532 0.377679 0.601491 0.505318 0.346212 0.491136 0.702539 0.540774 0.418896 0.576229 0.539444 0.625867 0.464988 0.624094 0.519944 0.849236 0.583763 0.803144 0.353303 0.824417 0.613901 1.000000 0.519343 0.149289 0.005549 0.140951 0.309632 0.426642 0.005642 0.214157
0.555715 0.254940 0.557456 0.239270 0.534822 0.242752 0.552233 0.247975 0.479107 0.254940 0.559198 0.369852 0.432097 0.380299 0.571385 0.491730 0.353747 0.498694 0.634065 0.554410 0.440802 0.566597 0.543528 0.620571 0.465178 0.629277 0.573126 0.806870 0.557456 0.805128 0.562680 0.998391 0.569644 1.000000 0.067499 0.137211 0.070022 0.111778 0.218275 0.475228 0.011086 0.103671
0.558242 0.254039 0.558242 0.237910 0.538529 0.239702 0.552866 0.246870 0.481183 0.252246 0.561826 0.370523 0.439966 0.379483 0.568995 0.503136 0.384412 0.521057 0.629925 0.580195 0.488352 0.571235 0.540322 0.623205 0.457886 0.626789 0.567203 0.823916 0.542114 0.820332 0.525985 1.000000 0.518817 1.000000 0.105212 0.161440 0.069404 0.107630 0.195774 0.475866 0.002282 0.088277
0.557655 0.256176 0.557655 0.240331 0.538290 0.242092 0.552374 0.249134 0.483716 0.256176 0.552374 0.370606 0.450267 0.379408 0.550613 0.500880 0.416818 0.534329 0.592865 0.546652 0.554134 0.544892 0.534769 0.622352 0.462590 0.627634 0.577020 0.817764 0.524206 0.830087 0.480195 0.986769 0.469632 1.000000 0.233387 0.170831 0.090004 0.078252 0.241576 0.543250 0.003362 0.026261
0.552215 0.262037 0.553927 0.246629 0.533383 0.248341 0.550503 0.255189 0.480312 0.263749 0.541943 0.371602 0.452921 0.378450 0.538519 0.511984 0.452921 0.530815 0.574471 0.585598 0.584742 0.511984 0.540231 0.621550 0.464905 0.628398 0.629254 0.777339 0.490584 0.833834 0.471753 0.789322 0.422105 1.000000 0.641077 0.146133 0.167429 0.024334 0.152371 0.545167 0.006540 0.125666
0.560567 0.262458 0.560567 0.246995 0.538230 0.250431 0.558848 0.253867 0.484966 0.264177 0.536512 0.368987 0.464347 0.381014 0.529639 0.511598 0.486684 0.525343 0.562285 0.594072 0.612113 0.484107 0.529639 0.619845 0.469502 0.630154 0.577749 0.786510 0.476375 0.838056 0.450602 0.972076 0.373283 1.000000 0.280665 0.168258 0.098170 0.003935 0.135302 0.552232 0.001091 0.078933
0.554965 0.273219 0.554965 0.258562 0.535422 0.263448 0.550079 0.263448 0.486564 0.274848 0.530536 0.370934 0.471907 0.379077 0.532165 0.501221 0.514250 0.512622 0.582651 0.515879 0.620108 0.444221 0.524022 0.621737 0.473535 0.628251 0.504479 0.804139 0.445849 0.830196 0.396992 0.970254 0.326963 1.000000 0.148832 0.148600 0.025709 0.045449 0.406081 0.584868 0.003109 0.009394
0.550951 0.280273 0.552544 0.264350 0.531845 0.269127 0.544582 0.269127 0.480893 0.278680 0.525476 0.374214 0.471340 0.375806 0.539806 0.492039 0.531845 0.498408 0.590757 0.463379 0.619417 0.418796 0.531845 0.619417 0.471340 0.630563 0.662407 0.702213 0.407651 0.812077 0.520699 0.812077 0.294603 0.977668 0.610187 0.083257 0.311841 0.107416 0.624574 0.588928 0.004055 0.427523
0.552755 0.275993 0.552755 0.261384 0.533276 0.264630 0.544639 0.269500 0.481333 0.279239 0.517044 0.373387 0.479710 0.376634 0.556002 0.478898 0.547886 0.487014 0.627424 0.415592 0.622555 0.400982 0.530030 0.618496 0.473217 0.631482 0.664759 0.699659 0.392055 0.808416 0.568988 0.852243 0.271935 0.972363 0.505831 0.064375 0.310567 0.128790 0.618261 0.596350 0.004133 0.464314
0.551027 0.264324 0.554487 0.247027 0.528541 0.250486 0.542378 0.255675 0.471459 0.266054 0.525081 0.375027 0.469730 0.375027 0.609838 0.464973 0.559676 0.480541 0.651351 0.371567 0.615027 0.387135 0.530270 0.622378 0.474919 0.627568 0.661730 0.743460 0.410919 0.802271 0.621946 0.947568 0.232757 0.978703 0.324349 0.139777 0.256397 0.118315 0.626327 0.605017 0.006608 0.374850
0.548868 0.262579 0.550598 0.247010 0.526380 0.248740 0.541949 0.257389 0.471025 0.266038 0.529840 0.369829 0.474485 0.380208 0.626711 0.416535 0.567896 0.478809 0.777208 0.354261 0.647469 0.368099 0.536759 0.620657 0.458916 0.629306 0.664768 0.741746 0.381073 0.819589 0.659578 0.966626 0.209819 0.942408 0.266184 0.178355 0.250061 0.103737 0.267890 0.560230 0.005506 0.382445
0.568849 0.269541 0.570498 0.254700 0.545762 0.256349 0.544113 0.264594 0.494640 0.272839 0.491342 0.371784 0.499588 0.378380 0.423730 0.467431 0.586989 0.478974 0.471553 0.553183 0.702424 0.314066 0.521026 0.620795 0.488044 0.629040 0.656250 0.757668 0.529271 0.805492 0.676039 0.962154 0.349522 0.924225 0.217362 0.387245 0.210305 0.087709 0.357802 0.577901 0.011551 0.175010
0.565855 0.269297 0.565855 0.254196 0.544043 0.255874 0.547399 0.265941 0.493708 0.269297 0.502097 0.375001 0.498742 0.375001 0.428272 0.482383 0.547399 0.507550 0.471896 0.557886 0.641358 0.440437 0.528943 0.621644 0.470218 0.628355 0.643036 0.767616 0.418205 0.831374 0.693371 0.999158 0.225253 0.869964 0.143037 0.357334 0.176665 0.044147 0.358483 0.585445 0.001068 0.291008
0.568771 0.271195 0.568771 0.255624 0.551470 0.257354 0.534169 0.267735 0.496107 0.272925 0.501298 0.371541 0.497837 0.378461 0.433824 0.501298 0.525519 0.522059 0.480536 0.548010 0.643165 0.497837 0.530709 0.618944 0.470156 0.631055 0.620674 0.812714 0.444204 0.857697 0.688148 1.000000 0.246974 0.838666 0.050081 0.494330 0.100696 0.001546 0.402636 0.504014 0.001104 0.174650
0.563994 0.273659 0.569148 0.256479 0.546814 0.256479 0.562276 0.261633 0.495276 0.266787 0.514173 0.375018 0.490122 0.375018 0.483250 0.529635 0.484968 0.524481 0.536507 0.576020 0.603507 0.548532 0.524481 0.622405 0.471224 0.627558 0.610379 0.819970 0.459198 0.857765 0.643020 1.000000 0.285685 0.823406 0.088208 0.545614 0.117292 0.007161 0.334751 0.447252 0.005468 0.147161
0.563522 0.272552 0.565161 0.257799 0.545490 0.261077 0.553686 0.265995 0.496312 0.274191 0.514344 0.374186 0.488115 0.375826 0.481558 0.518442 0.463526 0.518442 0.530736 0.587291 0.550407 0.584012 0.524179 0.623355 0.473362 0.626633 0.594668 0.813509 0.486476 0.841377 0.599585 1.000000 0.322550 0.802035 0.105975 0.594391 0.100437 0.038117 0.268566 0.348555 0.003129 0.093581
0.560734 0.276264 0.560734 0.260591 0.543493 0.263725 0.546628 0.268427 0.496474 0.276264 0.516849 0.373438 0.485502 0.376573 0.501176 0.512930 0.441617 0.506661 0.556032 0.599134 0.523118 0.606970 0.524685 0.622643 0.472964 0.627345 0.574840 0.806021 0.513714 0.823262 0.532522 1.000000 0.377357 0.771540 0.151660 0.680679 0.074974 0.081180 0.216011 0.320754 0.002993 0.019703
0.563582 0.274537 0.563582 0.258934 0.546419 0.263615 0.546419 0.266735 0.499610 0.276097 0.524575 0.374396 0.488688 0.375956 0.524575 0.508582 0.418474 0.489858 0.604150 0.549149 0.477766 0.605320 0.512092 0.624044 0.474645 0.625604 0.555781 0.814400 0.558901 0.812840 0.487128 1.000000 0.390389 0.769152 0.181990 0.715346 0.087713 0.152485 0.349930 0.326847 0.016894 0.062788
0.568244 0.269582 0.568244 0.255780 0.551374 0.258847 0.542173 0.268049 0.505367 0.275717 0.531438 0.375398 0.488498 0.375398 0.529904 0.488882 0.394951 0.472012 0.617317 0.541023 0.440958 0.593164 0.506901 0.625369 0.473163 0.623835 0.531438 0.853869 0.585113 0.760322 0.424089 0.976554 0.393417 0.771057 0.262861 0.700857 0.065196 0.238287 0.333103 0.360389 0.025411 0.184613
0.568935 0.266803 0.568935 0.251046 0.551603 0.254197 0.548451 0.257349 0.502757 0.266803 0.543724 0.377099 0.479123 0.373947 0.567359 0.484243 0.375129 0.455882 0.647718 0.509454 0.405067 0.583510 0.496455 0.627628 0.480698 0.621326 0.469669 0.816707 0.622507 0.741076 0.387734 0.986878 0.447609 0.793072 0.098037 0.684798 0.014565 0.274755 0.334125 0.360929 0.029130 0.321578
0.565861 0.268684 0.565861 0.252620 0.548191 0.254226 0.548191 0.260652 0.500000 0.267077 0.551404 0.377916 0.471085 0.373097 0.588350 0.501606 0.353821 0.443777 0.580318 0.461447 0.379523 0.577105 0.498394 0.626903 0.479117 0.622084 0.455022 0.821273 0.641360 0.734529 0.323300 0.996367 0.485543 0.821273 0.135417 0.645392 0.003110 0.296821 0.970439 0.387956 0.028673 0.376968
0.561127 0.272161 0.562715 0.256284 0.543662 0.257872 0.548426 0.264223 0.494443 0.268986 0.559540 0.381714 0.459513 0.369013 0.591294 0.503969 0.335670 0.434109 0.645277 0.481741 0.369013 0.559540 0.502382 0.627812 0.478566 0.621461 0.435697 0.821514 0.643689 0.715137 0.294390 0.985050 0.511908 0.850093 0.121294 0.581952 0.032895 0.311763 0.543444 0.428656 0.024282 0.441278
0.559163 0.270592 0.559163 0.254493 0.541454 0.256103 0.547894 0.264152 0.491548 0.268982 0.562383 0.381674 0.452911 0.368795 0.604240 0.510464 0.322510 0.426750 0.646097 0.463778 0.356318 0.549101 0.504427 0.626376 0.480279 0.623156 0.412664 0.806683 0.654146 0.724579 0.264555 0.986989 0.549504 0.912935 0.069043 0.493323 0.075824 0.297791 0.667322 0.452688 0.019485 0.481758
0.562177 0.272016 0.563803 0.255760 0.544296 0.257386 0.554050 0.265514 0.495530 0.267139 0.567054 0.382554 0.448389 0.367924 0.607693 0.509347 0.318344 0.429695 0.641830 0.458955 0.358983 0.548360 0.508534 0.626387 0.476023 0.623136 0.407750 0.810075 0.653208 0.735299 0.237067 0.958000 0.586561 0.948247 0.112963 0.416911 0.084759 0.286029 0.711746 0.463871 0.019675 0.480097
0.563402 0.270527 0.565038 0.252529 0.545404 0.255801 0.553585 0.260710 0.496319 0.265618 0.569946 0.381787 0.445597 0.368697 0.612487 0.509408 0.317976 0.435780 0.643574 0.470140 0.362152 0.547040 0.512680 0.627212 0.471776 0.622304 0.416146 0.820281 0.641938 0.754834 0.214897 0.933177 0.630485 0.985534 0.189687 0.305161 0.074617 0.256630 0.684431 0.466265 0.019803 0.436955
0.563455 0.270025 0.565072 0.253859 0.547288 0.255475 0.553755 0.261942 0.495554 0.265175 0.568305 0.378344 0.442203 0.371877 0.603873 0.506063 0.324185 0.449478 0.641056 0.485046 0.379152 0.554563 0.521421 0.627315 0.468070 0.622464 0.434120 0.824551 0.623273 0.769584 0.228800 0.879519 0.652373 0.995921 0.284095 0.217807 0.073393 0.225767 0.577302 0.468260 0.013384 0.391149
0.568137 0.265804 0.569769 0.249484 0.550185 0.251116 0.559977 0.257644 0.497960 0.260908 0.571401 0.376782 0.440839 0.373518 0.595882 0.504080 0.328229 0.464911 0.657899 0.510608 0.398406 0.566097 0.522440 0.626482 0.465319 0.623218 0.439207 0.819061 0.610570 0.783157 0.238468 0.832118 0.656267 1.000000 0.349470 0.173973 0.068225 0.203585 0.406141 0.476003 0.015591 0.364549
0.563503 0.266616 0.565121 0.250437 0.547324 0.250437 0.553796 0.258527 0.493933 0.258527 0.566739 0.373398 0.437306 0.376634 0.576446 0.489888 0.336995 0.483416 0.620130 0.533572 0.414655 0.575637 0.532763 0.625793 0.463193 0.624175 0.468046 0.829649 0.591008 0.795673 0.275515 0.802145 0.639545 1.000000 0.447320 0.137596 0.055254 0.170703 0.223535 0.462839 0.005149 0.301717
0.561694 0.264442 0.563296 0.248418 0.544067 0.248418 0.555284 0.256430 0.492789 0.258033 0.563296 0.371805 0.439909 0.378215 0.568103 0.493590 0.353377 0.498398 0.616176 0.554483 0.441511 0.576917 0.536055 0.626592 0.460740 0.623387 0.476765 0.823691 0.577718 0.798052 0.292485 0.775618 0.611369 1.000000 0.488216 0.142058 0.059107 0.160859 0.200165 0.466976 0.004080 0.280851
0.565359 0.261438 0.565359 0.245098 0.549020 0.246732 0.552288 0.253268 0.496732 0.258170 0.553922 0.369281 0.446078 0.380719 0.552288 0.495098 0.382353 0.516340 0.601307 0.576797 0.486928 0.583333 0.535948 0.624183 0.464052 0.625817 0.522876 0.803922 0.557190 0.808824 0.447712 0.859477 0.553922 1.000000 0.274284 0.154239 0.000711 0.126548 0.176155 0.458462 0.000004 0.172958
0.567428 0.257422 0.567428 0.242621 0.549338 0.244266 0.555916 0.252489 0.498355 0.255778 0.550982 0.370899 0.452307 0.379122 0.542759 0.513979 0.414481 0.530425 0.592097 0.592920 0.536181 0.571540 0.531247 0.624167 0.465464 0.625811 0.570718 0.833030 0.536181 0.829741 0.509868 1.000000 0.508223 1.000000 0.151056 0.144989 0.084205 0.089291 0.196081 0.474274 0.004187 0.046799
0.568786 0.253378 0.568786 0.238279 0.552009 0.239956 0.553686 0.248345 0.501678 0.255056 0.543620 0.369139 0.459735 0.380883 0.525165 0.515099 0.451347 0.541943 0.597307 0.545298 0.588918 0.545298 0.530199 0.624150 0.466446 0.625828 0.612406 0.820441 0.511744 0.835540 0.464768 0.870772 0.454702 1.000000 0.521663 0.144607 0.142983 0.058996 0.413842 0.508802 0.004273 0.058530
0.564723 0.263498 0.564723 0.247216 0.546812 0.248844 0.553325 0.256985 0.496336 0.261870 0.540299 0.369334 0.465400 0.380731 0.537042 0.507734 0.478426 0.541927 0.608685 0.517504 0.610313 0.515875 0.528901 0.620083 0.465400 0.629852 0.631480 0.784535 0.478426 0.825241 0.457259 0.831754 0.346538 0.890371 0.593277 0.375181 0.191983 0.021190 0.464348 0.536411 0.007257 0.156335
0.563717 0.263800 0.562094 0.245943 0.544237 0.249190 0.540990 0.258930 0.493912 0.263800 0.532873 0.367696 0.467938 0.382306 0.549107 0.500812 0.508523 0.526786 0.625405 0.478085 0.627029 0.465098 0.531250 0.620941 0.467938 0.629058 0.651379 0.768667 0.456575 0.820615 0.487419 0.818992 0.385147 0.948861 0.622526 0.142896 0.219360 0.018861 0.553524 0.565606 0.001032 0.236180
0.560832 0.261672 0.559165 0.245006 0.540832 0.246672 0.547499 0.251672 0.489167 0.260005 0.529166 0.368336 0.469167 0.381669 0.550832 0.505000 0.534166 0.523333 0.627497 0.456668 0.635830 0.438335 0.532499 0.618331 0.469167 0.631664 0.667496 0.759994 0.445835 0.826659 0.510833 0.839992 0.467501 0.918324 0.592050 0.111789 0.238087 0.037908 0.629001 0.584728 0.002120 0.280239
0.555425 0.271472 0.557032 0.255407 0.536147 0.257014 0.547392 0.263440 0.486345 0.266653 0.518475 0.374290 0.471886 0.375896 0.544179 0.496385 0.555425 0.501205 0.595588 0.459435 0.632538 0.404814 0.537753 0.620088 0.471886 0.629727 0.674308 0.730937 0.402805 0.827329 0.545786 0.867492 0.243760 1.000000 0.523310 0.126211 0.258038 0.107052 0.632322 0.598056 0.012276 0.390005
0.559662 0.268444 0.561331 0.251755 0.541305 0.251755 0.546311 0.258430 0.489570 0.263437 0.499583 0.370245 0.484563 0.380258 0.407795 0.458695 0.574682 0.508762 0.436166 0.535464 0.631424 0.396947 0.536298 0.620576 0.479556 0.628921 0.679821 0.747411 0.402788 0.820841 0.589702 0.935994 0.316007 0.947676 0.411524 0.069883 0.223269 0.114711 0.368575 0.655844 0.020200 0.390743
0.557895 0.275163 0.556308 0.259302 0.538861 0.260888 0.543619 0.267232 0.489690 0.273577 0.499207 0.368746 0.491276 0.381435 0.426244 0.463915 0.573756 0.501983 0.431002 0.527361 0.621341 0.398883 0.535688 0.619358 0.473828 0.630461 0.670511 0.744664 0.386590 0.820799 0.630857 0.954036 0.286663 0.936588 0.321221 0.089839 0.215627 0.114532 0.232030 0.671358 0.012120 0.398438
