0.537778 0.279379 0.549866 0.263261 0.521659 0.263261 0.559940 0.277364 0.485393 0.273335 0.568000 0.378104 0.441067 0.372060 0.570014 0.494963 0.398756 0.492948 0.584118 0.575555 0.479348 0.492948 0.541807 0.625925 0.449126 0.623910 0.531733 0.841509 0.453156 0.837479 0.513600 1.000000 0.455171 1.000000 0.014891 0.002216 0.018655 0.004177 0.049658 0.607167 0.011547 0.020869
0.540602 0.272628 0.552783 0.256387 0.522331 0.256387 0.562933 0.270598 0.489849 0.268568 0.571054 0.380224 0.441127 0.370073 0.573084 0.502030 0.392404 0.493910 0.587295 0.583234 0.477669 0.495940 0.540602 0.625867 0.447217 0.623837 0.526391 0.849178 0.449247 0.843088 0.502030 1.000000 0.443157 0.991286 0.018167 0.016021 0.019031 0.004692 0.049841 0.611738 0.015515 0.023176
0.537772 0.271877 0.549700 0.255973 0.519880 0.255973 0.561628 0.271877 0.488072 0.269889 0.573556 0.379229 0.442348 0.371277 0.575544 0.496521 0.390660 0.488569 0.585484 0.574053 0.474156 0.504473 0.537772 0.625741 0.446324 0.623753 0.519880 0.842432 0.446324 0.840444 0.490060 1.000000 0.432408 0.943820 0.020254 0.042593 0.019663 0.005013 0.035193 0.572210 0.020263 0.026223
0.536751 0.271756 0.546422 0.254348 0.517408 0.256282 0.556094 0.265953 0.478723 0.269822 0.579305 0.378141 0.436169 0.372338 0.583174 0.492263 0.387812 0.482592 0.588976 0.571568 0.457446 0.511606 0.540620 0.625727 0.443906 0.623793 0.515474 0.834628 0.440038 0.826891 0.470986 1.000000 0.430366 0.892657 0.032463 0.040415 0.011206 0.015853 0.012463 0.505901 0.019715 0.032069
0.533358 0.266011 0.544961 0.250541 0.515954 0.252475 0.558497 0.260210 0.479212 0.264077 0.581703 0.376237 0.434735 0.374304 0.595239 0.490331 0.390257 0.490331 0.591372 0.563815 0.444403 0.540610 0.541093 0.625696 0.442470 0.623763 0.514020 0.830678 0.434735 0.824877 0.463741 1.000000 0.421198 0.882891 0.039951 0.060730 0.009568 0.022104 0.054328 0.378303 0.020944 0.029562
0.531331 0.264293 0.542900 0.248868 0.512050 0.248868 0.554468 0.258509 0.477345 0.260437 0.583389 0.376121 0.429143 0.374193 0.600742 0.486021 0.386726 0.489878 0.591102 0.553504 0.429143 0.551576 0.544828 0.624843 0.442640 0.624843 0.519763 0.831147 0.442640 0.833075 0.461921 1.000000 0.415647 0.875493 0.057927 0.180396 0.010476 0.017123 0.095015 0.303582 0.015964 0.038485
0.528008 0.267869 0.541299 0.252678 0.510918 0.252678 0.552692 0.264071 0.474841 0.262173 0.584972 0.378001 0.427370 0.372304 0.613455 0.499525 0.381798 0.490031 0.596365 0.545097 0.417876 0.552692 0.545097 0.626746 0.442561 0.622949 0.516615 0.831819 0.448257 0.822325 0.461549 1.000000 0.406483 0.928659 0.050380 0.128246 0.006668 0.010176 0.187481 0.283849 0.015721 0.053021
0.524511 0.264790 0.537709 0.251592 0.505656 0.249706 0.550907 0.262905 0.473604 0.262905 0.582960 0.377917 0.426467 0.372261 0.615012 0.496700 0.384988 0.483502 0.582960 0.534409 0.409498 0.549493 0.545251 0.628682 0.445322 0.621140 0.516969 0.826654 0.454749 0.809685 0.466062 1.000000 0.413269 0.985032 0.043865 0.089842 0.002341 0.008167 0.308142 0.226811 0.012006 0.061069
0.522060 0.265318 0.535202 0.250298 0.505163 0.250298 0.548345 0.263440 0.471369 0.265318 0.580261 0.377965 0.431942 0.372333 0.615933 0.501877 0.390638 0.473716 0.565242 0.528162 0.405658 0.545059 0.542712 0.627667 0.445084 0.622035 0.518305 0.822923 0.450717 0.809781 0.471369 1.000000 0.431942 1.000000 0.039922 0.039209 0.007926 0.007191 0.436958 0.189194 0.015544 0.049130
0.521119 0.271362 0.533974 0.254834 0.502755 0.254834 0.546829 0.269526 0.467862 0.269526 0.579886 0.376040 0.431133 0.374203 0.611105 0.491736 0.392568 0.469699 0.559685 0.517446 0.403586 0.535811 0.543157 0.627633 0.445825 0.622124 0.515610 0.829643 0.449498 0.811278 0.473372 1.000000 0.449498 1.000000 0.031711 0.006180 0.003004 0.012661 0.436311 0.174741 0.014034 0.049320
0.518867 0.272694 0.531446 0.256522 0.500898 0.258319 0.545821 0.270897 0.466758 0.272694 0.576368 0.376913 0.434414 0.373319 0.608712 0.484726 0.393085 0.457773 0.558399 0.513477 0.405663 0.522461 0.542227 0.626681 0.446992 0.623087 0.517070 0.833323 0.454179 0.820745 0.479336 0.996840 0.461367 1.000000 0.033631 0.000128 0.004682 0.004446 0.427524 0.205994 0.013732 0.050131
0.517905 0.270374 0.530438 0.254259 0.498210 0.256050 0.544761 0.268583 0.465981 0.272164 0.576990 0.377801 0.433753 0.372430 0.607428 0.485229 0.394363 0.460162 0.553714 0.512086 0.399734 0.522828 0.542971 0.626675 0.446286 0.623094 0.523276 0.839740 0.458819 0.825416 0.476724 0.986557 0.473143 1.000000 0.068396 0.003002 0.013902 0.003792 0.440301 0.161546 0.013682 0.049033
0.520370 0.269144 0.533044 0.252849 0.500453 0.254659 0.543908 0.267334 0.467861 0.269144 0.578310 0.375972 0.429838 0.374161 0.609091 0.486420 0.395436 0.466503 0.556582 0.522633 0.395436 0.528065 0.545718 0.625839 0.446134 0.624028 0.527612 0.844925 0.464240 0.830440 0.482346 0.980723 0.476914 1.000000 0.076169 0.009607 0.015038 0.007121 0.394335 0.113516 0.010376 0.054098
0.521206 0.265832 0.532035 0.249590 0.499549 0.251394 0.544668 0.262223 0.465258 0.264028 0.578958 0.374118 0.425554 0.375923 0.609639 0.486013 0.398482 0.473380 0.562715 0.525718 0.393068 0.529327 0.548277 0.624980 0.447211 0.624980 0.533839 0.846965 0.463454 0.834332 0.494135 0.939008 0.479696 1.000000 0.108960 0.000209 0.018063 0.002963 0.361650 0.055536 0.005746 0.045321
0.522480 0.260816 0.535068 0.246429 0.502698 0.244631 0.547657 0.259018 0.464932 0.257219 0.580028 0.374114 0.423569 0.375912 0.608802 0.492806 0.394795 0.469428 0.571036 0.543161 0.394795 0.535967 0.549455 0.625886 0.446948 0.624088 0.544060 0.850683 0.464932 0.839893 0.508093 0.928013 0.481117 1.000000 0.130939 0.000245 0.030826 0.003433 0.280538 0.095015 0.004580 0.034103
0.523379 0.261715 0.535967 0.245530 0.503597 0.245530 0.548556 0.258119 0.467629 0.261715 0.580927 0.373215 0.422670 0.376811 0.606104 0.504496 0.388501 0.481117 0.584524 0.563842 0.395694 0.540463 0.550354 0.624987 0.446049 0.624987 0.546758 0.846187 0.464033 0.838994 0.516185 0.928912 0.474823 1.000000 0.107506 0.008517 0.033288 0.003210 0.171331 0.139163 0.004580 0.031861
0.527039 0.261526 0.537677 0.245569 0.505762 0.245569 0.548315 0.257980 0.468529 0.261526 0.578457 0.373228 0.422430 0.376774 0.599733 0.492021 0.378104 0.497340 0.601506 0.559397 0.392288 0.538120 0.551861 0.624999 0.447252 0.624999 0.548315 0.834218 0.461436 0.835991 0.525266 0.945919 0.468529 1.000000 0.059379 0.008642 0.028105 0.010359 0.048038 0.218693 0.001128 0.026761
0.524999 0.255363 0.537499 0.239292 0.505357 0.241078 0.548213 0.253578 0.466072 0.257149 0.578569 0.371432 0.423216 0.378575 0.599997 0.492857 0.373218 0.505357 0.605354 0.562498 0.392860 0.528571 0.551784 0.623211 0.446430 0.626782 0.546427 0.828563 0.458930 0.835706 0.524999 0.957131 0.466072 1.000000 0.044266 0.006035 0.025434 0.010662 0.031163 0.343105 0.002273 0.027323
0.526754 0.259212 0.539035 0.243423 0.505702 0.243423 0.551315 0.257458 0.468860 0.259212 0.575877 0.375001 0.425000 0.375001 0.593421 0.492544 0.386404 0.508333 0.610964 0.552193 0.430264 0.515351 0.551315 0.624122 0.447807 0.625876 0.547807 0.824121 0.456579 0.832893 0.523245 0.985523 0.461842 1.000000 0.042486 0.004300 0.025698 0.015378 0.043892 0.539189 0.001112 0.019063
0.530172 0.262937 0.542240 0.247420 0.511207 0.249144 0.552585 0.262937 0.471552 0.262937 0.571550 0.375003 0.430174 0.375003 0.590515 0.488793 0.397416 0.514655 0.607756 0.557757 0.454311 0.502586 0.549137 0.624997 0.449139 0.624997 0.547413 0.824992 0.452587 0.828440 0.524999 1.000000 0.459484 1.000000 0.034367 0.006174 0.025718 0.018706 0.025411 0.639873 0.002195 0.008139
0.531668 0.266081 0.541801 0.252569 0.513089 0.252569 0.551935 0.267770 0.479310 0.267770 0.570514 0.377551 0.433709 0.372484 0.587403 0.490711 0.396552 0.500844 0.600915 0.551513 0.464110 0.490711 0.546868 0.625827 0.448909 0.624138 0.546868 0.830189 0.448909 0.825123 0.524912 1.000000 0.448909 1.000000 0.034068 0.000000 0.030224 0.019204 0.022444 0.637084 0.005377 0.000000
0.529969 0.263623 0.541788 0.248427 0.511397 0.248427 0.555295 0.267000 0.475940 0.265311 0.573868 0.378435 0.433730 0.371681 0.583998 0.489870 0.394897 0.489870 0.602571 0.552341 0.470875 0.489870 0.545165 0.626631 0.447237 0.623254 0.538411 0.837682 0.445549 0.827551 0.519839 1.000000 0.440484 1.000000 0.018209 0.006209 0.026466 0.019705 0.063126 0.601050 0.009675 0.007552
0.531236 0.260941 0.541231 0.245948 0.509579 0.247614 0.554559 0.265939 0.476261 0.267605 0.574550 0.375889 0.432947 0.374223 0.582879 0.490837 0.401294 0.490837 0.602870 0.552476 0.474595 0.489172 0.546229 0.625777 0.446274 0.624111 0.529570 0.835682 0.446274 0.829019 0.511245 1.000000 0.442942 0.992279 0.001866 0.006496 0.010713 0.016960 0.076803 0.591599 0.009547 0.025210
0.531755 0.258914 0.541783 0.243872 0.510028 0.245544 0.553482 0.260585 0.474930 0.263928 0.576880 0.377577 0.431476 0.372563 0.586908 0.494568 0.399722 0.492897 0.605292 0.564763 0.466574 0.504596 0.546797 0.624930 0.444847 0.624930 0.530084 0.842200 0.446518 0.837186 0.501671 1.000000 0.434819 0.947492 0.016333 0.036141 0.014087 0.014342 0.054319 0.526980 0.010642 0.026944
0.532646 0.261687 0.542439 0.245364 0.511426 0.246997 0.552233 0.260055 0.475516 0.264952 0.576717 0.380844 0.434709 0.369418 0.588143 0.498368 0.398799 0.486942 0.604466 0.562027 0.464090 0.517955 0.544072 0.625686 0.444503 0.624053 0.524484 0.847676 0.444503 0.842779 0.490206 1.000000 0.424915 0.919496 0.024967 0.079571 0.014178 0.012236 0.049047 0.453239 0.014553 0.028013
0.531623 0.266782 0.541110 0.250971 0.511068 0.252552 0.550596 0.266782 0.476283 0.269944 0.575895 0.377462 0.433592 0.372718 0.591706 0.483398 0.394064 0.481817 0.601193 0.554549 0.444660 0.529251 0.544272 0.625701 0.446241 0.624119 0.520555 0.832830 0.444660 0.828086 0.479445 1.000000 0.420943 0.900819 0.031628 0.097868 0.004043 0.018469 0.004969 0.370911 0.012082 0.033822
0.531916 0.263744 0.539700 0.249732 0.511677 0.251289 0.547485 0.266858 0.475868 0.271528 0.573952 0.377396 0.433833 0.372725 0.591077 0.484820 0.393354 0.484820 0.595748 0.550209 0.435390 0.543982 0.544371 0.624939 0.447845 0.624939 0.521018 0.828890 0.446288 0.822663 0.474312 1.000000 0.419821 0.884938 0.044938 0.125413 0.001573 0.020172 0.027624 0.306944 0.009913 0.033784
0.527937 0.263313 0.537249 0.249344 0.507760 0.250897 0.545009 0.269521 0.472063 0.272625 0.576050 0.378164 0.431710 0.371956 0.602435 0.491464 0.386701 0.477495 0.596227 0.544233 0.414637 0.548889 0.545009 0.626492 0.447230 0.623388 0.518625 0.836018 0.456543 0.822050 0.472063 1.000000 0.419294 0.916725 0.043432 0.134225 0.000269 0.004715 0.110106 0.247041 0.009882 0.054783
0.526775 0.261739 0.537641 0.247769 0.506597 0.247769 0.548506 0.264843 0.469344 0.263291 0.577998 0.378153 0.428987 0.371944 0.610593 0.500776 0.380870 0.479045 0.587311 0.536476 0.407257 0.548894 0.545402 0.626503 0.447614 0.623399 0.520567 0.837601 0.464688 0.823631 0.470896 1.000000 0.424331 0.969537 0.052835 0.112973 0.004264 0.003540 0.266653 0.249381 0.008895 0.064354
0.526230 0.263929 0.537031 0.248500 0.507715 0.250043 0.546288 0.262386 0.470684 0.262386 0.575604 0.376564 0.429025 0.373478 0.611092 0.498457 0.382736 0.473770 0.574061 0.526230 0.401251 0.546288 0.546288 0.626522 0.449083 0.623436 0.523144 0.834819 0.470684 0.820933 0.472227 1.000000 0.444454 1.000000 0.052283 0.078394 0.001941 0.009189 0.385347 0.217210 0.005893 0.069901
0.521834 0.268863 0.535386 0.255311 0.505270 0.253805 0.545926 0.273380 0.469132 0.265851 0.574536 0.377279 0.429981 0.372762 0.604652 0.494730 0.380291 0.464614 0.560984 0.520328 0.398360 0.541409 0.545926 0.627238 0.449556 0.622721 0.517316 0.838047 0.469132 0.822989 0.472143 1.000000 0.466120 1.000000 0.037620 0.035765 0.006662 0.006138 0.411124 0.231407 0.005751 0.073951
0.519461 0.264974 0.532934 0.251501 0.501497 0.248507 0.544909 0.270962 0.465569 0.263477 0.574849 0.375751 0.426648 0.374254 0.606286 0.489521 0.381739 0.459582 0.556885 0.516467 0.387727 0.540418 0.547903 0.627243 0.450600 0.622752 0.520958 0.845802 0.470060 0.827838 0.458085 0.994003 0.483533 1.000000 0.088668 0.010107 0.005071 0.000473 0.426866 0.177750 0.001905 0.069161
0.517113 0.264885 0.531994 0.251493 0.499256 0.250004 0.543898 0.270837 0.463542 0.264885 0.575148 0.376490 0.423364 0.373514 0.604909 0.483631 0.384675 0.459822 0.552826 0.511905 0.383187 0.534226 0.549850 0.626486 0.451638 0.623510 0.526041 0.851184 0.469495 0.834816 0.469495 0.977670 0.488839 1.000000 0.100216 0.002220 0.001501 0.009010 0.427936 0.127777 0.001894 0.060439
0.524702 0.262931 0.536500 0.248184 0.504056 0.248184 0.545349 0.264406 0.461287 0.259982 0.574844 0.373539 0.421469 0.376488 0.607289 0.481197 0.381650 0.457600 0.558622 0.518066 0.377226 0.526914 0.551248 0.625724 0.452439 0.624249 0.535026 0.854313 0.476035 0.838090 0.476035 0.945748 0.493732 1.000000 0.159829 0.009229 0.007145 0.004601 0.386803 0.124970 0.004694 0.057534
0.529173 0.269859 0.537817 0.254013 0.509004 0.255453 0.543579 0.269859 0.467226 0.271300 0.573832 0.372144 0.421126 0.377907 0.604085 0.480191 0.375025 0.458582 0.569510 0.529173 0.370704 0.529173 0.552223 0.625695 0.452819 0.624254 0.539257 0.859077 0.474429 0.838908 0.477310 0.906618 0.491716 1.000000 0.273978 0.006859 0.009397 0.008791 0.282555 0.145785 0.006420 0.049603
0.530433 0.259074 0.539128 0.244582 0.510144 0.244582 0.544924 0.261973 0.468118 0.264871 0.575357 0.373559 0.421744 0.376458 0.605790 0.486595 0.366676 0.450366 0.578256 0.541664 0.369574 0.525723 0.552170 0.625716 0.450728 0.624267 0.544924 0.857585 0.475364 0.837296 0.502898 0.896712 0.492754 1.000000 0.251419 0.010721 0.019244 0.000394 0.231297 0.216068 0.003691 0.046592
0.533898 0.263422 0.540960 0.249298 0.512712 0.250710 0.543785 0.264834 0.473164 0.269071 0.573445 0.375002 0.427967 0.375002 0.598868 0.485170 0.365821 0.456922 0.590394 0.551553 0.378533 0.527542 0.548022 0.624998 0.450566 0.624998 0.546609 0.842509 0.475989 0.828385 0.488701 0.899005 0.485876 1.000000 0.251863 0.023793 0.030193 0.010888 0.112609 0.263270 0.001798 0.041650
0.535765 0.259562 0.541430 0.245398 0.513102 0.246814 0.542847 0.263811 0.473442 0.270893 0.572592 0.372876 0.426700 0.377125 0.593838 0.483357 0.355879 0.489023 0.600920 0.558428 0.379958 0.524433 0.549929 0.625000 0.450779 0.625000 0.552762 0.841713 0.472026 0.828965 0.518768 0.926698 0.479108 1.000000 0.125280 0.021166 0.032696 0.002213 0.030534 0.369699 0.000898 0.028878
0.536620 0.260211 0.542253 0.244718 0.514085 0.247535 0.543662 0.263028 0.476056 0.268662 0.571831 0.372887 0.428169 0.377113 0.590141 0.486972 0.357746 0.492606 0.602817 0.558803 0.385915 0.522183 0.549296 0.625000 0.450704 0.625000 0.553521 0.841901 0.471831 0.832042 0.521127 0.937676 0.476056 1.000000 0.110019 0.025080 0.034577 0.003508 0.004945 0.416532 0.000003 0.026168
0.540972 0.259726 0.546527 0.245837 0.520139 0.247226 0.547916 0.262504 0.478473 0.266670 0.571527 0.375002 0.429862 0.375002 0.588193 0.491667 0.378474 0.502778 0.604859 0.547221 0.424307 0.518055 0.547916 0.624998 0.450695 0.624998 0.559027 0.836106 0.465973 0.836106 0.534027 0.970826 0.470139 1.000000 0.075141 0.015478 0.046711 0.003469 0.047606 0.519299 0.001768 0.006259
0.541890 0.260581 0.545977 0.244234 0.518731 0.249683 0.551426 0.260581 0.480588 0.271479 0.567773 0.375012 0.435633 0.375012 0.581396 0.488080 0.390678 0.496254 0.599105 0.548020 0.457429 0.504427 0.545977 0.624307 0.450618 0.625670 0.556875 0.828648 0.457429 0.834097 0.535078 1.000000 0.462878 1.000000 0.054788 0.000615 0.044720 0.008608 0.053278 0.574239 0.004336 0.006562
0.550978 0.267100 0.554976 0.252440 0.529654 0.253773 0.556309 0.269766 0.484340 0.273764 0.566971 0.376386 0.440359 0.373721 0.576301 0.485673 0.397711 0.489671 0.594959 0.541649 0.480342 0.495002 0.542982 0.624280 0.449688 0.625613 0.554976 0.830858 0.453687 0.832190 0.537650 1.000000 0.457685 1.000000 0.046164 0.001242 0.049170 0.005623 0.075309 0.591683 0.009334 0.012302
0.552250 0.266023 0.553565 0.251564 0.527275 0.255508 0.553565 0.271281 0.486527 0.283112 0.566710 0.377754 0.444463 0.372496 0.568024 0.486855 0.401086 0.485541 0.591685 0.544692 0.491785 0.490799 0.540420 0.624875 0.448407 0.624875 0.548307 0.839134 0.451036 0.835191 0.537791 1.000000 0.451036 0.995557 0.028233 0.003979 0.045448 0.000996 0.119771 0.598195 0.014231 0.007733
0.553242 0.263368 0.553242 0.250221 0.529579 0.254165 0.545355 0.271255 0.490140 0.284402 0.567703 0.379055 0.442814 0.371167 0.569018 0.497371 0.406004 0.489483 0.592681 0.555214 0.492770 0.492112 0.541411 0.624889 0.448072 0.624889 0.542725 0.849690 0.450702 0.847061 0.533523 1.000000 0.441499 0.982467 0.016045 0.025366 0.035777 0.002830 0.120069 0.586366 0.013395 0.001909
0.552926 0.267318 0.552926 0.251827 0.529690 0.256991 0.547763 0.267318 0.485800 0.280226 0.569708 0.377043 0.440619 0.373170 0.569708 0.490641 0.407056 0.490641 0.591653 0.551313 0.494836 0.502259 0.542599 0.623602 0.447074 0.626184 0.537436 0.846926 0.450946 0.845635 0.520654 1.000000 0.434165 0.950197 0.018609 0.056271 0.027499 0.002504 0.110473 0.546700 0.013152 0.012975
0.553151 0.268212 0.554409 0.253116 0.533023 0.255632 0.546861 0.269470 0.488992 0.279534 0.572021 0.377659 0.439930 0.372627 0.579569 0.493395 0.407222 0.497169 0.597181 0.552522 0.492766 0.509750 0.541829 0.624228 0.446220 0.625486 0.534281 0.846895 0.451252 0.840605 0.505347 1.000000 0.433640 0.921117 0.034660 0.075995 0.027998 0.000480 0.071422 0.535273 0.015222 0.018231
0.551540 0.265898 0.551540 0.250995 0.530427 0.254720 0.542846 0.267139 0.489444 0.277075 0.575136 0.378913 0.438525 0.371461 0.583830 0.485718 0.404993 0.489444 0.598733 0.546572 0.481992 0.524217 0.541604 0.624813 0.444734 0.624813 0.526701 0.837182 0.448460 0.830972 0.485718 1.000000 0.424864 0.900520 0.046187 0.109870 0.020839 0.002045 0.050597 0.453118 0.017402 0.028053
0.547484 0.265972 0.551184 0.249938 0.525284 0.253638 0.548717 0.264738 0.484583 0.272139 0.575851 0.379440 0.435249 0.370807 0.589418 0.490442 0.401949 0.494142 0.604218 0.545942 0.463616 0.548409 0.542551 0.624877 0.446349 0.624877 0.525284 0.840713 0.454983 0.833313 0.478416 1.000000 0.422916 0.897447 0.056174 0.160761 0.017515 0.000723 0.044240 0.354232 0.014138 0.038588
0.542679 0.263718 0.547628 0.247636 0.521649 0.250110 0.551339 0.263718 0.482062 0.268666 0.576080 0.380003 0.431342 0.370107 0.594636 0.490103 0.395467 0.487629 0.603296 0.540824 0.435053 0.554431 0.545153 0.626182 0.447424 0.623708 0.526597 0.841434 0.458558 0.832774 0.472166 1.000000 0.415260 0.931740 0.067021 0.148210 0.012408 0.003222 0.000679 0.264590 0.009452 0.044308
0.539512 0.264151 0.546864 0.249448 0.519909 0.250673 0.550539 0.265376 0.480703 0.266601 0.577493 0.379319 0.428020 0.370742 0.609348 0.499387 0.386363 0.489586 0.604448 0.538594 0.419444 0.558197 0.545638 0.626807 0.448848 0.623132 0.523585 0.838766 0.464776 0.824063 0.470902 1.000000 0.424344 0.979663 0.061221 0.106100 0.007747 0.001035 0.122131 0.250317 0.007020 0.058179
