0.571547 0.273156 0.567110 0.259845 0.551581 0.262064 0.551581 0.270938 0.504992 0.282030 0.540488 0.370771 0.473932 0.379645 0.533832 0.488353 0.438436 0.512757 0.589296 0.514975 0.560455 0.512757 0.509429 0.621464 0.476151 0.628120 0.511647 0.787853 0.533832 0.798946 0.365225 0.881031 0.451747 0.976428 0.323848 0.241547 0.043481 0.100813 0.375548 0.582952 0.018371 0.099411
0.581494 0.273503 0.576998 0.257767 0.561261 0.260015 0.547772 0.269007 0.511803 0.282496 0.545524 0.372420 0.482577 0.379164 0.541028 0.500562 0.469089 0.511803 0.599479 0.507306 0.585990 0.489322 0.511803 0.621960 0.460096 0.626456 0.559013 0.788319 0.507306 0.810801 0.412886 0.882740 0.426375 0.995145 0.405413 0.211485 0.130773 0.108661 0.474598 0.592735 0.035855 0.008213
0.582339 0.276509 0.577858 0.260826 0.559934 0.265307 0.546491 0.272028 0.510642 0.285471 0.546491 0.372851 0.488237 0.379573 0.546491 0.502801 0.497199 0.520725 0.611465 0.475915 0.606984 0.475915 0.510642 0.621548 0.454630 0.626029 0.577858 0.782864 0.470313 0.816472 0.459111 0.906092 0.391895 0.993472 0.369772 0.158906 0.171235 0.069295 0.624886 0.603170 0.044360 0.099511
0.583984 0.277163 0.581744 0.261486 0.566067 0.263726 0.550390 0.274924 0.519036 0.281642 0.543671 0.373465 0.498880 0.380183 0.557109 0.492162 0.532474 0.514557 0.624296 0.445131 0.619817 0.451849 0.505599 0.622056 0.451849 0.624296 0.583984 0.778826 0.445131 0.816898 0.492162 0.935595 0.362267 0.998303 0.316240 0.125292 0.195958 0.049484 0.658518 0.620223 0.054444 0.158683
0.582832 0.270356 0.578262 0.256646 0.559982 0.261216 0.553127 0.270356 0.511996 0.281781 0.537131 0.373182 0.502856 0.380037 0.580547 0.437162 0.534846 0.514853 0.653667 0.334337 0.612537 0.455442 0.507426 0.622248 0.452586 0.624533 0.575977 0.791339 0.427451 0.821044 0.518851 0.980995 0.326910 1.000000 0.215725 0.121262 0.160385 0.024054 0.613463 0.633648 0.051134 0.163094
0.573829 0.280716 0.569422 0.265289 0.553995 0.269696 0.542975 0.280716 0.509917 0.291735 0.538568 0.364462 0.501102 0.388705 0.624518 0.271900 0.527548 0.523141 0.655372 0.152892 0.600276 0.463636 0.507713 0.622314 0.452617 0.624518 0.562810 0.794216 0.417355 0.816254 0.542975 0.981544 0.311570 0.981544 0.132308 0.123325 0.136638 0.006654 0.157469 0.656446 0.050723 0.156622
0.573283 0.277948 0.568875 0.264724 0.553447 0.269132 0.533611 0.277948 0.515979 0.286764 0.526999 0.366108 0.504959 0.385943 0.573283 0.405779 0.529203 0.522591 0.610751 0.390351 0.597527 0.463083 0.509367 0.621771 0.458675 0.626179 0.557855 0.800294 0.423411 0.815722 0.546835 0.996449 0.297784 0.967797 0.102282 0.161225 0.106336 0.002029 0.349897 0.672190 0.040802 0.142969
0.563051 0.275877 0.560932 0.265280 0.550335 0.267399 0.518544 0.280116 0.516425 0.290712 0.541857 0.360652 0.497351 0.392442 0.618155 0.330980 0.516425 0.530201 0.647826 0.214415 0.577887 0.477217 0.507948 0.621334 0.452844 0.625573 0.550335 0.788764 0.446486 0.809957 0.522783 0.971029 0.296011 0.935000 0.126682 0.268328 0.120101 0.049074 0.302602 0.682669 0.050129 0.089898
0.567327 0.283706 0.563086 0.270983 0.556724 0.270983 0.505831 0.281585 0.522796 0.285827 0.529157 0.370648 0.501590 0.381250 0.524916 0.497879 0.493108 0.523326 0.571568 0.521205 0.577929 0.510603 0.507952 0.620870 0.461300 0.627232 0.554604 0.782030 0.471903 0.811718 0.497349 0.955914 0.304381 0.905021 0.190941 0.356517 0.116602 0.069952 0.363023 0.566374 0.039249 0.071417
0.573791 0.282481 0.571589 0.267061 0.562778 0.269264 0.531940 0.278075 0.523129 0.282481 0.540751 0.370590 0.492290 0.381603 0.536345 0.493942 0.474669 0.522578 0.591413 0.502753 0.578197 0.515970 0.509912 0.621701 0.457047 0.626106 0.545156 0.791311 0.492290 0.808933 0.472466 0.956515 0.324883 0.903650 0.197156 0.396724 0.104110 0.106186 0.460862 0.559874 0.042193 0.004596
0.578181 0.301290 0.578181 0.286088 0.565151 0.286088 0.541262 0.290431 0.519545 0.294775 0.545606 0.368612 0.489142 0.383814 0.558636 0.377299 0.454394 0.503258 0.628130 0.283916 0.565151 0.507601 0.508687 0.622701 0.456566 0.624873 0.526060 0.805123 0.506515 0.802952 0.439192 0.957142 0.347981 0.911537 0.195473 0.395887 0.076153 0.129801 0.483522 0.577636 0.044385 0.056821
0.580017 0.288093 0.580017 0.272642 0.566773 0.274849 0.555736 0.279264 0.524833 0.283679 0.560151 0.374180 0.489515 0.380803 0.540284 0.497793 0.423294 0.502207 0.613127 0.486756 0.535870 0.535318 0.493930 0.619197 0.456405 0.625820 0.511589 0.795786 0.546906 0.800201 0.416672 0.939265 0.403428 0.937057 0.217760 0.409900 0.115748 0.195138 0.598588 0.567894 0.063660 0.120656
0.579394 0.287359 0.579394 0.271813 0.566069 0.274034 0.554965 0.278475 0.523874 0.282917 0.559406 0.373970 0.488341 0.380632 0.539419 0.496114 0.421717 0.502776 0.612705 0.487230 0.534978 0.536088 0.495003 0.620478 0.457250 0.624920 0.510549 0.798142 0.546082 0.802584 0.415055 0.942494 0.401730 0.940273 0.213816 0.405101 0.109125 0.187879 0.590025 0.567894 0.061169 0.119802
0.590975 0.290869 0.590975 0.275337 0.575442 0.277556 0.571005 0.279775 0.528846 0.284213 0.557691 0.379625 0.491124 0.375187 0.559910 0.501664 0.409025 0.483913 0.615382 0.479475 0.517751 0.530510 0.482249 0.621484 0.468935 0.623703 0.477811 0.807871 0.562129 0.792339 0.391274 0.967632 0.462279 0.958756 0.150439 0.332723 0.088667 0.189048 0.615332 0.576989 0.062556 0.168280
0.582784 0.308289 0.587141 0.293040 0.567534 0.295218 0.576249 0.293040 0.528321 0.297397 0.556642 0.373645 0.486929 0.380181 0.580606 0.351860 0.391073 0.471679 0.624176 0.234219 0.454251 0.537035 0.484750 0.621998 0.471679 0.624176 0.445537 0.807173 0.556642 0.794102 0.356217 0.979277 0.500000 0.987991 0.085956 0.238055 0.023265 0.167452 0.152240 0.502007 0.055761 0.214009
0.600136 0.295855 0.602349 0.280364 0.586858 0.282577 0.558090 0.284790 0.538173 0.289216 0.560303 0.377734 0.491701 0.377734 0.569155 0.481743 0.394332 0.468465 0.620053 0.437484 0.496127 0.537067 0.473998 0.621159 0.473998 0.623372 0.445229 0.804834 0.553664 0.798195 0.341221 0.973019 0.533748 0.992935 0.126843 0.168545 0.059000 0.159005 0.700803 0.572471 0.066701 0.185557
0.596351 0.297884 0.596351 0.282379 0.580846 0.282379 0.563127 0.286809 0.525472 0.291239 0.565342 0.379838 0.485603 0.375408 0.565342 0.497231 0.388144 0.468437 0.605211 0.455147 0.492248 0.532671 0.483388 0.623485 0.465668 0.621270 0.439088 0.809542 0.545407 0.800682 0.326125 0.960160 0.547622 0.997815 0.130430 0.129549 0.028881 0.158877 0.758601 0.581426 0.065322 0.207528
0.592192 0.297720 0.592192 0.282535 0.574838 0.284705 0.557484 0.289043 0.520608 0.295551 0.566161 0.377981 0.477223 0.375812 0.559654 0.495119 0.388285 0.471258 0.594361 0.464750 0.488069 0.529827 0.494577 0.623103 0.462039 0.623103 0.451192 0.805318 0.542300 0.796641 0.323208 0.931133 0.533623 0.981025 0.178318 0.152860 0.016040 0.157413 0.746476 0.569820 0.055520 0.212295
0.594074 0.292485 0.591860 0.276990 0.574152 0.279204 0.563085 0.285844 0.521028 0.290271 0.563085 0.374384 0.476758 0.378811 0.549804 0.462924 0.392646 0.480632 0.587433 0.476205 0.512174 0.538183 0.496680 0.622296 0.463477 0.624509 0.478972 0.810443 0.543163 0.797162 0.324027 0.921117 0.507747 0.976455 0.272698 0.199717 0.053435 0.154829 0.439393 0.576943 0.050947 0.167510
0.593114 0.280639 0.588544 0.264644 0.572549 0.266929 0.558839 0.276069 0.517709 0.282924 0.563409 0.374324 0.476579 0.378894 0.554269 0.470295 0.405743 0.495430 0.586259 0.497715 0.526849 0.531990 0.501714 0.623391 0.458299 0.623391 0.499429 0.810762 0.538274 0.806192 0.339478 0.911302 0.483434 0.984422 0.317495 0.226289 0.073410 0.155029 0.304661 0.580526 0.051134 0.135156
0.591372 0.279903 0.589073 0.261514 0.572983 0.263812 0.552295 0.273007 0.515516 0.279903 0.556892 0.374148 0.481036 0.378746 0.547697 0.493679 0.437361 0.518964 0.591372 0.523561 0.563788 0.521263 0.508620 0.622404 0.453452 0.624702 0.529308 0.799401 0.522412 0.806297 0.379895 0.893646 0.458049 0.976398 0.357912 0.230665 0.098168 0.151073 0.333435 0.590327 0.048479 0.078486
0.585073 0.274470 0.582789 0.258484 0.564519 0.260767 0.550816 0.269903 0.511990 0.279038 0.553099 0.372676 0.480016 0.379527 0.537112 0.502855 0.461746 0.516558 0.575938 0.539396 0.582789 0.496003 0.514274 0.621615 0.452610 0.626182 0.550816 0.783768 0.498287 0.806606 0.427488 0.902527 0.457178 0.964191 0.326558 0.160154 0.119801 0.114150 0.298539 0.595734 0.042289 0.008374
0.579973 0.267613 0.577655 0.251387 0.561429 0.256023 0.559111 0.265295 0.512749 0.274568 0.552157 0.371927 0.487251 0.381199 0.549839 0.508693 0.503477 0.534192 0.619381 0.464649 0.610108 0.476240 0.512749 0.619960 0.447843 0.626914 0.579973 0.789179 0.461752 0.826269 0.461752 0.898129 0.382937 0.976943 0.383351 0.175577 0.170520 0.072790 0.685103 0.624827 0.050385 0.098195
0.583569 0.270765 0.576605 0.256837 0.564998 0.261480 0.548749 0.268444 0.520892 0.277729 0.544106 0.372905 0.493036 0.379869 0.546427 0.505223 0.520892 0.528437 0.611426 0.465760 0.604461 0.465760 0.511607 0.621291 0.451251 0.625934 0.583569 0.786108 0.435002 0.820929 0.490715 0.946283 0.358397 0.983425 0.298268 0.113760 0.172452 0.027077 0.668104 0.645835 0.047466 0.157504
0.576907 0.276629 0.574645 0.263058 0.556549 0.265320 0.547502 0.274367 0.504524 0.283415 0.538454 0.371633 0.495476 0.380681 0.545240 0.491518 0.536192 0.514137 0.606313 0.441754 0.610837 0.450802 0.513572 0.622712 0.452498 0.624974 0.581431 0.790099 0.420831 0.819505 0.522620 0.957486 0.332613 0.973319 0.230149 0.114386 0.154041 0.004063 0.699633 0.629711 0.043334 0.173967
0.574948 0.281496 0.572642 0.267660 0.558806 0.269966 0.542663 0.279190 0.517296 0.286109 0.535745 0.371435 0.496541 0.380659 0.554193 0.491352 0.533439 0.521331 0.602622 0.433699 0.600316 0.461373 0.512684 0.622800 0.455031 0.625106 0.577255 0.800370 0.415827 0.828044 0.551887 0.977941 0.314358 0.977941 0.156184 0.128673 0.140138 0.007202 0.729020 0.651003 0.041222 0.171761
0.573845 0.284144 0.571573 0.270511 0.560212 0.272784 0.537491 0.281872 0.517041 0.288689 0.535219 0.372759 0.498864 0.379575 0.539763 0.493183 0.519313 0.518177 0.596567 0.447740 0.596567 0.456829 0.512497 0.622697 0.453421 0.624969 0.569301 0.797653 0.430699 0.820375 0.548852 0.972610 0.303458 0.956705 0.136967 0.202181 0.128788 0.021439 0.702771 0.667004 0.043531 0.136777
0.572665 0.276773 0.568014 0.262821 0.556388 0.265147 0.537786 0.274448 0.507557 0.283749 0.533135 0.369784 0.491280 0.381411 0.537786 0.483723 0.500581 0.523253 0.588942 0.465121 0.581966 0.500000 0.519184 0.623240 0.456401 0.625565 0.563364 0.809262 0.444775 0.820889 0.523834 0.976682 0.298282 0.937153 0.148028 0.267535 0.091728 0.026243 0.598032 0.567743 0.031136 0.093148
0.574972 0.277392 0.574972 0.263551 0.554210 0.265858 0.554210 0.277392 0.503460 0.284312 0.538063 0.371972 0.482699 0.378892 0.519608 0.489619 0.478085 0.505767 0.581892 0.496540 0.579585 0.498847 0.521915 0.623415 0.457324 0.625722 0.558824 0.803347 0.466551 0.826415 0.496540 0.957904 0.305074 0.911767 0.186338 0.359849 0.084815 0.047234 0.514304 0.533239 0.026465 0.049776
0.577975 0.273754 0.575612 0.259576 0.559072 0.261939 0.559072 0.271391 0.511814 0.280842 0.537806 0.370632 0.481097 0.380084 0.533080 0.469873 0.471645 0.502954 0.589790 0.500591 0.568524 0.507679 0.518903 0.623461 0.462194 0.625824 0.551983 0.812492 0.507089 0.829032 0.429113 0.942450 0.327509 0.914096 0.296224 0.428400 0.078900 0.093650 0.357130 0.508922 0.024091 0.014066
0.590195 0.273018 0.585417 0.256293 0.568692 0.261072 0.561524 0.270629 0.520906 0.277797 0.547188 0.370979 0.480288 0.380536 0.547188 0.483275 0.449228 0.504779 0.621256 0.509557 0.587806 0.519114 0.511349 0.621853 0.461174 0.626632 0.544799 0.820164 0.540020 0.817775 0.401442 0.942017 0.370381 0.932460 0.328943 0.435307 0.098357 0.149208 0.391463 0.545167 0.035055 0.071344
0.595138 0.278600 0.592788 0.264505 0.576345 0.266854 0.566949 0.273902 0.524665 0.278600 0.557552 0.374912 0.475335 0.377261 0.552854 0.487667 0.407212 0.485318 0.628025 0.499413 0.550505 0.508809 0.503524 0.621565 0.463589 0.626263 0.501175 0.807142 0.569298 0.804793 0.423655 0.938690 0.447146 0.929294 0.165472 0.417135 0.064612 0.185170 0.463918 0.627327 0.041995 0.174196
0.591372 0.281052 0.589073 0.267260 0.570684 0.267260 0.568385 0.278754 0.522412 0.283351 0.566087 0.377596 0.471841 0.375298 0.556892 0.487932 0.384492 0.464945 0.621254 0.485633 0.469543 0.524711 0.499425 0.623553 0.462647 0.623553 0.469543 0.814342 0.572983 0.793654 0.395986 0.954560 0.474140 0.943067 0.104330 0.369198 0.034793 0.194947 0.537828 0.550890 0.048479 0.232617
0.587707 0.287412 0.587707 0.273471 0.569120 0.275795 0.569120 0.282765 0.518006 0.287412 0.571444 0.378023 0.471539 0.375700 0.564474 0.494192 0.369310 0.466311 0.613264 0.480251 0.471539 0.542982 0.499419 0.624300 0.457598 0.621977 0.455275 0.814817 0.571444 0.798553 0.373957 0.968159 0.508713 0.970483 0.082731 0.293648 0.018089 0.200284 0.607661 0.564319 0.055000 0.254761
0.591789 0.289867 0.591789 0.273703 0.573316 0.276012 0.566388 0.282939 0.522514 0.287558 0.564079 0.379924 0.474022 0.372997 0.557152 0.500000 0.370110 0.463054 0.605644 0.479218 0.471713 0.546183 0.499423 0.624694 0.462476 0.622385 0.450930 0.814045 0.566388 0.804808 0.358564 0.968758 0.552533 0.982613 0.091518 0.189568 0.002399 0.179541 0.647225 0.554423 0.048702 0.244618
0.587127 0.286769 0.587127 0.270719 0.568784 0.273012 0.566491 0.279891 0.516050 0.284476 0.566491 0.378481 0.467901 0.373896 0.559613 0.488536 0.369310 0.467901 0.596298 0.477072 0.470194 0.541270 0.504586 0.623812 0.461022 0.623812 0.456437 0.809529 0.557320 0.804943 0.348675 0.949390 0.550442 0.974611 0.128219 0.168437 0.002070 0.164298 0.616280 0.557425 0.043929 0.236287
0.579433 0.288368 0.581703 0.274750 0.563546 0.274750 0.563546 0.281559 0.511348 0.286098 0.563546 0.376879 0.463688 0.374609 0.565816 0.481276 0.372907 0.474468 0.583972 0.474468 0.477305 0.542553 0.511348 0.624256 0.461418 0.624256 0.470496 0.805817 0.545390 0.805817 0.350212 0.923832 0.527234 0.960145 0.182585 0.175169 0.004251 0.140786 0.607282 0.550902 0.034745 0.208338
0.581336 0.288753 0.581336 0.272938 0.563261 0.275197 0.563261 0.281975 0.511297 0.286494 0.563261 0.376867 0.463851 0.374608 0.565520 0.478536 0.373478 0.474018 0.583595 0.474018 0.477407 0.541797 0.511297 0.623133 0.461592 0.625392 0.470629 0.803879 0.545186 0.803879 0.350885 0.921364 0.527112 0.957513 0.182585 0.176700 0.004251 0.142291 0.570907 0.550902 0.034588 0.209870
0.579463 0.277388 0.579463 0.263365 0.558428 0.263365 0.558428 0.277388 0.507011 0.282062 0.563103 0.373210 0.460269 0.377885 0.567777 0.480719 0.380806 0.485393 0.579463 0.487730 0.474291 0.539147 0.514023 0.623284 0.462606 0.625621 0.490651 0.814929 0.549080 0.817266 0.352760 0.915426 0.507011 0.966843 0.260900 0.222191 0.023060 0.131918 0.314148 0.536502 0.029801 0.173549
0.577398 0.276738 0.575016 0.262449 0.555964 0.264830 0.551202 0.274356 0.501191 0.281501 0.560727 0.371996 0.463087 0.379141 0.553583 0.481544 0.398788 0.505358 0.575016 0.517266 0.486902 0.541080 0.515480 0.622050 0.460706 0.626813 0.525005 0.812567 0.539294 0.822093 0.370210 0.903063 0.463087 0.964981 0.347507 0.277746 0.072885 0.124848 0.192751 0.527377 0.030368 0.105885
0.576936 0.274600 0.576936 0.257771 0.555298 0.262579 0.560107 0.272196 0.500000 0.279409 0.557702 0.375579 0.466340 0.375579 0.550490 0.495793 0.439893 0.517431 0.600979 0.507814 0.567319 0.507814 0.521638 0.623218 0.454319 0.625623 0.564915 0.808347 0.524043 0.817964 0.408638 0.902113 0.439893 0.959815 0.401077 0.281127 0.119130 0.125989 0.444673 0.582650 0.030659 0.037600
0.577501 0.273506 0.575098 0.256684 0.555873 0.261490 0.555873 0.268699 0.503004 0.280715 0.551066 0.372034 0.474166 0.379243 0.553470 0.496996 0.474166 0.521027 0.623160 0.480174 0.599129 0.489787 0.519826 0.621959 0.454941 0.626765 0.572695 0.802193 0.495795 0.821418 0.423701 0.917543 0.430910 0.972815 0.381119 0.194731 0.130407 0.090524 0.569271 0.577979 0.032182 0.024973
0.573238 0.266970 0.573238 0.252444 0.553869 0.254865 0.558711 0.266970 0.500605 0.276655 0.549027 0.373498 0.481237 0.378340 0.570817 0.501816 0.519974 0.513921 0.631344 0.458236 0.624081 0.455815 0.517553 0.622870 0.452184 0.625291 0.592607 0.794767 0.461868 0.826241 0.478815 0.935190 0.394077 0.976349 0.347813 0.150354 0.171003 0.052605 0.645091 0.573457 0.038628 0.115711
0.575855 0.270028 0.571038 0.255580 0.554182 0.260396 0.544549 0.267620 0.501204 0.279661 0.546958 0.373576 0.484347 0.378392 0.561406 0.501204 0.532509 0.515653 0.626424 0.445818 0.619200 0.450634 0.518061 0.624016 0.450634 0.624016 0.597527 0.792582 0.441002 0.819071 0.510836 0.961147 0.359127 0.982820 0.291426 0.131877 0.176791 0.027712 0.688707 0.597417 0.039964 0.155931
0.573752 0.270819 0.571314 0.256190 0.551810 0.258628 0.556686 0.265943 0.495733 0.275695 0.544495 0.375657 0.481105 0.375657 0.559124 0.514629 0.534743 0.514629 0.615200 0.448800 0.610324 0.443924 0.522552 0.624343 0.451848 0.624343 0.588381 0.807200 0.422590 0.821829 0.542057 0.994934 0.329943 0.992495 0.186999 0.111493 0.138007 0.009540 0.742027 0.622144 0.032652 0.156810
0.567703 0.271502 0.565285 0.256994 0.545941 0.259412 0.550777 0.266666 0.495164 0.276338 0.541106 0.375474 0.480656 0.375474 0.555613 0.513299 0.529016 0.513299 0.608809 0.452850 0.601555 0.452850 0.524180 0.624526 0.454059 0.624526 0.577375 0.813127 0.422625 0.817963 0.555613 0.999311 0.313816 0.979967 0.124544 0.136984 0.109106 0.017411 0.736907 0.613726 0.027743 0.138784
0.568472 0.275106 0.568472 0.258578 0.549583 0.260939 0.551944 0.268023 0.500000 0.277467 0.537777 0.374272 0.483472 0.376633 0.547222 0.504132 0.516528 0.511215 0.596805 0.480521 0.592083 0.461632 0.521250 0.624548 0.457500 0.624548 0.568472 0.801630 0.445695 0.806352 0.549583 0.988156 0.306390 0.945656 0.115077 0.229359 0.103942 0.012585 0.618354 0.608197 0.027089 0.103593
0.566534 0.273425 0.564136 0.256642 0.547353 0.261437 0.552148 0.266232 0.499401 0.275823 0.540160 0.371727 0.477822 0.378920 0.540160 0.498801 0.487412 0.520380 0.590510 0.496404 0.578522 0.501199 0.523377 0.623477 0.458641 0.625875 0.568932 0.803299 0.458641 0.822480 0.525774 0.992711 0.295603 0.935168 0.150286 0.307493 0.100166 0.024674 0.515146 0.544501 0.022915 0.078977
0.566750 0.267611 0.566750 0.252778 0.546972 0.252778 0.556861 0.262667 0.495056 0.270084 0.539556 0.371445 0.472806 0.378861 0.527194 0.502472 0.457972 0.529667 0.579111 0.507417 0.571694 0.507417 0.527194 0.623611 0.460444 0.626083 0.569222 0.811500 0.477750 0.836222 0.497528 0.989500 0.302222 0.930166 0.191928 0.369731 0.085639 0.042057 0.499717 0.592710 0.015745 0.043893
0.573800 0.272399 0.573800 0.257515 0.553954 0.257515 0.548993 0.269918 0.499380 0.274880 0.544032 0.374106 0.474573 0.376587 0.524186 0.500620 0.434883 0.520465 0.591164 0.520465 0.558916 0.517985 0.521706 0.622173 0.459689 0.627134 0.553954 0.813184 0.509302 0.828068 0.474573 0.984350 0.338137 0.924814 0.191463 0.413299 0.081809 0.095941 0.457836 0.592044 0.023711 0.023815
