0.422291 0.291252 0.440575 0.279062 0.422291 0.272967 0.489334 0.291252 0.428386 0.285157 0.538093 0.382674 0.422291 0.370485 0.635610 0.468002 0.422291 0.449718 0.574662 0.565520 0.410101 0.498476 0.538093 0.626468 0.501524 0.620373 0.464955 0.784934 0.599041 0.791029 0.446670 0.986064 0.751412 0.894641 0.108782 0.144663 0.137640 0.067514 0.448997 0.077979 0.050655 0.302889
0.416941 0.285299 0.435746 0.272762 0.416941 0.266493 0.492164 0.285299 0.429478 0.279031 0.542313 0.379329 0.423209 0.373060 0.636343 0.473358 0.423209 0.460821 0.567388 0.573656 0.416941 0.523507 0.542313 0.623806 0.492164 0.623806 0.467090 0.799327 0.592462 0.799327 0.454552 1.000000 0.761716 0.868282 0.109613 0.211604 0.128881 0.079826 0.441714 0.031725 0.044038 0.294130
0.420075 0.285299 0.438881 0.272762 0.420075 0.266493 0.489030 0.285299 0.432612 0.279031 0.539179 0.379329 0.426344 0.373060 0.626940 0.485896 0.438881 0.473358 0.564254 0.573656 0.420075 0.554851 0.545448 0.623806 0.489030 0.623806 0.470224 0.793059 0.564254 0.805596 0.495299 0.987387 0.746044 0.818133 0.173971 0.353197 0.141285 0.046907 0.416723 0.111776 0.044038 0.258011
0.412654 0.283252 0.432064 0.270312 0.412654 0.263842 0.483825 0.283252 0.425594 0.283252 0.529115 0.380303 0.425594 0.373833 0.600286 0.503235 0.438534 0.496765 0.522645 0.600286 0.425594 0.587346 0.554996 0.619697 0.490295 0.626167 0.483825 0.794389 0.522645 0.813799 0.535585 0.994962 0.716748 0.813799 0.203537 0.445653 0.157425 0.025550 0.381824 0.078551 0.057986 0.177493
0.409960 0.279902 0.429969 0.266563 0.409960 0.259893 0.483326 0.279902 0.423299 0.279902 0.530013 0.379947 0.429969 0.373277 0.590040 0.520009 0.463317 0.500000 0.489996 0.600044 0.443308 0.600044 0.556692 0.620053 0.483326 0.626723 0.516674 0.820142 0.469987 0.826812 0.590040 1.000000 0.676745 0.840151 0.174701 0.500682 0.098056 0.087237 0.414104 0.144742 0.051172 0.041644
0.410652 0.275788 0.430882 0.262301 0.410652 0.262301 0.484828 0.275788 0.417396 0.275788 0.525287 0.376936 0.430882 0.376936 0.565746 0.511801 0.471341 0.505057 0.464598 0.572490 0.437625 0.579233 0.559003 0.619692 0.484828 0.626435 0.559003 0.835475 0.444368 0.815246 0.626435 1.000000 0.633179 0.862448 0.109188 0.489214 0.043929 0.134974 0.420753 0.233164 0.056097 0.067193
0.410113 0.279369 0.423188 0.266295 0.403576 0.266295 0.475485 0.279369 0.423188 0.279369 0.514709 0.377427 0.436262 0.377427 0.547395 0.514709 0.475485 0.495097 0.436262 0.547395 0.436262 0.560469 0.560469 0.619304 0.488560 0.625841 0.586618 0.828495 0.423188 0.808883 0.678139 1.000000 0.580081 0.920015 0.108000 0.413015 0.019934 0.175236 0.483350 0.274437 0.062833 0.148771
0.403574 0.288178 0.422543 0.275532 0.403574 0.275532 0.473127 0.288178 0.428866 0.288178 0.511065 0.376701 0.447835 0.376701 0.542681 0.509485 0.492096 0.496838 0.428866 0.534777 0.441512 0.541100 0.555327 0.623299 0.485773 0.623299 0.605911 0.812990 0.409897 0.787698 0.707080 0.990035 0.536357 0.952097 0.082297 0.346354 0.026422 0.186229 0.504798 0.383550 0.052568 0.220592
0.403574 0.291340 0.422543 0.278694 0.403574 0.272371 0.479450 0.285017 0.428866 0.285017 0.504742 0.379862 0.454158 0.373539 0.536357 0.500000 0.492096 0.493677 0.422543 0.518969 0.441512 0.531615 0.555327 0.620138 0.485773 0.626461 0.631203 0.822475 0.416220 0.797183 0.738695 0.980551 0.479450 0.993197 0.075887 0.222472 0.048152 0.162730 0.529340 0.392532 0.052568 0.237347
0.411007 0.292350 0.429742 0.279859 0.411007 0.279859 0.479703 0.286105 0.429742 0.286105 0.504684 0.379781 0.454723 0.373536 0.529664 0.498439 0.504684 0.492194 0.417252 0.517174 0.454723 0.535909 0.554645 0.623341 0.485948 0.623341 0.629586 0.810695 0.429742 0.804450 0.754489 0.960578 0.435988 1.000000 0.100023 0.105730 0.056718 0.135369 0.513480 0.398043 0.051915 0.216905
0.406140 0.291944 0.424912 0.279429 0.406140 0.273172 0.474971 0.291944 0.431169 0.285686 0.500000 0.379546 0.462456 0.373289 0.531287 0.492178 0.500000 0.498436 0.424912 0.529722 0.449941 0.554752 0.550059 0.623582 0.487485 0.623582 0.618889 0.811303 0.431169 0.805045 0.769065 0.930192 0.424912 1.000000 0.174979 0.085842 0.047467 0.127511 0.478245 0.324071 0.047984 0.207654
0.401969 0.283047 0.421254 0.270190 0.401969 0.270190 0.472680 0.283047 0.427682 0.283047 0.504821 0.373042 0.459823 0.379470 0.543391 0.488751 0.485536 0.501607 0.453395 0.553033 0.440539 0.559461 0.549819 0.623744 0.485536 0.623744 0.607673 0.823019 0.434111 0.810163 0.781236 0.906586 0.434111 1.000000 0.267227 0.085679 0.033409 0.119062 0.404985 0.276465 0.045167 0.175619
0.410672 0.285299 0.429478 0.266493 0.410672 0.266493 0.473358 0.279031 0.435746 0.279031 0.504701 0.373060 0.460821 0.379329 0.548582 0.492164 0.485896 0.510970 0.454552 0.561119 0.435746 0.579925 0.548582 0.623806 0.485896 0.623806 0.579925 0.824402 0.435746 0.793059 0.761716 0.855745 0.485896 0.999924 0.396316 0.167396 0.005809 0.124224 0.410950 0.260065 0.044038 0.141028
0.404964 0.284586 0.417636 0.265579 0.404964 0.265579 0.468321 0.278250 0.436643 0.278250 0.500000 0.373286 0.461986 0.379621 0.557021 0.487329 0.474657 0.525343 0.468321 0.576029 0.404964 0.582364 0.525343 0.620379 0.512671 0.626714 0.449314 0.804114 0.538014 0.823122 0.519007 0.994186 0.721750 0.842129 0.236754 0.426342 0.157419 0.023555 0.397584 0.309335 0.048590 0.165732
0.396543 0.281590 0.416249 0.261884 0.396543 0.261884 0.462230 0.275021 0.422818 0.275021 0.501642 0.373552 0.455661 0.380121 0.567329 0.485220 0.462230 0.531201 0.501642 0.583751 0.370268 0.583751 0.541054 0.623164 0.501642 0.623164 0.475367 0.820225 0.468799 0.820225 0.685566 0.853069 0.567329 1.000000 0.553079 0.200152 0.152264 0.112086 0.356420 0.348581 0.054631 0.049848
0.395186 0.273735 0.415151 0.260426 0.395186 0.260426 0.468389 0.273735 0.421806 0.273735 0.508319 0.366903 0.448425 0.386868 0.594832 0.466726 0.441770 0.526619 0.521628 0.573203 0.348602 0.553239 0.541593 0.619787 0.501664 0.626442 0.461735 0.812778 0.488354 0.832742 0.661380 0.872671 0.614796 1.000000 0.532112 0.210284 0.166529 0.090112 0.419016 0.396268 0.055355 0.104378
0.409175 0.284888 0.428296 0.265767 0.409175 0.265767 0.479285 0.278514 0.421922 0.278514 0.511154 0.367746 0.441043 0.386867 0.606759 0.463351 0.441043 0.520715 0.536649 0.558957 0.351812 0.527088 0.536649 0.622694 0.511154 0.622694 0.434670 0.794783 0.549396 0.820278 0.619507 0.896762 0.645002 0.998742 0.509800 0.095692 0.202007 0.031128 0.451410 0.477302 0.061241 0.231137
0.413156 0.284440 0.431765 0.272034 0.413156 0.272034 0.481391 0.290643 0.425562 0.284440 0.512406 0.371284 0.437968 0.383691 0.611657 0.458129 0.450375 0.507754 0.549625 0.557379 0.375937 0.513957 0.537219 0.619411 0.512406 0.625614 0.431765 0.780693 0.580641 0.811709 0.562032 0.929569 0.679892 0.991601 0.413136 0.048613 0.216051 0.016854 0.448997 0.505261 0.063607 0.296193
0.423392 0.285498 0.441778 0.273241 0.417264 0.273241 0.484678 0.291627 0.429521 0.285498 0.515322 0.377427 0.435649 0.377427 0.619508 0.457100 0.447907 0.500000 0.558222 0.555158 0.398878 0.506129 0.527579 0.622573 0.521450 0.622573 0.429521 0.781917 0.619508 0.812560 0.521450 0.971904 0.711438 0.978033 0.319047 0.009751 0.191499 0.044498 0.470000 0.492142 0.062833 0.327262
0.422575 0.294526 0.446398 0.282615 0.422575 0.276659 0.482133 0.294526 0.428531 0.288571 0.511912 0.377907 0.434487 0.377907 0.619115 0.461288 0.452354 0.485111 0.559558 0.556580 0.416619 0.508934 0.529779 0.622093 0.523823 0.622093 0.440442 0.782899 0.613159 0.800766 0.464265 0.985394 0.732275 0.943704 0.198691 0.073558 0.184664 0.035943 0.467391 0.365401 0.068782 0.308998
0.414199 0.285498 0.438714 0.273241 0.414199 0.273241 0.481614 0.291627 0.432585 0.285498 0.518386 0.377427 0.432585 0.377427 0.622573 0.463228 0.444842 0.475485 0.555158 0.561286 0.414199 0.512257 0.536772 0.622573 0.512257 0.622573 0.457100 0.794174 0.610315 0.806431 0.444842 1.000000 0.763531 0.922875 0.120190 0.137182 0.162188 0.055935 0.472423 0.260725 0.062833 0.294318
0.414502 0.287033 0.439374 0.268379 0.414502 0.268379 0.482900 0.287033 0.426938 0.280815 0.526427 0.380303 0.426938 0.374085 0.619697 0.473573 0.445592 0.473573 0.551299 0.573062 0.414502 0.523318 0.545081 0.622806 0.501554 0.622806 0.458028 0.796910 0.594825 0.809346 0.445592 1.000000 0.781365 0.890181 0.129414 0.222257 0.172021 0.054810 0.441714 0.236806 0.059728 0.295167
0.420720 0.280815 0.439374 0.268379 0.420720 0.262161 0.482900 0.287033 0.426938 0.274597 0.526427 0.380303 0.426938 0.374085 0.613479 0.486009 0.445592 0.473573 0.538863 0.579280 0.420720 0.541972 0.545081 0.622806 0.501554 0.622806 0.458028 0.784474 0.582389 0.809346 0.482900 0.995887 0.768929 0.846655 0.194503 0.307008 0.181664 0.037386 0.434068 0.170015 0.059728 0.287386
0.415162 0.277499 0.434370 0.258291 0.415162 0.258291 0.479191 0.277499 0.427967 0.271097 0.517608 0.379946 0.440773 0.373543 0.594443 0.501601 0.466385 0.501601 0.498399 0.604047 0.434370 0.578435 0.543220 0.623256 0.498399 0.623256 0.472788 0.789731 0.549622 0.821745 0.524011 0.994624 0.741709 0.828148 0.205380 0.409003 0.160784 0.008199 0.419045 0.188499 0.053239 0.207791
0.403576 0.279369 0.416651 0.259758 0.403576 0.259758 0.468948 0.279369 0.423188 0.272832 0.508171 0.377427 0.442799 0.377427 0.567006 0.527783 0.468948 0.514709 0.462411 0.606230 0.442799 0.606230 0.547395 0.619304 0.501634 0.625841 0.495097 0.821957 0.495097 0.821957 0.567006 1.000000 0.704288 0.835032 0.195792 0.490738 0.131563 0.084632 0.413893 0.148498 0.062833 0.069784
0.399714 0.280017 0.419124 0.260607 0.399714 0.260607 0.464415 0.273547 0.425594 0.273547 0.503235 0.377068 0.451474 0.377068 0.535585 0.519410 0.483825 0.512940 0.419124 0.577641 0.412654 0.584111 0.548526 0.622932 0.496765 0.622932 0.516175 0.823504 0.451474 0.810564 0.619697 0.998197 0.652047 0.862325 0.221183 0.495001 0.108888 0.133377 0.423551 0.324403 0.057986 0.024489
0.393776 0.281114 0.413089 0.261800 0.393776 0.261800 0.464592 0.274676 0.425965 0.281114 0.503219 0.377681 0.445278 0.377681 0.522532 0.519313 0.483905 0.512876 0.400214 0.551503 0.425965 0.570816 0.554722 0.622319 0.496781 0.622319 0.554722 0.821891 0.425965 0.809016 0.664165 1.000000 0.625538 0.892707 0.173687 0.489007 0.066048 0.181450 0.461231 0.338586 0.066048 0.115401
0.394560 0.282825 0.413445 0.270236 0.394560 0.270236 0.463804 0.282825 0.426035 0.282825 0.495279 0.377249 0.457509 0.377249 0.514164 0.515737 0.495279 0.503147 0.400855 0.534622 0.426035 0.547212 0.551933 0.622751 0.495279 0.622751 0.589702 0.811598 0.419740 0.792713 0.696716 0.987856 0.551933 0.937496 0.110854 0.368666 0.009359 0.181715 0.490571 0.412378 0.060475 0.195958
0.394089 0.285017 0.413058 0.266048 0.400412 0.266048 0.463643 0.278694 0.425704 0.278694 0.482612 0.386185 0.476289 0.367216 0.501581 0.500000 0.577457 0.443093 0.400412 0.518969 0.545842 0.500000 0.545842 0.626461 0.495258 0.620138 0.615395 0.809829 0.413058 0.797183 0.722887 0.993197 0.501581 0.986874 0.053371 0.277343 0.033493 0.162188 0.493570 0.456582 0.052568 0.253761
0.393583 0.287167 0.412091 0.268660 0.399752 0.268660 0.467612 0.287167 0.430598 0.280998 0.479950 0.385872 0.479950 0.367365 0.486120 0.496915 0.578656 0.441394 0.399752 0.515423 0.541641 0.496915 0.547810 0.626466 0.492289 0.620297 0.634177 0.811539 0.424429 0.793031 0.745221 0.959596 0.442936 0.996611 0.065850 0.148012 0.051476 0.134669 0.450473 0.482334 0.051277 0.258137
0.390928 0.281855 0.409897 0.262886 0.397251 0.262886 0.460481 0.281855 0.435189 0.275532 0.473127 0.383024 0.485773 0.370378 0.492096 0.496838 0.586942 0.452577 0.409897 0.522131 0.530034 0.522131 0.542681 0.623299 0.498419 0.623299 0.631203 0.812990 0.428866 0.806667 0.776633 0.945774 0.416220 1.000000 0.125476 0.096133 0.049292 0.131304 0.457553 0.501086 0.052568 0.254384
0.390507 0.281013 0.403201 0.268318 0.390507 0.261971 0.460328 0.281013 0.434939 0.274666 0.473023 0.382572 0.492066 0.369877 0.498413 0.496826 0.580930 0.465089 0.403201 0.541258 0.517455 0.534911 0.542845 0.623775 0.492066 0.623775 0.599972 0.820546 0.428591 0.807851 0.784048 0.922105 0.409549 1.000000 0.249579 0.077684 0.000278 0.105698 0.430622 0.473882 0.044596 0.195638
0.398135 0.282165 0.416941 0.269628 0.391866 0.269628 0.460821 0.288433 0.435746 0.282165 0.485896 0.382463 0.479627 0.369926 0.517239 0.501567 0.548582 0.489030 0.435746 0.570522 0.492164 0.564254 0.542313 0.626940 0.492164 0.620671 0.592462 0.821268 0.423209 0.802462 0.774253 0.877685 0.454552 1.000000 0.323824 0.161879 0.008199 0.131304 0.358373 0.371880 0.044038 0.195792
0.400028 0.277839 0.412723 0.265144 0.400028 0.265144 0.469850 0.277839 0.438112 0.277839 0.495239 0.379398 0.469850 0.373051 0.520629 0.506347 0.514282 0.506347 0.450807 0.582517 0.463502 0.582517 0.539672 0.626949 0.495239 0.620602 0.552366 0.830067 0.438112 0.804677 0.755485 0.849110 0.501587 1.000000 0.450377 0.195112 0.036662 0.128319 0.299002 0.289583 0.044596 0.115654
0.394135 0.283458 0.413383 0.264210 0.394135 0.264210 0.464712 0.277042 0.432631 0.277042 0.496792 0.379699 0.464712 0.373283 0.522456 0.514436 0.490376 0.520852 0.432631 0.604261 0.413383 0.597845 0.541704 0.623509 0.496792 0.623509 0.509624 0.822407 0.458296 0.815991 0.721354 0.854487 0.548120 1.000000 0.503037 0.201816 0.108888 0.103421 0.309913 0.304810 0.049211 0.011931
0.390502 0.282638 0.410113 0.269564 0.390502 0.269564 0.462411 0.282638 0.423188 0.282638 0.495097 0.374159 0.455874 0.380696 0.547395 0.491829 0.475485 0.524514 0.482023 0.602961 0.377427 0.570275 0.540858 0.622573 0.508171 0.622573 0.475485 0.818689 0.495097 0.831763 0.665064 0.864449 0.593155 1.000000 0.527025 0.171812 0.160402 0.087649 0.302378 0.404157 0.062833 0.082548
0.387968 0.279136 0.407173 0.266333 0.387968 0.266333 0.458388 0.279136 0.426379 0.279136 0.490397 0.375164 0.451986 0.381566 0.567219 0.477594 0.458388 0.522406 0.490397 0.580023 0.362360 0.541612 0.535210 0.618434 0.522406 0.624836 0.439182 0.810489 0.509603 0.829695 0.624836 0.887312 0.618434 0.989741 0.522698 0.209956 0.205570 0.109559 0.409666 0.451626 0.074025 0.127715
0.392508 0.286597 0.411477 0.273951 0.392508 0.267628 0.455739 0.286597 0.424124 0.286597 0.487354 0.375120 0.455739 0.381443 0.575876 0.469966 0.462062 0.514227 0.500000 0.571134 0.367216 0.526873 0.525292 0.621718 0.531615 0.621718 0.411477 0.792441 0.550584 0.830379 0.563230 0.937870 0.664399 1.000000 0.443939 0.153004 0.235757 0.068506 0.443861 0.472954 0.073097 0.216025
0.400062 0.284510 0.418801 0.272017 0.400062 0.265771 0.462523 0.284510 0.425047 0.278264 0.493754 0.371955 0.450031 0.384447 0.593691 0.459400 0.468770 0.509369 0.512492 0.553092 0.387570 0.509369 0.518738 0.621799 0.537477 0.621799 0.418801 0.790444 0.593691 0.815428 0.518738 0.977826 0.699875 0.990319 0.326240 0.083747 0.202007 0.022421 0.498491 0.547393 0.072192 0.260222
0.400062 0.284510 0.418801 0.272017 0.406309 0.265771 0.468770 0.284510 0.425047 0.284510 0.493754 0.378201 0.450031 0.378201 0.599938 0.465646 0.468770 0.496877 0.518738 0.553092 0.400062 0.503123 0.518738 0.621799 0.537477 0.621799 0.425047 0.796690 0.612430 0.809182 0.462523 1.000000 0.724859 0.977826 0.210590 0.066048 0.189081 0.011414 0.518925 0.520990 0.072192 0.277667
0.400749 0.284440 0.419359 0.272034 0.406952 0.272034 0.468984 0.284440 0.431765 0.284440 0.500000 0.377487 0.450375 0.377487 0.599251 0.464332 0.475187 0.489144 0.518610 0.551176 0.413156 0.507754 0.518610 0.625614 0.531016 0.619411 0.437968 0.805506 0.617860 0.805506 0.425562 1.000000 0.760533 0.954382 0.115439 0.104246 0.157971 0.036566 0.509405 0.476831 0.063607 0.273125
0.402668 0.277078 0.421506 0.264519 0.402668 0.264519 0.471742 0.283357 0.427786 0.277078 0.503140 0.377550 0.446624 0.377550 0.603612 0.471742 0.471742 0.484301 0.515699 0.553376 0.408947 0.509419 0.528258 0.622450 0.521978 0.622450 0.440345 0.804556 0.603612 0.810835 0.415227 1.000000 0.773158 0.923867 0.105886 0.182674 0.175696 0.035144 0.522048 0.452439 0.064401 0.273322
0.409006 0.284082 0.427513 0.271744 0.409006 0.271744 0.470697 0.284082 0.433682 0.277913 0.507711 0.376618 0.452190 0.376618 0.587909 0.487662 0.470697 0.493831 0.495373 0.574029 0.415175 0.530845 0.526219 0.623382 0.513880 0.623382 0.446021 0.796116 0.581740 0.808454 0.446021 1.000000 0.766813 0.870145 0.138360 0.285715 0.162188 0.033889 0.460070 0.362681 0.051277 0.250228
0.412837 0.284387 0.431187 0.272153 0.412837 0.266036 0.480121 0.284387 0.437304 0.284387 0.504588 0.376137 0.461771 0.376137 0.577988 0.492354 0.480121 0.504588 0.480121 0.577988 0.431187 0.559638 0.522938 0.620805 0.510704 0.626921 0.455654 0.792072 0.553521 0.816539 0.498471 0.987806 0.749255 0.834889 0.187705 0.399555 0.142983 0.009353 0.450498 0.276465 0.042964 0.189845
0.398343 0.274095 0.417706 0.261186 0.398343 0.261186 0.469341 0.274095 0.430615 0.274095 0.495159 0.377366 0.456433 0.377366 0.546795 0.512909 0.488705 0.519363 0.449978 0.590362 0.430615 0.596817 0.540340 0.622634 0.508068 0.622634 0.475796 0.809813 0.501614 0.822722 0.533886 1.000000 0.714610 0.835631 0.198471 0.490997 0.163684 0.076313 0.401081 0.275968 0.062027 0.095433
0.395115 0.280549 0.414479 0.261186 0.401570 0.261186 0.466114 0.274095 0.427388 0.274095 0.491932 0.377366 0.459660 0.377366 0.524204 0.525818 0.491932 0.519363 0.414479 0.570999 0.420933 0.577453 0.543567 0.622634 0.504841 0.622634 0.491932 0.822722 0.466114 0.816267 0.595203 1.000000 0.666202 0.861448 0.245640 0.492142 0.146439 0.120819 0.443804 0.352860 0.062027 0.017557
0.399049 0.282325 0.417977 0.263396 0.399049 0.263396 0.468453 0.276015 0.430596 0.276015 0.493691 0.376966 0.462143 0.376966 0.500000 0.522083 0.500000 0.509464 0.392740 0.541011 0.424287 0.553630 0.544166 0.623034 0.500000 0.623034 0.525238 0.818626 0.436906 0.793388 0.626189 0.988981 0.638807 0.875411 0.200990 0.490076 0.095109 0.161496 0.458231 0.420494 0.056531 0.082198
0.389550 0.277499 0.408759 0.264694 0.395953 0.264694 0.459982 0.277499 0.427967 0.277499 0.479191 0.386349 0.479191 0.367140 0.485593 0.520809 0.575234 0.456780 0.383147 0.527212 0.530414 0.527212 0.543220 0.623256 0.498399 0.623256 0.556025 0.828148 0.415162 0.802537 0.671277 1.000000 0.568831 0.943400 0.161994 0.402191 0.064154 0.162188 0.495278 0.441367 0.053239 0.158228
0.398135 0.282165 0.416941 0.269628 0.398135 0.269628 0.460821 0.282165 0.435746 0.275896 0.479627 0.382463 0.485896 0.369926 0.485896 0.501567 0.586194 0.451418 0.391866 0.514104 0.542313 0.539179 0.542313 0.626940 0.492164 0.620671 0.586194 0.808730 0.410672 0.796193 0.705298 0.990521 0.523507 0.971715 0.109229 0.320222 0.004504 0.146316 0.474545 0.430396 0.044038 0.213751
0.395394 0.282982 0.414130 0.270492 0.401639 0.264247 0.464091 0.282982 0.445355 0.282982 0.457845 0.382904 0.501561 0.370414 0.476581 0.495316 0.588993 0.451600 0.407884 0.514051 0.545277 0.532787 0.495316 0.626464 0.545277 0.620219 0.420375 0.807572 0.595238 0.813817 0.464091 1.000000 0.713895 0.988681 0.191420 0.109386 0.173476 0.025245 0.467818 0.419010 0.051915 0.205276
