0.484774 0.265523 0.503045 0.247252 0.466503 0.247252 0.533497 0.265523 0.442142 0.265523 0.576129 0.375148 0.411690 0.375148 0.624852 0.490865 0.381239 0.496955 0.582219 0.527406 0.423871 0.557858 0.557858 0.624852 0.454323 0.624852 0.557858 0.838013 0.442142 0.807561 0.533497 1.000000 0.460413 0.862374 0.039583 0.123606 0.023249 0.075016 0.401291 0.272379 0.015515 0.021190
0.489198 0.263907 0.507715 0.251562 0.470681 0.245390 0.532405 0.257735 0.445992 0.263907 0.581784 0.375010 0.415130 0.375010 0.618818 0.492285 0.371923 0.492285 0.538577 0.498457 0.415130 0.560181 0.557094 0.628077 0.445992 0.621904 0.557094 0.837937 0.439819 0.788558 0.538577 1.000000 0.458337 0.887316 0.028858 0.070782 0.030957 0.051367 0.572927 0.292756 0.003929 0.011784
0.483834 0.278079 0.507348 0.260443 0.472076 0.260443 0.530863 0.266322 0.448561 0.266322 0.572014 0.372138 0.419168 0.378017 0.619044 0.489712 0.383896 0.501470 0.519106 0.501470 0.413289 0.560257 0.554378 0.624922 0.454440 0.624922 0.560257 0.842434 0.460319 0.818919 0.542621 1.000000 0.454440 0.954129 0.037459 0.023474 0.030772 0.035524 0.583842 0.236169 0.011230 0.001046
0.478706 0.284216 0.495741 0.267181 0.461670 0.267181 0.524134 0.278538 0.444634 0.278538 0.569562 0.375073 0.421920 0.375073 0.592276 0.482964 0.393528 0.494321 0.512777 0.471607 0.410563 0.579499 0.552526 0.624927 0.455991 0.624927 0.558205 0.835033 0.455991 0.812319 0.546848 1.000000 0.455991 0.959960 0.027303 0.000002 0.030270 0.043140 0.611215 0.137236 0.010848 0.008601
0.477943 0.272075 0.501471 0.254429 0.466179 0.254429 0.530880 0.266193 0.448533 0.266193 0.577936 0.372068 0.419123 0.377950 0.595582 0.495589 0.389714 0.501471 0.483825 0.442651 0.401477 0.442651 0.554408 0.624991 0.448533 0.624991 0.560290 0.842623 0.448533 0.836741 0.560290 1.000000 0.454415 1.000000 0.008601 0.009642 0.038126 0.037717 0.685979 0.988430 0.003745 0.008601
0.479651 0.273256 0.497093 0.255814 0.468023 0.255814 0.526163 0.273256 0.450581 0.267442 0.578488 0.372093 0.421512 0.377907 0.590116 0.500000 0.386628 0.488372 0.497093 0.482558 0.427326 0.540698 0.549419 0.622093 0.450581 0.627907 0.555233 0.848837 0.444767 0.848837 0.561046 1.000000 0.450581 1.000000 0.000677 0.017214 0.045007 0.045222 0.587856 0.307781 0.000007 0.016535
0.477943 0.266193 0.495589 0.248547 0.466179 0.248547 0.524998 0.266193 0.448533 0.260311 0.577936 0.372068 0.419123 0.377950 0.589700 0.507352 0.389714 0.495589 0.489707 0.477943 0.442651 0.530880 0.554408 0.624991 0.448533 0.624991 0.554408 0.842623 0.442651 0.848505 0.560290 1.000000 0.442651 1.000000 0.010264 0.008375 0.029525 0.046091 0.618663 0.390812 0.003745 0.008375
0.481707 0.274390 0.500000 0.256098 0.469512 0.256098 0.536585 0.268293 0.451219 0.268293 0.579268 0.371951 0.420732 0.378049 0.597561 0.506098 0.384146 0.493902 0.487805 0.487805 0.426829 0.524390 0.554878 0.621951 0.445122 0.628049 0.554878 0.835366 0.445122 0.847561 0.554878 1.000000 0.451219 1.000000 0.000001 0.009642 0.030957 0.030957 0.595708 0.399933 0.000007 0.000001
0.480263 0.269737 0.500000 0.250000 0.467105 0.250000 0.532895 0.263158 0.447368 0.263158 0.585526 0.375000 0.414474 0.375000 0.611842 0.519737 0.381579 0.500000 0.500000 0.519737 0.421053 0.546053 0.559211 0.625000 0.440789 0.625000 0.572368 0.815789 0.440789 0.835526 0.552632 0.980263 0.447368 1.000000 0.059933 0.009944 0.055301 0.033383 0.557249 0.307471 0.000007 0.021918
0.478934 0.273891 0.501404 0.257038 0.467699 0.257038 0.529492 0.268273 0.450846 0.268273 0.574434 0.375008 0.422758 0.375008 0.602522 0.498596 0.400287 0.492978 0.490169 0.492978 0.445228 0.521066 0.551963 0.622183 0.450846 0.627801 0.551963 0.807565 0.445228 0.846888 0.546345 0.886212 0.478934 1.000000 0.022698 0.059332 0.028858 0.043383 0.587037 0.382105 0.003576 0.008160
0.480054 0.279268 0.496011 0.263311 0.464098 0.263311 0.533243 0.273949 0.448141 0.273949 0.570475 0.375007 0.426866 0.375007 0.607707 0.502659 0.416228 0.486703 0.506649 0.534572 0.432185 0.545210 0.549199 0.624993 0.453460 0.624993 0.517286 0.816471 0.453460 0.832428 0.522605 0.800515 0.480054 1.000000 0.950152 0.045167 0.025543 0.033736 0.492970 0.114975 0.003386 0.052568
0.479621 0.279904 0.495924 0.263601 0.468752 0.263601 0.533965 0.274470 0.452448 0.274470 0.577441 0.377725 0.425276 0.372290 0.626351 0.502717 0.403538 0.475545 0.555703 0.540758 0.414407 0.524455 0.550269 0.627710 0.447014 0.622275 0.517662 0.823350 0.447014 0.845088 0.528531 0.812482 0.474186 1.000000 0.802568 0.046477 0.018105 0.027610 0.461499 0.135653 0.003459 0.052568
0.489371 0.274141 0.505314 0.258198 0.473428 0.258198 0.537200 0.268826 0.452171 0.268826 0.579715 0.375113 0.430914 0.375113 0.638173 0.486714 0.399028 0.486714 0.579715 0.545172 0.414971 0.507972 0.542515 0.624887 0.446857 0.624887 0.521257 0.810889 0.452171 0.842775 0.547829 0.821518 0.484057 1.000000 0.415102 0.049487 0.010841 0.012527 0.403589 0.293418 0.013537 0.043983
0.489371 0.279455 0.505314 0.263512 0.473428 0.263512 0.537200 0.274141 0.457485 0.274141 0.579715 0.375113 0.430914 0.375113 0.643487 0.476085 0.393713 0.497343 0.611601 0.555801 0.414971 0.454828 0.542515 0.624887 0.446857 0.624887 0.515943 0.805575 0.452171 0.842775 0.563772 0.885290 0.484057 1.000000 0.218498 0.046280 0.000590 0.012527 0.300428 0.946458 0.013537 0.054239
0.488408 0.284897 0.503864 0.269440 0.472951 0.269440 0.539929 0.279745 0.457495 0.279745 0.575995 0.377636 0.431734 0.372484 0.642973 0.470375 0.390516 0.480679 0.622364 0.537353 0.436886 0.449766 0.545082 0.624940 0.447190 0.624940 0.519321 0.805266 0.457495 0.841332 0.545082 0.918614 0.483255 1.000000 0.116302 0.026498 0.005584 0.004318 0.294113 0.803025 0.009841 0.060313
0.489586 0.286505 0.510414 0.270883 0.473964 0.270883 0.541658 0.276090 0.458342 0.276090 0.578108 0.375027 0.427099 0.375027 0.651009 0.458342 0.385442 0.479171 0.630180 0.541658 0.447928 0.437514 0.546865 0.624973 0.447928 0.624973 0.531243 0.828054 0.453135 0.838468 0.526036 1.000000 0.484378 1.000000 0.015078 0.044806 0.015146 0.018702 0.306790 0.808286 0.006630 0.032199
0.492349 0.288309 0.512752 0.273006 0.477046 0.273006 0.543358 0.283208 0.456642 0.283208 0.579065 0.375026 0.426036 0.375026 0.645378 0.461743 0.395430 0.477046 0.624974 0.538257 0.456642 0.420935 0.548459 0.624974 0.446440 0.624974 0.533156 0.834114 0.456642 0.839215 0.512752 1.000000 0.487248 1.000000 0.010133 0.036026 0.015534 0.010781 0.290760 0.828943 0.006496 0.038396
0.492349 0.288309 0.512752 0.273006 0.477046 0.273006 0.538257 0.278107 0.456642 0.283208 0.579065 0.375026 0.426036 0.375026 0.640277 0.466844 0.400531 0.482147 0.624974 0.548459 0.451541 0.415834 0.548459 0.624974 0.446440 0.624974 0.538257 0.839215 0.456642 0.849417 0.533156 1.000000 0.507651 1.000000 0.006986 0.074127 0.023638 0.011468 0.246165 0.865688 0.006496 0.029605
0.491076 0.293464 0.511474 0.273066 0.475777 0.278165 0.542072 0.283265 0.455378 0.288364 0.582869 0.375059 0.424780 0.375059 0.638965 0.482151 0.399282 0.497450 0.613467 0.522948 0.450278 0.436254 0.547172 0.624941 0.445179 0.624941 0.536972 0.844226 0.460478 0.849326 0.526773 1.000000 0.521674 1.000000 0.000351 0.092531 0.030373 0.004256 0.331396 0.844237 0.009741 0.036464
0.482903 0.277742 0.503945 0.261961 0.467122 0.261961 0.535509 0.267221 0.446080 0.272482 0.582853 0.372432 0.425037 0.377693 0.635459 0.477643 0.393474 0.493424 0.603896 0.540769 0.425037 0.430298 0.546030 0.624938 0.446080 0.624938 0.535509 0.851141 0.451340 0.840620 0.524988 1.000000 0.503945 0.982654 0.000001 0.105144 0.031301 0.019263 0.295167 0.937167 0.010048 0.022556
0.486251 0.285011 0.506250 0.270011 0.471251 0.270011 0.536248 0.275011 0.451252 0.280011 0.576246 0.375006 0.426254 0.375006 0.621244 0.480001 0.401255 0.495000 0.606245 0.544998 0.436253 0.470001 0.546248 0.624994 0.451252 0.624994 0.536248 0.834983 0.451252 0.834983 0.516249 1.000000 0.506250 0.914979 0.015810 0.191714 0.022869 0.031726 0.201073 0.762811 0.003182 0.015146
0.482504 0.277544 0.502500 0.257548 0.467506 0.257548 0.532493 0.267546 0.452509 0.272545 0.577484 0.372525 0.427514 0.377524 0.617477 0.482504 0.397520 0.497501 0.607478 0.542491 0.422516 0.487502 0.547490 0.622476 0.447510 0.627475 0.532493 0.832434 0.447510 0.837433 0.512497 1.000000 0.507499 0.892422 0.009835 0.263831 0.015318 0.025411 0.163586 0.699098 0.006365 0.022698
0.484694 0.262755 0.505102 0.247449 0.469388 0.247449 0.535714 0.257653 0.448980 0.262755 0.576531 0.375000 0.423469 0.375000 0.622449 0.497449 0.392857 0.497449 0.591837 0.553571 0.413265 0.522959 0.551020 0.625000 0.448980 0.625000 0.535714 0.839286 0.448980 0.844388 0.525510 1.000000 0.515306 0.905612 0.006387 0.262726 0.009670 0.032368 0.273147 0.292756 0.000006 0.022698
0.483751 0.267512 0.498750 0.252512 0.468752 0.252512 0.533748 0.262512 0.448753 0.262512 0.578746 0.372506 0.423754 0.377506 0.618744 0.497500 0.403755 0.492500 0.568747 0.527499 0.408755 0.557497 0.548748 0.622494 0.448753 0.627494 0.538748 0.832483 0.448753 0.827484 0.528749 1.000000 0.513749 0.912479 0.001158 0.207808 0.022869 0.031725 0.426561 0.079247 0.003182 0.015146
0.485297 0.274553 0.500000 0.254949 0.470594 0.254949 0.534307 0.269652 0.450990 0.269652 0.578416 0.377475 0.426485 0.372573 0.617624 0.490198 0.392178 0.480396 0.544109 0.495099 0.392178 0.534307 0.549010 0.627427 0.446089 0.622525 0.544109 0.833269 0.446089 0.818566 0.534307 1.000000 0.475495 0.931290 0.008324 0.081227 0.029699 0.024914 0.585361 0.098056 0.006241 0.007577
0.485149 0.273515 0.500000 0.258663 0.470297 0.258663 0.534653 0.268564 0.450495 0.273515 0.574257 0.372525 0.425743 0.377475 0.608911 0.486386 0.386139 0.491337 0.529703 0.461634 0.405941 0.550743 0.549505 0.625000 0.450495 0.625000 0.549505 0.842822 0.440594 0.827970 0.544554 1.000000 0.460396 0.971535 0.007577 0.059144 0.031107 0.047241 0.690453 0.208966 0.000006 0.015515
0.482144 0.277391 0.501190 0.258344 0.467859 0.258344 0.534522 0.272629 0.448812 0.277391 0.577377 0.372625 0.420242 0.377387 0.596424 0.482144 0.386910 0.486905 0.491667 0.444050 0.415480 0.548807 0.553569 0.624994 0.448812 0.624994 0.553569 0.844032 0.448812 0.839270 0.553569 1.000000 0.463097 1.000000 0.000001 0.025078 0.029941 0.036566 0.665827 0.231681 0.003031 0.000001
0.478212 0.280973 0.496560 0.262625 0.464451 0.262625 0.528669 0.276386 0.450690 0.276386 0.574538 0.372712 0.423168 0.377299 0.588299 0.491973 0.395647 0.487386 0.487386 0.446103 0.418581 0.533255 0.551603 0.624995 0.450690 0.624995 0.556190 0.840582 0.446103 0.835995 0.556190 1.000000 0.450690 1.000000 0.006771 0.014496 0.035629 0.042142 0.672366 0.225563 0.002920 0.013690
0.481818 0.279545 0.500000 0.265909 0.468182 0.265909 0.531818 0.279545 0.454545 0.275000 0.572727 0.375000 0.427273 0.375000 0.586364 0.493182 0.390909 0.465909 0.481818 0.447727 0.404545 0.515909 0.550000 0.625000 0.450000 0.625000 0.559091 0.843182 0.450000 0.838636 0.559091 1.000000 0.445455 1.000000 0.013255 0.007071 0.042113 0.028858 0.667114 0.205870 0.000006 0.013255
0.479361 0.276414 0.497707 0.258068 0.465602 0.258068 0.534398 0.271827 0.451843 0.271827 0.571089 0.372728 0.424325 0.377314 0.575675 0.491974 0.396806 0.473628 0.474775 0.441524 0.405979 0.519492 0.552743 0.624979 0.451843 0.624979 0.557330 0.835953 0.451843 0.840539 0.557330 0.978131 0.447257 1.000000 0.006919 0.007071 0.030028 0.035223 0.659820 0.151419 0.005840 0.006918
0.480512 0.276461 0.503439 0.258119 0.471341 0.258119 0.535537 0.271875 0.452999 0.271875 0.572220 0.372755 0.420902 0.377340 0.581391 0.478219 0.388804 0.478219 0.480512 0.432365 0.416316 0.524073 0.553879 0.624953 0.452999 0.624953 0.558464 0.817540 0.452999 0.840467 0.553879 0.927590 0.448414 1.000000 0.020833 0.006770 0.030686 0.041033 0.663409 0.270077 0.008758 0.007577
0.481028 0.281259 0.503348 0.263402 0.467635 0.263402 0.534597 0.276795 0.449779 0.276795 0.570310 0.375005 0.427458 0.375005 0.601558 0.477679 0.391745 0.473215 0.512276 0.459823 0.405138 0.531249 0.552453 0.624995 0.449779 0.624995 0.552453 0.825880 0.445315 0.834808 0.543525 0.870521 0.454243 1.000000 0.062833 0.020027 0.022698 0.035117 0.656875 0.183210 0.002842 0.006770
0.487071 0.275895 0.504310 0.262966 0.474142 0.262966 0.538787 0.271586 0.456903 0.271586 0.573265 0.375019 0.431045 0.375019 0.603433 0.487071 0.409496 0.491381 0.487071 0.474142 0.418116 0.568955 0.547407 0.624981 0.448284 0.624981 0.543097 0.823228 0.448284 0.831847 0.530168 0.793060 0.474142 1.000000 0.864200 0.045167 0.025893 0.021918 0.618937 0.093509 0.005488 0.006919
0.489132 0.268513 0.510868 0.255472 0.476091 0.251125 0.541298 0.268513 0.458702 0.264166 0.576075 0.372845 0.428272 0.377192 0.615200 0.498913 0.406536 0.490219 0.519562 0.511955 0.406536 0.533691 0.549992 0.624981 0.445660 0.624981 0.532604 0.829298 0.441313 0.829298 0.567381 0.772785 0.480438 1.000000 0.851428 0.073965 0.005787 0.029072 0.552646 0.060475 0.005535 0.020254
0.488147 0.267250 0.505388 0.254319 0.475216 0.254319 0.535559 0.267250 0.457976 0.262940 0.574351 0.375005 0.427804 0.375005 0.621763 0.487069 0.406253 0.504310 0.561420 0.521551 0.427804 0.512931 0.548490 0.624995 0.449355 0.624995 0.531249 0.818954 0.445045 0.827574 0.565730 0.775852 0.488147 1.000000 0.813443 0.081174 0.004592 0.034144 0.462151 0.431450 0.002744 0.021448
0.484111 0.273313 0.501059 0.256365 0.467162 0.256365 0.534956 0.269076 0.454451 0.264839 0.573091 0.375004 0.424791 0.375004 0.623936 0.480933 0.395131 0.502119 0.585802 0.536016 0.407842 0.472459 0.547668 0.624996 0.454451 0.624996 0.509534 0.798718 0.445977 0.819904 0.573091 0.807192 0.496822 1.000000 0.526590 0.096783 0.036522 0.051421 0.335201 0.944086 0.002697 0.054951
0.483336 0.270865 0.504166 0.254201 0.470837 0.254201 0.533329 0.266699 0.454173 0.266699 0.574990 0.379183 0.420844 0.370851 0.629149 0.487502 0.387516 0.487502 0.599986 0.516664 0.416678 0.450007 0.549993 0.624983 0.454173 0.624983 0.504166 0.791626 0.454173 0.824955 0.570823 0.849951 0.504166 1.000000 0.356613 0.086627 0.053164 0.041509 0.397584 0.878169 0.005304 0.085424
0.488637 0.271702 0.505165 0.259306 0.476240 0.255174 0.538222 0.271702 0.455580 0.267570 0.575411 0.375004 0.422523 0.375004 0.641524 0.474174 0.381202 0.486571 0.608467 0.544420 0.426655 0.432854 0.550618 0.622930 0.451448 0.627062 0.509297 0.788213 0.463844 0.833666 0.558882 0.928704 0.509297 1.000000 0.185979 0.057237 0.046254 0.017293 0.327173 0.889371 0.002632 0.097055
0.489843 0.279588 0.510157 0.263336 0.477654 0.263336 0.538597 0.279588 0.461403 0.275525 0.579226 0.377097 0.428899 0.373035 0.640170 0.482733 0.388270 0.478670 0.615792 0.543676 0.428899 0.421789 0.542660 0.624934 0.449214 0.624934 0.518283 0.803701 0.465465 0.828079 0.534535 0.994657 0.506094 1.000000 0.070165 0.042727 0.003487 0.000218 0.287684 0.919443 0.010348 0.068550
0.490628 0.279236 0.507289 0.262574 0.473966 0.262574 0.540612 0.275070 0.457305 0.275070 0.578101 0.379204 0.428147 0.370874 0.644746 0.479173 0.390659 0.479173 0.619754 0.545819 0.432313 0.416693 0.544778 0.624961 0.448974 0.624961 0.528116 0.833229 0.469801 0.837395 0.528116 1.000000 0.507289 1.000000 0.025411 0.029116 0.017488 0.005074 0.301367 0.918908 0.007956 0.056518
0.493853 0.276669 0.514342 0.264376 0.477462 0.260278 0.543027 0.280767 0.461071 0.272572 0.579907 0.379115 0.424191 0.370919 0.641374 0.477462 0.391408 0.473364 0.624983 0.518440 0.432386 0.411897 0.547125 0.624983 0.448777 0.624983 0.522538 0.829874 0.477462 0.838069 0.514342 1.000000 0.514342 1.000000 0.025779 0.020240 0.004177 0.011885 0.298927 0.911415 0.005218 0.080609
0.492196 0.281490 0.511706 0.265882 0.480490 0.265882 0.542922 0.281490 0.464882 0.277588 0.578039 0.379039 0.433667 0.371235 0.636569 0.472686 0.398549 0.472686 0.624863 0.554628 0.437569 0.410255 0.542922 0.624863 0.445372 0.624863 0.527314 0.835569 0.472686 0.839471 0.503902 1.000000 0.527314 0.999452 0.014480 0.064444 0.021632 0.025614 0.222975 0.928267 0.014910 0.063831
0.489431 0.280931 0.508647 0.265558 0.477901 0.265558 0.539394 0.280931 0.458684 0.277088 0.577827 0.377014 0.431781 0.373171 0.627790 0.476940 0.401035 0.484627 0.620103 0.553806 0.439468 0.415447 0.543237 0.626829 0.447154 0.622986 0.524021 0.826682 0.458684 0.822838 0.504804 1.000000 0.493274 0.995787 0.000566 0.044489 0.013282 0.001226 0.179309 0.924264 0.012236 0.048857
0.489266 0.275562 0.508782 0.259949 0.473653 0.256045 0.540009 0.271659 0.458040 0.271659 0.582945 0.377047 0.426814 0.373144 0.637590 0.478532 0.395587 0.490242 0.614171 0.548791 0.442427 0.423886 0.547815 0.626856 0.442427 0.622953 0.520492 0.833730 0.438523 0.822020 0.493169 1.000000 0.512686 0.911795 0.002214 0.226017 0.002673 0.026109 0.259643 0.887299 0.012428 0.035559
0.489426 0.267370 0.508652 0.251989 0.474045 0.251989 0.539413 0.267370 0.462510 0.267370 0.577864 0.378878 0.427904 0.371188 0.631696 0.482697 0.400988 0.494232 0.608625 0.548064 0.435594 0.471162 0.547103 0.624967 0.447129 0.624967 0.520187 0.813378 0.439439 0.821068 0.493271 1.000000 0.500961 0.897971 0.003369 0.227253 0.005584 0.036545 0.260264 0.755717 0.007344 0.032691
0.480847 0.258072 0.501008 0.241944 0.468751 0.241944 0.537297 0.258072 0.452623 0.258072 0.573586 0.375004 0.424398 0.375004 0.626004 0.487904 0.388108 0.495968 0.605843 0.532257 0.424398 0.512096 0.549394 0.624996 0.452623 0.624996 0.517137 0.826602 0.436494 0.834666 0.501008 1.000000 0.505040 0.911277 0.026064 0.256772 0.019793 0.060224 0.274160 0.459649 0.002568 0.026064
0.480471 0.265654 0.500000 0.250031 0.464848 0.250031 0.535152 0.261748 0.457036 0.265654 0.574210 0.375015 0.429696 0.375015 0.613267 0.503906 0.394544 0.496094 0.542964 0.503906 0.421885 0.550775 0.546869 0.624985 0.449225 0.624985 0.527340 0.824179 0.441413 0.824179 0.507812 1.000000 0.519529 0.910106 0.000000 0.247330 0.003570 0.037294 0.593658 0.237524 0.004973 0.018631
0.475962 0.263469 0.495192 0.248084 0.464424 0.248084 0.529807 0.259623 0.452886 0.263469 0.575959 0.375004 0.425964 0.375004 0.606728 0.498077 0.391349 0.490385 0.575959 0.490385 0.402887 0.548075 0.549037 0.624996 0.449040 0.624996 0.525961 0.813452 0.425964 0.805760 0.518269 1.000000 0.491346 0.886527 0.026547 0.257033 0.004638 0.069716 0.655958 0.155607 0.002448 0.001639
0.476680 0.272394 0.495336 0.257469 0.465486 0.257469 0.532648 0.264932 0.454292 0.268663 0.569961 0.376869 0.431905 0.373138 0.584886 0.500000 0.398324 0.488806 0.502798 0.444031 0.390861 0.559700 0.547573 0.626862 0.450561 0.623131 0.532648 0.828349 0.424442 0.794768 0.532648 1.000000 0.465486 0.917899 0.023535 0.150486 0.004894 0.071780 0.728878 0.056557 0.002378 0.024534
0.477446 0.266004 0.496241 0.250968 0.462410 0.250968 0.530072 0.262245 0.451133 0.269763 0.571420 0.375014 0.432338 0.375014 0.578938 0.502819 0.406026 0.491542 0.503759 0.435158 0.390990 0.574240 0.548867 0.626865 0.447374 0.623106 0.541349 0.837368 0.428580 0.803537 0.548867 1.000000 0.454892 0.968932 0.022933 0.083257 0.017066 0.052306 0.751965 0.013441 0.004785 0.021674
