0.436323 0.300065 0.447116 0.281718 0.433085 0.284956 0.490287 0.276321 0.473018 0.288193 0.531299 0.364821 0.460067 0.385328 0.637067 0.451163 0.396390 0.488937 0.539933 0.496492 0.366171 0.402596 0.497841 0.622767 0.510793 0.627084 0.325158 0.751200 0.590659 0.811639 0.381280 0.946548 0.735281 0.956261 0.385494 0.119997 0.255386 0.064169 0.643097 0.717421 0.010995 0.426447
0.435357 0.298403 0.446314 0.280872 0.432070 0.284159 0.490139 0.275394 0.470418 0.288542 0.533965 0.364141 0.456174 0.386054 0.634763 0.447409 0.386054 0.490139 0.543826 0.497809 0.363045 0.399201 0.500000 0.621616 0.509861 0.628190 0.341132 0.781579 0.588747 0.821022 0.321411 0.996324 0.755284 0.921821 0.219755 0.203144 0.207157 0.054154 0.619135 0.732411 0.012558 0.372512
0.437395 0.299717 0.448006 0.283800 0.434212 0.285923 0.490450 0.279556 0.470289 0.289106 0.531833 0.361261 0.460739 0.388849 0.623088 0.450393 0.403440 0.494960 0.532894 0.492838 0.368423 0.421744 0.501061 0.621231 0.506367 0.628659 0.369484 0.793130 0.566849 0.822840 0.329162 1.000000 0.750420 0.843001 0.147597 0.369067 0.170450 0.036266 0.613738 0.700394 0.009458 0.304067
0.439864 0.299370 0.450368 0.282564 0.436712 0.285715 0.492384 0.278362 0.477679 0.288866 0.522847 0.365547 0.477679 0.384454 0.601628 0.469538 0.437763 0.507353 0.504990 0.488445 0.368435 0.442227 0.495536 0.621848 0.503939 0.628151 0.396796 0.801470 0.533351 0.820377 0.373687 1.000000 0.703518 0.793067 0.123674 0.502326 0.126198 0.014160 0.644869 0.640094 0.000665 0.208317
0.433017 0.293403 0.442702 0.276187 0.430865 0.279415 0.486819 0.272959 0.482515 0.282643 0.510491 0.376257 0.502959 0.374105 0.554608 0.483860 0.463146 0.510760 0.448082 0.482784 0.381368 0.497848 0.479287 0.624819 0.507263 0.624819 0.403965 0.815275 0.483591 0.819580 0.434093 0.994972 0.632082 0.793755 0.172754 0.593311 0.080124 0.043965 0.627069 0.459610 0.017134 0.081376
0.422994 0.296660 0.432859 0.279121 0.421898 0.281314 0.476706 0.274737 0.472322 0.284602 0.492053 0.378873 0.513976 0.371200 0.484380 0.504933 0.512880 0.514798 0.392301 0.478625 0.417513 0.548780 0.490957 0.624416 0.503014 0.625512 0.441629 0.826111 0.425186 0.819534 0.555631 0.878728 0.526034 0.994922 0.438709 0.287534 0.074928 0.107717 0.569234 0.388614 0.007677 0.045080
0.426771 0.289189 0.437866 0.272545 0.425661 0.274765 0.481138 0.271436 0.476700 0.280312 0.495562 0.376842 0.517753 0.373513 0.450071 0.517753 0.573229 0.496671 0.363527 0.446742 0.490014 0.543272 0.504438 0.624268 0.482247 0.625377 0.504438 0.822874 0.371294 0.787369 0.632035 1.000000 0.558805 0.861708 0.186742 0.571015 0.011414 0.146580 0.619319 0.472224 0.016961 0.191158
0.427468 0.300127 0.436193 0.282675 0.426377 0.284857 0.479822 0.279403 0.484185 0.288129 0.478731 0.368842 0.540902 0.381930 0.402381 0.495364 0.595437 0.488820 0.346755 0.412470 0.501636 0.557535 0.499455 0.625159 0.480913 0.624069 0.548537 0.821488 0.338029 0.758226 0.682694 0.996002 0.442738 0.890203 0.130639 0.473512 0.052299 0.182718 0.639042 0.448922 0.025023 0.338001
0.434901 0.303886 0.444707 0.287543 0.433812 0.288633 0.487198 0.284275 0.492646 0.290812 0.480661 0.376884 0.535137 0.373616 0.385873 0.482568 0.548211 0.462956 0.355366 0.400854 0.408753 0.438987 0.503541 0.626384 0.480661 0.623116 0.566733 0.827946 0.343381 0.770201 0.729072 0.959778 0.395678 0.963046 0.186187 0.323322 0.067596 0.170602 0.653548 0.600434 0.020128 0.335733
0.432615 0.302756 0.442437 0.286388 0.432615 0.288570 0.486087 0.284205 0.495908 0.291844 0.475174 0.373688 0.542832 0.376961 0.378053 0.478448 0.627949 0.459897 0.349680 0.406425 0.549379 0.531919 0.501364 0.624675 0.480630 0.624675 0.572295 0.835287 0.355136 0.787272 0.754534 0.895306 0.333311 0.996792 0.295324 0.176192 0.070310 0.130921 0.642586 0.517964 0.022945 0.312635
0.432850 0.299642 0.442677 0.284356 0.432850 0.285448 0.486352 0.279988 0.496178 0.287631 0.477617 0.376073 0.545313 0.374981 0.392451 0.489627 0.609733 0.460147 0.349868 0.417564 0.520200 0.523475 0.495087 0.623927 0.481984 0.625019 0.561691 0.836842 0.374981 0.797534 0.749492 0.833566 0.332398 1.000000 0.409047 0.114814 0.074105 0.097759 0.625283 0.510177 0.029235 0.273223
0.436629 0.291381 0.445602 0.274557 0.435508 0.276800 0.490466 0.271192 0.501682 0.283530 0.483737 0.373258 0.548790 0.378866 0.428778 0.508973 0.598141 0.480933 0.363725 0.439433 0.482615 0.513459 0.490466 0.622255 0.477007 0.625620 0.530844 0.844333 0.386157 0.811807 0.708058 0.799469 0.373819 1.000000 0.521677 0.127437 0.048648 0.054389 0.638129 0.555999 0.041532 0.201750
0.441329 0.287640 0.452777 0.270468 0.440184 0.272757 0.498569 0.269323 0.495135 0.277336 0.512307 0.384948 0.515741 0.366631 0.480252 0.525758 0.499714 0.486835 0.387523 0.474242 0.421867 0.493704 0.498569 0.625356 0.473383 0.623066 0.495135 0.846302 0.403551 0.823406 0.654262 0.801655 0.437895 1.000000 0.592019 0.155847 0.013222 0.054654 0.590168 0.429794 0.035787 0.101814
0.432081 0.288267 0.443080 0.272868 0.432081 0.273968 0.487076 0.271768 0.484876 0.278368 0.501375 0.381760 0.511274 0.368561 0.490376 0.517049 0.485976 0.490651 0.397983 0.492851 0.403483 0.482951 0.490376 0.624840 0.496975 0.624840 0.436480 0.819524 0.461778 0.830523 0.587168 0.810725 0.525573 1.000000 0.604533 0.157473 0.071573 0.036206 0.555713 0.464587 0.016112 0.032019
0.430515 0.289347 0.441501 0.271770 0.430515 0.275066 0.484345 0.272869 0.484345 0.280559 0.500824 0.378332 0.505218 0.371741 0.542570 0.498077 0.446993 0.488190 0.455782 0.498077 0.358009 0.443148 0.482148 0.622217 0.511810 0.627710 0.371192 0.793596 0.493134 0.821060 0.572232 0.926524 0.612879 0.991340 0.496932 0.225739 0.158564 0.038846 0.606777 0.501568 0.007694 0.152241
0.434862 0.290260 0.446754 0.275124 0.433780 0.276205 0.491081 0.277286 0.483513 0.282692 0.520271 0.372426 0.491081 0.377832 0.590545 0.480540 0.418645 0.491351 0.494324 0.502162 0.360263 0.422158 0.479188 0.624331 0.509460 0.625412 0.333235 0.764878 0.545137 0.812448 0.454322 0.891371 0.673792 0.971375 0.499056 0.156619 0.204545 0.036411 0.613104 0.596124 0.014459 0.316002
0.443586 0.289278 0.455754 0.273792 0.441374 0.274898 0.500000 0.273792 0.483408 0.280429 0.526548 0.366709 0.471240 0.383301 0.615040 0.462944 0.399340 0.482855 0.517698 0.496128 0.367262 0.403212 0.486726 0.623336 0.515486 0.626654 0.337396 0.772666 0.580749 0.816912 0.408189 0.964031 0.730079 0.950757 0.362786 0.162206 0.200998 0.047935 0.632084 0.679021 0.002817 0.355184
0.440486 0.287733 0.452956 0.270729 0.438219 0.272997 0.499433 0.269596 0.477895 0.277531 0.532308 0.368219 0.463158 0.381822 0.622996 0.462308 0.388340 0.480445 0.526640 0.494049 0.361134 0.406761 0.490364 0.622145 0.514170 0.627813 0.354332 0.792185 0.574251 0.821659 0.335061 1.000000 0.735222 0.902145 0.187514 0.256748 0.162669 0.030582 0.642851 0.680831 0.005774 0.310445
0.445226 0.289050 0.458709 0.272196 0.442979 0.273320 0.502528 0.271073 0.478933 0.278938 0.530617 0.367700 0.467697 0.382306 0.611514 0.464327 0.411519 0.485674 0.512640 0.490169 0.363205 0.421631 0.496910 0.621626 0.504775 0.628368 0.381182 0.793533 0.560954 0.826116 0.329498 1.000000 0.738478 0.826116 0.116643 0.411892 0.146595 0.040501 0.640494 0.635814 0.002145 0.276711
0.441880 0.292587 0.451796 0.277161 0.440778 0.278263 0.494766 0.274958 0.492563 0.283772 0.514599 0.373018 0.500275 0.377425 0.570790 0.477689 0.441880 0.496419 0.462814 0.489808 0.365856 0.461162 0.478240 0.622024 0.506886 0.627533 0.379078 0.778479 0.525617 0.829162 0.362551 0.993330 0.706312 0.808228 0.155377 0.507229 0.133662 0.021074 0.621247 0.493007 0.018950 0.209300
0.438343 0.294387 0.448253 0.278972 0.439444 0.280073 0.488990 0.277871 0.500000 0.284477 0.496697 0.379164 0.520919 0.371457 0.507707 0.490366 0.475778 0.501376 0.416323 0.478255 0.389899 0.499174 0.465869 0.623588 0.516515 0.625790 0.392101 0.812962 0.479081 0.816265 0.430636 0.993527 0.634323 0.790942 0.185165 0.613240 0.078301 0.056259 0.573355 0.401715 0.022448 0.056466
0.433698 0.289623 0.442650 0.273956 0.434817 0.276195 0.486292 0.273956 0.494125 0.281790 0.491887 0.379145 0.523220 0.371312 0.467268 0.505595 0.500839 0.517904 0.372151 0.468667 0.419150 0.543642 0.479578 0.624212 0.505315 0.625331 0.415793 0.809971 0.435936 0.815566 0.540005 0.922992 0.541124 0.953206 0.370287 0.319029 0.089309 0.088919 0.556671 0.354620 0.019247 0.006034
0.439390 0.288851 0.449538 0.273064 0.440517 0.274192 0.492388 0.275319 0.492388 0.283213 0.485623 0.373423 0.525090 0.376806 0.420220 0.503101 0.527345 0.508739 0.350307 0.434315 0.383008 0.472655 0.491261 0.624885 0.498027 0.624885 0.491261 0.823348 0.395412 0.785009 0.606279 1.000000 0.564557 0.906793 0.175383 0.482776 0.007135 0.146821 0.598723 0.583420 0.013644 0.181409
0.440953 0.288703 0.451373 0.273652 0.440953 0.273652 0.494211 0.274809 0.501158 0.282914 0.473371 0.370906 0.549785 0.380168 0.378432 0.492474 0.603043 0.484370 0.341382 0.411429 0.515051 0.564257 0.495369 0.623305 0.481475 0.625620 0.540523 0.827076 0.350645 0.777291 0.671353 1.000000 0.473371 0.900017 0.130132 0.476561 0.041740 0.140161 0.652470 0.415755 0.029525 0.295974
0.445054 0.288893 0.455465 0.273855 0.443898 0.275012 0.497108 0.275012 0.508676 0.283109 0.473973 0.371022 0.551475 0.380276 0.362925 0.471660 0.624351 0.467033 0.350201 0.395314 0.558416 0.544535 0.495951 0.625507 0.478600 0.623194 0.557259 0.834879 0.347887 0.785139 0.720361 0.972533 0.424233 0.980630 0.186198 0.334671 0.063250 0.123385 0.681790 0.446776 0.032458 0.306830
0.446427 0.294490 0.458137 0.279267 0.446427 0.278096 0.501464 0.278096 0.506148 0.285122 0.473360 0.372947 0.543620 0.377631 0.365628 0.479508 0.623248 0.475995 0.350405 0.396367 0.555330 0.545083 0.495609 0.623540 0.487412 0.625882 0.561185 0.847201 0.374996 0.803874 0.747373 0.931513 0.369141 1.000000 0.273871 0.170935 0.062595 0.108434 0.690617 0.463896 0.021636 0.270091
0.442559 0.286939 0.454281 0.270528 0.442559 0.270528 0.497655 0.270528 0.504689 0.277561 0.471865 0.367826 0.549235 0.383066 0.376911 0.482709 0.603160 0.481537 0.346432 0.414717 0.522273 0.531944 0.487105 0.622209 0.491794 0.626899 0.535168 0.844941 0.390979 0.812118 0.729765 0.871903 0.365189 1.000000 0.388525 0.122536 0.048604 0.085021 0.645998 0.482085 0.026898 0.226315
0.445007 0.283518 0.456645 0.268387 0.446170 0.268387 0.499709 0.269551 0.507856 0.276534 0.479923 0.369645 0.541609 0.381284 0.411254 0.490689 0.575361 0.498836 0.361207 0.432495 0.474104 0.519786 0.491562 0.623372 0.486906 0.625699 0.497381 0.844509 0.404271 0.815412 0.673128 0.823560 0.411254 1.000000 0.529391 0.140654 0.006217 0.060676 0.609655 0.524061 0.027449 0.139136
0.439235 0.291015 0.449457 0.275114 0.439235 0.276250 0.492617 0.273978 0.492617 0.279657 0.489210 0.384150 0.518741 0.365977 0.465358 0.513629 0.499432 0.498864 0.376767 0.472741 0.409705 0.490914 0.491482 0.624937 0.500568 0.624937 0.434692 0.828243 0.439235 0.830515 0.611875 0.806663 0.473309 1.000000 0.625282 0.147256 0.089706 0.069988 0.579654 0.482202 0.010124 0.005586
0.426643 0.290369 0.437929 0.274569 0.426643 0.275698 0.479686 0.276826 0.481943 0.277955 0.481943 0.386297 0.514671 0.363726 0.480814 0.516082 0.490971 0.474325 0.381501 0.488997 0.401815 0.484482 0.480814 0.624424 0.522571 0.625553 0.384886 0.799352 0.463886 0.815152 0.525957 0.939294 0.538371 1.000000 0.410944 0.214702 0.158157 0.105149 0.581983 0.396699 0.004310 0.064118
0.425563 0.294106 0.436799 0.277252 0.425563 0.278376 0.479495 0.278376 0.481742 0.285117 0.476124 0.387362 0.525561 0.362644 0.503090 0.496348 0.550280 0.398598 0.472753 0.469383 0.476124 0.346914 0.470506 0.623312 0.527808 0.626683 0.350284 0.770499 0.512078 0.810948 0.500843 0.868250 0.616570 0.986225 0.534711 0.198226 0.210432 0.029816 0.808504 0.885466 0.002145 0.190903
0.429801 0.287969 0.442408 0.271924 0.430947 0.274216 0.485960 0.274216 0.483668 0.282239 0.504298 0.370489 0.487106 0.379658 0.592548 0.462178 0.400002 0.483954 0.502006 0.501146 0.353011 0.404873 0.481376 0.622634 0.527220 0.627218 0.328943 0.752144 0.567334 0.818619 0.450431 0.902285 0.685383 0.976782 0.492369 0.138334 0.246964 0.014627 0.614551 0.607854 0.010947 0.341582
0.440668 0.290885 0.452302 0.274598 0.440668 0.276924 0.495347 0.276924 0.486040 0.282741 0.511634 0.367667 0.473243 0.382791 0.617500 0.451429 0.401114 0.482840 0.531411 0.496801 0.365049 0.393261 0.486040 0.622444 0.529084 0.627098 0.339455 0.767865 0.581436 0.823707 0.388317 0.965637 0.721040 0.959821 0.328366 0.171194 0.219399 0.011307 0.632546 0.679341 0.019268 0.334103
0.438189 0.288075 0.448785 0.270415 0.437011 0.272769 0.493525 0.271592 0.479396 0.279834 0.519426 0.368136 0.466445 0.382264 0.610083 0.455260 0.400513 0.483517 0.518249 0.492936 0.360483 0.402279 0.491170 0.621268 0.522959 0.628332 0.359305 0.788453 0.571230 0.826129 0.349887 1.000000 0.732529 0.920318 0.198671 0.255571 0.177192 0.004334 0.632400 0.670541 0.017998 0.288771
0.438232 0.289413 0.453171 0.275623 0.435933 0.275623 0.495691 0.284816 0.465812 0.284816 0.512928 0.366408 0.481900 0.383646 0.594520 0.464088 0.431337 0.505459 0.491094 0.490519 0.373878 0.408928 0.496840 0.620377 0.508332 0.629570 0.385369 0.797350 0.531315 0.831826 0.350894 0.995009 0.703692 0.843317 0.123954 0.442794 0.158782 0.001939 0.641869 0.703857 0.006584 0.214937
0.429653 0.295404 0.439742 0.280830 0.429653 0.283072 0.478980 0.281951 0.486827 0.285314 0.492433 0.373879 0.507007 0.376121 0.530549 0.483744 0.468890 0.508408 0.429653 0.483744 0.378083 0.502803 0.474496 0.621636 0.526065 0.628363 0.398263 0.808856 0.490191 0.814461 0.399384 1.000000 0.555213 0.929932 0.124874 0.223863 0.100081 0.084622 0.606298 0.430326 0.000716 0.062468
0.429092 0.296525 0.438061 0.281951 0.427971 0.284193 0.478419 0.279709 0.487388 0.286436 0.490751 0.376121 0.509809 0.373879 0.487388 0.501682 0.490751 0.508408 0.406671 0.480381 0.412276 0.515135 0.481783 0.623879 0.517657 0.626121 0.423487 0.813340 0.449271 0.796524 0.471693 0.984864 0.543442 0.887331 0.182225 0.377267 0.083498 0.131380 0.573602 0.427987 0.000716 0.026465
0.428526 0.288484 0.440148 0.272214 0.428526 0.274538 0.483148 0.273376 0.484311 0.281511 0.478500 0.373323 0.513365 0.376809 0.447121 0.511622 0.563339 0.493027 0.369255 0.455837 0.499419 0.533703 0.500581 0.625515 0.507554 0.624353 0.458743 0.823085 0.406445 0.782408 0.557528 1.000000 0.548230 0.935816 0.226961 0.418626 0.094225 0.173681 0.626861 0.448869 0.010360 0.114726
0.427660 0.295036 0.438246 0.278569 0.426484 0.279745 0.479415 0.278569 0.484120 0.285626 0.466477 0.371493 0.528818 0.378551 0.394725 0.502058 0.587632 0.476181 0.344145 0.426778 0.515880 0.563224 0.504117 0.625566 0.500588 0.624390 0.513527 0.827883 0.357084 0.757307 0.634682 0.996089 0.511174 0.824354 0.183897 0.631548 0.032022 0.225792 0.651738 0.392026 0.005991 0.276979
0.426765 0.302059 0.436177 0.286765 0.425588 0.287942 0.477353 0.280883 0.482059 0.289118 0.460882 0.375000 0.538529 0.375000 0.369118 0.484412 0.612647 0.456177 0.332648 0.409118 0.564412 0.549118 0.502059 0.626764 0.498529 0.623235 0.560882 0.831470 0.340883 0.739705 0.665588 0.990293 0.430294 0.878528 0.096461 0.479595 0.037465 0.246605 0.634271 0.387923 0.000753 0.386528
0.431879 0.308076 0.440172 0.291490 0.430694 0.293860 0.480452 0.286751 0.488745 0.296229 0.465051 0.374420 0.538503 0.375605 0.360796 0.479860 0.622618 0.453796 0.338286 0.391006 0.572860 0.541465 0.504147 0.625580 0.492299 0.624395 0.570490 0.837644 0.351318 0.765376 0.705548 0.966777 0.380936 0.967962 0.160623 0.296209 0.047359 0.191551 0.672821 0.425933 0.004526 0.346512
0.435567 0.307001 0.443920 0.290296 0.434374 0.291489 0.484488 0.285523 0.491648 0.295069 0.468977 0.372626 0.534603 0.377399 0.368749 0.478821 0.624092 0.463309 0.343691 0.389331 0.558467 0.548026 0.502386 0.623197 0.494034 0.626777 0.565626 0.836779 0.375908 0.797404 0.707616 0.917917 0.353237 1.000000 0.243120 0.157932 0.049438 0.141418 0.672296 0.466290 0.004558 0.284381
0.428396 0.301736 0.438024 0.283685 0.427193 0.286092 0.480144 0.277668 0.486161 0.286092 0.475330 0.372738 0.536704 0.377552 0.387480 0.489470 0.594469 0.490673 0.346564 0.412451 0.515043 0.542421 0.496991 0.623050 0.490974 0.626660 0.531891 0.832446 0.389887 0.808377 0.690742 0.878175 0.364615 1.000000 0.358209 0.123578 0.025091 0.103803 0.639201 0.466476 0.015329 0.214162
0.436826 0.305412 0.451130 0.289917 0.435634 0.289917 0.494040 0.299453 0.477353 0.299453 0.485696 0.372162 0.526223 0.378122 0.430866 0.504470 0.497616 0.506854 0.368884 0.460367 0.393916 0.472287 0.492848 0.626050 0.495232 0.623666 0.489272 0.839411 0.422523 0.827491 0.665682 0.839411 0.427290 1.000000 0.505334 0.117076 0.014298 0.069106 0.571797 0.532812 0.015182 0.103736
0.421692 0.303492 0.429966 0.286944 0.420510 0.289308 0.471336 0.281034 0.484338 0.288126 0.486702 0.379140 0.515071 0.370866 0.473700 0.513889 0.479610 0.498522 0.380322 0.481974 0.388596 0.480792 0.486702 0.626179 0.511525 0.623815 0.431148 0.816481 0.444150 0.811753 0.490248 1.000000 0.493794 0.998510 0.187391 0.192270 0.090410 0.105106 0.574208 0.474996 0.002259 0.019158
0.414282 0.290022 0.424149 0.273989 0.411815 0.276455 0.467316 0.270288 0.471016 0.277689 0.482116 0.378823 0.506783 0.371423 0.495683 0.500925 0.489517 0.497225 0.374815 0.471325 0.369882 0.466391 0.485816 0.624260 0.525284 0.625493 0.374815 0.793229 0.495683 0.828996 0.521584 0.838863 0.562284 1.000000 0.589059 0.150805 0.189811 0.069114 0.611672 0.536873 0.014138 0.139035
0.418604 0.283974 0.433459 0.267881 0.414890 0.269119 0.475550 0.276547 0.449553 0.281498 0.504023 0.368156 0.471836 0.383012 0.574588 0.473384 0.413652 0.499381 0.474312 0.499381 0.348039 0.432531 0.502785 0.618226 0.521355 0.630606 0.356705 0.755641 0.538687 0.831157 0.492882 0.857154 0.640200 1.000000 0.555822 0.135451 0.258151 0.035393 0.607283 0.605391 0.030784 0.287167
0.428237 0.296059 0.438051 0.278885 0.425784 0.281339 0.479759 0.273979 0.473626 0.283792 0.520241 0.368435 0.466265 0.381929 0.614697 0.459212 0.396343 0.482519 0.525148 0.505827 0.350955 0.399103 0.492026 0.622364 0.521467 0.627271 0.327647 0.754849 0.581576 0.827225 0.433144 0.915548 0.687073 0.987924 0.468981 0.091961 0.248845 0.022507 0.603550 0.648026 0.017189 0.377021
0.431682 0.300300 0.440337 0.281753 0.427972 0.285462 0.482379 0.276806 0.468778 0.285462 0.528131 0.365837 0.461358 0.384384 0.629526 0.448684 0.388403 0.485780 0.544206 0.494436 0.355017 0.395513 0.491035 0.620562 0.519475 0.629217 0.348834 0.770182 0.585011 0.827062 0.373565 0.982865 0.692589 0.932167 0.278756 0.151882 0.195877 0.027634 0.625261 0.688705 0.013386 0.343728
0.432585 0.297445 0.442526 0.280047 0.428857 0.283775 0.484777 0.275077 0.467380 0.285018 0.525785 0.365792 0.463652 0.384432 0.620228 0.452779 0.397790 0.496272 0.529513 0.493787 0.355540 0.413013 0.495961 0.621782 0.514601 0.627995 0.367966 0.794513 0.565551 0.833036 0.344356 1.000000 0.687333 0.898897 0.168173 0.264668 0.166075 0.011887 0.627932 0.681114 0.013453 0.280518
