0.427117 0.293896 0.439065 0.279558 0.429506 0.281948 0.479688 0.284338 0.498805 0.291506 0.451013 0.375143 0.537039 0.375143 0.376935 0.494623 0.611117 0.473117 0.338701 0.422935 0.527481 0.523299 0.510753 0.626052 0.501195 0.623662 0.541818 0.817221 0.386494 0.752701 0.663688 0.986883 0.503584 0.879351 0.147001 0.468821 0.023126 0.185702 0.667381 0.534050 0.015219 0.282575
0.429769 0.294279 0.442199 0.279363 0.432255 0.279363 0.479490 0.281849 0.496892 0.289307 0.444685 0.371347 0.546614 0.378805 0.360159 0.498135 0.633625 0.468303 0.342757 0.403665 0.564016 0.527968 0.511809 0.624924 0.496892 0.624924 0.576446 0.836239 0.375076 0.779060 0.708207 1.000000 0.459602 0.955570 0.116252 0.355048 0.012119 0.149439 0.754847 0.519954 0.011081 0.307378
0.431832 0.295496 0.441931 0.280348 0.431832 0.280348 0.482327 0.282873 0.502525 0.292972 0.441931 0.368714 0.553019 0.381337 0.358615 0.497475 0.643910 0.469703 0.340942 0.406585 0.565643 0.525247 0.507574 0.623712 0.497475 0.626237 0.590891 0.835790 0.381337 0.797919 0.747424 0.989799 0.399011 1.000000 0.133434 0.215782 0.038954 0.118325 0.756062 0.558025 0.006430 0.308472
0.434652 0.288730 0.444803 0.273503 0.437190 0.276041 0.482870 0.281117 0.510786 0.291268 0.442266 0.367401 0.553928 0.382628 0.363595 0.499366 0.640212 0.473988 0.340755 0.415619 0.561541 0.524743 0.503172 0.623717 0.500634 0.626254 0.584381 0.836890 0.404199 0.808974 0.767101 0.948552 0.368670 1.000000 0.209533 0.103211 0.041597 0.086028 0.744130 0.558527 0.004847 0.270436
0.432790 0.290832 0.445352 0.275757 0.435302 0.278269 0.483040 0.280782 0.505653 0.288319 0.447865 0.368720 0.550879 0.381283 0.382539 0.504397 0.623742 0.489322 0.347364 0.441584 0.535804 0.524497 0.500628 0.622486 0.500628 0.627511 0.563441 0.836051 0.417715 0.808413 0.751881 0.903889 0.390077 1.000000 0.298953 0.098085 0.025800 0.072716 0.694673 0.567750 0.001601 0.227851
0.433788 0.287131 0.443689 0.274755 0.438738 0.274755 0.475867 0.282181 0.508044 0.287131 0.456065 0.368813 0.542697 0.381190 0.404085 0.504950 0.592202 0.500000 0.352106 0.477723 0.493193 0.512376 0.498144 0.623761 0.503094 0.626236 0.522896 0.836630 0.433788 0.806927 0.691211 0.849006 0.436263 1.000000 0.439790 0.120241 0.015220 0.065580 0.537490 0.586083 0.001575 0.153430
0.430472 0.278380 0.442888 0.265964 0.437921 0.265964 0.477652 0.280863 0.502483 0.283346 0.460270 0.370256 0.524831 0.380188 0.447854 0.489447 0.554629 0.511795 0.373360 0.519244 0.452820 0.511795 0.504966 0.623536 0.509933 0.626019 0.475169 0.827154 0.442888 0.819704 0.648988 0.832120 0.485101 1.000000 0.537162 0.172724 0.101854 0.086807 0.345843 0.570875 0.018981 0.059821
0.425327 0.283386 0.440138 0.268574 0.430264 0.268574 0.477166 0.283386 0.482103 0.288323 0.467292 0.372253 0.501851 0.379659 0.484572 0.485806 0.494446 0.495680 0.405578 0.547519 0.408047 0.473463 0.501851 0.626513 0.529005 0.621576 0.410515 0.828933 0.484572 0.831402 0.590719 0.853619 0.536411 1.000000 0.591587 0.154443 0.177923 0.102005 0.336966 0.559825 0.039389 0.068496
0.422844 0.296426 0.432340 0.279807 0.422844 0.279807 0.472698 0.286929 0.475073 0.291678 0.472698 0.372395 0.496439 0.379517 0.515431 0.476853 0.453706 0.507716 0.439462 0.545700 0.384859 0.460235 0.484569 0.624044 0.546294 0.624044 0.368241 0.790227 0.517805 0.821090 0.510683 0.878067 0.617515 0.987273 0.518507 0.217725 0.209404 0.109725 0.389248 0.589763 0.039396 0.148696
0.429012 0.294856 0.441044 0.280418 0.429012 0.278012 0.479546 0.287637 0.484359 0.290043 0.496390 0.371860 0.481952 0.379079 0.573395 0.451271 0.450669 0.501805 0.506016 0.528275 0.378478 0.446458 0.493984 0.624530 0.527673 0.624530 0.364040 0.776132 0.532486 0.809821 0.467514 0.949391 0.662431 0.963829 0.396933 0.214823 0.222531 0.050355 0.473914 0.628755 0.027610 0.233829
0.425463 0.286410 0.437990 0.271377 0.425463 0.273883 0.478077 0.278894 0.473066 0.286410 0.503132 0.364079 0.478077 0.386628 0.590823 0.436737 0.432979 0.506890 0.523175 0.521923 0.365332 0.431726 0.485594 0.622141 0.533197 0.627152 0.362826 0.792512 0.588317 0.817566 0.402914 1.000000 0.713590 0.970399 0.257980 0.128868 0.177156 0.017983 0.493386 0.652537 0.023948 0.288447
0.430124 0.283449 0.440197 0.268341 0.430124 0.270859 0.477967 0.273377 0.475449 0.283449 0.508184 0.364026 0.472931 0.386688 0.598833 0.434531 0.432643 0.507554 0.523292 0.520144 0.362137 0.429495 0.488039 0.623384 0.530846 0.625902 0.374728 0.807201 0.586243 0.819791 0.364655 1.000000 0.749915 0.940656 0.161703 0.208945 0.151167 0.012976 0.519715 0.663755 0.024068 0.264426
0.429325 0.281666 0.439422 0.263997 0.429325 0.266521 0.479807 0.269045 0.484855 0.279142 0.502524 0.370009 0.489904 0.380106 0.573199 0.455828 0.444470 0.503786 0.507572 0.523979 0.361175 0.445732 0.482331 0.624943 0.525241 0.624943 0.388940 0.821822 0.563102 0.824346 0.361175 1.000000 0.742313 0.887448 0.100954 0.332507 0.115827 0.014101 0.463286 0.581693 0.009642 0.200715
0.434758 0.295040 0.447067 0.280268 0.432296 0.282730 0.483997 0.285192 0.476611 0.292578 0.496307 0.373824 0.496307 0.376286 0.538161 0.484613 0.451991 0.487075 0.424910 0.501846 0.373208 0.469841 0.483997 0.624945 0.523389 0.624945 0.412600 0.824366 0.538161 0.829290 0.407676 1.000000 0.708037 0.834214 0.101949 0.467806 0.093846 0.011560 0.566905 0.447432 0.009406 0.132407
0.434320 0.300635 0.445945 0.286686 0.434320 0.289011 0.483144 0.291335 0.480819 0.300635 0.485469 0.379684 0.508719 0.370384 0.490119 0.486632 0.571492 0.356434 0.406421 0.509881 0.536618 0.275061 0.483144 0.626129 0.522668 0.623804 0.427345 0.812125 0.508719 0.802825 0.464544 0.991146 0.657516 0.791200 0.157988 0.549571 0.089771 0.042257 0.427586 0.559277 0.007401 0.068020
0.422548 0.288659 0.434556 0.274250 0.424950 0.276651 0.472982 0.279053 0.484990 0.283856 0.475384 0.377518 0.513809 0.372715 0.456171 0.509606 0.518612 0.507205 0.372115 0.490394 0.412942 0.504803 0.494596 0.624883 0.516211 0.624883 0.444163 0.817011 0.444163 0.800200 0.540227 0.973115 0.600267 0.826617 0.257310 0.570752 0.106386 0.127146 0.525551 0.518596 0.013765 0.042402
0.427025 0.293335 0.436366 0.279324 0.427025 0.281659 0.476064 0.283994 0.485405 0.288664 0.462053 0.382072 0.529774 0.368061 0.396667 0.510508 0.595159 0.363391 0.349963 0.442788 0.543785 0.276988 0.513427 0.627268 0.494746 0.622598 0.490075 0.821090 0.399003 0.769716 0.595159 0.984554 0.553126 0.818755 0.220029 0.585587 0.103909 0.140113 0.657930 0.648055 0.010408 0.145477
0.425435 0.292673 0.437560 0.280549 0.427860 0.280549 0.478782 0.285399 0.498181 0.290249 0.454534 0.375119 0.534554 0.375119 0.367238 0.501212 0.617000 0.474539 0.340565 0.411492 0.541829 0.520611 0.512731 0.624881 0.498181 0.624881 0.541829 0.828570 0.379363 0.763099 0.663073 0.998311 0.503031 0.898891 0.152264 0.461159 0.027702 0.179990 0.715265 0.545353 0.013898 0.271189
0.432255 0.290550 0.444685 0.278120 0.437227 0.278120 0.484462 0.288064 0.506837 0.293036 0.447171 0.372590 0.544127 0.377562 0.347729 0.489434 0.641084 0.467060 0.337785 0.394964 0.566502 0.524239 0.514295 0.626167 0.494406 0.623681 0.581418 0.839968 0.370104 0.777817 0.715665 1.000000 0.442199 0.969243 0.121442 0.330678 0.014463 0.152574 0.742173 0.554525 0.011081 0.312858
0.428110 0.289511 0.441063 0.276557 0.433291 0.276557 0.477332 0.284329 0.513601 0.292101 0.441063 0.369820 0.557642 0.380183 0.332256 0.476037 0.650905 0.465674 0.329665 0.372411 0.570595 0.522668 0.503238 0.623703 0.498057 0.626294 0.586139 0.843907 0.371116 0.802457 0.746758 0.991574 0.368525 1.000000 0.148756 0.195180 0.038162 0.123146 0.738209 0.567373 0.001650 0.313366
0.433713 0.287881 0.443814 0.272730 0.438763 0.272730 0.479167 0.282831 0.519570 0.290407 0.441289 0.366163 0.557449 0.383840 0.340280 0.472223 0.643306 0.472223 0.330179 0.378789 0.562499 0.515151 0.499369 0.623736 0.501894 0.626261 0.577651 0.833329 0.390784 0.800501 0.759466 0.936863 0.352906 1.000000 0.221447 0.126953 0.043185 0.108986 0.723483 0.589946 0.001605 0.294474
0.440939 0.285514 0.448399 0.273080 0.443425 0.273080 0.480727 0.280541 0.527976 0.288001 0.445912 0.367578 0.560305 0.382499 0.361361 0.484458 0.627448 0.486944 0.336493 0.407367 0.532950 0.511812 0.493161 0.623718 0.500622 0.626205 0.550358 0.835095 0.408610 0.802767 0.736867 0.879858 0.386229 1.000000 0.340907 0.120838 0.026052 0.076469 0.701329 0.599954 0.007917 0.237034
0.438465 0.277576 0.446157 0.262192 0.441029 0.262192 0.476924 0.269884 0.525640 0.275012 0.448721 0.369879 0.548715 0.380135 0.382057 0.503205 0.594867 0.503205 0.335906 0.446798 0.510256 0.500641 0.489744 0.623711 0.512820 0.626275 0.502564 0.841649 0.425645 0.818573 0.684606 0.849341 0.430773 1.000000 0.467856 0.142881 0.032301 0.089385 0.634142 0.623843 0.003264 0.154182
0.431782 0.275583 0.441983 0.262832 0.434333 0.262832 0.475136 0.267933 0.508288 0.275583 0.454734 0.369940 0.538890 0.380141 0.424132 0.507651 0.546541 0.515301 0.350176 0.497450 0.441983 0.515301 0.487887 0.622409 0.518489 0.627510 0.434333 0.836625 0.441983 0.834075 0.617946 0.839175 0.487887 1.000000 0.573558 0.186004 0.119540 0.086713 0.474025 0.517998 0.008118 0.034927
0.428501 0.287969 0.443294 0.273176 0.428501 0.273176 0.485207 0.280572 0.487673 0.285503 0.463018 0.374261 0.514793 0.376726 0.455621 0.504931 0.470414 0.500000 0.391519 0.541913 0.401381 0.460552 0.482742 0.625739 0.539448 0.623274 0.374261 0.827909 0.480276 0.832840 0.569033 0.850098 0.524655 1.000000 0.620656 0.165575 0.181678 0.119321 0.315437 0.555256 0.028290 0.069168
0.430311 0.290933 0.442537 0.273816 0.430311 0.273816 0.484106 0.278707 0.474325 0.286042 0.503668 0.371625 0.479216 0.378961 0.528120 0.486551 0.452318 0.501223 0.459654 0.547682 0.388742 0.447428 0.528120 0.625929 0.488996 0.623484 0.520784 0.826438 0.364290 0.784869 0.628375 0.995159 0.511004 0.894904 0.192334 0.504580 0.042153 0.222138 0.334729 0.654605 0.021811 0.197772
0.424627 0.283302 0.437189 0.268228 0.422114 0.270740 0.479901 0.275765 0.472363 0.283302 0.502512 0.356163 0.494975 0.393850 0.517587 0.283302 0.439702 0.506909 0.489950 0.235566 0.374378 0.431536 0.472363 0.622481 0.530149 0.627506 0.344229 0.775740 0.560298 0.813426 0.429652 0.956635 0.673358 0.991809 0.362086 0.128642 0.185772 0.003611 0.231989 0.627956 0.003200 0.272827
0.428750 0.285000 0.443750 0.270000 0.426250 0.272500 0.491250 0.275000 0.478750 0.282500 0.506250 0.367500 0.493750 0.382500 0.586250 0.447500 0.433750 0.500000 0.528750 0.530000 0.373750 0.417500 0.471250 0.622500 0.528750 0.627500 0.353750 0.790000 0.586250 0.815000 0.386250 1.000000 0.708750 0.970000 0.243027 0.118173 0.151300 0.049550 0.443752 0.649567 0.000005 0.289436
0.421642 0.275286 0.437184 0.259744 0.424232 0.259744 0.483810 0.267515 0.494172 0.272696 0.476039 0.378901 0.527846 0.371130 0.455316 0.485105 0.501943 0.466973 0.421642 0.454021 0.398328 0.430708 0.460497 0.627575 0.535617 0.622395 0.354292 0.814081 0.577063 0.819262 0.336160 1.000000 0.735075 0.948780 0.137991 0.215393 0.144904 0.056207 0.675936 0.523145 0.004948 0.230821
0.423887 0.292082 0.436263 0.277230 0.423887 0.279706 0.478342 0.282181 0.488243 0.284656 0.485768 0.378714 0.512995 0.371289 0.448639 0.500000 0.448639 0.480198 0.371908 0.428219 0.374383 0.433169 0.470916 0.628711 0.530321 0.621286 0.376858 0.819303 0.552598 0.821778 0.349631 1.000000 0.723388 0.903460 0.104478 0.322777 0.127038 0.013197 0.644835 0.509823 0.001575 0.181149
0.435346 0.285101 0.447661 0.272786 0.437809 0.275249 0.474754 0.285101 0.489532 0.290027 0.489532 0.376233 0.509236 0.373770 0.467365 0.499384 0.435346 0.467365 0.383622 0.450124 0.366381 0.437809 0.474754 0.624999 0.526478 0.624999 0.400863 0.814651 0.521551 0.824503 0.391011 1.000000 0.693963 0.849134 0.103463 0.462691 0.099371 0.029668 0.612564 0.416158 0.001566 0.110400
0.427919 0.297128 0.437220 0.280852 0.430245 0.283177 0.474423 0.283177 0.504650 0.292478 0.488374 0.373859 0.516276 0.376184 0.488374 0.490118 0.481399 0.497094 0.404668 0.508719 0.397692 0.504069 0.472098 0.624978 0.523252 0.624978 0.413968 0.810993 0.486049 0.801692 0.448846 0.994682 0.648811 0.808668 0.156139 0.552415 0.075809 0.074970 0.430396 0.384142 0.005921 0.030363
0.425610 0.279878 0.437805 0.265244 0.428049 0.267683 0.471951 0.272561 0.506098 0.277439 0.476829 0.377439 0.523171 0.372561 0.440244 0.501829 0.486585 0.496951 0.352439 0.492073 0.386585 0.492073 0.481707 0.626220 0.518293 0.623780 0.435366 0.821341 0.450000 0.796951 0.510976 1.000000 0.608537 0.823780 0.194638 0.566208 0.080464 0.113390 0.444170 0.424462 0.000004 0.045347
0.417516 0.278794 0.430014 0.263797 0.420016 0.266297 0.467506 0.268796 0.495001 0.276295 0.462507 0.381274 0.532493 0.368776 0.382523 0.513747 0.582484 0.493751 0.320036 0.451260 0.504999 0.528744 0.497501 0.626225 0.507499 0.623725 0.472506 0.838682 0.377524 0.786193 0.579984 1.000000 0.507499 0.823685 0.202983 0.625383 0.082444 0.183669 0.577097 0.486094 0.006365 0.177500
0.429100 0.284896 0.438713 0.272879 0.431503 0.272879 0.474764 0.277685 0.510815 0.282492 0.450730 0.376225 0.544463 0.373821 0.369015 0.503605 0.623775 0.467554 0.323350 0.436310 0.549270 0.532446 0.506009 0.626179 0.498798 0.623775 0.532446 0.820854 0.371418 0.758366 0.652616 0.998706 0.501202 0.900166 0.146180 0.477166 0.026316 0.183723 0.628665 0.495453 0.006120 0.284206
0.427400 0.290407 0.437501 0.275255 0.429925 0.275255 0.475379 0.277781 0.508207 0.285356 0.445076 0.373739 0.553661 0.376264 0.354169 0.505050 0.652145 0.459596 0.323866 0.421718 0.591539 0.537878 0.503157 0.626261 0.498106 0.623736 0.563762 0.843430 0.361744 0.782825 0.705174 1.000000 0.442551 0.977267 0.130388 0.350935 0.014667 0.155271 0.696232 0.486169 0.001605 0.312189
0.429028 0.290853 0.439077 0.275779 0.434053 0.278292 0.479274 0.278292 0.516958 0.290853 0.441590 0.368734 0.562179 0.381295 0.353660 0.494347 0.665182 0.451639 0.331049 0.413954 0.599863 0.529519 0.499372 0.624986 0.496860 0.624986 0.577253 0.841042 0.368734 0.793308 0.735526 0.981729 0.381295 1.000000 0.158578 0.225167 0.039530 0.123740 0.718330 0.531426 0.004798 0.317226
0.430707 0.294595 0.440606 0.279746 0.433181 0.279746 0.477727 0.282221 0.517323 0.294595 0.440606 0.368838 0.564344 0.381211 0.358939 0.495050 0.658385 0.452980 0.331716 0.418333 0.586617 0.527222 0.492576 0.623738 0.502475 0.626213 0.564344 0.834093 0.383686 0.804396 0.749951 0.935558 0.351514 1.000000 0.236098 0.140482 0.040637 0.108432 0.708656 0.537109 0.006302 0.291825
0.434086 0.289703 0.444130 0.277148 0.436597 0.277148 0.481795 0.279659 0.521971 0.292214 0.446641 0.370055 0.562147 0.380099 0.366289 0.500628 0.647522 0.465474 0.328624 0.432830 0.562147 0.523227 0.489328 0.623667 0.501883 0.626178 0.547081 0.844636 0.393910 0.817015 0.737918 0.899878 0.368800 1.000000 0.328935 0.128670 0.028295 0.087444 0.662988 0.560682 0.011192 0.245267
0.441057 0.289905 0.450394 0.275899 0.445726 0.275899 0.480741 0.282902 0.529763 0.289905 0.457397 0.371609 0.553107 0.378612 0.392035 0.495331 0.616136 0.476656 0.343013 0.457981 0.527429 0.511672 0.483076 0.623722 0.506420 0.626057 0.511088 0.819811 0.420047 0.791798 0.697839 0.824480 0.415379 0.999558 0.446877 0.145766 0.012858 0.093557 0.552535 0.562190 0.013379 0.198085
0.436559 0.272511 0.449376 0.257131 0.441686 0.259694 0.485261 0.264821 0.521147 0.275074 0.459629 0.372478 0.546780 0.377604 0.410927 0.505767 0.587792 0.500641 0.336592 0.485261 0.505767 0.516020 0.485261 0.623677 0.508331 0.626241 0.464755 0.838991 0.431433 0.836428 0.659563 0.844118 0.459629 1.000000 0.521849 0.153581 0.062593 0.062804 0.474170 0.543418 0.008160 0.081416
0.429192 0.282130 0.438875 0.267606 0.431613 0.267606 0.467925 0.277289 0.506657 0.282130 0.465504 0.374120 0.516340 0.376540 0.458242 0.497579 0.526023 0.509683 0.373514 0.521787 0.404985 0.500000 0.494553 0.625880 0.523603 0.623460 0.395301 0.819542 0.460662 0.831646 0.581701 0.834067 0.511499 1.000000 0.625997 0.179265 0.187317 0.102812 0.392712 0.548520 0.023137 0.057298
0.422234 0.290629 0.434198 0.276272 0.424626 0.276272 0.470090 0.283451 0.491625 0.288236 0.470090 0.371985 0.505982 0.379163 0.505982 0.474875 0.446162 0.494018 0.427019 0.551445 0.369592 0.465304 0.479661 0.625623 0.544267 0.623230 0.357628 0.802691 0.501196 0.821833 0.508375 0.862511 0.584945 1.000000 0.571832 0.200729 0.204085 0.117506 0.361734 0.461356 0.030513 0.124100
0.430010 0.287616 0.442077 0.273135 0.430010 0.273135 0.475865 0.282789 0.490346 0.287616 0.485519 0.372087 0.487933 0.379327 0.545856 0.458971 0.446904 0.487933 0.485519 0.528962 0.379327 0.451731 0.480692 0.625500 0.545856 0.623086 0.352779 0.779961 0.543442 0.816163 0.471038 0.927182 0.647221 0.989932 0.435573 0.175349 0.214099 0.078239 0.419675 0.541573 0.033866 0.216182
0.435998 0.259167 0.449194 0.248610 0.443916 0.251249 0.478226 0.269724 0.515176 0.275003 0.454473 0.377934 0.528372 0.372655 0.409605 0.449194 0.454473 0.454473 0.362098 0.399048 0.370016 0.417523 0.467669 0.628664 0.549486 0.620746 0.343623 0.802856 0.589075 0.813413 0.404327 1.000000 0.705203 1.000000 0.284020 0.112088 0.213713 0.037483 0.579736 0.397446 0.021860 0.261483
0.433760 0.287266 0.449046 0.271980 0.433760 0.274528 0.484714 0.282171 0.477071 0.289814 0.500000 0.363698 0.487261 0.386627 0.589170 0.432486 0.423569 0.491083 0.528025 0.531846 0.370067 0.412104 0.474523 0.623564 0.538216 0.626112 0.367519 0.819737 0.578979 0.827380 0.359876 1.000000 0.726746 0.962409 0.148341 0.200721 0.127840 0.003124 0.466444 0.636181 0.016226 0.222554
0.439199 0.272797 0.451999 0.262557 0.439199 0.265117 0.485280 0.277917 0.482720 0.280477 0.480160 0.375198 0.505760 0.375198 0.503200 0.446879 0.451999 0.462240 0.408479 0.426399 0.377758 0.411039 0.475040 0.626082 0.539041 0.623522 0.387999 0.828324 0.562081 0.828324 0.352158 1.000000 0.738723 0.928165 0.078580 0.300585 0.122872 0.006748 0.666774 0.516060 0.017937 0.165027
0.445438 0.286986 0.451418 0.278017 0.457397 0.278017 0.460387 0.304924 0.538118 0.301934 0.457397 0.379666 0.529149 0.370697 0.418531 0.433480 0.436469 0.388635 0.355748 0.358738 0.355748 0.361728 0.466366 0.627809 0.547087 0.621829 0.385645 0.843065 0.553067 0.837086 0.358738 1.000000 0.753375 0.890900 0.078540 0.407617 0.125700 0.013858 0.578512 0.163272 0.017138 0.123040
0.438933 0.297393 0.450347 0.285979 0.441216 0.285979 0.484591 0.290545 0.496005 0.295111 0.489156 0.375012 0.514268 0.375012 0.491439 0.500571 0.468610 0.484591 0.402406 0.500571 0.395558 0.473176 0.473176 0.626130 0.523400 0.623847 0.418387 0.811044 0.505136 0.801912 0.436650 0.993675 0.667222 0.820175 0.123416 0.496818 0.071462 0.044209 0.505787 0.423671 0.004361 0.059157
0.435074 0.283983 0.444782 0.269420 0.437501 0.269420 0.476335 0.281556 0.524878 0.286410 0.478762 0.376215 0.522451 0.373788 0.461772 0.500000 0.464199 0.478156 0.369540 0.502427 0.374395 0.487864 0.476335 0.626212 0.522451 0.623785 0.435074 0.825239 0.459345 0.813103 0.483617 1.000000 0.624392 0.830093 0.143048 0.569764 0.061979 0.102416 0.448207 0.303679 0.001545 0.037347
