0.586045 0.305197 0.583373 0.290233 0.573753 0.290233 0.536876 0.296111 0.527256 0.297180 0.518705 0.373605 0.495724 0.376812 0.501069 0.491182 0.472744 0.496526 0.573218 0.513628 0.575890 0.517904 0.508017 0.622654 0.477554 0.626929 0.533135 0.797950 0.523515 0.794743 0.447625 0.944921 0.358374 0.851928 0.213034 0.478983 0.058956 0.108178 0.451385 0.495320 0.018383 0.039791
0.591454 0.301873 0.590347 0.285824 0.579278 0.286377 0.546073 0.291911 0.533344 0.294678 0.523382 0.374372 0.498478 0.376586 0.503459 0.492805 0.462505 0.491699 0.584813 0.504981 0.572084 0.513282 0.499585 0.621754 0.478555 0.627288 0.520615 0.809366 0.558802 0.797744 0.413804 0.956578 0.383919 0.875224 0.235328 0.507305 0.066059 0.165299 0.505763 0.534506 0.027869 0.104524
0.593351 0.298289 0.592801 0.281767 0.581235 0.282318 0.547640 0.287825 0.535523 0.290028 0.523407 0.373741 0.496420 0.377046 0.515146 0.493804 0.455114 0.488847 0.591699 0.496007 0.569669 0.505370 0.492014 0.621577 0.488159 0.627635 0.485956 0.805526 0.575728 0.784598 0.406649 0.947068 0.422620 0.914023 0.152089 0.438602 0.029626 0.172473 0.512710 0.567055 0.025271 0.172462
0.592747 0.296622 0.593302 0.280540 0.581102 0.279985 0.551711 0.285531 0.533411 0.287194 0.527866 0.375367 0.491266 0.375367 0.526202 0.495702 0.440803 0.485166 0.594965 0.483502 0.558920 0.501802 0.490711 0.622693 0.490157 0.626574 0.465202 0.809573 0.582211 0.780183 0.363721 0.956527 0.475184 0.937118 0.149194 0.362369 0.004279 0.173257 0.560293 0.592590 0.024383 0.215034
0.590835 0.295483 0.590835 0.278867 0.579203 0.278867 0.546525 0.282744 0.530463 0.284960 0.528801 0.375241 0.486707 0.375241 0.527694 0.496538 0.429658 0.483799 0.595266 0.479368 0.542094 0.505954 0.490584 0.622821 0.493907 0.626698 0.447382 0.803382 0.579203 0.789536 0.346024 0.954589 0.503323 0.973421 0.113218 0.278164 0.026005 0.144477 0.582113 0.592085 0.019758 0.228343
0.588415 0.293792 0.588415 0.277004 0.576104 0.278123 0.545327 0.279802 0.526860 0.285958 0.533016 0.374372 0.481534 0.376051 0.531337 0.499720 0.423336 0.488528 0.592892 0.479015 0.541409 0.508114 0.493285 0.622830 0.492166 0.626747 0.432290 0.805255 0.568829 0.802457 0.324289 0.956904 0.539731 1.000000 0.094277 0.176493 0.052236 0.117463 0.607547 0.599663 0.018535 0.233664
0.586051 0.294341 0.586051 0.277632 0.573241 0.278189 0.537595 0.280973 0.525342 0.285429 0.533696 0.373987 0.476329 0.376214 0.533696 0.491506 0.418405 0.488164 0.589393 0.473126 0.535924 0.505987 0.499722 0.622950 0.490253 0.626849 0.435671 0.799508 0.552076 0.801736 0.310910 0.941534 0.572127 1.000000 0.118653 0.077119 0.067604 0.090494 0.601461 0.604077 0.012768 0.218935
0.583910 0.295040 0.583360 0.278533 0.570704 0.279633 0.536040 0.281284 0.524485 0.287337 0.533839 0.373172 0.476065 0.377024 0.534940 0.485419 0.422693 0.490371 0.588312 0.474414 0.537140 0.504127 0.503576 0.622426 0.486519 0.627378 0.445252 0.795198 0.545394 0.801250 0.304944 0.919549 0.584460 0.999332 0.165537 0.041943 0.065173 0.090641 0.561603 0.602005 0.012614 0.207556
0.582538 0.294528 0.581464 0.277349 0.569654 0.279497 0.535297 0.280570 0.523486 0.288086 0.531539 0.371832 0.475708 0.378274 0.531002 0.484566 0.428467 0.494229 0.585759 0.474366 0.543349 0.497450 0.505771 0.622532 0.486982 0.627363 0.462824 0.789486 0.549791 0.787876 0.312512 0.888800 0.571264 0.983819 0.234005 0.083981 0.047540 0.104329 0.560137 0.614224 0.009229 0.198869
0.586319 0.290369 0.586867 0.274475 0.573165 0.275571 0.544667 0.278311 0.524937 0.282148 0.529321 0.370385 0.477256 0.379702 0.524937 0.481640 0.439988 0.505755 0.585771 0.486025 0.559464 0.500822 0.506303 0.621394 0.487121 0.628519 0.483284 0.796224 0.558916 0.795676 0.322156 0.874048 0.545215 0.989140 0.315107 0.151639 0.012561 0.116519 0.489636 0.604636 0.008375 0.170802
0.587296 0.285247 0.587854 0.269070 0.573351 0.270186 0.552154 0.273533 0.525938 0.278553 0.526496 0.368359 0.480756 0.381746 0.521475 0.483824 0.453981 0.515061 0.580044 0.496653 0.564984 0.505020 0.504184 0.621043 0.488565 0.628852 0.510877 0.796750 0.559964 0.795635 0.346884 0.850857 0.510319 0.986402 0.410679 0.209790 0.040154 0.118696 0.445190 0.591803 0.009234 0.116632
0.591890 0.283796 0.590234 0.267791 0.578093 0.267791 0.541116 0.276070 0.531182 0.279933 0.522352 0.367684 0.489238 0.382585 0.520144 0.492411 0.482615 0.515039 0.581956 0.504001 0.583612 0.499586 0.504139 0.620450 0.484271 0.629281 0.531734 0.787674 0.549946 0.794848 0.374445 0.831825 0.479856 0.969798 0.464949 0.241495 0.074953 0.126611 0.446635 0.564231 0.014762 0.068146
0.589337 0.282467 0.588230 0.266425 0.575507 0.266425 0.546189 0.274723 0.527935 0.276382 0.522403 0.369867 0.488660 0.380378 0.521297 0.494883 0.497511 0.513691 0.583805 0.493224 0.590996 0.487139 0.512999 0.621005 0.475937 0.628750 0.576614 0.763723 0.530148 0.798019 0.406791 0.832868 0.434450 0.964522 0.510388 0.264702 0.145382 0.114948 0.511266 0.566986 0.014091 0.034811
0.590557 0.284315 0.588877 0.268079 0.576560 0.268079 0.546328 0.276477 0.529532 0.278717 0.521694 0.370533 0.495381 0.380051 0.525054 0.498180 0.514976 0.516656 0.589437 0.486423 0.601194 0.480825 0.509937 0.621349 0.472987 0.628067 0.588877 0.765232 0.506018 0.806661 0.425399 0.847531 0.415882 0.974619 0.511272 0.214998 0.174637 0.086878 0.549118 0.580022 0.021758 0.101512
0.586229 0.290586 0.585134 0.274709 0.573637 0.274709 0.540240 0.281279 0.526553 0.282374 0.516151 0.371614 0.496989 0.378731 0.521078 0.495346 0.525458 0.512318 0.591157 0.472352 0.604844 0.474542 0.511771 0.621816 0.475089 0.627838 0.592799 0.757593 0.474542 0.805224 0.469614 0.881873 0.369424 0.955784 0.419856 0.193029 0.176836 0.026929 0.588253 0.574541 0.016738 0.172247
0.581731 0.292361 0.580651 0.276691 0.569303 0.276691 0.530936 0.282635 0.522290 0.284796 0.509862 0.371796 0.496352 0.378281 0.515806 0.492840 0.530396 0.505809 0.589837 0.469604 0.603887 0.467983 0.515266 0.622530 0.478520 0.627393 0.587676 0.762486 0.456905 0.800853 0.494191 0.913251 0.342886 0.955400 0.328654 0.162864 0.145118 0.016714 0.581189 0.568270 0.007913 0.191439
0.582569 0.298461 0.582569 0.282403 0.570257 0.282938 0.529575 0.286685 0.523687 0.289362 0.491569 0.370191 0.505487 0.379826 0.433757 0.472968 0.535999 0.506156 0.507628 0.514185 0.607193 0.464403 0.517263 0.621780 0.485681 0.628203 0.582034 0.775944 0.447140 0.801639 0.536534 0.948309 0.333122 0.953662 0.208758 0.135228 0.094211 0.044276 0.501097 0.593399 0.003748 0.196211
0.580750 0.303038 0.580750 0.287101 0.569063 0.287632 0.525500 0.289226 0.522313 0.291882 0.483000 0.371038 0.512219 0.379007 0.430406 0.478351 0.536125 0.503320 0.515938 0.516602 0.609438 0.462945 0.513281 0.621790 0.491500 0.628165 0.570657 0.782228 0.449531 0.799759 0.571188 0.962854 0.323624 0.942666 0.108385 0.153543 0.071067 0.049946 0.511194 0.599762 0.006088 0.185675
0.580271 0.306288 0.579740 0.289836 0.568065 0.290897 0.522954 0.293020 0.521892 0.295673 0.480496 0.371035 0.515523 0.378996 0.429547 0.483017 0.537283 0.502123 0.509686 0.528128 0.608399 0.463380 0.507563 0.621534 0.496418 0.628434 0.561696 0.784996 0.462452 0.802509 0.588763 0.968624 0.315443 0.928290 0.055213 0.213383 0.067535 0.037005 0.472715 0.603102 0.005069 0.163134
0.580098 0.307499 0.579039 0.291083 0.568448 0.292142 0.520256 0.293730 0.521315 0.295849 0.479479 0.371048 0.516020 0.378992 0.430758 0.486496 0.535084 0.500794 0.510724 0.528862 0.607107 0.461606 0.506487 0.621538 0.498014 0.628422 0.562093 0.787295 0.477890 0.804770 0.586983 0.967880 0.312663 0.900624 0.059428 0.296504 0.068837 0.013229 0.472033 0.609197 0.005732 0.139193
0.577826 0.306291 0.576773 0.290489 0.565711 0.290489 0.518831 0.294703 0.520938 0.296809 0.483013 0.372660 0.511457 0.377401 0.436133 0.492231 0.529893 0.497498 0.528839 0.504872 0.600476 0.463260 0.510403 0.621282 0.495128 0.628657 0.568345 0.780885 0.493547 0.806168 0.563604 0.965771 0.319196 0.873065 0.119009 0.380549 0.075921 0.017825 0.575797 0.595275 0.007042 0.113682
0.573287 0.306359 0.571714 0.290627 0.560701 0.290627 0.518223 0.295871 0.516650 0.297444 0.488856 0.374533 0.503540 0.375582 0.434841 0.486759 0.516126 0.496722 0.505113 0.525565 0.591642 0.469453 0.518748 0.621533 0.488856 0.628351 0.563323 0.778858 0.509833 0.803506 0.527663 0.958733 0.333105 0.846508 0.150182 0.461964 0.049549 0.056411 0.482182 0.577354 0.009684 0.049944
0.570184 0.304826 0.568606 0.289580 0.558092 0.289580 0.517086 0.294838 0.513932 0.296415 0.500263 0.373696 0.496583 0.376324 0.498686 0.491983 0.505520 0.499343 0.573864 0.476737 0.589110 0.479365 0.516560 0.621836 0.486594 0.628144 0.557041 0.781655 0.521292 0.796901 0.491326 0.947782 0.353587 0.833175 0.198865 0.496741 0.058088 0.077167 0.567932 0.551589 0.004016 0.014417
0.579225 0.305378 0.576526 0.289722 0.567348 0.289722 0.524159 0.295661 0.520920 0.296741 0.503104 0.371242 0.501485 0.378800 0.500945 0.489473 0.498245 0.504589 0.580305 0.500270 0.591642 0.502429 0.504184 0.621740 0.491227 0.628218 0.540895 0.805294 0.557631 0.798276 0.462074 0.959696 0.387573 0.840385 0.213076 0.541232 0.061461 0.131580 0.462770 0.515553 0.005843 0.055664
0.581163 0.304340 0.578453 0.289165 0.569240 0.289707 0.529674 0.295669 0.523170 0.297295 0.511246 0.372632 0.497155 0.377510 0.500407 0.492412 0.486315 0.500542 0.583331 0.503252 0.589293 0.503794 0.500407 0.621948 0.491193 0.627910 0.511246 0.811646 0.583873 0.789424 0.415314 0.957442 0.400138 0.845250 0.203417 0.571932 0.032000 0.173401 0.487354 0.517924 0.010698 0.147655
0.585669 0.299420 0.582923 0.284044 0.573587 0.284593 0.535146 0.290634 0.526909 0.292281 0.515376 0.373007 0.498902 0.377401 0.504942 0.489429 0.477485 0.497117 0.583472 0.487232 0.584570 0.503707 0.490115 0.621226 0.495607 0.628366 0.493959 0.807391 0.599947 0.781580 0.406094 0.960606 0.434101 0.890314 0.172312 0.505583 0.038855 0.194484 0.537353 0.536786 0.018189 0.183734
0.583657 0.301062 0.583116 0.284844 0.571764 0.285384 0.535003 0.289709 0.525813 0.292412 0.516083 0.372961 0.494999 0.377285 0.510136 0.485945 0.464726 0.490269 0.585279 0.480539 0.571223 0.499459 0.490134 0.621634 0.498784 0.628121 0.472835 0.802732 0.597172 0.776243 0.369582 0.950315 0.472835 0.911392 0.164008 0.423375 0.002784 0.181829 0.539598 0.555931 0.014115 0.216944
0.581912 0.298707 0.581365 0.283392 0.570425 0.282298 0.540341 0.287221 0.522837 0.287768 0.513538 0.372551 0.490017 0.377474 0.510803 0.480308 0.452275 0.489607 0.586835 0.477573 0.568237 0.497812 0.491111 0.621432 0.505333 0.628543 0.457198 0.797563 0.596134 0.789358 0.349988 0.956737 0.500410 0.961660 0.128128 0.325027 0.031943 0.144219 0.519522 0.580863 0.004528 0.224161
0.573741 0.294436 0.572135 0.278911 0.562499 0.279982 0.523956 0.282123 0.516997 0.285870 0.519138 0.373663 0.479524 0.376340 0.512179 0.478052 0.437233 0.482334 0.580165 0.468951 0.546439 0.495182 0.523956 0.623660 0.477383 0.626337 0.582306 0.783722 0.440980 0.786934 0.533592 0.968409 0.332845 0.933613 0.193364 0.131263 0.105140 0.068225 0.563546 0.583565 0.001703 0.182225
0.574673 0.297982 0.574673 0.282514 0.562939 0.282514 0.535203 0.286248 0.514935 0.287848 0.512801 0.371589 0.479732 0.378523 0.513335 0.479332 0.435994 0.484132 0.584807 0.472398 0.551204 0.491599 0.497866 0.620677 0.509601 0.629211 0.434928 0.786025 0.565606 0.792959 0.326118 0.931638 0.567739 0.988709 0.088500 0.101429 0.096711 0.067150 0.529209 0.604378 0.009509 0.220671
0.570417 0.296843 0.569877 0.281195 0.558006 0.281735 0.535343 0.285512 0.511062 0.287670 0.516458 0.372926 0.474369 0.377243 0.517537 0.479226 0.431741 0.485161 0.581209 0.473290 0.545596 0.495953 0.508364 0.622757 0.500809 0.627074 0.439296 0.787333 0.548294 0.793808 0.315189 0.920613 0.584446 0.994537 0.112180 0.031591 0.116171 0.054751 0.526356 0.589663 0.011682 0.214794
0.570709 0.294537 0.569621 0.278763 0.557655 0.279307 0.537530 0.283658 0.510878 0.285834 0.522844 0.372860 0.471173 0.377211 0.521757 0.481099 0.432011 0.491977 0.581587 0.474028 0.548408 0.495241 0.513054 0.623060 0.492929 0.626868 0.451048 0.794393 0.548952 0.797113 0.311262 0.907527 0.578867 0.999993 0.172889 0.054594 0.098081 0.073525 0.540644 0.595752 0.007619 0.211725
0.573072 0.292258 0.571979 0.276961 0.560506 0.276961 0.535375 0.280785 0.511883 0.282970 0.527726 0.371476 0.467084 0.378578 0.526634 0.484566 0.439767 0.501502 0.583452 0.484020 0.557774 0.493854 0.514068 0.622241 0.491122 0.627705 0.465991 0.799252 0.556682 0.798706 0.315204 0.893221 0.546301 0.994839 0.238189 0.133365 0.067098 0.085915 0.506136 0.590207 0.006609 0.200952
0.576947 0.287441 0.574218 0.271070 0.562758 0.272707 0.529469 0.277619 0.514735 0.282530 0.525103 0.369845 0.469440 0.380214 0.527286 0.487176 0.451977 0.505730 0.578584 0.490450 0.567124 0.487721 0.514189 0.621423 0.491268 0.628517 0.493997 0.798782 0.558392 0.788960 0.334101 0.874638 0.511460 0.977779 0.322918 0.203673 0.022282 0.098215 0.473788 0.593387 0.006949 0.162210
0.578598 0.284362 0.577516 0.268669 0.565070 0.268669 0.533144 0.277327 0.519075 0.280574 0.522863 0.368236 0.477408 0.381764 0.525027 0.485660 0.475244 0.510552 0.579140 0.488907 0.578057 0.485660 0.512040 0.620942 0.487689 0.629058 0.515828 0.794102 0.549378 0.790314 0.363772 0.855249 0.480655 0.961850 0.385257 0.237594 0.020586 0.103076 0.475057 0.580959 0.000347 0.109340
0.579940 0.282982 0.577768 0.266695 0.565825 0.267238 0.533252 0.274838 0.519680 0.278096 0.522394 0.368757 0.478420 0.381244 0.522394 0.491450 0.493078 0.512622 0.581026 0.484392 0.589712 0.477877 0.519680 0.621199 0.479506 0.628800 0.558224 0.777007 0.529452 0.793294 0.395359 0.856811 0.439333 0.957245 0.432169 0.253812 0.080618 0.092437 0.538132 0.574499 0.001037 0.016637
0.584278 0.282558 0.582074 0.266584 0.570507 0.266584 0.539109 0.274847 0.523686 0.277601 0.522584 0.371243 0.487331 0.378954 0.526991 0.495180 0.507712 0.512256 0.589786 0.476452 0.600803 0.469842 0.515423 0.621872 0.474662 0.627931 0.574913 0.773351 0.501652 0.803097 0.415722 0.866442 0.414621 0.965042 0.450685 0.205633 0.128210 0.064848 0.580948 0.587790 0.012628 0.070453
0.583378 0.285094 0.581202 0.269316 0.570320 0.269860 0.536588 0.277477 0.524075 0.280197 0.519722 0.372145 0.491975 0.378129 0.524619 0.494559 0.519178 0.509249 0.588275 0.474429 0.604053 0.463004 0.514826 0.622415 0.473477 0.627311 0.582290 0.764960 0.473477 0.800868 0.458787 0.889007 0.371736 0.950486 0.390008 0.190087 0.146935 0.023587 0.584769 0.593688 0.014899 0.140708
0.581354 0.290366 0.580291 0.274414 0.568061 0.275478 0.536689 0.281859 0.523928 0.285049 0.518610 0.372784 0.494683 0.377570 0.525523 0.495082 0.522333 0.506248 0.588799 0.472217 0.599965 0.459987 0.514357 0.622696 0.472350 0.626950 0.583481 0.762009 0.454271 0.799762 0.486707 0.905044 0.343672 0.948114 0.335952 0.170739 0.152028 0.004749 0.592400 0.603685 0.016933 0.179790
0.579386 0.290492 0.578850 0.274427 0.566534 0.275498 0.532263 0.279782 0.521553 0.285137 0.515127 0.371885 0.494779 0.378311 0.520482 0.491834 0.523695 0.507363 0.589560 0.457563 0.599734 0.458634 0.517269 0.623028 0.472824 0.626776 0.581528 0.772428 0.437482 0.798667 0.518340 0.939499 0.319676 0.955564 0.244388 0.140459 0.126579 0.036494 0.632394 0.611245 0.012616 0.193841
0.577340 0.293449 0.574673 0.278514 0.564539 0.279047 0.530936 0.285981 0.519735 0.288115 0.511201 0.372922 0.496266 0.377189 0.513335 0.497200 0.520268 0.506267 0.584807 0.483332 0.598675 0.462530 0.519735 0.623077 0.472798 0.626811 0.574673 0.779358 0.422660 0.799093 0.553338 0.960173 0.304250 0.950039 0.144988 0.121591 0.096747 0.060306 0.555540 0.603444 0.009509 0.197747
0.577495 0.298171 0.574863 0.283436 0.564338 0.283962 0.529603 0.290803 0.520657 0.291856 0.500658 0.372903 0.502237 0.377113 0.489606 0.491843 0.516973 0.500263 0.561706 0.492369 0.596441 0.463950 0.518551 0.623939 0.478554 0.626044 0.571179 0.779192 0.423295 0.795506 0.579074 0.964443 0.292251 0.930761 0.090476 0.144632 0.081382 0.070144 0.527169 0.598526 0.003685 0.204368
0.578877 0.299532 0.576780 0.285382 0.565774 0.285382 0.528039 0.293767 0.522274 0.292719 0.492401 0.373954 0.509172 0.376051 0.457810 0.489256 0.512316 0.496593 0.531184 0.503931 0.597744 0.467244 0.513889 0.623949 0.484539 0.626046 0.566823 0.776986 0.434750 0.795854 0.588835 0.964613 0.283809 0.911155 0.068826 0.201570 0.078707 0.059524 0.529941 0.597035 0.002002 0.196787
0.575760 0.298850 0.573659 0.284670 0.563680 0.284144 0.522189 0.293073 0.519564 0.292548 0.496455 0.373953 0.505383 0.376054 0.472821 0.491072 0.507484 0.494748 0.545823 0.503151 0.598868 0.472165 0.514837 0.623946 0.483325 0.626047 0.562104 0.786232 0.443935 0.800937 0.572608 0.972151 0.283225 0.890746 0.072251 0.267277 0.066853 0.042501 0.511185 0.571484 0.002341 0.160731
0.574474 0.299737 0.572368 0.285000 0.562368 0.285527 0.521842 0.292369 0.517632 0.293948 0.496579 0.372895 0.503947 0.377106 0.458158 0.486053 0.490263 0.494474 0.546579 0.489737 0.592895 0.481316 0.517105 0.622894 0.482368 0.627105 0.563421 0.788157 0.465526 0.808684 0.540263 0.974473 0.296579 0.867104 0.126339 0.364587 0.060900 0.002035 0.590934 0.577533 0.000665 0.116417
0.570911 0.300983 0.568841 0.285455 0.557971 0.285973 0.520704 0.292184 0.513458 0.295807 0.507764 0.372930 0.492236 0.377070 0.506211 0.478002 0.485507 0.491977 0.572464 0.464545 0.588509 0.483178 0.519151 0.621894 0.480849 0.628106 0.558489 0.776656 0.488095 0.803054 0.509834 0.948499 0.318841 0.844979 0.167056 0.435885 0.064682 0.027606 0.568493 0.545745 0.000002 0.066053
0.575078 0.299140 0.571950 0.282977 0.562044 0.283498 0.520334 0.290798 0.516684 0.294447 0.506778 0.372654 0.493222 0.377346 0.517727 0.468587 0.480709 0.495177 0.568300 0.415928 0.583420 0.494135 0.517727 0.621872 0.482273 0.628128 0.559437 0.780370 0.515641 0.798097 0.476538 0.941476 0.348279 0.834072 0.233179 0.494309 0.067933 0.075594 0.720257 0.536908 0.000002 0.020203
0.583560 0.300413 0.580899 0.284978 0.570255 0.285511 0.532466 0.292962 0.524483 0.296155 0.515967 0.373329 0.497871 0.377054 0.506387 0.488291 0.474985 0.498936 0.584093 0.495742 0.581964 0.501064 0.505322 0.621881 0.480840 0.627736 0.542579 0.799114 0.549498 0.792727 0.441454 0.946010 0.381845 0.849144 0.257861 0.522195 0.079576 0.147113 0.496035 0.552748 0.017628 0.059568
0.588935 0.298656 0.586788 0.282559 0.575521 0.283096 0.541181 0.291144 0.530450 0.293291 0.519182 0.372701 0.500402 0.378067 0.511670 0.486988 0.465526 0.494500 0.592691 0.488598 0.578740 0.500402 0.493964 0.620592 0.486452 0.628640 0.503085 0.801949 0.576594 0.785315 0.417772 0.939844 0.405431 0.884042 0.192352 0.499651 0.048267 0.183890 0.514569 0.576060 0.024961 0.150191
0.589278 0.294243 0.588201 0.278622 0.576890 0.278622 0.543494 0.287241 0.530567 0.288318 0.520872 0.373422 0.496634 0.377192 0.529490 0.485457 0.459468 0.491382 0.598435 0.473607 0.570426 0.501616 0.488554 0.621192 0.493940 0.628194 0.482091 0.802172 0.588740 0.780088 0.404528 0.947064 0.434691 0.911514 0.145086 0.452777 0.029922 0.181020 0.529743 0.570883 0.022307 0.188968
