0.579516 0.283138 0.579516 0.272623 0.569002 0.269995 0.540087 0.285767 0.529572 0.283138 0.524315 0.377769 0.487514 0.372511 0.555858 0.493428 0.403398 0.482914 0.611060 0.469771 0.479628 0.532858 0.479628 0.622231 0.508543 0.627489 0.434941 0.793092 0.624203 0.753663 0.358711 0.958696 0.500657 0.900866 0.055893 0.458426 0.023876 0.209976 0.544130 0.522624 0.015067 0.317596
0.573282 0.283424 0.573282 0.270338 0.560196 0.270338 0.536641 0.283424 0.523555 0.283424 0.531407 0.377645 0.473828 0.372410 0.583751 0.487568 0.384842 0.479716 0.612541 0.456161 0.479062 0.524209 0.484297 0.621047 0.510469 0.628898 0.403163 0.783315 0.625627 0.759760 0.329880 0.950817 0.547110 0.942966 0.016309 0.358591 0.086728 0.184543 0.622368 0.579945 0.006666 0.377293
0.570266 0.275013 0.570266 0.261500 0.556753 0.261500 0.535133 0.275013 0.516215 0.275013 0.540538 0.375007 0.462164 0.375007 0.608102 0.483109 0.367575 0.480407 0.616209 0.434463 0.462164 0.520945 0.489190 0.620939 0.508108 0.629046 0.394601 0.777686 0.613507 0.780389 0.294607 0.939839 0.597292 0.996593 0.003067 0.217465 0.107308 0.136685 0.769624 0.603930 0.003440 0.366463
0.565468 0.275822 0.565468 0.262596 0.554887 0.262596 0.528436 0.275822 0.515210 0.275822 0.539016 0.376338 0.464952 0.373693 0.607791 0.479500 0.375016 0.476855 0.613081 0.437177 0.470242 0.521823 0.488758 0.622339 0.507274 0.627629 0.412048 0.781049 0.594565 0.788985 0.271854 0.902727 0.618371 0.990018 0.129158 0.120328 0.079163 0.105280 0.773250 0.587800 0.005052 0.301159
0.567852 0.274275 0.565165 0.260839 0.554416 0.260839 0.514108 0.276962 0.514108 0.274275 0.540980 0.373702 0.465738 0.376389 0.586662 0.483877 0.382435 0.483877 0.608160 0.465066 0.476487 0.529559 0.497985 0.623611 0.495297 0.626298 0.436179 0.800967 0.581288 0.795592 0.272260 0.870834 0.589349 1.000000 0.265012 0.137203 0.052505 0.112123 0.603696 0.565940 0.008555 0.256335
0.567819 0.277926 0.567819 0.264628 0.557181 0.264628 0.530585 0.277926 0.514628 0.277926 0.535904 0.373670 0.464096 0.376330 0.546543 0.496011 0.392287 0.490691 0.594415 0.480053 0.474734 0.525266 0.509309 0.623670 0.490691 0.626330 0.480053 0.807181 0.565160 0.788564 0.309840 0.823138 0.551862 0.988032 0.419924 0.158166 0.016585 0.103241 0.574807 0.552078 0.000005 0.187299
0.572350 0.262374 0.569695 0.249099 0.559075 0.249099 0.532524 0.262374 0.516594 0.265030 0.521904 0.365921 0.463493 0.384506 0.519249 0.490707 0.444908 0.533188 0.577660 0.496017 0.553764 0.511948 0.521904 0.620804 0.492699 0.628769 0.516594 0.796036 0.567040 0.777451 0.338707 0.782761 0.503319 0.968613 0.514068 0.250000 0.009642 0.109705 0.477914 0.600922 0.018603 0.157226
0.578703 0.265215 0.576057 0.251988 0.565475 0.249342 0.528439 0.265215 0.525793 0.267860 0.504630 0.365743 0.494048 0.384261 0.512566 0.490079 0.499339 0.535052 0.589284 0.505952 0.599866 0.513889 0.501984 0.619707 0.499339 0.630289 0.554893 0.762563 0.557539 0.775790 0.393520 0.781081 0.459657 0.955681 0.576538 0.279738 0.116222 0.114275 0.414769 0.554884 0.001682 0.008212
0.576561 0.271625 0.571326 0.258538 0.563474 0.258538 0.518977 0.276860 0.524212 0.276860 0.511124 0.373707 0.492802 0.376324 0.524212 0.515050 0.518977 0.515050 0.602736 0.504581 0.618441 0.494111 0.513742 0.622367 0.482332 0.627602 0.592266 0.753241 0.492802 0.789886 0.416895 0.795121 0.414278 0.957404 0.597404 0.160035 0.168670 0.033763 0.512803 0.506687 0.004999 0.151513
0.582190 0.271769 0.576756 0.258184 0.568605 0.258184 0.522416 0.274486 0.527850 0.271769 0.497962 0.369583 0.506113 0.380451 0.536001 0.505434 0.582190 0.519019 0.614794 0.494566 0.641965 0.472830 0.514264 0.619549 0.481660 0.630417 0.622946 0.752684 0.468075 0.817893 0.476226 0.869516 0.359394 0.989065 0.503864 0.157043 0.197190 0.008015 0.456728 0.549592 0.005190 0.240946
0.583765 0.282080 0.581147 0.268992 0.573294 0.266374 0.526177 0.282080 0.531412 0.279462 0.481676 0.371080 0.520941 0.378933 0.421470 0.486257 0.607324 0.515052 0.468588 0.549081 0.643971 0.444375 0.518324 0.619758 0.479059 0.630228 0.636118 0.745405 0.437176 0.805611 0.541883 0.902465 0.332470 0.970524 0.411756 0.105451 0.193162 0.022048 0.358151 0.667737 0.003332 0.314352
0.578358 0.285648 0.573178 0.272696 0.565407 0.272696 0.513599 0.285648 0.523961 0.285648 0.472154 0.373720 0.523961 0.376310 0.409985 0.477334 0.604262 0.490286 0.456611 0.560226 0.627575 0.435889 0.518780 0.622395 0.485105 0.627575 0.619804 0.767455 0.417756 0.798539 0.596491 0.948780 0.303780 0.956551 0.234338 0.079455 0.134638 0.070616 0.335119 0.675750 0.004948 0.313088
0.572853 0.289245 0.570252 0.273634 0.562446 0.273634 0.507806 0.289245 0.520815 0.286643 0.468777 0.375108 0.520815 0.375108 0.406331 0.484389 0.598873 0.486990 0.455768 0.565048 0.619688 0.432350 0.520815 0.622290 0.489592 0.627494 0.604076 0.770599 0.427147 0.799220 0.622290 0.970946 0.289245 0.931917 0.133975 0.145103 0.096785 0.071838 0.340273 0.690239 0.013255 0.273851
0.571701 0.289379 0.569140 0.274015 0.558897 0.274015 0.502561 0.286819 0.520486 0.289379 0.459028 0.376444 0.528168 0.373884 0.407813 0.476313 0.592187 0.486556 0.464150 0.548014 0.612672 0.435341 0.512804 0.622275 0.500000 0.627397 0.589626 0.778480 0.453907 0.804088 0.612672 0.975657 0.292580 0.898835 0.108453 0.249741 0.076939 0.046004 0.362816 0.714412 0.016309 0.226717
0.571878 0.289410 0.569356 0.274278 0.559268 0.274278 0.501261 0.289410 0.521437 0.289410 0.458386 0.375159 0.529003 0.375159 0.418034 0.478563 0.574400 0.496217 0.491173 0.523959 0.607187 0.465952 0.501261 0.622319 0.511349 0.627363 0.581966 0.773641 0.498739 0.808950 0.569356 0.970360 0.314630 0.854346 0.176335 0.400978 0.101285 0.000165 0.441614 0.623074 0.016063 0.178028
0.575879 0.274326 0.573262 0.263860 0.562796 0.263860 0.515699 0.276942 0.526165 0.279559 0.463369 0.373753 0.528782 0.376370 0.476451 0.504579 0.549714 0.517661 0.570646 0.504579 0.602044 0.491496 0.479068 0.622322 0.528782 0.627555 0.534015 0.805478 0.568029 0.802861 0.348242 0.831643 0.526165 0.983400 0.548234 0.142637 0.072696 0.070107 0.468274 0.600767 0.009996 0.022666
0.573243 0.270191 0.570555 0.259440 0.559804 0.256752 0.511423 0.272879 0.516799 0.275567 0.489921 0.372328 0.506048 0.377704 0.497984 0.501344 0.506048 0.530910 0.567868 0.504032 0.586682 0.517471 0.495296 0.624984 0.508735 0.624984 0.540989 0.813131 0.562492 0.802380 0.471106 0.987840 0.379720 0.818507 0.196955 0.565644 0.069064 0.090198 0.467895 0.552568 0.005133 0.017822
0.580841 0.275819 0.575406 0.262232 0.567254 0.259514 0.515625 0.278536 0.526494 0.281253 0.499321 0.370926 0.502038 0.379078 0.507473 0.506793 0.466712 0.528532 0.586276 0.482337 0.534646 0.566575 0.493886 0.620922 0.504755 0.629074 0.502038 0.816571 0.616167 0.797550 0.436822 0.998634 0.412365 0.835593 0.122744 0.627238 0.020174 0.182520 0.576710 0.411387 0.001730 0.172724
0.582103 0.277440 0.579389 0.263869 0.568532 0.263869 0.538677 0.277440 0.527820 0.280154 0.525106 0.377863 0.487108 0.372435 0.571246 0.505428 0.411112 0.500000 0.625529 0.462002 0.487108 0.567854 0.487108 0.624851 0.500679 0.624851 0.465395 0.822983 0.639100 0.763272 0.375828 0.991261 0.484394 0.879981 0.120947 0.544276 0.013845 0.232903 0.604304 0.439021 0.015557 0.284745
0.576807 0.273693 0.574064 0.262721 0.563092 0.259977 0.527431 0.279179 0.521945 0.279179 0.543890 0.377931 0.469826 0.372445 0.596009 0.493142 0.376560 0.493142 0.631670 0.432794 0.469826 0.542518 0.489028 0.624812 0.497257 0.624812 0.423193 0.816830 0.642642 0.764711 0.329927 0.989646 0.524688 0.929298 0.052391 0.454053 0.035532 0.221657 0.694887 0.554428 0.017472 0.361258
0.575248 0.281161 0.575248 0.267354 0.564202 0.264593 0.536588 0.278399 0.520020 0.278399 0.544872 0.377809 0.462031 0.372286 0.605623 0.491026 0.357099 0.485503 0.641521 0.452366 0.453747 0.535208 0.492406 0.623572 0.500690 0.626333 0.395758 0.808584 0.638759 0.772686 0.307394 0.982551 0.583532 0.988073 0.003634 0.320628 0.086285 0.192662 0.605021 0.586717 0.008791 0.393965
0.567614 0.282133 0.567614 0.268474 0.553954 0.268474 0.518440 0.282133 0.515708 0.279401 0.540295 0.372285 0.455607 0.377749 0.586737 0.473364 0.354528 0.484292 0.644106 0.462437 0.444680 0.541661 0.493853 0.623617 0.510245 0.626349 0.398238 0.806653 0.624983 0.795725 0.283499 0.965101 0.616788 1.000000 0.046265 0.201607 0.095071 0.120661 0.422819 0.561230 0.005217 0.342758
0.565156 0.285916 0.562496 0.269960 0.551859 0.269960 0.514627 0.283257 0.511967 0.283257 0.541221 0.373677 0.456120 0.376337 0.591750 0.474735 0.360380 0.485373 0.628982 0.445482 0.448141 0.533243 0.498670 0.623663 0.503989 0.626323 0.416228 0.807163 0.599728 0.799185 0.275279 0.924178 0.615685 1.000000 0.145043 0.136245 0.080741 0.100774 0.564401 0.570413 0.003386 0.295405
0.563502 0.284094 0.563502 0.270725 0.550133 0.270725 0.526069 0.281420 0.510027 0.281420 0.539438 0.375002 0.459225 0.375002 0.574197 0.487300 0.368317 0.487300 0.614303 0.460562 0.461899 0.538101 0.510027 0.623661 0.491310 0.626335 0.461899 0.816172 0.582218 0.802803 0.290778 0.896385 0.590239 1.000000 0.282494 0.139337 0.040504 0.111002 0.591620 0.558308 0.001701 0.229398
0.562477 0.282337 0.559790 0.268901 0.549041 0.268901 0.524857 0.282337 0.511421 0.282337 0.530231 0.373702 0.463051 0.376389 0.559790 0.494626 0.387809 0.500000 0.605473 0.483877 0.476487 0.542995 0.511421 0.623611 0.495297 0.626298 0.495297 0.819777 0.565165 0.806341 0.320629 0.857398 0.543667 1.000000 0.406369 0.151212 0.002193 0.076982 0.497246 0.530346 0.008555 0.143933
0.571218 0.267171 0.568479 0.250736 0.557522 0.250736 0.519174 0.264432 0.513696 0.267171 0.530131 0.365781 0.450695 0.384955 0.532870 0.489043 0.439738 0.532870 0.573957 0.497261 0.546566 0.524652 0.532870 0.620523 0.486304 0.628741 0.543827 0.809525 0.560262 0.801308 0.360303 0.815003 0.494522 0.995788 0.508933 0.232641 0.015010 0.082713 0.430095 0.547973 0.024437 0.110449
0.578652 0.251404 0.575843 0.237360 0.564607 0.237360 0.528090 0.251404 0.522472 0.257022 0.522472 0.360955 0.477528 0.389045 0.528090 0.492978 0.494382 0.549157 0.598315 0.523876 0.603933 0.518258 0.514045 0.619382 0.485955 0.630618 0.575843 0.782303 0.570225 0.787921 0.407303 0.810393 0.455056 0.990169 0.562833 0.321321 0.125777 0.145448 0.354521 0.554123 0.000005 0.041146
0.572973 0.270946 0.567568 0.257432 0.559459 0.257432 0.516216 0.273649 0.521622 0.273649 0.508108 0.370946 0.491892 0.379054 0.521622 0.506081 0.537838 0.516892 0.605405 0.503378 0.627027 0.497973 0.518919 0.622297 0.481081 0.627703 0.616216 0.757432 0.478378 0.803378 0.451351 0.811486 0.394595 0.981757 0.597784 0.134877 0.184950 0.008933 0.478539 0.464118 0.000005 0.203529
0.580571 0.275745 0.575199 0.262317 0.567142 0.262317 0.518800 0.275745 0.529543 0.273059 0.475829 0.372430 0.513428 0.377801 0.440915 0.487914 0.561771 0.506714 0.534914 0.509400 0.623542 0.485229 0.518800 0.619513 0.491943 0.630256 0.639656 0.737683 0.465086 0.818254 0.513428 0.869282 0.352287 0.984767 0.496946 0.144358 0.198766 0.018142 0.521924 0.492350 0.013682 0.298744
0.580051 0.285229 0.577448 0.269609 0.569638 0.269609 0.520175 0.282626 0.533192 0.277419 0.468110 0.373741 0.525382 0.376344 0.429061 0.488285 0.569638 0.496095 0.527985 0.514318 0.624307 0.477872 0.517572 0.621053 0.488936 0.628863 0.637323 0.735597 0.431664 0.800679 0.572241 0.915224 0.327532 0.969893 0.367719 0.073181 0.194239 0.056790 0.522673 0.489735 0.008288 0.359489
0.574292 0.283042 0.571662 0.269893 0.563772 0.267263 0.505917 0.283042 0.529585 0.277782 0.458581 0.375085 0.532215 0.375085 0.392836 0.480277 0.629517 0.493426 0.455951 0.561800 0.632147 0.427681 0.516436 0.622285 0.492768 0.627545 0.629517 0.751145 0.413874 0.795852 0.621628 0.948380 0.303423 0.951010 0.241996 0.057394 0.156089 0.090190 0.387512 0.768231 0.011722 0.368797
0.572186 0.286693 0.569585 0.273686 0.559180 0.273686 0.507154 0.286693 0.525363 0.284091 0.455127 0.377738 0.533167 0.372536 0.395297 0.479190 0.619010 0.484392 0.452526 0.565033 0.621611 0.424562 0.514958 0.624863 0.496748 0.624863 0.613807 0.765334 0.429114 0.793948 0.637219 0.957831 0.286042 0.916210 0.156666 0.153796 0.119580 0.075492 0.356777 0.777813 0.014910 0.316309
0.571553 0.289245 0.566349 0.276236 0.558543 0.276236 0.501301 0.291847 0.524718 0.286643 0.451865 0.377710 0.537728 0.372506 0.397225 0.481787 0.605377 0.492194 0.462272 0.541631 0.607979 0.437554 0.506505 0.624892 0.503903 0.624892 0.597572 0.775802 0.451865 0.801821 0.628794 0.976149 0.287944 0.895490 0.123616 0.243698 0.103577 0.048646 0.417141 0.821099 0.013255 0.263880
0.572301 0.285088 0.566994 0.271821 0.561688 0.271821 0.498010 0.282434 0.521889 0.285088 0.447599 0.377951 0.535155 0.372645 0.402493 0.476121 0.580260 0.489387 0.471478 0.523879 0.606793 0.460201 0.503317 0.622049 0.513929 0.627355 0.585567 0.775937 0.487397 0.821042 0.585567 0.988196 0.304324 0.863494 0.156243 0.384136 0.084809 0.016870 0.444343 0.647787 0.021976 0.199577
0.573753 0.283522 0.568290 0.272595 0.562827 0.269864 0.502732 0.286253 0.524584 0.283522 0.453563 0.376396 0.540974 0.373664 0.415321 0.493854 0.551900 0.510243 0.521853 0.515707 0.598337 0.496586 0.483610 0.624970 0.521853 0.624970 0.565558 0.805255 0.540974 0.827108 0.540974 0.999198 0.341568 0.848960 0.175935 0.495276 0.097509 0.054194 0.535789 0.565642 0.006957 0.105779
0.581189 0.282109 0.578413 0.268231 0.570086 0.265455 0.517348 0.282109 0.531226 0.279333 0.478488 0.373707 0.531226 0.376482 0.467386 0.512491 0.531226 0.534696 0.558983 0.529145 0.603394 0.526369 0.475713 0.626293 0.514572 0.623518 0.547880 0.820591 0.586740 0.823367 0.489591 0.998235 0.392442 0.834469 0.214124 0.592137 0.116700 0.131733 0.468162 0.536566 0.012373 0.002894
0.585840 0.282997 0.580346 0.269262 0.569359 0.269262 0.522662 0.282997 0.533649 0.282997 0.492446 0.370897 0.511674 0.379137 0.448496 0.489012 0.484205 0.530216 0.544637 0.519228 0.563865 0.549444 0.489699 0.620863 0.506180 0.629103 0.503434 0.821385 0.607815 0.788422 0.432015 0.991691 0.418280 0.840613 0.148162 0.595220 0.025266 0.187745 0.516459 0.481858 0.005246 0.158982
0.587642 0.278481 0.582121 0.264679 0.573840 0.264679 0.524153 0.278481 0.535195 0.281241 0.515872 0.372333 0.493789 0.377854 0.515872 0.502070 0.427540 0.513112 0.593162 0.482748 0.529674 0.551757 0.491029 0.620766 0.499310 0.629047 0.471706 0.808471 0.637328 0.758784 0.388895 0.990655 0.493789 0.869199 0.103148 0.551127 0.000930 0.252847 0.577979 0.529833 0.012304 0.292494
0.579123 0.283454 0.579123 0.269572 0.568018 0.266796 0.537479 0.280677 0.526374 0.277901 0.523598 0.377846 0.484731 0.372293 0.587451 0.500000 0.393115 0.486119 0.612438 0.461133 0.462521 0.538867 0.481954 0.622154 0.509717 0.627707 0.423654 0.797057 0.640200 0.752637 0.343143 0.977513 0.540255 0.913659 0.031163 0.433738 0.048676 0.225878 0.664819 0.508861 0.010607 0.359335
0.577314 0.277280 0.577314 0.265931 0.565965 0.263094 0.543267 0.277280 0.523407 0.274442 0.537593 0.376582 0.475174 0.373745 0.600011 0.492907 0.367361 0.481558 0.622709 0.444675 0.452477 0.532628 0.483686 0.623418 0.503546 0.626256 0.392896 0.802162 0.642569 0.765278 0.307780 0.980906 0.600011 0.980906 0.008136 0.312027 0.081157 0.214384 0.703231 0.577979 0.016263 0.399598
0.576806 0.278914 0.576806 0.264558 0.562449 0.261687 0.536608 0.276043 0.519381 0.270301 0.542351 0.379408 0.467699 0.370794 0.628488 0.488515 0.355720 0.468416 0.625617 0.439704 0.418887 0.525841 0.482055 0.623463 0.507896 0.626335 0.395918 0.798609 0.628488 0.787124 0.283939 0.970883 0.637102 1.000000 0.037976 0.192596 0.068392 0.155169 0.805979 0.536914 0.012799 0.350322
0.576660 0.278538 0.576660 0.264341 0.562464 0.264341 0.534071 0.278538 0.519875 0.275698 0.542589 0.377912 0.465929 0.372233 0.602213 0.488643 0.360876 0.474447 0.624927 0.448893 0.417661 0.528393 0.488643 0.622088 0.502839 0.627767 0.423340 0.803801 0.610731 0.798122 0.272859 0.937246 0.636284 1.000000 0.159258 0.141693 0.040605 0.134046 0.677524 0.512520 0.010848 0.289526
0.571589 0.283831 0.571589 0.269794 0.560359 0.266986 0.537900 0.281023 0.518248 0.278216 0.537900 0.379282 0.470522 0.370860 0.577203 0.497193 0.369456 0.480348 0.619314 0.474733 0.453678 0.547726 0.498596 0.623525 0.492982 0.626333 0.450871 0.817236 0.588433 0.797584 0.276812 0.893035 0.596855 1.000000 0.292372 0.149620 0.026106 0.133946 0.553542 0.522498 0.010725 0.238750
0.567360 0.287503 0.567360 0.273615 0.553471 0.273615 0.534027 0.284726 0.514583 0.281948 0.531250 0.376391 0.470139 0.373613 0.553471 0.498611 0.384030 0.490278 0.589582 0.493056 0.467362 0.548610 0.509028 0.623609 0.489583 0.626387 0.492361 0.818051 0.561805 0.795829 0.311808 0.845828 0.545138 1.000000 0.424193 0.153661 0.001323 0.103814 0.491341 0.507994 0.001768 0.155468
0.570790 0.271015 0.570790 0.256568 0.559233 0.256568 0.521671 0.271015 0.518781 0.271015 0.527449 0.372144 0.466772 0.377923 0.530339 0.510835 0.420541 0.522393 0.591016 0.487720 0.530339 0.545508 0.521671 0.623522 0.484108 0.626411 0.530339 0.811333 0.550565 0.799775 0.351196 0.825780 0.495666 1.000000 0.489066 0.199751 0.021997 0.094348 0.609228 0.532533 0.007358 0.101838
0.581692 0.270284 0.576107 0.256319 0.567728 0.253526 0.523041 0.270284 0.528627 0.270284 0.511870 0.368035 0.483941 0.382000 0.514663 0.499302 0.486734 0.532817 0.590071 0.518852 0.595657 0.530024 0.514663 0.619397 0.489527 0.630568 0.564935 0.767421 0.562142 0.784178 0.400154 0.798142 0.444840 0.957338 0.545542 0.330088 0.100678 0.133411 0.412481 0.502266 0.005334 0.036349
0.577247 0.273876 0.571629 0.259831 0.566011 0.259831 0.518258 0.271067 0.526685 0.273876 0.507023 0.369382 0.492978 0.380618 0.509831 0.507023 0.529494 0.532303 0.582865 0.512640 0.627809 0.498596 0.518258 0.619382 0.481742 0.630618 0.608146 0.751405 0.470506 0.813202 0.484551 0.787921 0.389045 0.978933 0.598828 0.125855 0.175976 0.005268 0.469068 0.529938 0.000005 0.209836
0.588193 0.279170 0.585415 0.265281 0.577082 0.265281 0.518750 0.276392 0.540972 0.279170 0.482639 0.370835 0.515972 0.379169 0.452084 0.484722 0.582638 0.512500 0.590971 0.481945 0.640970 0.470834 0.510417 0.620831 0.490972 0.629165 0.621526 0.726385 0.460417 0.806940 0.510417 0.873605 0.354863 0.965271 0.463952 0.132987 0.222937 0.022455 0.589801 0.549848 0.001768 0.312340
0.598240 0.266681 0.592461 0.255123 0.586682 0.252234 0.520226 0.269570 0.549120 0.272460 0.465327 0.376478 0.528894 0.373589 0.442212 0.486275 0.627134 0.492054 0.557788 0.483386 0.656028 0.448713 0.502889 0.622077 0.502889 0.627856 0.632912 0.737653 0.447991 0.801220 0.580903 0.931243 0.326636 0.977474 0.352246 0.094317 0.220394 0.065177 0.574004 0.592456 0.007358 0.366321
0.593214 0.276144 0.593214 0.264845 0.581916 0.262021 0.533896 0.276144 0.542370 0.276144 0.468929 0.375008 0.528247 0.375008 0.466104 0.490820 0.624286 0.487995 0.581916 0.459748 0.641234 0.420203 0.516948 0.620755 0.485877 0.629229 0.638409 0.739392 0.406786 0.807184 0.627111 0.939944 0.305097 0.956892 0.271659 0.056798 0.192320 0.080556 0.591197 0.697773 0.003595 0.386870
