0.389239 0.291986 0.400045 0.275777 0.394642 0.275777 0.432463 0.286583 0.470284 0.286583 0.470284 0.378433 0.502701 0.373030 0.470284 0.518910 0.567537 0.486493 0.389239 0.491896 0.491896 0.551328 0.508104 0.626970 0.518910 0.621567 0.470284 0.816073 0.443269 0.794461 0.578343 1.000000 0.599955 0.902520 0.228082 0.439095 0.110903 0.152004 0.602416 0.439687 0.034464 0.068441
0.397723 0.294081 0.403177 0.277717 0.397723 0.283172 0.435906 0.288627 0.468635 0.288627 0.463180 0.375903 0.506818 0.375903 0.435906 0.495909 0.588640 0.468635 0.419542 0.501364 0.495909 0.517728 0.517728 0.626824 0.512273 0.621369 0.523183 0.828652 0.419542 0.795923 0.621369 1.000000 0.555912 0.970476 0.146384 0.366546 0.059537 0.162514 0.326449 0.575147 0.038291 0.164042
0.392268 0.291354 0.403177 0.274990 0.397723 0.280444 0.430451 0.285899 0.468635 0.291354 0.457725 0.373176 0.512273 0.378631 0.468635 0.460453 0.599550 0.476817 0.424997 0.471362 0.479545 0.504091 0.490454 0.624097 0.539547 0.624097 0.408632 0.787741 0.555912 0.831379 0.479545 0.962294 0.659553 1.000000 0.270414 0.137131 0.188869 0.010145 0.461604 0.660163 0.038291 0.172661
0.400904 0.297790 0.411617 0.287077 0.406260 0.287077 0.443756 0.292433 0.470539 0.292433 0.454469 0.378138 0.524105 0.372782 0.438400 0.474556 0.599096 0.469200 0.400904 0.474556 0.502678 0.506696 0.481252 0.624540 0.540174 0.624540 0.422330 0.801307 0.583027 0.817376 0.427686 1.000000 0.690158 0.994143 0.110791 0.103831 0.136880 0.049314 0.447432 0.592358 0.027314 0.172021
0.407250 0.295950 0.417850 0.280050 0.412550 0.285350 0.444350 0.290650 0.470850 0.290650 0.454950 0.375450 0.523850 0.375450 0.417850 0.476150 0.603350 0.460250 0.401950 0.465550 0.507950 0.497350 0.513250 0.624550 0.507950 0.624550 0.587450 0.810049 0.433750 0.794149 0.714650 0.969049 0.407250 0.984949 0.093658 0.087346 0.047938 0.110984 0.574807 0.621677 0.027025 0.252393
0.421181 0.299138 0.426266 0.283882 0.421181 0.283882 0.456776 0.294052 0.477117 0.294052 0.461862 0.375414 0.517798 0.375414 0.431351 0.472032 0.599160 0.466947 0.421181 0.451691 0.517798 0.502543 0.512713 0.624586 0.507628 0.624586 0.578819 0.797480 0.446606 0.782224 0.721203 0.919523 0.421181 0.960204 0.158190 0.072395 0.052166 0.104577 0.755052 0.600023 0.025927 0.233810
0.393254 0.305189 0.403929 0.289177 0.398591 0.289177 0.435952 0.299851 0.446627 0.299851 0.457302 0.379911 0.473313 0.379911 0.414603 0.491994 0.425278 0.497331 0.366567 0.475982 0.355893 0.481319 0.526686 0.620089 0.542698 0.620089 0.419940 0.801558 0.526686 0.822907 0.414603 1.000000 0.702817 0.934990 0.161676 0.344682 0.258772 0.114597 0.486558 0.448587 0.089519 0.144175
0.412586 0.284459 0.422166 0.265300 0.417376 0.270090 0.455694 0.274880 0.474854 0.279670 0.498803 0.375465 0.479643 0.375465 0.537121 0.485631 0.489223 0.480841 0.446115 0.476051 0.403007 0.466471 0.522752 0.624535 0.498803 0.624535 0.532331 0.768228 0.498803 0.773018 0.676025 0.811336 0.546700 0.883183 0.386037 0.130548 0.009323 0.024437 0.639933 0.581426 0.027478 0.021189
0.390653 0.272440 0.402474 0.254708 0.390653 0.260619 0.432028 0.272440 0.455670 0.272440 0.497045 0.378832 0.473402 0.372921 0.514777 0.520687 0.479313 0.502955 0.414296 0.514777 0.414296 0.497045 0.526598 0.627079 0.502955 0.621168 0.538419 0.822130 0.479313 0.822130 0.627079 0.993539 0.550240 1.000000 0.132676 0.151477 0.018449 0.074993 0.558286 0.543317 0.037717 0.056545
0.381439 0.292518 0.392217 0.276351 0.381439 0.276351 0.419163 0.281740 0.462276 0.281740 0.467665 0.378745 0.500000 0.373355 0.473054 0.513473 0.526946 0.518862 0.397606 0.470360 0.510778 0.594310 0.505389 0.626645 0.526946 0.621256 0.440720 0.799097 0.467665 0.782929 0.580837 0.976938 0.597004 0.928436 0.326610 0.343166 0.162270 0.146332 0.677975 0.125479 0.041286 0.002332
0.401913 0.298731 0.407009 0.278350 0.401913 0.283445 0.437581 0.288540 0.473249 0.288540 0.478345 0.375162 0.508917 0.375162 0.457963 0.497452 0.580253 0.471975 0.391722 0.466880 0.493631 0.512739 0.508917 0.624838 0.503822 0.624838 0.534394 0.803177 0.422295 0.772605 0.610825 0.981517 0.575157 0.899990 0.083714 0.439339 0.006385 0.153986 0.585071 0.562129 0.016226 0.205648
0.395547 0.303146 0.400904 0.287077 0.395547 0.287077 0.433043 0.292433 0.470539 0.292433 0.470539 0.372782 0.508035 0.378138 0.449113 0.469200 0.588383 0.463843 0.416973 0.528122 0.508035 0.512052 0.491965 0.624540 0.529461 0.624540 0.422330 0.795950 0.540174 0.817376 0.486609 0.978073 0.652662 0.988786 0.230830 0.167195 0.149855 0.009943 0.089343 0.567715 0.027314 0.140496
0.403383 0.304223 0.408468 0.288967 0.403383 0.288967 0.433893 0.294052 0.474574 0.294052 0.459319 0.370329 0.520341 0.380500 0.444064 0.446606 0.596617 0.456776 0.413553 0.482202 0.494915 0.487287 0.484745 0.624586 0.535596 0.624586 0.438978 0.787310 0.555936 0.797480 0.433893 0.970374 0.652554 0.955119 0.078430 0.137747 0.118996 0.017408 0.162730 0.657226 0.025927 0.124547
0.397451 0.309002 0.407706 0.293620 0.402578 0.293620 0.433343 0.298747 0.474363 0.298747 0.453853 0.375659 0.520510 0.375659 0.433343 0.462826 0.592294 0.473081 0.397451 0.503846 0.489745 0.508973 0.484618 0.626905 0.541020 0.621777 0.433343 0.796111 0.592294 0.801238 0.402578 0.990955 0.705099 0.955062 0.043810 0.112825 0.132441 0.062121 0.155252 0.594968 0.032700 0.182243
0.404962 0.306071 0.410099 0.290659 0.404962 0.290659 0.440922 0.295796 0.471745 0.295796 0.456334 0.377992 0.523117 0.372854 0.425511 0.485873 0.600175 0.465324 0.379276 0.491010 0.502569 0.501284 0.482020 0.624577 0.538529 0.624577 0.440922 0.799242 0.574489 0.799242 0.410099 0.984181 0.723468 0.932809 0.020990 0.202714 0.106597 0.045167 0.376191 0.608782 0.026193 0.138190
0.404080 0.301590 0.409336 0.285823 0.404080 0.285823 0.446127 0.291079 0.472407 0.291079 0.461895 0.375173 0.524965 0.375173 0.446127 0.485546 0.598548 0.469779 0.398824 0.469779 0.503942 0.496058 0.509198 0.627455 0.503942 0.622199 0.551245 0.816667 0.430360 0.790388 0.735201 0.911273 0.440871 0.979599 0.279195 0.148940 0.010606 0.104249 0.557249 0.624172 0.016738 0.200879
0.398073 0.296145 0.403367 0.285555 0.403367 0.285555 0.435137 0.290850 0.472202 0.296145 0.456317 0.375569 0.519856 0.375569 0.456317 0.481468 0.583395 0.486763 0.382188 0.470878 0.488086 0.518532 0.509266 0.624431 0.514561 0.624431 0.519856 0.820344 0.429842 0.783279 0.715769 0.894473 0.477497 0.979192 0.367669 0.231910 0.049541 0.149187 0.545167 0.562833 0.030384 0.173147
0.395228 0.298515 0.400601 0.282396 0.395228 0.287769 0.432838 0.293142 0.459703 0.293142 0.459703 0.373736 0.502686 0.379109 0.486568 0.470449 0.529551 0.491941 0.422093 0.513432 0.416720 0.497314 0.518805 0.620891 0.518805 0.626264 0.475822 0.819689 0.443584 0.792825 0.674620 0.889537 0.518805 0.991623 0.460230 0.250167 0.142495 0.155755 0.399078 0.559257 0.048070 0.067245
0.399153 0.302339 0.404531 0.286204 0.399153 0.286204 0.436802 0.296961 0.469074 0.296961 0.458316 0.377639 0.490588 0.377639 0.517480 0.479831 0.538994 0.485209 0.426045 0.528237 0.458316 0.517480 0.517480 0.625051 0.533616 0.619672 0.463695 0.813299 0.495966 0.818677 0.635808 0.899355 0.565887 1.000000 0.441002 0.175765 0.163300 0.115521 0.512063 0.513480 0.065519 0.029068
0.393345 0.307500 0.403750 0.291892 0.393345 0.291892 0.429764 0.302298 0.460980 0.302298 0.455777 0.375135 0.492196 0.380338 0.523412 0.458378 0.549426 0.489595 0.476588 0.515608 0.507804 0.536419 0.507804 0.624865 0.544223 0.619662 0.429764 0.801756 0.513007 0.796553 0.580642 0.926621 0.585844 0.973445 0.412196 0.179934 0.197635 0.123738 0.435463 0.384886 0.066730 0.076655
0.397678 0.296651 0.408040 0.281109 0.402859 0.281109 0.439125 0.296651 0.459848 0.291470 0.475391 0.374364 0.480572 0.379545 0.558285 0.457258 0.490934 0.483162 0.454667 0.498705 0.423582 0.477981 0.506476 0.623045 0.537561 0.623045 0.428763 0.783652 0.553104 0.809556 0.527200 0.959801 0.646359 0.985706 0.305658 0.128520 0.183033 0.046716 0.628881 0.556163 0.056364 0.169915
0.400653 0.288060 0.411250 0.272164 0.405952 0.277463 0.443041 0.288060 0.448340 0.288060 0.485429 0.372836 0.458937 0.383433 0.580802 0.447015 0.400653 0.484104 0.464235 0.494702 0.321176 0.484104 0.511922 0.621866 0.543713 0.621866 0.437743 0.796716 0.586101 0.807313 0.474832 1.000000 0.692071 0.987462 0.182861 0.097725 0.161451 0.037212 0.665978 0.332952 0.071434 0.199243
0.402624 0.298924 0.412741 0.283749 0.402624 0.283749 0.438033 0.293866 0.453209 0.293866 0.483560 0.374802 0.468384 0.379860 0.569555 0.445621 0.427916 0.481031 0.458267 0.491148 0.382390 0.491148 0.503794 0.622669 0.544262 0.622669 0.438033 0.794658 0.589789 0.789600 0.422858 0.991940 0.696017 0.951472 0.091810 0.100110 0.142174 0.011661 0.657103 0.309277 0.061570 0.200998
0.407576 0.292970 0.417435 0.283112 0.407576 0.283112 0.447010 0.292970 0.466727 0.292970 0.491374 0.371839 0.466727 0.381697 0.575172 0.445778 0.427293 0.485212 0.471657 0.485212 0.368142 0.480283 0.501232 0.623232 0.540667 0.623232 0.447010 0.785898 0.589959 0.780969 0.412505 0.968282 0.713191 0.928847 0.042899 0.124731 0.114893 0.001847 0.654010 0.410607 0.053600 0.198828
0.412373 0.276949 0.422994 0.266327 0.412373 0.266327 0.449548 0.282260 0.460169 0.276949 0.497345 0.372542 0.449548 0.383164 0.582317 0.468136 0.396441 0.478757 0.465480 0.489379 0.348644 0.473446 0.513277 0.622147 0.539831 0.622147 0.449548 0.802712 0.582317 0.808023 0.433616 1.000000 0.746949 0.935481 0.082922 0.218768 0.128290 0.043447 0.674048 0.373809 0.068138 0.179528
0.411414 0.287129 0.421992 0.271263 0.411414 0.271263 0.453724 0.287129 0.453724 0.287129 0.496033 0.377037 0.459012 0.377037 0.570075 0.482812 0.448435 0.482812 0.453724 0.493389 0.406125 0.482812 0.517188 0.625607 0.527766 0.620318 0.437858 0.794846 0.548921 0.800134 0.469590 0.995817 0.712871 0.900620 0.189375 0.287699 0.166552 0.050394 0.665542 0.468274 0.057550 0.176804
0.411531 0.269150 0.417060 0.258092 0.411531 0.258092 0.450236 0.269150 0.466824 0.269150 0.488941 0.379737 0.466824 0.374208 0.538705 0.506912 0.466824 0.495853 0.439177 0.501382 0.428119 0.501382 0.511059 0.623028 0.533176 0.623028 0.444707 0.805496 0.522117 0.811025 0.505529 1.000000 0.710115 0.882907 0.205411 0.402455 0.139875 0.101655 0.636391 0.454833 0.056619 0.092315
0.399653 0.274562 0.410650 0.263565 0.405151 0.263565 0.443640 0.274562 0.460136 0.274562 0.493127 0.379033 0.471133 0.373535 0.515121 0.516495 0.482130 0.500000 0.416148 0.500000 0.410650 0.505498 0.520619 0.626465 0.515121 0.620967 0.460136 0.807915 0.498625 0.802417 0.553610 0.989366 0.669079 0.895891 0.253835 0.369192 0.137640 0.084861 0.603070 0.503172 0.045662 0.073558
0.396023 0.285381 0.406688 0.269385 0.401355 0.269385 0.438680 0.280049 0.465341 0.280049 0.476005 0.381360 0.492002 0.370696 0.481338 0.514663 0.555987 0.477338 0.396023 0.482671 0.449345 0.488003 0.518663 0.626638 0.513330 0.621306 0.486670 0.802599 0.454677 0.781270 0.587980 0.983892 0.609309 0.893245 0.219457 0.412370 0.112059 0.138893 0.626926 0.640295 0.040847 0.054619
0.395567 0.292439 0.406010 0.276774 0.395567 0.281995 0.437340 0.287217 0.463448 0.287217 0.463448 0.375985 0.505222 0.375985 0.453005 0.506527 0.593990 0.464754 0.390345 0.469975 0.500000 0.475197 0.515665 0.626625 0.515665 0.621404 0.515665 0.798940 0.432118 0.778054 0.630542 0.976477 0.557438 0.939925 0.182807 0.365663 0.065379 0.169495 0.642681 0.714777 0.039996 0.155958
0.402979 0.295608 0.413328 0.280085 0.408153 0.285259 0.439200 0.290434 0.475421 0.290434 0.459898 0.378400 0.511643 0.373225 0.439200 0.492238 0.599609 0.461191 0.418502 0.492238 0.511643 0.507762 0.516817 0.626775 0.511643 0.621600 0.568562 0.813056 0.428851 0.776834 0.672051 0.983813 0.496119 0.968290 0.087190 0.263508 0.014537 0.155958 0.442751 0.595015 0.036315 0.242203
0.397932 0.299790 0.408401 0.284088 0.403167 0.284088 0.439806 0.294556 0.471212 0.294556 0.455509 0.378304 0.518320 0.373070 0.434572 0.493457 0.602068 0.462052 0.413635 0.503926 0.507851 0.509160 0.486914 0.624313 0.539257 0.624313 0.439806 0.797043 0.565428 0.807512 0.434572 1.000000 0.691050 0.985476 0.076591 0.150486 0.125167 0.018702 0.295167 0.592774 0.033383 0.129918
0.406869 0.297378 0.416937 0.287309 0.411903 0.287309 0.447142 0.292344 0.472312 0.297378 0.462244 0.377923 0.517619 0.372889 0.406869 0.478605 0.598165 0.453435 0.351494 0.463503 0.507551 0.483639 0.517619 0.624594 0.502517 0.624594 0.593131 0.790719 0.447142 0.780651 0.713949 0.946776 0.411903 0.966912 0.073905 0.049020 0.065508 0.089461 0.424691 0.647584 0.025666 0.244337
0.403383 0.299138 0.413553 0.283882 0.408468 0.283882 0.444064 0.294052 0.474574 0.294052 0.459319 0.375414 0.520341 0.375414 0.428808 0.461862 0.596617 0.461862 0.413553 0.461862 0.510170 0.487287 0.484745 0.624586 0.535596 0.624586 0.438978 0.787310 0.571192 0.797480 0.403383 0.975459 0.718660 0.929693 0.027753 0.202714 0.119639 0.045167 0.392000 0.639078 0.025927 0.151901
0.412991 0.292218 0.418186 0.276635 0.412991 0.281829 0.444159 0.287024 0.480520 0.292218 0.459742 0.375331 0.522077 0.375331 0.444159 0.484416 0.605190 0.468833 0.428575 0.479222 0.511688 0.494805 0.511688 0.624669 0.506493 0.624669 0.558439 0.811673 0.444159 0.785700 0.729859 0.910369 0.438964 0.977898 0.255735 0.108962 0.012600 0.097694 0.557249 0.645052 0.023169 0.195542
0.404216 0.282433 0.409689 0.266012 0.404216 0.271486 0.442529 0.282433 0.475370 0.282433 0.458950 0.375480 0.519157 0.375480 0.458950 0.495895 0.579364 0.490422 0.393269 0.484948 0.469896 0.512315 0.508210 0.627256 0.513683 0.621783 0.530104 0.835245 0.437056 0.796932 0.710726 0.911873 0.469896 0.999447 0.338902 0.182447 0.028118 0.124202 0.552568 0.590756 0.027912 0.164658
0.398013 0.294667 0.403453 0.278349 0.398013 0.278349 0.436088 0.289228 0.468724 0.289228 0.452406 0.376256 0.512238 0.376256 0.474163 0.495921 0.572070 0.495921 0.398013 0.506799 0.474163 0.523117 0.512238 0.626463 0.523117 0.621024 0.479603 0.833156 0.446967 0.805960 0.675417 0.909306 0.517678 1.000000 0.431790 0.234641 0.124562 0.138472 0.512082 0.561339 0.045167 0.074486
0.396329 0.293988 0.406962 0.278039 0.401646 0.278039 0.438861 0.288671 0.465443 0.288671 0.460127 0.373735 0.502658 0.379051 0.502658 0.474747 0.529240 0.496013 0.422912 0.501329 0.433544 0.496013 0.507975 0.623607 0.529240 0.623607 0.449494 0.804366 0.497342 0.804366 0.614304 0.900062 0.539873 0.974492 0.432147 0.133579 0.159823 0.090064 0.524437 0.571135 0.047560 0.044000
0.398282 0.305464 0.403368 0.290206 0.398282 0.290206 0.438969 0.300378 0.459313 0.300378 0.464399 0.376667 0.494914 0.376667 0.520344 0.473299 0.535601 0.483471 0.433883 0.503814 0.444055 0.503814 0.505086 0.625876 0.535601 0.620790 0.428797 0.793712 0.510172 0.788626 0.576289 0.920859 0.581375 0.951375 0.409335 0.179139 0.187314 0.100433 0.559047 0.546254 0.052036 0.087935
0.400177 0.297795 0.410415 0.282437 0.400177 0.282437 0.441130 0.292675 0.461607 0.292675 0.471845 0.374581 0.482083 0.379701 0.553751 0.461607 0.507679 0.482083 0.456487 0.492321 0.425773 0.487202 0.502560 0.625419 0.543513 0.620299 0.425773 0.789231 0.548632 0.799469 0.517917 0.963281 0.635657 0.978638 0.294512 0.134833 0.178311 0.070479 0.642993 0.558111 0.058998 0.148619
0.405167 0.295162 0.415283 0.285046 0.405167 0.285046 0.445629 0.290104 0.455745 0.295162 0.486091 0.371028 0.481034 0.381143 0.561957 0.451952 0.491149 0.482298 0.465860 0.487356 0.425398 0.487356 0.501264 0.623914 0.531611 0.623914 0.430456 0.780704 0.572073 0.785762 0.460803 0.977956 0.663112 0.962783 0.183615 0.073221 0.154101 0.012599 0.627375 0.507288 0.041980 0.213004
0.411117 0.298447 0.421132 0.283425 0.411117 0.283425 0.451177 0.293440 0.466199 0.293440 0.486229 0.373560 0.481222 0.378568 0.566350 0.453680 0.486229 0.478718 0.476214 0.483726 0.421132 0.473711 0.496244 0.628944 0.536304 0.618929 0.441162 0.789184 0.586380 0.784177 0.416124 0.974462 0.691537 0.939410 0.062635 0.095867 0.117868 0.021950 0.647584 0.540339 0.041560 0.199049
0.421907 0.294231 0.426865 0.279357 0.421907 0.279357 0.456615 0.289273 0.466532 0.289273 0.496281 0.373564 0.471490 0.378522 0.580572 0.457855 0.466532 0.482646 0.481406 0.492563 0.411991 0.512396 0.501240 0.626436 0.530989 0.621478 0.446699 0.790059 0.585530 0.785101 0.402074 0.963599 0.714446 0.923933 0.022301 0.135800 0.108657 0.025968 0.642833 0.325907 0.041150 0.204833
0.411744 0.281337 0.417013 0.265530 0.411744 0.265530 0.448627 0.281337 0.464434 0.276068 0.496048 0.376179 0.469703 0.376179 0.575083 0.465751 0.474972 0.476290 0.459165 0.481559 0.411744 0.471020 0.506586 0.623821 0.527662 0.623821 0.438089 0.802967 0.559276 0.808236 0.411744 0.997920 0.727884 0.924154 0.073491 0.254244 0.129784 0.019139 0.686992 0.543202 0.043744 0.170289
0.417439 0.284072 0.427601 0.268830 0.422520 0.268830 0.453004 0.284072 0.478407 0.278991 0.493649 0.375524 0.483488 0.375524 0.554617 0.477137 0.498730 0.482218 0.453004 0.487298 0.422520 0.477137 0.498730 0.624476 0.524133 0.624476 0.427601 0.771815 0.534294 0.792138 0.442843 0.964880 0.707037 0.868348 0.168241 0.348477 0.149658 0.032246 0.640295 0.566357 0.029151 0.162431
0.420783 0.281829 0.425978 0.266246 0.420783 0.266246 0.451950 0.281829 0.477923 0.276635 0.493507 0.375331 0.488312 0.375331 0.535063 0.489611 0.519480 0.489611 0.441561 0.494805 0.441561 0.505195 0.498701 0.624669 0.519480 0.624669 0.431172 0.780505 0.514285 0.785700 0.483118 0.962314 0.690899 0.853229 0.218745 0.394017 0.136790 0.049848 0.593352 0.521918 0.023169 0.119895
0.404839 0.281532 0.415561 0.265448 0.410200 0.270810 0.447729 0.281532 0.469173 0.276171 0.490618 0.378033 0.490618 0.372672 0.517424 0.506701 0.501340 0.495979 0.420923 0.490618 0.426284 0.490618 0.501340 0.624647 0.517424 0.624647 0.447729 0.796205 0.485257 0.796205 0.517424 0.978485 0.656814 0.876623 0.212658 0.419471 0.110242 0.092734 0.617948 0.550308 0.023914 0.037413
0.401383 0.294981 0.406574 0.279410 0.401383 0.279410 0.437716 0.289791 0.463668 0.289791 0.474048 0.378027 0.505190 0.372837 0.479239 0.512976 0.551903 0.497405 0.401383 0.481834 0.432526 0.492215 0.500000 0.627163 0.520761 0.621973 0.448097 0.793254 0.463668 0.782874 0.557094 0.969726 0.598616 0.897061 0.272530 0.385002 0.129449 0.128406 0.633356 0.628031 0.026465 0.012126
0.404720 0.295277 0.415021 0.279826 0.404720 0.284977 0.445922 0.290127 0.461373 0.290127 0.476824 0.377681 0.512876 0.372531 0.466523 0.511588 0.574679 0.475536 0.399570 0.470386 0.451073 0.475536 0.507725 0.624894 0.502575 0.624894 0.502575 0.800003 0.430471 0.774251 0.605580 0.969961 0.554078 0.928759 0.182795 0.357940 0.048943 0.130178 0.651160 0.672021 0.013118 0.133804
0.402825 0.296458 0.408078 0.280700 0.402825 0.280700 0.439594 0.291205 0.476363 0.291205 0.465858 0.375249 0.518384 0.375249 0.450099 0.501313 0.591922 0.469797 0.397573 0.464544 0.507879 0.490808 0.486868 0.627378 0.528890 0.622125 0.423836 0.784959 0.528890 0.811222 0.507879 0.974055 0.623438 0.984561 0.254244 0.158947 0.147584 0.013537 0.654817 0.632437 0.020077 0.121119
