0.552685 0.276345 0.560950 0.261882 0.532025 0.259816 0.567148 0.276345 0.484504 0.274279 0.589875 0.381716 0.432852 0.369319 0.618801 0.489153 0.362604 0.454029 0.614668 0.489153 0.403926 0.489153 0.527892 0.627582 0.449381 0.621383 0.441116 0.803200 0.521694 0.815596 0.329547 0.904439 0.519628 1.000000 0.119358 0.116518 0.067474 0.092614 0.583714 0.496129 0.028977 0.259540
0.550097 0.278140 0.560321 0.263827 0.529649 0.263827 0.566456 0.278140 0.482619 0.276096 0.584859 0.380380 0.431500 0.370156 0.613486 0.472395 0.361977 0.453992 0.611441 0.486709 0.402873 0.490798 0.533739 0.627799 0.449903 0.621665 0.460127 0.799562 0.513291 0.815920 0.327215 0.842502 0.550097 1.000000 0.271650 0.045850 0.064027 0.077152 0.141176 0.487115 0.020843 0.229283
0.551168 0.277932 0.559354 0.263605 0.530701 0.261559 0.565495 0.279979 0.483626 0.273839 0.581868 0.380268 0.430412 0.370034 0.602335 0.488743 0.352637 0.460089 0.588008 0.507163 0.401758 0.494883 0.538887 0.627919 0.448832 0.621779 0.473393 0.805983 0.512280 0.812123 0.334217 0.799842 0.542981 1.000000 0.401843 0.056821 0.057492 0.079167 0.269777 0.530577 0.015642 0.214607
0.549962 0.285949 0.555839 0.272234 0.532328 0.272234 0.559758 0.283990 0.485305 0.283990 0.575432 0.374116 0.434364 0.376076 0.581310 0.474040 0.357952 0.472080 0.589147 0.513225 0.418690 0.495592 0.538206 0.626863 0.451998 0.622945 0.500980 0.801239 0.516654 0.799280 0.365789 0.752257 0.518613 0.991289 0.543698 0.108620 0.020401 0.089170 0.044130 0.596420 0.012476 0.178817
0.555036 0.276289 0.563190 0.262020 0.536691 0.262020 0.567266 0.274250 0.487770 0.276289 0.571343 0.376169 0.440887 0.374130 0.559113 0.480126 0.361391 0.480126 0.581535 0.529047 0.438849 0.500510 0.536691 0.626889 0.451079 0.622812 0.522422 0.816457 0.506115 0.810342 0.412350 0.824611 0.432734 0.900031 0.452551 0.309140 0.019803 0.077827 0.174074 0.622924 0.015578 0.114779
0.560034 0.273838 0.566244 0.261417 0.539333 0.261417 0.570385 0.273838 0.493790 0.273838 0.564174 0.379415 0.452387 0.371134 0.541403 0.495342 0.377862 0.489132 0.578665 0.538815 0.479299 0.497412 0.533122 0.627831 0.450317 0.621620 0.547613 0.816213 0.481369 0.820353 0.421335 0.828633 0.417195 0.998384 0.493228 0.159462 0.064021 0.051968 0.287302 0.653382 0.021102 0.024900
0.557051 0.278358 0.565129 0.264222 0.538876 0.264222 0.565129 0.278358 0.492427 0.276339 0.557051 0.381354 0.460115 0.369236 0.544934 0.492427 0.399529 0.480310 0.579266 0.528778 0.510602 0.478290 0.530798 0.625715 0.452037 0.623695 0.565129 0.797373 0.443958 0.807471 0.456076 0.868056 0.373276 0.958935 0.379782 0.125000 0.096901 0.003881 0.275496 0.664734 0.021874 0.076816
0.558481 0.277139 0.564804 0.262387 0.537407 0.262387 0.569019 0.275031 0.488936 0.275031 0.545837 0.380403 0.465754 0.369866 0.512118 0.504742 0.404639 0.485775 0.560589 0.538461 0.528977 0.475238 0.535300 0.626973 0.453110 0.622758 0.579556 0.810320 0.410961 0.812427 0.495258 0.953626 0.328771 0.966270 0.244644 0.086580 0.088986 0.053702 0.390825 0.681364 0.014763 0.144996
0.560876 0.279197 0.567066 0.264752 0.540240 0.264752 0.569130 0.277133 0.492777 0.279197 0.544367 0.380312 0.468015 0.369994 0.509286 0.504127 0.414361 0.481428 0.558812 0.528890 0.538176 0.462856 0.536113 0.627942 0.451506 0.621751 0.579448 0.803346 0.395789 0.797156 0.538176 1.000000 0.304992 0.912716 0.142477 0.114083 0.087704 0.077059 0.440301 0.690226 0.015771 0.174999
0.558768 0.278450 0.567089 0.263888 0.540045 0.265968 0.569169 0.276370 0.492199 0.276370 0.544206 0.380384 0.469316 0.369982 0.508841 0.505201 0.411068 0.476077 0.558768 0.532244 0.533805 0.465675 0.535885 0.627937 0.450593 0.621697 0.575410 0.825564 0.396506 0.802681 0.583731 1.000000 0.280010 0.869250 0.050107 0.242313 0.073528 0.068805 0.429868 0.686731 0.017225 0.155271
0.562116 0.279200 0.568380 0.264585 0.541237 0.264585 0.570468 0.275024 0.493214 0.277112 0.549589 0.381509 0.466071 0.368982 0.516182 0.496346 0.405521 0.475467 0.568380 0.523489 0.522445 0.483818 0.534973 0.627886 0.449367 0.621623 0.570468 0.826241 0.397169 0.811625 0.597611 1.000000 0.269804 0.819977 0.014803 0.393815 0.075225 0.064328 0.437476 0.641878 0.019951 0.141706
0.561888 0.275329 0.568129 0.260767 0.541086 0.262848 0.574370 0.273249 0.495319 0.275329 0.553567 0.383504 0.459955 0.366862 0.530684 0.491679 0.391305 0.472956 0.591012 0.520803 0.530684 0.497920 0.539005 0.626897 0.447473 0.622737 0.570210 0.826605 0.410028 0.816203 0.576450 1.000000 0.295612 0.780838 0.039596 0.534566 0.068359 0.045341 0.423194 0.626394 0.017225 0.110193
0.559274 0.276422 0.565514 0.261863 0.538476 0.261863 0.569673 0.272262 0.490641 0.276422 0.557194 0.380412 0.457364 0.370013 0.530157 0.484402 0.365853 0.463604 0.594631 0.511439 0.465683 0.498960 0.538476 0.625828 0.446965 0.623748 0.565514 0.819249 0.419928 0.823409 0.525997 1.000000 0.322177 0.765174 0.107692 0.628179 0.068439 0.029806 0.454574 0.638077 0.018547 0.087052
0.555631 0.274384 0.563873 0.259961 0.535027 0.262021 0.570054 0.272323 0.493819 0.274384 0.567994 0.383586 0.450550 0.367103 0.563873 0.484547 0.357831 0.455701 0.613323 0.509272 0.448489 0.509272 0.535027 0.626716 0.446429 0.622595 0.547390 0.812154 0.448489 0.822456 0.475275 0.981109 0.345468 0.768885 0.149602 0.655917 0.064088 0.008415 0.365401 0.587348 0.023633 0.017908
0.557028 0.273519 0.565717 0.258312 0.533130 0.260485 0.574407 0.271347 0.489681 0.273519 0.583097 0.386488 0.441886 0.364763 0.591787 0.497284 0.352815 0.456007 0.628719 0.516837 0.422334 0.512492 0.530958 0.629805 0.444059 0.618943 0.507061 0.840536 0.483163 0.825328 0.411472 1.000000 0.357160 0.829673 0.125813 0.548633 0.031250 0.056884 0.320101 0.528977 0.031863 0.095548
0.556429 0.274831 0.567386 0.259491 0.536706 0.259491 0.576152 0.274831 0.490686 0.274831 0.587109 0.384402 0.438092 0.366871 0.600258 0.472059 0.354818 0.456719 0.628746 0.493974 0.420561 0.500548 0.530132 0.627650 0.444667 0.621076 0.479729 0.820496 0.519175 0.800773 0.389881 0.989235 0.396455 0.927875 0.074369 0.369530 0.008136 0.116884 0.243892 0.550751 0.032142 0.206489
0.554608 0.276603 0.565640 0.263364 0.532544 0.261158 0.576672 0.276603 0.486210 0.274396 0.594323 0.380303 0.435463 0.371478 0.616387 0.459733 0.356033 0.455321 0.627419 0.484004 0.408986 0.497242 0.523719 0.627419 0.446495 0.620800 0.446495 0.817169 0.530338 0.799518 0.369271 0.969410 0.461940 0.982648 0.026395 0.253407 0.034443 0.125552 0.049555 0.528246 0.038015 0.262656
0.546728 0.279943 0.557595 0.264729 0.524994 0.264729 0.568462 0.277770 0.479353 0.277770 0.590196 0.379920 0.433711 0.371226 0.629317 0.479896 0.357642 0.453815 0.622797 0.484243 0.398937 0.490763 0.527167 0.627687 0.448925 0.621167 0.438058 0.808079 0.529341 0.808079 0.338082 0.929790 0.516300 1.000000 0.072847 0.148215 0.066754 0.109976 0.431559 0.504592 0.030486 0.275373
0.545257 0.283831 0.555906 0.268923 0.523960 0.266793 0.564425 0.279572 0.479235 0.279572 0.587852 0.379670 0.432381 0.371151 0.619798 0.484027 0.359969 0.458470 0.617668 0.492546 0.398305 0.492546 0.530349 0.626720 0.449419 0.622460 0.453678 0.799229 0.517570 0.816267 0.334412 0.856732 0.553776 1.000000 0.223871 0.056541 0.060332 0.086087 0.172538 0.489079 0.025789 0.240759
0.546503 0.282279 0.557072 0.267483 0.527479 0.265369 0.565528 0.280166 0.480976 0.278052 0.584552 0.379514 0.432359 0.371059 0.595121 0.487317 0.358376 0.459838 0.603576 0.493659 0.400652 0.493659 0.533821 0.628941 0.449269 0.620486 0.468293 0.810727 0.512683 0.812841 0.341466 0.806500 0.557072 1.000000 0.400482 0.037944 0.046255 0.079819 0.264060 0.506365 0.021547 0.211491
0.544753 0.284562 0.555160 0.269991 0.526019 0.267910 0.563487 0.282480 0.482307 0.278317 0.580139 0.378231 0.430269 0.371986 0.594710 0.478144 0.355334 0.463573 0.586383 0.511448 0.407372 0.496878 0.538508 0.628014 0.451084 0.621769 0.492715 0.809107 0.509367 0.815351 0.369905 0.771639 0.528101 1.000000 0.515417 0.065870 0.026271 0.066623 0.124074 0.537057 0.013255 0.171927
0.550197 0.279987 0.558741 0.267171 0.530973 0.265034 0.563013 0.282123 0.483980 0.279987 0.577966 0.376109 0.428442 0.373973 0.580102 0.470095 0.353681 0.474367 0.586510 0.523497 0.424170 0.504272 0.541653 0.628163 0.451939 0.621755 0.507476 0.807591 0.509612 0.820408 0.394266 0.773414 0.490388 1.000000 0.533412 0.118798 0.014367 0.059845 0.030783 0.576031 0.008160 0.149853
0.555602 0.280741 0.561896 0.266053 0.536718 0.263955 0.566092 0.280741 0.488460 0.278643 0.568191 0.379355 0.444398 0.370962 0.551405 0.490558 0.368864 0.480067 0.576583 0.530424 0.452791 0.501049 0.536718 0.626940 0.450693 0.622743 0.543013 0.817874 0.492656 0.811579 0.448595 0.864033 0.442300 1.000000 0.365748 0.152557 0.050737 0.061648 0.226996 0.614772 0.016035 0.059114
0.553459 0.278065 0.564259 0.262945 0.534019 0.260785 0.568578 0.280225 0.490820 0.273745 0.564259 0.381743 0.451941 0.368783 0.540499 0.498380 0.382823 0.483260 0.577218 0.528619 0.484340 0.491900 0.534019 0.625817 0.449781 0.623657 0.559939 0.822373 0.454101 0.824533 0.454101 0.841813 0.391462 0.986529 0.483914 0.124288 0.080971 0.009541 0.344674 0.645878 0.020640 0.034890
0.559160 0.280572 0.565613 0.267664 0.537647 0.265513 0.572067 0.278420 0.492471 0.278420 0.554857 0.381681 0.460202 0.368773 0.537647 0.495697 0.395664 0.480639 0.574218 0.527966 0.498924 0.489244 0.533345 0.626924 0.451597 0.622622 0.582823 0.805479 0.427933 0.811933 0.481714 0.934554 0.354790 0.966823 0.297563 0.100848 0.113898 0.028798 0.317555 0.640100 0.019185 0.125631
0.552636 0.280417 0.561143 0.265530 0.531369 0.265530 0.567523 0.278290 0.486708 0.278290 0.544129 0.382499 0.463314 0.367612 0.520736 0.499468 0.403766 0.473948 0.567523 0.522862 0.524989 0.467568 0.537749 0.627071 0.454807 0.622818 0.584537 0.803589 0.412273 0.799335 0.524989 0.984360 0.322951 0.926938 0.183766 0.119134 0.090777 0.064660 0.415249 0.679231 0.009479 0.157741
0.553832 0.282058 0.562194 0.267424 0.530836 0.267424 0.568466 0.279968 0.486934 0.282058 0.543379 0.380315 0.466028 0.369862 0.516202 0.497387 0.405402 0.470209 0.566376 0.520383 0.526655 0.461847 0.537108 0.627002 0.453485 0.622821 0.581010 0.810972 0.409583 0.796338 0.572647 1.000000 0.309236 0.877870 0.087420 0.203931 0.082657 0.063110 0.435810 0.694912 0.011981 0.153447
0.554404 0.279794 0.560622 0.265286 0.531606 0.265286 0.568912 0.277721 0.486010 0.281866 0.546114 0.381348 0.465285 0.368912 0.519171 0.487047 0.398964 0.466321 0.568912 0.516062 0.521243 0.472539 0.537824 0.627979 0.450777 0.621761 0.573057 0.816579 0.411399 0.799999 0.593782 1.000000 0.293265 0.835232 0.025749 0.338527 0.069482 0.050969 0.411355 0.674101 0.014518 0.127999
0.559521 0.280189 0.565787 0.265569 0.536548 0.265569 0.572052 0.278100 0.492690 0.280189 0.549079 0.382524 0.465540 0.367904 0.528194 0.489036 0.390355 0.468151 0.586672 0.522451 0.511487 0.482770 0.536548 0.626875 0.448832 0.622698 0.569964 0.821102 0.415417 0.810660 0.584583 1.000000 0.304728 0.791864 0.032207 0.497539 0.070541 0.035160 0.396382 0.666601 0.018624 0.110235
0.557861 0.275457 0.562108 0.258470 0.534504 0.260594 0.568478 0.273334 0.489914 0.279704 0.559984 0.383747 0.455941 0.366760 0.536628 0.496284 0.373131 0.462311 0.600328 0.517518 0.479297 0.492037 0.540874 0.625808 0.443201 0.623684 0.562108 0.825402 0.426214 0.827525 0.542998 1.000000 0.322170 0.765948 0.063185 0.643639 0.058814 0.010693 0.462723 0.640401 0.020290 0.060201
0.554909 0.271836 0.559173 0.256909 0.531453 0.259042 0.565571 0.269703 0.488805 0.278233 0.565571 0.382719 0.450422 0.367793 0.548512 0.487206 0.360862 0.455220 0.608218 0.508529 0.458952 0.504265 0.539982 0.625810 0.444025 0.623678 0.546379 0.819856 0.448290 0.828386 0.482408 0.998976 0.341671 0.764415 0.119678 0.678651 0.043873 0.014586 0.442327 0.606251 0.020376 0.003859
0.552965 0.270486 0.559585 0.255038 0.533103 0.257245 0.566206 0.268279 0.488966 0.274900 0.577240 0.383036 0.440415 0.367588 0.579447 0.486759 0.354347 0.458070 0.621378 0.517655 0.427173 0.513241 0.537517 0.627998 0.444828 0.621378 0.522069 0.835444 0.482345 0.826616 0.427173 1.000000 0.367588 0.811168 0.142046 0.600144 0.027512 0.052015 0.291093 0.535673 0.022498 0.081210
0.557873 0.272481 0.564681 0.256594 0.535178 0.258864 0.571490 0.270211 0.489787 0.272481 0.589646 0.383687 0.437588 0.367801 0.596455 0.490355 0.355886 0.463120 0.630497 0.506241 0.417163 0.510780 0.530638 0.628795 0.442127 0.619717 0.517021 0.833052 0.505674 0.808087 0.401276 0.971492 0.383120 0.994187 0.200465 0.288934 0.054010 0.097831 0.340727 0.515146 0.034745 0.124755
0.553187 0.275737 0.559767 0.262578 0.531254 0.262578 0.566347 0.277931 0.485195 0.277931 0.588279 0.381015 0.434750 0.370048 0.599246 0.473132 0.360179 0.457779 0.623372 0.488485 0.412817 0.503838 0.526868 0.626662 0.450103 0.622275 0.463263 0.806511 0.531254 0.791158 0.397464 0.973200 0.441330 0.955653 0.011469 0.301829 0.030224 0.123233 0.281888 0.495437 0.029364 0.250788
0.549118 0.277039 0.560155 0.261586 0.529250 0.261586 0.568985 0.277039 0.482892 0.274832 0.582231 0.380793 0.434326 0.369756 0.599891 0.460264 0.359270 0.451434 0.604306 0.475717 0.405628 0.493377 0.533665 0.628037 0.449779 0.621414 0.449779 0.804639 0.522627 0.798017 0.350440 0.921639 0.498344 1.000000 0.082919 0.159065 0.079415 0.105013 0.018981 0.502461 0.021096 0.265688
0.545806 0.274832 0.556844 0.259379 0.523731 0.259379 0.565674 0.274832 0.477373 0.272624 0.583334 0.383001 0.433222 0.367548 0.625277 0.493377 0.360374 0.451434 0.600995 0.480132 0.393487 0.488962 0.534769 0.628037 0.448675 0.621414 0.461920 0.798017 0.517108 0.815677 0.340506 0.866450 0.543599 1.000000 0.207746 0.070534 0.066600 0.088459 0.774540 0.457752 0.021096 0.236692
0.549634 0.278010 0.558361 0.262738 0.527817 0.262738 0.564906 0.280192 0.484183 0.273646 0.575815 0.382732 0.434003 0.367460 0.597632 0.483092 0.362006 0.452548 0.612904 0.483092 0.396914 0.491819 0.538726 0.627085 0.451457 0.622722 0.475456 0.792896 0.510363 0.821259 0.340189 0.816895 0.549634 1.000000 0.328075 0.035121 0.068083 0.070079 0.431862 0.454833 0.012504 0.207842
0.549220 0.280945 0.557874 0.265800 0.529748 0.265800 0.560037 0.280945 0.482151 0.276618 0.575182 0.380466 0.432390 0.369649 0.603308 0.477824 0.356668 0.456189 0.598981 0.503786 0.399938 0.497296 0.538402 0.627106 0.454025 0.622779 0.501623 0.798023 0.501623 0.819658 0.367485 0.791533 0.525421 1.000000 0.447922 0.041639 0.020348 0.048365 0.142087 0.486971 0.009643 0.142974
0.555724 0.277105 0.564639 0.261503 0.535663 0.259274 0.571326 0.277105 0.486626 0.272647 0.582471 0.379637 0.430903 0.370721 0.593616 0.473253 0.350661 0.468795 0.602532 0.520061 0.415300 0.495542 0.535663 0.627050 0.450963 0.622592 0.513374 0.832113 0.495542 0.809824 0.450963 0.932416 0.435361 0.816510 0.142707 0.539180 0.025054 0.049104 0.022196 0.593389 0.017036 0.108866
0.552753 0.274993 0.561365 0.259921 0.533374 0.259921 0.565672 0.277147 0.488158 0.272840 0.572131 0.378346 0.438635 0.371886 0.565672 0.475239 0.358967 0.473085 0.591510 0.524761 0.440788 0.494617 0.537681 0.625961 0.451554 0.623807 0.539834 0.819746 0.481698 0.808980 0.412796 0.776683 0.442941 0.985541 0.607569 0.120149 0.047541 0.035058 0.174260 0.630375 0.013712 0.047831
0.559984 0.277580 0.568478 0.262717 0.540874 0.260594 0.572724 0.277580 0.496284 0.273334 0.564231 0.379501 0.451694 0.371007 0.540874 0.494161 0.379501 0.479297 0.585464 0.532381 0.475051 0.492037 0.532381 0.625808 0.451694 0.623684 0.562108 0.802045 0.466557 0.808415 0.438954 0.799922 0.404981 0.971912 0.558678 0.140209 0.094124 0.025556 0.338403 0.644975 0.020290 0.027634
0.561253 0.274677 0.567816 0.259364 0.541564 0.259364 0.570003 0.274677 0.495625 0.274677 0.556878 0.386245 0.460623 0.364369 0.541564 0.500000 0.392807 0.473749 0.578754 0.530626 0.504375 0.475936 0.532814 0.626881 0.449685 0.622506 0.574378 0.804077 0.432184 0.812827 0.475936 0.904706 0.355618 0.963772 0.319842 0.120236 0.105065 0.015709 0.323302 0.670420 0.022301 0.102527
0.558015 0.276866 0.564709 0.263478 0.537933 0.263478 0.564709 0.276866 0.491075 0.276866 0.546858 0.381739 0.459836 0.368351 0.517851 0.508925 0.399590 0.477687 0.562478 0.533470 0.520082 0.466530 0.537933 0.627187 0.455373 0.622724 0.575866 0.816851 0.404052 0.807925 0.511157 0.997589 0.323724 0.955194 0.172270 0.072900 0.074403 0.080463 0.411316 0.689699 0.008524 0.148880
0.556224 0.277806 0.564874 0.264831 0.534600 0.264831 0.564874 0.277806 0.491350 0.277806 0.547575 0.381604 0.463238 0.368630 0.523787 0.504866 0.404851 0.472428 0.564874 0.528653 0.528112 0.452966 0.536762 0.625964 0.452426 0.623802 0.575687 0.807612 0.396201 0.805450 0.549737 1.000000 0.301052 0.881137 0.105977 0.190560 0.081268 0.082068 0.393635 0.712947 0.013771 0.162741
0.556890 0.282543 0.565397 0.267656 0.535622 0.267656 0.569650 0.280417 0.493088 0.280417 0.542003 0.380372 0.465441 0.369739 0.514355 0.501595 0.405893 0.467568 0.567523 0.527116 0.529242 0.463314 0.537749 0.627071 0.454807 0.622818 0.567523 0.820602 0.401639 0.807842 0.578157 1.000000 0.291050 0.833363 0.031852 0.338739 0.054077 0.075702 0.428926 0.685020 0.009479 0.137658
0.557670 0.282016 0.564020 0.267202 0.536507 0.267202 0.566136 0.282016 0.492064 0.279900 0.549205 0.381485 0.462435 0.368787 0.538623 0.491535 0.401061 0.468255 0.585183 0.521163 0.525925 0.478837 0.536507 0.626981 0.451853 0.622748 0.561903 0.819568 0.405293 0.813219 0.572485 1.000000 0.295243 0.792056 0.025672 0.484163 0.058184 0.063057 0.350117 0.649064 0.014826 0.118047
0.561796 0.275387 0.570393 0.260341 0.542451 0.260341 0.576841 0.273237 0.495164 0.273237 0.557497 0.382857 0.460773 0.367811 0.540301 0.492477 0.387693 0.466684 0.594037 0.520419 0.493014 0.483879 0.536003 0.627890 0.445727 0.621442 0.566094 0.829934 0.415636 0.817038 0.548899 1.000000 0.314613 0.767601 0.073804 0.596273 0.074913 0.029729 0.396892 0.651092 0.023283 0.095652
0.558588 0.275237 0.567109 0.260323 0.537283 0.260323 0.573501 0.277367 0.492543 0.277367 0.562849 0.383890 0.456326 0.366846 0.545805 0.486152 0.371107 0.458456 0.605458 0.513848 0.473369 0.494674 0.535153 0.624632 0.445673 0.624632 0.556457 0.805721 0.430760 0.829156 0.488282 0.993201 0.334889 0.746068 0.148294 0.704133 0.073736 0.010023 0.414209 0.630153 0.024437 0.060446
0.559224 0.269248 0.568164 0.253604 0.536876 0.253604 0.577103 0.271483 0.492178 0.271483 0.574869 0.383227 0.445245 0.367583 0.579338 0.494972 0.355850 0.461448 0.626271 0.524025 0.436306 0.512851 0.536876 0.629065 0.443010 0.620125 0.527936 0.830204 0.460890 0.832439 0.431836 1.000000 0.337971 0.794446 0.144527 0.622164 0.034670 0.029559 0.310833 0.561271 0.025638 0.040880
0.558273 0.271390 0.567238 0.257942 0.535860 0.255701 0.576203 0.271390 0.491035 0.269149 0.585168 0.383454 0.439486 0.367765 0.594133 0.491035 0.356559 0.459657 0.627753 0.508965 0.432762 0.506724 0.531378 0.629994 0.443968 0.618788 0.502241 0.836191 0.495517 0.813778 0.403625 1.000000 0.383454 0.845156 0.118803 0.495367 0.023695 0.076585 0.317577 0.557572 0.031442 0.126952
