0.588843 0.316346 0.591496 0.303086 0.578235 0.300434 0.559671 0.308390 0.533151 0.300434 0.530499 0.382647 0.501326 0.369387 0.519890 0.494033 0.464197 0.440992 0.591496 0.515249 0.570279 0.438340 0.496022 0.623983 0.472154 0.623983 0.493370 0.801670 0.477458 0.812278 0.358116 0.897144 0.379332 0.987313 0.299596 0.171604 0.040417 0.045279 0.438533 0.660220 0.040630 0.013714
0.587430 0.326415 0.592536 0.313652 0.579772 0.311099 0.556798 0.316204 0.536376 0.308546 0.526165 0.385128 0.508296 0.367259 0.515954 0.489789 0.485322 0.433629 0.587430 0.454051 0.574667 0.436182 0.500638 0.625083 0.464900 0.622530 0.551692 0.773141 0.457242 0.801220 0.411293 0.913540 0.352581 0.959489 0.355698 0.172346 0.139434 0.039967 0.678540 0.596983 0.044018 0.119331
0.588777 0.326982 0.591369 0.311430 0.581001 0.311430 0.555081 0.316614 0.539528 0.308838 0.523976 0.384007 0.511016 0.368454 0.518792 0.479912 0.492872 0.433255 0.596553 0.438439 0.586185 0.430663 0.503240 0.625066 0.461768 0.622473 0.568041 0.770219 0.428071 0.809100 0.441031 0.915373 0.319206 0.974990 0.362463 0.128000 0.160966 0.004097 0.673147 0.595741 0.044701 0.190512
0.592932 0.327318 0.592932 0.314136 0.585023 0.311500 0.550750 0.316773 0.542841 0.311500 0.521750 0.380045 0.511205 0.372136 0.527023 0.448591 0.500659 0.443318 0.598205 0.435409 0.590296 0.432773 0.503295 0.625227 0.463750 0.622591 0.563932 0.786046 0.413659 0.815046 0.476932 0.957410 0.287113 0.986410 0.264308 0.121420 0.138685 0.021445 0.533849 0.584093 0.042082 0.195821
0.596628 0.324690 0.596628 0.308125 0.585584 0.308125 0.557977 0.313647 0.541412 0.308125 0.505522 0.379906 0.522086 0.371623 0.477914 0.465490 0.505522 0.446165 0.582824 0.426839 0.591106 0.437882 0.497239 0.625616 0.475153 0.622855 0.519325 0.821632 0.392329 0.829914 0.494478 1.000000 0.257051 1.000000 0.077601 0.082165 0.046441 0.062332 0.711686 0.600313 0.035223 0.156834
0.592849 0.327179 0.592849 0.310914 0.584716 0.310914 0.554896 0.316336 0.544052 0.310914 0.497967 0.381398 0.533209 0.370554 0.449170 0.478990 0.511521 0.443749 0.541341 0.465436 0.579294 0.438327 0.497967 0.625380 0.470858 0.622669 0.576583 0.790745 0.381398 0.817855 0.557607 1.000000 0.245852 0.991353 0.169392 0.074306 0.141260 0.059624 0.694061 0.617102 0.039798 0.278058
0.603450 0.322559 0.606190 0.308857 0.592488 0.308857 0.556863 0.311598 0.548642 0.308857 0.488353 0.382848 0.543161 0.369146 0.449988 0.486983 0.518498 0.445877 0.537680 0.481502 0.587008 0.437656 0.449988 0.621262 0.518498 0.626743 0.373257 0.813090 0.573306 0.815830 0.255420 0.985735 0.578786 1.000000 0.069521 0.081643 0.070332 0.120187 0.632229 0.637009 0.040233 0.210922
0.604729 0.325915 0.607503 0.312043 0.593632 0.309269 0.560340 0.312043 0.549243 0.306495 0.488209 0.381400 0.540920 0.370303 0.454918 0.484048 0.513178 0.447982 0.560340 0.464628 0.588083 0.445208 0.452144 0.622761 0.518726 0.625536 0.382787 0.811412 0.571437 0.825283 0.235751 0.833606 0.590857 1.000000 0.340170 0.051696 0.064929 0.109736 0.657815 0.620972 0.037174 0.194270
0.594934 0.327331 0.597685 0.313572 0.586679 0.310821 0.556410 0.313572 0.542651 0.308069 0.506879 0.379613 0.515134 0.371358 0.465604 0.462164 0.509631 0.445654 0.556410 0.451157 0.594934 0.453909 0.512383 0.627266 0.465604 0.621763 0.567417 0.811630 0.374798 0.803375 0.603189 1.000000 0.256474 0.896933 0.036983 0.139453 0.085265 0.085424 0.685979 0.492827 0.028065 0.239921
0.593612 0.328266 0.596306 0.314797 0.585530 0.312103 0.555898 0.314797 0.539734 0.309409 0.502020 0.379450 0.518184 0.371368 0.467000 0.452184 0.504714 0.444102 0.539734 0.436021 0.577449 0.446796 0.507408 0.627285 0.472388 0.621897 0.558591 0.805080 0.383490 0.805080 0.601693 0.999038 0.216471 0.918222 0.019618 0.166658 0.082303 0.086266 0.712438 0.546502 0.025753 0.233039
0.586123 0.329109 0.588836 0.318259 0.577986 0.315547 0.550860 0.315547 0.534585 0.310122 0.502034 0.377935 0.512885 0.372510 0.442358 0.434899 0.504747 0.445749 0.442358 0.429474 0.569848 0.451174 0.512885 0.627490 0.472196 0.622065 0.556285 0.806518 0.390820 0.814656 0.591549 1.000000 0.206367 0.904170 0.021780 0.228929 0.061875 0.075809 0.742599 0.508759 0.019007 0.202960
0.582338 0.331207 0.585083 0.317484 0.574104 0.314739 0.549403 0.314739 0.530191 0.309250 0.500000 0.377865 0.510978 0.372376 0.423151 0.424523 0.486277 0.449225 0.390216 0.413545 0.557637 0.457459 0.516468 0.627624 0.472554 0.622135 0.563126 0.808768 0.395705 0.817002 0.571360 1.000000 0.203583 0.888361 0.068008 0.267228 0.059287 0.070980 0.276104 0.562427 0.013982 0.199815
0.574104 0.325718 0.576849 0.311995 0.565870 0.309250 0.543914 0.311995 0.524701 0.306506 0.516468 0.377865 0.494511 0.372376 0.475299 0.421779 0.469809 0.446480 0.469809 0.388844 0.549403 0.462948 0.521957 0.627624 0.467065 0.622135 0.554892 0.811512 0.409428 0.822491 0.543914 1.000000 0.211817 0.871894 0.073150 0.332860 0.049418 0.054322 0.707696 0.537475 0.013982 0.145574
0.568638 0.321929 0.571228 0.308979 0.560868 0.306389 0.534967 0.308979 0.519426 0.303799 0.514246 0.378912 0.490935 0.371142 0.475394 0.430714 0.457263 0.438485 0.480574 0.409993 0.542737 0.466976 0.522016 0.627563 0.472804 0.622383 0.540147 0.795921 0.426182 0.798511 0.519426 0.977229 0.239693 0.832183 0.070369 0.360771 0.024204 0.059438 0.873146 0.545167 0.006596 0.116517
0.573479 0.317333 0.576226 0.300851 0.565238 0.300851 0.537770 0.303598 0.524035 0.298104 0.515795 0.377764 0.488326 0.372270 0.491073 0.429955 0.452616 0.443689 0.485579 0.418967 0.535023 0.479398 0.521288 0.627730 0.474591 0.622236 0.543263 0.814518 0.444376 0.820011 0.488326 1.000000 0.249347 0.852974 0.128330 0.398447 0.030282 0.030786 0.711604 0.517424 0.005246 0.085534
0.568524 0.325517 0.568524 0.310289 0.558373 0.307751 0.540607 0.312827 0.522841 0.305213 0.515228 0.378813 0.487310 0.371200 0.487310 0.449876 0.441627 0.444800 0.532993 0.457489 0.535531 0.475255 0.517766 0.627532 0.479696 0.622456 0.535531 0.795036 0.482234 0.800111 0.449241 0.954926 0.289351 0.817877 0.191162 0.475311 0.030386 0.014189 0.566586 0.576991 0.003231 0.029087
0.575665 0.313607 0.578125 0.298843 0.565822 0.298843 0.551058 0.306225 0.526452 0.298843 0.523991 0.382505 0.487082 0.367741 0.519070 0.466166 0.432948 0.429257 0.563361 0.468627 0.516609 0.461245 0.509227 0.628568 0.479700 0.621186 0.514149 0.790970 0.501845 0.778667 0.351747 0.840183 0.366510 0.874632 0.415985 0.348137 0.028718 0.053739 0.501037 0.613463 0.014103 0.034828
0.580604 0.328279 0.575931 0.314260 0.561913 0.314260 0.524532 0.318933 0.519859 0.290897 0.533877 0.379678 0.468459 0.370333 0.496495 0.468459 0.379678 0.482477 0.491823 0.529204 0.370333 0.585277 0.524532 0.632004 0.473132 0.617985 0.491823 0.851620 0.510514 0.818911 0.314260 1.000000 0.253515 0.879656 0.150937 0.484670 0.035278 0.052546 0.102416 0.184295 0.002974 0.105613
0.584014 0.314773 0.586660 0.301543 0.573429 0.298897 0.562845 0.306835 0.536384 0.298897 0.536384 0.380926 0.488754 0.370341 0.533738 0.428555 0.401433 0.433848 0.562845 0.452370 0.494046 0.465601 0.499338 0.627013 0.475524 0.621720 0.488754 0.806947 0.501985 0.796363 0.380264 0.949836 0.356449 0.888976 0.188008 0.367469 0.028858 0.064602 0.299391 0.694711 0.032061 0.066567
0.575191 0.318915 0.577697 0.306383 0.570178 0.303877 0.545115 0.311396 0.530076 0.301370 0.532583 0.386587 0.484962 0.364030 0.515038 0.474310 0.392226 0.419170 0.530076 0.464284 0.482455 0.454259 0.497494 0.627198 0.484962 0.622185 0.447366 0.790112 0.522557 0.770061 0.359643 0.940494 0.367162 0.897886 0.073076 0.360136 0.048920 0.079247 0.750000 0.711189 0.022357 0.174262
0.578342 0.312492 0.580911 0.299649 0.570636 0.297081 0.547519 0.304787 0.529539 0.294512 0.534676 0.384413 0.485873 0.366433 0.506422 0.471745 0.390835 0.412668 0.516696 0.474314 0.478167 0.446059 0.488441 0.625861 0.491010 0.623293 0.437069 0.795389 0.550088 0.756860 0.326620 0.934093 0.421658 0.910976 0.120399 0.353699 0.033434 0.126191 0.521620 0.739629 0.026193 0.226214
0.570801 0.315527 0.573400 0.302535 0.560409 0.299937 0.544819 0.302535 0.524033 0.294741 0.534426 0.388277 0.482462 0.362294 0.560409 0.500000 0.370739 0.414259 0.638355 0.455830 0.459078 0.448036 0.492855 0.627313 0.490257 0.622116 0.433096 0.793599 0.542221 0.770215 0.316176 0.946893 0.414908 0.944295 0.097589 0.308414 0.055008 0.097869 0.591372 0.745175 0.021520 0.217233
0.575764 0.313661 0.578494 0.300010 0.567574 0.297279 0.548462 0.300010 0.523890 0.291819 0.540271 0.390108 0.469285 0.360075 0.567574 0.496587 0.357345 0.422871 0.644020 0.444713 0.452903 0.458364 0.496587 0.627639 0.493857 0.622178 0.390108 0.810565 0.551192 0.791453 0.259056 0.971650 0.496587 0.998952 0.049595 0.185863 0.109903 0.074200 0.609879 0.724068 0.012170 0.271750
0.580623 0.311435 0.583289 0.295443 0.572628 0.295443 0.540645 0.300774 0.527319 0.292778 0.545975 0.391392 0.474014 0.359409 0.569962 0.511327 0.367405 0.415379 0.644589 0.460688 0.452692 0.458023 0.482010 0.628598 0.498001 0.620602 0.386061 0.796507 0.556636 0.785847 0.260795 0.940430 0.535314 0.983074 0.062725 0.142816 0.081407 0.079386 0.626943 0.698530 0.025478 0.273786
0.577138 0.312099 0.579776 0.296276 0.569227 0.296276 0.537580 0.301550 0.527031 0.293638 0.542855 0.388578 0.476924 0.362206 0.574501 0.504615 0.371436 0.414950 0.645706 0.454508 0.455827 0.454508 0.479562 0.625927 0.500659 0.623290 0.381985 0.792071 0.553403 0.789434 0.260673 0.926569 0.561315 0.984587 0.064575 0.084950 0.086080 0.068990 0.610439 0.712890 0.025210 0.266880
0.585423 0.309289 0.585423 0.296045 0.574828 0.293396 0.540394 0.298694 0.529799 0.293396 0.543042 0.388752 0.479472 0.362264 0.574828 0.505298 0.373521 0.415239 0.648993 0.457620 0.458282 0.457620 0.482121 0.627141 0.495365 0.621843 0.392063 0.794013 0.550989 0.794013 0.251678 0.918505 0.572179 0.984724 0.111548 0.064246 0.077886 0.080005 0.597112 0.704833 0.028705 0.256997
0.585388 0.301901 0.588120 0.288239 0.574458 0.288239 0.560796 0.290971 0.528007 0.288239 0.552599 0.392070 0.473359 0.359281 0.579923 0.517761 0.361331 0.422127 0.659163 0.452183 0.454232 0.463113 0.492486 0.627057 0.481556 0.621592 0.402317 0.807395 0.541669 0.799198 0.238372 0.916692 0.585388 0.995931 0.165249 0.034279 0.067865 0.093939 0.651922 0.705015 0.033110 0.251467
0.588215 0.300320 0.590950 0.283908 0.574538 0.283908 0.547185 0.292114 0.525302 0.289378 0.541714 0.385115 0.481536 0.365968 0.569067 0.508206 0.366652 0.420675 0.659334 0.458970 0.451448 0.456234 0.492478 0.625826 0.484272 0.623091 0.418623 0.809094 0.538979 0.806359 0.238091 0.902096 0.582744 1.000000 0.226644 0.023657 0.057714 0.088951 0.589342 0.732143 0.029646 0.214275
0.583927 0.299814 0.586679 0.286055 0.572920 0.283304 0.550906 0.291559 0.523389 0.288807 0.545403 0.387868 0.476611 0.363103 0.561913 0.514446 0.366543 0.415385 0.641713 0.473171 0.457349 0.459412 0.498624 0.627266 0.479362 0.621763 0.432583 0.814382 0.534396 0.803375 0.250971 0.885926 0.561913 1.000000 0.272547 0.050902 0.046576 0.090272 0.610658 0.715144 0.028065 0.201658
0.583189 0.298669 0.585985 0.284688 0.569208 0.281891 0.566411 0.293076 0.521671 0.287484 0.555226 0.390946 0.468542 0.360187 0.560819 0.516778 0.362284 0.427297 0.636318 0.483222 0.460153 0.460852 0.504893 0.628628 0.471338 0.620239 0.437783 0.815978 0.527264 0.810385 0.253230 0.877496 0.527264 1.000000 0.288095 0.091053 0.043063 0.087630 0.618987 0.715554 0.030308 0.200542
0.577449 0.301328 0.580142 0.287858 0.563979 0.285164 0.561285 0.295940 0.520877 0.290552 0.553204 0.387531 0.467000 0.363286 0.555898 0.495286 0.370021 0.425245 0.631326 0.484510 0.467000 0.452184 0.507408 0.627285 0.472388 0.621897 0.458919 0.807774 0.520877 0.799692 0.286511 0.848182 0.502020 0.993650 0.343175 0.115600 0.023466 0.078120 0.537211 0.732788 0.025753 0.168294
0.576322 0.298539 0.579072 0.284787 0.565320 0.282037 0.546068 0.293038 0.524065 0.284787 0.546068 0.386549 0.477310 0.364546 0.554319 0.488311 0.378298 0.419553 0.603825 0.480060 0.477310 0.455307 0.507563 0.625827 0.469059 0.623077 0.499312 0.801848 0.513064 0.807349 0.392050 0.906361 0.469059 0.999872 0.239224 0.146145 0.035877 0.084772 0.526816 0.728279 0.029809 0.089527
0.584492 0.304481 0.584492 0.290516 0.573319 0.287723 0.550974 0.298895 0.528629 0.290516 0.542595 0.385482 0.483940 0.365930 0.548181 0.480448 0.400146 0.430172 0.548181 0.477655 0.506285 0.460896 0.506285 0.625690 0.467181 0.622897 0.511871 0.818416 0.511871 0.818416 0.349870 0.877071 0.436456 1.000000 0.398647 0.190253 0.056979 0.092258 0.981297 0.702108 0.033849 0.062304
0.577207 0.300605 0.579892 0.287178 0.566465 0.287178 0.553038 0.295234 0.523498 0.292548 0.539611 0.383854 0.488587 0.367741 0.528869 0.483216 0.413394 0.424136 0.558409 0.493958 0.507385 0.453676 0.504700 0.625545 0.467103 0.622860 0.499329 0.800100 0.491272 0.805471 0.348943 0.869922 0.405338 0.985396 0.351849 0.183717 0.035871 0.068628 0.423261 0.698238 0.035979 0.051677
0.569871 0.306753 0.574907 0.294164 0.557282 0.294164 0.554764 0.304235 0.519514 0.299199 0.539657 0.382289 0.491817 0.369700 0.534621 0.470415 0.431388 0.422575 0.590014 0.462861 0.514478 0.440200 0.504406 0.626523 0.464120 0.621488 0.474192 0.792703 0.461602 0.790185 0.381030 0.938740 0.370959 0.951330 0.123501 0.158348 0.011623 0.030123 0.561309 0.704655 0.040180 0.052499
0.574319 0.308168 0.576860 0.295464 0.561615 0.292923 0.551452 0.303086 0.520962 0.298005 0.556533 0.379311 0.485390 0.374229 0.622595 0.402178 0.444737 0.419964 0.681034 0.371688 0.533666 0.430127 0.505717 0.625771 0.452360 0.620689 0.518421 0.780761 0.439655 0.790924 0.401543 0.925588 0.343104 0.956078 0.242167 0.144685 0.090757 0.018697 0.259146 0.695076 0.053632 0.049743
0.584329 0.301087 0.586904 0.288212 0.571454 0.288212 0.553430 0.298512 0.527680 0.295937 0.561154 0.380910 0.483907 0.373185 0.638402 0.419534 0.450433 0.422108 0.664152 0.380910 0.535405 0.422108 0.509656 0.625528 0.445283 0.620378 0.571454 0.754274 0.416959 0.792898 0.445283 0.890745 0.313962 0.962843 0.379974 0.121638 0.208498 0.002462 0.460417 0.691002 0.057689 0.194248
0.576029 0.319432 0.576029 0.304226 0.563357 0.304226 0.563357 0.306761 0.522809 0.306761 0.550686 0.382789 0.487329 0.370118 0.563357 0.433475 0.454383 0.433475 0.621646 0.408132 0.550686 0.438544 0.512671 0.626081 0.449314 0.621012 0.576029 0.757864 0.406231 0.788275 0.474657 0.917524 0.284586 0.958072 0.322717 0.117636 0.191986 0.032380 0.552568 0.635898 0.048590 0.222894
0.586092 0.329083 0.588624 0.316422 0.573431 0.313890 0.560771 0.321486 0.535450 0.313890 0.522789 0.379725 0.507596 0.372129 0.469615 0.448092 0.479743 0.443028 0.548110 0.443028 0.593688 0.443028 0.512661 0.625339 0.456954 0.622807 0.575963 0.772202 0.391119 0.800055 0.505064 0.954513 0.269578 0.967174 0.247601 0.086950 0.142662 0.049751 0.730924 0.619154 0.038784 0.242745
0.613530 0.325247 0.618285 0.308604 0.604019 0.306227 0.592131 0.301472 0.549335 0.291961 0.535069 0.379932 0.501783 0.372799 0.492273 0.456015 0.458987 0.460770 0.561223 0.460770 0.556468 0.456015 0.513671 0.627201 0.449476 0.620068 0.554090 0.772233 0.373394 0.786499 0.530314 0.957685 0.252137 0.941042 0.127102 0.075284 0.113992 0.070128 0.641181 0.659639 0.047094 0.222998
0.598219 0.359399 0.608983 0.340562 0.582074 0.340562 0.608983 0.329798 0.528255 0.327107 0.571310 0.383617 0.485200 0.372853 0.622438 0.429363 0.434072 0.442818 0.730075 0.448200 0.541709 0.434745 0.512109 0.625801 0.431381 0.617728 0.547091 0.792639 0.342580 0.798021 0.541709 0.994459 0.199961 0.967550 0.074276 0.076950 0.142102 0.076814 0.177188 0.724707 0.072577 0.211467
0.589916 0.340367 0.592522 0.327336 0.579491 0.327336 0.566459 0.319517 0.540397 0.319517 0.522153 0.376855 0.501303 0.374248 0.493484 0.442011 0.467422 0.447223 0.584703 0.426373 0.574278 0.444617 0.516941 0.627055 0.459603 0.621842 0.563853 0.804280 0.368384 0.796461 0.584703 0.999749 0.219828 0.952836 0.048544 0.088606 0.089000 0.100122 0.685984 0.646122 0.029910 0.235603
0.592181 0.371071 0.599656 0.356122 0.582216 0.353631 0.589690 0.336191 0.529897 0.333700 0.547336 0.378545 0.485052 0.373562 0.589690 0.435847 0.452664 0.443321 0.686854 0.450795 0.552319 0.438338 0.514948 0.627684 0.452664 0.620210 0.539862 0.782150 0.367956 0.782150 0.529897 0.926650 0.203525 0.909211 0.072820 0.137182 0.092051 0.111845 0.248803 0.654262 0.041354 0.204308
0.594619 0.360154 0.601760 0.345872 0.585098 0.343491 0.577957 0.326829 0.535110 0.326829 0.535110 0.379197 0.489883 0.372056 0.573196 0.438706 0.461319 0.448227 0.668410 0.441086 0.558914 0.448227 0.513687 0.626754 0.461319 0.621993 0.537491 0.769576 0.387528 0.774336 0.580337 0.940961 0.228044 0.869551 0.025411 0.185099 0.080046 0.107359 0.310826 0.614200 0.031876 0.196148
0.598618 0.350664 0.603126 0.334885 0.596364 0.332631 0.551281 0.319106 0.555790 0.323614 0.519724 0.375459 0.501691 0.375459 0.492674 0.445337 0.465625 0.447592 0.571569 0.438575 0.558044 0.447592 0.512961 0.625668 0.465625 0.623414 0.549027 0.754153 0.391238 0.763170 0.580585 0.916450 0.244720 0.828539 0.025978 0.210729 0.095709 0.109715 0.644780 0.647584 0.027299 0.242800
0.610128 0.306756 0.618440 0.290133 0.596276 0.281822 0.596276 0.292904 0.535324 0.281822 0.543636 0.378790 0.488225 0.373249 0.648915 0.400954 0.479914 0.378790 0.745884 0.395413 0.535324 0.279051 0.474373 0.622595 0.493766 0.625366 0.402339 0.788827 0.543636 0.791597 0.211173 0.838696 0.571341 0.977222 0.288613 0.045613 0.042052 0.085779 0.084217 0.848582 0.040677 0.222933
0.589453 0.321747 0.594676 0.308689 0.579006 0.306077 0.563335 0.308689 0.531994 0.298242 0.539829 0.379206 0.477147 0.371371 0.589453 0.407936 0.437971 0.407936 0.649523 0.366147 0.518935 0.340030 0.518935 0.627323 0.464088 0.622100 0.542441 0.789252 0.422300 0.791864 0.537218 0.961628 0.249924 0.831040 0.055529 0.352039 0.072628 0.060262 0.360517 0.983121 0.021632 0.122712
0.576778 0.336847 0.579337 0.321492 0.566541 0.321492 0.558863 0.316373 0.523033 0.311255 0.530711 0.377795 0.484644 0.372677 0.538389 0.434099 0.420663 0.446895 0.597252 0.411066 0.512796 0.457132 0.517915 0.628603 0.466730 0.620925 0.538389 0.797514 0.423222 0.797514 0.510237 0.979222 0.244074 0.828225 0.087322 0.369065 0.054622 0.053962 0.575586 0.691241 0.019564 0.115288
0.581184 0.283687 0.581184 0.270869 0.568365 0.270869 0.547001 0.275142 0.525637 0.281551 0.532046 0.373417 0.491454 0.377690 0.564093 0.456737 0.423089 0.471692 0.626049 0.454601 0.517091 0.486647 0.491454 0.623378 0.485045 0.625515 0.467954 0.768655 0.514955 0.770791 0.314131 0.794292 0.480772 0.911795 0.396382 0.140337 0.000191 0.072862 0.394097 0.649933 0.029966 0.115680
0.573880 0.301509 0.569940 0.287718 0.564030 0.287718 0.526597 0.293628 0.530537 0.299538 0.514776 0.370463 0.504925 0.380314 0.504925 0.451239 0.418239 0.478821 0.564030 0.449269 0.506895 0.512313 0.502955 0.624611 0.477343 0.624611 0.508866 0.772372 0.477343 0.770401 0.449761 0.902401 0.329583 0.788133 0.148525 0.461985 0.027520 0.035787 0.549234 0.614735 0.025111 0.012725
