0.430852 0.290716 0.430852 0.277474 0.432323 0.277474 0.441150 0.283359 0.505885 0.286302 0.438208 0.376048 0.544137 0.374576 0.430852 0.501103 0.585332 0.489333 0.386714 0.543769 0.501471 0.505517 0.469104 0.626159 0.548551 0.623217 0.426438 0.796823 0.530896 0.807122 0.447035 0.982200 0.627998 0.963074 0.113202 0.207732 0.117102 0.036114 0.236692 0.549022 0.022498 0.047515
0.430648 0.288255 0.432124 0.274975 0.433599 0.274975 0.442453 0.280877 0.505902 0.283828 0.436550 0.376790 0.545743 0.373838 0.423270 0.509591 0.590010 0.488933 0.377527 0.550907 0.508853 0.514018 0.469013 0.626162 0.548694 0.623210 0.426221 0.794377 0.520658 0.795853 0.467537 0.978824 0.626899 0.943410 0.149435 0.249877 0.120497 0.055011 0.234446 0.521453 0.022564 0.028048
0.431784 0.286454 0.431784 0.273108 0.434750 0.273108 0.440682 0.282006 0.507415 0.283489 0.431784 0.376915 0.547455 0.373949 0.412506 0.514830 0.594909 0.488136 0.373949 0.544489 0.514830 0.522244 0.470341 0.626051 0.550420 0.623085 0.431784 0.795108 0.505932 0.789176 0.491102 0.981960 0.612705 0.930057 0.169224 0.289741 0.120251 0.087095 0.247077 0.497203 0.026465 0.011930
0.432350 0.285088 0.432350 0.273128 0.435340 0.273128 0.441320 0.280603 0.508596 0.280603 0.426369 0.377781 0.550457 0.373296 0.391984 0.518314 0.602784 0.485423 0.381518 0.525789 0.523547 0.515324 0.471221 0.627452 0.551953 0.621472 0.442815 0.803866 0.498131 0.779946 0.516072 0.992241 0.589328 0.933935 0.168875 0.274411 0.107395 0.106132 0.226185 0.524125 0.029547 0.053398
0.434629 0.288947 0.431641 0.274005 0.436124 0.275499 0.439112 0.281476 0.507844 0.282970 0.419688 0.377103 0.555658 0.374115 0.385321 0.510086 0.612437 0.483190 0.428653 0.475720 0.533246 0.505603 0.470490 0.626632 0.554164 0.622149 0.463019 0.810416 0.497385 0.779039 0.525775 1.000000 0.560141 0.940410 0.110989 0.228589 0.076864 0.108613 0.793932 0.564981 0.031442 0.097598
0.440645 0.291505 0.437639 0.276478 0.442147 0.277981 0.439142 0.283992 0.511270 0.280986 0.415099 0.377157 0.559355 0.374152 0.371522 0.510894 0.614954 0.483846 0.413597 0.464312 0.538318 0.512397 0.469195 0.626600 0.556350 0.622092 0.472201 0.815936 0.493238 0.767850 0.536815 1.000000 0.527799 0.874540 0.091096 0.229786 0.062926 0.126209 0.866437 0.535807 0.032582 0.135119
0.444009 0.288436 0.442506 0.276411 0.450021 0.277914 0.445512 0.283926 0.516159 0.288436 0.415449 0.374114 0.559749 0.377120 0.365846 0.500376 0.622880 0.486848 0.403424 0.446263 0.540209 0.519916 0.468059 0.626638 0.556743 0.622129 0.484593 0.828056 0.508643 0.801000 0.568768 1.000000 0.504134 0.979872 0.095836 0.075595 0.039308 0.079712 0.925944 0.545068 0.031630 0.109689
0.451183 0.294297 0.449692 0.282373 0.457145 0.283863 0.448202 0.288335 0.516769 0.292807 0.415408 0.373299 0.561487 0.377771 0.366219 0.497019 0.624092 0.486585 0.413918 0.453791 0.542109 0.522359 0.466089 0.626701 0.557015 0.622229 0.501863 0.833894 0.504844 0.808554 0.583846 1.000000 0.476523 0.984445 0.069552 0.036084 0.008410 0.081079 0.854815 0.535216 0.029459 0.141325
0.454164 0.294297 0.452673 0.282373 0.460126 0.282373 0.452673 0.286844 0.519750 0.291316 0.413918 0.373299 0.562978 0.377771 0.363238 0.495528 0.625583 0.488075 0.410937 0.459754 0.546581 0.525340 0.464598 0.626701 0.558506 0.622229 0.500373 0.832404 0.503354 0.808554 0.589809 1.000000 0.467579 0.984445 0.084717 0.027734 0.008024 0.085782 0.829947 0.524026 0.029459 0.146414
0.456361 0.292530 0.454882 0.280696 0.462278 0.282175 0.453403 0.286613 0.521450 0.289572 0.416420 0.373891 0.564349 0.376850 0.367604 0.495192 0.624999 0.487796 0.416420 0.475962 0.549556 0.527737 0.463758 0.626849 0.555473 0.622411 0.491864 0.825073 0.505177 0.807321 0.593935 1.000000 0.466716 0.986314 0.120131 0.017163 0.014051 0.073035 0.741240 0.504259 0.024509 0.129370
0.451518 0.296595 0.451518 0.284931 0.455893 0.284931 0.455893 0.290763 0.521507 0.292221 0.417982 0.372416 0.563792 0.378249 0.375697 0.494897 0.622116 0.493439 0.419440 0.483232 0.549211 0.529891 0.466099 0.626125 0.552127 0.623209 0.482138 0.818594 0.498177 0.798181 0.584205 0.968778 0.479222 0.974611 0.163538 0.061134 0.033196 0.080055 0.688767 0.501608 0.023227 0.121666
0.447617 0.289001 0.446151 0.277279 0.450547 0.277279 0.450547 0.284606 0.519415 0.287536 0.418311 0.373987 0.560442 0.376917 0.380214 0.500000 0.620518 0.492674 0.419777 0.501465 0.553116 0.530771 0.468130 0.627478 0.553116 0.621617 0.466665 0.816498 0.497436 0.779866 0.570699 0.949837 0.498901 0.951303 0.213368 0.110412 0.064238 0.098164 0.581668 0.488627 0.027084 0.105224
0.441476 0.290199 0.440004 0.276948 0.444421 0.278420 0.445893 0.284310 0.513619 0.285782 0.419392 0.375592 0.556315 0.375592 0.389946 0.508098 0.616679 0.490430 0.434115 0.530182 0.546009 0.522820 0.470922 0.625881 0.553370 0.622936 0.440004 0.802556 0.497423 0.781943 0.535703 0.923283 0.520980 0.942423 0.268497 0.154085 0.119777 0.103902 0.422021 0.517248 0.030979 0.052546
0.436327 0.290254 0.436327 0.276770 0.439323 0.276770 0.442320 0.284261 0.509738 0.285759 0.421345 0.375650 0.553186 0.375650 0.398872 0.508989 0.610117 0.489513 0.416851 0.540451 0.535207 0.520975 0.470785 0.625848 0.554684 0.622851 0.421345 0.804132 0.505244 0.795143 0.518727 0.943464 0.533709 0.968933 0.280277 0.140629 0.148207 0.090880 0.218398 0.521015 0.032485 0.002844
0.438000 0.297394 0.436524 0.284108 0.439476 0.285584 0.438000 0.291489 0.504429 0.291489 0.424715 0.375631 0.550190 0.375631 0.408476 0.505536 0.597428 0.489298 0.418810 0.543917 0.525095 0.511440 0.470476 0.625107 0.554619 0.623631 0.402572 0.791916 0.514762 0.802249 0.492619 0.949868 0.554619 0.995629 0.287986 0.134583 0.180803 0.075566 0.123297 0.530814 0.032006 0.053174
0.428962 0.297396 0.428962 0.284348 0.433311 0.285798 0.434761 0.291597 0.502900 0.294496 0.428962 0.374233 0.544943 0.377133 0.418813 0.494563 0.588436 0.488764 0.410115 0.545305 0.514498 0.504712 0.472455 0.625042 0.553641 0.623592 0.407215 0.788865 0.531895 0.806262 0.465206 0.972985 0.582636 0.996181 0.217757 0.120820 0.175288 0.048946 0.027260 0.550639 0.033287 0.082916
0.429252 0.301113 0.427809 0.288118 0.433584 0.289562 0.435028 0.295338 0.498556 0.296781 0.433584 0.374748 0.544759 0.376192 0.432140 0.490254 0.577967 0.488810 0.406151 0.537900 0.498556 0.509024 0.469680 0.624530 0.551978 0.624530 0.409039 0.799233 0.549090 0.812228 0.437915 0.982599 0.605399 0.999925 0.156065 0.097670 0.152028 0.014147 0.154968 0.511935 0.027610 0.101449
0.428426 0.306035 0.429858 0.293152 0.431289 0.294584 0.438447 0.301741 0.500000 0.300310 0.434152 0.373315 0.544376 0.377609 0.441310 0.489264 0.573005 0.490695 0.404091 0.533640 0.488548 0.502147 0.469939 0.625254 0.551533 0.623822 0.416975 0.798462 0.561553 0.809914 0.419838 0.981690 0.618812 0.998868 0.099433 0.076535 0.139374 0.007873 0.241773 0.536027 0.027373 0.111584
0.428666 0.307042 0.428666 0.294201 0.431519 0.294201 0.437226 0.299908 0.498573 0.298481 0.435799 0.374095 0.541374 0.376949 0.440079 0.489657 0.569907 0.489657 0.400132 0.538164 0.487160 0.509630 0.471466 0.625191 0.551360 0.623765 0.418679 0.800673 0.562774 0.813513 0.410119 0.980435 0.634108 0.994701 0.077865 0.100263 0.137925 0.006250 0.231075 0.503535 0.029105 0.112134
0.427469 0.300178 0.427469 0.287122 0.430370 0.288573 0.436173 0.295826 0.500000 0.295826 0.434722 0.374159 0.540617 0.377060 0.433272 0.493110 0.573981 0.491659 0.391204 0.545332 0.491296 0.507616 0.472438 0.625116 0.552222 0.623665 0.418765 0.800640 0.555123 0.818048 0.421667 0.986319 0.649414 0.990671 0.099433 0.154384 0.141943 0.010217 0.211970 0.529498 0.031450 0.099211
0.426104 0.295139 0.426104 0.280506 0.429030 0.281970 0.436347 0.286360 0.497805 0.287823 0.431957 0.375620 0.543167 0.375620 0.424641 0.497073 0.575359 0.494147 0.383668 0.543899 0.493415 0.505853 0.472929 0.624380 0.551947 0.624380 0.417324 0.791195 0.541704 0.813144 0.442200 0.978496 0.654377 0.969716 0.144446 0.215810 0.154377 0.028486 0.209659 0.539251 0.031726 0.085161
0.425890 0.288787 0.425890 0.275447 0.428854 0.276929 0.436265 0.282858 0.500000 0.282858 0.431819 0.377719 0.545948 0.373272 0.416997 0.503706 0.581521 0.496294 0.385871 0.546689 0.501482 0.511117 0.470356 0.625246 0.551877 0.623764 0.419961 0.791252 0.528162 0.804592 0.462945 0.979491 0.643773 0.937990 0.165275 0.268811 0.142978 0.049041 0.162222 0.531312 0.028345 0.052307
0.424045 0.287773 0.424045 0.274370 0.427024 0.275859 0.432981 0.281816 0.498511 0.281816 0.427024 0.378621 0.547658 0.372664 0.400216 0.514148 0.587869 0.494787 0.382345 0.545424 0.507447 0.518616 0.471703 0.625847 0.553615 0.622868 0.424045 0.797117 0.513404 0.797117 0.483618 0.989238 0.625102 0.925198 0.182096 0.300478 0.143299 0.079770 0.103089 0.509560 0.032292 0.014196
0.424788 0.285964 0.424788 0.272493 0.429278 0.273990 0.432272 0.279977 0.499626 0.278480 0.421794 0.378763 0.550516 0.372776 0.387369 0.520955 0.601405 0.492516 0.394853 0.517961 0.526567 0.522451 0.471187 0.627224 0.556503 0.621237 0.438259 0.811326 0.508606 0.793365 0.505613 1.000000 0.595418 0.941544 0.164731 0.255078 0.118802 0.094056 0.696729 0.506800 0.035329 0.030050
0.430877 0.292256 0.429375 0.277230 0.432380 0.278732 0.435385 0.286246 0.504508 0.280235 0.417353 0.377908 0.557101 0.373400 0.382792 0.513148 0.614203 0.487603 0.429375 0.486100 0.540572 0.520662 0.469947 0.625848 0.555599 0.622843 0.462433 0.819692 0.503005 0.795650 0.527048 1.000000 0.561609 0.962446 0.110485 0.201592 0.078866 0.092124 0.747093 0.513255 0.032582 0.081710
0.435395 0.291828 0.433884 0.276716 0.438417 0.278227 0.438417 0.287294 0.504911 0.279738 0.414238 0.379479 0.559316 0.371923 0.371923 0.512468 0.619765 0.482243 0.421794 0.479221 0.547226 0.526069 0.468642 0.627321 0.557805 0.621276 0.479221 0.820758 0.488288 0.767865 0.538159 1.000000 0.470153 0.888764 0.063578 0.093560 0.051392 0.139024 0.785223 0.486563 0.033736 0.158343
0.440428 0.292986 0.438938 0.279582 0.443406 0.279582 0.443406 0.291497 0.510425 0.284050 0.413620 0.377877 0.561062 0.373409 0.370430 0.505957 0.622123 0.479150 0.416599 0.482128 0.552126 0.531276 0.465746 0.626591 0.559572 0.622123 0.486596 0.832116 0.502979 0.794883 0.559572 1.000000 0.482128 0.975090 0.074985 0.064101 0.033578 0.098861 0.755190 0.462948 0.032292 0.132949
0.447355 0.293128 0.444389 0.279781 0.450321 0.279781 0.447355 0.291645 0.515571 0.285713 0.416213 0.376173 0.563026 0.374690 0.370241 0.502224 0.620861 0.478497 0.416213 0.481463 0.554128 0.533367 0.463668 0.626793 0.557094 0.622344 0.490361 0.840338 0.500741 0.804747 0.561543 1.000000 0.477014 0.979736 0.070665 0.052480 0.019983 0.087756 0.746343 0.442757 0.026465 0.134962
0.450042 0.293137 0.448562 0.279815 0.453003 0.278335 0.453003 0.291657 0.521093 0.284256 0.417477 0.376030 0.565500 0.374550 0.373070 0.501850 0.617309 0.481127 0.424878 0.482607 0.553659 0.534415 0.460404 0.626190 0.556619 0.623230 0.490008 0.836384 0.497410 0.809739 0.568461 1.000000 0.472246 0.996249 0.085913 0.055159 0.009554 0.086484 0.721203 0.422158 0.021691 0.142387
0.451913 0.291502 0.450445 0.278287 0.454850 0.276819 0.454850 0.288565 0.523860 0.282692 0.419611 0.375195 0.566440 0.375195 0.379967 0.502937 0.613426 0.488254 0.429889 0.483849 0.550289 0.533771 0.459255 0.626274 0.554694 0.623337 0.481279 0.827430 0.498899 0.802469 0.564972 0.993348 0.472469 0.988943 0.113995 0.051298 0.015135 0.081057 0.712033 0.426545 0.017769 0.130827
0.455295 0.290886 0.452340 0.277586 0.456773 0.277586 0.455295 0.283497 0.526232 0.282019 0.419827 0.373645 0.569089 0.376601 0.388793 0.505172 0.613424 0.497783 0.439039 0.496305 0.551355 0.531773 0.459729 0.626355 0.551355 0.623399 0.474507 0.825863 0.496675 0.800740 0.554310 0.969213 0.474507 0.985469 0.138157 0.057186 0.026312 0.072368 0.629358 0.452163 0.014117 0.118737
0.446040 0.287097 0.446040 0.275351 0.450445 0.275351 0.453382 0.281224 0.519455 0.281224 0.424016 0.373726 0.562036 0.376663 0.394650 0.504405 0.611958 0.500000 0.437230 0.508810 0.548821 0.530834 0.463660 0.626274 0.550289 0.623337 0.448977 0.817152 0.504772 0.789255 0.535606 0.937553 0.503304 0.963982 0.222968 0.082552 0.074000 0.070081 0.537550 0.477815 0.017769 0.060790
0.441444 0.286047 0.442946 0.274035 0.445949 0.274035 0.448951 0.280041 0.515014 0.280041 0.423427 0.373129 0.557054 0.377634 0.397903 0.505255 0.606601 0.503754 0.414419 0.544292 0.539037 0.526275 0.466969 0.625369 0.552550 0.623868 0.429433 0.810045 0.500000 0.796532 0.516516 0.943672 0.513513 0.976703 0.247670 0.117870 0.118238 0.088220 0.188144 0.516738 0.024877 0.030214
0.442351 0.288373 0.442351 0.276471 0.446814 0.276471 0.448302 0.282422 0.513761 0.283910 0.427474 0.373172 0.552442 0.377636 0.408134 0.499628 0.597073 0.501116 0.412597 0.545747 0.527151 0.521944 0.469130 0.624596 0.550954 0.624596 0.423011 0.800146 0.512274 0.806097 0.504835 0.962307 0.533102 0.990573 0.230525 0.102623 0.134039 0.064919 0.079017 0.518249 0.025600 0.014939
0.440379 0.293144 0.440379 0.280057 0.444742 0.281511 0.446196 0.287328 0.510179 0.290236 0.433108 0.373124 0.549442 0.377486 0.420021 0.490911 0.585796 0.501091 0.406933 0.546170 0.515996 0.522903 0.468008 0.624695 0.549442 0.624695 0.414204 0.790471 0.526175 0.806466 0.484004 0.966425 0.559621 0.995509 0.220108 0.096263 0.143775 0.040523 0.038802 0.494642 0.022236 0.059373
0.438365 0.297894 0.436931 0.284993 0.441232 0.284993 0.444098 0.290727 0.507167 0.292160 0.435498 0.372429 0.547301 0.378163 0.431198 0.487100 0.578836 0.498567 0.409697 0.540135 0.505733 0.522934 0.468466 0.624704 0.548735 0.624704 0.409697 0.790976 0.537268 0.806743 0.456999 0.974448 0.578836 0.998815 0.188459 0.087866 0.149507 0.021875 0.110668 0.479119 0.021918 0.088119
0.438129 0.298651 0.438129 0.287206 0.440990 0.287206 0.442421 0.292928 0.506795 0.292928 0.438129 0.373039 0.548281 0.377331 0.440990 0.486052 0.578322 0.496066 0.400935 0.544705 0.501073 0.517524 0.465309 0.624815 0.548281 0.624815 0.413810 0.796481 0.551142 0.812217 0.433837 0.981021 0.596920 1.000000 0.127184 0.070298 0.127004 0.004859 0.198780 0.492636 0.017312 0.097633
0.440821 0.297715 0.439386 0.286238 0.442256 0.286238 0.442256 0.291976 0.506815 0.289107 0.437952 0.373751 0.548419 0.376621 0.445125 0.488523 0.578547 0.495696 0.403520 0.543039 0.501076 0.515781 0.465210 0.624814 0.548419 0.624814 0.423605 0.799841 0.559896 0.814187 0.419301 0.979171 0.612978 0.996387 0.066647 0.070970 0.108710 0.019268 0.227365 0.498134 0.017362 0.093553
0.435638 0.296428 0.437084 0.283411 0.439977 0.284857 0.441423 0.289196 0.505062 0.290643 0.438531 0.374530 0.545560 0.375977 0.444316 0.493130 0.580272 0.494576 0.399480 0.545198 0.500723 0.514825 0.467457 0.626193 0.548452 0.623300 0.428406 0.805539 0.558577 0.814217 0.426960 0.980546 0.633786 0.984885 0.065614 0.115258 0.104672 0.013141 0.241804 0.511293 0.020271 0.085108
0.435102 0.293939 0.435102 0.280739 0.439502 0.282206 0.438035 0.288072 0.504033 0.288072 0.436568 0.374603 0.545099 0.376070 0.438035 0.496333 0.580298 0.494867 0.398436 0.544732 0.499633 0.516866 0.468834 0.625397 0.549499 0.623930 0.423369 0.796992 0.548032 0.811659 0.433635 0.981788 0.641896 0.970055 0.100110 0.172768 0.123173 0.008137 0.222109 0.506940 0.023363 0.079957
0.429881 0.293725 0.431365 0.280369 0.434333 0.280369 0.437301 0.286305 0.502597 0.287789 0.435817 0.375345 0.545633 0.375345 0.429881 0.502968 0.584217 0.494064 0.389814 0.538584 0.502597 0.517808 0.468465 0.626139 0.550085 0.623171 0.425429 0.792347 0.535245 0.802735 0.450657 0.977846 0.642092 0.945198 0.123674 0.231080 0.121853 0.031964 0.253908 0.509911 0.023640 0.054401
0.428504 0.285514 0.427007 0.272038 0.431499 0.273535 0.434494 0.279524 0.504866 0.279524 0.432996 0.378345 0.548288 0.372356 0.418023 0.513101 0.593206 0.492139 0.385083 0.522085 0.518342 0.525080 0.468931 0.625398 0.549785 0.623901 0.425510 0.790100 0.527326 0.802078 0.471926 0.978758 0.636627 0.929347 0.158840 0.265783 0.128028 0.041807 0.380026 0.482259 0.023853 0.042138
0.432968 0.289166 0.431470 0.275685 0.434465 0.277182 0.434465 0.284672 0.506366 0.280178 0.429972 0.379042 0.552802 0.371552 0.403009 0.513856 0.600736 0.489889 0.391025 0.492885 0.524341 0.510860 0.467420 0.626201 0.549806 0.623205 0.435963 0.799961 0.513856 0.793969 0.497379 0.976717 0.611221 0.915302 0.163453 0.281303 0.104872 0.062259 0.771918 0.537227 0.021950 0.009040
0.431327 0.286773 0.429810 0.273115 0.437398 0.274632 0.434363 0.280703 0.505691 0.280703 0.420704 0.379349 0.555773 0.371760 0.387316 0.512900 0.608890 0.488618 0.420704 0.474959 0.536044 0.517453 0.467750 0.626722 0.555773 0.622169 0.454092 0.811872 0.510244 0.787590 0.510244 1.000000 0.589161 0.940871 0.114356 0.236835 0.083262 0.085492 0.848269 0.515826 0.029995 0.062052
0.435945 0.287489 0.434438 0.275431 0.441974 0.275431 0.437452 0.281460 0.509797 0.282967 0.417859 0.377919 0.556519 0.373397 0.377165 0.506029 0.618313 0.484928 0.414845 0.469857 0.539940 0.516579 0.470610 0.626603 0.555012 0.622081 0.469103 0.816506 0.508289 0.790884 0.530897 1.000000 0.559533 0.967224 0.100481 0.175973 0.069060 0.084023 0.841406 0.538876 0.032680 0.083426
0.444087 0.290514 0.442596 0.277095 0.450051 0.278586 0.441105 0.283059 0.511183 0.283059 0.417249 0.376992 0.560386 0.374010 0.371028 0.502236 0.621517 0.484344 0.417249 0.466452 0.545476 0.518638 0.467943 0.627481 0.554422 0.621517 0.485835 0.819820 0.499254 0.784036 0.554422 1.000000 0.485835 0.936119 0.070194 0.076152 0.034036 0.096497 0.822240 0.526191 0.028514 0.133691
0.447739 0.293180 0.446256 0.279836 0.452187 0.281319 0.446256 0.285767 0.515938 0.285767 0.416605 0.376204 0.561898 0.374722 0.367679 0.497776 0.622684 0.484433 0.418087 0.477020 0.553002 0.521497 0.465530 0.626761 0.555968 0.622313 0.495182 0.828392 0.505560 0.800223 0.569311 1.000000 0.486286 0.970720 0.067985 0.052054 0.014906 0.080262 0.746122 0.505443 0.027405 0.134362
0.453850 0.291207 0.452361 0.279297 0.459805 0.279297 0.452361 0.283763 0.520842 0.286741 0.418120 0.374575 0.564015 0.376064 0.367504 0.496650 0.619098 0.487718 0.415143 0.478786 0.553594 0.529402 0.462782 0.626169 0.555083 0.623192 0.500000 0.830124 0.505955 0.809282 0.578902 1.000000 0.471714 0.983462 0.066632 0.020373 0.001533 0.070659 0.739314 0.465486 0.022766 0.139613
0.457285 0.290513 0.455800 0.278627 0.463228 0.278627 0.454314 0.281599 0.522657 0.286056 0.420142 0.372228 0.565743 0.378171 0.371114 0.495543 0.611801 0.495543 0.417171 0.483657 0.544943 0.538629 0.461743 0.626286 0.552372 0.623315 0.495914 0.823887 0.501857 0.806059 0.583572 1.000000 0.467686 0.976917 0.092005 0.023012 0.002847 0.068499 0.700848 0.436810 0.017981 0.140352
0.463237 0.288050 0.461737 0.276046 0.470740 0.276046 0.460236 0.279047 0.527760 0.283549 0.422723 0.372080 0.568274 0.378082 0.376206 0.495123 0.608788 0.502626 0.427224 0.484620 0.544266 0.541640 0.460236 0.625669 0.548767 0.624169 0.484244 0.817737 0.497749 0.801231 0.580278 0.981294 0.467739 0.976793 0.129414 0.035407 0.007166 0.064118 0.679682 0.427003 0.011466 0.128881
