0.437765 0.282429 0.453097 0.269115 0.437361 0.268711 0.501513 0.280815 0.453904 0.280008 0.578576 0.376438 0.426468 0.373613 0.632640 0.478919 0.397014 0.454711 0.557192 0.504741 0.405487 0.491830 0.546298 0.626992 0.448659 0.622957 0.539843 0.799677 0.453097 0.806132 0.551947 0.936856 0.445027 1.000000 0.039907 0.020884 0.028888 0.020543 0.549561 0.182324 0.006422 0.019605
0.436239 0.281897 0.452027 0.268132 0.435834 0.267323 0.500607 0.279872 0.452837 0.278658 0.578335 0.376223 0.424499 0.373794 0.635416 0.478645 0.394136 0.462452 0.560118 0.505769 0.398590 0.501316 0.547973 0.626814 0.449194 0.623170 0.539066 0.797248 0.451218 0.806964 0.556474 0.920722 0.448384 1.000000 0.061201 0.008109 0.021762 0.027913 0.551787 0.141340 0.003608 0.020124
0.436255 0.283964 0.451793 0.270419 0.435857 0.269622 0.499203 0.281972 0.454183 0.281176 0.576892 0.376395 0.423506 0.373606 0.633068 0.475996 0.396813 0.461255 0.557370 0.505876 0.401992 0.497112 0.549402 0.626593 0.450199 0.623406 0.538247 0.798705 0.453387 0.803486 0.554582 0.888346 0.451394 0.994720 0.077976 0.008949 0.014232 0.028252 0.543789 0.139762 0.000506 0.026236
0.436705 0.284238 0.452628 0.270305 0.435908 0.269907 0.500398 0.281452 0.451036 0.280257 0.576830 0.375798 0.421975 0.374205 0.633358 0.474124 0.395304 0.461784 0.561305 0.508360 0.399683 0.496019 0.550557 0.627387 0.450638 0.622610 0.537818 0.802942 0.458997 0.798165 0.557722 0.864247 0.457803 0.999198 0.122987 0.017037 0.010064 0.021420 0.524891 0.134594 0.001518 0.038203
0.435897 0.281889 0.451621 0.267778 0.434688 0.267375 0.499597 0.278664 0.449202 0.277454 0.578617 0.375423 0.416949 0.374617 0.633447 0.475004 0.391952 0.462506 0.562893 0.508870 0.395581 0.500806 0.553621 0.627802 0.450814 0.622158 0.536688 0.807210 0.463312 0.791486 0.556443 0.852364 0.458877 1.000000 0.161228 0.030032 0.001470 0.019827 0.517758 0.118266 0.005647 0.053406
0.436024 0.279671 0.452018 0.265317 0.434383 0.264907 0.500000 0.275570 0.447506 0.275160 0.579971 0.374815 0.415518 0.375225 0.634104 0.477752 0.385170 0.463808 0.566437 0.515071 0.388451 0.505229 0.554134 0.627030 0.450377 0.622929 0.536499 0.810347 0.463091 0.805016 0.557005 0.842336 0.459810 1.000000 0.211976 0.027142 0.001963 0.022315 0.493680 0.130222 0.005744 0.052715
0.438959 0.276805 0.455153 0.262687 0.436467 0.262272 0.504152 0.272238 0.447679 0.272238 0.582219 0.373558 0.414459 0.376464 0.634124 0.479445 0.378748 0.472801 0.572668 0.521385 0.384562 0.522216 0.554397 0.626442 0.448925 0.623536 0.536957 0.810811 0.461382 0.804168 0.556473 0.838633 0.460967 1.000000 0.224740 0.022565 0.004857 0.022201 0.454461 0.150273 0.004230 0.051939
0.445509 0.274131 0.462147 0.259989 0.440517 0.259573 0.509567 0.270388 0.445509 0.270804 0.583609 0.371467 0.414727 0.378538 0.628533 0.480034 0.372299 0.479618 0.578201 0.529533 0.375627 0.532029 0.552827 0.626453 0.448836 0.623541 0.538269 0.811557 0.461315 0.806982 0.560315 0.837763 0.465059 0.999157 0.247611 0.015420 0.013256 0.022411 0.377538 0.146685 0.002118 0.046605
0.452816 0.273600 0.470200 0.259942 0.447022 0.259114 0.515314 0.270703 0.447436 0.270703 0.583193 0.370865 0.414738 0.379143 0.624582 0.477650 0.367140 0.484686 0.584020 0.532284 0.378315 0.535181 0.552564 0.625410 0.449505 0.624582 0.540561 0.806281 0.462750 0.809178 0.556289 0.843945 0.469786 0.988394 0.147007 0.010309 0.017025 0.021992 0.320985 0.204186 0.002635 0.043892
0.460376 0.272733 0.478217 0.259041 0.452078 0.258211 0.519708 0.270659 0.447099 0.271074 0.583189 0.370237 0.413906 0.379780 0.623436 0.474794 0.364532 0.489731 0.586094 0.530807 0.386107 0.530392 0.553316 0.624162 0.449588 0.625821 0.539209 0.798009 0.464525 0.811701 0.550826 0.854022 0.472409 0.985133 0.090870 0.011065 0.011504 0.020320 0.304127 0.289632 0.003697 0.051296
0.467084 0.274214 0.485188 0.260225 0.457209 0.259402 0.523041 0.272157 0.448980 0.271334 0.581880 0.370494 0.413594 0.379546 0.623025 0.470890 0.360928 0.497223 0.589697 0.524790 0.393022 0.523144 0.553901 0.623539 0.450625 0.626420 0.541146 0.794293 0.468318 0.814043 0.541968 0.866298 0.474490 0.977391 0.027371 0.017906 0.011319 0.017466 0.300083 0.417686 0.005764 0.053661
0.473516 0.272611 0.490896 0.258541 0.461516 0.258541 0.524415 0.270955 0.450756 0.272611 0.581521 0.371925 0.413100 0.378133 0.621661 0.469171 0.360959 0.494827 0.591452 0.524622 0.399030 0.513863 0.554209 0.623937 0.451170 0.626006 0.538898 0.795254 0.470619 0.810979 0.537657 0.889190 0.473102 0.976918 0.024166 0.028584 0.005990 0.015163 0.283387 0.486169 0.006850 0.061719
0.480757 0.273430 0.498138 0.260188 0.467929 0.259774 0.527933 0.274258 0.453858 0.273430 0.580489 0.373162 0.414545 0.376887 0.619803 0.470825 0.363644 0.498965 0.592490 0.525864 0.405441 0.507656 0.554004 0.623527 0.450962 0.626424 0.537865 0.790712 0.472067 0.810162 0.534141 0.916102 0.472894 0.977348 0.021181 0.034827 0.002916 0.009725 0.268441 0.560489 0.006323 0.067036
0.487618 0.269876 0.503568 0.256444 0.472507 0.256444 0.530012 0.270295 0.455717 0.272394 0.581220 0.372713 0.414162 0.377330 0.617738 0.470093 0.363373 0.500735 0.594232 0.528018 0.407027 0.504512 0.554357 0.623300 0.450260 0.626658 0.537567 0.792876 0.468309 0.811345 0.530012 0.956576 0.472087 0.977983 0.016733 0.023794 0.002584 0.014758 0.236907 0.596802 0.005878 0.062422
0.496009 0.271265 0.511552 0.256562 0.480466 0.256142 0.533817 0.272105 0.459042 0.272945 0.581286 0.373765 0.413673 0.376286 0.615733 0.472485 0.364943 0.499790 0.595149 0.529616 0.411153 0.497690 0.554401 0.623714 0.450640 0.626235 0.536337 0.798889 0.464083 0.812331 0.522895 0.980785 0.469964 0.982045 0.009226 0.011927 0.001399 0.023786 0.216942 0.634081 0.006418 0.055661
0.500527 0.272184 0.515701 0.257432 0.484510 0.256589 0.536354 0.271762 0.461328 0.272184 0.581032 0.372920 0.413700 0.377135 0.610958 0.474921 0.368179 0.502318 0.593255 0.531823 0.414543 0.496417 0.554478 0.623708 0.450791 0.626237 0.535511 0.805792 0.463014 0.810850 0.521180 1.000000 0.466808 0.977761 0.010293 0.013811 0.000541 0.026006 0.186848 0.651313 0.006708 0.054083
0.505033 0.273948 0.519292 0.259269 0.488676 0.258430 0.537745 0.274367 0.463094 0.273109 0.580943 0.372924 0.414444 0.377118 0.608622 0.476095 0.369569 0.503355 0.593105 0.534390 0.418638 0.497903 0.553682 0.624140 0.450931 0.625817 0.534390 0.812027 0.462674 0.806995 0.521389 1.000000 0.463932 0.969719 0.012820 0.018142 0.001840 0.025767 0.166245 0.643942 0.005874 0.053172
0.506750 0.272278 0.521939 0.259199 0.490718 0.258355 0.541346 0.273966 0.464138 0.273122 0.581849 0.371847 0.414776 0.378176 0.609273 0.475213 0.367945 0.503059 0.592397 0.534280 0.421104 0.502215 0.554004 0.624145 0.449372 0.625832 0.532486 0.817376 0.461185 0.808516 0.521095 1.000000 0.460763 0.956182 0.018024 0.021464 0.000302 0.023625 0.171133 0.619252 0.004298 0.055854
0.511459 0.272814 0.526598 0.259778 0.495059 0.258937 0.544680 0.273655 0.466043 0.272393 0.584209 0.372477 0.416422 0.377524 0.610702 0.474664 0.369744 0.494008 0.592620 0.533536 0.425673 0.504521 0.551409 0.624789 0.447961 0.625210 0.530383 0.817808 0.463940 0.800567 0.519029 1.000000 0.457633 0.928825 0.016799 0.044569 0.006611 0.011388 0.175602 0.562174 0.000803 0.063465
0.515271 0.272916 0.529078 0.259527 0.498954 0.259109 0.544977 0.273334 0.467574 0.274171 0.584307 0.372494 0.417785 0.377515 0.611084 0.470817 0.370088 0.490063 0.593930 0.530229 0.427827 0.510146 0.550835 0.624786 0.447073 0.625205 0.531589 0.816411 0.462972 0.803023 0.518619 1.000000 0.450420 0.912224 0.011834 0.064813 0.010121 0.009079 0.174109 0.521043 0.002665 0.060248
0.518767 0.271225 0.532188 0.258225 0.501992 0.257386 0.547705 0.272903 0.470119 0.272484 0.585869 0.373975 0.418954 0.376072 0.616484 0.471692 0.371563 0.484273 0.595096 0.531244 0.427761 0.519501 0.550221 0.624348 0.444956 0.625606 0.531768 0.815587 0.462570 0.814748 0.517090 1.000000 0.441181 0.898206 0.008418 0.109416 0.014399 0.003493 0.206400 0.453169 0.006142 0.060177
0.523264 0.268729 0.535896 0.255255 0.506000 0.255255 0.549370 0.269150 0.472315 0.269571 0.588950 0.376101 0.417997 0.373996 0.620109 0.480105 0.372101 0.481789 0.596530 0.539896 0.421366 0.528948 0.549370 0.624952 0.443682 0.624952 0.531685 0.814853 0.460104 0.813169 0.510632 1.000000 0.436103 0.886013 0.002745 0.129013 0.020650 0.004765 0.212225 0.385079 0.008847 0.057260
0.528318 0.267476 0.540065 0.253212 0.510698 0.253212 0.552651 0.267056 0.475877 0.267056 0.589989 0.378232 0.419241 0.371939 0.623132 0.483953 0.374771 0.481016 0.597540 0.542268 0.417563 0.543107 0.548456 0.624495 0.442315 0.625334 0.530835 0.804473 0.459515 0.815381 0.509439 1.000000 0.430987 0.872017 0.002700 0.177257 0.022120 0.000152 0.228333 0.315303 0.011754 0.059795
0.532493 0.269341 0.544083 0.255682 0.515522 0.254854 0.555259 0.268927 0.479511 0.266858 0.588373 0.378203 0.421562 0.371994 0.625212 0.488721 0.377686 0.487893 0.595409 0.545014 0.413697 0.555776 0.546980 0.624901 0.443086 0.624901 0.528768 0.803302 0.456331 0.808683 0.508071 0.989154 0.431910 0.858768 0.002917 0.167313 0.020531 0.004127 0.257401 0.270448 0.012652 0.055285
0.536902 0.271498 0.547181 0.257518 0.520455 0.256696 0.556226 0.269442 0.482217 0.268208 0.587886 0.379222 0.422599 0.370998 0.625712 0.493113 0.380661 0.487357 0.591586 0.544097 0.404508 0.558076 0.546358 0.625096 0.443157 0.624684 0.527856 0.800661 0.450558 0.802717 0.509354 0.976227 0.433700 0.858635 0.000000 0.106427 0.019837 0.012514 0.289830 0.213639 0.013354 0.046647
0.538119 0.273535 0.548338 0.259228 0.521768 0.258410 0.556105 0.269856 0.483342 0.270265 0.587581 0.379410 0.423251 0.370825 0.623554 0.493051 0.379921 0.485693 0.584311 0.537199 0.396681 0.553550 0.545477 0.625496 0.443690 0.624269 0.524220 0.803316 0.449413 0.803724 0.505825 0.970098 0.433471 0.866677 0.002904 0.089099 0.016068 0.015467 0.328881 0.191897 0.013797 0.048019
0.542733 0.274432 0.551686 0.259781 0.526861 0.259374 0.556977 0.269548 0.486977 0.270362 0.588314 0.380247 0.424302 0.370072 0.622501 0.493387 0.380348 0.480770 0.578954 0.530829 0.392965 0.547515 0.544361 0.626062 0.443023 0.623620 0.522791 0.804318 0.447907 0.802690 0.506919 0.966703 0.439360 0.874726 0.007316 0.046269 0.017990 0.014781 0.367351 0.179778 0.016070 0.047010
0.545024 0.274471 0.553210 0.260555 0.529061 0.259327 0.557712 0.271197 0.488539 0.269969 0.587592 0.379663 0.425097 0.370659 0.622792 0.490586 0.381710 0.474214 0.575313 0.519237 0.388259 0.542568 0.544205 0.626067 0.443106 0.623611 0.522512 0.805753 0.448837 0.803297 0.509005 0.964974 0.443925 0.897029 0.011306 0.026812 0.017235 0.012477 0.424987 0.156695 0.016162 0.048392
0.547744 0.278016 0.556369 0.263642 0.531727 0.262409 0.560065 0.273498 0.489835 0.271034 0.586761 0.380281 0.425355 0.370013 0.623313 0.491991 0.385106 0.473099 0.567868 0.516633 0.388392 0.542097 0.544458 0.626291 0.443426 0.623416 0.522691 0.804946 0.448354 0.804124 0.512013 0.967583 0.454926 0.938834 0.017723 0.006836 0.015612 0.013982 0.467533 0.133633 0.015432 0.047271
0.550529 0.278067 0.557999 0.264371 0.534758 0.262711 0.559244 0.274332 0.490766 0.271842 0.587466 0.380162 0.426022 0.370202 0.625233 0.497614 0.388255 0.471467 0.559659 0.513799 0.386595 0.539946 0.544304 0.626686 0.442208 0.622950 0.525628 0.810955 0.450924 0.804730 0.514837 0.976134 0.466694 0.968249 0.011386 0.015356 0.023020 0.005107 0.522000 0.105913 0.017182 0.047401
0.548382 0.279810 0.555794 0.265810 0.532735 0.264163 0.557441 0.275281 0.489500 0.272810 0.585441 0.379457 0.426089 0.370809 0.623735 0.497221 0.391089 0.468809 0.556206 0.507515 0.384912 0.536338 0.545088 0.626514 0.443383 0.623220 0.526970 0.808101 0.455324 0.804807 0.514618 0.974865 0.469735 0.988453 0.008118 0.004026 0.019882 0.000877 0.551921 0.080155 0.014685 0.052556
0.545880 0.283140 0.553629 0.269274 0.529975 0.268050 0.556076 0.277838 0.486746 0.273352 0.583400 0.378978 0.426796 0.371230 0.620104 0.502141 0.393354 0.471554 0.547511 0.503772 0.385605 0.531912 0.545065 0.626527 0.444740 0.623265 0.527528 0.807601 0.459014 0.805562 0.516517 0.960535 0.472880 1.000000 0.007853 0.002365 0.018174 0.002250 0.585041 0.061775 0.012985 0.055604
0.543073 0.284021 0.551687 0.270074 0.527074 0.268843 0.556200 0.277047 0.484412 0.273355 0.583684 0.379191 0.425751 0.370987 0.620604 0.507179 0.394164 0.473951 0.546354 0.503077 0.383088 0.533843 0.545534 0.626142 0.445031 0.623680 0.527485 0.809098 0.462670 0.815662 0.516819 0.956776 0.472926 1.000000 0.008353 0.013037 0.017487 0.004925 0.606962 0.036540 0.012016 0.060466
0.538517 0.285016 0.547031 0.270826 0.522705 0.270421 0.551491 0.278124 0.480944 0.274070 0.579871 0.379483 0.424994 0.370564 0.618793 0.503953 0.392964 0.471113 0.543382 0.500304 0.381207 0.530307 0.546625 0.625990 0.448509 0.623963 0.526353 0.803572 0.465132 0.814519 0.517434 0.933717 0.474457 1.000000 0.014399 0.012425 0.006492 0.001755 0.611860 0.035748 0.006195 0.063877
0.536927 0.282530 0.545519 0.268619 0.521788 0.267391 0.549202 0.277621 0.479235 0.273529 0.579480 0.379093 0.421543 0.370909 0.619578 0.501841 0.390038 0.471154 0.545110 0.499386 0.376945 0.528437 0.548793 0.625817 0.450185 0.624181 0.527925 0.799711 0.464505 0.815668 0.516060 0.923278 0.475553 1.000000 0.007543 0.005837 0.001378 0.012083 0.610993 0.025401 0.001304 0.061777
0.535714 0.279832 0.544385 0.265794 0.519612 0.264142 0.549339 0.274877 0.477498 0.271161 0.580305 0.378923 0.418869 0.371078 0.623657 0.501135 0.387077 0.470995 0.546449 0.502787 0.374691 0.530863 0.550991 0.626238 0.449835 0.623761 0.529934 0.801299 0.466350 0.811621 0.522502 0.909886 0.479150 1.000000 0.016353 0.007841 0.000554 0.010904 0.601698 0.033115 0.001050 0.066016
0.533951 0.281820 0.541699 0.267546 0.517638 0.267138 0.545777 0.275702 0.476041 0.274071 0.580033 0.377248 0.417724 0.372762 0.625709 0.488989 0.382244 0.472676 0.552302 0.504486 0.374495 0.528955 0.552302 0.625607 0.449941 0.624383 0.531504 0.800559 0.468700 0.809939 0.526202 0.895172 0.480527 1.000000 0.019847 0.013062 0.002268 0.008464 0.557289 0.065060 0.002855 0.069736
0.532800 0.281331 0.540424 0.267288 0.516350 0.267288 0.544837 0.274109 0.473419 0.272905 0.578941 0.375620 0.416846 0.374416 0.623478 0.480741 0.377525 0.469908 0.557676 0.510432 0.372309 0.526481 0.552862 0.625183 0.451351 0.624782 0.536010 0.806538 0.469406 0.811753 0.531597 0.879962 0.485054 1.000000 0.010382 0.004457 0.003652 0.012951 0.492638 0.095069 0.005365 0.060136
0.534485 0.276458 0.541831 0.262175 0.517345 0.261766 0.545096 0.271561 0.474493 0.271153 0.581010 0.374813 0.414909 0.375221 0.625902 0.477248 0.370834 0.471534 0.571623 0.517651 0.366752 0.532343 0.554483 0.625391 0.449599 0.624575 0.536934 0.810673 0.469188 0.808632 0.538566 0.877195 0.488369 0.999627 0.037868 0.001891 0.003514 0.010248 0.427793 0.115281 0.005196 0.063809
0.535593 0.273762 0.541320 0.259034 0.518410 0.259852 0.542138 0.267216 0.474226 0.270080 0.580595 0.372767 0.415314 0.377267 0.623142 0.476681 0.364994 0.474635 0.577322 0.533138 0.364584 0.535183 0.554003 0.624779 0.450089 0.625188 0.536820 0.807651 0.468498 0.806424 0.543775 0.873109 0.488136 0.988478 0.063515 0.001977 0.003640 0.012134 0.340718 0.149684 0.005210 0.062044
0.537516 0.272848 0.542450 0.257636 0.520248 0.258870 0.541627 0.265037 0.475435 0.270382 0.581918 0.372343 0.414176 0.377688 0.623854 0.474715 0.359495 0.480060 0.587263 0.536385 0.370184 0.540086 0.553550 0.624368 0.450356 0.625601 0.538749 0.805267 0.468445 0.804034 0.546972 0.871048 0.489413 0.979177 0.065569 0.005766 0.009694 0.013966 0.294211 0.212254 0.004973 0.058147
0.540345 0.274451 0.544400 0.259448 0.523721 0.260259 0.541967 0.266747 0.479118 0.272018 0.581299 0.371767 0.415457 0.378254 0.623469 0.469488 0.361123 0.481247 0.593869 0.529904 0.382208 0.533959 0.552510 0.623976 0.450734 0.626003 0.540751 0.802387 0.470197 0.801171 0.549671 0.870508 0.490471 0.966607 0.062397 0.003592 0.015229 0.009798 0.274687 0.275643 0.004129 0.056172
0.543342 0.278867 0.546560 0.263582 0.526447 0.265593 0.536101 0.272029 0.479787 0.276454 0.581152 0.371785 0.417038 0.378221 0.621779 0.463497 0.359919 0.481597 0.594426 0.521419 0.397730 0.526649 0.550582 0.624393 0.451228 0.625600 0.539721 0.802989 0.470938 0.802989 0.551386 0.871370 0.490246 0.959461 0.073115 0.003857 0.019002 0.008493 0.273168 0.382934 0.002305 0.054556
0.543708 0.279619 0.546164 0.265289 0.527330 0.266107 0.541251 0.273477 0.481473 0.276343 0.579738 0.371334 0.415962 0.378703 0.622730 0.464686 0.361098 0.486796 0.596935 0.525283 0.407774 0.522826 0.552715 0.623958 0.451584 0.626005 0.538794 0.805340 0.469190 0.805340 0.545345 0.901968 0.488433 0.975667 0.045930 0.004663 0.009539 0.014387 0.265475 0.440253 0.005474 0.055532
0.546716 0.278713 0.547536 0.263960 0.530325 0.264780 0.540569 0.272566 0.483199 0.277073 0.578680 0.370506 0.417632 0.379521 0.621708 0.459431 0.363130 0.493443 0.599579 0.516392 0.421320 0.507786 0.552043 0.623347 0.451645 0.626626 0.539340 0.801607 0.471315 0.806524 0.542208 0.920446 0.487296 0.971260 0.030328 0.003882 0.010764 0.008875 0.261398 0.565117 0.004697 0.057312
0.549815 0.279889 0.551458 0.265099 0.534203 0.265510 0.544063 0.274548 0.487777 0.277013 0.579807 0.371097 0.419988 0.378903 0.615961 0.459429 0.364113 0.497227 0.599117 0.517358 0.429848 0.502979 0.550226 0.622946 0.449979 0.627054 0.537490 0.797555 0.470933 0.807416 0.538722 0.947925 0.486134 0.973398 0.025786 0.007743 0.014040 0.001472 0.213738 0.612650 0.000247 0.059991
0.552522 0.277195 0.553763 0.262720 0.536393 0.263547 0.546732 0.272232 0.488007 0.275540 0.581058 0.371486 0.420183 0.378517 0.612075 0.459988 0.366420 0.496381 0.598841 0.518300 0.437139 0.495968 0.550041 0.622931 0.448719 0.627066 0.537634 0.798694 0.467742 0.807378 0.534739 0.972802 0.481390 0.974457 0.017140 0.007515 0.016636 0.002928 0.178337 0.638082 0.001580 0.055891
0.554569 0.279047 0.556628 0.265044 0.538919 0.265044 0.550451 0.275340 0.491145 0.276576 0.580927 0.372535 0.421544 0.377477 0.608520 0.462317 0.370476 0.497735 0.598224 0.517503 0.445019 0.490734 0.549627 0.623347 0.447902 0.626641 0.536448 0.800438 0.466847 0.804557 0.530682 0.989885 0.475495 0.971353 0.013960 0.017276 0.015875 0.000219 0.153624 0.657636 0.003147 0.057411
0.557093 0.278725 0.558328 0.264323 0.540634 0.265146 0.551744 0.274199 0.492902 0.276256 0.581371 0.372543 0.422127 0.377481 0.602356 0.465950 0.371926 0.497222 0.595773 0.521500 0.447639 0.485290 0.549275 0.623136 0.447227 0.626839 0.533639 0.801719 0.463687 0.806657 0.526643 1.000000 0.469447 0.962609 0.016601 0.017302 0.012748 0.002876 0.107897 0.676123 0.004453 0.056854
0.561044 0.279127 0.561457 0.264691 0.543721 0.265516 0.553620 0.274590 0.494226 0.277890 0.581667 0.372343 0.423282 0.377705 0.598578 0.468447 0.370487 0.495669 0.594041 0.521242 0.449680 0.486183 0.548670 0.623119 0.446380 0.626832 0.531347 0.803777 0.460816 0.802952 0.523098 1.000000 0.462054 0.953088 0.017338 0.023410 0.011214 0.003395 0.082732 0.671900 0.006302 0.056463
