0.387820 0.301563 0.407616 0.284595 0.386877 0.288366 0.466063 0.295907 0.429298 0.309105 0.466063 0.350583 0.480203 0.405259 0.570702 0.431655 0.448152 0.548549 0.551848 0.578715 0.366138 0.531580 0.498115 0.614537 0.555619 0.629620 0.343513 0.785164 0.563160 0.855866 0.493401 0.952963 0.652716 1.000000 0.466401 0.116058 0.272791 0.092612 0.330767 0.494893 0.068953 0.244934
0.393692 0.299989 0.413669 0.283816 0.392741 0.286670 0.472650 0.297135 0.431744 0.304745 0.472650 0.355164 0.477407 0.399875 0.588709 0.425561 0.456478 0.543522 0.577293 0.575866 0.377520 0.520691 0.496433 0.617724 0.553511 0.627237 0.347078 0.793715 0.581099 0.856501 0.472650 0.994440 0.680034 1.000000 0.401941 0.102444 0.252751 0.064696 0.350578 0.543545 0.064021 0.262117
0.394332 0.300191 0.414505 0.283860 0.393371 0.286742 0.474063 0.297309 0.431796 0.304994 0.475024 0.354946 0.475024 0.400095 0.596062 0.418347 0.458693 0.540346 0.595102 0.570125 0.379922 0.513449 0.496157 0.618157 0.553795 0.626802 0.342458 0.803557 0.595102 0.855430 0.444284 1.000000 0.697888 1.000000 0.355719 0.086066 0.245832 0.049549 0.348426 0.567842 0.064032 0.277225
0.398979 0.300831 0.419087 0.283595 0.397064 0.286467 0.479413 0.297000 0.435366 0.303703 0.480370 0.357326 0.475583 0.396585 0.601979 0.416694 0.466007 0.532557 0.607724 0.567028 0.388446 0.509575 0.492818 0.619693 0.551229 0.626396 0.344399 0.810245 0.603894 0.852377 0.416215 1.000000 0.714011 1.000000 0.303062 0.082847 0.225729 0.028340 0.343279 0.569312 0.056377 0.283519
0.399740 0.303726 0.420500 0.287685 0.397853 0.290516 0.479004 0.299952 0.437485 0.307501 0.479948 0.357513 0.477117 0.396201 0.598845 0.416961 0.469568 0.530196 0.608281 0.564166 0.393135 0.511323 0.491271 0.619840 0.551663 0.626445 0.350672 0.814227 0.602619 0.849141 0.381811 1.000000 0.723403 1.000000 0.238759 0.101968 0.213055 0.028068 0.332040 0.559140 0.054939 0.270925
0.401752 0.305353 0.422095 0.289633 0.399902 0.292407 0.479426 0.302579 0.440589 0.309052 0.480350 0.358060 0.480350 0.395048 0.595936 0.416316 0.472028 0.527278 0.605183 0.561492 0.394354 0.510634 0.488673 0.620672 0.550627 0.626220 0.362915 0.815781 0.595936 0.840748 0.360141 1.000000 0.725393 1.000000 0.178667 0.133504 0.192327 0.027685 0.331152 0.547186 0.050246 0.248499
0.403094 0.303159 0.424525 0.287319 0.402162 0.289182 0.482296 0.301296 0.438502 0.306886 0.481364 0.358135 0.476705 0.395407 0.595974 0.417769 0.469251 0.532380 0.601565 0.566856 0.392844 0.520266 0.492546 0.620900 0.549385 0.625559 0.371413 0.827757 0.591315 0.845461 0.346255 1.000000 0.740402 1.000000 0.136062 0.173982 0.182163 0.037390 0.335352 0.532741 0.053641 0.228600
0.405333 0.303029 0.425702 0.286364 0.403482 0.289141 0.484029 0.299326 0.441441 0.306732 0.479400 0.359505 0.480326 0.393761 0.590500 0.423387 0.473845 0.525229 0.589574 0.568743 0.397001 0.522451 0.492362 0.621516 0.547912 0.625219 0.381262 0.827051 0.582168 0.844642 0.345154 1.000000 0.747892 0.989998 0.110346 0.221516 0.173473 0.041136 0.335922 0.495822 0.051503 0.207035
0.406843 0.303688 0.426838 0.287329 0.405934 0.290056 0.485004 0.300053 0.445015 0.307324 0.477733 0.359128 0.485004 0.393664 0.579524 0.426383 0.472280 0.522721 0.569527 0.569982 0.397754 0.537263 0.490457 0.621786 0.546806 0.625421 0.389575 0.826277 0.566801 0.839001 0.358674 1.000000 0.742209 0.957152 0.103852 0.281603 0.161289 0.053240 0.336273 0.407380 0.047622 0.175594
0.406009 0.300721 0.425892 0.284454 0.405105 0.288069 0.484636 0.299817 0.443063 0.308855 0.478310 0.358562 0.487347 0.393808 0.566878 0.437189 0.471080 0.521238 0.546092 0.578175 0.399683 0.549255 0.490059 0.621556 0.544284 0.626074 0.396068 0.823997 0.549707 0.834843 0.377993 1.000000 0.732266 0.931545 0.113249 0.336677 0.152570 0.068254 0.315499 0.340554 0.043865 0.146626
0.404184 0.302480 0.424118 0.286170 0.404184 0.288889 0.482105 0.300667 0.444957 0.307010 0.480293 0.363185 0.490260 0.388555 0.554590 0.453791 0.476669 0.520839 0.521972 0.590606 0.406903 0.567048 0.489354 0.622318 0.540093 0.625942 0.394218 0.820744 0.527408 0.837053 0.403278 1.000000 0.718586 0.914068 0.154883 0.397204 0.153433 0.084967 0.293119 0.281200 0.037580 0.123205
0.396828 0.299478 0.417323 0.282710 0.396828 0.284573 0.473217 0.301342 0.447133 0.300410 0.477875 0.366552 0.502096 0.384252 0.532838 0.470888 0.492780 0.516535 0.484396 0.610625 0.420117 0.583609 0.483465 0.621803 0.536564 0.627393 0.386581 0.826750 0.495575 0.851903 0.415460 1.000000 0.702385 0.902208 0.179989 0.481530 0.147532 0.102307 0.260552 0.240346 0.025529 0.083082
0.394131 0.297238 0.413464 0.281588 0.395972 0.284350 0.472382 0.297238 0.451208 0.303682 0.469620 0.368124 0.508285 0.382854 0.515650 0.486881 0.545109 0.511738 0.451208 0.611162 0.481588 0.597353 0.487112 0.622209 0.534983 0.626812 0.394131 0.820138 0.473303 0.835788 0.445685 1.000000 0.676755 0.885500 0.210483 0.515074 0.161670 0.126052 0.269965 0.291769 0.028168 0.048436
0.387718 0.292433 0.407828 0.277111 0.389633 0.279984 0.467201 0.296264 0.448048 0.302967 0.461455 0.368086 0.511252 0.383408 0.497845 0.501197 0.567753 0.529926 0.408785 0.616113 0.471032 0.594087 0.489227 0.621859 0.538066 0.626647 0.398251 0.835411 0.453794 0.845945 0.470074 1.000000 0.660643 0.899572 0.222750 0.536035 0.162887 0.151730 0.294809 0.430715 0.034819 0.011409
0.386456 0.293930 0.407715 0.278469 0.388389 0.281368 0.467628 0.296829 0.447335 0.303593 0.461830 0.367371 0.514012 0.383799 0.485022 0.501691 0.580689 0.523917 0.380658 0.604122 0.502416 0.598324 0.493719 0.621516 0.530439 0.627314 0.416412 0.845705 0.432840 0.837974 0.506281 1.000000 0.641567 0.903684 0.224727 0.541020 0.145430 0.159543 0.307398 0.399435 0.030807 0.032405
0.384963 0.296138 0.405350 0.280605 0.386905 0.282547 0.465538 0.297108 0.445151 0.302933 0.458742 0.367975 0.514076 0.383507 0.471362 0.497088 0.586884 0.517474 0.353899 0.581545 0.526696 0.607756 0.498544 0.621347 0.528638 0.627171 0.420882 0.845595 0.416999 0.829092 0.534462 1.000000 0.617949 0.909666 0.254252 0.539380 0.155720 0.179764 0.332590 0.345629 0.034677 0.054642
0.381624 0.299560 0.401959 0.283099 0.381624 0.285036 0.460057 0.299560 0.438755 0.303434 0.455216 0.366374 0.512346 0.385740 0.450374 0.493222 0.592715 0.515493 0.333209 0.550352 0.537522 0.604577 0.500726 0.621038 0.531712 0.626848 0.404864 0.845686 0.407769 0.831161 0.556888 1.000000 0.584001 0.929928 0.317122 0.510969 0.184674 0.199082 0.343445 0.353084 0.041418 0.045185
0.392541 0.301010 0.414413 0.286746 0.394443 0.288648 0.469569 0.302912 0.449599 0.307667 0.457206 0.363774 0.517117 0.387548 0.448648 0.483596 0.603655 0.505468 0.333581 0.530193 0.549450 0.606271 0.516166 0.621486 0.509510 0.627192 0.501902 0.864934 0.367816 0.802170 0.582734 1.000000 0.580832 0.919139 0.135505 0.556825 0.090221 0.206565 0.354825 0.358569 0.032750 0.198037
0.387120 0.297685 0.408390 0.283183 0.389053 0.286083 0.463501 0.299619 0.449965 0.305420 0.450932 0.361498 0.526347 0.389537 0.433529 0.474620 0.612397 0.498791 0.322340 0.504593 0.562120 0.610947 0.485739 0.618682 0.536982 0.630284 0.366816 0.802384 0.482838 0.841058 0.534082 0.985120 0.589192 1.000000 0.418817 0.244224 0.225696 0.094090 0.367597 0.346499 0.028969 0.102839
0.397978 0.301558 0.418522 0.287551 0.399845 0.290352 0.471751 0.303426 0.455876 0.309029 0.454942 0.361324 0.526848 0.389340 0.430662 0.463113 0.617431 0.487393 0.341013 0.475253 0.585680 0.594785 0.517510 0.621866 0.500700 0.627469 0.538988 0.836650 0.360624 0.774083 0.646380 1.000000 0.495097 0.948711 0.123394 0.451622 0.043294 0.207931 0.382622 0.328903 0.023206 0.274469
0.397964 0.302542 0.418749 0.287425 0.399854 0.290260 0.473546 0.302542 0.456540 0.308210 0.453706 0.360173 0.529288 0.390406 0.426307 0.458430 0.621876 0.485828 0.341278 0.463154 0.595422 0.592588 0.517951 0.621876 0.499055 0.627545 0.553852 0.835396 0.358284 0.775875 0.664391 1.000000 0.465043 0.974278 0.107496 0.398816 0.023601 0.201316 0.395774 0.322518 0.021669 0.294705
0.400092 0.302574 0.420169 0.287277 0.401048 0.290145 0.473708 0.302574 0.456499 0.308310 0.453631 0.359937 0.531072 0.390531 0.425905 0.452675 0.626678 0.484225 0.346552 0.455543 0.603732 0.594172 0.517687 0.621898 0.497610 0.627634 0.572183 0.836055 0.358981 0.784428 0.682129 1.000000 0.428774 1.000000 0.079526 0.328681 0.002979 0.185824 0.396027 0.318705 0.019489 0.309767
0.401126 0.303455 0.421334 0.288059 0.402088 0.290946 0.475221 0.301531 0.459825 0.308267 0.455014 0.360229 0.532958 0.390060 0.428070 0.448759 0.631110 0.482438 0.353975 0.448759 0.609940 0.592138 0.515637 0.621968 0.496391 0.627742 0.582034 0.837518 0.363597 0.795178 0.696545 1.000000 0.402088 1.000000 0.070961 0.266655 0.022666 0.164844 0.405958 0.320325 0.015321 0.308549
0.402380 0.302320 0.422880 0.286701 0.403356 0.289629 0.476571 0.300368 0.462904 0.308177 0.455095 0.359916 0.538072 0.390178 0.430690 0.445821 0.634715 0.481940 0.357475 0.447773 0.614215 0.592251 0.510738 0.621537 0.496095 0.628370 0.582977 0.839229 0.369190 0.811895 0.713787 1.000000 0.369190 1.000000 0.091967 0.192575 0.035282 0.137049 0.403406 0.316732 0.008701 0.294563
0.405400 0.300587 0.425828 0.285996 0.407346 0.288914 0.480302 0.301560 0.466683 0.308369 0.459874 0.358952 0.538667 0.391052 0.442365 0.441635 0.636914 0.482491 0.370382 0.457199 0.615514 0.591438 0.507539 0.621593 0.493920 0.628402 0.576604 0.835597 0.378164 0.819061 0.730298 1.000000 0.351899 1.000000 0.133494 0.138464 0.042223 0.114374 0.365794 0.323161 0.001855 0.273056
0.407467 0.300886 0.426846 0.285383 0.408436 0.289258 0.481106 0.299917 0.467541 0.309606 0.463665 0.359021 0.539242 0.390996 0.453007 0.439442 0.635165 0.483044 0.375493 0.464634 0.611911 0.592533 0.503391 0.620631 0.493702 0.629352 0.563465 0.832826 0.387120 0.821199 0.735934 0.980103 0.343518 1.000000 0.187210 0.102656 0.039848 0.101323 0.358036 0.323178 0.003703 0.249232
0.409002 0.305215 0.427693 0.288491 0.409002 0.292426 0.483768 0.299312 0.471963 0.310134 0.468028 0.358338 0.539842 0.391786 0.460158 0.444909 0.635268 0.488195 0.376538 0.480325 0.607722 0.598376 0.499508 0.619035 0.492622 0.630841 0.549680 0.838415 0.393262 0.833496 0.742498 0.961385 0.344073 1.000000 0.247723 0.079456 0.033314 0.083025 0.343619 0.326347 0.010022 0.216668
0.407150 0.303435 0.425918 0.286643 0.407150 0.290594 0.482220 0.299484 0.468392 0.308374 0.469379 0.356774 0.537535 0.393321 0.472343 0.443697 0.624458 0.496049 0.379493 0.497037 0.594825 0.602727 0.498024 0.619519 0.495061 0.630385 0.527657 0.840779 0.399248 0.836828 0.739039 0.933629 0.351835 1.000000 0.325879 0.075226 0.007813 0.081883 0.344870 0.309780 0.008805 0.180694
0.406250 0.303075 0.425099 0.287202 0.407242 0.290179 0.480655 0.300099 0.466766 0.308036 0.469742 0.359623 0.530258 0.390377 0.478671 0.448909 0.615575 0.505456 0.378472 0.520337 0.577877 0.611607 0.500496 0.620536 0.499504 0.629464 0.496528 0.840774 0.402282 0.834821 0.727679 0.909226 0.375496 1.000000 0.414090 0.104639 0.043082 0.100025 0.334592 0.311692 0.000003 0.135011
0.402424 0.305873 0.421888 0.288458 0.402424 0.292556 0.480280 0.299727 0.459792 0.309971 0.470036 0.357094 0.525354 0.392949 0.488475 0.456462 0.608332 0.519976 0.380912 0.549684 0.554038 0.636760 0.501793 0.618320 0.502817 0.631637 0.462865 0.848814 0.402424 0.846765 0.718969 0.900034 0.398327 1.000000 0.490424 0.133588 0.091764 0.109017 0.331101 0.322711 0.005870 0.085726
0.400305 0.303960 0.418853 0.287473 0.400305 0.290564 0.477588 0.299838 0.459040 0.310142 0.471405 0.355481 0.520866 0.394638 0.495105 0.465738 0.595058 0.537868 0.395153 0.567751 0.539414 0.640912 0.504379 0.618242 0.503349 0.631638 0.441523 0.853182 0.403397 0.853182 0.696040 0.868638 0.424005 1.000000 0.563906 0.162879 0.122950 0.111422 0.314148 0.309736 0.009841 0.051693
0.400682 0.308532 0.418088 0.291126 0.399658 0.294197 0.475427 0.300341 0.460068 0.310580 0.472355 0.354607 0.518430 0.395563 0.503072 0.466211 0.582935 0.543004 0.411945 0.575768 0.508191 0.620819 0.501024 0.617748 0.508191 0.632082 0.429351 0.850172 0.422184 0.854267 0.669966 0.851196 0.452901 1.000000 0.593858 0.160510 0.129756 0.103792 0.306341 0.374866 0.011736 0.022351
0.395317 0.313525 0.411778 0.293977 0.395317 0.298092 0.471450 0.301179 0.458075 0.312496 0.467335 0.355707 0.516718 0.394802 0.502315 0.464763 0.569189 0.536781 0.428239 0.589251 0.495113 0.591309 0.499228 0.617029 0.516718 0.632462 0.403547 0.840285 0.425153 0.850573 0.632976 0.849544 0.472479 1.000000 0.616041 0.192419 0.167539 0.126518 0.269657 0.410696 0.020318 0.002363
0.393175 0.312216 0.409729 0.293593 0.393175 0.297732 0.464564 0.301870 0.450080 0.309113 0.464564 0.361878 0.517330 0.388778 0.511122 0.463271 0.545265 0.516037 0.451114 0.594668 0.467668 0.606049 0.489395 0.622603 0.528711 0.626741 0.370414 0.829527 0.444906 0.846080 0.602169 0.854357 0.494568 1.000000 0.632130 0.184548 0.196329 0.131382 0.273387 0.295246 0.023073 0.049935
0.390077 0.314035 0.406630 0.296448 0.390077 0.299551 0.461462 0.304724 0.446978 0.310932 0.461462 0.363695 0.514225 0.387490 0.519398 0.456807 0.533882 0.517846 0.472842 0.602681 0.443874 0.622338 0.487326 0.622338 0.536986 0.626477 0.347659 0.830288 0.468704 0.848910 0.581473 0.852014 0.513191 1.000000 0.658768 0.156521 0.219986 0.125031 0.275507 0.273980 0.031005 0.093454
0.386223 0.314295 0.404009 0.296509 0.387269 0.298602 0.458413 0.304879 0.441673 0.309064 0.461551 0.361375 0.506539 0.390670 0.528510 0.448212 0.505493 0.545511 0.489799 0.596776 0.405055 0.618746 0.488753 0.620839 0.543157 0.627116 0.332866 0.824853 0.492938 0.860424 0.567220 0.866702 0.532695 1.000000 0.651438 0.123170 0.240936 0.116393 0.290221 0.297303 0.040740 0.140201
0.387933 0.311992 0.404809 0.294061 0.386879 0.297225 0.459656 0.302499 0.439616 0.306718 0.465984 0.357346 0.497627 0.395317 0.537707 0.435397 0.477587 0.556692 0.507120 0.590444 0.384769 0.599937 0.482860 0.617868 0.553528 0.629470 0.315156 0.801393 0.502901 0.875225 0.494463 0.867842 0.590444 1.000000 0.622704 0.183964 0.256262 0.139266 0.298558 0.321888 0.046497 0.171002
0.384543 0.309187 0.402844 0.290886 0.383467 0.293039 0.459900 0.298421 0.437293 0.303804 0.465282 0.357630 0.496501 0.395308 0.544945 0.427604 0.477124 0.553557 0.526644 0.577240 0.379160 0.580470 0.481430 0.618148 0.556787 0.628913 0.313493 0.800080 0.527720 0.872207 0.494348 0.912039 0.627837 1.000000 0.560833 0.166730 0.256979 0.118239 0.309319 0.375874 0.048850 0.199426
0.391305 0.304295 0.409510 0.286090 0.390234 0.289302 0.466267 0.294657 0.440566 0.306437 0.465196 0.352485 0.495181 0.400675 0.556222 0.426376 0.468409 0.557025 0.533733 0.569876 0.368816 0.567734 0.486614 0.615924 0.553009 0.630916 0.322768 0.780841 0.559434 0.860087 0.474834 0.942545 0.653673 1.000000 0.489189 0.122435 0.274785 0.069405 0.332435 0.411923 0.050663 0.257885
0.392308 0.305623 0.409326 0.287541 0.391245 0.290732 0.465698 0.294987 0.444426 0.305623 0.465698 0.353486 0.497607 0.399222 0.562488 0.422621 0.468889 0.548129 0.550788 0.566211 0.369972 0.555574 0.482716 0.617264 0.553979 0.630028 0.326364 0.781062 0.575251 0.855516 0.457189 0.972514 0.679486 1.000000 0.433410 0.116354 0.263106 0.046310 0.328448 0.415442 0.046891 0.272539
0.391089 0.302515 0.408215 0.284319 0.390019 0.287530 0.466015 0.291811 0.443538 0.303585 0.467086 0.354964 0.495986 0.397779 0.564490 0.423468 0.461734 0.546561 0.555927 0.566899 0.366470 0.549773 0.482071 0.618277 0.554857 0.628981 0.326866 0.789538 0.592320 0.854831 0.433904 1.000000 0.700428 1.000000 0.378212 0.102508 0.252454 0.027041 0.323878 0.417249 0.047191 0.286682
0.393605 0.305031 0.409564 0.285880 0.391477 0.290135 0.468081 0.291199 0.446802 0.303967 0.468081 0.356100 0.495744 0.396531 0.567029 0.428449 0.464890 0.546548 0.556390 0.568891 0.372326 0.549740 0.480849 0.619961 0.555326 0.627408 0.330832 0.797641 0.601076 0.850838 0.407436 1.000000 0.715982 1.000000 0.322187 0.106955 0.238583 0.016101 0.323104 0.424461 0.046221 0.287482
0.396171 0.307626 0.410928 0.288653 0.394063 0.292869 0.468904 0.292869 0.448876 0.306572 0.469958 0.358223 0.496311 0.394063 0.567990 0.434119 0.475229 0.540583 0.553232 0.573260 0.384576 0.554286 0.479445 0.620695 0.554286 0.627019 0.336087 0.803054 0.602775 0.846272 0.375089 1.000000 0.730321 1.000000 0.261567 0.124996 0.223566 0.008359 0.323930 0.406757 0.043079 0.281346
0.396913 0.307238 0.412692 0.288304 0.394810 0.292512 0.468443 0.293564 0.450560 0.306187 0.469495 0.358782 0.496844 0.393495 0.566270 0.439778 0.482118 0.542865 0.543128 0.579682 0.389550 0.570215 0.480014 0.620706 0.553647 0.627017 0.345370 0.812153 0.600983 0.846866 0.350630 1.000000 0.742990 1.000000 0.201846 0.155584 0.207880 0.008446 0.330359 0.377274 0.042989 0.262608
0.396818 0.305420 0.412531 0.286564 0.395770 0.290754 0.470145 0.293897 0.450242 0.304372 0.472240 0.360940 0.494239 0.391318 0.562328 0.445790 0.487953 0.537973 0.530902 0.583017 0.403103 0.583017 0.481668 0.621776 0.551853 0.625966 0.357011 0.819761 0.595850 0.842806 0.339203 1.000000 0.755075 0.996794 0.155175 0.191603 0.190365 0.012921 0.331187 0.331021 0.042809 0.242585
0.395784 0.305016 0.412335 0.287431 0.396819 0.289500 0.467158 0.293637 0.454745 0.302947 0.476467 0.363977 0.494052 0.387768 0.555082 0.458107 0.486811 0.524308 0.516809 0.592579 0.415438 0.592579 0.483708 0.623611 0.545772 0.624645 0.370959 0.822215 0.586114 0.834628 0.339927 1.000000 0.750583 0.967031 0.122530 0.223832 0.173230 0.008009 0.309748 0.240208 0.037623 0.224772
0.397804 0.306992 0.414362 0.289399 0.398839 0.291469 0.470247 0.296643 0.455758 0.303887 0.478526 0.365981 0.493014 0.385644 0.549934 0.466366 0.490945 0.524320 0.503363 0.605042 0.429886 0.610216 0.486805 0.623670 0.541655 0.624705 0.380211 0.822370 0.574771 0.836858 0.354339 1.000000 0.751738 0.944487 0.121968 0.276780 0.166955 0.014602 0.299938 0.191954 0.036315 0.206021
0.392836 0.308489 0.409244 0.290030 0.393862 0.293107 0.466671 0.294132 0.454366 0.303362 0.474875 0.366942 0.499487 0.384376 0.534354 0.474619 0.498462 0.519741 0.482054 0.611010 0.429754 0.616137 0.484105 0.623316 0.541532 0.625366 0.379505 0.818159 0.553838 0.835593 0.375403 1.000000 0.742529 0.917632 0.151193 0.350841 0.168281 0.036370 0.277195 0.194700 0.032700 0.175438
0.382682 0.305965 0.398501 0.286983 0.383737 0.290146 0.457555 0.292256 0.457555 0.300692 0.461773 0.369237 0.514500 0.381891 0.508173 0.495782 0.541918 0.510545 0.444900 0.627599 0.477591 0.597018 0.478646 0.623381 0.545082 0.625490 0.372137 0.822689 0.525045 0.842726 0.390064 1.000000 0.726462 0.907053 0.180332 0.430876 0.177322 0.069029 0.254318 0.270424 0.030256 0.126945
0.382671 0.300302 0.397503 0.282292 0.383730 0.284411 0.453651 0.288649 0.454710 0.296064 0.462126 0.370223 0.515097 0.380817 0.493908 0.510064 0.551116 0.529134 0.414453 0.628718 0.475899 0.608589 0.479077 0.623421 0.543700 0.625540 0.376314 0.819411 0.505562 0.842718 0.416572 1.000000 0.711087 0.884034 0.208161 0.492186 0.174995 0.092371 0.258957 0.317117 0.029041 0.098383
