0.502776 0.272888 0.520546 0.259561 0.487228 0.259561 0.542757 0.279551 0.462796 0.277330 0.584959 0.375060 0.422815 0.375060 0.640488 0.495002 0.396161 0.479454 0.560526 0.470570 0.402825 0.526098 0.547199 0.626050 0.445027 0.623829 0.527209 0.819290 0.453911 0.814848 0.502776 0.983655 0.480565 0.994761 0.014161 0.032022 0.014719 0.013551 0.732407 0.124738 0.009899 0.047606
0.500541 0.277616 0.517856 0.264630 0.485391 0.264630 0.539499 0.284109 0.461583 0.281945 0.580621 0.372846 0.422626 0.377175 0.636893 0.491884 0.403147 0.487555 0.558978 0.472405 0.405311 0.530842 0.548156 0.626072 0.448597 0.623907 0.530842 0.820860 0.463748 0.814367 0.498377 0.974527 0.487555 0.991842 0.038054 0.017180 0.012368 0.008116 0.718542 0.071502 0.004134 0.053487
0.496753 0.276524 0.514069 0.263537 0.481602 0.263537 0.537877 0.278688 0.457794 0.278688 0.581166 0.371758 0.420999 0.378251 0.639605 0.486472 0.403683 0.492966 0.566015 0.482144 0.408012 0.531925 0.548699 0.624995 0.449136 0.624995 0.535713 0.824122 0.466451 0.819793 0.492425 0.973467 0.485931 0.995111 0.069073 0.007003 0.019858 0.007922 0.668679 0.082910 0.002755 0.048950
0.494493 0.272577 0.512115 0.259361 0.479075 0.259361 0.536344 0.276982 0.454846 0.274780 0.582599 0.371696 0.417401 0.378304 0.639868 0.488436 0.399780 0.492841 0.567181 0.499449 0.406388 0.534692 0.551762 0.625000 0.448238 0.625000 0.547357 0.823238 0.463656 0.823238 0.527533 0.884912 0.494493 1.000000 0.091921 0.027861 0.031489 0.014875 0.597308 0.098438 0.000004 0.031780
0.493182 0.268191 0.511363 0.254556 0.477274 0.254556 0.534090 0.272737 0.452275 0.272737 0.584087 0.370460 0.413640 0.379550 0.638631 0.488637 0.393186 0.495455 0.586360 0.531817 0.411367 0.552271 0.554543 0.624995 0.447729 0.624995 0.552271 0.811351 0.447729 0.813623 0.552271 0.870439 0.493182 1.000000 0.003881 0.071925 0.032900 0.043929 0.417864 0.154181 0.002894 0.003881
0.496076 0.267379 0.514013 0.256168 0.480381 0.253926 0.536435 0.276348 0.455718 0.274105 0.583519 0.370517 0.415360 0.379486 0.632846 0.484866 0.383970 0.502803 0.590246 0.543161 0.422086 0.547645 0.554372 0.623878 0.446749 0.626120 0.558856 0.805490 0.446749 0.816701 0.558856 0.870512 0.493834 0.987103 0.007859 0.085813 0.044317 0.040295 0.330512 0.303587 0.001428 0.007858
0.494933 0.270291 0.512949 0.256779 0.481421 0.254527 0.537722 0.277047 0.456648 0.272543 0.582763 0.371633 0.413859 0.378389 0.623300 0.472975 0.375574 0.500000 0.596275 0.529277 0.429624 0.540537 0.555738 0.623863 0.447640 0.626115 0.560242 0.799522 0.449892 0.822043 0.553486 0.898612 0.490429 0.984190 0.029829 0.074321 0.042135 0.039481 0.263569 0.392249 0.004301 0.004501
0.496023 0.271612 0.514203 0.257977 0.480115 0.257977 0.536928 0.273885 0.457390 0.273885 0.582379 0.373875 0.414213 0.376148 0.609649 0.476139 0.368762 0.498864 0.591469 0.519316 0.439210 0.537497 0.555108 0.623852 0.448300 0.626125 0.557381 0.796563 0.455118 0.821561 0.539201 0.939732 0.486933 0.989727 0.044393 0.048418 0.038776 0.032040 0.209806 0.453241 0.004340 0.006911
0.500000 0.270740 0.515695 0.259529 0.484305 0.259529 0.538117 0.279709 0.461883 0.277466 0.580718 0.373879 0.419282 0.376121 0.603139 0.474776 0.369955 0.499439 0.591928 0.515135 0.446188 0.526345 0.551570 0.622758 0.448430 0.627242 0.558296 0.795404 0.459641 0.820067 0.529148 0.968049 0.493274 0.979260 0.065634 0.047788 0.049506 0.018296 0.155850 0.513119 0.000004 0.006090
0.501121 0.270740 0.516816 0.257287 0.485426 0.257287 0.543722 0.277466 0.463004 0.277466 0.579596 0.376121 0.420404 0.373879 0.597534 0.481502 0.368834 0.492713 0.590807 0.517377 0.451794 0.524103 0.552691 0.625000 0.447309 0.625000 0.550448 0.811099 0.458520 0.815583 0.530269 0.999439 0.487668 0.959081 0.030140 0.045086 0.030444 0.015273 0.112664 0.515186 0.000004 0.022538
0.503274 0.279006 0.520735 0.263727 0.487995 0.263727 0.546927 0.281189 0.468351 0.281189 0.581850 0.379408 0.424698 0.370678 0.594946 0.484176 0.372315 0.488541 0.590580 0.530012 0.453073 0.523464 0.546927 0.626048 0.446525 0.623866 0.542562 0.813757 0.457438 0.809392 0.538197 0.999283 0.485813 0.925072 0.000116 0.057862 0.037371 0.008671 0.069807 0.503207 0.008338 0.026104
0.502136 0.278919 0.519224 0.263966 0.487184 0.266102 0.546993 0.281055 0.467959 0.285327 0.581170 0.379313 0.425238 0.370769 0.591850 0.479708 0.373973 0.486116 0.589714 0.526701 0.450871 0.524565 0.546993 0.624959 0.446599 0.624959 0.540585 0.812931 0.455143 0.812931 0.529905 0.994496 0.480776 0.885557 0.007856 0.093541 0.033157 0.012227 0.048194 0.485541 0.008160 0.025306
0.503836 0.270941 0.521371 0.257790 0.488492 0.259982 0.547675 0.277517 0.468765 0.277517 0.584938 0.378347 0.422734 0.371771 0.602474 0.492328 0.367935 0.485752 0.589322 0.531783 0.435885 0.527399 0.549867 0.623845 0.442461 0.626037 0.543291 0.818929 0.449037 0.821121 0.521371 1.000000 0.468765 0.878111 0.026122 0.095349 0.034442 0.013922 0.151006 0.467625 0.009770 0.021451
0.503346 0.266890 0.521192 0.253505 0.487731 0.253505 0.547961 0.273582 0.465424 0.271351 0.588113 0.380656 0.420809 0.369503 0.614882 0.498885 0.367272 0.483270 0.590344 0.534576 0.423040 0.536807 0.550191 0.626036 0.440886 0.623805 0.545730 0.824570 0.445347 0.817878 0.516730 1.000000 0.456501 0.875876 0.044763 0.053159 0.041655 0.017762 0.262589 0.396501 0.011363 0.014468
0.502324 0.260050 0.518592 0.246106 0.483732 0.246106 0.546479 0.264698 0.465140 0.267022 0.590635 0.380896 0.418661 0.369277 0.630143 0.511039 0.360562 0.483151 0.574367 0.531955 0.407041 0.543575 0.551127 0.627238 0.439577 0.622590 0.555775 0.827099 0.439577 0.820127 0.513944 1.000000 0.455845 0.915410 0.079594 0.053827 0.058020 0.026223 0.479615 0.358886 0.011839 0.007401
0.502335 0.265351 0.521013 0.251342 0.485991 0.251342 0.549031 0.270020 0.464978 0.270020 0.591058 0.382092 0.418281 0.368083 0.640089 0.515176 0.362246 0.477819 0.574714 0.505837 0.401938 0.536190 0.551366 0.627248 0.439295 0.622578 0.551366 0.828042 0.443964 0.800024 0.521013 1.000000 0.467313 0.951787 0.051277 0.040215 0.051093 0.017848 0.657528 0.340368 0.011894 0.008375
0.498273 0.267978 0.518999 0.254160 0.484455 0.254160 0.546635 0.272584 0.461426 0.270281 0.590391 0.378519 0.417670 0.371611 0.643359 0.505182 0.373914 0.475243 0.574270 0.482152 0.399246 0.523605 0.551241 0.627238 0.440699 0.622632 0.539726 0.820686 0.449911 0.806868 0.521302 1.000000 0.475243 0.974983 0.011299 0.031704 0.030772 0.013219 0.728493 0.280759 0.010264 0.034827
0.496042 0.272117 0.514137 0.258546 0.480209 0.258546 0.541279 0.276641 0.457590 0.274379 0.586516 0.376163 0.419138 0.373901 0.640801 0.498304 0.385210 0.471161 0.572945 0.473423 0.401043 0.514137 0.550326 0.627230 0.444019 0.622706 0.532232 0.819488 0.448543 0.805917 0.505089 0.995914 0.489256 1.000000 0.018719 0.057817 0.015698 0.023867 0.744993 0.219197 0.007200 0.037729
0.492222 0.275000 0.510000 0.261667 0.476667 0.261667 0.536667 0.279444 0.454444 0.279444 0.581111 0.372778 0.418889 0.377222 0.641111 0.492778 0.394444 0.488333 0.570000 0.468333 0.403333 0.512778 0.552222 0.626111 0.447778 0.623889 0.532222 0.819444 0.463333 0.817222 0.503333 0.966111 0.485556 1.000000 0.029093 0.012611 0.003329 0.011554 0.752975 0.179947 0.000004 0.058368
0.490175 0.276747 0.507642 0.263646 0.474891 0.263646 0.533843 0.281114 0.455240 0.281114 0.579694 0.370633 0.420306 0.379367 0.643013 0.490721 0.398472 0.503821 0.570961 0.471070 0.407205 0.510371 0.551310 0.623908 0.448690 0.626092 0.536026 0.820415 0.468341 0.824782 0.494541 0.960153 0.490175 0.999454 0.067152 0.008203 0.010816 0.005079 0.739203 0.350448 0.000004 0.056087
0.489178 0.278688 0.506493 0.265701 0.474027 0.265701 0.532466 0.280852 0.452383 0.280852 0.577919 0.371758 0.419916 0.378251 0.640687 0.490801 0.396108 0.486472 0.569261 0.482144 0.404765 0.521103 0.551946 0.624995 0.450218 0.624995 0.547617 0.819793 0.471863 0.817629 0.497836 0.928014 0.491342 1.000000 0.130163 0.002037 0.025461 0.003279 0.692848 0.146909 0.002755 0.042688
0.489178 0.278688 0.506493 0.265701 0.474027 0.265701 0.532466 0.280852 0.452383 0.280852 0.577919 0.371758 0.419916 0.378251 0.640687 0.490801 0.396108 0.486472 0.569261 0.482144 0.404765 0.521103 0.551946 0.624995 0.450218 0.624995 0.547617 0.819793 0.471863 0.817629 0.497836 0.928014 0.491342 1.000000 0.130163 0.002037 0.025461 0.003279 0.692848 0.146909 0.002755 0.042688
0.488386 0.269932 0.506084 0.256659 0.472901 0.256659 0.530418 0.274356 0.450779 0.274356 0.579086 0.371693 0.417596 0.378329 0.643240 0.486727 0.388837 0.493363 0.581298 0.497788 0.399898 0.530971 0.554752 0.626095 0.448566 0.623883 0.545903 0.829617 0.464052 0.822980 0.514932 0.871649 0.492810 1.000000 0.188304 0.024746 0.016523 0.015229 0.605686 0.169032 0.004225 0.038538
0.488586 0.265450 0.506848 0.249471 0.472607 0.251754 0.531958 0.267733 0.449780 0.270016 0.582178 0.370455 0.413256 0.379586 0.636963 0.482309 0.376733 0.500571 0.595874 0.532529 0.399560 0.548508 0.557068 0.623838 0.447497 0.626121 0.557068 0.817869 0.458911 0.822435 0.543372 0.884068 0.497717 1.000000 0.064941 0.049821 0.031442 0.025443 0.363249 0.234787 0.005813 0.018486
0.489823 0.264227 0.507916 0.250657 0.473991 0.250657 0.532793 0.271012 0.449114 0.271012 0.580287 0.370523 0.412928 0.379569 0.625519 0.479080 0.367696 0.494911 0.607426 0.537882 0.403882 0.551452 0.557671 0.623823 0.449114 0.626085 0.555409 0.813798 0.455899 0.820583 0.548625 0.881647 0.496608 0.987942 0.027936 0.064852 0.024556 0.035294 0.220681 0.300179 0.008640 0.014888
0.491446 0.269031 0.507414 0.255343 0.475477 0.255343 0.532507 0.273593 0.450384 0.273593 0.580412 0.371684 0.409323 0.378527 0.612348 0.474337 0.354575 0.492586 0.605505 0.540491 0.411604 0.549616 0.559881 0.622613 0.450384 0.627176 0.555319 0.800545 0.454947 0.821076 0.541632 0.923729 0.491446 0.989883 0.027063 0.060292 0.017826 0.044607 0.128820 0.392450 0.013074 0.015648
0.492552 0.268546 0.510885 0.254796 0.476511 0.254796 0.533801 0.273129 0.453595 0.273129 0.577342 0.371669 0.412345 0.378544 0.602550 0.477084 0.350471 0.493125 0.602550 0.529791 0.416929 0.538958 0.559009 0.621456 0.451303 0.628331 0.554426 0.793328 0.458178 0.829994 0.531510 0.944575 0.490261 0.994991 0.039379 0.050283 0.014835 0.038401 0.074715 0.465426 0.013134 0.019334
0.494219 0.268766 0.512718 0.254892 0.478033 0.257205 0.535841 0.275703 0.454909 0.275703 0.577463 0.372821 0.410975 0.377446 0.598274 0.486126 0.346229 0.495375 0.600587 0.569370 0.427161 0.543934 0.558965 0.622554 0.452597 0.627179 0.552028 0.807541 0.459534 0.821415 0.519655 1.000000 0.491907 1.000000 0.040030 0.044466 0.011604 0.041205 0.048981 0.487799 0.014726 0.023294
0.495519 0.275369 0.513444 0.261924 0.479834 0.261924 0.535851 0.282091 0.455186 0.279850 0.573943 0.373960 0.417094 0.376201 0.589628 0.472551 0.354354 0.492718 0.598591 0.542013 0.430538 0.542013 0.556018 0.622679 0.452945 0.627160 0.544814 0.815380 0.459667 0.819862 0.522407 1.000000 0.488796 0.963267 0.018362 0.052690 0.004417 0.034068 0.009372 0.474420 0.011414 0.029585
0.500543 0.278313 0.515757 0.265273 0.483156 0.265273 0.537491 0.282660 0.459249 0.282660 0.574439 0.376116 0.420128 0.373943 0.587479 0.476093 0.361446 0.489133 0.596173 0.543468 0.435341 0.541295 0.552705 0.623884 0.452729 0.626057 0.539665 0.815143 0.457075 0.817316 0.524451 0.999882 0.491850 0.917293 0.004486 0.099317 0.006182 0.033701 0.000433 0.454324 0.006918 0.028903
0.501078 0.280172 0.518319 0.265086 0.485991 0.265086 0.542026 0.282328 0.464440 0.282328 0.578664 0.377155 0.421336 0.372845 0.591595 0.484914 0.363147 0.487069 0.593750 0.551724 0.432112 0.540948 0.550647 0.625000 0.449353 0.625000 0.539871 0.816810 0.451509 0.816810 0.520474 1.000000 0.485991 0.887931 0.015327 0.140126 0.017967 0.031647 0.027751 0.438873 0.000004 0.021440
0.503304 0.268181 0.518722 0.254965 0.487886 0.254965 0.542950 0.270383 0.463658 0.272586 0.582596 0.378309 0.419607 0.371701 0.602419 0.490639 0.362340 0.484031 0.593609 0.547906 0.421809 0.547906 0.551760 0.624995 0.446037 0.624995 0.545152 0.821023 0.446037 0.823225 0.514317 1.000000 0.470265 0.865074 0.043101 0.167048 0.028858 0.033095 0.104190 0.388707 0.002803 0.010725
0.501121 0.266293 0.519055 0.252842 0.485428 0.252842 0.543715 0.270777 0.463010 0.273019 0.586309 0.380625 0.418175 0.369416 0.613210 0.510648 0.359888 0.483747 0.586309 0.546517 0.413691 0.553243 0.552682 0.624980 0.442834 0.624980 0.545957 0.824499 0.445076 0.817774 0.512330 0.994876 0.460769 0.871577 0.051301 0.086633 0.032805 0.026918 0.269774 0.359775 0.005709 0.014427
0.502251 0.269294 0.520257 0.255789 0.486495 0.255789 0.545016 0.273795 0.463987 0.276046 0.587781 0.379583 0.421222 0.370580 0.630546 0.507878 0.364953 0.476367 0.578778 0.525884 0.403216 0.548392 0.549517 0.627170 0.441479 0.622668 0.547267 0.827490 0.441479 0.804982 0.511254 0.998550 0.457235 0.892763 0.062472 0.056531 0.045231 0.025524 0.495866 0.311048 0.011466 0.003577
0.504584 0.269650 0.520628 0.253606 0.488540 0.255898 0.545841 0.271942 0.465619 0.274235 0.589389 0.379668 0.419779 0.370500 0.639814 0.505730 0.369354 0.475934 0.575637 0.508022 0.401442 0.546987 0.550425 0.627208 0.440407 0.622624 0.545841 0.824323 0.449575 0.801403 0.518336 1.000000 0.465619 0.938925 0.040583 0.020659 0.042295 0.009676 0.609756 0.277025 0.011676 0.023711
0.501673 0.272433 0.517291 0.259046 0.486056 0.259046 0.541832 0.276895 0.463745 0.276895 0.586453 0.377292 0.421355 0.372830 0.637768 0.500000 0.378965 0.468765 0.570836 0.493307 0.401276 0.535697 0.548525 0.627170 0.443666 0.622708 0.532908 0.825734 0.448128 0.801192 0.515060 0.999756 0.472670 0.957366 0.007549 0.041658 0.022965 0.020389 0.657802 0.234854 0.009944 0.032940
0.498894 0.276584 0.514378 0.261099 0.483410 0.263311 0.538711 0.278796 0.459077 0.278796 0.582952 0.376126 0.421472 0.373914 0.640465 0.497788 0.388292 0.471243 0.565255 0.480092 0.401564 0.535393 0.549771 0.626086 0.445805 0.623874 0.529863 0.822958 0.454653 0.816322 0.503318 0.980013 0.481198 0.991073 0.021216 0.033359 0.009928 0.016264 0.714122 0.169523 0.005634 0.046704
0.495614 0.277412 0.513158 0.264254 0.480263 0.264254 0.535088 0.281798 0.456140 0.281798 0.581140 0.373904 0.418860 0.376096 0.642544 0.494518 0.392544 0.474781 0.565789 0.481360 0.399123 0.540570 0.550439 0.626096 0.449561 0.623904 0.532895 0.819079 0.460526 0.814693 0.504386 0.955044 0.482456 0.996711 0.036931 0.019894 0.009702 0.020963 0.703932 0.114678 0.000004 0.047131
0.492996 0.280174 0.508082 0.267244 0.477910 0.267244 0.531788 0.284485 0.454203 0.282330 0.579202 0.372846 0.419721 0.377156 0.641701 0.491379 0.396014 0.474138 0.566271 0.484914 0.400324 0.545258 0.551185 0.624999 0.449893 0.624999 0.531788 0.827583 0.467134 0.814652 0.490841 0.969823 0.484375 0.995685 0.058838 0.001358 0.004840 0.009702 0.681670 0.095581 0.001371 0.059242
0.492359 0.275689 0.507641 0.262591 0.477078 0.262591 0.529472 0.277872 0.453064 0.277872 0.579682 0.371744 0.415952 0.378294 0.640808 0.485264 0.387572 0.483081 0.573133 0.498363 0.400670 0.550756 0.553485 0.624981 0.450881 0.624981 0.544753 0.823641 0.466162 0.825824 0.498908 0.917513 0.492359 1.000000 0.130626 0.021532 0.018829 0.020600 0.596371 0.145045 0.005559 0.038155
0.490598 0.268826 0.508296 0.255553 0.475113 0.257765 0.532630 0.275462 0.450779 0.275462 0.581298 0.370587 0.415384 0.379435 0.641027 0.481196 0.382201 0.487833 0.583510 0.516591 0.404323 0.567472 0.554752 0.624989 0.448566 0.624989 0.545903 0.828511 0.457415 0.819662 0.530418 0.863906 0.495023 0.998850 0.117443 0.051391 0.019264 0.028297 0.482009 0.180804 0.004225 0.028289
0.492778 0.270576 0.510555 0.257244 0.477224 0.257244 0.534997 0.272798 0.452782 0.275020 0.581659 0.370567 0.415008 0.379455 0.628322 0.483890 0.377233 0.495000 0.594992 0.537219 0.412786 0.568327 0.554995 0.623878 0.448338 0.626100 0.550551 0.821638 0.448338 0.823860 0.539441 0.872745 0.497222 0.988290 0.060986 0.091984 0.026231 0.042756 0.302142 0.244278 0.004244 0.007151
0.495517 0.270823 0.513448 0.257375 0.479828 0.257375 0.535861 0.275306 0.452932 0.275306 0.580688 0.371683 0.412588 0.378407 0.614308 0.481509 0.370002 0.499440 0.598619 0.542025 0.423794 0.559956 0.558275 0.622713 0.448449 0.627196 0.551551 0.804262 0.448449 0.824434 0.538103 0.902881 0.491035 0.985811 0.031356 0.082126 0.016561 0.045569 0.175305 0.338989 0.008562 0.011784
0.500563 0.270329 0.516325 0.256818 0.482549 0.256818 0.538841 0.272580 0.455529 0.274832 0.581623 0.371654 0.412747 0.378409 0.604140 0.477483 0.363210 0.500000 0.597385 0.533775 0.435264 0.545034 0.556855 0.621591 0.448774 0.628346 0.550100 0.788215 0.453278 0.826494 0.527583 0.934574 0.489305 0.993118 0.035692 0.060547 0.018544 0.038336 0.104746 0.445339 0.007168 0.020131
0.502241 0.270823 0.517931 0.257375 0.486552 0.257375 0.540344 0.277547 0.459656 0.275306 0.578447 0.373925 0.414829 0.376166 0.598619 0.474785 0.361037 0.494957 0.594136 0.526336 0.439484 0.537542 0.556034 0.622713 0.450690 0.627196 0.553792 0.786331 0.461897 0.813227 0.517931 0.958915 0.491035 0.988052 0.060854 0.033416 0.024239 0.026015 0.090443 0.477038 0.008562 0.023512
0.502802 0.274124 0.520738 0.260672 0.487109 0.260672 0.543158 0.280849 0.462447 0.276366 0.579029 0.375011 0.417608 0.375011 0.594722 0.478141 0.363802 0.496077 0.592480 0.531948 0.448996 0.534190 0.554367 0.623868 0.448996 0.626110 0.547641 0.805466 0.457963 0.809950 0.518496 0.996031 0.491593 0.975854 0.036524 0.048145 0.019658 0.024068 0.061325 0.499224 0.004281 0.027299
0.502802 0.274124 0.520738 0.260672 0.487109 0.260672 0.543158 0.280849 0.462447 0.276366 0.579029 0.375011 0.417608 0.375011 0.594722 0.478141 0.363802 0.496077 0.592480 0.531948 0.448996 0.534190 0.554367 0.623868 0.448996 0.626110 0.547641 0.803224 0.457963 0.809950 0.518496 0.996031 0.493835 0.975854 0.035824 0.052265 0.019511 0.024068 0.061325 0.499224 0.004281 0.027446
0.504934 0.276318 0.522478 0.263160 0.489583 0.263160 0.544407 0.280704 0.465461 0.280704 0.579495 0.377194 0.419409 0.372808 0.594846 0.473684 0.366778 0.493421 0.592653 0.524123 0.447917 0.535087 0.553179 0.624999 0.447917 0.624999 0.540022 0.817979 0.458882 0.815786 0.524671 1.000000 0.489583 0.932013 0.004794 0.063931 0.012007 0.017557 0.064050 0.479964 0.001397 0.039943
0.503219 0.277369 0.520386 0.264494 0.490344 0.262348 0.543990 0.281660 0.466739 0.279515 0.580469 0.378223 0.421677 0.371786 0.593344 0.479078 0.368031 0.489807 0.589052 0.526287 0.445281 0.537016 0.550427 0.624995 0.447427 0.624995 0.535406 0.818121 0.458156 0.820267 0.516094 0.994080 0.503219 0.929705 0.010090 0.106862 0.013853 0.014787 0.069275 0.461191 0.002733 0.042180
0.504290 0.272071 0.521452 0.259200 0.489274 0.261345 0.545049 0.278507 0.467822 0.276362 0.583663 0.379332 0.422772 0.370751 0.602970 0.497318 0.369142 0.486592 0.590099 0.538078 0.437789 0.542368 0.549340 0.623886 0.444225 0.626031 0.536469 0.819100 0.454951 0.825536 0.515016 0.997153 0.482838 0.868440 0.017209 0.166369 0.023428 0.009589 0.148994 0.420825 0.008195 0.038054
