0.554351 0.281147 0.548553 0.269553 0.557249 0.269553 0.487680 0.278249 0.565946 0.278249 0.449997 0.376805 0.568844 0.373906 0.357239 0.478260 0.574642 0.492753 0.426808 0.573917 0.621021 0.539133 0.449997 0.623195 0.531161 0.626094 0.522465 0.823206 0.528262 0.875383 0.406517 0.892775 0.452896 1.000000 0.438626 0.108036 0.110647 0.043513 0.435909 0.234485 0.024013 0.114348
0.556730 0.282659 0.550836 0.270871 0.559677 0.270871 0.486002 0.279712 0.565571 0.279712 0.447691 0.376963 0.574412 0.374016 0.344546 0.468320 0.583253 0.500737 0.415274 0.580306 0.615670 0.539048 0.450638 0.624511 0.527260 0.624511 0.521366 0.819012 0.527260 0.857323 0.421168 0.930998 0.432956 1.000000 0.343352 0.118433 0.107228 0.059224 0.448577 0.201364 0.028178 0.111017
0.569045 0.290662 0.563169 0.278910 0.571983 0.278910 0.489717 0.284786 0.566107 0.287724 0.451522 0.375866 0.577859 0.375866 0.339875 0.464009 0.598426 0.519832 0.398636 0.566841 0.613116 0.528646 0.445646 0.622665 0.524974 0.625603 0.510283 0.825392 0.533788 0.840082 0.410389 1.000000 0.416265 1.000000 0.227614 0.157537 0.105824 0.079499 0.452526 0.282812 0.037495 0.085173
0.566329 0.290315 0.560623 0.278903 0.569182 0.278903 0.492155 0.284609 0.563476 0.287462 0.452215 0.375901 0.577740 0.375901 0.346659 0.452928 0.603416 0.515691 0.400863 0.564189 0.609122 0.507132 0.446509 0.621247 0.523536 0.626952 0.512125 0.809535 0.529242 0.829505 0.455067 1.000000 0.403716 1.000000 0.191857 0.169024 0.114138 0.076651 0.443639 0.755012 0.038232 0.097773
0.567830 0.293714 0.562235 0.282526 0.567830 0.282526 0.495105 0.288120 0.562235 0.288120 0.453149 0.374830 0.581815 0.377627 0.346859 0.444757 0.609786 0.514685 0.394410 0.556641 0.565032 0.475525 0.444757 0.620974 0.520279 0.626569 0.539859 0.794394 0.509091 0.841945 0.492308 0.998582 0.388815 1.000000 0.232494 0.138825 0.170513 0.060616 0.442693 0.792892 0.044664 0.176186
0.572035 0.286035 0.566329 0.274624 0.572035 0.271771 0.495007 0.283183 0.563476 0.286035 0.446509 0.368768 0.583446 0.383033 0.343806 0.434384 0.617680 0.511411 0.386599 0.542793 0.557770 0.468619 0.443656 0.619820 0.526389 0.628379 0.512125 0.825226 0.512125 0.836638 0.429392 1.000000 0.420833 1.000000 0.213114 0.109735 0.106033 0.050965 0.438705 0.780384 0.038232 0.124184
0.554434 0.286505 0.548779 0.275194 0.557262 0.275194 0.489396 0.283677 0.560090 0.283677 0.441324 0.368510 0.582712 0.382648 0.342353 0.427892 0.619472 0.507069 0.379114 0.532519 0.560090 0.484447 0.446980 0.620179 0.528984 0.628663 0.531812 0.820949 0.483740 0.835088 0.534640 1.000000 0.370631 1.000000 0.123174 0.092734 0.120102 0.000211 0.435529 0.707303 0.030651 0.195935
0.563589 0.286624 0.555110 0.275320 0.563589 0.275320 0.490108 0.286624 0.557936 0.289451 0.442064 0.368583 0.583372 0.382714 0.337495 0.422280 0.617286 0.504239 0.374236 0.532501 0.560763 0.490108 0.444890 0.620112 0.529675 0.628591 0.526849 0.829248 0.475978 0.840553 0.540979 1.000000 0.360105 1.000000 0.099264 0.097962 0.115312 0.010535 0.451410 0.664606 0.032442 0.197865
0.500700 0.291286 0.500700 0.280080 0.509105 0.280080 0.483891 0.288485 0.553929 0.288485 0.441868 0.372531 0.576342 0.378134 0.332609 0.420156 0.612761 0.512607 0.371830 0.537821 0.559532 0.501401 0.450273 0.624668 0.531517 0.624668 0.517510 0.834782 0.483891 0.834782 0.545525 1.000000 0.352219 1.000000 0.058502 0.143166 0.087975 0.013702 0.471570 0.650237 0.023206 0.169533
0.529428 0.292606 0.526625 0.278592 0.535033 0.278592 0.487388 0.284198 0.560256 0.287000 0.442546 0.371079 0.574270 0.379487 0.336046 0.421526 0.610704 0.508408 0.372480 0.539237 0.560256 0.505605 0.450954 0.623316 0.532230 0.626118 0.507007 0.825105 0.487388 0.841920 0.425730 0.998868 0.397704 1.000000 0.225509 0.067911 0.075639 0.011473 0.454735 0.605337 0.021427 0.151459
0.522576 0.284824 0.516932 0.270714 0.528220 0.270714 0.483068 0.273536 0.559262 0.279180 0.437916 0.372306 0.573371 0.377949 0.327859 0.425923 0.607235 0.502117 0.370189 0.541624 0.567727 0.521870 0.452026 0.626284 0.536686 0.623462 0.519754 0.846398 0.500000 0.849220 0.553618 1.000000 0.344791 0.939523 0.046425 0.280992 0.077349 0.004064 0.467338 0.437167 0.014377 0.146292
0.515533 0.274775 0.512709 0.263478 0.521181 0.263478 0.481643 0.266303 0.557895 0.271951 0.433633 0.373620 0.572016 0.376444 0.326316 0.435751 0.605905 0.495058 0.371502 0.548716 0.566367 0.537420 0.456226 0.627792 0.538126 0.622144 0.521181 0.850899 0.509884 0.856547 0.549422 1.000000 0.346085 0.896085 0.050100 0.386442 0.061960 0.005464 0.454071 0.327614 0.007193 0.128346
0.524296 0.273698 0.518743 0.259815 0.527073 0.259815 0.479869 0.268145 0.554840 0.268145 0.440995 0.373660 0.565947 0.376437 0.329927 0.443078 0.602044 0.484728 0.374354 0.554146 0.563170 0.540262 0.457655 0.623563 0.535403 0.626340 0.515966 0.837370 0.518743 0.859583 0.374354 0.867914 0.477092 1.000000 0.517131 0.048437 0.063561 0.016014 0.443311 0.296816 0.008839 0.107448
0.544584 0.266849 0.535813 0.255155 0.547507 0.255155 0.477343 0.258078 0.562125 0.261002 0.436413 0.377943 0.567972 0.372096 0.319472 0.462725 0.600131 0.483190 0.375019 0.573819 0.576743 0.559201 0.459801 0.626443 0.535813 0.623519 0.521196 0.872019 0.527043 0.883713 0.524119 1.000000 0.369172 0.863248 0.073898 0.530308 0.048109 0.029769 0.447905 0.184706 0.005583 0.088705
0.577222 0.258493 0.568137 0.246380 0.577222 0.246380 0.483344 0.249408 0.565108 0.252436 0.443976 0.376597 0.565108 0.373568 0.322844 0.482587 0.598420 0.482587 0.380382 0.594634 0.589335 0.573436 0.459118 0.624917 0.531797 0.624917 0.522712 0.891408 0.537854 0.903521 0.498486 1.000000 0.392495 0.894436 0.106291 0.526787 0.055181 0.048860 0.422195 0.126119 0.011570 0.067647
0.553986 0.265569 0.548069 0.253737 0.556944 0.253737 0.480033 0.256695 0.556944 0.256695 0.441577 0.377978 0.562860 0.372062 0.335085 0.493344 0.592441 0.478554 0.406080 0.602794 0.592441 0.570255 0.456368 0.626459 0.539195 0.623501 0.524404 0.866067 0.545111 0.874941 0.500740 1.000000 0.468200 1.000000 0.122811 0.174257 0.069142 0.037359 0.420438 0.086245 0.005650 0.080578
0.534616 0.277254 0.528596 0.265214 0.540636 0.265214 0.477424 0.271234 0.552676 0.268224 0.441303 0.382607 0.567727 0.367556 0.341971 0.503010 0.585787 0.460869 0.414213 0.593313 0.597828 0.563212 0.450334 0.626423 0.540636 0.623413 0.510535 0.837129 0.522576 0.876260 0.429263 0.942482 0.471404 1.000000 0.297739 0.041609 0.076802 0.010880 0.434347 0.023579 0.011500 0.111283
0.503048 0.279029 0.500000 0.266838 0.512191 0.266838 0.475617 0.279029 0.554862 0.279029 0.435995 0.388753 0.570101 0.361322 0.344558 0.513715 0.582293 0.449710 0.426851 0.583817 0.597532 0.559434 0.451234 0.626487 0.542670 0.623439 0.496952 0.848982 0.536574 0.879460 0.432947 1.000000 0.448186 1.000000 0.188842 0.104409 0.044132 0.025613 0.476484 0.000305 0.007762 0.072086
0.527355 0.286336 0.521440 0.277464 0.536227 0.274507 0.474124 0.286336 0.551013 0.286336 0.441594 0.389841 0.565800 0.360268 0.361747 0.517004 0.577629 0.451944 0.447508 0.570236 0.595372 0.546577 0.450465 0.629381 0.542141 0.620509 0.474124 0.868921 0.583543 0.863007 0.444551 1.000000 0.459337 0.919195 0.069503 0.418598 0.019552 0.082685 0.501653 0.018152 0.009414 0.022490
0.555542 0.297272 0.547211 0.286164 0.558319 0.283387 0.477783 0.294495 0.547211 0.288941 0.444458 0.394471 0.561096 0.355591 0.375031 0.516663 0.563873 0.413910 0.458344 0.555542 0.591644 0.519440 0.452789 0.630523 0.541656 0.619415 0.469452 0.863799 0.597198 0.830474 0.430573 1.000000 0.500000 0.924895 0.079228 0.336522 0.011468 0.105321 0.525486 0.066763 0.007072 0.059211
0.557792 0.298399 0.549728 0.287647 0.557792 0.284959 0.477152 0.293023 0.544352 0.290335 0.444896 0.392479 0.552416 0.357535 0.385759 0.516128 0.557792 0.411295 0.469088 0.545696 0.587361 0.502688 0.458336 0.629025 0.544352 0.620961 0.461024 0.844066 0.598113 0.811810 0.391135 1.000000 0.517472 0.954275 0.108901 0.251353 0.014088 0.097141 0.533463 0.067874 0.003423 0.083421
0.560408 0.288918 0.554853 0.275031 0.560408 0.275031 0.474309 0.280586 0.546521 0.280586 0.440980 0.388904 0.554853 0.361130 0.390987 0.516664 0.571518 0.441675 0.477087 0.538884 0.599292 0.500000 0.457645 0.627760 0.546521 0.622205 0.452090 0.838842 0.602069 0.819400 0.377100 1.000000 0.535412 0.997153 0.105826 0.201600 0.030546 0.097555 0.538335 0.076522 0.005304 0.095775
0.565165 0.299803 0.557103 0.289055 0.565165 0.286368 0.479174 0.291742 0.546354 0.289055 0.444241 0.396543 0.549041 0.353548 0.403933 0.522841 0.551729 0.396543 0.487236 0.536277 0.597411 0.487908 0.460364 0.627642 0.546354 0.622268 0.441553 0.834557 0.602785 0.823808 0.358250 1.000000 0.546354 1.000000 0.091557 0.173803 0.051030 0.090084 0.547434 0.127715 0.008555 0.115759
0.564421 0.302088 0.559108 0.288806 0.567077 0.286149 0.484725 0.291462 0.545825 0.288806 0.444877 0.397723 0.543169 0.352562 0.410342 0.522581 0.543169 0.381784 0.490038 0.533207 0.596299 0.474763 0.463473 0.628842 0.548482 0.620872 0.439564 0.828082 0.601612 0.825425 0.351898 1.000000 0.564421 1.000000 0.098782 0.134081 0.063572 0.074588 0.543703 0.165249 0.015227 0.118906
0.567919 0.293527 0.562485 0.282660 0.567919 0.279943 0.489133 0.285377 0.548901 0.285377 0.442948 0.394047 0.551618 0.356012 0.407631 0.527167 0.548901 0.402197 0.494567 0.538034 0.600520 0.475549 0.459249 0.627687 0.546185 0.622254 0.434798 0.834160 0.597803 0.839594 0.331562 1.000000 0.578786 1.000000 0.124688 0.100688 0.059691 0.080719 0.542964 0.213893 0.006919 0.111743
0.567875 0.297046 0.562499 0.283605 0.565187 0.280917 0.489920 0.288982 0.549058 0.286293 0.446909 0.393819 0.551747 0.356185 0.409276 0.528225 0.551747 0.407259 0.489920 0.536290 0.602821 0.479839 0.457662 0.627686 0.543682 0.622310 0.441533 0.834673 0.592069 0.840049 0.328632 0.995961 0.589380 1.000000 0.169647 0.073306 0.039378 0.079247 0.555176 0.195190 0.001711 0.094358
0.567740 0.296123 0.562478 0.285601 0.565109 0.282970 0.491450 0.288231 0.549325 0.288231 0.446729 0.393458 0.546694 0.356629 0.409900 0.524991 0.544064 0.403981 0.486189 0.535514 0.601938 0.480270 0.462513 0.627587 0.544064 0.622326 0.457252 0.824888 0.583524 0.840672 0.338872 0.930114 0.591416 1.000000 0.260216 0.045548 0.029913 0.060063 0.543272 0.224247 0.008375 0.065398
0.565976 0.300168 0.560901 0.287480 0.565976 0.284943 0.489850 0.290018 0.548213 0.290018 0.449249 0.391520 0.545676 0.358532 0.408648 0.518397 0.543138 0.401670 0.489850 0.536160 0.598964 0.480334 0.464474 0.627512 0.540601 0.622437 0.469549 0.817828 0.578664 0.833053 0.332522 0.891417 0.588814 1.000000 0.351612 0.041583 0.012022 0.063032 0.530031 0.215161 0.006462 0.048425
0.563742 0.300569 0.561218 0.287946 0.563742 0.285422 0.488009 0.290471 0.548596 0.290471 0.450142 0.388924 0.543547 0.361155 0.399653 0.510098 0.546071 0.414169 0.477911 0.537867 0.596560 0.489902 0.462764 0.626222 0.543547 0.623698 0.477911 0.820605 0.576365 0.835752 0.344115 0.855947 0.581413 1.000000 0.442549 0.041017 0.007837 0.048875 0.517129 0.172021 0.008037 0.024121
0.564673 0.297896 0.562186 0.287946 0.564673 0.285458 0.490050 0.287946 0.552236 0.287946 0.450251 0.387443 0.547261 0.362569 0.395528 0.504353 0.549749 0.422268 0.477613 0.536690 0.599498 0.499378 0.462688 0.626238 0.539799 0.623750 0.492538 0.817770 0.572136 0.830208 0.348266 0.835182 0.574623 1.000000 0.510979 0.045524 0.032647 0.058546 0.519901 0.169126 0.003167 0.000246
0.564721 0.291244 0.559645 0.281091 0.562183 0.278553 0.488579 0.283629 0.549492 0.286168 0.453046 0.382614 0.546954 0.367386 0.384518 0.501904 0.557107 0.440990 0.470812 0.547589 0.602792 0.514594 0.460660 0.626269 0.539340 0.623731 0.498731 0.821701 0.569797 0.836929 0.354061 0.824239 0.562183 1.000000 0.555658 0.057098 0.051298 0.054619 0.510993 0.133190 0.000005 0.016074
0.564419 0.289993 0.559266 0.279686 0.564419 0.277109 0.487116 0.282263 0.551535 0.284840 0.451041 0.382757 0.554112 0.367296 0.373738 0.501288 0.561843 0.454906 0.458772 0.555401 0.608224 0.532210 0.456195 0.627550 0.538652 0.622397 0.507730 0.841422 0.566996 0.846576 0.360854 0.833692 0.538652 1.000000 0.592004 0.083528 0.068566 0.059302 0.503556 0.144007 0.006562 0.035233
0.565101 0.286098 0.559786 0.272812 0.565101 0.272812 0.488043 0.280783 0.554472 0.283441 0.453500 0.379099 0.557129 0.371127 0.365813 0.498671 0.567758 0.474757 0.450842 0.567758 0.612930 0.549158 0.453500 0.626216 0.535872 0.623558 0.506643 0.844103 0.557129 0.857389 0.357841 0.860047 0.517272 1.000000 0.542175 0.087856 0.076150 0.055600 0.484222 0.141154 0.013537 0.047292
0.567325 0.286805 0.562044 0.276244 0.567325 0.273604 0.490759 0.281525 0.556764 0.281525 0.453797 0.379211 0.562044 0.371291 0.366671 0.492739 0.580526 0.492739 0.443236 0.569305 0.614848 0.545543 0.451157 0.624749 0.533002 0.624749 0.511881 0.820123 0.551484 0.849165 0.408914 0.907249 0.501320 1.000000 0.372386 0.096962 0.099344 0.062469 0.458356 0.135396 0.020183 0.069766
0.566994 0.290394 0.561688 0.277128 0.566994 0.277128 0.487397 0.285088 0.556381 0.285088 0.452905 0.380604 0.564341 0.369991 0.360042 0.484081 0.585567 0.492040 0.431679 0.579597 0.612099 0.545105 0.452905 0.624702 0.529849 0.624702 0.527196 0.821042 0.540462 0.855534 0.415760 0.887373 0.468824 1.000000 0.444238 0.117041 0.115142 0.057469 0.437644 0.092774 0.021976 0.100517
0.565965 0.284782 0.557969 0.274121 0.565965 0.274121 0.483342 0.282117 0.555304 0.282117 0.451359 0.380731 0.568630 0.370070 0.355411 0.479344 0.597947 0.500666 0.419377 0.580623 0.611274 0.537980 0.454025 0.623267 0.525986 0.625932 0.523321 0.815164 0.533982 0.852477 0.448694 0.999065 0.448694 1.000000 0.233013 0.122247 0.106809 0.063798 0.424949 0.038896 0.025478 0.099077
0.560851 0.287698 0.555442 0.276880 0.560851 0.276880 0.485125 0.284994 0.558146 0.284994 0.449967 0.379651 0.574373 0.371537 0.349901 0.471603 0.606827 0.522988 0.412104 0.582487 0.596009 0.525693 0.449967 0.623054 0.525693 0.625758 0.514875 0.828594 0.531102 0.847526 0.417513 1.000000 0.431036 1.000000 0.230489 0.133174 0.097364 0.067986 0.426171 0.489214 0.031040 0.089602
0.557161 0.287974 0.549185 0.277339 0.557161 0.277339 0.477402 0.285315 0.551843 0.285315 0.453474 0.378367 0.573112 0.373050 0.347129 0.463444 0.605016 0.519275 0.402960 0.572448 0.562478 0.479396 0.453474 0.622962 0.519940 0.625620 0.525257 0.817042 0.522598 0.843629 0.424229 1.000000 0.413594 1.000000 0.247993 0.141294 0.112764 0.069930 0.435897 0.808113 0.033915 0.108883
0.557510 0.290871 0.552282 0.280414 0.557510 0.280414 0.479087 0.288257 0.552282 0.285643 0.452946 0.377137 0.575809 0.374523 0.350996 0.455560 0.609793 0.510456 0.395435 0.560125 0.560125 0.492158 0.452946 0.622863 0.518299 0.625477 0.541826 0.800623 0.513071 0.845063 0.489544 0.999296 0.392821 1.000000 0.229492 0.145741 0.147584 0.064130 0.419205 0.690339 0.036693 0.155161
0.549066 0.286932 0.541001 0.276177 0.551755 0.276177 0.476475 0.284243 0.551755 0.284243 0.446901 0.375654 0.578640 0.375654 0.344736 0.450934 0.618969 0.507394 0.385064 0.561165 0.567886 0.507394 0.449589 0.623002 0.524869 0.625690 0.546378 0.816578 0.492606 0.854218 0.524869 1.000000 0.379687 1.000000 0.180537 0.099966 0.144124 0.022784 0.409505 0.594558 0.032577 0.192226
0.536262 0.289683 0.530987 0.279134 0.541536 0.279134 0.478243 0.284408 0.549448 0.281771 0.443959 0.376710 0.575820 0.374073 0.343745 0.442641 0.618015 0.503296 0.383303 0.556041 0.565271 0.505934 0.451871 0.624608 0.528350 0.624608 0.541536 0.822399 0.486155 0.840859 0.541536 1.000000 0.378029 1.000000 0.135480 0.086245 0.125324 0.001732 0.421611 0.584561 0.025210 0.196818
0.536410 0.287609 0.528319 0.276820 0.539107 0.276820 0.474378 0.284911 0.547198 0.279517 0.439317 0.376611 0.576865 0.373914 0.336829 0.441339 0.622715 0.506068 0.374588 0.557312 0.571471 0.508765 0.450105 0.624738 0.533713 0.624738 0.533713 0.843198 0.485166 0.848592 0.552592 1.000000 0.369194 1.000000 0.090792 0.099577 0.102517 0.013747 0.420881 0.589560 0.020618 0.184326
0.478399 0.280610 0.478399 0.269810 0.486499 0.269810 0.464898 0.280610 0.543203 0.277910 0.435196 0.377817 0.575605 0.372417 0.332589 0.437221 0.621508 0.504725 0.367691 0.556029 0.572905 0.512826 0.451397 0.626233 0.537803 0.623533 0.527002 0.850348 0.489199 0.844948 0.564804 1.000000 0.359591 1.000000 0.050997 0.133687 0.082836 0.021221 0.424397 0.553730 0.013756 0.172348
0.514256 0.281408 0.508825 0.270546 0.519687 0.270546 0.470809 0.281408 0.546841 0.273262 0.432793 0.376448 0.576711 0.373733 0.329607 0.438903 0.620158 0.501358 0.367623 0.558382 0.571280 0.512219 0.451801 0.626267 0.538695 0.623552 0.525118 0.854363 0.500679 0.854363 0.565849 1.000000 0.345900 0.992850 0.043394 0.215705 0.074821 0.003892 0.424806 0.534839 0.012104 0.150955
0.519017 0.284018 0.510867 0.273151 0.521734 0.270435 0.470116 0.278585 0.548901 0.275868 0.432081 0.376388 0.573352 0.373671 0.328845 0.447023 0.616820 0.501358 0.366879 0.569277 0.576069 0.528526 0.453815 0.626329 0.540751 0.623612 0.521734 0.857253 0.513584 0.862686 0.567919 1.000000 0.347862 0.960489 0.028220 0.294274 0.063443 0.005267 0.405006 0.417277 0.006919 0.127070
0.506180 0.267889 0.500687 0.256901 0.514421 0.256901 0.464977 0.267889 0.550131 0.259648 0.432015 0.380511 0.572106 0.369523 0.324886 0.460170 0.618803 0.495880 0.371583 0.575539 0.577599 0.539830 0.451243 0.627730 0.544637 0.622236 0.522662 0.866708 0.519915 0.877696 0.569359 1.000000 0.346861 0.943621 0.033013 0.353433 0.067730 0.003758 0.418901 0.352416 0.005246 0.123146
0.504729 0.257464 0.499324 0.246655 0.510134 0.246655 0.464194 0.257464 0.547967 0.257464 0.431766 0.379070 0.572288 0.370963 0.329077 0.470950 0.610121 0.487164 0.377719 0.581746 0.572288 0.554723 0.450682 0.624984 0.545264 0.624984 0.461492 0.833064 0.534455 0.857385 0.358802 0.935754 0.550669 1.000000 0.266521 0.036712 0.007917 0.018941 0.399347 0.262684 0.005161 0.031315
0.513049 0.252751 0.504808 0.241762 0.518544 0.241762 0.460852 0.255498 0.543269 0.252751 0.430633 0.381870 0.567993 0.368134 0.326239 0.489011 0.603707 0.483517 0.381183 0.601647 0.581730 0.565933 0.452611 0.623625 0.548763 0.626372 0.469094 0.818676 0.540521 0.865379 0.372941 0.914829 0.535027 1.000000 0.276836 0.003395 0.002018 0.012689 0.390329 0.178500 0.001749 0.037808
0.526454 0.265225 0.521163 0.254643 0.531744 0.251998 0.465610 0.262579 0.539680 0.262579 0.431221 0.384266 0.566134 0.365748 0.338633 0.495371 0.595233 0.474208 0.394186 0.595894 0.587297 0.550923 0.457674 0.624993 0.544971 0.624993 0.513227 0.823395 0.539680 0.849848 0.486773 0.971534 0.518517 1.000000 0.143149 0.025045 0.052062 0.018439 0.381844 0.116247 0.003367 0.094390
0.526351 0.264193 0.520946 0.256085 0.529054 0.253382 0.466892 0.264193 0.539864 0.261490 0.434460 0.385812 0.566891 0.364191 0.342570 0.507432 0.596620 0.472298 0.412839 0.607431 0.596620 0.564188 0.453379 0.623647 0.545270 0.626350 0.496622 0.812833 0.542567 0.850671 0.447974 0.961480 0.499324 1.000000 0.172205 0.060566 0.046261 0.022359 0.400938 0.085424 0.001720 0.075363
