0.438311 0.275388 0.435147 0.262734 0.444638 0.265898 0.438311 0.269061 0.517399 0.272225 0.431984 0.363968 0.561689 0.386112 0.431984 0.471528 0.577507 0.528472 0.397185 0.572761 0.495255 0.553780 0.457292 0.623378 0.549035 0.626542 0.431984 0.857480 0.542708 0.841663 0.422493 1.000000 0.615469 0.885952 0.020448 0.335311 0.065235 0.007379 0.105391 0.440208 0.008057 0.024919
0.441067 0.274483 0.437924 0.261910 0.447353 0.261910 0.441067 0.268196 0.519644 0.271339 0.428494 0.365632 0.563648 0.384491 0.422208 0.478784 0.601365 0.522787 0.400207 0.576220 0.525931 0.547932 0.456782 0.623367 0.551075 0.626510 0.437924 0.862242 0.538503 0.840241 0.428494 1.000000 0.604508 0.865385 0.011636 0.402844 0.059875 0.002183 0.053025 0.482334 0.010007 0.006375
0.441271 0.275492 0.438298 0.263598 0.447218 0.263598 0.441271 0.269545 0.518585 0.272519 0.426403 0.367674 0.563189 0.382542 0.408561 0.480672 0.607793 0.507434 0.393693 0.569880 0.539400 0.549065 0.459113 0.623405 0.551295 0.626378 0.441271 0.849399 0.524532 0.831558 0.444245 1.000000 0.575084 0.822637 0.029498 0.596885 0.065572 0.025770 0.002720 0.435140 0.013255 0.016208
0.451238 0.270228 0.448283 0.258407 0.457149 0.258407 0.445327 0.264317 0.522165 0.267272 0.421685 0.370707 0.566494 0.379573 0.395088 0.485962 0.625599 0.497784 0.395088 0.568710 0.563538 0.556889 0.457149 0.624860 0.554672 0.624860 0.448283 0.852416 0.522165 0.822863 0.466014 1.000000 0.572404 0.822863 0.039231 0.551798 0.056526 0.036469 0.072192 0.405346 0.015057 0.039402
0.454490 0.270984 0.451554 0.259240 0.460363 0.259240 0.442746 0.265112 0.519085 0.265112 0.419257 0.373748 0.566062 0.376684 0.378152 0.494128 0.642401 0.488256 0.386960 0.567530 0.583679 0.561658 0.460363 0.623316 0.554318 0.626252 0.451554 0.849396 0.510276 0.811227 0.480915 1.000000 0.563126 0.820035 0.056324 0.521834 0.064356 0.059434 0.142755 0.405779 0.018703 0.062007
0.443748 0.262829 0.440707 0.250667 0.449829 0.250667 0.440707 0.259789 0.519764 0.259789 0.410301 0.375333 0.571455 0.375333 0.361650 0.503041 0.653553 0.478715 0.379894 0.576016 0.595781 0.588179 0.458951 0.624667 0.559293 0.624667 0.449829 0.855756 0.510642 0.816228 0.492398 1.000000 0.565374 0.861838 0.070544 0.358025 0.073897 0.063652 0.193837 0.368210 0.023249 0.066608
0.446699 0.264276 0.446699 0.252265 0.452705 0.252265 0.437691 0.261273 0.518768 0.261273 0.407662 0.378384 0.572819 0.372379 0.356614 0.510510 0.662905 0.462464 0.389645 0.567564 0.617862 0.579576 0.458711 0.627621 0.560808 0.621616 0.458711 0.852835 0.521771 0.771758 0.503754 1.000000 0.539788 0.846830 0.062027 0.155944 0.064307 0.065639 0.284407 0.366875 0.024877 0.080968
0.438903 0.266786 0.438903 0.254865 0.444863 0.254865 0.435922 0.260826 0.516392 0.263806 0.406119 0.380040 0.570039 0.371099 0.349492 0.514157 0.662430 0.448589 0.406119 0.552901 0.626665 0.567803 0.462745 0.627411 0.561098 0.621450 0.465726 0.847958 0.501490 0.767488 0.516392 1.000000 0.534274 0.889683 0.063167 0.206788 0.067331 0.111989 0.436168 0.370624 0.030404 0.127654
0.440041 0.280638 0.437116 0.268939 0.445891 0.268939 0.434191 0.271864 0.516087 0.271864 0.407868 0.383007 0.565809 0.368383 0.349371 0.517549 0.659403 0.438579 0.416642 0.538023 0.633080 0.549722 0.466365 0.628692 0.559959 0.619918 0.475139 0.839280 0.498538 0.780783 0.524861 1.000000 0.542410 0.941649 0.053394 0.200849 0.061147 0.108698 0.536506 0.369192 0.033578 0.129354
0.443335 0.285534 0.443335 0.276927 0.449073 0.274057 0.440466 0.279796 0.515063 0.276927 0.408906 0.385953 0.560969 0.365869 0.354393 0.517932 0.655649 0.423251 0.420382 0.523670 0.632696 0.535147 0.469157 0.629827 0.560969 0.618351 0.480633 0.827796 0.500717 0.790498 0.538016 1.000000 0.540885 1.000000 0.062458 0.165909 0.058665 0.107167 0.597072 0.390965 0.038451 0.125599
0.451192 0.285389 0.451192 0.276776 0.456934 0.273905 0.442579 0.279647 0.517226 0.279647 0.408126 0.388747 0.563163 0.362907 0.353576 0.520815 0.655037 0.411715 0.419611 0.515073 0.640682 0.523686 0.468418 0.629915 0.560292 0.618431 0.485645 0.825147 0.505742 0.784952 0.540195 1.000000 0.511484 0.968699 0.057517 0.110711 0.049965 0.097191 0.652292 0.385146 0.036636 0.128781
0.450926 0.284660 0.447996 0.270011 0.456786 0.270011 0.445066 0.275871 0.527101 0.275871 0.409909 0.387203 0.568118 0.363765 0.351313 0.519044 0.658941 0.407712 0.427488 0.507324 0.641363 0.519044 0.462645 0.627446 0.559328 0.621586 0.491943 0.832532 0.503662 0.809093 0.556399 1.000000 0.486083 1.000000 0.051762 0.064250 0.023615 0.081013 0.681715 0.406398 0.028014 0.137027
0.441821 0.281455 0.441821 0.269521 0.447788 0.269521 0.441821 0.275488 0.525360 0.275488 0.411985 0.385879 0.567130 0.364995 0.346347 0.517155 0.656636 0.406764 0.426903 0.511188 0.638735 0.523122 0.462706 0.627547 0.558179 0.621580 0.486574 0.830428 0.498508 0.821477 0.561163 1.000000 0.480607 1.000000 0.086532 0.065873 0.028573 0.081238 0.671119 0.409607 0.026622 0.129614
0.484397 0.283049 0.499257 0.268190 0.469538 0.271161 0.526004 0.268190 0.448734 0.271161 0.573555 0.366263 0.413071 0.384095 0.656769 0.407870 0.347689 0.505944 0.638938 0.523775 0.448734 0.520804 0.555724 0.621849 0.457650 0.627793 0.502229 0.826912 0.484397 0.823940 0.466566 1.000000 0.570583 0.951733 0.030726 0.145729 0.059055 0.014451 0.401006 0.610286 0.017036 0.124367
0.457653 0.278437 0.454629 0.266338 0.463703 0.263313 0.448579 0.269363 0.533272 0.272387 0.412282 0.384303 0.572594 0.366155 0.348762 0.514368 0.657287 0.423625 0.439505 0.535541 0.633089 0.541590 0.460678 0.626283 0.554446 0.623259 0.484876 0.853140 0.506050 0.825917 0.481851 1.000000 0.551421 0.937833 0.038246 0.197216 0.029008 0.052185 0.571642 0.374625 0.019268 0.108442
0.455071 0.276118 0.455071 0.260888 0.461163 0.260888 0.452025 0.266980 0.534268 0.270026 0.412427 0.382729 0.576912 0.367499 0.345415 0.513707 0.656108 0.437557 0.433749 0.547213 0.625648 0.547213 0.455071 0.626409 0.555590 0.623363 0.482485 0.857906 0.503807 0.836584 0.506854 1.000000 0.515992 0.949286 0.002061 0.110114 0.017626 0.049371 0.535129 0.355709 0.013578 0.113355
0.457614 0.272723 0.457614 0.261030 0.463460 0.261030 0.457614 0.266877 0.539463 0.269800 0.413766 0.380881 0.580387 0.369188 0.352380 0.500731 0.653467 0.456883 0.428382 0.550425 0.609619 0.553348 0.454691 0.626427 0.551156 0.623504 0.463460 0.857358 0.504385 0.860282 0.577464 0.854435 0.478076 1.000000 0.496078 0.027280 0.040486 0.025649 0.466349 0.356942 0.007445 0.074159
0.458816 0.269513 0.458816 0.255062 0.467486 0.255062 0.455926 0.263732 0.536849 0.263732 0.418354 0.376447 0.580201 0.373557 0.348991 0.492052 0.643784 0.480492 0.415464 0.552745 0.583091 0.561415 0.453035 0.624998 0.548410 0.624998 0.447255 0.859098 0.507948 0.859098 0.565750 0.824417 0.484827 1.000000 0.598490 0.024254 0.051988 0.014444 0.436480 0.375585 0.001838 0.046620
0.468754 0.262533 0.468754 0.251423 0.477087 0.251423 0.457645 0.259756 0.535412 0.262533 0.421539 0.370851 0.574295 0.379183 0.357659 0.479170 0.635398 0.490279 0.410429 0.551382 0.571518 0.554159 0.454867 0.626371 0.549299 0.623594 0.438203 0.843008 0.513193 0.840231 0.540967 0.793015 0.490973 1.000000 0.668561 0.023710 0.065723 0.020127 0.370488 0.410060 0.005304 0.028131
0.475281 0.269286 0.475281 0.258300 0.480774 0.258300 0.458801 0.263793 0.535706 0.269286 0.423095 0.368164 0.571411 0.381897 0.362671 0.472534 0.626343 0.508240 0.401123 0.563172 0.565918 0.557678 0.456055 0.626343 0.549439 0.623597 0.425842 0.854310 0.516480 0.851563 0.513733 0.802125 0.497253 1.000000 0.712495 0.018597 0.082358 0.016846 0.294763 0.412273 0.006994 0.003763
0.468580 0.264698 0.465787 0.253526 0.474166 0.253526 0.457408 0.261905 0.532817 0.267491 0.423893 0.365242 0.571917 0.384793 0.359657 0.457408 0.616604 0.524438 0.382000 0.560746 0.543988 0.560746 0.451822 0.624982 0.552367 0.624982 0.429479 0.856794 0.518852 0.845622 0.502095 0.820486 0.510473 1.000000 0.678170 0.034542 0.064682 0.022132 0.261532 0.450998 0.005334 0.017398
0.464386 0.270255 0.464386 0.259082 0.472766 0.259082 0.456006 0.264668 0.534217 0.270255 0.425281 0.362432 0.573323 0.387572 0.366622 0.443437 0.609635 0.535614 0.377795 0.549580 0.531424 0.549580 0.453213 0.622205 0.548184 0.627791 0.425281 0.840078 0.523044 0.848458 0.486732 0.823319 0.534217 1.000000 0.625338 0.054810 0.074683 0.002919 0.232882 0.520316 0.001778 0.004481
0.452954 0.260360 0.450014 0.245659 0.455895 0.245659 0.447073 0.260360 0.532344 0.263301 0.414729 0.363273 0.579390 0.386796 0.361803 0.439723 0.605853 0.542635 0.370624 0.545576 0.529404 0.545576 0.444133 0.622025 0.561748 0.627906 0.402968 0.848433 0.544105 0.883717 0.476477 0.854314 0.555867 1.000000 0.531838 0.037433 0.093266 0.001329 0.219216 0.541305 0.007489 0.035331
0.457858 0.270718 0.457858 0.259290 0.460715 0.259290 0.460715 0.262147 0.532142 0.265004 0.420716 0.362145 0.580713 0.387859 0.380716 0.447858 0.597856 0.539285 0.375002 0.556428 0.534999 0.562142 0.446429 0.619284 0.552142 0.630712 0.417858 0.793567 0.557856 0.864994 0.457858 0.867851 0.574999 1.000000 0.208948 0.014155 0.083447 0.045039 0.122245 0.424865 0.001818 0.059484
0.457660 0.275327 0.457660 0.264401 0.463124 0.264401 0.460392 0.269864 0.534145 0.272595 0.427613 0.360006 0.577850 0.390054 0.400297 0.458343 0.586045 0.532096 0.389371 0.537559 0.512292 0.532096 0.446734 0.619507 0.547803 0.630433 0.422150 0.786134 0.566924 0.848960 0.468587 0.900861 0.594240 1.000000 0.169051 0.009495 0.070039 0.067365 0.042616 0.518344 0.006957 0.074409
0.456508 0.278399 0.453747 0.267354 0.462031 0.267354 0.456508 0.272877 0.533827 0.278399 0.431656 0.355718 0.575248 0.394377 0.412326 0.441321 0.583532 0.537969 0.395758 0.535208 0.506213 0.540730 0.445463 0.618049 0.547634 0.631856 0.426133 0.789254 0.569725 0.838959 0.450986 0.943891 0.613907 1.000000 0.086510 0.028252 0.052524 0.070672 0.015090 0.506980 0.008791 0.069612
0.452120 0.284885 0.452120 0.273782 0.460447 0.273782 0.454895 0.276558 0.529839 0.279333 0.435465 0.354277 0.574249 0.395912 0.427138 0.423669 0.574249 0.537472 0.396606 0.537472 0.493755 0.556901 0.446568 0.620742 0.543717 0.629069 0.427138 0.806713 0.565922 0.831694 0.438241 0.998235 0.618660 1.000000 0.051568 0.045256 0.046391 0.076192 0.045420 0.424609 0.012373 0.067881
0.450880 0.263791 0.447991 0.252234 0.456659 0.249344 0.450880 0.263791 0.531783 0.266681 0.433544 0.364920 0.572235 0.385146 0.419097 0.492054 0.578014 0.535395 0.393092 0.549842 0.488442 0.552732 0.445101 0.622077 0.549120 0.627856 0.427765 0.838782 0.566456 0.841672 0.424876 1.000000 0.632912 1.000000 0.021330 0.085670 0.039707 0.055977 0.098582 0.451381 0.007358 0.051163
0.448174 0.274239 0.448174 0.260040 0.453854 0.262880 0.451014 0.268559 0.524848 0.271399 0.436815 0.356592 0.570284 0.393509 0.433976 0.436105 0.573124 0.544016 0.399898 0.544016 0.487931 0.572414 0.448174 0.620690 0.544726 0.629209 0.428296 0.847871 0.558925 0.842191 0.416937 1.000000 0.635599 0.981340 0.012453 0.139120 0.041464 0.055570 0.086001 0.403589 0.009041 0.048971
0.449451 0.278146 0.446643 0.264104 0.455068 0.264104 0.446643 0.269721 0.525275 0.275338 0.435410 0.356778 0.570207 0.393285 0.441026 0.426985 0.573015 0.544932 0.398902 0.550549 0.483150 0.567399 0.449451 0.620756 0.544932 0.629181 0.424176 0.859460 0.553357 0.848227 0.410135 1.000000 0.643222 0.980216 0.014876 0.178036 0.050494 0.046212 0.129992 0.427915 0.007152 0.045815
0.444148 0.280083 0.441355 0.266120 0.446941 0.266120 0.446941 0.268912 0.522341 0.271705 0.438563 0.355483 0.567022 0.394579 0.441355 0.436468 0.578193 0.548172 0.396674 0.559343 0.488830 0.556550 0.449733 0.620780 0.544682 0.629158 0.424600 0.866529 0.541889 0.849773 0.405052 1.000000 0.620082 0.900040 0.005977 0.322167 0.045836 0.026195 0.121989 0.493355 0.007112 0.028413
0.444598 0.281770 0.441895 0.268257 0.447300 0.268257 0.447300 0.270959 0.522972 0.276364 0.436490 0.354738 0.566212 0.395276 0.433788 0.446625 0.585130 0.541214 0.393249 0.576347 0.498649 0.549321 0.452705 0.619588 0.544592 0.630398 0.428383 0.857412 0.533782 0.846601 0.412167 1.000000 0.617561 0.870924 0.009192 0.425962 0.051906 0.013286 0.087052 0.511279 0.003440 0.016540
0.440544 0.272311 0.440544 0.258798 0.448652 0.261500 0.445949 0.266905 0.521620 0.272311 0.432436 0.358792 0.564861 0.391223 0.421626 0.464191 0.599994 0.534457 0.386493 0.572293 0.516215 0.550673 0.454057 0.620939 0.548646 0.629046 0.429734 0.864168 0.540538 0.856060 0.413519 1.000000 0.605399 0.861465 0.009028 0.484899 0.057919 0.010306 0.067490 0.515709 0.003440 0.020362
0.448465 0.274532 0.448465 0.264225 0.453618 0.264225 0.451041 0.269379 0.523191 0.274532 0.427850 0.362143 0.566996 0.387910 0.412390 0.470367 0.610801 0.519326 0.386622 0.570861 0.541228 0.539940 0.456195 0.622397 0.548959 0.627550 0.433004 0.843999 0.530921 0.828538 0.422697 1.000000 0.603071 0.831115 0.018045 0.517127 0.067722 0.004575 0.034729 0.510725 0.006562 0.004700
0.455283 0.277028 0.452833 0.267227 0.460184 0.267227 0.450383 0.272127 0.523890 0.274577 0.428330 0.367687 0.565544 0.382388 0.401378 0.475498 0.616999 0.502450 0.391577 0.551455 0.553293 0.549005 0.457733 0.622512 0.548392 0.627413 0.438131 0.833233 0.521440 0.818532 0.445482 1.000000 0.570445 0.808731 0.040624 0.607429 0.066092 0.022350 0.037133 0.428002 0.007800 0.015070
0.466059 0.273325 0.461211 0.263628 0.473332 0.261204 0.449089 0.270901 0.521819 0.270901 0.424846 0.370298 0.563033 0.379996 0.388481 0.472120 0.628489 0.491515 0.390905 0.544850 0.575154 0.544850 0.458786 0.624853 0.553335 0.624853 0.446665 0.838194 0.514546 0.804253 0.466059 1.000000 0.560608 0.799405 0.047592 0.601164 0.060259 0.055181 0.119794 0.418950 0.015440 0.049714
0.460057 0.270790 0.457599 0.260958 0.467431 0.258500 0.450225 0.265874 0.521508 0.268332 0.418271 0.374027 0.565752 0.376485 0.374027 0.484637 0.641951 0.479721 0.386317 0.543630 0.587874 0.553462 0.460057 0.624744 0.555920 0.624744 0.455141 0.841050 0.521508 0.772226 0.482179 1.000000 0.553462 0.816470 0.045524 0.272065 0.059802 0.060367 0.186498 0.403804 0.020357 0.065734
0.453833 0.271661 0.451338 0.259183 0.458824 0.259183 0.446346 0.266670 0.523707 0.271661 0.413905 0.373977 0.571122 0.376472 0.363995 0.486275 0.653474 0.468806 0.378968 0.541176 0.603564 0.571122 0.458824 0.626023 0.556149 0.623528 0.456329 0.850619 0.521212 0.788232 0.501248 1.000000 0.561140 0.853115 0.063760 0.242131 0.059676 0.047266 0.217876 0.376294 0.019076 0.062997
0.454389 0.270016 0.451819 0.259738 0.462098 0.257168 0.446680 0.267447 0.523769 0.267447 0.410705 0.380511 0.570023 0.370233 0.354172 0.514133 0.667670 0.455031 0.402996 0.552678 0.618846 0.565526 0.459528 0.627198 0.559744 0.622058 0.464667 0.858466 0.508351 0.783946 0.510921 1.000000 0.564884 0.917568 0.051331 0.225248 0.055123 0.084863 0.414677 0.404817 0.024563 0.104920
0.446686 0.279925 0.446686 0.270006 0.454125 0.267526 0.446686 0.274966 0.518598 0.274966 0.411970 0.384073 0.568192 0.366715 0.354936 0.513019 0.662422 0.436147 0.389653 0.530377 0.632665 0.540295 0.461564 0.629565 0.558273 0.619646 0.473963 0.845301 0.501240 0.775869 0.523557 1.000000 0.543395 0.922172 0.049864 0.200720 0.045178 0.098946 0.484973 0.386450 0.025285 0.129696
0.452715 0.284455 0.452715 0.272173 0.457628 0.272173 0.452715 0.279542 0.528862 0.281998 0.413413 0.385165 0.568164 0.365514 0.356917 0.515352 0.666418 0.424467 0.391306 0.517809 0.636942 0.544829 0.462541 0.628345 0.555882 0.620976 0.484648 0.834679 0.514124 0.805202 0.538688 1.000000 0.555882 1.000000 0.042338 0.127315 0.029476 0.055660 0.607630 0.404428 0.023478 0.104926
0.454539 0.283282 0.454539 0.270826 0.462012 0.270826 0.449557 0.275808 0.526778 0.278299 0.409701 0.385413 0.569126 0.365485 0.349916 0.514946 0.663784 0.415305 0.414683 0.495018 0.643856 0.527401 0.462012 0.629533 0.559162 0.619569 0.479449 0.823832 0.509341 0.776503 0.524287 1.000000 0.514323 0.945892 0.046486 0.107207 0.038703 0.085371 0.732655 0.401789 0.026992 0.126338
0.454042 0.281059 0.454042 0.270846 0.461701 0.270846 0.448935 0.275953 0.528086 0.278506 0.405530 0.385742 0.571491 0.365316 0.346805 0.515958 0.668514 0.411275 0.410636 0.500638 0.648088 0.523618 0.464255 0.628301 0.558725 0.620641 0.482127 0.845327 0.502553 0.807028 0.545958 1.000000 0.492340 0.995968 0.062914 0.075984 0.049455 0.077271 0.709834 0.416437 0.029299 0.119328
0.464556 0.285440 0.462025 0.272781 0.469620 0.272781 0.454430 0.277845 0.535444 0.277845 0.408859 0.386707 0.573419 0.363922 0.348099 0.520886 0.667091 0.404429 0.424049 0.505696 0.649369 0.518355 0.459493 0.627217 0.558229 0.622154 0.482278 0.834816 0.497468 0.817094 0.537975 1.000000 0.497468 1.000000 0.049621 0.096176 0.031251 0.077473 0.698180 0.419203 0.022583 0.130973
0.460956 0.282110 0.460956 0.272034 0.468513 0.269515 0.453399 0.277072 0.534006 0.277072 0.410577 0.385387 0.571790 0.365235 0.347603 0.518892 0.662473 0.408058 0.425691 0.498741 0.642321 0.521411 0.460956 0.627208 0.556677 0.622170 0.476070 0.843839 0.503778 0.816130 0.473551 1.000000 0.541563 0.984900 0.025830 0.154858 0.043208 0.066048 0.720686 0.415572 0.022470 0.106922
0.463614 0.283565 0.461104 0.271018 0.471142 0.271018 0.456086 0.276036 0.536386 0.281055 0.413426 0.383940 0.574027 0.366375 0.350691 0.516938 0.659347 0.421581 0.433501 0.506901 0.639271 0.526976 0.458595 0.627352 0.553952 0.622333 0.486198 0.845669 0.496236 0.820575 0.483689 1.000000 0.513802 0.915932 0.043823 0.148166 0.018370 0.065265 0.678691 0.377106 0.015982 0.130213
0.470983 0.280482 0.468460 0.267866 0.478553 0.267866 0.458367 0.270389 0.539110 0.275436 0.412950 0.381410 0.576957 0.368794 0.352393 0.510093 0.657700 0.429351 0.433135 0.512616 0.629945 0.540371 0.455844 0.626160 0.554249 0.623636 0.483599 0.843154 0.493692 0.820446 0.493692 1.000000 0.549202 0.901188 0.024979 0.286729 0.014732 0.066726 0.630062 0.373146 0.012854 0.135509
0.477335 0.277028 0.474885 0.267227 0.482236 0.264777 0.462634 0.269677 0.541042 0.274577 0.416079 0.379938 0.577795 0.370137 0.362174 0.497550 0.653753 0.441194 0.428330 0.526953 0.624350 0.541654 0.455283 0.627413 0.550843 0.622512 0.474885 0.843034 0.499387 0.835683 0.590046 0.843034 0.467534 1.000000 0.471142 0.030709 0.021152 0.041526 0.503673 0.351239 0.007800 0.104249
0.465416 0.276723 0.465416 0.264588 0.472697 0.262161 0.460562 0.267015 0.540651 0.271869 0.416878 0.376227 0.579482 0.373800 0.361058 0.492719 0.652290 0.456315 0.414451 0.526696 0.601324 0.548539 0.453282 0.626200 0.550359 0.623773 0.455709 0.856758 0.506674 0.854331 0.581909 0.820354 0.477551 1.000000 0.586043 0.020821 0.042682 0.022686 0.461839 0.390834 0.004636 0.062955
0.464976 0.269928 0.464976 0.257850 0.472222 0.255435 0.462560 0.262681 0.542271 0.267512 0.419082 0.373792 0.580918 0.376208 0.361111 0.487319 0.648551 0.477657 0.414251 0.538043 0.592995 0.550121 0.450483 0.627415 0.549517 0.622585 0.440821 0.852053 0.508454 0.849638 0.566425 0.801329 0.479469 1.000000 0.635855 0.019674 0.052893 0.016600 0.407682 0.395368 0.000004 0.043269
