0.504027 0.282780 0.522030 0.265725 0.486972 0.266672 0.553298 0.272357 0.467074 0.275200 0.590252 0.380375 0.422540 0.369952 0.616782 0.503553 0.381796 0.468495 0.559931 0.459967 0.425382 0.496921 0.544770 0.627679 0.442438 0.621994 0.527715 0.801076 0.449071 0.793496 0.525820 0.941309 0.454756 0.904356 0.026908 0.004007 0.026684 0.012774 0.775728 0.440844 0.016294 0.043513
0.501422 0.282211 0.519433 0.266096 0.485307 0.267044 0.549767 0.273679 0.465400 0.276523 0.588632 0.379848 0.421795 0.370369 0.619915 0.500237 0.381033 0.466111 0.552611 0.457580 0.422743 0.492653 0.545975 0.627261 0.443597 0.622521 0.530808 0.803578 0.451181 0.798838 0.528912 0.941030 0.454025 0.940082 0.022924 0.007274 0.027032 0.013773 0.760736 0.447724 0.013280 0.040997
0.498819 0.285294 0.516770 0.268288 0.481813 0.269233 0.547004 0.275846 0.462917 0.277736 0.585741 0.377885 0.421345 0.372216 0.621643 0.495040 0.385443 0.465751 0.547004 0.459137 0.422290 0.494095 0.547004 0.626367 0.445910 0.623533 0.533777 0.804934 0.452524 0.803989 0.532832 0.947599 0.454413 0.963660 0.021427 0.007895 0.025691 0.019354 0.737366 0.407945 0.009024 0.035196
0.495520 0.286385 0.512496 0.269409 0.478544 0.271295 0.544562 0.276011 0.459682 0.280726 0.584173 0.376924 0.421957 0.373151 0.623784 0.492927 0.386119 0.467463 0.543619 0.462747 0.422901 0.492927 0.548335 0.625906 0.445535 0.624019 0.535131 0.801324 0.454023 0.808869 0.537960 0.939019 0.454023 0.978630 0.030454 0.014606 0.021591 0.015223 0.719350 0.422842 0.007806 0.038520
0.491730 0.287117 0.509687 0.270105 0.474719 0.271995 0.540875 0.275776 0.455817 0.280501 0.582460 0.375011 0.420848 0.375011 0.626879 0.488423 0.385880 0.467630 0.539930 0.464795 0.416123 0.491258 0.549381 0.625462 0.447311 0.624516 0.538040 0.805030 0.456762 0.812591 0.540875 0.926002 0.457707 0.987434 0.027536 0.014262 0.021722 0.017652 0.703283 0.403807 0.004212 0.036059
0.488658 0.284737 0.505671 0.266779 0.471645 0.268669 0.535917 0.273395 0.452741 0.277175 0.582230 0.374528 0.418715 0.375473 0.628543 0.487004 0.385634 0.472826 0.539697 0.468100 0.413989 0.493620 0.551039 0.625944 0.448016 0.624054 0.540642 0.809308 0.458412 0.814034 0.544423 0.909496 0.461248 0.992671 0.030035 0.012350 0.021259 0.019945 0.691065 0.402857 0.001204 0.035432
0.484580 0.282945 0.501402 0.265189 0.466823 0.267992 0.532243 0.270796 0.449066 0.280142 0.579906 0.372664 0.419159 0.377337 0.629438 0.482009 0.385515 0.473598 0.542523 0.471729 0.414487 0.491355 0.550934 0.624999 0.450000 0.624999 0.541588 0.805372 0.459346 0.810045 0.545327 0.883876 0.467757 0.982941 0.031624 0.000587 0.019910 0.023373 0.672865 0.432006 0.001188 0.032541
0.481940 0.279957 0.499049 0.262848 0.463881 0.264749 0.530416 0.266650 0.444871 0.275205 0.579843 0.373107 0.417306 0.376909 0.631170 0.479564 0.382137 0.480515 0.546575 0.478614 0.415405 0.493822 0.553228 0.624992 0.449623 0.624992 0.544674 0.796083 0.461029 0.806539 0.550377 0.870223 0.474336 0.970026 0.040340 0.005879 0.017606 0.021261 0.646580 0.483046 0.003632 0.035874
0.480606 0.278290 0.497845 0.260093 0.462410 0.262966 0.529450 0.268713 0.443256 0.275417 0.580208 0.371188 0.415482 0.378849 0.631925 0.478451 0.379089 0.491859 0.552435 0.491859 0.413566 0.500479 0.554350 0.624024 0.449960 0.625939 0.545731 0.790666 0.463368 0.801200 0.553392 0.857705 0.480606 0.955392 0.052671 0.011136 0.015992 0.019826 0.589814 0.521189 0.005487 0.040754
0.478447 0.273812 0.495883 0.256376 0.461010 0.258313 0.525912 0.266063 0.441637 0.271875 0.579190 0.369712 0.414514 0.380367 0.631499 0.475299 0.380610 0.498547 0.559816 0.496610 0.412576 0.505328 0.555942 0.623507 0.450355 0.626413 0.546255 0.791090 0.461979 0.800777 0.555942 0.849211 0.483290 0.942205 0.070947 0.026417 0.010699 0.024854 0.554430 0.522396 0.008018 0.039568
0.478530 0.273237 0.495899 0.255868 0.461161 0.258763 0.525812 0.266483 0.441862 0.272272 0.579849 0.368767 0.413878 0.381312 0.629062 0.471052 0.384930 0.500000 0.567305 0.498070 0.417738 0.499035 0.555726 0.623513 0.450546 0.626408 0.546076 0.787554 0.461161 0.800099 0.555726 0.842556 0.487214 0.929402 0.073984 0.043861 0.011350 0.027842 0.511468 0.585509 0.007986 0.038131
0.480625 0.272348 0.497094 0.254911 0.462220 0.257817 0.527124 0.265567 0.442845 0.272348 0.580405 0.368253 0.413783 0.381815 0.628841 0.469001 0.388596 0.504844 0.572655 0.497094 0.430251 0.489344 0.555218 0.623029 0.450595 0.626904 0.543593 0.790619 0.463188 0.802244 0.556186 0.861336 0.489344 0.930116 0.078141 0.041400 0.009321 0.024632 0.495065 0.677666 0.007401 0.044867
0.481110 0.270411 0.497578 0.253942 0.462704 0.256849 0.528578 0.264599 0.443329 0.271380 0.581858 0.369221 0.412330 0.380846 0.630294 0.469001 0.389080 0.502906 0.577014 0.496125 0.438486 0.479657 0.554733 0.623029 0.451079 0.626904 0.539234 0.793525 0.465610 0.802244 0.549890 0.894273 0.487891 0.932054 0.062401 0.027789 0.005031 0.023400 0.493963 0.699919 0.007401 0.055177
0.484287 0.273003 0.500725 0.255598 0.465914 0.258499 0.531668 0.266235 0.445608 0.273003 0.580984 0.369701 0.414665 0.380337 0.628365 0.469299 0.390490 0.502176 0.579050 0.494440 0.447542 0.473167 0.552942 0.624014 0.451410 0.625948 0.536503 0.799036 0.468815 0.800970 0.542305 0.923775 0.485254 0.934412 0.044604 0.007463 0.005147 0.015719 0.491273 0.712081 0.005540 0.061360
0.488358 0.278090 0.504514 0.260984 0.470301 0.263835 0.531124 0.270487 0.449393 0.277140 0.578642 0.369325 0.416131 0.380729 0.627111 0.468163 0.392371 0.500475 0.582444 0.495723 0.459847 0.471014 0.552032 0.624022 0.453195 0.625923 0.533975 0.802691 0.467450 0.799839 0.535876 0.953798 0.483606 0.928138 0.036065 0.013841 0.001073 0.021722 0.469151 0.693386 0.006655 0.058094
0.491920 0.276622 0.508080 0.259513 0.472910 0.262364 0.535645 0.269018 0.452948 0.276622 0.580321 0.371677 0.417778 0.378331 0.626897 0.467682 0.390212 0.492396 0.585074 0.492396 0.464355 0.465780 0.550854 0.624521 0.451047 0.625472 0.529942 0.807976 0.467206 0.797520 0.530893 0.979074 0.481464 0.922041 0.037896 0.006481 0.000790 0.012784 0.473895 0.685182 0.002420 0.065937
0.496679 0.278227 0.512808 0.261150 0.478653 0.263047 0.538425 0.269689 0.456831 0.275381 0.581119 0.373103 0.419830 0.376898 0.626659 0.467031 0.387572 0.490750 0.588709 0.491698 0.469165 0.465133 0.549810 0.625473 0.449241 0.624525 0.528937 0.814277 0.465370 0.798148 0.527040 0.994541 0.480550 0.918640 0.031697 0.010407 0.004242 0.008145 0.460236 0.684717 0.001206 0.064533
0.501188 0.278566 0.516394 0.261459 0.482181 0.263360 0.543004 0.270012 0.460322 0.274764 0.583870 0.374552 0.421358 0.375502 0.627586 0.467688 0.385244 0.488596 0.590522 0.490496 0.470776 0.466737 0.547756 0.625448 0.447017 0.624497 0.528748 0.815520 0.462223 0.798414 0.522096 0.998940 0.476479 0.906755 0.020186 0.013883 0.013779 0.004927 0.464096 0.678029 0.006655 0.059485
0.503743 0.279620 0.519652 0.262775 0.485027 0.264647 0.545854 0.271197 0.463504 0.274005 0.585158 0.375071 0.423265 0.375071 0.627269 0.469587 0.384897 0.485495 0.586093 0.488303 0.467247 0.471458 0.545854 0.625865 0.445724 0.623993 0.526202 0.810217 0.458825 0.794309 0.517780 0.988019 0.471926 0.884145 0.018738 0.021658 0.015678 0.004205 0.497617 0.660186 0.010725 0.058241
0.506324 0.278192 0.523188 0.261329 0.488523 0.263202 0.550358 0.270697 0.466975 0.274445 0.587833 0.376565 0.424815 0.373755 0.627182 0.474001 0.382655 0.482433 0.584085 0.484307 0.465101 0.478686 0.543799 0.626714 0.443553 0.622966 0.523188 0.810343 0.452922 0.795353 0.514756 0.978982 0.466038 0.869367 0.019677 0.038547 0.019884 0.006606 0.547458 0.632252 0.016111 0.052862
0.509210 0.277534 0.526214 0.260530 0.491262 0.262420 0.553609 0.269032 0.470480 0.273756 0.591395 0.377667 0.426081 0.372944 0.628237 0.482524 0.383572 0.481579 0.582893 0.481579 0.461033 0.486303 0.542273 0.627056 0.440251 0.622333 0.516768 0.808429 0.445919 0.792370 0.506376 0.967131 0.458199 0.854717 0.023659 0.051299 0.017434 0.007460 0.614180 0.599340 0.022269 0.055077
0.510952 0.275484 0.528094 0.258342 0.492857 0.259294 0.556665 0.267866 0.471906 0.269770 0.593806 0.380242 0.428098 0.370719 0.622377 0.497381 0.384290 0.482143 0.581426 0.480239 0.447145 0.500238 0.539522 0.627852 0.438574 0.621186 0.513809 0.803084 0.439526 0.786894 0.506190 0.955460 0.450954 0.844035 0.030475 0.061003 0.022319 0.011476 0.702341 0.530016 0.027925 0.048207
0.511582 0.274151 0.529920 0.257744 0.494209 0.257744 0.557910 0.268360 0.472975 0.268360 0.594586 0.381285 0.427613 0.369703 0.622576 0.503861 0.385145 0.480697 0.576248 0.476836 0.431473 0.510617 0.539572 0.628367 0.438229 0.620646 0.513512 0.804992 0.435334 0.788584 0.506756 0.947836 0.448846 0.849390 0.031583 0.075092 0.023109 0.018946 0.739551 0.433786 0.028302 0.041140
0.511343 0.276527 0.529684 0.260116 0.493967 0.260116 0.557678 0.269769 0.472729 0.269769 0.594361 0.382713 0.427359 0.368233 0.615598 0.507240 0.386815 0.472488 0.567332 0.472488 0.416740 0.508205 0.540302 0.628871 0.437978 0.620183 0.515204 0.801665 0.434116 0.785254 0.506516 0.939707 0.444735 0.862481 0.025907 0.050939 0.022898 0.020852 0.752401 0.340045 0.027690 0.038470
0.509400 0.278018 0.527718 0.261628 0.493010 0.261628 0.556640 0.270305 0.471800 0.271269 0.592312 0.382140 0.427452 0.368643 0.615450 0.505544 0.387924 0.466980 0.561461 0.469872 0.411063 0.502651 0.541215 0.627983 0.439021 0.621234 0.519041 0.801520 0.439021 0.790915 0.509400 0.939385 0.444806 0.887324 0.018231 0.019076 0.024776 0.014569 0.744850 0.304820 0.025190 0.040454
0.507963 0.277291 0.526300 0.260883 0.490590 0.260883 0.555255 0.270535 0.469356 0.271500 0.590001 0.381527 0.425924 0.368980 0.616060 0.502172 0.389249 0.464531 0.555255 0.458740 0.407587 0.496381 0.542708 0.627642 0.441367 0.621851 0.521475 0.799439 0.445228 0.792683 0.511823 0.941317 0.449088 0.918153 0.017522 0.002599 0.021286 0.012223 0.765146 0.282946 0.020290 0.046336
0.503363 0.277568 0.521619 0.261234 0.486068 0.261234 0.550443 0.270842 0.464930 0.271803 0.585994 0.380377 0.423614 0.369808 0.613858 0.497598 0.388064 0.460126 0.543718 0.456282 0.403437 0.492794 0.545639 0.627310 0.444752 0.622506 0.523540 0.804102 0.446674 0.798337 0.512971 0.947266 0.448596 0.953030 0.016127 0.000464 0.011981 0.023086 0.743729 0.259370 0.012236 0.043062
0.499283 0.280470 0.517438 0.264226 0.482084 0.264226 0.546104 0.272826 0.462018 0.272826 0.584324 0.377933 0.423797 0.372199 0.615857 0.494506 0.391310 0.463929 0.539415 0.460107 0.404687 0.493550 0.546104 0.626367 0.445774 0.623501 0.526038 0.802183 0.448641 0.807916 0.516483 0.943599 0.453418 0.973220 0.014697 0.004249 0.012417 0.022819 0.718687 0.243372 0.010343 0.041120
0.495203 0.281008 0.512473 0.263738 0.477933 0.264698 0.542215 0.272373 0.457785 0.274292 0.582512 0.375993 0.423245 0.374074 0.620889 0.491125 0.392543 0.464261 0.536459 0.462342 0.403097 0.491125 0.547972 0.625447 0.446271 0.624487 0.528783 0.804862 0.452028 0.813496 0.521108 0.932467 0.454906 0.990033 0.014792 0.004503 0.009880 0.019496 0.706998 0.223598 0.007330 0.043607
0.492113 0.280364 0.510277 0.264112 0.474906 0.265068 0.538956 0.273672 0.454830 0.275584 0.581019 0.375006 0.421371 0.375006 0.624994 0.486855 0.392691 0.464868 0.538000 0.462956 0.403207 0.490679 0.549472 0.625472 0.448138 0.624516 0.530352 0.804240 0.455786 0.813800 0.525572 0.914178 0.459610 0.993524 0.020084 0.006082 0.005969 0.021164 0.704581 0.221482 0.003045 0.046769
0.488439 0.279626 0.506744 0.262285 0.471098 0.263248 0.536609 0.271919 0.450867 0.274809 0.580924 0.374038 0.420039 0.375964 0.630057 0.485790 0.391138 0.466522 0.542389 0.465559 0.403662 0.492534 0.551059 0.625481 0.447977 0.624517 0.535645 0.803707 0.460501 0.812377 0.526011 0.904862 0.463391 0.993493 0.002760 0.016110 0.010169 0.014440 0.704042 0.241169 0.001225 0.048650
0.484223 0.276942 0.502670 0.259466 0.465777 0.261408 0.533738 0.266263 0.448301 0.272088 0.581311 0.374029 0.418204 0.375971 0.633738 0.482767 0.386165 0.471117 0.546359 0.467233 0.400728 0.495388 0.552184 0.625485 0.448301 0.624514 0.541505 0.806067 0.462864 0.808980 0.529854 0.887621 0.470631 0.988591 0.026364 0.011321 0.017903 0.013281 0.699007 0.275411 0.000620 0.043881
0.481590 0.275685 0.499031 0.258244 0.464148 0.260182 0.530038 0.265995 0.445738 0.273747 0.579455 0.372581 0.418607 0.377426 0.635655 0.476260 0.381786 0.481105 0.554262 0.476260 0.401166 0.500484 0.552324 0.625481 0.449614 0.624512 0.544572 0.805708 0.471900 0.799894 0.532945 0.872566 0.476745 0.965587 0.041128 0.030928 0.020336 0.000503 0.658112 0.358622 0.002467 0.053915
0.477770 0.271274 0.495554 0.253489 0.459985 0.256453 0.527171 0.263370 0.441213 0.271274 0.580524 0.369088 0.415524 0.380944 0.638817 0.473817 0.378968 0.501482 0.558787 0.482710 0.399716 0.504446 0.553847 0.623996 0.450105 0.625972 0.547919 0.802828 0.471841 0.802828 0.540015 0.866061 0.478758 0.958935 0.029036 0.024834 0.022643 0.005702 0.626446 0.548563 0.005032 0.049475
0.476785 0.273285 0.493579 0.255504 0.458016 0.258467 0.524203 0.265382 0.440234 0.272297 0.578535 0.368120 0.415538 0.381950 0.636819 0.467894 0.378987 0.503458 0.564705 0.491603 0.402695 0.500494 0.554826 0.622989 0.451101 0.626941 0.553839 0.790926 0.469870 0.798829 0.541984 0.863040 0.479749 0.943057 0.049989 0.012854 0.027653 0.011266 0.567181 0.632594 0.007547 0.036493
0.476233 0.275563 0.492894 0.257922 0.457612 0.260862 0.524257 0.266742 0.439970 0.273603 0.579141 0.367690 0.414489 0.382391 0.635985 0.466677 0.381166 0.506860 0.571300 0.491179 0.410568 0.489219 0.555619 0.623489 0.450751 0.626430 0.552679 0.792062 0.468393 0.797942 0.544838 0.867528 0.482114 0.933193 0.027401 0.000441 0.023636 0.014330 0.550671 0.755285 0.008112 0.038177
0.478106 0.274659 0.494834 0.257931 0.460393 0.260883 0.525339 0.266787 0.441697 0.274659 0.580444 0.368141 0.414144 0.381917 0.637517 0.465559 0.385608 0.509840 0.576508 0.492128 0.423984 0.476383 0.554859 0.623003 0.450553 0.626939 0.550923 0.797174 0.468265 0.801111 0.542067 0.888688 0.483026 0.937889 0.023517 0.001958 0.024655 0.014696 0.537955 0.798096 0.006891 0.039452
0.480504 0.271546 0.497501 0.255549 0.463507 0.257548 0.527494 0.267546 0.443511 0.271546 0.582484 0.368526 0.412517 0.381524 0.638472 0.466507 0.384523 0.506499 0.582484 0.493501 0.431514 0.469506 0.554489 0.623475 0.450510 0.626475 0.546491 0.805439 0.466507 0.805439 0.538492 0.920416 0.480504 0.943411 0.008124 0.003805 0.020829 0.020603 0.522245 0.782427 0.006365 0.042359
0.484220 0.270814 0.501252 0.253782 0.466186 0.255786 0.532311 0.263801 0.447149 0.269812 0.583409 0.371005 0.413085 0.379020 0.637511 0.467188 0.385031 0.502254 0.585412 0.491233 0.442140 0.466186 0.554353 0.624487 0.449153 0.625489 0.542331 0.808837 0.466186 0.806834 0.538323 0.959123 0.477207 0.946098 0.012244 0.004670 0.015598 0.016444 0.525459 0.750556 0.004465 0.050539
0.489872 0.276190 0.506670 0.258403 0.471097 0.261368 0.537302 0.266308 0.451335 0.274213 0.585720 0.372038 0.415762 0.377967 0.634138 0.462945 0.384142 0.496542 0.585720 0.492589 0.455287 0.464922 0.551135 0.624998 0.447382 0.624998 0.537302 0.813730 0.463192 0.804837 0.535325 0.986652 0.475050 0.936257 0.019652 0.000732 0.019961 0.012612 0.480907 0.716077 0.001886 0.051202
0.495335 0.278767 0.512031 0.261088 0.476674 0.264035 0.540514 0.269928 0.456048 0.275821 0.586676 0.373055 0.417744 0.376984 0.631856 0.464397 0.384350 0.494844 0.587658 0.494844 0.458012 0.470290 0.549354 0.625472 0.446226 0.624489 0.534621 0.819940 0.460959 0.804226 0.532657 1.000000 0.472745 0.929943 0.020735 0.003721 0.022658 0.010438 0.454198 0.690301 0.005628 0.050101
0.498285 0.279997 0.514944 0.262358 0.480646 0.264318 0.544344 0.270197 0.459086 0.275097 0.587462 0.375054 0.419888 0.375054 0.630581 0.467171 0.380689 0.488730 0.589422 0.494610 0.461046 0.474031 0.548263 0.625926 0.444387 0.623966 0.531604 0.822900 0.457126 0.805260 0.528664 1.000000 0.469866 0.920896 0.021832 0.012596 0.022479 0.008898 0.452186 0.663288 0.009360 0.049189
0.503146 0.281709 0.519603 0.264284 0.485722 0.266221 0.547676 0.271061 0.463457 0.273965 0.589301 0.376576 0.421831 0.373672 0.630926 0.466603 0.379238 0.484996 0.592205 0.494676 0.461521 0.478219 0.545739 0.626328 0.443128 0.623424 0.528315 0.818966 0.454745 0.800574 0.523475 1.000000 0.470233 0.903185 0.020339 0.026844 0.026253 0.006234 0.438178 0.642473 0.014179 0.049557
0.505761 0.282046 0.523044 0.264764 0.488478 0.265724 0.549928 0.272445 0.467355 0.275325 0.589294 0.377101 0.424148 0.373261 0.628660 0.471196 0.379021 0.482717 0.588334 0.493279 0.458714 0.485598 0.544167 0.626740 0.442391 0.622899 0.525924 0.813008 0.451032 0.797646 0.518243 0.988715 0.470235 0.885019 0.017169 0.053136 0.025850 0.007492 0.466649 0.612974 0.017123 0.046803
0.508908 0.279460 0.526243 0.262125 0.491573 0.263088 0.554172 0.268867 0.469423 0.271756 0.590768 0.378655 0.426086 0.371914 0.629290 0.474961 0.376970 0.479776 0.589805 0.488443 0.454977 0.494222 0.541652 0.627123 0.441494 0.622308 0.520465 0.809141 0.448236 0.796621 0.510834 0.974786 0.468460 0.872702 0.018400 0.070397 0.025235 0.007260 0.516379 0.577728 0.021475 0.049190
0.510727 0.275951 0.527305 0.259373 0.493174 0.260348 0.555586 0.268150 0.470744 0.269125 0.593618 0.380296 0.426861 0.370544 0.627749 0.487566 0.375176 0.480740 0.587767 0.487566 0.449290 0.502194 0.539983 0.627018 0.439539 0.622142 0.516578 0.806452 0.443439 0.797675 0.508777 0.963457 0.467819 0.863988 0.025482 0.105071 0.026852 0.008953 0.598056 0.549908 0.026104 0.048358
0.511542 0.277748 0.529224 0.261048 0.494843 0.262030 0.558694 0.267924 0.473231 0.270871 0.595041 0.379910 0.427062 0.371069 0.629422 0.490913 0.375981 0.486002 0.586200 0.488949 0.441797 0.510560 0.540030 0.627457 0.437868 0.621564 0.516454 0.802312 0.444744 0.793472 0.507613 0.949662 0.463408 0.861252 0.023585 0.072805 0.026944 0.000996 0.610067 0.519446 0.028179 0.055386
0.510889 0.276034 0.528707 0.259206 0.494061 0.260196 0.559394 0.268115 0.474262 0.270095 0.596021 0.380964 0.426747 0.370075 0.629678 0.494803 0.376262 0.480944 0.584142 0.483914 0.433676 0.507672 0.539596 0.627450 0.437636 0.621511 0.516828 0.800684 0.443575 0.790785 0.505939 0.941250 0.458424 0.864038 0.016988 0.052495 0.030035 0.002612 0.666217 0.497332 0.029029 0.052761
0.509867 0.277748 0.527627 0.260974 0.494080 0.260974 0.558215 0.270841 0.473359 0.270841 0.594722 0.381350 0.425998 0.369510 0.631230 0.496793 0.376663 0.477059 0.578935 0.481993 0.427971 0.503700 0.540454 0.628023 0.438825 0.621117 0.516774 0.797734 0.442772 0.788854 0.506907 0.934885 0.456586 0.874696 0.021270 0.043299 0.024800 0.008726 0.685286 0.484455 0.026413 0.051619
0.508362 0.278418 0.526069 0.261695 0.491638 0.261695 0.555580 0.271532 0.469997 0.270548 0.592961 0.380724 0.424746 0.369904 0.631326 0.494835 0.377527 0.470243 0.574271 0.475161 0.418843 0.497787 0.541808 0.627637 0.440485 0.621735 0.518199 0.796836 0.445404 0.788967 0.507378 0.930622 0.456225 0.894224 0.018440 0.023250 0.020894 0.010509 0.708937 0.452839 0.022564 0.053490
