0.485300 0.277057 0.507350 0.264808 0.477951 0.259908 0.544099 0.281957 0.468151 0.272157 0.575948 0.382404 0.431402 0.367704 0.642095 0.500000 0.392203 0.485300 0.556348 0.541649 0.438752 0.512250 0.541649 0.627396 0.451002 0.622496 0.480401 0.808690 0.448552 0.801340 0.502450 0.989984 0.539199 0.867488 0.142229 0.303697 0.059430 0.028798 0.519174 0.435369 0.009359 0.099345
0.493935 0.273154 0.520622 0.263450 0.489082 0.253745 0.554588 0.287711 0.469673 0.268302 0.571572 0.384758 0.435707 0.365348 0.617669 0.515770 0.406593 0.472099 0.515770 0.520622 0.428428 0.523048 0.542458 0.629799 0.450264 0.620095 0.496361 0.821466 0.426002 0.799630 0.523048 0.971887 0.535179 0.865136 0.131021 0.370735 0.037486 0.060925 0.592546 0.213632 0.009268 0.032373
0.495169 0.268731 0.521738 0.261485 0.487923 0.251823 0.557968 0.292884 0.466185 0.268731 0.565214 0.387083 0.437201 0.362929 0.579706 0.524757 0.415463 0.466789 0.480677 0.500604 0.415463 0.529588 0.543476 0.628617 0.454108 0.621371 0.512077 0.807353 0.413048 0.795276 0.545892 0.964350 0.487923 0.901551 0.122882 0.269174 0.026784 0.094599 0.609533 0.065675 0.003075 0.018451
0.484226 0.274314 0.508494 0.264607 0.481800 0.257327 0.547321 0.293728 0.467239 0.269461 0.557028 0.385944 0.438118 0.364103 0.537614 0.519414 0.425985 0.478159 0.421131 0.458746 0.396864 0.458746 0.547321 0.628617 0.457532 0.621336 0.537614 0.813048 0.404144 0.796061 0.564308 0.965932 0.464812 0.944091 0.071761 0.218202 0.004014 0.118371 0.606867 0.653431 0.006180 0.077656
0.506007 0.293355 0.530036 0.283744 0.498799 0.276535 0.556467 0.310175 0.472367 0.278938 0.554064 0.387066 0.438727 0.363038 0.525230 0.521626 0.424310 0.468763 0.417102 0.449540 0.395476 0.516820 0.546856 0.629754 0.460353 0.620142 0.549258 0.814773 0.409893 0.800356 0.580495 0.958944 0.438727 0.982972 0.063784 0.136749 0.013586 0.113612 0.619974 0.128881 0.009179 0.091035
0.486852 0.279468 0.510758 0.272296 0.486852 0.262734 0.546617 0.305764 0.470118 0.274687 0.551398 0.387044 0.439040 0.363138 0.515539 0.518527 0.417525 0.465934 0.419915 0.451590 0.393619 0.511355 0.549007 0.628494 0.460555 0.621323 0.553788 0.819742 0.417525 0.807789 0.596819 0.944053 0.424696 1.000000 0.098119 0.083556 0.011107 0.098657 0.609649 0.088539 0.012178 0.080148
0.486972 0.280302 0.510659 0.273196 0.486972 0.263721 0.548559 0.303989 0.472760 0.275565 0.550927 0.386894 0.441967 0.363207 0.517765 0.519542 0.418279 0.467430 0.415911 0.453218 0.387486 0.512436 0.546190 0.628503 0.460916 0.621396 0.550927 0.817999 0.420648 0.808525 0.610145 0.929329 0.425386 1.000000 0.147650 0.074701 0.014197 0.090789 0.605747 0.119867 0.009049 0.075424
0.480269 0.276978 0.504185 0.272194 0.480269 0.262628 0.542452 0.296111 0.470702 0.269803 0.552019 0.386994 0.442002 0.363077 0.532885 0.520927 0.408519 0.465919 0.425261 0.482660 0.377427 0.513752 0.547235 0.630943 0.458744 0.618985 0.520927 0.819885 0.420477 0.798360 0.609418 0.915551 0.442002 1.000000 0.281643 0.099345 0.037798 0.087698 0.563572 0.083276 0.007614 0.022864
0.511846 0.284991 0.535539 0.277884 0.502369 0.266037 0.554493 0.296837 0.471569 0.268407 0.554493 0.389238 0.440769 0.360807 0.561600 0.524285 0.414707 0.450838 0.462092 0.500592 0.372061 0.505331 0.545016 0.630901 0.459723 0.619054 0.516585 0.820440 0.428923 0.789640 0.611354 0.879671 0.466831 0.981549 0.369585 0.118937 0.034917 0.080180 0.591141 0.121682 0.006034 0.009467
0.497024 0.278574 0.518452 0.269050 0.487500 0.261907 0.544642 0.288098 0.466072 0.271431 0.561309 0.385716 0.439882 0.364287 0.597023 0.514286 0.406549 0.471429 0.475596 0.526190 0.368454 0.497619 0.542261 0.628570 0.456548 0.621427 0.504167 0.816663 0.437501 0.802378 0.611308 0.873805 0.494643 0.969042 0.407649 0.138520 0.038693 0.053986 0.555138 0.212278 0.001516 0.030224
0.468596 0.271554 0.493227 0.261702 0.461207 0.256776 0.537561 0.283870 0.453818 0.269091 0.564654 0.384854 0.434114 0.365149 0.628693 0.508005 0.409484 0.468596 0.510468 0.544950 0.372539 0.475986 0.544950 0.628693 0.456281 0.621304 0.488301 0.806031 0.446429 0.808494 0.591748 0.892237 0.515394 0.968590 0.377279 0.146209 0.072755 0.044215 0.556224 0.362764 0.001566 0.081683
0.475136 0.267933 0.500638 0.257732 0.464935 0.250081 0.538890 0.283234 0.447084 0.265382 0.566943 0.382691 0.426682 0.367390 0.651099 0.487249 0.403730 0.479598 0.554192 0.548454 0.385879 0.459197 0.543991 0.627510 0.462385 0.622409 0.472585 0.818774 0.459834 0.818774 0.566943 0.938633 0.536340 0.966685 0.326018 0.156077 0.083980 0.048409 0.536412 0.706966 0.008118 0.109601
0.462123 0.270214 0.487374 0.257588 0.454548 0.255063 0.532827 0.285364 0.449498 0.272739 0.570703 0.378794 0.426771 0.371219 0.651507 0.474749 0.376269 0.500000 0.578279 0.547977 0.401520 0.454548 0.542927 0.626256 0.459598 0.623731 0.462123 0.808065 0.464648 0.810590 0.535352 0.964623 0.527776 0.941897 0.272389 0.134048 0.097545 0.032549 0.472783 0.957547 0.003215 0.141726
0.459582 0.274279 0.484454 0.261842 0.454607 0.259355 0.529226 0.284228 0.452120 0.274279 0.571509 0.381232 0.424760 0.368796 0.658564 0.463313 0.375014 0.493160 0.591408 0.547880 0.424760 0.438440 0.541662 0.627473 0.462069 0.622499 0.454607 0.814020 0.484454 0.811532 0.499378 0.993104 0.546637 0.953308 0.216962 0.094047 0.100587 0.008956 0.472991 0.886265 0.004750 0.176503
0.459362 0.277720 0.481528 0.262943 0.451973 0.262943 0.530787 0.290035 0.449510 0.280183 0.572657 0.381163 0.424881 0.368849 0.656396 0.457514 0.378085 0.489533 0.594823 0.541254 0.432269 0.437811 0.543101 0.627457 0.459362 0.622531 0.464287 0.804788 0.491380 0.799862 0.461825 1.000000 0.555416 0.930398 0.129380 0.088312 0.095110 0.013859 0.466496 0.860344 0.003137 0.189985
0.459160 0.277239 0.483912 0.262388 0.451735 0.262388 0.528464 0.289614 0.446785 0.279714 0.573016 0.381194 0.424509 0.368818 0.657171 0.457923 0.377481 0.490099 0.595292 0.542077 0.431934 0.438122 0.543315 0.626231 0.459160 0.623756 0.464111 0.806916 0.491337 0.799490 0.461636 1.000000 0.555690 0.933147 0.127714 0.085189 0.093107 0.014642 0.466496 0.860344 0.003152 0.189147
0.463599 0.284021 0.485440 0.271888 0.456319 0.269461 0.531547 0.291301 0.453892 0.281595 0.577655 0.381090 0.427198 0.368957 0.652884 0.453892 0.381090 0.487866 0.599496 0.536401 0.439332 0.451465 0.541254 0.626190 0.453892 0.623763 0.470879 0.810621 0.483013 0.796061 0.453892 1.000000 0.565522 0.919824 0.089878 0.133872 0.069102 0.020070 0.438025 0.795552 0.006180 0.169327
0.475135 0.283057 0.495027 0.270625 0.467676 0.265652 0.539783 0.288030 0.462703 0.280570 0.577080 0.380029 0.430379 0.370083 0.661620 0.457109 0.385623 0.491919 0.604431 0.539162 0.452757 0.464568 0.542270 0.626188 0.450271 0.623701 0.475135 0.807699 0.462703 0.805212 0.467676 1.000000 0.564648 0.902184 0.101401 0.236188 0.068047 0.003148 0.458433 0.735206 0.009499 0.134532
0.478660 0.278445 0.501255 0.265893 0.471129 0.260872 0.543934 0.285977 0.461087 0.275935 0.579082 0.381377 0.430960 0.368825 0.656908 0.476778 0.385771 0.484309 0.589124 0.539541 0.446023 0.484309 0.541424 0.627410 0.448534 0.622389 0.476150 0.808168 0.456066 0.803147 0.481171 1.000000 0.551466 0.888505 0.118573 0.254410 0.061961 0.008770 0.480054 0.618726 0.012789 0.123562
0.474128 0.272973 0.500000 0.260037 0.468954 0.254863 0.546570 0.285909 0.461192 0.270386 0.582790 0.386810 0.430146 0.363525 0.650058 0.503234 0.391337 0.472188 0.567267 0.539455 0.437907 0.503234 0.543982 0.627420 0.443082 0.622245 0.484477 0.816286 0.432733 0.805937 0.489651 1.000000 0.533634 0.886140 0.105995 0.304135 0.046254 0.033816 0.535494 0.422021 0.016478 0.079242
0.479399 0.273388 0.505150 0.260513 0.474249 0.255363 0.548927 0.286264 0.461373 0.268238 0.574679 0.386694 0.435622 0.363518 0.626181 0.518026 0.407295 0.471674 0.523176 0.523176 0.430471 0.530902 0.541202 0.628757 0.448497 0.621031 0.489699 0.814166 0.433047 0.793565 0.507725 0.984125 0.525751 0.870819 0.119879 0.307287 0.042501 0.044332 0.603059 0.200261 0.013118 0.057815
0.479596 0.275557 0.505101 0.262805 0.477046 0.257704 0.551010 0.290860 0.464293 0.270456 0.568863 0.387778 0.436238 0.362274 0.584166 0.530606 0.413283 0.466844 0.477046 0.497450 0.413283 0.522954 0.543358 0.630075 0.451541 0.619873 0.515303 0.816261 0.415834 0.800958 0.530606 0.969290 0.487248 0.890225 0.079332 0.276747 0.014222 0.080858 0.629523 0.068782 0.006496 0.014364
0.479487 0.273718 0.505128 0.263462 0.476923 0.258333 0.548718 0.294231 0.464103 0.271154 0.564103 0.386538 0.435897 0.363462 0.546154 0.525000 0.423077 0.478846 0.443590 0.473718 0.412821 0.517308 0.546154 0.627564 0.453846 0.622436 0.525641 0.812179 0.402564 0.801923 0.551282 0.976282 0.474359 0.922436 0.084560 0.259609 0.011564 0.110611 0.606550 0.047729 0.000005 0.053362
0.476642 0.285356 0.499369 0.275255 0.476642 0.267680 0.544823 0.297982 0.469066 0.280306 0.559974 0.383840 0.438763 0.366163 0.527146 0.517677 0.426137 0.482323 0.413511 0.439395 0.400885 0.527777 0.544823 0.628786 0.456440 0.621211 0.537247 0.803026 0.403410 0.795451 0.572600 0.969691 0.441289 0.962115 0.080365 0.165177 0.005833 0.116068 0.615450 0.126951 0.001605 0.080211
0.509145 0.294534 0.531094 0.284779 0.499390 0.277463 0.557921 0.306728 0.472564 0.282340 0.557921 0.384768 0.438421 0.365258 0.509145 0.511584 0.426227 0.475003 0.404279 0.435982 0.396962 0.514023 0.545727 0.628645 0.457931 0.621328 0.540849 0.801797 0.414034 0.799358 0.584747 0.940806 0.423789 0.987143 0.106328 0.093473 0.006937 0.101158 0.581953 0.169609 0.004659 0.067988
0.494592 0.294493 0.518628 0.282475 0.487381 0.277667 0.547471 0.304107 0.468152 0.282475 0.559489 0.383426 0.436906 0.366600 0.504206 0.506009 0.420080 0.469955 0.405659 0.436305 0.393641 0.493991 0.547471 0.628592 0.456134 0.621382 0.537857 0.801651 0.415273 0.796844 0.590736 0.919428 0.422484 0.998746 0.151994 0.084192 0.002074 0.096807 0.561100 0.213779 0.004591 0.055163
0.477163 0.288462 0.498798 0.278846 0.472356 0.271635 0.544471 0.298077 0.467548 0.276442 0.561298 0.387019 0.438702 0.362981 0.520433 0.507212 0.421875 0.475962 0.421875 0.466346 0.378606 0.507212 0.546875 0.627404 0.453125 0.622596 0.537260 0.800481 0.421875 0.805288 0.609375 0.901442 0.438702 0.997596 0.215097 0.081707 0.001409 0.071592 0.520792 0.253840 0.000004 0.036260
0.476486 0.279714 0.498762 0.269813 0.471536 0.264863 0.540840 0.287139 0.466586 0.269813 0.563116 0.388619 0.439359 0.361393 0.538364 0.519801 0.407183 0.460398 0.434409 0.485149 0.370056 0.500000 0.545790 0.628707 0.451735 0.621281 0.530939 0.809391 0.429459 0.806916 0.620044 0.896020 0.464111 0.995025 0.280587 0.096001 0.003173 0.053162 0.543056 0.139712 0.003152 0.011912
0.474876 0.280790 0.497488 0.268228 0.472363 0.263203 0.540199 0.288327 0.462313 0.270740 0.565323 0.386312 0.437189 0.363700 0.570348 0.527009 0.407040 0.469223 0.449751 0.506909 0.364328 0.499372 0.545224 0.630019 0.452264 0.619969 0.517587 0.818451 0.434677 0.805889 0.615572 0.883775 0.482413 0.981760 0.359188 0.114387 0.020162 0.048724 0.563932 0.215761 0.003200 0.016334
0.469388 0.269133 0.494898 0.258929 0.466837 0.251276 0.540816 0.284439 0.456633 0.264031 0.566326 0.383929 0.433673 0.366071 0.609694 0.519133 0.405612 0.480867 0.482143 0.531888 0.369898 0.493622 0.545918 0.628826 0.454082 0.621174 0.502551 0.825255 0.446429 0.817602 0.607143 0.881378 0.505102 0.973214 0.412404 0.127167 0.042702 0.037806 0.567074 0.314499 0.000005 0.056771
0.466448 0.264477 0.492763 0.253951 0.458553 0.246056 0.537499 0.280266 0.450659 0.261845 0.571710 0.382896 0.426975 0.367107 0.642761 0.506579 0.403291 0.488158 0.526973 0.543420 0.376975 0.477632 0.545394 0.627630 0.455922 0.622367 0.490132 0.814469 0.458553 0.824996 0.584867 0.917099 0.526973 0.972362 0.328813 0.134226 0.057442 0.031810 0.567922 0.559618 0.001673 0.095672
0.457242 0.271081 0.480923 0.257925 0.451980 0.252662 0.528286 0.281606 0.446717 0.268450 0.573017 0.378962 0.423036 0.371069 0.654586 0.486844 0.383567 0.505262 0.557230 0.544731 0.386198 0.465794 0.546705 0.626300 0.457242 0.623669 0.478292 0.813119 0.465136 0.828906 0.546705 0.957838 0.538811 0.963100 0.252300 0.147584 0.078001 0.030607 0.535319 0.930136 0.005025 0.123973
0.460071 0.277168 0.483255 0.264288 0.452342 0.259136 0.527049 0.282321 0.447190 0.272016 0.570842 0.377636 0.421429 0.372484 0.650701 0.470375 0.382788 0.498712 0.578571 0.542505 0.405973 0.454918 0.547658 0.624940 0.460071 0.624940 0.475527 0.787234 0.478103 0.812995 0.524473 0.975288 0.545082 0.962408 0.214174 0.103712 0.103370 0.017915 0.476289 0.939574 0.009841 0.163555
0.458124 0.275800 0.481317 0.265492 0.452970 0.260338 0.525126 0.288685 0.445239 0.273223 0.576666 0.376303 0.419468 0.373726 0.661707 0.461345 0.378236 0.500000 0.597282 0.533501 0.422045 0.456191 0.548319 0.626274 0.455547 0.623697 0.471009 0.793779 0.478740 0.798933 0.489048 1.000000 0.538011 0.943246 0.164422 0.082162 0.101696 0.003741 0.482002 0.850464 0.004922 0.179525
0.469066 0.282831 0.489268 0.270205 0.458965 0.265154 0.529671 0.287881 0.448864 0.275255 0.575125 0.376264 0.423612 0.373739 0.655932 0.462122 0.380683 0.500000 0.597852 0.532828 0.433713 0.467172 0.547348 0.626261 0.453915 0.623736 0.476642 0.800501 0.471591 0.790400 0.469066 1.000000 0.542297 0.916661 0.111981 0.128859 0.087483 0.004761 0.459250 0.780764 0.001605 0.156341
0.466551 0.282898 0.486747 0.267751 0.458978 0.265226 0.532187 0.285422 0.448880 0.277849 0.580151 0.376302 0.426160 0.373778 0.650836 0.459609 0.385769 0.494951 0.600347 0.525244 0.446355 0.477280 0.542284 0.626222 0.451404 0.623698 0.481698 0.805458 0.466551 0.792836 0.469076 1.000000 0.539760 0.893814 0.085274 0.171249 0.055895 0.003615 0.432682 0.692751 0.008037 0.132189
0.509065 0.288258 0.524606 0.272717 0.490935 0.270127 0.542737 0.280488 0.457263 0.277897 0.581589 0.376322 0.423592 0.373732 0.643752 0.469566 0.382150 0.490287 0.589359 0.526549 0.441722 0.492877 0.545327 0.624973 0.449493 0.624973 0.496115 0.790741 0.454673 0.795921 0.496115 0.974639 0.514246 0.933197 0.091860 0.120685 0.045765 0.023057 0.429766 0.594909 0.006596 0.101503
0.468937 0.279913 0.490086 0.264051 0.461006 0.261407 0.537673 0.277269 0.450431 0.269338 0.582615 0.380373 0.426638 0.369798 0.648708 0.496695 0.386982 0.488764 0.566753 0.538994 0.445143 0.512558 0.545604 0.626236 0.445143 0.623592 0.500661 0.787501 0.447787 0.806007 0.521810 0.919686 0.503305 0.961985 0.137016 0.104233 0.038954 0.018556 0.512805 0.478811 0.011784 0.091127
0.519710 0.283195 0.535477 0.267427 0.501314 0.264799 0.553873 0.275311 0.464523 0.272683 0.582780 0.380429 0.430360 0.369917 0.632711 0.511826 0.401452 0.477663 0.522337 0.527593 0.432987 0.532849 0.540733 0.627455 0.446127 0.622199 0.488174 0.811411 0.432987 0.800899 0.506570 0.987483 0.535477 0.866598 0.121722 0.341914 0.034920 0.043232 0.570426 0.248685 0.016738 0.065223
0.472974 0.287653 0.496139 0.272210 0.465252 0.267062 0.545043 0.285079 0.452383 0.274784 0.575930 0.382887 0.436939 0.367444 0.609391 0.519304 0.418922 0.470400 0.514156 0.506435 0.418922 0.521878 0.539895 0.629982 0.447235 0.619686 0.509009 0.805007 0.424070 0.781842 0.532174 0.959442 0.478122 0.877077 0.102993 0.209489 0.009505 0.058152 0.619320 0.055146 0.016393 0.010432
0.472015 0.293039 0.495444 0.274816 0.461602 0.272213 0.542303 0.285229 0.451188 0.277419 0.573543 0.381551 0.432965 0.368534 0.578749 0.524731 0.417346 0.498698 0.472015 0.480475 0.417346 0.475269 0.544907 0.628863 0.448585 0.621053 0.524080 0.818902 0.412139 0.798076 0.544907 0.962083 0.472015 0.910017 0.080722 0.220973 0.001950 0.084295 0.636684 0.961985 0.008288 0.029887
0.470707 0.294296 0.494141 0.278673 0.462895 0.273465 0.541011 0.291692 0.452480 0.278673 0.569653 0.380223 0.434253 0.369808 0.554030 0.515623 0.418630 0.502604 0.442064 0.458338 0.410818 0.463546 0.546218 0.627589 0.449876 0.622381 0.541011 0.809858 0.410818 0.796839 0.564445 0.960881 0.447272 0.958277 0.058094 0.140798 0.020974 0.089772 0.613964 0.899890 0.004973 0.061015
0.465851 0.300260 0.486469 0.284797 0.458119 0.282219 0.532860 0.297683 0.450387 0.282219 0.563788 0.382734 0.434924 0.367270 0.545747 0.516752 0.411728 0.475516 0.440078 0.454898 0.393687 0.514175 0.548324 0.627576 0.452965 0.622421 0.550901 0.813140 0.416883 0.802831 0.576674 0.952314 0.432346 1.000000 0.053865 0.087586 0.024498 0.085302 0.625980 0.071790 0.001641 0.067254
0.466199 0.307400 0.484056 0.294646 0.458546 0.289544 0.524872 0.304849 0.448343 0.289544 0.563137 0.386481 0.435588 0.363522 0.550382 0.521683 0.420282 0.455358 0.440690 0.463011 0.392221 0.501275 0.547831 0.628825 0.453444 0.621172 0.547831 0.817598 0.422833 0.807394 0.591198 0.929841 0.427935 1.000000 0.117360 0.059349 0.020077 0.073887 0.626402 0.122040 0.001623 0.051861
0.460505 0.305117 0.481224 0.292168 0.452736 0.286989 0.520071 0.299938 0.442377 0.286989 0.561508 0.385401 0.432018 0.364683 0.561508 0.525251 0.416479 0.457916 0.452736 0.483814 0.387991 0.496763 0.551149 0.628843 0.455326 0.621073 0.543379 0.820488 0.426838 0.807539 0.605535 0.905952 0.437197 1.000000 0.213049 0.063226 0.000631 0.077115 0.615858 0.148842 0.008245 0.035360
0.458994 0.305861 0.479497 0.290484 0.448742 0.287921 0.523066 0.298172 0.438491 0.282795 0.561509 0.385311 0.430802 0.364808 0.584575 0.523707 0.417988 0.462197 0.464120 0.513455 0.384670 0.495515 0.551258 0.628785 0.456431 0.621097 0.535880 0.815876 0.430802 0.795373 0.607641 0.887637 0.458994 1.000000 0.276104 0.089972 0.012709 0.078203 0.579594 0.208356 0.009791 0.020374
0.459203 0.306213 0.479601 0.290914 0.449003 0.288364 0.522948 0.298564 0.438804 0.283265 0.561196 0.385258 0.431155 0.364859 0.584144 0.522948 0.418406 0.459203 0.464302 0.512749 0.385258 0.494900 0.550997 0.630041 0.456653 0.619842 0.535698 0.813629 0.431155 0.793230 0.607093 0.885024 0.459203 0.997216 0.276465 0.089972 0.013209 0.078203 0.579594 0.195460 0.009741 0.020012
0.465696 0.305180 0.483819 0.289646 0.450162 0.287057 0.522654 0.289646 0.434628 0.287057 0.564077 0.380260 0.426862 0.369904 0.610678 0.517476 0.406150 0.470874 0.486408 0.527831 0.380260 0.501942 0.553721 0.628801 0.455340 0.621034 0.527831 0.822974 0.439806 0.791906 0.605501 0.877343 0.478641 0.980901 0.347792 0.093366 0.028937 0.064801 0.577750 0.156741 0.011540 0.013334
0.462248 0.311239 0.480473 0.293014 0.446626 0.293014 0.519527 0.290410 0.433608 0.293014 0.568995 0.378933 0.425797 0.371122 0.634085 0.501302 0.394554 0.464851 0.529941 0.542959 0.378933 0.493491 0.550770 0.628878 0.454437 0.621067 0.514320 0.821545 0.449230 0.805923 0.592428 0.889238 0.493491 0.972554 0.332215 0.091607 0.036348 0.045279 0.534488 0.056531 0.006630 0.050553
0.459202 0.318027 0.477334 0.302485 0.446250 0.302485 0.518780 0.294714 0.433298 0.297304 0.573178 0.377605 0.422937 0.372425 0.643117 0.486401 0.391852 0.476039 0.567997 0.545979 0.389262 0.488991 0.549864 0.626280 0.454021 0.623690 0.505828 0.805015 0.456611 0.802425 0.565407 0.918991 0.508419 0.955256 0.230211 0.099419 0.047138 0.034567 0.468429 0.029941 0.004948 0.081506
