0.494097 0.274898 0.511550 0.258471 0.478696 0.258471 0.540298 0.271818 0.457136 0.270791 0.579312 0.378594 0.420175 0.371407 0.586499 0.503850 0.379107 0.467916 0.524897 0.453542 0.403748 0.519250 0.551591 0.626026 0.448922 0.623973 0.533111 0.830338 0.454056 0.822125 0.513604 1.000000 0.442762 1.000000 0.003862 0.026090 0.006799 0.027830 0.736229 0.270513 0.000657 0.036958
0.494168 0.271045 0.512424 0.253804 0.478955 0.254818 0.541836 0.268003 0.457657 0.268003 0.579361 0.378550 0.420132 0.371451 0.581389 0.500254 0.394777 0.473884 0.516481 0.444473 0.396805 0.514452 0.551978 0.626014 0.448530 0.623986 0.540821 0.831896 0.460700 0.828853 0.520537 1.000000 0.456643 1.000000 0.017418 0.025008 0.017848 0.016757 0.731277 0.093139 0.000643 0.036119
0.494048 0.272819 0.511905 0.256946 0.479167 0.256946 0.538690 0.273811 0.457342 0.272819 0.578372 0.376985 0.420636 0.373017 0.586309 0.499008 0.397818 0.482143 0.514881 0.445437 0.392858 0.514881 0.551587 0.625991 0.449405 0.624007 0.539682 0.830355 0.457342 0.830355 0.524801 0.992060 0.459326 1.000000 0.010689 0.009102 0.015588 0.024091 0.725507 0.017746 0.001263 0.030758
0.494970 0.267356 0.514084 0.252266 0.479879 0.251260 0.542253 0.268362 0.459759 0.267356 0.580482 0.382043 0.420524 0.367959 0.588530 0.510815 0.392355 0.463531 0.521127 0.450453 0.385313 0.510815 0.551307 0.626508 0.447687 0.623490 0.542253 0.833750 0.461771 0.834756 0.537223 0.964533 0.470825 1.000000 0.001657 0.007621 0.023911 0.012520 0.752342 0.044173 0.001282 0.035087
0.497723 0.264680 0.515941 0.248486 0.481529 0.247474 0.543268 0.264680 0.459262 0.263668 0.581729 0.383099 0.416753 0.366905 0.600960 0.522773 0.382340 0.475203 0.522014 0.455972 0.374243 0.515688 0.553390 0.627022 0.448128 0.622973 0.553390 0.837544 0.468371 0.843617 0.550353 0.939769 0.487601 1.000000 0.009452 0.001824 0.036817 0.009688 0.767087 0.035100 0.001931 0.029121
0.498988 0.266202 0.517206 0.251020 0.482794 0.251020 0.544533 0.266202 0.462552 0.266202 0.585017 0.381583 0.417007 0.368425 0.611332 0.525303 0.368425 0.484818 0.534412 0.483806 0.377534 0.505061 0.552630 0.626514 0.445346 0.623478 0.555666 0.842094 0.464576 0.839058 0.562751 0.907881 0.491903 1.000000 0.029665 0.011264 0.046331 0.006904 0.715120 0.260461 0.002578 0.023836
0.496717 0.259853 0.513889 0.243692 0.480556 0.243692 0.542171 0.255813 0.458334 0.257833 0.584594 0.382073 0.416921 0.367932 0.613887 0.538636 0.374497 0.480051 0.549242 0.500253 0.354296 0.503283 0.553282 0.626513 0.445203 0.623483 0.551262 0.841660 0.465405 0.834590 0.569443 0.891154 0.493687 1.000000 0.115048 0.013475 0.037566 0.004718 0.729428 0.112686 0.001929 0.033356
0.496150 0.255904 0.514630 0.238450 0.478696 0.238450 0.544404 0.252824 0.457136 0.253851 0.589579 0.379107 0.409908 0.370893 0.630647 0.523871 0.350360 0.506417 0.577259 0.513604 0.414015 0.488963 0.557751 0.626540 0.442762 0.623460 0.543378 0.850359 0.462269 0.852412 0.572125 0.888346 0.502310 1.000000 0.226619 0.038054 0.020307 0.014120 0.648464 0.716965 0.000657 0.047469
0.495976 0.262835 0.514084 0.245733 0.478874 0.246739 0.543258 0.258811 0.458754 0.262835 0.586516 0.377519 0.411472 0.372489 0.632792 0.502263 0.369220 0.512324 0.606636 0.526408 0.429580 0.479125 0.555330 0.624996 0.446682 0.624996 0.530180 0.843299 0.464790 0.849335 0.570420 0.914725 0.507042 1.000000 0.199822 0.043261 0.003392 0.018464 0.375799 0.753463 0.002561 0.062148
0.491621 0.265892 0.510918 0.248626 0.474355 0.248626 0.538341 0.261829 0.453026 0.261829 0.583030 0.376598 0.408337 0.373551 0.636859 0.500508 0.381930 0.512696 0.624672 0.515743 0.449979 0.456835 0.558654 0.624418 0.449979 0.625433 0.524122 0.841768 0.466229 0.854971 0.562717 0.962630 0.508887 1.000000 0.148541 0.042756 0.018945 0.029654 0.345229 0.778490 0.010994 0.072651
0.495337 0.273488 0.513007 0.255818 0.478649 0.255818 0.541474 0.266616 0.457053 0.270543 0.576813 0.376559 0.413862 0.373615 0.624913 0.487484 0.412880 0.497301 0.625895 0.513988 0.490429 0.434476 0.556199 0.623931 0.453127 0.625895 0.520860 0.833020 0.465888 0.847744 0.545401 0.998916 0.512025 1.000000 0.100043 0.057369 0.026831 0.030858 0.118455 0.719259 0.011876 0.071585
0.500244 0.273999 0.517817 0.256426 0.480719 0.256426 0.544175 0.268141 0.455337 0.271070 0.579320 0.374552 0.414334 0.375528 0.620323 0.480963 0.436788 0.514156 0.624228 0.515132 0.508054 0.418483 0.554914 0.623495 0.451432 0.626424 0.516840 0.835341 0.464123 0.849009 0.526603 1.000000 0.513912 1.000000 0.070997 0.063698 0.025496 0.028597 0.080849 0.745096 0.008081 0.074733
0.500244 0.273999 0.517817 0.256426 0.480719 0.256426 0.544175 0.268141 0.455337 0.271070 0.579320 0.374552 0.414334 0.375528 0.620323 0.480963 0.436788 0.514156 0.624228 0.515132 0.509030 0.418483 0.554914 0.623495 0.451432 0.626424 0.516840 0.835341 0.464123 0.849009 0.525626 1.000000 0.512935 1.000000 0.069501 0.062560 0.025496 0.028597 0.080849 0.743017 0.008081 0.074733
0.501679 0.272793 0.518954 0.254559 0.482486 0.256478 0.545825 0.267995 0.459453 0.269914 0.582294 0.376440 0.418186 0.373561 0.619721 0.483925 0.425864 0.499280 0.634117 0.503119 0.494962 0.462812 0.552543 0.624040 0.446977 0.625959 0.519914 0.845729 0.461372 0.857245 0.517035 1.000000 0.512236 1.000000 0.042365 0.068573 0.008453 0.016367 0.098173 0.635164 0.000616 0.066303
0.504235 0.272937 0.522118 0.255996 0.485412 0.255996 0.548471 0.271996 0.462823 0.271996 0.588001 0.378351 0.419528 0.371763 0.634120 0.489412 0.418587 0.507294 0.631296 0.500706 0.495765 0.450823 0.550354 0.624943 0.442117 0.624943 0.524000 0.850829 0.458117 0.862124 0.504235 1.000000 0.514588 1.000000 0.007081 0.085396 0.011256 0.006884 0.203262 0.703284 0.009589 0.058410
0.503483 0.270589 0.522059 0.254800 0.486765 0.253871 0.548065 0.270589 0.467260 0.271518 0.587074 0.378329 0.421750 0.371827 0.645588 0.491641 0.398530 0.511145 0.638157 0.495356 0.483978 0.459133 0.548994 0.624458 0.442183 0.625387 0.521130 0.857584 0.448684 0.865943 0.490480 1.000000 0.500697 0.973682 0.007496 0.134562 0.010995 0.016995 0.504147 0.726617 0.011237 0.046466
0.501381 0.267765 0.518873 0.252114 0.484809 0.251193 0.544652 0.267765 0.462714 0.267765 0.586081 0.377323 0.418522 0.372720 0.654210 0.486881 0.385379 0.518183 0.651448 0.503452 0.466396 0.474912 0.551096 0.624058 0.444300 0.625899 0.515191 0.844095 0.442459 0.856063 0.495857 1.000000 0.482047 0.961018 0.022505 0.117358 0.006654 0.034845 0.229654 0.727455 0.005862 0.048941
0.500922 0.264313 0.518449 0.248632 0.484318 0.247709 0.544278 0.263391 0.462179 0.263391 0.586711 0.378697 0.416057 0.371318 0.674344 0.497694 0.369934 0.511531 0.653127 0.511531 0.438196 0.503229 0.553502 0.624070 0.443730 0.625915 0.523061 0.842691 0.443730 0.849148 0.498155 1.000000 0.466792 0.938626 0.005343 0.080291 0.001221 0.034464 0.518099 0.639682 0.003523 0.044038
0.494982 0.263700 0.512317 0.247278 0.478560 0.247278 0.538775 0.260963 0.455751 0.263700 0.583480 0.377745 0.413783 0.372270 0.671979 0.508211 0.358129 0.507299 0.605377 0.484490 0.419257 0.516422 0.555197 0.624992 0.447540 0.624992 0.521440 0.838483 0.441153 0.838483 0.504106 1.000000 0.453926 0.912384 0.020356 0.063998 0.013663 0.051787 0.798633 0.577281 0.003485 0.040398
0.495430 0.260283 0.511883 0.243830 0.478062 0.244744 0.538391 0.257541 0.455210 0.262112 0.585923 0.379113 0.414077 0.370887 0.651737 0.512569 0.352834 0.493373 0.582267 0.462294 0.397623 0.529022 0.554845 0.625914 0.445155 0.624086 0.526508 0.840722 0.444241 0.833410 0.508227 1.000000 0.438757 0.940356 0.010942 0.014919 0.001873 0.040266 0.845238 0.433601 0.000003 0.040359
0.495946 0.264195 0.512162 0.247980 0.478829 0.248880 0.540990 0.259691 0.458109 0.265096 0.581529 0.377706 0.420272 0.372301 0.624772 0.507432 0.359013 0.484009 0.565314 0.457884 0.392345 0.529954 0.551800 0.626348 0.446398 0.623645 0.531080 0.837153 0.450001 0.826343 0.515765 1.000000 0.440092 0.974087 0.004979 0.026976 0.006692 0.027309 0.823558 0.359446 0.002293 0.036845
0.494949 0.265659 0.510762 0.249846 0.478257 0.250724 0.537995 0.263902 0.458930 0.267416 0.581042 0.378107 0.424668 0.371958 0.603005 0.498463 0.375472 0.474743 0.547659 0.437846 0.394799 0.534481 0.548537 0.626724 0.445752 0.623210 0.533603 0.837566 0.455416 0.821753 0.519547 1.000000 0.447509 1.000000 0.001582 0.029180 0.018873 0.011168 0.821912 0.241696 0.007271 0.037990
0.494202 0.270216 0.510523 0.254754 0.478740 0.255613 0.536293 0.271075 0.458124 0.273652 0.579243 0.376733 0.424622 0.373297 0.580961 0.496993 0.391980 0.470364 0.523408 0.425696 0.397993 0.522764 0.548319 0.625844 0.447816 0.624126 0.537152 0.833723 0.458983 0.826851 0.525126 1.000000 0.458124 1.000000 0.003907 0.018900 0.022231 0.011833 0.788372 0.139629 0.004922 0.034599
0.493422 0.267207 0.512096 0.251928 0.477294 0.251928 0.540108 0.269753 0.456922 0.269753 0.580852 0.375858 0.422119 0.374160 0.568968 0.498939 0.404294 0.482811 0.518887 0.424241 0.405991 0.526951 0.550294 0.625416 0.446736 0.624567 0.540108 0.832532 0.458619 0.835078 0.525677 1.000000 0.464561 1.000000 0.011485 0.008390 0.023142 0.013241 0.781361 0.063998 0.003781 0.033592
0.494898 0.263182 0.513605 0.247876 0.478742 0.248726 0.539115 0.269134 0.456633 0.269984 0.579931 0.377977 0.419218 0.372025 0.572278 0.501275 0.403062 0.483418 0.511905 0.428997 0.401361 0.525085 0.552721 0.625424 0.448130 0.624574 0.547619 0.840559 0.462585 0.845661 0.535714 0.980865 0.478742 1.000000 0.019396 0.004365 0.027315 0.015499 0.758758 0.032862 0.001085 0.028330
0.496661 0.266074 0.514190 0.251049 0.480802 0.251049 0.539231 0.269412 0.456595 0.267743 0.578462 0.378759 0.419868 0.371247 0.585975 0.511477 0.398166 0.469742 0.510851 0.449709 0.396496 0.522328 0.552586 0.625832 0.449083 0.624162 0.550082 0.837847 0.468281 0.842855 0.546744 0.942185 0.490818 1.000000 0.006423 0.006925 0.029456 0.008734 0.737042 0.058931 0.002126 0.031631
0.498325 0.261940 0.515075 0.247702 0.483250 0.247702 0.540200 0.266965 0.461475 0.266128 0.578725 0.377515 0.419600 0.372490 0.598825 0.516541 0.385262 0.477178 0.524288 0.465453 0.391125 0.519891 0.552763 0.625416 0.448912 0.624578 0.556950 0.828929 0.476550 0.837304 0.563650 0.922729 0.497487 1.000000 0.016149 0.010376 0.039764 0.004277 0.736962 0.144304 0.002135 0.034576
0.499577 0.253173 0.516497 0.237944 0.482657 0.238790 0.541032 0.256557 0.459814 0.259941 0.584179 0.378384 0.415821 0.371616 0.612098 0.525592 0.359983 0.495981 0.538494 0.484137 0.384518 0.502750 0.554569 0.625423 0.445431 0.624577 0.561337 0.832699 0.476734 0.836929 0.575719 0.897843 0.504653 1.000000 0.058777 0.003091 0.048363 0.009495 0.722933 0.548650 0.000003 0.036197
0.497044 0.247045 0.514780 0.233532 0.480997 0.233532 0.540963 0.256336 0.459037 0.258025 0.586570 0.376268 0.412585 0.373734 0.623732 0.527449 0.342484 0.504645 0.547719 0.496199 0.390626 0.502111 0.556165 0.625422 0.444679 0.624577 0.556165 0.844170 0.470862 0.839103 0.580658 0.897380 0.505490 1.000000 0.137319 0.018467 0.038654 0.001846 0.700879 0.673228 0.001072 0.038658
0.497701 0.252149 0.515256 0.237102 0.480983 0.237102 0.541169 0.256328 0.458413 0.255493 0.583801 0.376701 0.410765 0.373358 0.626433 0.525496 0.343055 0.513793 0.573770 0.507941 0.420796 0.492895 0.557888 0.624135 0.447546 0.625806 0.545349 0.844818 0.474295 0.848162 0.582965 0.897481 0.511076 1.000000 0.215498 0.028872 0.015149 0.007944 0.691238 0.726595 0.006919 0.056176
0.496258 0.250762 0.513719 0.235795 0.480460 0.235795 0.538664 0.257414 0.458010 0.258245 0.582733 0.377148 0.408952 0.372990 0.625139 0.516838 0.351580 0.514343 0.589385 0.511849 0.444706 0.467780 0.559451 0.623268 0.448864 0.626594 0.537833 0.841117 0.472977 0.851095 0.569429 0.933412 0.512888 1.000000 0.136475 0.038134 0.001471 0.015629 0.637946 0.770313 0.010589 0.065543
0.502698 0.252568 0.520135 0.236793 0.484432 0.237623 0.545044 0.254229 0.461183 0.256720 0.579917 0.377945 0.413856 0.372133 0.625584 0.504982 0.363207 0.511624 0.607317 0.509133 0.443747 0.476751 0.556668 0.623716 0.449559 0.626207 0.527608 0.832123 0.476959 0.850390 0.555838 0.986560 0.518474 1.000000 0.101652 0.032736 0.014081 0.005727 0.538712 0.740932 0.007929 0.082814
0.505242 0.257278 0.523788 0.242763 0.489114 0.241957 0.547174 0.262923 0.466535 0.263729 0.580235 0.378236 0.416539 0.371785 0.618942 0.492743 0.389122 0.508064 0.601201 0.509677 0.479437 0.448391 0.553625 0.624183 0.449601 0.625796 0.522176 0.828198 0.476212 0.841907 0.529433 1.000000 0.518950 1.000000 0.060185 0.037592 0.014378 0.002199 0.361161 0.749047 0.004108 0.087683
0.506653 0.258879 0.525201 0.243557 0.489718 0.242750 0.549394 0.266137 0.463912 0.265330 0.579231 0.378230 0.418753 0.371778 0.605843 0.493549 0.401011 0.508064 0.613101 0.503226 0.475202 0.451614 0.552619 0.624189 0.449397 0.625802 0.521169 0.844344 0.474396 0.851601 0.514717 1.000000 0.520362 1.000000 0.035597 0.048133 0.010861 0.003115 0.132640 0.748241 0.002566 0.080266
0.512775 0.257862 0.530071 0.244497 0.495480 0.242925 0.550511 0.268868 0.469536 0.267296 0.578027 0.379717 0.422366 0.370283 0.580385 0.500786 0.407429 0.506289 0.602398 0.489780 0.482115 0.446541 0.550511 0.624214 0.449096 0.625786 0.520637 0.844339 0.470322 0.856132 0.500983 1.000000 0.519851 1.000000 0.013547 0.073674 0.007264 0.003930 0.641384 0.749596 0.000503 0.072187
0.513015 0.262088 0.529859 0.249072 0.496172 0.247541 0.550530 0.272806 0.471673 0.270509 0.581154 0.377694 0.422674 0.372335 0.614075 0.486410 0.401237 0.508613 0.617138 0.497129 0.473969 0.453489 0.549764 0.623454 0.446407 0.626517 0.515312 0.833230 0.457892 0.851605 0.490047 1.000000 0.496172 0.958790 0.014206 0.092962 0.011376 0.013410 0.005010 0.756099 0.004873 0.068041
0.513218 0.255667 0.529545 0.242449 0.496112 0.241672 0.547428 0.266552 0.469677 0.266552 0.583971 0.376181 0.419916 0.373849 0.636064 0.499806 0.385706 0.511468 0.610407 0.494363 0.461124 0.463263 0.552093 0.622652 0.444019 0.627317 0.512440 0.837245 0.444019 0.863681 0.480562 1.000000 0.475120 0.922772 0.012204 0.154214 0.017220 0.030178 0.693477 0.758588 0.004950 0.058162
0.513564 0.256037 0.529841 0.242860 0.496512 0.242085 0.548444 0.266888 0.470159 0.266888 0.583323 0.376178 0.420552 0.373852 0.636030 0.499419 0.386448 0.511820 0.610452 0.493993 0.463958 0.460664 0.551544 0.622660 0.444580 0.627310 0.512789 0.836587 0.444580 0.863716 0.481010 1.000000 0.474809 0.920298 0.010928 0.156184 0.016232 0.030086 0.695173 0.762830 0.004935 0.057046
0.513309 0.257739 0.528740 0.243080 0.495564 0.242309 0.548028 0.261597 0.470103 0.262369 0.582747 0.375012 0.420725 0.375012 0.635211 0.489199 0.373662 0.518517 0.619780 0.500000 0.446957 0.484569 0.551114 0.623445 0.445414 0.626531 0.514852 0.833301 0.435384 0.844103 0.482448 1.000000 0.449272 0.912769 0.004982 0.078184 0.014151 0.045809 0.442694 0.738938 0.004421 0.039801
0.509905 0.250203 0.526545 0.234356 0.491680 0.234356 0.549524 0.253373 0.464739 0.255750 0.584388 0.374606 0.417197 0.375399 0.636685 0.494255 0.358561 0.517234 0.609744 0.499802 0.417989 0.515649 0.553485 0.624997 0.444930 0.624997 0.513867 0.835770 0.431459 0.828638 0.490888 1.000000 0.434629 0.920554 0.022957 0.031997 0.020055 0.056248 0.566532 0.633267 0.002019 0.038118
0.504211 0.254021 0.521822 0.238707 0.487366 0.238707 0.547856 0.258615 0.463630 0.260912 0.583078 0.375766 0.417688 0.374235 0.628254 0.505934 0.357198 0.507465 0.562404 0.476072 0.408500 0.518951 0.553216 0.625382 0.446019 0.624617 0.512634 0.836714 0.433002 0.833651 0.495023 1.000000 0.416157 0.924003 0.028800 0.038876 0.022490 0.055660 0.741853 0.565555 0.000973 0.040594
0.505039 0.250592 0.520542 0.233539 0.485660 0.235864 0.543021 0.251367 0.459304 0.257569 0.586430 0.376943 0.415895 0.373067 0.619762 0.518798 0.354657 0.493217 0.550773 0.480815 0.387989 0.518022 0.553874 0.626545 0.443801 0.623444 0.518991 0.844365 0.431398 0.835063 0.498062 1.000000 0.409694 0.955988 0.014133 0.037897 0.009259 0.053966 0.733659 0.446393 0.002960 0.031912
0.504129 0.267271 0.519144 0.250755 0.486111 0.251506 0.537912 0.266521 0.460586 0.268022 0.579953 0.373876 0.421548 0.376128 0.603977 0.510510 0.368996 0.488739 0.534159 0.490240 0.393771 0.523273 0.550675 0.626124 0.447824 0.623872 0.525150 0.837832 0.438815 0.827321 0.505631 1.000000 0.418545 0.998489 0.004125 0.023434 0.001412 0.047720 0.645340 0.337068 0.001913 0.024108
0.504649 0.263437 0.521759 0.247815 0.486796 0.247815 0.543333 0.264181 0.460015 0.263437 0.582016 0.377255 0.422819 0.372792 0.594662 0.513390 0.382648 0.475451 0.539613 0.434536 0.390088 0.518598 0.550028 0.626464 0.445137 0.623489 0.533662 0.836247 0.439186 0.831039 0.510601 1.000000 0.426539 1.000000 0.014026 0.010966 0.015853 0.037386 0.835488 0.173072 0.006157 0.015658
0.508509 0.265733 0.524440 0.249078 0.490405 0.249802 0.547614 0.262837 0.465783 0.266458 0.583098 0.377979 0.425954 0.372185 0.585994 0.509052 0.396264 0.469947 0.533130 0.443877 0.398436 0.511949 0.547614 0.626366 0.443334 0.623470 0.541820 0.826235 0.444058 0.833477 0.522992 0.993517 0.443334 1.000000 0.026453 0.002206 0.035943 0.020883 0.790112 0.110304 0.011528 0.010321
0.508834 0.263505 0.524294 0.248045 0.489694 0.249517 0.546379 0.264977 0.466136 0.270130 0.583188 0.377611 0.422702 0.372458 0.569936 0.513803 0.397672 0.474786 0.514723 0.440186 0.394727 0.511595 0.550060 0.625701 0.444051 0.624229 0.541962 0.835511 0.446259 0.846553 0.528711 0.992315 0.452885 1.000000 0.014556 0.006611 0.029975 0.023765 0.764294 0.050950 0.007499 0.015441
0.512512 0.264442 0.527745 0.249209 0.493653 0.249209 0.548055 0.267343 0.467540 0.269519 0.582872 0.378322 0.424745 0.371794 0.584322 0.517590 0.399357 0.466815 0.516864 0.451583 0.393555 0.509611 0.548780 0.625667 0.443604 0.624217 0.546604 0.840372 0.453759 0.849801 0.540801 0.966583 0.471167 1.000000 0.011398 0.010840 0.040372 0.009418 0.749856 0.040204 0.009699 0.017545
0.510055 0.262979 0.525857 0.247178 0.492099 0.246459 0.546686 0.265134 0.466961 0.265852 0.581162 0.376462 0.423866 0.373589 0.606300 0.511492 0.392981 0.478453 0.543813 0.490663 0.385081 0.510774 0.550277 0.625693 0.444695 0.624256 0.550995 0.843321 0.460496 0.849786 0.552432 0.948903 0.484199 1.000000 0.003282 0.012041 0.040295 0.004122 0.661005 0.014859 0.006402 0.021215
0.508404 0.257710 0.524140 0.240544 0.489808 0.240544 0.545597 0.256279 0.463344 0.258425 0.582075 0.373580 0.421144 0.376441 0.614976 0.508047 0.379659 0.493742 0.559902 0.468708 0.379659 0.501609 0.552750 0.625347 0.444032 0.624632 0.555611 0.845644 0.461913 0.844929 0.561333 0.935765 0.493384 1.000000 0.016049 0.022643 0.041043 0.003491 0.773815 0.108203 0.004098 0.021646
0.509828 0.249729 0.525975 0.234986 0.491576 0.234284 0.545631 0.253941 0.465601 0.256047 0.586349 0.376093 0.419969 0.373987 0.628470 0.524220 0.366616 0.495437 0.540717 0.479290 0.373636 0.496139 0.551950 0.626715 0.441732 0.623205 0.552652 0.849256 0.462793 0.835918 0.568096 0.901908 0.499298 1.000000 0.089819 0.033111 0.044422 0.003690 0.738812 0.600031 0.008045 0.030410
