0.430574 0.293868 0.427711 0.279553 0.433437 0.279553 0.433437 0.285279 0.513599 0.293868 0.430574 0.371167 0.547954 0.379756 0.424848 0.494274 0.642431 0.485685 0.379041 0.540081 0.573721 0.583025 0.470655 0.625970 0.550817 0.623107 0.470655 0.872183 0.487832 0.820650 0.539365 1.000000 0.588036 0.897949 0.102416 0.389093 0.049664 0.101991 0.235206 0.427484 0.027373 0.098247
0.428342 0.290875 0.428342 0.276251 0.434191 0.276251 0.434191 0.285025 0.513162 0.290875 0.425417 0.372770 0.548260 0.378620 0.416642 0.507312 0.650629 0.475139 0.381545 0.542410 0.586282 0.583358 0.475139 0.624305 0.551184 0.624305 0.466365 0.858291 0.478064 0.826118 0.554109 1.000000 0.592132 0.934337 0.126131 0.369021 0.074052 0.114436 0.229270 0.430112 0.033578 0.098716
0.423162 0.288694 0.426117 0.273918 0.429072 0.273918 0.432028 0.282784 0.517732 0.288694 0.420206 0.374399 0.550240 0.377354 0.402474 0.519210 0.656632 0.463058 0.381787 0.528076 0.603436 0.572405 0.473402 0.625601 0.556151 0.622646 0.467491 0.850206 0.485223 0.814742 0.576838 1.000000 0.585704 0.997972 0.149362 0.272253 0.074800 0.120256 0.332335 0.428272 0.037717 0.104213
0.426609 0.293940 0.426609 0.282649 0.432254 0.282649 0.437900 0.288294 0.514114 0.291117 0.420963 0.375799 0.550809 0.375799 0.398381 0.514114 0.652428 0.454836 0.406850 0.497177 0.601619 0.564923 0.474595 0.627023 0.553632 0.621378 0.480241 0.844375 0.485886 0.804856 0.601619 1.000000 0.545164 1.000000 0.155627 0.199489 0.058683 0.116246 0.903931 0.427223 0.036017 0.120853
0.428516 0.297462 0.428516 0.283446 0.431319 0.283446 0.434123 0.289053 0.509812 0.291856 0.417303 0.375955 0.551861 0.375955 0.392073 0.513316 0.649976 0.448840 0.414500 0.479676 0.605123 0.555365 0.476172 0.625447 0.554664 0.622644 0.498598 0.844104 0.450942 0.796448 0.610730 1.000000 0.501402 1.000000 0.119972 0.248217 0.041224 0.174882 0.870654 0.423481 0.039362 0.203798
0.430484 0.294261 0.433293 0.280217 0.436102 0.280217 0.436102 0.288644 0.511937 0.288644 0.419249 0.375714 0.554068 0.375714 0.391162 0.510533 0.652373 0.443123 0.416440 0.488063 0.610242 0.552664 0.472615 0.625690 0.554068 0.622882 0.509128 0.841962 0.455763 0.811066 0.615860 1.000000 0.483850 1.000000 0.094345 0.195426 0.013710 0.153233 0.796677 0.425547 0.034038 0.206472
0.441311 0.294587 0.441311 0.280613 0.444105 0.280613 0.441311 0.288997 0.513974 0.288997 0.418953 0.372840 0.555895 0.378429 0.388211 0.504192 0.659300 0.437118 0.418953 0.498603 0.620174 0.543318 0.472053 0.624366 0.553100 0.624366 0.519563 0.839560 0.463668 0.822792 0.625763 1.000000 0.472053 1.000000 0.083606 0.146867 0.002941 0.131168 0.630430 0.448039 0.032079 0.203952
0.440908 0.296308 0.440908 0.282404 0.446470 0.282404 0.443689 0.293527 0.515989 0.290746 0.421443 0.374170 0.554920 0.376950 0.388073 0.504866 0.660590 0.429785 0.424224 0.499305 0.624440 0.538236 0.471497 0.624440 0.552140 0.624440 0.521551 0.835780 0.471497 0.827437 0.635563 1.000000 0.463155 1.000000 0.098683 0.108285 0.011191 0.116790 0.628160 0.454833 0.030140 0.194392
0.449425 0.292714 0.449425 0.281317 0.455124 0.281317 0.440877 0.292714 0.514959 0.289865 0.423781 0.375343 0.557698 0.375343 0.386741 0.506411 0.671670 0.423781 0.429480 0.503562 0.631780 0.537753 0.469370 0.626081 0.549150 0.623232 0.512110 0.842627 0.477918 0.839778 0.654574 1.000000 0.452274 1.000000 0.164437 0.066777 0.004777 0.090186 0.608860 0.479248 0.023603 0.163185
0.452588 0.291526 0.449799 0.277581 0.455377 0.277581 0.438643 0.288737 0.516734 0.283159 0.427487 0.377984 0.558568 0.372406 0.388442 0.500697 0.667337 0.425396 0.444221 0.506275 0.631081 0.536954 0.469322 0.626200 0.544623 0.623411 0.505578 0.840949 0.477688 0.835371 0.661759 0.960874 0.447010 1.000000 0.238322 0.054917 0.000118 0.079698 0.566331 0.455721 0.017764 0.150603
0.451296 0.284604 0.448552 0.273628 0.454040 0.273628 0.437576 0.281860 0.514405 0.276372 0.429345 0.377896 0.558308 0.372409 0.390930 0.495884 0.665320 0.430031 0.429345 0.517835 0.626905 0.539787 0.467759 0.624847 0.544588 0.624847 0.495198 0.841616 0.478735 0.830640 0.657088 0.921189 0.445808 1.000000 0.314502 0.051765 0.009042 0.081299 0.434941 0.449941 0.015728 0.138661
0.452804 0.279289 0.450028 0.268184 0.458356 0.268184 0.438923 0.276513 0.516657 0.270961 0.430594 0.376458 0.561077 0.373681 0.394503 0.490283 0.669350 0.434758 0.427818 0.531927 0.627707 0.548584 0.466685 0.626319 0.541644 0.623542 0.491671 0.851194 0.477790 0.840089 0.652693 0.895614 0.450028 1.000000 0.379098 0.053557 0.010440 0.066566 0.312512 0.448154 0.010607 0.126497
0.442480 0.272760 0.439639 0.258558 0.448161 0.261398 0.436799 0.267079 0.522014 0.267079 0.436799 0.375018 0.558940 0.375018 0.397032 0.485798 0.675401 0.446031 0.428277 0.548288 0.629953 0.559650 0.465204 0.624982 0.539057 0.624982 0.487928 0.869264 0.479406 0.857903 0.644155 0.877786 0.462363 1.000000 0.453130 0.056554 0.006492 0.054536 0.257288 0.446824 0.005426 0.109328
0.444692 0.283078 0.444692 0.268713 0.450438 0.268713 0.447565 0.271586 0.522267 0.274459 0.436073 0.372145 0.559618 0.377892 0.398722 0.478451 0.674543 0.458340 0.418834 0.553153 0.622827 0.576138 0.467677 0.624981 0.536632 0.624981 0.470550 0.872071 0.476297 0.869198 0.637192 0.863452 0.470550 1.000000 0.512749 0.069141 0.035882 0.047572 0.191264 0.437281 0.005488 0.080798
0.452312 0.278179 0.449422 0.263728 0.455202 0.263728 0.452312 0.266618 0.524566 0.266618 0.437861 0.370665 0.562139 0.379335 0.403179 0.477601 0.669075 0.477601 0.414740 0.552746 0.619942 0.584538 0.466763 0.625000 0.533237 0.625000 0.460983 0.882225 0.478324 0.876445 0.608382 0.870665 0.486994 1.000000 0.532066 0.080225 0.043169 0.031164 0.148418 0.400535 0.000005 0.061290
0.445090 0.281084 0.445090 0.266634 0.450870 0.266634 0.450870 0.269524 0.523120 0.269524 0.436420 0.367783 0.560690 0.382233 0.404631 0.471823 0.658949 0.489163 0.410411 0.564302 0.586699 0.598982 0.465320 0.624992 0.537570 0.624992 0.445090 0.882200 0.488440 0.882200 0.580919 0.873530 0.497110 1.000000 0.545274 0.071577 0.060600 0.029853 0.114262 0.421784 0.003681 0.035093
0.438970 0.292207 0.438970 0.277676 0.444782 0.277676 0.450595 0.280583 0.523250 0.280583 0.433158 0.361956 0.561030 0.388112 0.409908 0.454954 0.654028 0.501453 0.404096 0.553765 0.572655 0.591545 0.465126 0.623513 0.540687 0.626419 0.433158 0.882164 0.500000 0.885070 0.569749 0.879258 0.514531 1.000000 0.545915 0.068150 0.077856 0.022557 0.059277 0.452547 0.007401 0.010522
0.440866 0.292291 0.437909 0.280464 0.449736 0.280464 0.440866 0.286377 0.523654 0.286377 0.431996 0.360295 0.559134 0.389862 0.414255 0.446040 0.650793 0.517001 0.402428 0.555438 0.565048 0.587962 0.458606 0.623443 0.550264 0.626400 0.423125 0.883634 0.526610 0.857024 0.562091 0.995989 0.559134 1.000000 0.326718 0.084331 0.075219 0.020602 0.030662 0.478768 0.011296 0.010606
0.437878 0.298464 0.437878 0.284017 0.443657 0.286907 0.446546 0.289796 0.521671 0.295575 0.437878 0.356252 0.556343 0.393815 0.429210 0.414040 0.640136 0.523838 0.403205 0.532506 0.550565 0.578736 0.460993 0.622077 0.544786 0.627856 0.414763 0.867676 0.515892 0.867676 0.559233 0.945690 0.553454 1.000000 0.401618 0.092093 0.086834 0.022461 0.021389 0.507196 0.007358 0.021058
0.435758 0.300990 0.435758 0.287024 0.438551 0.289818 0.449724 0.292611 0.516759 0.298197 0.444138 0.356853 0.553069 0.393163 0.432965 0.398749 0.625690 0.524440 0.405034 0.516060 0.541897 0.563543 0.463689 0.622199 0.539104 0.627785 0.405034 0.834476 0.530724 0.856821 0.516759 0.962960 0.567035 1.000000 0.313641 0.062918 0.109225 0.007286 0.008549 0.521856 0.003556 0.074173
0.438191 0.296716 0.438191 0.282980 0.443685 0.285727 0.449179 0.291221 0.517856 0.293968 0.446432 0.357151 0.556315 0.392864 0.438191 0.395611 0.616751 0.521977 0.407973 0.502747 0.534339 0.557689 0.457420 0.620872 0.539833 0.629113 0.396984 0.821409 0.542580 0.846133 0.473903 0.961511 0.611257 1.000000 0.252994 0.097129 0.106429 0.026201 0.020314 0.509194 0.003497 0.097203
0.435818 0.296990 0.435818 0.283038 0.441399 0.283038 0.449771 0.288619 0.519534 0.288619 0.449771 0.352801 0.561391 0.397449 0.441399 0.386287 0.608830 0.528603 0.405123 0.497907 0.516743 0.550927 0.452561 0.620690 0.536277 0.629061 0.391170 0.832768 0.555810 0.852302 0.460933 1.000000 0.631154 1.000000 0.200337 0.080876 0.093006 0.062163 0.022044 0.534768 0.014217 0.117472
0.435862 0.304245 0.435862 0.288211 0.441207 0.290883 0.449224 0.293555 0.518707 0.296228 0.454569 0.352349 0.553448 0.397780 0.446552 0.384418 0.598880 0.526056 0.406465 0.488642 0.510690 0.542091 0.454569 0.622263 0.537414 0.627608 0.395776 0.825367 0.564138 0.836057 0.451896 1.000000 0.646983 1.000000 0.175504 0.082692 0.089691 0.062759 0.038896 0.551098 0.010210 0.130278
0.436540 0.302348 0.436540 0.289127 0.441828 0.289127 0.449761 0.294416 0.518509 0.297060 0.455049 0.352587 0.552883 0.397538 0.449761 0.381673 0.595190 0.527103 0.412742 0.479508 0.507932 0.532391 0.455049 0.622293 0.537018 0.627581 0.399522 0.828538 0.568748 0.831182 0.441828 1.000000 0.661294 1.000000 0.145791 0.096574 0.083714 0.071129 0.057893 0.581196 0.010102 0.132925
0.435528 0.300602 0.435528 0.287309 0.438187 0.289968 0.451480 0.289968 0.512628 0.295285 0.454139 0.353775 0.552508 0.396313 0.454139 0.388337 0.595046 0.529245 0.411600 0.481390 0.504653 0.534562 0.454139 0.622297 0.539215 0.627614 0.403625 0.834988 0.563143 0.834988 0.427552 1.000000 0.672147 1.000000 0.107414 0.140373 0.074224 0.054840 0.136484 0.579879 0.008464 0.110790
0.434891 0.306646 0.437522 0.290862 0.437522 0.293493 0.450675 0.293493 0.511180 0.298754 0.455936 0.353998 0.550640 0.396089 0.455936 0.393458 0.592731 0.530253 0.411215 0.485531 0.503288 0.538145 0.455936 0.622326 0.537487 0.627587 0.405954 0.838041 0.558532 0.830149 0.416476 1.000000 0.679543 0.982728 0.087622 0.180481 0.072476 0.051019 0.143925 0.568753 0.008375 0.105429
0.435555 0.304711 0.438159 0.289088 0.438159 0.291692 0.451178 0.291692 0.511066 0.296900 0.456386 0.356788 0.547520 0.393242 0.456386 0.398450 0.591786 0.526038 0.409516 0.484377 0.508462 0.536454 0.458989 0.622381 0.537105 0.627589 0.414724 0.843708 0.547520 0.822877 0.412120 1.000000 0.664693 0.924427 0.058951 0.255737 0.065954 0.031098 0.158947 0.562833 0.004973 0.079793
0.435901 0.304497 0.438465 0.289114 0.438465 0.291678 0.453849 0.291678 0.507692 0.296806 0.456413 0.358341 0.546151 0.391672 0.456413 0.401928 0.594867 0.522435 0.405133 0.489103 0.510256 0.540383 0.461540 0.622429 0.535896 0.627557 0.420517 0.840367 0.535896 0.822419 0.415389 1.000000 0.666658 0.896774 0.051366 0.335424 0.065404 0.013831 0.169253 0.546982 0.003264 0.059224
0.437184 0.303937 0.437184 0.288708 0.439722 0.291246 0.449874 0.291246 0.508249 0.296322 0.452412 0.359773 0.546319 0.390230 0.452412 0.410534 0.597080 0.517132 0.404189 0.491751 0.515863 0.542512 0.462564 0.623729 0.538705 0.626267 0.421955 0.836925 0.528553 0.821696 0.419417 1.000000 0.660531 0.859767 0.055934 0.427127 0.072149 0.006257 0.170554 0.524708 0.001614 0.043392
0.440272 0.302342 0.440272 0.290027 0.442735 0.290027 0.450124 0.292490 0.511699 0.294953 0.450124 0.361455 0.548645 0.388548 0.450124 0.432883 0.605294 0.511699 0.400863 0.504310 0.524014 0.541256 0.462439 0.624999 0.538793 0.624999 0.427957 0.824503 0.521551 0.807262 0.432883 1.000000 0.659481 0.831893 0.062744 0.473773 0.069342 0.016766 0.192179 0.526218 0.001566 0.024457
0.438132 0.301272 0.438132 0.286274 0.440632 0.286274 0.450631 0.288774 0.513124 0.296273 0.448131 0.363765 0.548120 0.386263 0.448131 0.441257 0.613112 0.511249 0.400636 0.518748 0.530622 0.553744 0.463129 0.623736 0.540620 0.626236 0.433133 0.833712 0.513124 0.818714 0.448131 1.000000 0.655608 0.828713 0.069296 0.522866 0.063511 0.035223 0.175024 0.501217 0.004774 0.000001
0.440967 0.297152 0.440967 0.284591 0.443479 0.284591 0.451015 0.287103 0.516328 0.294639 0.445991 0.364977 0.548985 0.385073 0.443479 0.455411 0.621835 0.505652 0.395750 0.533285 0.541449 0.560917 0.463575 0.623719 0.541449 0.626231 0.440967 0.837243 0.506280 0.824683 0.468599 1.000000 0.644443 0.834731 0.078746 0.532721 0.055178 0.045886 0.166184 0.481280 0.006397 0.022252
0.438492 0.292253 0.438492 0.279701 0.443513 0.279701 0.451045 0.284722 0.518829 0.289743 0.441002 0.370080 0.548955 0.380122 0.435981 0.465480 0.629293 0.498117 0.393302 0.538286 0.553976 0.560880 0.466108 0.623644 0.543934 0.626154 0.446023 0.834529 0.498745 0.816955 0.486192 1.000000 0.631803 0.826997 0.095438 0.550047 0.061637 0.067530 0.152035 0.469130 0.012789 0.043801
0.431715 0.289892 0.434341 0.274134 0.436968 0.276761 0.444847 0.279387 0.518384 0.287266 0.434341 0.368683 0.549901 0.381814 0.418583 0.484242 0.636570 0.494747 0.387067 0.542022 0.563032 0.570911 0.468484 0.623438 0.547274 0.626065 0.450099 0.854557 0.492121 0.823041 0.502626 1.000000 0.610307 0.851930 0.102321 0.510589 0.067674 0.083479 0.115807 0.452773 0.020077 0.061634
0.430144 0.289773 0.430144 0.273957 0.435416 0.276593 0.443324 0.279229 0.517134 0.287137 0.430144 0.371491 0.548767 0.379400 0.409055 0.498023 0.641030 0.487479 0.385331 0.545472 0.567220 0.577105 0.472321 0.624554 0.548767 0.624554 0.456505 0.853893 0.477593 0.806444 0.517134 1.000000 0.580400 0.880254 0.107965 0.420523 0.074486 0.118726 0.095015 0.444214 0.026883 0.096808
0.431553 0.292052 0.431553 0.279015 0.434161 0.279015 0.444591 0.284230 0.520208 0.292052 0.428946 0.370277 0.548890 0.380707 0.405478 0.495437 0.642760 0.479792 0.387226 0.537157 0.574965 0.573662 0.473273 0.625812 0.548890 0.623204 0.460236 0.844841 0.481096 0.800514 0.538461 1.000000 0.564535 0.920458 0.129326 0.309717 0.073598 0.116247 0.072276 0.440497 0.028257 0.097323
0.430697 0.286709 0.430697 0.270561 0.433389 0.273253 0.441463 0.278635 0.516821 0.284018 0.425315 0.372833 0.551809 0.378216 0.390327 0.520858 0.651389 0.475105 0.401092 0.528932 0.589488 0.577377 0.473759 0.625821 0.549117 0.623130 0.462994 0.849204 0.484525 0.827674 0.562574 1.000000 0.578722 1.000000 0.144656 0.236347 0.075552 0.093866 0.369048 0.427610 0.029168 0.082036
0.430470 0.288099 0.433119 0.274855 0.435767 0.274855 0.446362 0.282801 0.525826 0.290747 0.425172 0.370210 0.552313 0.380805 0.393387 0.515893 0.650318 0.468215 0.398685 0.502649 0.597342 0.566219 0.475499 0.624492 0.547016 0.624492 0.478148 0.846988 0.459606 0.804608 0.592045 1.000000 0.565557 1.000000 0.145289 0.283823 0.058406 0.136898 0.947259 0.425908 0.028705 0.147606
0.433119 0.289423 0.433119 0.276179 0.438416 0.276179 0.446362 0.281477 0.523177 0.289423 0.422524 0.371535 0.554962 0.379481 0.385441 0.511919 0.650318 0.464242 0.427821 0.501324 0.602640 0.567544 0.475499 0.625816 0.547016 0.623168 0.491392 0.850962 0.446362 0.805933 0.605289 1.000000 0.496689 1.000000 0.123685 0.240237 0.042948 0.149861 0.660183 0.406342 0.028705 0.182669
0.435618 0.289416 0.438300 0.273321 0.440983 0.273321 0.451713 0.278686 0.521461 0.284051 0.422205 0.372577 0.561700 0.377942 0.381966 0.506706 0.655591 0.458420 0.435618 0.506706 0.612669 0.568406 0.470491 0.624741 0.545604 0.624741 0.500000 0.852761 0.451713 0.820570 0.615352 1.000000 0.478539 1.000000 0.106618 0.181892 0.019258 0.121578 0.592774 0.392870 0.020508 0.183274
0.443499 0.288451 0.443499 0.275311 0.448755 0.275311 0.451383 0.280567 0.524965 0.285823 0.422476 0.372545 0.564385 0.377801 0.385685 0.503942 0.656363 0.448755 0.435615 0.503942 0.616943 0.556501 0.467151 0.624827 0.545989 0.624827 0.509198 0.840318 0.456639 0.821923 0.619571 1.000000 0.464523 1.000000 0.089335 0.146980 0.005549 0.111820 0.586901 0.402487 0.016738 0.196818
0.446205 0.287477 0.448862 0.274195 0.451518 0.271538 0.454175 0.279508 0.528558 0.284821 0.422296 0.372486 0.565749 0.377800 0.382448 0.505313 0.661384 0.446869 0.427610 0.510626 0.624193 0.555787 0.464801 0.624857 0.547153 0.624857 0.509962 0.845349 0.464801 0.834723 0.632162 1.000000 0.451518 1.000000 0.108943 0.100544 0.011194 0.095116 0.555497 0.405642 0.015227 0.183336
0.453893 0.281495 0.453893 0.268131 0.459239 0.268131 0.453893 0.278822 0.536752 0.284168 0.424492 0.372372 0.568826 0.377717 0.381727 0.500668 0.665048 0.441866 0.432511 0.514032 0.630301 0.551452 0.461912 0.626292 0.544770 0.623619 0.507350 0.842792 0.469931 0.842792 0.640992 1.000000 0.440529 1.000000 0.145254 0.064246 0.019276 0.073700 0.520508 0.410569 0.008509 0.170590
0.453552 0.283470 0.453552 0.269809 0.459016 0.269809 0.456284 0.275273 0.535519 0.283470 0.426230 0.370902 0.573771 0.379098 0.382514 0.502049 0.674863 0.444672 0.426230 0.521175 0.636612 0.559426 0.456284 0.625000 0.543716 0.625000 0.497268 0.854508 0.475410 0.851776 0.655738 0.988388 0.431694 1.000000 0.220463 0.036506 0.018772 0.054413 0.471142 0.419253 0.000005 0.149373
0.454548 0.281430 0.451874 0.268061 0.459895 0.268061 0.449201 0.276082 0.529410 0.276082 0.430485 0.372334 0.572188 0.377681 0.385033 0.495321 0.671113 0.449869 0.425138 0.524731 0.633682 0.562162 0.457222 0.626330 0.540105 0.623656 0.483958 0.856263 0.475937 0.848242 0.649724 0.944493 0.433159 1.000000 0.307461 0.031336 0.003462 0.047300 0.411271 0.401753 0.003405 0.125433
0.453306 0.272447 0.453306 0.259294 0.458567 0.259294 0.448044 0.264555 0.532226 0.267186 0.432260 0.369782 0.574316 0.380305 0.387539 0.485531 0.669020 0.461855 0.424368 0.532883 0.624299 0.569713 0.455936 0.624957 0.537487 0.624957 0.471720 0.856456 0.474351 0.845933 0.634822 0.906438 0.432260 1.000000 0.383676 0.031966 0.007780 0.041025 0.327776 0.398825 0.008375 0.110255
0.452903 0.265168 0.452903 0.252086 0.460752 0.252086 0.452903 0.262552 0.534015 0.265168 0.434587 0.367212 0.573262 0.382911 0.392723 0.482339 0.664840 0.477106 0.416272 0.537285 0.617743 0.584382 0.452903 0.623630 0.539248 0.626247 0.473835 0.856500 0.479068 0.851267 0.596811 0.895747 0.463369 1.000000 0.373129 0.058745 0.005836 0.038974 0.239898 0.377198 0.009996 0.111718
0.453714 0.270554 0.453714 0.257329 0.461649 0.257329 0.456359 0.262619 0.535706 0.267909 0.437845 0.365771 0.567445 0.384285 0.400816 0.476857 0.662662 0.487437 0.414040 0.556204 0.615054 0.598523 0.459004 0.622327 0.535706 0.627617 0.459004 0.863014 0.469584 0.860369 0.612409 0.868304 0.459004 1.000000 0.489028 0.073313 0.026193 0.046822 0.154985 0.366155 0.006736 0.088108
0.445147 0.251423 0.445147 0.237536 0.447924 0.237536 0.447924 0.251423 0.528468 0.254201 0.431260 0.365296 0.572907 0.384738 0.389599 0.476392 0.661783 0.506943 0.395153 0.562491 0.603458 0.615262 0.456256 0.623594 0.539578 0.626371 0.445147 0.881891 0.478475 0.865227 0.572907 0.981878 0.492362 1.000000 0.302310 0.104928 0.044391 0.036089 0.134708 0.357379 0.005304 0.066036
0.445749 0.265142 0.448496 0.251407 0.453990 0.251407 0.456737 0.262395 0.533649 0.267889 0.434762 0.361283 0.569359 0.388751 0.399052 0.471158 0.654512 0.517855 0.399052 0.575539 0.591334 0.616742 0.453990 0.622236 0.541890 0.627730 0.440255 0.869455 0.484205 0.844733 0.497940 1.000000 0.528156 0.993065 0.101379 0.174392 0.041078 0.046274 0.100023 0.366566 0.005246 0.065036
