0.546090 0.266197 0.552794 0.252789 0.529330 0.252789 0.549442 0.262845 0.492458 0.262845 0.542738 0.383518 0.468994 0.366758 0.539386 0.524302 0.388546 0.467318 0.616482 0.484078 0.468994 0.541062 0.509218 0.628214 0.479050 0.621510 0.448882 0.822631 0.549442 0.815927 0.267873 0.923191 0.566202 1.000000 0.242800 0.086866 0.052451 0.098018 0.660649 0.478608 0.014943 0.206362
0.559073 0.267083 0.562449 0.253581 0.545571 0.250205 0.538819 0.263708 0.505063 0.256956 0.538819 0.381854 0.471307 0.368351 0.525317 0.523629 0.400420 0.476371 0.602956 0.510127 0.491561 0.550634 0.511815 0.628273 0.478059 0.621522 0.467932 0.834185 0.542195 0.820683 0.275522 0.908448 0.552322 1.000000 0.315914 0.085338 0.032092 0.090682 0.585034 0.467229 0.012897 0.166005
0.559035 0.268918 0.562409 0.255425 0.545542 0.252051 0.542168 0.265545 0.501687 0.258798 0.535421 0.380242 0.478073 0.370122 0.508434 0.521927 0.410603 0.481446 0.592770 0.535421 0.501687 0.555662 0.511807 0.626505 0.474699 0.623131 0.498313 0.842406 0.532048 0.815418 0.292533 0.893007 0.521927 1.000000 0.403381 0.106092 0.010561 0.096505 0.509411 0.455804 0.017189 0.112130
0.564139 0.263970 0.564139 0.250287 0.550456 0.246866 0.540194 0.263970 0.509407 0.257128 0.529931 0.376854 0.482041 0.373433 0.523090 0.510262 0.434151 0.493159 0.588084 0.578677 0.536773 0.561573 0.512828 0.626567 0.475200 0.623146 0.519669 0.835231 0.529931 0.824969 0.314425 0.876280 0.502566 1.000000 0.447600 0.121571 0.032201 0.093013 0.258149 0.433952 0.015250 0.073861
0.567341 0.274983 0.567341 0.261843 0.554201 0.258558 0.537777 0.271698 0.518067 0.268413 0.521352 0.376815 0.491788 0.373530 0.501642 0.518067 0.458938 0.498358 0.567341 0.573911 0.557486 0.560771 0.508212 0.626470 0.478648 0.623185 0.564056 0.816995 0.514782 0.820280 0.353821 0.859699 0.475363 1.000000 0.526967 0.115827 0.107494 0.074454 0.319883 0.402201 0.016738 0.033040
0.566472 0.280561 0.566472 0.267747 0.553658 0.267747 0.531234 0.277358 0.515217 0.277358 0.515217 0.376666 0.492792 0.373462 0.505606 0.520823 0.476775 0.504805 0.579286 0.572078 0.579286 0.556061 0.512013 0.626538 0.479978 0.623334 0.572879 0.802729 0.499199 0.812340 0.377467 0.850781 0.447943 1.000000 0.529126 0.111426 0.109957 0.048569 0.327720 0.391044 0.010199 0.073617
0.569596 0.282413 0.569596 0.269614 0.559996 0.269614 0.531198 0.279213 0.518399 0.276013 0.518399 0.375208 0.496000 0.375208 0.508799 0.512799 0.486401 0.506400 0.585595 0.560796 0.598394 0.541597 0.511999 0.624793 0.473602 0.624793 0.591994 0.787983 0.486401 0.813581 0.400006 0.845579 0.425604 1.000000 0.552304 0.116202 0.153237 0.050037 0.344364 0.426321 0.018344 0.123530
0.571278 0.282925 0.568039 0.269965 0.558319 0.269965 0.529159 0.279685 0.522680 0.276445 0.509720 0.376883 0.506480 0.373643 0.454641 0.509720 0.500000 0.506480 0.529159 0.577758 0.619877 0.532399 0.509720 0.623117 0.474081 0.626357 0.606918 0.778634 0.464361 0.827233 0.428722 0.862872 0.389842 1.000000 0.537244 0.097683 0.177808 0.025197 0.389573 0.447735 0.020641 0.193198
0.574340 0.282761 0.574340 0.269545 0.564428 0.266241 0.528084 0.276153 0.524780 0.269545 0.504956 0.375273 0.511564 0.375273 0.435572 0.494218 0.518172 0.500826 0.518172 0.563602 0.630509 0.520650 0.511564 0.623075 0.471916 0.626379 0.620597 0.781668 0.448788 0.834532 0.452092 0.900613 0.356275 1.000000 0.496061 0.103759 0.183228 0.014624 0.445701 0.427662 0.021049 0.226937
0.569325 0.280608 0.569325 0.267559 0.559538 0.264296 0.530177 0.277346 0.523652 0.270821 0.500816 0.375216 0.513865 0.375216 0.425782 0.479610 0.530177 0.495922 0.487766 0.538332 0.631309 0.505709 0.510603 0.623153 0.474717 0.626415 0.621522 0.769958 0.432307 0.822156 0.481242 0.916763 0.334437 1.000000 0.448728 0.081817 0.193403 0.018706 0.456971 0.426536 0.018703 0.273879
0.562814 0.285648 0.559673 0.273086 0.550251 0.273086 0.521985 0.285648 0.518844 0.279367 0.496859 0.376728 0.515703 0.373588 0.418342 0.474089 0.531407 0.489793 0.484297 0.533762 0.631909 0.499215 0.512563 0.624842 0.474875 0.624842 0.616205 0.766173 0.418342 0.803861 0.503141 0.926347 0.324122 0.995443 0.397063 0.048125 0.181291 0.046087 0.481927 0.427490 0.016002 0.298774
0.560527 0.287772 0.560527 0.275514 0.551333 0.275514 0.517622 0.287772 0.517622 0.281643 0.490040 0.379712 0.520686 0.370518 0.413423 0.471652 0.536010 0.477781 0.480846 0.526816 0.627950 0.486975 0.514557 0.624885 0.474717 0.624885 0.609562 0.759730 0.410359 0.790377 0.532945 0.934416 0.312290 0.974256 0.326936 0.037900 0.163644 0.061147 0.502868 0.423107 0.013661 0.313427
0.562087 0.286144 0.559021 0.273879 0.549823 0.273879 0.519163 0.286144 0.516097 0.280011 0.485436 0.381191 0.522229 0.368927 0.408785 0.470106 0.540625 0.470106 0.482370 0.519163 0.623408 0.479304 0.516097 0.626474 0.476238 0.623408 0.605012 0.764446 0.402653 0.788975 0.559021 0.960673 0.304540 0.963739 0.255501 0.029709 0.142636 0.076213 0.539297 0.407528 0.009761 0.315345
0.559754 0.291250 0.559754 0.278833 0.550442 0.275729 0.516297 0.288146 0.516297 0.278833 0.479047 0.381268 0.528713 0.368852 0.404549 0.471287 0.544233 0.468183 0.479047 0.520953 0.621836 0.480599 0.513192 0.626492 0.479047 0.623388 0.597003 0.778592 0.410757 0.791009 0.584587 0.983463 0.286594 0.958630 0.179577 0.079792 0.116271 0.061808 0.532892 0.400161 0.009882 0.283456
0.556599 0.283822 0.556599 0.271245 0.547166 0.271245 0.512578 0.283822 0.512578 0.277533 0.477989 0.381299 0.525155 0.368721 0.402523 0.475631 0.544022 0.466198 0.481134 0.522797 0.616343 0.485064 0.512578 0.626562 0.484278 0.623418 0.588043 0.793216 0.411957 0.796360 0.600621 0.994458 0.270458 0.947292 0.115478 0.113659 0.090751 0.075422 0.542756 0.357917 0.004003 0.261424
0.554236 0.286988 0.554236 0.274411 0.544803 0.274411 0.507074 0.286988 0.513362 0.280699 0.478777 0.381310 0.525939 0.368734 0.403319 0.478777 0.538515 0.472489 0.481921 0.525939 0.613973 0.497642 0.507074 0.626550 0.488210 0.623406 0.579388 0.799475 0.415895 0.805763 0.610829 1.000000 0.258691 0.937815 0.076740 0.157438 0.089510 0.073355 0.537684 0.359188 0.006006 0.246248
0.560397 0.284415 0.560397 0.270994 0.550331 0.270994 0.510066 0.284415 0.513422 0.277705 0.476512 0.381722 0.526843 0.368300 0.402693 0.495806 0.540265 0.485740 0.483223 0.542781 0.614084 0.519294 0.503355 0.626666 0.493289 0.623311 0.577174 0.827991 0.422826 0.827991 0.614084 1.000000 0.244989 0.955496 0.058506 0.196464 0.077124 0.063893 0.514716 0.327979 0.004273 0.217405
0.559672 0.287921 0.559672 0.275019 0.549996 0.271793 0.517740 0.284695 0.511289 0.281470 0.479034 0.381462 0.524192 0.368559 0.414523 0.497581 0.530643 0.481453 0.491936 0.542738 0.608056 0.520160 0.504838 0.626602 0.491936 0.623377 0.572575 0.813684 0.443553 0.823360 0.604830 1.000000 0.259697 0.916901 0.061987 0.274632 0.077193 0.035479 0.493323 0.334247 0.004108 0.186135
0.561285 0.281470 0.561285 0.271793 0.548383 0.268568 0.522579 0.284695 0.509677 0.278244 0.480647 0.381462 0.522579 0.368559 0.425813 0.507257 0.519353 0.481453 0.519353 0.545964 0.609668 0.529836 0.503226 0.626602 0.493549 0.623377 0.567736 0.816909 0.467745 0.826586 0.590315 1.000000 0.274212 0.887871 0.069884 0.362177 0.074797 0.004098 0.505960 0.352544 0.004108 0.144237
0.557692 0.285256 0.557692 0.272436 0.548077 0.269231 0.516026 0.282051 0.506410 0.278846 0.483974 0.381410 0.516026 0.368590 0.439103 0.519231 0.496795 0.477564 0.535256 0.551282 0.570513 0.535256 0.506410 0.628205 0.493590 0.621795 0.560897 0.817308 0.480769 0.823718 0.564103 1.000000 0.282051 0.858974 0.084324 0.423924 0.060440 0.007948 0.497774 0.344227 0.000005 0.109481
0.555878 0.278133 0.555878 0.264986 0.546017 0.261699 0.513148 0.274846 0.506574 0.274846 0.500000 0.376741 0.509861 0.373454 0.493426 0.514791 0.490139 0.475348 0.565738 0.567382 0.565738 0.544373 0.506574 0.626546 0.483565 0.623259 0.555878 0.827048 0.496713 0.830335 0.529582 1.000000 0.302785 0.850056 0.116334 0.487923 0.068376 0.053566 0.314994 0.325315 0.012558 0.056567
0.558319 0.282925 0.555079 0.269965 0.548599 0.266725 0.516200 0.279685 0.509720 0.279685 0.509720 0.376883 0.506480 0.373643 0.500000 0.509720 0.474081 0.477320 0.564799 0.561559 0.558319 0.545359 0.503240 0.626357 0.480560 0.623117 0.545359 0.827233 0.519440 0.820753 0.500000 1.000000 0.328284 0.836953 0.136480 0.534918 0.074055 0.094782 0.308473 0.380147 0.020641 0.003961
0.557483 0.278163 0.557483 0.265209 0.544529 0.265209 0.521860 0.278163 0.505667 0.278163 0.512144 0.378556 0.505667 0.372079 0.499190 0.521050 0.453851 0.465996 0.573676 0.553435 0.541291 0.540481 0.499190 0.624682 0.482998 0.624682 0.541291 0.822231 0.547768 0.815754 0.466805 1.000000 0.356696 0.825469 0.181608 0.587861 0.083574 0.132522 0.398310 0.435892 0.022698 0.037195
0.559889 0.279610 0.559889 0.266834 0.550306 0.266834 0.527948 0.276416 0.508784 0.279610 0.518366 0.381820 0.502396 0.369044 0.511978 0.528746 0.438514 0.458477 0.595023 0.531941 0.518366 0.535135 0.499201 0.627762 0.480037 0.621374 0.543918 0.822600 0.563083 0.809824 0.438514 1.000000 0.377827 0.832182 0.234140 0.593891 0.096565 0.160254 0.501594 0.453927 0.026465 0.060311
0.567199 0.279782 0.567199 0.260351 0.557483 0.263589 0.505667 0.266828 0.515383 0.279782 0.518621 0.383414 0.499190 0.367221 0.518621 0.532385 0.431182 0.454661 0.615776 0.506477 0.508906 0.538862 0.495952 0.626302 0.486236 0.623063 0.495952 0.830327 0.599584 0.791465 0.414989 1.000000 0.382604 0.840043 0.127577 0.618468 0.029623 0.204679 0.582952 0.447691 0.022698 0.188575
0.572639 0.289977 0.569481 0.277344 0.560006 0.277344 0.528424 0.286819 0.518949 0.286819 0.515791 0.381566 0.500000 0.368933 0.525266 0.539478 0.417886 0.454206 0.610538 0.507896 0.496842 0.545794 0.484209 0.627909 0.500000 0.621592 0.477892 0.830036 0.607380 0.779504 0.398936 1.000000 0.443152 0.848985 0.123708 0.562687 0.030644 0.190087 0.593831 0.470459 0.020120 0.200031
0.566080 0.278392 0.562856 0.265498 0.553186 0.265498 0.537069 0.278392 0.514505 0.275168 0.520952 0.381540 0.488718 0.368647 0.537069 0.529816 0.395240 0.446008 0.617654 0.484689 0.475825 0.529816 0.491942 0.626518 0.498388 0.623295 0.462931 0.836039 0.620877 0.771571 0.363006 1.000000 0.453261 0.884390 0.122088 0.531200 0.006274 0.207694 0.628030 0.523700 0.012316 0.263571
0.562102 0.276274 0.558917 0.263535 0.549363 0.263535 0.517516 0.273089 0.511146 0.273089 0.517516 0.381369 0.482484 0.368631 0.530255 0.515127 0.390127 0.441879 0.613057 0.473726 0.463376 0.511943 0.501592 0.623408 0.498408 0.626592 0.498408 0.798567 0.571656 0.779459 0.393312 0.941879 0.386943 0.970541 0.195623 0.386840 0.015125 0.122611 0.617360 0.543639 0.000005 0.148021
0.553459 0.279088 0.553459 0.266509 0.540881 0.266509 0.531447 0.275943 0.503145 0.272799 0.525157 0.382862 0.474843 0.367138 0.540881 0.511792 0.380503 0.436321 0.613208 0.458333 0.462264 0.502358 0.528302 0.625000 0.471698 0.625000 0.622642 0.757075 0.430818 0.807390 0.500000 0.923742 0.323899 0.986635 0.399362 0.101013 0.193298 0.066304 0.663979 0.582326 0.000005 0.267617
0.557869 0.279325 0.557869 0.270066 0.542437 0.266980 0.539351 0.279325 0.502315 0.273152 0.530092 0.384261 0.468365 0.365743 0.551697 0.516975 0.378860 0.436730 0.607251 0.455248 0.459106 0.510802 0.533178 0.624998 0.468365 0.624998 0.613424 0.760798 0.425156 0.794747 0.527006 0.945979 0.320219 0.970670 0.308867 0.091859 0.165804 0.079339 0.715370 0.549292 0.001964 0.249224
0.557099 0.279321 0.554012 0.266975 0.544753 0.263889 0.532407 0.279321 0.501543 0.273148 0.532407 0.384259 0.467593 0.365741 0.554012 0.520062 0.381173 0.436728 0.606481 0.452160 0.458333 0.510802 0.532407 0.625000 0.467593 0.625000 0.609568 0.766975 0.427469 0.797840 0.550926 0.964506 0.307099 0.958333 0.250322 0.132225 0.158462 0.072607 0.740368 0.537603 0.000005 0.231069
0.558961 0.277520 0.558961 0.264942 0.546383 0.264942 0.530660 0.277520 0.505503 0.271231 0.530660 0.384436 0.470913 0.365569 0.555817 0.525943 0.379719 0.441039 0.609275 0.453617 0.458334 0.516509 0.496069 0.626570 0.502358 0.623425 0.430033 0.802667 0.606130 0.774366 0.288526 0.953607 0.580973 0.991342 0.125535 0.228455 0.069033 0.153086 0.741390 0.536436 0.002002 0.305914
0.557743 0.275357 0.557743 0.262701 0.545087 0.262701 0.529267 0.275357 0.503955 0.269029 0.532431 0.386096 0.472315 0.363949 0.554579 0.525312 0.380560 0.439884 0.614695 0.452540 0.465987 0.522148 0.500791 0.626559 0.494463 0.623396 0.440675 0.806907 0.595711 0.787923 0.285640 0.949286 0.595711 1.000000 0.161121 0.175597 0.060773 0.148490 0.730005 0.535946 0.006043 0.278014
0.556586 0.274442 0.556586 0.261868 0.544011 0.258724 0.522006 0.271299 0.503144 0.268155 0.534580 0.387614 0.471707 0.362465 0.544011 0.522792 0.380541 0.444200 0.610028 0.456775 0.462276 0.519648 0.503144 0.626532 0.490569 0.623389 0.443414 0.808865 0.578591 0.793146 0.279944 0.934611 0.597453 1.000000 0.190519 0.124655 0.059124 0.129294 0.727828 0.530071 0.008006 0.253031
0.556161 0.275357 0.556161 0.262701 0.543505 0.259537 0.527685 0.272193 0.502373 0.269029 0.537177 0.386096 0.467569 0.363949 0.540341 0.522148 0.382142 0.449376 0.609949 0.465196 0.461241 0.522148 0.508701 0.626559 0.486553 0.623396 0.461241 0.816399 0.568817 0.800579 0.284058 0.920810 0.597293 1.000000 0.252520 0.097074 0.040459 0.115110 0.710873 0.513255 0.006043 0.216339
0.552215 0.273734 0.552215 0.261076 0.539557 0.257911 0.517405 0.270570 0.501582 0.264241 0.533228 0.384494 0.466772 0.365506 0.536392 0.520570 0.384494 0.454114 0.609177 0.473101 0.463608 0.520570 0.514241 0.628165 0.485759 0.621835 0.476266 0.818038 0.555380 0.808544 0.292722 0.897152 0.587025 1.000000 0.307624 0.067796 0.038079 0.090073 0.676551 0.515826 0.000005 0.176442
0.556090 0.274038 0.556090 0.261218 0.543269 0.258013 0.517628 0.270833 0.504808 0.267628 0.530449 0.383013 0.469551 0.366987 0.527244 0.524038 0.395833 0.463141 0.604167 0.501603 0.479167 0.533654 0.517628 0.626603 0.482372 0.623397 0.501603 0.834936 0.546474 0.815705 0.299679 0.889423 0.572115 1.000000 0.391668 0.067193 0.007700 0.086514 0.597568 0.484666 0.000005 0.126854
0.556890 0.270838 0.553685 0.258018 0.544070 0.258018 0.521634 0.270838 0.505609 0.267633 0.524839 0.379810 0.473558 0.370195 0.508814 0.517628 0.403047 0.472757 0.588941 0.524038 0.499199 0.546473 0.518429 0.626600 0.483173 0.623395 0.521634 0.828519 0.544070 0.815699 0.322920 0.870185 0.534454 1.000000 0.439263 0.110873 0.013318 0.085536 0.511437 0.483513 0.002040 0.092566
0.558870 0.275005 0.558870 0.262102 0.549193 0.258876 0.526612 0.271779 0.507258 0.268553 0.516935 0.378228 0.484678 0.371777 0.504032 0.516935 0.423389 0.481452 0.578224 0.549193 0.526612 0.555644 0.513709 0.626610 0.484678 0.623385 0.549193 0.823380 0.536290 0.820155 0.345971 0.865315 0.507258 1.000000 0.492016 0.121787 0.060923 0.081652 0.398978 0.463838 0.002052 0.024862
0.561295 0.279499 0.561295 0.266762 0.548558 0.266762 0.529453 0.276315 0.510348 0.273131 0.513533 0.378207 0.491244 0.371839 0.497612 0.515125 0.440298 0.486467 0.561295 0.572439 0.532637 0.556518 0.510348 0.626569 0.484875 0.623385 0.577215 0.808065 0.519901 0.820801 0.373431 0.862195 0.478507 1.000000 0.529718 0.116896 0.116441 0.063950 0.303585 0.426543 0.006081 0.056468
0.554217 0.281627 0.554217 0.269578 0.542169 0.269578 0.524096 0.281627 0.509036 0.278614 0.512048 0.378012 0.487952 0.371988 0.500000 0.507530 0.460843 0.486446 0.557229 0.561747 0.539157 0.543675 0.515060 0.625000 0.484940 0.625000 0.581325 0.784639 0.496988 0.805723 0.397590 0.835843 0.442771 0.995482 0.538725 0.109775 0.121358 0.024978 0.288126 0.373146 0.000005 0.104050
0.555211 0.281458 0.552143 0.269189 0.542942 0.269189 0.518404 0.281458 0.509202 0.278391 0.512269 0.376543 0.490798 0.373476 0.503067 0.511502 0.472395 0.496166 0.564412 0.569780 0.561345 0.554444 0.515336 0.624991 0.481596 0.624991 0.595085 0.784488 0.484664 0.818228 0.411050 0.848900 0.420251 1.000000 0.540417 0.105974 0.143654 0.016692 0.279829 0.362773 0.003905 0.142531
0.557164 0.285065 0.554115 0.272870 0.544969 0.269821 0.514481 0.282016 0.511433 0.278968 0.502287 0.376527 0.499238 0.373478 0.453507 0.510671 0.487043 0.498476 0.535823 0.565548 0.581553 0.535060 0.514481 0.623473 0.483994 0.626522 0.605943 0.769812 0.471799 0.815543 0.432166 0.873469 0.383386 1.000000 0.506609 0.118756 0.162101 0.001356 0.423850 0.413394 0.001942 0.198315
0.560045 0.279295 0.560045 0.266313 0.550308 0.263067 0.521097 0.276050 0.514605 0.272804 0.495132 0.376665 0.511360 0.373419 0.423727 0.503246 0.498377 0.503246 0.501623 0.555176 0.605484 0.538948 0.511360 0.623335 0.482149 0.626581 0.624958 0.788864 0.456184 0.840794 0.475658 0.928427 0.345831 1.000000 0.452174 0.123461 0.170538 0.001832 0.476319 0.429309 0.008266 0.229845
0.556890 0.280453 0.556890 0.267633 0.547275 0.267633 0.512019 0.277248 0.512019 0.274043 0.492789 0.376605 0.508814 0.373400 0.415867 0.495192 0.505609 0.501603 0.492789 0.546473 0.608171 0.527243 0.515224 0.623395 0.483173 0.626600 0.624196 0.786853 0.441508 0.828519 0.502404 0.950311 0.329330 1.000000 0.390999 0.098812 0.158309 0.032649 0.495996 0.429977 0.002040 0.251941
0.554140 0.282643 0.554140 0.269904 0.544586 0.266720 0.512739 0.279459 0.509554 0.276274 0.487261 0.378185 0.512739 0.371815 0.410828 0.492834 0.512739 0.492834 0.496815 0.546975 0.601911 0.521497 0.515924 0.623408 0.484076 0.626592 0.624204 0.782643 0.420382 0.824045 0.531847 0.970541 0.312102 1.000000 0.335506 0.060339 0.153050 0.063666 0.508302 0.401006 0.000005 0.289413
0.551423 0.286397 0.551423 0.273739 0.541930 0.270574 0.503956 0.286397 0.507120 0.280068 0.481804 0.381332 0.516614 0.368674 0.402692 0.495253 0.513449 0.485760 0.494462 0.549050 0.595726 0.517405 0.513449 0.624997 0.488133 0.624997 0.617877 0.789551 0.418514 0.814867 0.560916 0.995243 0.301428 1.000000 0.265992 0.059396 0.138890 0.076645 0.524437 0.391726 0.002013 0.291867
0.550780 0.289067 0.550780 0.276567 0.541405 0.273442 0.503906 0.285942 0.507031 0.279692 0.478907 0.382815 0.519531 0.367190 0.400783 0.495313 0.516406 0.479688 0.494531 0.542187 0.594529 0.510937 0.513281 0.626560 0.488281 0.623435 0.610154 0.789057 0.410158 0.814056 0.588280 1.000000 0.285160 0.989053 0.202845 0.073623 0.126523 0.085181 0.545627 0.387721 0.001990 0.294928
0.552664 0.285416 0.552664 0.272839 0.543231 0.272839 0.502358 0.285416 0.508646 0.279127 0.470917 0.386027 0.524367 0.364018 0.395459 0.492926 0.524367 0.480349 0.492926 0.536943 0.602969 0.508646 0.511790 0.628122 0.492926 0.621834 0.602969 0.797903 0.417468 0.813623 0.612401 1.000000 0.269695 0.973972 0.143044 0.117699 0.103636 0.080688 0.560628 0.390006 0.006006 0.276190
0.549195 0.284480 0.549195 0.271986 0.539824 0.271986 0.499219 0.284480 0.505466 0.278233 0.467984 0.384431 0.524207 0.365691 0.396144 0.493753 0.530454 0.478136 0.492972 0.534358 0.602294 0.509370 0.508590 0.628062 0.499219 0.621816 0.596047 0.806101 0.424256 0.809224 0.627282 1.000000 0.255588 0.956027 0.098181 0.150907 0.092774 0.090162 0.558665 0.351787 0.009944 0.266461
