0.498457 0.271622 0.516974 0.253105 0.479940 0.253105 0.544750 0.265450 0.458337 0.265450 0.581784 0.373466 0.421302 0.376553 0.624990 0.475311 0.384268 0.500000 0.594129 0.515431 0.384268 0.500000 0.550922 0.626534 0.445992 0.623447 0.547836 0.839480 0.455250 0.824049 0.516974 0.830222 0.483026 1.000000 0.588161 0.030486 0.034015 0.017044 0.336430 0.500000 0.003929 0.019293
0.500000 0.274138 0.515523 0.255510 0.481372 0.255510 0.543465 0.267929 0.462744 0.271033 0.583825 0.373486 0.422384 0.376591 0.621081 0.482148 0.375815 0.488358 0.580720 0.519404 0.416175 0.525613 0.546569 0.624961 0.447221 0.624961 0.527942 0.805030 0.459640 0.817449 0.527942 0.882646 0.484477 1.000000 0.032812 0.019698 0.014005 0.011218 0.367863 0.388392 0.007907 0.053320
0.502314 0.276273 0.520830 0.260843 0.483799 0.260843 0.548603 0.273187 0.462198 0.273187 0.582548 0.375021 0.422081 0.375021 0.613406 0.486113 0.381965 0.495371 0.582548 0.516972 0.452940 0.516972 0.548603 0.624979 0.446768 0.624979 0.533173 0.807046 0.462198 0.819390 0.539345 0.871850 0.483799 1.000000 0.057135 0.010577 0.016054 0.006126 0.336245 0.508375 0.005893 0.052121
0.503067 0.273790 0.518404 0.258454 0.484664 0.258454 0.546009 0.270723 0.460126 0.273790 0.579749 0.375009 0.423319 0.375009 0.604287 0.482363 0.380377 0.494632 0.570547 0.534507 0.441722 0.516103 0.549076 0.623457 0.447857 0.626524 0.530673 0.807492 0.463193 0.819761 0.542942 0.896443 0.484664 1.000000 0.075355 0.011759 0.007375 0.005747 0.254335 0.502538 0.003905 0.056935
0.500772 0.274696 0.519290 0.259264 0.482253 0.259264 0.547067 0.271609 0.460649 0.274696 0.577931 0.373459 0.423613 0.376546 0.602621 0.475309 0.380404 0.496914 0.596449 0.506173 0.432872 0.472223 0.550153 0.623454 0.448303 0.626541 0.525463 0.808636 0.463735 0.824068 0.540894 0.913572 0.482253 1.000000 0.088670 0.006908 0.006969 0.006519 0.138538 0.749711 0.001964 0.067010
0.505334 0.280525 0.520576 0.262235 0.483997 0.265283 0.544962 0.271380 0.459610 0.280525 0.578493 0.375021 0.426079 0.375021 0.596783 0.484759 0.380355 0.493903 0.593734 0.493903 0.432176 0.469517 0.548010 0.624979 0.447417 0.624979 0.526672 0.801779 0.465707 0.817020 0.532769 0.929806 0.483997 1.000000 0.053378 0.000488 0.000405 0.003119 0.154985 0.756881 0.005822 0.068456
0.506096 0.280553 0.521335 0.262266 0.484761 0.265314 0.548766 0.274457 0.463426 0.280553 0.579245 0.375037 0.426851 0.375037 0.591436 0.478665 0.378085 0.493904 0.594484 0.509144 0.435995 0.469521 0.545718 0.624963 0.448186 0.624963 0.530479 0.804787 0.460378 0.823075 0.524383 0.944990 0.475617 1.000000 0.013080 0.006902 0.015536 0.007545 0.005551 0.750777 0.007762 0.046475
0.507440 0.279778 0.522320 0.261922 0.486608 0.267874 0.546128 0.273826 0.462800 0.285729 0.572912 0.375009 0.430064 0.375009 0.584815 0.485120 0.379473 0.488096 0.581839 0.550592 0.438992 0.467264 0.546128 0.624991 0.450896 0.624991 0.528272 0.800574 0.462800 0.812478 0.516368 0.958301 0.474704 0.979133 0.008281 0.002515 0.001715 0.006282 0.048737 0.741068 0.003789 0.052443
0.504491 0.279207 0.519460 0.261245 0.483534 0.267232 0.543410 0.270226 0.462578 0.282201 0.573348 0.375009 0.429646 0.375009 0.582329 0.485779 0.372764 0.485779 0.585323 0.542662 0.441621 0.464823 0.546404 0.623494 0.450602 0.626488 0.528441 0.806116 0.459584 0.812103 0.513472 0.982750 0.465571 0.967781 0.004299 0.003153 0.003174 0.011074 0.009015 0.745048 0.003812 0.046599
0.501497 0.280704 0.516466 0.262742 0.480540 0.268729 0.540416 0.271723 0.459584 0.283698 0.573348 0.376506 0.429646 0.373512 0.582329 0.490270 0.372764 0.484283 0.588317 0.541165 0.450602 0.463326 0.546404 0.624991 0.450602 0.624991 0.528441 0.810606 0.456590 0.816594 0.507484 0.996222 0.474553 0.993228 0.005078 0.022315 0.003673 0.016520 0.012199 0.734720 0.003812 0.040652
0.503698 0.281839 0.518488 0.264090 0.482991 0.270007 0.545111 0.272965 0.462284 0.284797 0.574692 0.376499 0.429745 0.373541 0.580609 0.491865 0.373541 0.482991 0.601315 0.530321 0.456368 0.462284 0.545111 0.624980 0.450452 0.624980 0.530321 0.811342 0.456368 0.811342 0.509614 0.988828 0.471158 0.968122 0.011759 0.019839 0.012507 0.016053 0.140917 0.728985 0.005650 0.035311
0.503654 0.282928 0.518272 0.262463 0.483190 0.271234 0.541660 0.271234 0.462725 0.285852 0.573819 0.376481 0.430566 0.373557 0.582590 0.496346 0.377943 0.481728 0.614748 0.537275 0.462725 0.461263 0.544584 0.624981 0.451031 0.624981 0.529966 0.806239 0.456878 0.806239 0.506578 0.981651 0.477343 0.946569 0.016578 0.035831 0.011662 0.015588 0.188735 0.719515 0.005583 0.035879
0.502975 0.279824 0.517852 0.261972 0.482148 0.267923 0.541655 0.270898 0.461320 0.285775 0.574384 0.375035 0.431567 0.375035 0.586285 0.491074 0.375035 0.482148 0.598186 0.523803 0.458345 0.470247 0.544630 0.624965 0.449419 0.624965 0.526778 0.815387 0.455370 0.812411 0.505951 0.993908 0.464296 0.883820 0.007214 0.029482 0.007962 0.012596 0.078484 0.699746 0.007577 0.039856
0.505913 0.278985 0.517740 0.258288 0.485216 0.267159 0.544351 0.270115 0.464519 0.281942 0.576875 0.376557 0.431996 0.373600 0.588701 0.494826 0.375818 0.480042 0.594615 0.503696 0.458606 0.474129 0.544351 0.624921 0.446779 0.624921 0.526610 0.811194 0.458606 0.814151 0.502957 0.997468 0.470433 0.870329 0.009981 0.046180 0.011224 0.001166 0.155441 0.677276 0.011296 0.050093
0.506731 0.280881 0.521688 0.262933 0.485791 0.265924 0.542627 0.268915 0.464851 0.280881 0.581515 0.373614 0.428955 0.376605 0.596472 0.481304 0.375110 0.484295 0.596472 0.499252 0.455877 0.478312 0.545619 0.621899 0.443912 0.627882 0.530662 0.819330 0.458868 0.837279 0.503739 1.000000 0.479808 0.864201 0.019727 0.187719 0.021636 0.003774 0.043928 0.671119 0.013334 0.046766
0.506017 0.278871 0.521060 0.260820 0.487966 0.266837 0.545128 0.272854 0.466906 0.281880 0.581231 0.375145 0.430803 0.375145 0.602291 0.474427 0.376649 0.483453 0.599282 0.495487 0.448855 0.489470 0.545128 0.621847 0.442837 0.627864 0.530086 0.817403 0.457880 0.835454 0.503009 1.000000 0.481949 0.847488 0.020730 0.329391 0.021816 0.007880 0.111701 0.621119 0.015328 0.047463
0.506808 0.273821 0.521937 0.258692 0.488653 0.261718 0.546144 0.270795 0.467473 0.276847 0.585479 0.376698 0.428137 0.373673 0.606660 0.476550 0.376698 0.479576 0.603634 0.506808 0.443266 0.488653 0.543118 0.621789 0.443266 0.627840 0.527989 0.806363 0.452344 0.830569 0.500756 0.996989 0.491679 0.824518 0.019134 0.534347 0.028446 0.004683 0.098260 0.600785 0.017345 0.040276
0.505977 0.276598 0.520921 0.258666 0.488045 0.261654 0.544830 0.270620 0.470113 0.276598 0.583682 0.375224 0.431261 0.375224 0.613569 0.470861 0.383442 0.476838 0.610580 0.503736 0.440227 0.494770 0.541841 0.623282 0.443215 0.626271 0.529887 0.805590 0.452181 0.823522 0.502989 0.984910 0.485057 0.820534 0.026550 0.514399 0.032347 0.000680 0.125269 0.542642 0.019038 0.035302
0.507422 0.275869 0.519296 0.258057 0.489610 0.261026 0.546014 0.269931 0.468829 0.275869 0.584606 0.376802 0.433206 0.373833 0.620229 0.474767 0.388676 0.468829 0.608355 0.504453 0.433206 0.501484 0.540076 0.623198 0.442112 0.626167 0.528202 0.807253 0.453986 0.816159 0.504453 0.976465 0.480704 0.828033 0.023878 0.347007 0.036404 0.008638 0.232136 0.438117 0.022698 0.040376
0.503754 0.276287 0.518768 0.261273 0.485736 0.264276 0.542791 0.270282 0.464716 0.279290 0.584831 0.378384 0.434688 0.372379 0.623868 0.483484 0.389645 0.468470 0.611856 0.498499 0.425679 0.501501 0.539788 0.624618 0.440694 0.624618 0.527776 0.816801 0.449702 0.813798 0.503754 0.981958 0.458711 0.855838 0.026109 0.052047 0.037722 0.007569 0.327979 0.403358 0.024877 0.035015
0.501531 0.280321 0.516840 0.261951 0.483160 0.265012 0.541333 0.271136 0.461728 0.280321 0.584198 0.375235 0.431111 0.375235 0.624000 0.485457 0.388247 0.473210 0.602568 0.497704 0.418864 0.506889 0.541333 0.626296 0.443358 0.623235 0.529086 0.819185 0.446420 0.800815 0.504593 0.987580 0.449481 0.880420 0.025794 0.006750 0.033644 0.010219 0.445057 0.366128 0.019504 0.025671
0.497662 0.277089 0.516368 0.258383 0.482074 0.261500 0.544426 0.267736 0.463368 0.277089 0.584956 0.376853 0.432191 0.373736 0.631720 0.482853 0.394780 0.473500 0.597426 0.504676 0.416603 0.510912 0.541309 0.626264 0.441544 0.623147 0.531956 0.816441 0.447780 0.794617 0.510132 0.994146 0.457132 0.897499 0.023254 0.017288 0.039504 0.000335 0.451860 0.282292 0.021850 0.027212
0.498469 0.278790 0.513778 0.260420 0.480099 0.263481 0.547457 0.272667 0.461728 0.278790 0.581136 0.376765 0.434173 0.373704 0.630123 0.480864 0.400494 0.468617 0.596444 0.499235 0.424988 0.514543 0.541333 0.627827 0.443358 0.621704 0.529086 0.814593 0.452543 0.787037 0.516840 0.989111 0.464790 0.912568 0.001458 0.013291 0.029205 0.005882 0.481059 0.264495 0.019504 0.038509
0.495379 0.279740 0.513862 0.261257 0.476896 0.264337 0.544668 0.273579 0.461493 0.279740 0.581635 0.378318 0.433768 0.372157 0.634004 0.483057 0.406043 0.467654 0.584715 0.489218 0.421446 0.504621 0.541588 0.627843 0.443010 0.621682 0.532346 0.812676 0.455332 0.788032 0.523104 0.988268 0.470735 0.938979 0.000841 0.008833 0.034753 0.011752 0.608000 0.215606 0.019624 0.039438
0.495292 0.279524 0.514123 0.263831 0.476462 0.266970 0.545508 0.273247 0.457631 0.282662 0.580031 0.376816 0.435662 0.373677 0.636523 0.486662 0.410554 0.474108 0.586307 0.486662 0.416831 0.502354 0.542369 0.627892 0.441939 0.621615 0.536092 0.813061 0.454492 0.797368 0.526677 0.988814 0.470185 0.973122 0.006250 0.005646 0.036607 0.014641 0.651201 0.147584 0.019993 0.033484
0.492936 0.281011 0.511774 0.265313 0.474098 0.265313 0.543170 0.274732 0.458400 0.277871 0.580845 0.375200 0.433283 0.375200 0.637359 0.481947 0.408166 0.491366 0.580845 0.488226 0.420724 0.507064 0.543170 0.626370 0.442702 0.623230 0.536891 0.821027 0.458400 0.808468 0.527472 0.993707 0.470958 0.990567 0.007080 0.004994 0.037129 0.014829 0.619762 0.282557 0.017998 0.037176
0.491473 0.282172 0.510077 0.263568 0.472868 0.266669 0.544186 0.272870 0.457365 0.279072 0.578294 0.375195 0.435659 0.375195 0.637208 0.480620 0.407753 0.493023 0.575193 0.477520 0.426357 0.505426 0.541085 0.626356 0.444962 0.623255 0.537984 0.815501 0.460465 0.803098 0.528682 0.970539 0.469768 0.992244 0.013858 0.011731 0.041599 0.015442 0.678110 0.386858 0.017775 0.032591
0.490046 0.283306 0.508423 0.267991 0.471669 0.267991 0.539051 0.280243 0.456355 0.283306 0.578868 0.375190 0.434915 0.375190 0.633998 0.482389 0.410413 0.491577 0.572742 0.482389 0.413475 0.497703 0.542114 0.626341 0.444104 0.623278 0.539051 0.825425 0.459418 0.803985 0.514548 0.972440 0.468606 0.996942 0.047672 0.011765 0.041357 0.015128 0.651201 0.213632 0.017558 0.031808
0.490974 0.286393 0.509026 0.268341 0.475932 0.271350 0.539111 0.280375 0.457880 0.283384 0.578222 0.376649 0.433812 0.373641 0.632376 0.478940 0.409743 0.478940 0.572205 0.481949 0.412752 0.496991 0.542120 0.626359 0.445846 0.623351 0.539111 0.821916 0.457880 0.806873 0.500000 0.963318 0.469914 0.987386 0.080999 0.000348 0.040807 0.005514 0.639083 0.124096 0.015328 0.025740
0.491774 0.283872 0.512713 0.268915 0.476817 0.268915 0.542627 0.280881 0.458868 0.280881 0.575532 0.376605 0.434937 0.373614 0.632369 0.475321 0.405024 0.487287 0.569550 0.484295 0.413998 0.490278 0.542627 0.627882 0.446903 0.621899 0.542627 0.819330 0.458868 0.804374 0.509722 0.933003 0.467843 0.980865 0.089691 0.004672 0.041448 0.005514 0.621119 0.479492 0.013334 0.020843
0.491024 0.283822 0.511968 0.268862 0.476063 0.268862 0.541889 0.283822 0.458111 0.280830 0.577794 0.376577 0.431182 0.373585 0.631652 0.475315 0.401261 0.478307 0.571810 0.487284 0.410238 0.493268 0.544881 0.627912 0.446143 0.621927 0.541889 0.822397 0.458111 0.801452 0.505984 0.927120 0.467087 0.983969 0.100240 0.005548 0.036551 0.002039 0.596114 0.260606 0.011431 0.026086
0.490744 0.280931 0.509256 0.265504 0.475316 0.265504 0.540111 0.277846 0.456803 0.277846 0.580222 0.376581 0.425949 0.373495 0.629590 0.478402 0.392008 0.478402 0.577137 0.496915 0.401265 0.493829 0.549368 0.626505 0.444461 0.623419 0.546282 0.827061 0.456803 0.808548 0.530855 0.879514 0.469145 1.000000 0.086156 0.001008 0.034203 0.002347 0.535702 0.271620 0.007858 0.026086
0.489267 0.283041 0.507666 0.267708 0.473934 0.267708 0.535265 0.276908 0.458601 0.279974 0.581264 0.375038 0.424869 0.375038 0.627262 0.476234 0.388071 0.476234 0.581264 0.497700 0.391137 0.494634 0.550598 0.626496 0.443269 0.623429 0.544465 0.825822 0.455535 0.807423 0.526066 0.896353 0.470868 1.000000 0.071436 0.003248 0.028836 0.002347 0.496817 0.163586 0.007810 0.030980
0.494600 0.279359 0.510029 0.263929 0.476084 0.263929 0.537802 0.276273 0.460655 0.279359 0.581005 0.375021 0.423624 0.375021 0.630379 0.470684 0.383508 0.479942 0.593348 0.498457 0.402023 0.492285 0.550146 0.628064 0.445225 0.621893 0.553232 0.828647 0.460655 0.800874 0.528544 0.828647 0.482256 0.995285 0.504897 0.007850 0.043524 0.000411 0.446832 0.429080 0.005893 0.022476
0.494601 0.276341 0.513111 0.260916 0.479177 0.257831 0.540876 0.273256 0.460667 0.270171 0.584065 0.375059 0.423647 0.375059 0.627254 0.476863 0.377373 0.476863 0.599490 0.501542 0.395883 0.492288 0.550130 0.628025 0.442157 0.621856 0.550130 0.828547 0.463752 0.797698 0.519281 0.828547 0.485346 0.985880 0.500000 0.002527 0.042447 0.015067 0.396418 0.414658 0.009822 0.038896
0.497642 0.272839 0.513362 0.257119 0.478777 0.257119 0.541659 0.272839 0.459913 0.272839 0.582532 0.373450 0.422184 0.376594 0.623406 0.477205 0.371878 0.486638 0.588821 0.518079 0.412751 0.496070 0.551092 0.628122 0.444192 0.621834 0.551092 0.832488 0.463057 0.810479 0.525939 0.863929 0.488210 0.995981 0.214777 0.011173 0.039100 0.003234 0.342988 0.564292 0.006006 0.031726
0.499219 0.273442 0.514843 0.257817 0.480469 0.257817 0.539843 0.273442 0.458595 0.273442 0.580467 0.373440 0.421095 0.376565 0.621091 0.479688 0.374221 0.492188 0.589842 0.520312 0.405471 0.476563 0.552343 0.626560 0.446095 0.623435 0.549218 0.817181 0.467969 0.817181 0.536718 0.885930 0.489844 0.992178 0.052032 0.003795 0.030006 0.003661 0.324962 0.770183 0.001990 0.041004
0.496118 0.277178 0.514751 0.261651 0.480590 0.261651 0.539595 0.274073 0.458852 0.274073 0.576862 0.373450 0.421585 0.376555 0.611023 0.479038 0.368791 0.488354 0.586178 0.522515 0.412269 0.485249 0.552018 0.624998 0.449535 0.624998 0.542701 0.805118 0.468168 0.814435 0.539595 0.885862 0.489907 0.988345 0.004212 0.008374 0.014887 0.004453 0.264849 0.663130 0.001979 0.047658
0.500000 0.280881 0.518517 0.265450 0.481483 0.265450 0.543207 0.277795 0.459880 0.277795 0.577155 0.373466 0.425932 0.376553 0.601844 0.478397 0.373466 0.487655 0.586413 0.540120 0.425932 0.478397 0.549379 0.623447 0.447535 0.626534 0.533948 0.802446 0.466052 0.811705 0.537034 0.885773 0.487655 0.987617 0.039157 0.007171 0.007850 0.004286 0.151538 0.696032 0.003929 0.059098
0.502329 0.280284 0.517857 0.264756 0.483696 0.264756 0.542701 0.274073 0.458852 0.277178 0.576862 0.373450 0.424691 0.376555 0.595495 0.491460 0.378108 0.485249 0.586178 0.538043 0.437113 0.472827 0.548912 0.624998 0.449535 0.624998 0.533384 0.802013 0.465063 0.817540 0.533384 0.907601 0.483696 0.991450 0.027851 0.008360 0.007373 0.006110 0.112681 0.694929 0.001979 0.053465
0.502404 0.274043 0.518429 0.258018 0.483173 0.258018 0.544070 0.270838 0.457533 0.277248 0.576120 0.376605 0.425482 0.373400 0.598556 0.498397 0.374201 0.488782 0.588941 0.546473 0.444713 0.469552 0.550480 0.623395 0.447918 0.626600 0.531249 0.802878 0.467148 0.818904 0.528044 0.943901 0.479968 1.000000 0.026742 0.010537 0.001022 0.003593 0.120819 0.717876 0.002040 0.065701
0.505645 0.275005 0.518548 0.255650 0.486291 0.258876 0.544354 0.268553 0.460485 0.275005 0.573386 0.375003 0.425002 0.375003 0.595966 0.487903 0.373390 0.491129 0.595966 0.539515 0.441130 0.468549 0.550805 0.623385 0.450807 0.626610 0.534677 0.800800 0.466936 0.823380 0.524999 0.965313 0.476613 1.000000 0.010155 0.009583 0.000001 0.006500 0.062833 0.735541 0.002052 0.054891
0.501572 0.279088 0.517296 0.263365 0.482704 0.266509 0.542453 0.272799 0.460692 0.279088 0.573899 0.373428 0.426101 0.376572 0.586478 0.486635 0.372642 0.486635 0.570755 0.580975 0.451258 0.467767 0.548742 0.625000 0.451258 0.625000 0.529874 0.797956 0.460692 0.813679 0.517296 0.967767 0.473270 0.986635 0.011052 0.007207 0.002861 0.016222 0.087792 0.718901 0.000005 0.050490
0.503165 0.276899 0.518987 0.261076 0.484177 0.264241 0.541139 0.270570 0.458861 0.276899 0.572785 0.375000 0.427215 0.375000 0.582278 0.488924 0.370253 0.485759 0.575949 0.590190 0.452532 0.466772 0.547468 0.625000 0.452532 0.625000 0.531646 0.808544 0.462025 0.814873 0.515823 0.988924 0.471519 0.979430 0.000487 0.002445 0.004752 0.016222 0.046333 0.723393 0.000005 0.043275
0.503106 0.280280 0.518634 0.261646 0.484472 0.264752 0.540373 0.274068 0.459627 0.280280 0.571429 0.373447 0.428571 0.376553 0.583851 0.482143 0.372671 0.485248 0.580745 0.569099 0.459627 0.463509 0.546584 0.625000 0.453416 0.625000 0.527950 0.805124 0.459627 0.808230 0.512422 0.991460 0.465839 0.960404 0.006347 0.002199 0.001480 0.020939 0.047584 0.729180 0.000005 0.043598
0.505469 0.278129 0.521093 0.259380 0.483594 0.262505 0.542968 0.271879 0.458595 0.278129 0.571092 0.375002 0.427345 0.375002 0.580467 0.484375 0.371096 0.484375 0.577342 0.578123 0.461720 0.465626 0.549218 0.624998 0.452345 0.624998 0.530468 0.809369 0.458595 0.812494 0.514843 0.987490 0.461720 0.959366 0.004409 0.003835 0.004478 0.021119 0.037824 0.716142 0.001990 0.042866
0.505469 0.278129 0.517968 0.259380 0.483594 0.265630 0.539843 0.271879 0.458595 0.278129 0.574217 0.375002 0.427345 0.375002 0.586717 0.484375 0.371096 0.481250 0.583592 0.578123 0.464844 0.471876 0.549218 0.624998 0.449220 0.624998 0.530468 0.815619 0.458595 0.812494 0.508594 0.999990 0.458595 0.915617 0.006381 0.015902 0.000511 0.011880 0.046828 0.686710 0.001990 0.047111
0.504628 0.279388 0.520056 0.260875 0.486115 0.267046 0.541654 0.273217 0.461432 0.282474 0.575594 0.375038 0.430577 0.375038 0.591022 0.467602 0.371953 0.479944 0.597193 0.495372 0.461432 0.476859 0.544739 0.624962 0.449090 0.624962 0.529312 0.813176 0.455261 0.807005 0.507714 0.995219 0.458346 0.896484 0.011557 0.000208 0.013067 0.012750 0.017036 0.673180 0.007858 0.036819
0.505432 0.278833 0.520953 0.263313 0.486808 0.266417 0.545785 0.275729 0.465079 0.281937 0.579930 0.375060 0.427830 0.375060 0.595451 0.483703 0.378164 0.483703 0.586139 0.514744 0.468183 0.480599 0.545785 0.623388 0.446454 0.626492 0.530265 0.815842 0.458871 0.818946 0.508536 1.000000 0.468183 0.881027 0.010753 0.026886 0.017880 0.003026 0.137941 0.647456 0.009882 0.046122
0.513885 0.285559 0.526227 0.270132 0.492286 0.273217 0.544739 0.276303 0.464517 0.285559 0.578680 0.375038 0.427491 0.375038 0.600278 0.486115 0.375038 0.479944 0.597193 0.507714 0.461432 0.486115 0.547825 0.621876 0.446004 0.628047 0.526227 0.822433 0.455261 0.837860 0.504628 1.000000 0.479944 0.868715 0.002823 0.200743 0.005436 0.009216 0.106298 0.624886 0.007858 0.048182
