0.486793 0.275473 0.507112 0.259218 0.474601 0.259218 0.543686 0.279537 0.454282 0.271409 0.568069 0.373005 0.425835 0.377069 0.539622 0.498984 0.433963 0.503048 0.442090 0.446154 0.462410 0.503048 0.551814 0.624963 0.454282 0.624963 0.576197 0.836282 0.458346 0.844410 0.596516 0.998835 0.470537 1.000000 0.003016 0.012450 0.057074 0.030474 0.587325 0.479492 0.007762 0.030672
0.489017 0.269361 0.508986 0.257380 0.477036 0.253386 0.544930 0.273355 0.457067 0.265368 0.564898 0.377192 0.421124 0.373199 0.548923 0.516973 0.421124 0.504992 0.453074 0.469049 0.473042 0.497005 0.556911 0.624804 0.457067 0.624804 0.580873 0.828485 0.461061 0.836473 0.620811 0.976254 0.477036 1.000000 0.046745 0.018432 0.047541 0.039162 0.611363 0.548590 0.017807 0.031272
0.488195 0.266848 0.507870 0.255043 0.476390 0.251108 0.543286 0.274718 0.456714 0.266848 0.562961 0.380965 0.429169 0.369159 0.547221 0.530497 0.429169 0.495081 0.448844 0.510821 0.433104 0.510821 0.551156 0.624938 0.456714 0.624938 0.578701 0.837431 0.452779 0.845301 0.625922 0.947613 0.480325 1.000000 0.087847 0.051779 0.056424 0.039831 0.529450 0.077979 0.010022 0.046717
0.490486 0.263094 0.513320 0.251677 0.479069 0.247871 0.543766 0.270705 0.460040 0.263094 0.562794 0.381071 0.418177 0.369654 0.562794 0.533300 0.410566 0.487631 0.456234 0.529494 0.433400 0.529494 0.558989 0.624637 0.460040 0.624637 0.574212 0.826341 0.456234 0.830146 0.635103 0.910067 0.498097 1.000000 0.176174 0.080609 0.028951 0.057692 0.511363 0.179455 0.024251 0.029872
0.488583 0.259288 0.507611 0.244065 0.473360 0.240259 0.538057 0.266900 0.458137 0.255482 0.564697 0.381071 0.416274 0.369654 0.579920 0.521883 0.420080 0.487631 0.477166 0.559940 0.446720 0.540911 0.560892 0.624637 0.458137 0.624637 0.560892 0.830146 0.458137 0.830146 0.637006 0.883426 0.507611 0.993792 0.305600 0.093452 0.004973 0.051798 0.421372 0.137319 0.024251 0.000001
0.477622 0.250918 0.500973 0.235350 0.465946 0.231459 0.532108 0.262594 0.446486 0.254810 0.567135 0.383243 0.411459 0.367675 0.598271 0.523351 0.411459 0.484432 0.524324 0.585622 0.423135 0.554487 0.563243 0.624541 0.458162 0.624541 0.543784 0.838596 0.462054 0.838596 0.629406 0.885299 0.516541 1.000000 0.369911 0.094404 0.023724 0.051462 0.346822 0.052568 0.027288 0.034645
0.473489 0.249161 0.497961 0.232847 0.461253 0.228768 0.530590 0.253240 0.440859 0.249161 0.571377 0.379679 0.404151 0.371522 0.616242 0.518354 0.404151 0.502039 0.563219 0.604006 0.408230 0.530590 0.567298 0.624400 0.457174 0.624400 0.530590 0.840570 0.469410 0.844648 0.620321 0.918064 0.522433 1.000000 0.326791 0.071853 0.048237 0.048124 0.276041 0.045167 0.031209 0.071208
0.480221 0.254739 0.500000 0.242872 0.464398 0.238916 0.531646 0.258695 0.444619 0.254739 0.571205 0.377370 0.409016 0.373414 0.630542 0.492088 0.397149 0.492088 0.590984 0.590984 0.440663 0.500000 0.559337 0.622630 0.460442 0.626586 0.523735 0.812509 0.472309 0.832289 0.594940 0.919316 0.527691 1.000000 0.246165 0.077665 0.043608 0.045445 0.273063 0.474476 0.025210 0.077342
0.477384 0.252248 0.497944 0.235800 0.460935 0.235800 0.530840 0.260473 0.440375 0.256361 0.571961 0.371498 0.403367 0.379722 0.645978 0.466076 0.386918 0.531868 0.621306 0.577101 0.403367 0.470188 0.563737 0.622334 0.460935 0.626446 0.514392 0.815601 0.473272 0.840273 0.559625 0.951298 0.526728 1.000000 0.181987 0.071175 0.069138 0.054623 0.280977 0.951326 0.031465 0.097914
0.478913 0.265036 0.498996 0.248970 0.462848 0.244953 0.531128 0.269052 0.442765 0.261019 0.575309 0.373481 0.402600 0.377497 0.643589 0.449794 0.386534 0.502008 0.631540 0.538157 0.390551 0.530124 0.563260 0.622503 0.458831 0.626519 0.511045 0.815294 0.478913 0.839393 0.535144 1.000000 0.531128 1.000000 0.122205 0.055955 0.068799 0.040750 0.275474 0.086014 0.028163 0.114130
0.482179 0.268324 0.498020 0.252483 0.462377 0.252483 0.533662 0.264363 0.446536 0.268324 0.573265 0.371291 0.410894 0.379211 0.636630 0.430695 0.383172 0.517821 0.636630 0.525742 0.395053 0.438616 0.557424 0.620789 0.458417 0.628709 0.509901 0.830683 0.486139 0.846524 0.521782 1.000000 0.533662 1.000000 0.088541 0.034681 0.050692 0.019617 0.260265 0.984560 0.020183 0.111171
0.476012 0.275115 0.496002 0.255125 0.460020 0.255125 0.527986 0.263121 0.440031 0.267119 0.579959 0.371066 0.412045 0.379062 0.627935 0.479011 0.380061 0.522988 0.631932 0.530984 0.388057 0.439031 0.555971 0.622937 0.452025 0.626935 0.511994 0.850820 0.484008 0.850820 0.492004 1.000000 0.535982 1.000000 0.031293 0.040728 0.030458 0.005734 0.108688 0.960620 0.010182 0.105849
0.479167 0.277785 0.495040 0.257944 0.459327 0.261912 0.526785 0.265880 0.439486 0.273817 0.582339 0.373020 0.415677 0.376988 0.629956 0.472223 0.379964 0.515873 0.633924 0.519841 0.375996 0.444446 0.554562 0.623012 0.447422 0.626980 0.514880 0.857132 0.479167 0.849195 0.479167 1.000000 0.538689 0.999984 0.004441 0.074505 0.018220 0.004962 0.115985 0.902219 0.002526 0.098610
0.475587 0.283210 0.491211 0.263679 0.456056 0.263679 0.526366 0.267585 0.440432 0.275397 0.584958 0.373051 0.413089 0.376957 0.627926 0.498047 0.377933 0.525390 0.631832 0.529296 0.397464 0.439455 0.553709 0.623043 0.448244 0.626949 0.514648 0.857411 0.475587 0.849599 0.475587 1.000000 0.538085 0.986313 0.000872 0.097588 0.012985 0.005574 0.065808 0.997112 0.002487 0.091464
0.478518 0.275418 0.498047 0.255889 0.458989 0.255889 0.533199 0.263701 0.443366 0.267606 0.587880 0.369157 0.416026 0.380874 0.634749 0.494141 0.376968 0.525388 0.642561 0.529293 0.396497 0.431649 0.552728 0.623032 0.443366 0.626938 0.517576 0.869096 0.470707 0.865190 0.478518 1.000000 0.541011 0.978457 0.009179 0.140451 0.001368 0.001144 0.044596 0.981357 0.004973 0.081536
0.482155 0.275535 0.500939 0.256751 0.467128 0.260508 0.534750 0.264264 0.448345 0.271778 0.587344 0.373210 0.422048 0.376967 0.628669 0.497182 0.380723 0.519723 0.628669 0.530993 0.399507 0.437075 0.546020 0.624912 0.444588 0.624912 0.512209 0.872857 0.467128 0.861587 0.489669 1.000000 0.508453 1.000000 0.010328 0.061760 0.008658 0.001365 0.102416 0.981444 0.011961 0.073364
0.489662 0.273503 0.508458 0.254706 0.470865 0.258465 0.542292 0.265984 0.452069 0.273503 0.579885 0.371244 0.421995 0.378763 0.643793 0.450189 0.384402 0.521616 0.640034 0.540412 0.403198 0.476504 0.549811 0.623117 0.448310 0.626876 0.515977 0.871230 0.448310 0.871230 0.504699 1.000000 0.519736 0.920101 0.027238 0.308998 0.005313 0.033634 0.229872 0.956243 0.002391 0.043140
0.488054 0.273952 0.506432 0.255574 0.469676 0.255574 0.539512 0.262925 0.451299 0.270276 0.583619 0.373193 0.421894 0.376868 0.642429 0.476109 0.388814 0.509189 0.627726 0.567998 0.407192 0.498162 0.546864 0.623132 0.447623 0.626807 0.517459 0.858369 0.436596 0.858369 0.506432 1.000000 0.521135 0.869395 0.022846 0.473861 0.006894 0.047798 0.215751 0.750000 0.007020 0.024437
0.485611 0.265288 0.503597 0.247302 0.471223 0.247302 0.532374 0.261691 0.453237 0.265288 0.579137 0.376799 0.420863 0.373201 0.636691 0.491906 0.402878 0.509892 0.600719 0.563849 0.410072 0.513489 0.550360 0.625000 0.449640 0.625000 0.510791 0.840827 0.428058 0.844424 0.510791 1.000000 0.507194 0.855216 0.057716 0.488069 0.020974 0.067430 0.295167 0.394060 0.000005 0.026507
0.485507 0.259058 0.503623 0.240942 0.471014 0.240942 0.532609 0.255435 0.449275 0.255435 0.579710 0.378623 0.420290 0.371377 0.623188 0.505435 0.402174 0.480072 0.576087 0.548913 0.405797 0.519928 0.550725 0.625000 0.449275 0.625000 0.518116 0.835145 0.423913 0.835145 0.518116 1.000000 0.481884 0.842391 0.049002 0.498648 0.011725 0.074453 0.367863 0.081426 0.000005 0.010770
0.485613 0.261715 0.503597 0.243732 0.471226 0.243732 0.535967 0.258119 0.453242 0.258119 0.575532 0.380408 0.420871 0.369618 0.604306 0.524278 0.406484 0.473924 0.521581 0.527875 0.406484 0.513488 0.553951 0.624987 0.449645 0.624987 0.528774 0.837195 0.424468 0.830002 0.528774 1.000000 0.503597 0.847986 0.037590 0.467761 0.009576 0.074611 0.549002 0.043630 0.004580 0.001302
0.485140 0.270111 0.506119 0.256125 0.471155 0.256125 0.537587 0.270111 0.453672 0.270111 0.569054 0.378499 0.429198 0.371507 0.590033 0.518356 0.422205 0.490385 0.492133 0.507867 0.422205 0.518356 0.548076 0.626745 0.453672 0.623249 0.537587 0.836530 0.432694 0.805062 0.541083 1.000000 0.471155 0.902962 0.022143 0.155720 0.010934 0.067416 0.581368 0.018703 0.002225 0.020664
0.482668 0.272865 0.500912 0.258270 0.468073 0.258270 0.533751 0.269216 0.449830 0.265567 0.570239 0.378679 0.424288 0.371381 0.570239 0.520980 0.427937 0.499088 0.471722 0.480844 0.504561 0.502737 0.551995 0.626794 0.453478 0.623146 0.544697 0.849369 0.438883 0.827476 0.551995 1.000000 0.453478 0.988022 0.022217 0.051556 0.012931 0.059439 0.623146 0.475762 0.006969 0.012265
0.484379 0.275790 0.506432 0.257412 0.469676 0.261088 0.535837 0.272114 0.451299 0.272114 0.565241 0.375030 0.429245 0.375030 0.561566 0.507351 0.425570 0.503676 0.466001 0.452218 0.429245 0.474271 0.550539 0.624970 0.454974 0.624970 0.557890 0.852855 0.451299 0.841829 0.568917 1.000000 0.458650 1.000000 0.007080 0.018379 0.028967 0.038047 0.657725 0.969509 0.007020 0.015659
0.487238 0.274851 0.505469 0.256620 0.472654 0.256620 0.538284 0.271205 0.450777 0.271205 0.563807 0.373297 0.425254 0.376943 0.552869 0.504558 0.414316 0.504558 0.465362 0.446219 0.436193 0.460804 0.552869 0.624880 0.458069 0.624880 0.567454 0.850941 0.461716 0.847295 0.582038 1.000000 0.461716 1.000000 0.003027 0.005218 0.034338 0.036668 0.660702 0.879633 0.013931 0.015290
0.482422 0.276762 0.503516 0.262700 0.468360 0.262700 0.535156 0.276762 0.450782 0.273247 0.559764 0.371682 0.426173 0.378713 0.538671 0.498242 0.412111 0.494727 0.454298 0.431447 0.405080 0.466602 0.552733 0.624802 0.461329 0.624802 0.566795 0.846282 0.464844 0.849797 0.587889 1.000000 0.464844 1.000000 0.016383 0.004973 0.029023 0.040194 0.660584 0.883625 0.017914 0.015210
0.483047 0.276928 0.504461 0.262651 0.468770 0.262651 0.536584 0.273359 0.450924 0.269790 0.557999 0.373295 0.433078 0.376864 0.543722 0.505354 0.411663 0.498215 0.450924 0.444678 0.422371 0.466093 0.550860 0.623136 0.458062 0.626705 0.572275 0.847992 0.468770 0.862269 0.597259 1.000000 0.468770 1.000000 0.017846 0.014458 0.039316 0.017267 0.650046 0.953183 0.011364 0.015765
0.480932 0.279853 0.501733 0.265986 0.467065 0.262519 0.532935 0.279853 0.449730 0.276386 0.557203 0.373459 0.428929 0.376926 0.546803 0.512134 0.418528 0.498267 0.460131 0.460131 0.418528 0.491333 0.553737 0.623074 0.460131 0.626541 0.574538 0.834554 0.463598 0.858822 0.598806 0.980162 0.460131 1.000000 0.021360 0.009968 0.035630 0.034833 0.648192 0.972783 0.017666 0.026458
0.484819 0.275665 0.505060 0.262172 0.471326 0.258798 0.535421 0.279039 0.454458 0.272292 0.559035 0.373495 0.427471 0.376869 0.559035 0.511807 0.417350 0.508434 0.467952 0.478073 0.430844 0.488193 0.552289 0.623131 0.461205 0.626505 0.579276 0.828912 0.467952 0.852526 0.606264 0.933489 0.467952 1.000000 0.038882 0.009499 0.050110 0.033257 0.612906 0.837270 0.017189 0.032010
0.480628 0.269218 0.500842 0.255741 0.467151 0.252372 0.534533 0.272587 0.450306 0.269218 0.558117 0.377028 0.423353 0.373659 0.581700 0.511792 0.430091 0.511792 0.470520 0.505054 0.514319 0.505054 0.558117 0.622972 0.460413 0.626341 0.581700 0.828486 0.467151 0.838593 0.605284 0.895868 0.480628 1.000000 0.070799 0.009767 0.036368 0.036253 0.574414 0.509896 0.023615 0.026267
0.483295 0.263625 0.503341 0.246920 0.466590 0.246920 0.530069 0.266966 0.449885 0.260284 0.563479 0.377219 0.413134 0.373878 0.600230 0.517540 0.403111 0.497494 0.506682 0.527563 0.406452 0.510858 0.563479 0.624452 0.459908 0.624452 0.576843 0.834934 0.469931 0.831593 0.613594 0.871685 0.496659 1.000000 0.229817 0.027509 0.020183 0.043352 0.547561 0.103732 0.029821 0.004792
0.478534 0.260444 0.499141 0.243271 0.464796 0.243271 0.530052 0.260444 0.444189 0.260444 0.567831 0.377217 0.409844 0.373782 0.615914 0.511162 0.389237 0.500859 0.557528 0.559245 0.399541 0.521466 0.564397 0.624501 0.457927 0.624501 0.567831 0.844309 0.471665 0.844309 0.595307 0.875219 0.509445 1.000000 0.226324 0.039792 0.009394 0.040445 0.390413 0.198756 0.028462 0.014895
0.476631 0.255919 0.497403 0.238609 0.462782 0.238609 0.528563 0.255919 0.442009 0.255919 0.573570 0.377094 0.407388 0.373632 0.618578 0.501731 0.365842 0.505193 0.577033 0.557125 0.386615 0.512118 0.563184 0.622906 0.455858 0.626368 0.542411 0.837558 0.469706 0.841020 0.577033 0.872180 0.511252 1.000000 0.280709 0.046685 0.017267 0.039806 0.315140 0.494948 0.024268 0.051216
0.477105 0.266808 0.497456 0.249849 0.460145 0.249849 0.527983 0.263417 0.443186 0.263417 0.572077 0.375349 0.409267 0.375349 0.619564 0.480497 0.375349 0.507632 0.589037 0.544942 0.392308 0.494064 0.558510 0.622956 0.460145 0.626347 0.517807 0.823076 0.473713 0.833252 0.561902 0.897698 0.514416 1.000000 0.233754 0.046350 0.046445 0.042817 0.275837 0.794673 0.023775 0.084713
0.476063 0.267472 0.496580 0.250374 0.462385 0.253794 0.527356 0.264053 0.445288 0.264053 0.578649 0.373477 0.407673 0.376897 0.612844 0.472644 0.380317 0.510259 0.595747 0.534195 0.390575 0.500000 0.558132 0.623103 0.455546 0.626523 0.513678 0.818016 0.476063 0.831694 0.541034 0.947958 0.530776 0.982153 0.137424 0.079292 0.045273 0.028588 0.191943 0.814401 0.017424 0.103102
0.475002 0.273353 0.495000 0.256688 0.458337 0.256688 0.528331 0.266687 0.441672 0.270020 0.581659 0.376678 0.415008 0.373345 0.601658 0.519998 0.388343 0.509999 0.578326 0.516665 0.408341 0.413341 0.551662 0.623322 0.451671 0.626655 0.501667 0.823305 0.481668 0.833304 0.534997 0.996623 0.544996 0.966625 0.138454 0.095268 0.039455 0.000143 0.589298 0.996398 0.004244 0.123865
0.478596 0.280827 0.495719 0.263704 0.458049 0.263704 0.529965 0.273978 0.440926 0.277402 0.581334 0.376715 0.420379 0.373291 0.612155 0.527397 0.392982 0.520547 0.591607 0.510274 0.406680 0.421235 0.550512 0.623285 0.447775 0.626709 0.502568 0.835609 0.478596 0.835609 0.502568 1.000000 0.536814 0.972592 0.070691 0.081292 0.031107 0.012349 0.785365 0.985078 0.002178 0.117318
0.481036 0.285365 0.498276 0.264678 0.460349 0.268126 0.532755 0.271573 0.443109 0.281917 0.584475 0.375012 0.418973 0.375012 0.615506 0.519826 0.394838 0.523274 0.612058 0.616368 0.412077 0.419835 0.549995 0.626712 0.446557 0.623264 0.508620 0.857725 0.481036 0.854277 0.477588 1.000000 0.525860 1.000000 0.006565 0.024215 0.013078 0.011938 0.078556 0.998801 0.004390 0.103573
0.482504 0.288376 0.502500 0.271712 0.465840 0.271712 0.535826 0.278378 0.449177 0.281710 0.582484 0.375025 0.422516 0.375025 0.619143 0.504999 0.395854 0.524995 0.629141 0.518330 0.415850 0.425015 0.549157 0.624975 0.445844 0.624975 0.509165 0.858262 0.475838 0.848264 0.469173 1.000000 0.539159 1.000000 0.002373 0.079781 0.011850 0.012880 0.117326 0.993171 0.006366 0.096546
0.484280 0.287368 0.500827 0.267512 0.464423 0.270821 0.533922 0.274130 0.447876 0.280749 0.583563 0.373414 0.424710 0.376723 0.619967 0.499173 0.388306 0.522339 0.626586 0.512410 0.408163 0.429674 0.547160 0.624932 0.444567 0.624932 0.507446 0.853283 0.467733 0.843355 0.464423 1.000000 0.540541 0.982352 0.004468 0.119954 0.009057 0.008223 0.057893 0.989214 0.010537 0.088444
0.490465 0.283083 0.506357 0.264013 0.471396 0.267192 0.538139 0.270370 0.455504 0.279905 0.585813 0.375253 0.430078 0.375253 0.627131 0.499205 0.395117 0.508740 0.646201 0.505562 0.411008 0.432462 0.541318 0.623158 0.442791 0.626336 0.503178 0.845637 0.458682 0.839281 0.471396 1.000000 0.538139 0.947342 0.010708 0.178105 0.002491 0.007608 0.295167 0.983844 0.020247 0.077753
0.490578 0.279367 0.506281 0.260523 0.471734 0.263664 0.537688 0.266804 0.452890 0.276226 0.584798 0.370447 0.427764 0.379869 0.619346 0.511778 0.383795 0.514918 0.635049 0.499215 0.361810 0.486652 0.543970 0.621701 0.443468 0.627983 0.496859 0.854112 0.449749 0.850971 0.465452 1.000000 0.512563 0.948332 0.020325 0.173417 0.012383 0.011155 0.638464 0.689393 0.016002 0.072624
0.490397 0.271134 0.506402 0.255129 0.471192 0.258330 0.538411 0.264732 0.455187 0.271134 0.586425 0.373564 0.426379 0.376765 0.624836 0.463189 0.384767 0.517605 0.624836 0.530409 0.394370 0.472792 0.544813 0.626436 0.442383 0.623236 0.500000 0.850501 0.439182 0.828094 0.467991 1.000000 0.506402 0.914519 0.018904 0.215390 0.010919 0.025614 0.128881 0.975748 0.016309 0.057860
0.487856 0.265209 0.507287 0.245778 0.471663 0.249016 0.542910 0.258732 0.452232 0.261970 0.597965 0.375318 0.419847 0.375318 0.636827 0.511335 0.384224 0.527527 0.581772 0.553435 0.403655 0.488665 0.546149 0.624682 0.436040 0.624682 0.491094 0.854616 0.429563 0.841662 0.478140 1.000000 0.494333 0.932340 0.056375 0.206931 0.009592 0.030140 0.380778 0.925597 0.022698 0.065308
0.488938 0.262962 0.507901 0.243999 0.473136 0.247159 0.542667 0.259801 0.454173 0.262962 0.590074 0.376740 0.422568 0.373580 0.643803 0.506321 0.394123 0.509482 0.580593 0.544247 0.457333 0.515803 0.545827 0.626420 0.441531 0.623260 0.498420 0.838174 0.422568 0.819211 0.492099 1.000000 0.463654 0.882421 0.060465 0.214174 0.014278 0.054838 0.453093 0.533949 0.016103 0.039399
0.490330 0.259051 0.509670 0.239711 0.474213 0.242934 0.545128 0.255828 0.454873 0.259051 0.590255 0.378317 0.419415 0.371870 0.638606 0.526593 0.403298 0.520146 0.561244 0.536263 0.454873 0.523370 0.548351 0.626518 0.441979 0.623295 0.509670 0.845709 0.425862 0.816698 0.503223 1.000000 0.458096 0.913400 0.045498 0.128881 0.002362 0.054955 0.560753 0.514595 0.012316 0.029135
0.494500 0.260339 0.513358 0.244623 0.478784 0.244623 0.544789 0.260339 0.459925 0.260339 0.585649 0.379776 0.422208 0.370347 0.623367 0.527502 0.409636 0.499214 0.535360 0.499214 0.428494 0.521216 0.547932 0.628081 0.444210 0.621795 0.519644 0.838669 0.428494 0.813524 0.519644 1.000000 0.444210 0.936105 0.042504 0.066620 0.005481 0.053814 0.678564 0.256519 0.010007 0.016471
0.495255 0.269061 0.517399 0.253244 0.479437 0.253244 0.552198 0.265898 0.460456 0.265898 0.583834 0.376622 0.422493 0.373458 0.605979 0.518981 0.416166 0.503164 0.514236 0.474692 0.425657 0.528472 0.549035 0.626542 0.444638 0.623378 0.530054 0.851153 0.435147 0.829008 0.533217 1.000000 0.444638 0.980859 0.031732 0.034549 0.017202 0.042812 0.692284 0.129715 0.008057 0.012154
0.497628 0.269103 0.516606 0.253288 0.481813 0.253288 0.551398 0.265940 0.462835 0.262777 0.583028 0.376644 0.424879 0.373481 0.592517 0.515815 0.415390 0.506326 0.513443 0.458881 0.415390 0.515815 0.548235 0.626519 0.443857 0.623356 0.538746 0.851090 0.440694 0.841601 0.545072 1.000000 0.447020 1.000000 0.023233 0.015219 0.030597 0.028742 0.720302 0.022698 0.010070 0.008830
0.496952 0.277505 0.518287 0.259218 0.481713 0.259218 0.548766 0.274457 0.463426 0.274457 0.576197 0.375037 0.429899 0.375037 0.576197 0.500000 0.432947 0.506096 0.506096 0.448186 0.484761 0.548766 0.548766 0.624963 0.445138 0.624963 0.542670 0.847458 0.445138 0.844410 0.554862 1.000000 0.448186 1.000000 0.027986 0.004822 0.026079 0.019385 0.702607 0.273307 0.007762 0.008718
