0.435525 0.270665 0.448583 0.254342 0.432260 0.257607 0.491022 0.257607 0.461641 0.270665 0.530197 0.365337 0.458377 0.384924 0.605282 0.463274 0.455112 0.522036 0.526933 0.531829 0.383292 0.479596 0.520404 0.623237 0.491022 0.626502 0.455112 0.802788 0.543255 0.812582 0.435525 1.000000 0.726071 0.910518 0.082588 0.256344 0.098935 0.044352 0.479390 0.662307 0.014553 0.198126
0.435439 0.267748 0.448854 0.250979 0.432085 0.250979 0.489100 0.254333 0.465623 0.264394 0.529346 0.368363 0.462270 0.381778 0.599776 0.472331 0.468977 0.525992 0.509223 0.546115 0.395193 0.502515 0.522638 0.623253 0.485746 0.626607 0.462270 0.814420 0.529346 0.824482 0.445500 1.000000 0.723867 0.908327 0.074339 0.301424 0.088990 0.038603 0.471893 0.612851 0.010677 0.166397
0.435439 0.267748 0.448854 0.250979 0.435439 0.254333 0.489100 0.257687 0.472331 0.267748 0.525992 0.371716 0.465623 0.378424 0.586361 0.482392 0.475685 0.515931 0.492454 0.552823 0.411962 0.542761 0.525992 0.623253 0.482392 0.626607 0.468977 0.817774 0.505869 0.831189 0.472331 1.000000 0.713806 0.891558 0.095506 0.373692 0.090756 0.014893 0.454114 0.396396 0.010677 0.127124
0.430307 0.265107 0.444073 0.247899 0.430307 0.251341 0.488815 0.254782 0.468165 0.265107 0.516348 0.371798 0.468165 0.378682 0.567973 0.492256 0.475048 0.523231 0.457840 0.557648 0.413098 0.574856 0.530114 0.623039 0.485373 0.626481 0.478490 0.826097 0.481931 0.836422 0.502581 1.000000 0.691872 0.884605 0.112383 0.433407 0.096672 0.027287 0.458327 0.294004 0.019732 0.074030
0.432364 0.280795 0.442143 0.264497 0.429105 0.267756 0.484517 0.267756 0.468219 0.277535 0.507334 0.372062 0.474738 0.378581 0.543189 0.495926 0.487777 0.525262 0.448662 0.561117 0.432364 0.574155 0.526891 0.623048 0.491036 0.626308 0.484517 0.812103 0.455181 0.808843 0.526891 1.000000 0.654014 0.860996 0.133018 0.480087 0.094939 0.082650 0.397511 0.298089 0.022846 0.008446
0.430519 0.283661 0.443152 0.271028 0.433677 0.271028 0.481051 0.274186 0.468418 0.280502 0.506316 0.372091 0.477892 0.378408 0.522108 0.501579 0.487367 0.517370 0.424202 0.552111 0.424202 0.564744 0.528424 0.621592 0.487367 0.627909 0.496842 0.804770 0.436835 0.788979 0.550532 1.000000 0.626329 0.848985 0.136989 0.499148 0.082478 0.108848 0.386963 0.316837 0.020120 0.042420
0.428406 0.283609 0.438059 0.267520 0.428406 0.270738 0.479889 0.270738 0.470236 0.280391 0.502413 0.373705 0.479889 0.376922 0.512066 0.502413 0.486325 0.515284 0.405882 0.544244 0.415535 0.557114 0.531373 0.621469 0.486325 0.627904 0.505631 0.811314 0.412317 0.788790 0.576421 1.000000 0.602162 0.853144 0.148290 0.533204 0.079936 0.145396 0.404376 0.344910 0.022552 0.094337
0.429256 0.278230 0.438795 0.265512 0.432436 0.268692 0.473769 0.271871 0.473769 0.281410 0.492846 0.376795 0.492846 0.373615 0.489667 0.497615 0.550077 0.497615 0.384743 0.535769 0.476949 0.577103 0.527821 0.624795 0.486487 0.624795 0.524641 0.818744 0.397461 0.771052 0.597769 1.000000 0.575513 0.856898 0.118291 0.531044 0.049813 0.165992 0.380608 0.374384 0.018227 0.168831
0.428626 0.279388 0.438358 0.266411 0.428626 0.266411 0.477290 0.272900 0.474046 0.279388 0.493511 0.376717 0.496756 0.373473 0.483779 0.500000 0.571374 0.483779 0.373473 0.522710 0.506489 0.551909 0.525954 0.626527 0.483779 0.623283 0.548664 0.821185 0.386450 0.772521 0.639505 1.000000 0.538931 0.892559 0.100008 0.471668 0.004139 0.167431 0.410291 0.431556 0.012395 0.220921
0.432643 0.280886 0.442381 0.267901 0.432643 0.267901 0.478089 0.271147 0.478089 0.280886 0.494319 0.378270 0.500812 0.371778 0.478089 0.495131 0.578719 0.472408 0.367720 0.508115 0.517042 0.543823 0.523534 0.624976 0.481335 0.624976 0.565734 0.819745 0.387197 0.771052 0.663118 1.000000 0.520288 0.913882 0.081817 0.420990 0.030397 0.157782 0.418794 0.436455 0.006200 0.250137
0.432337 0.282683 0.441890 0.266762 0.432337 0.269946 0.480099 0.273131 0.480099 0.285867 0.489652 0.375023 0.505572 0.375023 0.473731 0.486467 0.585176 0.470547 0.368655 0.496020 0.515125 0.537414 0.524677 0.623385 0.480099 0.626569 0.581991 0.808065 0.384575 0.766671 0.680699 0.999113 0.496020 0.932246 0.056014 0.379058 0.051190 0.158358 0.425975 0.478543 0.006081 0.286269
0.434803 0.283452 0.444117 0.271033 0.434803 0.274138 0.481372 0.274138 0.481372 0.286557 0.484477 0.373486 0.509314 0.376591 0.459640 0.472834 0.586930 0.469730 0.369605 0.485253 0.515523 0.528718 0.527942 0.624961 0.478268 0.624961 0.596244 0.798821 0.388233 0.761565 0.686278 0.975785 0.465849 0.938529 0.030655 0.317059 0.064676 0.145908 0.378391 0.501366 0.007907 0.304646
0.435602 0.290707 0.444802 0.275374 0.435602 0.278441 0.481601 0.278441 0.484667 0.290707 0.478534 0.373504 0.515333 0.376571 0.450935 0.468568 0.588930 0.468568 0.371204 0.480834 0.512266 0.526832 0.524532 0.624962 0.481601 0.624962 0.598130 0.793623 0.395737 0.759891 0.693193 0.965351 0.438669 0.959218 0.029961 0.247923 0.073380 0.137431 0.361470 0.507917 0.007810 0.311366
0.435132 0.284827 0.447789 0.269006 0.435132 0.272170 0.485761 0.275334 0.488925 0.284827 0.473103 0.370264 0.523732 0.379756 0.447789 0.465193 0.596511 0.471521 0.371846 0.481014 0.511075 0.525314 0.520568 0.623408 0.482596 0.626572 0.590183 0.797445 0.400324 0.778459 0.716755 0.971481 0.416146 0.987303 0.079033 0.182085 0.062121 0.105448 0.351668 0.534568 0.004030 0.279135
0.441460 0.284827 0.450953 0.269006 0.441460 0.272170 0.488925 0.272170 0.495254 0.287992 0.469939 0.370264 0.526897 0.379756 0.454118 0.468357 0.599676 0.477850 0.378174 0.487343 0.514239 0.522150 0.517404 0.623408 0.485761 0.626572 0.587018 0.803773 0.412982 0.794280 0.729412 0.958824 0.400324 0.999960 0.119214 0.110764 0.058251 0.077759 0.371119 0.550919 0.004030 0.247577
0.437501 0.281672 0.447501 0.265005 0.437501 0.268338 0.487500 0.271672 0.494167 0.285005 0.467501 0.368336 0.534166 0.381669 0.457501 0.475001 0.604164 0.488334 0.377503 0.501667 0.510833 0.534999 0.507500 0.621664 0.490834 0.628330 0.580832 0.824993 0.417502 0.818326 0.750828 0.974989 0.384169 1.000000 0.159690 0.069384 0.060331 0.061895 0.367829 0.537277 0.002120 0.227428
0.435835 0.281672 0.449168 0.268338 0.435835 0.268338 0.489167 0.275005 0.489167 0.288338 0.469167 0.368336 0.529166 0.381669 0.462501 0.478334 0.602498 0.498333 0.382503 0.511666 0.509166 0.541666 0.505833 0.621664 0.495833 0.628330 0.569165 0.824993 0.425835 0.828326 0.752494 0.958323 0.385836 1.000000 0.203734 0.048169 0.050361 0.064411 0.355066 0.540264 0.002120 0.203281
0.438317 0.285732 0.451303 0.269500 0.441563 0.272746 0.490261 0.279239 0.490261 0.288979 0.470782 0.370141 0.525972 0.379880 0.467535 0.477275 0.590901 0.500000 0.389620 0.522725 0.500000 0.542204 0.506493 0.623366 0.496754 0.626613 0.551944 0.824648 0.431824 0.818155 0.740240 0.922042 0.399359 1.000000 0.277365 0.055442 0.026095 0.066512 0.322266 0.519379 0.004133 0.174723
0.440361 0.286769 0.450164 0.273698 0.440361 0.273698 0.489379 0.280233 0.489379 0.286769 0.476308 0.371735 0.525326 0.378271 0.479576 0.479576 0.580881 0.512255 0.397878 0.531862 0.479576 0.548202 0.505719 0.623363 0.492647 0.626631 0.538398 0.829241 0.433825 0.822706 0.734472 0.901135 0.414218 1.000000 0.338024 0.064760 0.013071 0.051130 0.328425 0.516577 0.002080 0.142881
0.442371 0.284095 0.455358 0.271109 0.442371 0.274355 0.494318 0.280849 0.494318 0.287342 0.481332 0.371756 0.517045 0.378249 0.500812 0.482143 0.552759 0.514610 0.432631 0.537337 0.458605 0.553570 0.510552 0.621751 0.491072 0.628244 0.523538 0.826292 0.442371 0.823045 0.731326 0.874992 0.445618 1.000000 0.406536 0.082730 0.016855 0.045026 0.338983 0.456650 0.002068 0.098162
0.445291 0.281979 0.458356 0.268914 0.448557 0.268914 0.494284 0.278713 0.487752 0.281979 0.494284 0.373434 0.497550 0.376700 0.520414 0.474687 0.500817 0.523680 0.438758 0.553076 0.435492 0.579206 0.517148 0.621667 0.491018 0.628200 0.500817 0.824173 0.448557 0.827440 0.709855 0.853569 0.481219 1.000000 0.481144 0.114701 0.054850 0.058571 0.336886 0.282825 0.010399 0.041222
0.440061 0.281305 0.453021 0.265105 0.443301 0.268345 0.488660 0.278065 0.485420 0.281305 0.491900 0.375263 0.491900 0.375263 0.524300 0.472461 0.504860 0.508100 0.443301 0.543739 0.443301 0.563179 0.521060 0.621497 0.495140 0.627977 0.482180 0.815893 0.453021 0.822373 0.683056 0.835333 0.501620 1.000000 0.532124 0.138025 0.100353 0.071998 0.372707 0.298622 0.020641 0.005083
0.439282 0.285889 0.452065 0.269911 0.439282 0.273106 0.487217 0.282693 0.474434 0.285889 0.496804 0.372173 0.484022 0.378564 0.538348 0.471239 0.500000 0.512783 0.452065 0.547935 0.429695 0.554327 0.522370 0.621436 0.496804 0.627828 0.448869 0.806786 0.452065 0.819569 0.653393 0.829156 0.525566 1.000000 0.585494 0.179704 0.152705 0.089276 0.395097 0.367832 0.024437 0.047205
0.436086 0.287487 0.448869 0.271508 0.436086 0.274704 0.484022 0.284291 0.471239 0.287487 0.500000 0.370575 0.480826 0.380162 0.557522 0.460054 0.487217 0.536750 0.484022 0.536750 0.404129 0.533555 0.522370 0.619838 0.496804 0.629425 0.426499 0.795601 0.464847 0.827558 0.634219 0.830754 0.547935 1.000000 0.605585 0.177296 0.187437 0.071279 0.425091 0.525222 0.024437 0.108045
0.432049 0.281925 0.444691 0.269283 0.435210 0.272443 0.482617 0.278764 0.469975 0.285085 0.501580 0.367259 0.485778 0.383061 0.571111 0.452592 0.476296 0.531605 0.495259 0.534766 0.394123 0.509482 0.514222 0.620099 0.498420 0.629581 0.409926 0.781285 0.479457 0.825532 0.605877 0.825532 0.583753 1.000000 0.612116 0.200210 0.198709 0.047018 0.454906 0.563424 0.016103 0.152098
0.427458 0.287835 0.439939 0.272235 0.427458 0.275355 0.480500 0.281595 0.471139 0.287835 0.499220 0.368957 0.486740 0.381437 0.580342 0.446959 0.474259 0.534321 0.505460 0.528081 0.390018 0.503120 0.499220 0.621683 0.514820 0.627923 0.386898 0.768326 0.517940 0.824487 0.552261 0.836967 0.602182 0.999211 0.582820 0.137952 0.208059 0.031056 0.493515 0.586979 0.017886 0.213111
0.428097 0.282693 0.440880 0.269911 0.431293 0.273106 0.479228 0.276302 0.472837 0.285889 0.501598 0.368977 0.479228 0.381760 0.597468 0.442478 0.460054 0.525566 0.523968 0.522370 0.383357 0.477630 0.498402 0.621436 0.520772 0.627828 0.370575 0.768438 0.539946 0.829156 0.527163 0.877091 0.639012 1.000000 0.534740 0.130707 0.223799 0.023015 0.528544 0.635615 0.024437 0.258052
0.437903 0.279476 0.447456 0.266739 0.434719 0.266739 0.485670 0.276292 0.476117 0.279476 0.523883 0.368641 0.472932 0.381379 0.616233 0.441884 0.450641 0.515126 0.542990 0.508757 0.383767 0.473728 0.527068 0.626582 0.476117 0.623398 0.558912 0.820834 0.386952 0.766698 0.667184 0.999163 0.527068 0.897261 0.121966 0.438401 0.047792 0.181359 0.551025 0.623873 0.004055 0.228893
0.442192 0.279705 0.454691 0.267206 0.439067 0.264081 0.489063 0.276580 0.470315 0.279705 0.526560 0.364073 0.470315 0.385946 0.620303 0.439067 0.451566 0.517186 0.542184 0.504687 0.392196 0.464065 0.529685 0.626553 0.473440 0.623428 0.576557 0.810913 0.382822 0.757792 0.676549 0.985900 0.504687 0.917155 0.086002 0.396677 0.075458 0.193057 0.562833 0.687167 0.003978 0.268117
0.439845 0.284379 0.449220 0.268755 0.436720 0.271879 0.489844 0.271879 0.467969 0.284379 0.533593 0.362503 0.467969 0.387502 0.624216 0.434376 0.452345 0.518750 0.542968 0.509375 0.396096 0.456251 0.533593 0.624998 0.464844 0.624998 0.577342 0.796869 0.392971 0.765620 0.683590 0.978116 0.474219 0.946866 0.089433 0.284542 0.079339 0.146212 0.549292 0.729021 0.001990 0.229740
0.439467 0.280665 0.448900 0.261797 0.436322 0.268086 0.492925 0.268086 0.464623 0.280665 0.536949 0.362424 0.464623 0.387581 0.628142 0.434750 0.448900 0.519654 0.546383 0.510220 0.398587 0.450473 0.533804 0.623425 0.464623 0.626570 0.574684 0.796378 0.395442 0.771221 0.697323 0.966186 0.445756 0.975620 0.125217 0.218826 0.077716 0.142000 0.549292 0.762131 0.002002 0.215881
0.437107 0.274371 0.449686 0.258648 0.437107 0.261792 0.493711 0.268082 0.462264 0.277516 0.537736 0.362421 0.462264 0.387579 0.625786 0.437893 0.446541 0.522799 0.544025 0.510220 0.396226 0.453616 0.531447 0.623428 0.468553 0.626572 0.562893 0.799528 0.408805 0.786950 0.707547 0.956761 0.424528 0.997642 0.180497 0.137226 0.063917 0.121890 0.543901 0.763001 0.000005 0.169764
0.439495 0.272911 0.452068 0.257196 0.436352 0.260339 0.492928 0.266625 0.467783 0.272911 0.530645 0.364061 0.461497 0.386063 0.621795 0.439495 0.452068 0.521216 0.543218 0.514930 0.395492 0.455211 0.508644 0.621795 0.499214 0.628081 0.404921 0.778950 0.558933 0.804095 0.398635 0.998967 0.716088 0.942391 0.176601 0.166172 0.158586 0.054908 0.536436 0.752266 0.010007 0.289812
0.441517 0.270876 0.454335 0.254853 0.438313 0.258058 0.495994 0.264467 0.467154 0.274080 0.531244 0.363807 0.463949 0.386239 0.624176 0.447125 0.457540 0.527239 0.544062 0.520829 0.393449 0.466352 0.508812 0.623375 0.495994 0.626579 0.419085 0.796420 0.553676 0.818851 0.393449 1.000000 0.729925 0.943828 0.115523 0.210893 0.124824 0.050581 0.530600 0.727381 0.006120 0.245038
0.442680 0.273108 0.455418 0.260370 0.442680 0.260370 0.493631 0.266739 0.474524 0.276292 0.531845 0.365457 0.464971 0.384564 0.621009 0.451437 0.461787 0.524680 0.541398 0.521495 0.394913 0.470544 0.512738 0.623398 0.490447 0.626582 0.436311 0.801727 0.538213 0.817649 0.398097 1.000000 0.722912 0.919552 0.074071 0.261540 0.105346 0.044596 0.526077 0.709384 0.004055 0.206860
0.444272 0.273108 0.457010 0.257185 0.444272 0.257185 0.498408 0.266739 0.476117 0.273108 0.533437 0.365457 0.463379 0.384564 0.616233 0.457806 0.460194 0.521495 0.533437 0.527864 0.396505 0.473728 0.517515 0.623398 0.485670 0.626582 0.447456 0.808096 0.533437 0.824018 0.412427 1.000000 0.721320 0.903630 0.065080 0.296865 0.095778 0.046323 0.509120 0.697432 0.004055 0.190960
0.441955 0.270238 0.454854 0.254114 0.441955 0.257339 0.493551 0.263788 0.480652 0.270238 0.529023 0.373429 0.477427 0.376654 0.609641 0.463722 0.474202 0.518542 0.522573 0.531441 0.393584 0.486295 0.512899 0.624958 0.480652 0.624958 0.451629 0.815218 0.509674 0.834566 0.422606 1.000000 0.709608 0.892611 0.059585 0.366265 0.078792 0.039662 0.521585 0.613886 0.008213 0.142964
0.443201 0.269558 0.456184 0.253330 0.443201 0.256576 0.498377 0.259821 0.482149 0.269558 0.530834 0.373419 0.475658 0.376665 0.598993 0.470789 0.488640 0.519474 0.501623 0.542194 0.413990 0.522720 0.517851 0.623335 0.475658 0.626581 0.456184 0.818075 0.485395 0.831057 0.456184 1.000000 0.686625 0.873251 0.097618 0.419064 0.081097 0.015146 0.492990 0.515027 0.008266 0.112764
0.437102 0.276632 0.450004 0.260504 0.440328 0.263729 0.495162 0.266955 0.479034 0.273406 0.520966 0.373398 0.482260 0.376623 0.582251 0.479840 0.495162 0.518547 0.488711 0.547577 0.424200 0.547577 0.517740 0.621764 0.479034 0.628215 0.462906 0.818522 0.462906 0.824973 0.491936 1.000000 0.662890 0.863679 0.127216 0.465177 0.082380 0.021952 0.466788 0.405252 0.004108 0.060481
0.439082 0.284442 0.451578 0.268822 0.439082 0.271946 0.492190 0.275070 0.476570 0.281318 0.510934 0.371915 0.482818 0.378163 0.560918 0.484380 0.495314 0.521868 0.464074 0.553108 0.429709 0.571853 0.520306 0.621837 0.485942 0.628085 0.476570 0.809278 0.435957 0.806154 0.526554 1.000000 0.632771 0.849891 0.146525 0.517504 0.084898 0.091087 0.436667 0.320365 0.007956 0.014142
0.442771 0.289157 0.451807 0.274096 0.442771 0.277108 0.490964 0.283133 0.475904 0.286145 0.512048 0.373494 0.487952 0.376506 0.542169 0.487952 0.496988 0.512048 0.463855 0.548193 0.439759 0.566265 0.518072 0.623494 0.481928 0.626506 0.493976 0.807229 0.421687 0.786145 0.557229 1.000000 0.605422 0.840361 0.140978 0.523522 0.049177 0.107189 0.373194 0.279790 0.000005 0.073349
0.440189 0.289126 0.449390 0.273790 0.440189 0.276857 0.486197 0.279925 0.476996 0.286059 0.507668 0.371942 0.489265 0.378077 0.529139 0.494632 0.483130 0.525305 0.446323 0.552910 0.400314 0.580515 0.519937 0.623457 0.483130 0.626524 0.501534 0.813627 0.409516 0.782954 0.578215 1.000000 0.590484 0.859635 0.147584 0.512430 0.046223 0.132148 0.359956 0.299578 0.003905 0.109298
0.437113 0.286495 0.446430 0.274073 0.437113 0.277178 0.483696 0.277178 0.480590 0.286495 0.499224 0.373450 0.499224 0.376555 0.517857 0.500776 0.555123 0.510093 0.412269 0.544254 0.461957 0.575309 0.517857 0.624998 0.483696 0.624998 0.520962 0.820646 0.393636 0.780274 0.617234 1.000000 0.555123 0.888968 0.136601 0.478723 0.018483 0.147430 0.421920 0.431791 0.001979 0.172351
0.438312 0.284091 0.448052 0.267857 0.438312 0.271104 0.487013 0.274351 0.483766 0.284091 0.493506 0.371753 0.506494 0.378247 0.506494 0.501623 0.571429 0.504870 0.396104 0.537338 0.493506 0.566558 0.516234 0.625000 0.483766 0.625000 0.545455 0.839286 0.383117 0.790584 0.652597 1.000000 0.519481 0.930195 0.112552 0.420106 0.014649 0.144615 0.432126 0.437679 0.000005 0.216990
0.439935 0.277597 0.452922 0.264610 0.443182 0.264610 0.488636 0.274351 0.491883 0.280844 0.488636 0.371753 0.511364 0.378247 0.501623 0.498377 0.586039 0.501623 0.394481 0.530844 0.501623 0.560065 0.514610 0.625000 0.485390 0.625000 0.563312 0.836039 0.378247 0.790584 0.676948 1.000000 0.501623 0.959416 0.091393 0.383686 0.039659 0.149423 0.438876 0.480499 0.000005 0.254999
0.442680 0.281069 0.452233 0.268331 0.442680 0.268331 0.490447 0.274700 0.493631 0.284253 0.487262 0.370233 0.515922 0.379787 0.493631 0.491243 0.592349 0.494427 0.398097 0.523087 0.503184 0.545379 0.515922 0.624990 0.480893 0.624990 0.576427 0.822426 0.382175 0.787397 0.684698 1.000000 0.468155 0.975280 0.067203 0.310462 0.058994 0.128683 0.414321 0.521918 0.004055 0.268504
0.443754 0.284392 0.456253 0.271893 0.446879 0.271893 0.493750 0.278142 0.496875 0.287517 0.481251 0.368760 0.521873 0.381259 0.487501 0.487501 0.596867 0.493750 0.403133 0.515624 0.509374 0.540622 0.515624 0.624990 0.481251 0.624990 0.584368 0.815600 0.387509 0.784353 0.696860 1.000000 0.443754 0.990587 0.061842 0.254004 0.067732 0.116685 0.414321 0.530619 0.003978 0.279432
0.448130 0.283873 0.457561 0.271299 0.448130 0.271299 0.495284 0.277586 0.501572 0.290161 0.479566 0.368752 0.526721 0.381327 0.482710 0.481924 0.605313 0.491355 0.404118 0.507073 0.511003 0.532223 0.514146 0.623389 0.479566 0.626532 0.592738 0.818295 0.397831 0.793146 0.718484 0.994340 0.410406 1.000000 0.075428 0.163604 0.079039 0.084697 0.410258 0.567272 0.008006 0.267175
0.446951 0.280458 0.456745 0.267400 0.446951 0.267400 0.495919 0.270665 0.502448 0.286988 0.476332 0.365337 0.535094 0.384924 0.473067 0.489390 0.610179 0.495919 0.397983 0.515507 0.508978 0.538359 0.505713 0.623237 0.482861 0.626502 0.587327 0.832169 0.397983 0.819111 0.737497 0.998661 0.381660 1.000000 0.115069 0.109097 0.082431 0.064342 0.385075 0.562923 0.014553 0.250661
0.446575 0.286300 0.456438 0.269861 0.446575 0.269861 0.495890 0.273149 0.502466 0.286300 0.472877 0.368492 0.535343 0.381643 0.466301 0.486849 0.610960 0.503288 0.397260 0.519726 0.502466 0.542740 0.502466 0.621645 0.489315 0.628220 0.584658 0.835345 0.407123 0.835345 0.752331 0.993154 0.367670 1.000000 0.142768 0.063834 0.079838 0.061505 0.340871 0.566016 0.010467 0.237122
