0.592631 0.298242 0.587556 0.288090 0.592631 0.283014 0.506345 0.285552 0.574866 0.288090 0.453050 0.376915 0.572329 0.374377 0.356612 0.480966 0.579942 0.478428 0.430209 0.567253 0.602783 0.582480 0.445436 0.623085 0.529185 0.625623 0.491118 0.848953 0.534261 0.874332 0.346461 0.914937 0.480966 1.000000 0.427300 0.077186 0.073362 0.060627 0.462708 0.045532 0.032368 0.057025
0.588181 0.297815 0.583142 0.285217 0.588181 0.282698 0.507558 0.282698 0.575583 0.285217 0.452131 0.375917 0.578103 0.375917 0.351353 0.469137 0.588181 0.486773 0.416858 0.557317 0.603297 0.579992 0.442053 0.622823 0.527714 0.625342 0.492442 0.836976 0.525194 0.869728 0.368989 0.917598 0.467247 1.000000 0.389408 0.073102 0.086543 0.060170 0.465768 0.022314 0.038589 0.076840
0.586065 0.305286 0.583623 0.290637 0.588506 0.288195 0.507935 0.288195 0.573857 0.290637 0.454221 0.373650 0.578740 0.378533 0.356559 0.456662 0.598273 0.488403 0.407831 0.539675 0.605597 0.561649 0.442013 0.620246 0.525026 0.627571 0.503052 0.818012 0.512818 0.859519 0.390741 0.920557 0.449338 1.000000 0.359750 0.070037 0.111036 0.050881 0.451872 0.024278 0.042090 0.112029
0.587386 0.305253 0.582393 0.292769 0.589883 0.290272 0.504993 0.287776 0.574903 0.290272 0.455058 0.372665 0.582393 0.380156 0.352691 0.452562 0.607361 0.495007 0.402627 0.534955 0.612354 0.562419 0.440078 0.619844 0.522471 0.627335 0.514981 0.819585 0.512484 0.862030 0.412614 0.956906 0.435084 1.000000 0.318105 0.083983 0.133468 0.062169 0.462482 0.044602 0.047865 0.127737
0.582692 0.306440 0.580242 0.294189 0.585142 0.291739 0.504288 0.289289 0.572891 0.291739 0.455285 0.372593 0.580242 0.379944 0.352380 0.448547 0.609643 0.495100 0.403833 0.531852 0.612093 0.556353 0.443035 0.620056 0.521439 0.627407 0.511638 0.818516 0.504288 0.860169 0.420983 0.975325 0.425884 1.000000 0.272792 0.080008 0.121685 0.050849 0.473725 0.066845 0.045388 0.129352
0.581863 0.305886 0.576902 0.293482 0.584344 0.293482 0.502481 0.291001 0.571940 0.291001 0.455348 0.370384 0.584344 0.382787 0.348678 0.447285 0.611631 0.499380 0.400772 0.534110 0.611631 0.551474 0.440463 0.618453 0.519846 0.628376 0.500000 0.829312 0.504961 0.864042 0.423098 1.000000 0.410695 1.000000 0.190012 0.099897 0.106671 0.061673 0.473193 0.073181 0.050751 0.107673
0.578568 0.303889 0.576093 0.293991 0.581043 0.291517 0.501856 0.291517 0.571144 0.291517 0.457313 0.370703 0.585992 0.383076 0.350907 0.444941 0.613212 0.501856 0.395449 0.531551 0.608263 0.551348 0.439991 0.618161 0.516703 0.628060 0.501856 0.828501 0.504331 0.863145 0.435042 1.000000 0.407822 1.000000 0.190047 0.109657 0.113298 0.070998 0.457298 0.103433 0.055417 0.107791
0.576341 0.299528 0.571375 0.289598 0.578823 0.287115 0.499379 0.289598 0.566410 0.287115 0.454692 0.371524 0.583788 0.381455 0.347939 0.443520 0.613580 0.508069 0.390144 0.535377 0.606132 0.547790 0.442279 0.619786 0.519240 0.627234 0.511792 0.840740 0.496897 0.863083 0.477036 1.000000 0.405040 1.000000 0.148389 0.095346 0.112924 0.051684 0.448224 0.132556 0.049191 0.127088
0.574927 0.296714 0.570014 0.286888 0.577384 0.286888 0.496315 0.291801 0.565101 0.289344 0.454552 0.372870 0.584754 0.380240 0.351374 0.446568 0.616690 0.505527 0.390680 0.535007 0.601950 0.544833 0.442269 0.620989 0.518425 0.625902 0.506142 0.842085 0.501228 0.854368 0.498772 1.000000 0.400507 1.000000 0.099674 0.128468 0.105264 0.060028 0.435693 0.193646 0.050254 0.113433
0.560739 0.291752 0.555781 0.284315 0.568176 0.284315 0.493802 0.291752 0.568176 0.294231 0.449178 0.373564 0.583051 0.378522 0.352491 0.450417 0.615280 0.502479 0.387199 0.534708 0.597926 0.539666 0.444219 0.621478 0.523552 0.626436 0.501240 0.852038 0.503719 0.856996 0.511156 1.000000 0.392157 1.000000 0.063779 0.165437 0.083539 0.047662 0.410555 0.219951 0.041150 0.104488
0.550987 0.291646 0.545951 0.281574 0.558541 0.281574 0.493076 0.284092 0.571130 0.289128 0.447754 0.374736 0.583719 0.377253 0.349557 0.450272 0.616452 0.503147 0.387325 0.538398 0.593791 0.540915 0.442718 0.624005 0.525808 0.624005 0.493076 0.853132 0.505665 0.855650 0.515737 1.000000 0.384807 1.000000 0.038797 0.189781 0.075293 0.045768 0.420167 0.252989 0.040180 0.096473
0.559575 0.286044 0.554450 0.275794 0.564699 0.273232 0.490391 0.280919 0.564699 0.278357 0.444269 0.375726 0.582636 0.375726 0.344337 0.457721 0.618509 0.503844 0.385335 0.544841 0.595448 0.549966 0.441707 0.624274 0.531389 0.624274 0.492954 0.862573 0.510890 0.865135 0.518577 1.000000 0.380210 0.988128 0.034043 0.232618 0.070708 0.037699 0.421288 0.234485 0.034323 0.094452
0.565387 0.287492 0.557842 0.277433 0.565387 0.274918 0.487426 0.282463 0.555327 0.279948 0.444673 0.375513 0.577961 0.375513 0.351622 0.463534 0.613170 0.493713 0.389345 0.544010 0.590536 0.549040 0.447187 0.624487 0.530179 0.624487 0.497485 0.855856 0.517604 0.858371 0.520119 1.000000 0.384315 0.946392 0.038688 0.297126 0.064923 0.043259 0.398367 0.215758 0.028858 0.085235
0.561727 0.286184 0.554090 0.273457 0.564272 0.273457 0.485364 0.278548 0.554090 0.278548 0.439546 0.375274 0.576999 0.375274 0.350456 0.474546 0.615181 0.497455 0.396274 0.558545 0.587181 0.566181 0.447182 0.624726 0.536272 0.624726 0.490455 0.861451 0.523545 0.866542 0.510818 1.000000 0.393728 0.917450 0.030808 0.364301 0.047809 0.034777 0.391758 0.219558 0.021081 0.074288
0.562702 0.281823 0.555024 0.271586 0.565261 0.269027 0.483365 0.274145 0.555024 0.274145 0.437298 0.376516 0.578057 0.373956 0.357961 0.486564 0.616446 0.494242 0.416824 0.578697 0.585735 0.576138 0.447535 0.624764 0.537109 0.624764 0.493602 0.867894 0.531991 0.873012 0.498720 1.000000 0.409146 0.903723 0.052372 0.415459 0.046486 0.044952 0.379795 0.212536 0.019564 0.066167
0.561738 0.277487 0.554020 0.264625 0.564310 0.264625 0.481993 0.272342 0.556593 0.272342 0.438262 0.377811 0.577172 0.372666 0.361090 0.490997 0.610613 0.490997 0.417683 0.575886 0.590034 0.583603 0.445980 0.624762 0.538586 0.624762 0.497428 0.869140 0.543731 0.876857 0.484566 1.000000 0.417683 0.887147 0.085200 0.480568 0.056104 0.054841 0.377650 0.157275 0.019664 0.059553
0.567201 0.276637 0.559521 0.266397 0.567201 0.263837 0.485280 0.271517 0.556961 0.274077 0.439199 0.379038 0.574881 0.371358 0.367518 0.501920 0.605601 0.486560 0.428959 0.581281 0.592801 0.586401 0.449439 0.624802 0.536480 0.624802 0.508320 0.860325 0.562081 0.870565 0.482720 1.000000 0.428959 0.878245 0.114826 0.514694 0.064724 0.080903 0.377796 0.123540 0.017937 0.044941
0.573538 0.280700 0.565659 0.270195 0.570911 0.267568 0.489495 0.275447 0.557780 0.275447 0.439594 0.380501 0.576164 0.369996 0.371309 0.514445 0.599801 0.485555 0.439594 0.582730 0.602427 0.590609 0.444847 0.624751 0.539395 0.624751 0.497374 0.866375 0.573538 0.869002 0.473737 1.000000 0.452726 0.897891 0.102113 0.469494 0.061293 0.089835 0.400070 0.056267 0.020077 0.023929
0.565612 0.282169 0.560363 0.271672 0.570861 0.269047 0.492127 0.279545 0.565612 0.282169 0.439637 0.387148 0.578734 0.363528 0.379275 0.520996 0.589232 0.463257 0.450135 0.581358 0.604979 0.581358 0.442262 0.628599 0.539367 0.620725 0.479004 0.880547 0.586607 0.862176 0.465882 1.000000 0.479004 0.901543 0.063761 0.449861 0.042636 0.109847 0.410269 0.008810 0.023412 0.015406
0.570636 0.287457 0.562999 0.274730 0.570636 0.272184 0.481546 0.282366 0.557908 0.284911 0.443364 0.389274 0.573181 0.361274 0.387365 0.521636 0.578272 0.452910 0.456091 0.567454 0.601181 0.567454 0.443364 0.628544 0.540091 0.620908 0.473909 0.865269 0.590999 0.827087 0.443364 1.000000 0.501909 0.900905 0.082581 0.356808 0.040847 0.117405 0.440234 0.045167 0.021081 0.036207
0.571767 0.289069 0.564278 0.276588 0.569270 0.274091 0.484399 0.281580 0.554293 0.284076 0.444459 0.388918 0.569270 0.361459 0.394534 0.518722 0.569270 0.446331 0.464429 0.556165 0.601721 0.558661 0.446955 0.628556 0.539316 0.621067 0.471917 0.863201 0.591736 0.813277 0.426985 1.000000 0.501872 0.918118 0.095896 0.310313 0.030420 0.121317 0.460327 0.089519 0.017490 0.051015
0.570771 0.291380 0.565848 0.281534 0.570771 0.279072 0.489538 0.286457 0.556001 0.288919 0.445230 0.387382 0.563386 0.362766 0.400921 0.517847 0.560924 0.439076 0.469846 0.554770 0.595387 0.549847 0.450153 0.628618 0.541232 0.621233 0.462461 0.855085 0.595387 0.803391 0.413229 1.000000 0.528924 0.928932 0.086887 0.246969 0.010788 0.119201 0.447667 0.106273 0.010972 0.074701
0.574612 0.295439 0.569638 0.283003 0.574612 0.278029 0.492539 0.285490 0.557203 0.287977 0.445284 0.392434 0.559690 0.357615 0.405491 0.521762 0.554716 0.434714 0.490052 0.556581 0.594509 0.549120 0.452746 0.628706 0.542280 0.621245 0.452746 0.857516 0.596996 0.817723 0.400517 1.000000 0.534819 0.979383 0.072192 0.203328 0.010048 0.107443 0.470681 0.127058 0.006334 0.086453
0.575892 0.292095 0.570790 0.281891 0.578443 0.276789 0.491709 0.284442 0.558035 0.284442 0.443241 0.394134 0.555484 0.355869 0.404976 0.524234 0.545280 0.429848 0.491709 0.554846 0.596300 0.544642 0.453444 0.628825 0.547831 0.621172 0.440690 0.866067 0.598851 0.838006 0.379466 1.000000 0.552933 1.000000 0.064984 0.146656 0.030928 0.082738 0.483053 0.176754 0.001623 0.090655
0.576273 0.292973 0.571145 0.282718 0.578837 0.277590 0.496795 0.285282 0.555763 0.282718 0.445519 0.395525 0.550635 0.354504 0.404498 0.523715 0.540380 0.426291 0.491668 0.554481 0.596783 0.544226 0.455774 0.628831 0.548071 0.621140 0.432700 0.867264 0.594220 0.849318 0.363478 1.000000 0.560890 1.000000 0.066124 0.110206 0.044691 0.066581 0.490581 0.187167 0.004896 0.094229
0.576250 0.296250 0.571250 0.283750 0.578750 0.278750 0.498750 0.286250 0.558750 0.283750 0.448750 0.393750 0.551250 0.356250 0.403750 0.521250 0.536250 0.423750 0.488750 0.553750 0.596250 0.536250 0.456250 0.628750 0.543750 0.621250 0.431250 0.853750 0.586250 0.848750 0.358750 1.000000 0.568750 1.000000 0.072980 0.082701 0.045379 0.067793 0.491753 0.225563 0.000005 0.094010
0.576592 0.299022 0.571690 0.286767 0.579043 0.281865 0.498162 0.289218 0.559436 0.286767 0.451594 0.394609 0.547181 0.355394 0.409928 0.519608 0.539828 0.416668 0.488358 0.546568 0.593749 0.526960 0.458947 0.627449 0.542279 0.622548 0.431986 0.850486 0.581494 0.848035 0.353556 1.000000 0.576592 1.000000 0.090077 0.061582 0.048340 0.060650 0.497025 0.182757 0.001562 0.093101
0.581246 0.298760 0.573746 0.286261 0.581246 0.281261 0.496250 0.288761 0.561247 0.286261 0.451252 0.393755 0.551247 0.356257 0.403755 0.518749 0.546248 0.416254 0.483751 0.548748 0.598745 0.531248 0.456252 0.628744 0.541248 0.621244 0.438753 0.853732 0.581246 0.856232 0.343758 1.000000 0.581246 1.000000 0.137501 0.053666 0.031479 0.065672 0.501393 0.162785 0.003182 0.078374
0.579818 0.299527 0.572393 0.289627 0.582293 0.282202 0.498144 0.292102 0.562493 0.287152 0.451119 0.396051 0.552593 0.353976 0.401620 0.519800 0.545168 0.415851 0.475869 0.549500 0.597143 0.532175 0.456069 0.628699 0.540218 0.621274 0.448644 0.851446 0.574868 0.856396 0.334795 0.994995 0.579818 1.000000 0.202827 0.039655 0.017378 0.061300 0.500000 0.171768 0.004727 0.057180
0.576683 0.298934 0.569437 0.286858 0.579098 0.282028 0.494566 0.291689 0.559776 0.286858 0.453507 0.393127 0.550116 0.356899 0.400373 0.511472 0.540455 0.424525 0.477659 0.545285 0.593589 0.535624 0.458338 0.627402 0.538040 0.622572 0.455923 0.839940 0.569437 0.847186 0.335162 0.948624 0.574268 1.000000 0.263121 0.037136 0.010179 0.058667 0.503054 0.187167 0.004613 0.047825
0.576570 0.296630 0.569219 0.286829 0.579020 0.279478 0.495712 0.289279 0.561869 0.286829 0.451608 0.389739 0.554518 0.360336 0.392802 0.504901 0.544717 0.431393 0.471210 0.551455 0.593722 0.544104 0.456508 0.627413 0.537366 0.622512 0.463859 0.843034 0.569219 0.852835 0.336446 0.918992 0.569219 1.000000 0.339728 0.043744 0.004286 0.064538 0.479727 0.174177 0.007800 0.032897
0.577053 0.293074 0.569597 0.280646 0.579539 0.275675 0.495029 0.283132 0.564625 0.283132 0.452774 0.385041 0.557169 0.365157 0.388148 0.499379 0.554683 0.449667 0.465202 0.554062 0.596938 0.559033 0.455259 0.626144 0.534798 0.623658 0.472658 0.847362 0.567111 0.857304 0.343408 0.899559 0.559654 1.000000 0.402811 0.054351 0.021703 0.071222 0.467297 0.126719 0.012662 0.018760
0.572519 0.288538 0.565206 0.276350 0.572519 0.273912 0.494515 0.278787 0.562768 0.281225 0.450639 0.381167 0.557893 0.368979 0.382386 0.490859 0.557893 0.456733 0.460389 0.556674 0.592020 0.561549 0.455514 0.624927 0.535955 0.624927 0.479890 0.836999 0.562768 0.851624 0.348259 0.863812 0.535955 1.000000 0.472462 0.077509 0.030062 0.064693 0.454082 0.100190 0.010865 0.001054
0.579856 0.286634 0.574865 0.274156 0.579856 0.271661 0.497505 0.274156 0.564883 0.276652 0.450090 0.378968 0.564883 0.371481 0.372729 0.493761 0.567379 0.466311 0.447594 0.563636 0.599820 0.581104 0.447594 0.626023 0.537433 0.623528 0.492513 0.845628 0.559892 0.858106 0.355260 0.870584 0.527451 1.000000 0.506974 0.075551 0.067438 0.064915 0.449730 0.079296 0.019076 0.033839
0.575314 0.287638 0.570376 0.277761 0.577784 0.275292 0.493827 0.280230 0.562968 0.280230 0.449379 0.379003 0.567906 0.371595 0.370360 0.490123 0.575314 0.472837 0.439502 0.569141 0.600008 0.583957 0.446910 0.625936 0.535805 0.623466 0.493827 0.840767 0.550621 0.853113 0.360483 0.870399 0.511112 1.000000 0.498837 0.075318 0.071624 0.060859 0.425572 0.046355 0.022026 0.047934
0.577367 0.287398 0.569819 0.277334 0.577367 0.274818 0.489307 0.279850 0.562271 0.279850 0.449051 0.377974 0.572335 0.372942 0.363507 0.486162 0.587431 0.486162 0.423891 0.574222 0.605043 0.591834 0.444019 0.624542 0.534595 0.624542 0.499371 0.843433 0.544659 0.861045 0.363507 0.881173 0.496855 1.000000 0.492594 0.078364 0.085335 0.060930 0.404291 0.010376 0.027263 0.065302
0.578507 0.288288 0.573359 0.275418 0.578507 0.272844 0.493565 0.277992 0.565637 0.277992 0.449807 0.375804 0.578507 0.375804 0.354569 0.478764 0.599099 0.496782 0.406049 0.568855 0.609395 0.586873 0.439511 0.622909 0.532175 0.625483 0.506435 0.841699 0.537323 0.870013 0.388031 0.913771 0.480695 1.000000 0.420440 0.079137 0.107744 0.065104 0.402854 0.017445 0.036128 0.087788
0.577712 0.289158 0.572616 0.276418 0.577712 0.273870 0.496178 0.276418 0.567520 0.278966 0.447767 0.373240 0.580260 0.378336 0.353494 0.470062 0.605739 0.498089 0.396809 0.556692 0.608287 0.582171 0.440123 0.622938 0.531849 0.625486 0.506370 0.824225 0.526753 0.864992 0.414644 0.918499 0.468151 1.000000 0.346846 0.068079 0.110947 0.054798 0.393340 0.057088 0.035761 0.107978
0.572140 0.288555 0.564677 0.276117 0.572140 0.273629 0.492537 0.281092 0.562190 0.281092 0.447761 0.373133 0.577115 0.378108 0.353232 0.460199 0.606966 0.500000 0.402984 0.549752 0.604479 0.567165 0.445273 0.621892 0.529851 0.626867 0.507463 0.810949 0.517413 0.858213 0.435323 0.937816 0.457711 1.000000 0.265735 0.062474 0.104341 0.042669 0.424488 0.088233 0.031726 0.118255
0.569685 0.287806 0.564663 0.277762 0.572196 0.275250 0.491839 0.282784 0.562151 0.280273 0.446638 0.373186 0.579730 0.378208 0.348702 0.458566 0.609864 0.501256 0.396414 0.548968 0.599819 0.564035 0.444127 0.621792 0.529506 0.626814 0.509417 0.820174 0.511928 0.860353 0.439104 0.975866 0.451660 1.000000 0.236231 0.054853 0.104421 0.039537 0.426346 0.126950 0.033634 0.125120
0.560856 0.288606 0.555731 0.278357 0.565981 0.275794 0.489110 0.280919 0.560856 0.278357 0.442988 0.370601 0.583917 0.380851 0.340494 0.462846 0.612103 0.511531 0.386616 0.555091 0.591604 0.565340 0.442988 0.619149 0.530108 0.629399 0.494235 0.842074 0.509609 0.872822 0.445550 1.000000 0.432738 1.000000 0.136752 0.071594 0.071925 0.041123 0.414321 0.183477 0.034323 0.098667
0.556687 0.285217 0.551649 0.277659 0.561726 0.275140 0.488663 0.280179 0.561726 0.277659 0.445832 0.370879 0.584401 0.380956 0.345054 0.454020 0.614635 0.511967 0.385365 0.544720 0.591960 0.554798 0.440793 0.620303 0.528974 0.627862 0.498740 0.836976 0.513857 0.859650 0.455910 1.000000 0.435754 1.000000 0.144607 0.085959 0.089612 0.049562 0.413555 0.227177 0.038589 0.103913
0.532586 0.282347 0.527668 0.277428 0.539965 0.274969 0.483399 0.282347 0.557180 0.279888 0.446509 0.370884 0.581774 0.380721 0.345675 0.454502 0.613745 0.506148 0.382566 0.540579 0.586692 0.547957 0.444050 0.621738 0.527668 0.626657 0.503074 0.830783 0.507993 0.847999 0.493237 1.000000 0.434212 1.000000 0.103110 0.079780 0.090716 0.040710 0.408504 0.262253 0.036088 0.115816
0.520835 0.283683 0.515933 0.276329 0.528189 0.276329 0.484067 0.283683 0.555152 0.281232 0.444848 0.371926 0.579664 0.379279 0.344350 0.455266 0.616431 0.504290 0.381117 0.538606 0.587017 0.543509 0.444848 0.621947 0.530640 0.626849 0.506128 0.842553 0.508579 0.854809 0.511030 1.000000 0.415434 1.000000 0.079326 0.123870 0.086245 0.031518 0.411878 0.295886 0.031260 0.116954
0.528046 0.288095 0.523060 0.280616 0.535525 0.278123 0.480679 0.283109 0.555469 0.283109 0.440791 0.372857 0.577906 0.377843 0.341071 0.460112 0.617794 0.502493 0.380959 0.542381 0.582892 0.549860 0.448270 0.622157 0.533032 0.627143 0.505609 0.861485 0.513088 0.863978 0.523060 1.000000 0.410875 1.000000 0.051191 0.164070 0.065304 0.029947 0.414891 0.300717 0.023829 0.101593
0.525575 0.278135 0.520460 0.267905 0.533248 0.267905 0.482097 0.273020 0.558823 0.273020 0.438620 0.375321 0.579283 0.375321 0.338876 0.467392 0.622761 0.498082 0.382354 0.544117 0.586956 0.551790 0.446292 0.625958 0.535805 0.623400 0.502558 0.866365 0.520460 0.863807 0.530690 1.000000 0.407929 0.991683 0.036487 0.209420 0.063440 0.034935 0.426830 0.295514 0.022814 0.093471
0.537322 0.276071 0.532174 0.265775 0.545043 0.265775 0.480696 0.268349 0.557913 0.268349 0.434365 0.376453 0.578504 0.373879 0.339131 0.476835 0.622260 0.497426 0.388035 0.548904 0.581078 0.561774 0.447235 0.626121 0.539895 0.623547 0.501287 0.870642 0.527026 0.873216 0.534748 1.000000 0.398331 0.971024 0.025960 0.276747 0.052857 0.032443 0.431401 0.289565 0.016393 0.085643
0.548447 0.285815 0.540797 0.275615 0.553546 0.273066 0.482151 0.273066 0.556096 0.273066 0.433705 0.375059 0.573945 0.375059 0.336811 0.484701 0.617292 0.497450 0.392907 0.561196 0.584144 0.571395 0.451553 0.624941 0.540797 0.624941 0.507649 0.872275 0.535698 0.877374 0.533148 1.000000 0.410756 0.928371 0.036530 0.370218 0.048295 0.035550 0.431786 0.242489 0.009741 0.077423
0.549358 0.277567 0.541666 0.267311 0.551922 0.264747 0.477564 0.267311 0.549358 0.267311 0.428847 0.377566 0.572435 0.372438 0.341669 0.492949 0.616024 0.485257 0.416027 0.564743 0.587819 0.572435 0.451924 0.626280 0.546794 0.623716 0.500641 0.877559 0.541666 0.877559 0.513461 1.000000 0.416027 0.895508 0.042891 0.448403 0.031507 0.025939 0.461545 0.216959 0.001632 0.067387
0.542098 0.267490 0.536917 0.254537 0.547279 0.254537 0.479923 0.257128 0.552460 0.257128 0.428110 0.378888 0.573186 0.371116 0.342619 0.503238 0.617226 0.485104 0.425519 0.570595 0.593911 0.580957 0.451426 0.627589 0.547279 0.622408 0.500648 0.889243 0.555051 0.884062 0.503238 1.000000 0.433291 0.884062 0.055399 0.509452 0.029434 0.042152 0.474526 0.193311 0.001650 0.049736
