0.489336 0.262441 0.508294 0.241114 0.472749 0.243483 0.536730 0.257701 0.449052 0.260071 0.579384 0.376185 0.420616 0.373815 0.624408 0.525474 0.373223 0.511256 0.520142 0.504147 0.404028 0.542062 0.550948 0.625000 0.449052 0.625000 0.524882 0.850119 0.449052 0.850119 0.520142 1.000000 0.484597 1.000000 0.029461 0.063660 0.000464 0.035882 0.657460 0.355698 0.000004 0.036694
0.479953 0.265330 0.498821 0.241745 0.465802 0.244104 0.534198 0.258255 0.449292 0.258255 0.581368 0.378538 0.418632 0.371462 0.623821 0.527123 0.366745 0.503538 0.517689 0.503538 0.376179 0.527123 0.553066 0.626179 0.446934 0.623821 0.531840 0.845519 0.439858 0.838443 0.531840 1.000000 0.472877 0.996462 0.030709 0.076059 0.005512 0.046040 0.658190 0.240273 0.000004 0.020219
0.488268 0.263591 0.507039 0.240127 0.476535 0.242473 0.542237 0.256552 0.457763 0.261245 0.582127 0.380916 0.424912 0.369183 0.593859 0.514666 0.366250 0.474775 0.511732 0.493547 0.394408 0.495894 0.549276 0.627297 0.443684 0.622604 0.551623 0.850213 0.443684 0.838481 0.551623 1.000000 0.462456 0.986309 0.003351 0.040205 0.045543 0.023535 0.607966 0.456582 0.008964 0.003351
0.487591 0.266584 0.508864 0.242947 0.478136 0.245311 0.546683 0.264221 0.456862 0.261857 0.579775 0.382406 0.437953 0.368224 0.549047 0.498227 0.374133 0.460408 0.454499 0.450953 0.388315 0.514773 0.541956 0.628231 0.440316 0.621140 0.546683 0.864601 0.437953 0.862237 0.556138 1.000000 0.456862 1.000000 0.007772 0.034077 0.054955 0.006094 0.565036 0.273978 0.022591 0.009485
0.480189 0.271618 0.504403 0.251806 0.469182 0.251806 0.544026 0.271618 0.449371 0.269416 0.566038 0.375078 0.442767 0.375078 0.515409 0.476336 0.403144 0.480739 0.442767 0.403694 0.414150 0.515959 0.541824 0.626023 0.449371 0.623822 0.552831 0.846151 0.444968 0.848352 0.563837 1.000000 0.458176 1.000000 0.001014 0.026748 0.046522 0.014690 0.602416 0.210611 0.011214 0.022143
0.478599 0.272272 0.500549 0.252517 0.469819 0.250322 0.544448 0.274467 0.456649 0.270077 0.568593 0.377631 0.452259 0.373241 0.515914 0.489574 0.406165 0.487379 0.445675 0.425920 0.410555 0.487379 0.533473 0.625662 0.445675 0.623467 0.551033 0.845159 0.434700 0.849549 0.570788 1.000000 0.441285 1.000000 0.004973 0.025595 0.070183 0.007065 0.594352 0.622173 0.026581 0.040850
0.474318 0.276123 0.494417 0.258257 0.472085 0.256024 0.536848 0.276123 0.467619 0.271656 0.565879 0.374383 0.456453 0.376616 0.498883 0.463711 0.405089 0.492742 0.431888 0.405648 0.380524 0.570904 0.532381 0.624500 0.445287 0.624500 0.548014 0.850052 0.431888 0.852286 0.574812 1.000000 0.431888 1.000000 0.021114 0.018702 0.064404 0.004373 0.522469 0.035628 0.028472 0.040728
0.476355 0.268056 0.498874 0.250041 0.465096 0.250041 0.539408 0.268056 0.444829 0.265804 0.570934 0.378398 0.433569 0.371642 0.552919 0.513511 0.395287 0.484237 0.460592 0.502252 0.402043 0.547290 0.546164 0.623854 0.449333 0.626106 0.561927 0.846791 0.442577 0.858050 0.604713 1.000000 0.447081 1.000000 0.051754 0.015969 0.054484 0.028962 0.496435 0.138297 0.005734 0.031738
0.474919 0.272595 0.494984 0.252530 0.468230 0.250301 0.539573 0.268137 0.454854 0.263678 0.568556 0.379609 0.443706 0.370692 0.555179 0.517836 0.401347 0.484394 0.448165 0.524524 0.410264 0.533442 0.539573 0.627079 0.448165 0.622620 0.548491 0.850025 0.441477 0.858942 0.597539 0.965956 0.450395 1.000000 0.114675 0.021991 0.049836 0.014640 0.449423 0.170765 0.015619 0.021732
0.469787 0.255445 0.492589 0.237203 0.462946 0.234923 0.540474 0.257726 0.458386 0.250885 0.581518 0.383138 0.431023 0.367177 0.602040 0.535914 0.392259 0.488029 0.494869 0.535914 0.394539 0.538194 0.545035 0.627123 0.442424 0.622562 0.549595 0.846025 0.446985 0.861987 0.597480 0.918992 0.467507 1.000000 0.178230 0.024322 0.053878 0.008138 0.542504 0.113258 0.015975 0.000560
0.477126 0.270147 0.499442 0.250062 0.463737 0.247831 0.539611 0.263452 0.448116 0.261220 0.579779 0.379494 0.425800 0.370568 0.608790 0.520084 0.390094 0.493305 0.519526 0.513390 0.385631 0.533474 0.548537 0.624969 0.445884 0.624969 0.555232 0.834738 0.457042 0.852591 0.597632 0.912844 0.488284 1.000000 0.148154 0.032999 0.050451 0.009487 0.588602 0.054889 0.007104 0.005436
0.477486 0.264726 0.497749 0.239960 0.463977 0.242211 0.538274 0.255720 0.445966 0.255720 0.581051 0.379548 0.425703 0.370543 0.617074 0.519137 0.389680 0.480863 0.538274 0.516886 0.369417 0.532646 0.545029 0.627206 0.448217 0.622703 0.518011 0.836589 0.461726 0.845595 0.599063 0.910886 0.504503 1.000000 0.304677 0.046958 0.005130 0.009077 0.589483 0.018262 0.008601 0.060114
0.477486 0.264726 0.497749 0.239960 0.463977 0.242211 0.538274 0.255720 0.443714 0.255720 0.581051 0.379548 0.425703 0.370543 0.617074 0.519137 0.389680 0.480863 0.536023 0.516886 0.369417 0.532646 0.545029 0.627206 0.448217 0.622703 0.518011 0.836589 0.461726 0.845595 0.599063 0.910886 0.504503 1.000000 0.304677 0.046958 0.005130 0.009077 0.589230 0.018262 0.008601 0.060114
0.474886 0.269977 0.497717 0.244863 0.461187 0.247146 0.536530 0.253995 0.442922 0.260845 0.579909 0.375000 0.420091 0.375000 0.623288 0.491438 0.388128 0.498288 0.550228 0.502854 0.351598 0.546233 0.550228 0.623858 0.449772 0.626142 0.509132 0.843037 0.468037 0.856735 0.573059 0.982306 0.531963 1.000000 0.195975 0.082007 0.021213 0.012285 0.564179 0.126497 0.000004 0.084158
0.482148 0.262160 0.505183 0.239125 0.468326 0.241428 0.542040 0.252946 0.442987 0.255249 0.578896 0.372730 0.415345 0.377337 0.638788 0.494817 0.383096 0.510942 0.611146 0.527067 0.360060 0.552405 0.553557 0.623815 0.452202 0.626119 0.509790 0.840347 0.470630 0.856472 0.555861 1.000000 0.546647 1.000000 0.131622 0.106531 0.031469 0.021405 0.370735 0.086023 0.007333 0.088895
0.498297 0.269511 0.521005 0.246803 0.480130 0.249074 0.550526 0.260428 0.446068 0.260428 0.582318 0.373969 0.407464 0.376240 0.641359 0.489781 0.384755 0.514760 0.627734 0.517031 0.402922 0.528385 0.559609 0.623760 0.450610 0.626031 0.500568 0.825864 0.473318 0.846301 0.511922 1.000000 0.545984 1.000000 0.108745 0.083158 0.061614 0.021744 0.297654 0.346889 0.013015 0.123172
0.481166 0.258584 0.508561 0.235755 0.462903 0.238038 0.549653 0.251736 0.437791 0.254019 0.586179 0.375012 0.410397 0.375012 0.643251 0.491439 0.396699 0.507419 0.634120 0.541663 0.378436 0.566775 0.556502 0.623847 0.446923 0.626130 0.499429 0.836156 0.483449 0.861267 0.499429 1.000000 0.542804 1.000000 0.083591 0.040465 0.045806 0.003079 0.202326 0.062203 0.004361 0.132645
0.481083 0.253505 0.504013 0.230575 0.462739 0.232868 0.542993 0.246626 0.439809 0.255798 0.591146 0.372740 0.414587 0.377326 0.648470 0.489682 0.393950 0.503439 0.637005 0.526369 0.380192 0.583694 0.552165 0.624967 0.442102 0.624967 0.506306 0.849679 0.478790 0.868023 0.487962 1.000000 0.554458 1.000000 0.035223 0.065336 0.015274 0.012463 0.241489 0.002413 0.007299 0.111768
0.489819 0.259625 0.510181 0.234739 0.469458 0.239264 0.541853 0.250576 0.442310 0.261888 0.584838 0.372743 0.417424 0.377267 0.625560 0.483598 0.399325 0.501697 0.627823 0.522058 0.383489 0.583141 0.553165 0.626126 0.444572 0.623864 0.512443 0.865935 0.469458 0.865935 0.473983 1.000000 0.555428 1.000000 0.004620 0.114975 0.013958 0.002295 0.093357 0.015154 0.002880 0.086151
0.488078 0.261563 0.508516 0.238855 0.469912 0.241126 0.540307 0.252480 0.444932 0.259292 0.576640 0.372834 0.413141 0.377375 0.608432 0.481833 0.385891 0.515896 0.599349 0.477292 0.442662 0.520437 0.560745 0.624896 0.449474 0.624896 0.508516 0.865603 0.456287 0.863332 0.472182 1.000000 0.540307 1.000000 0.015976 0.147584 0.047966 0.037301 0.737918 0.536418 0.013015 0.077105
0.495022 0.262170 0.514933 0.240047 0.479536 0.242259 0.545907 0.257746 0.455200 0.257746 0.581304 0.377214 0.419802 0.372789 0.568030 0.496681 0.377767 0.503319 0.452987 0.494469 0.461837 0.503319 0.550331 0.624999 0.448562 0.624999 0.497235 0.850660 0.452987 0.852873 0.483960 1.000000 0.503872 1.000000 0.053051 0.082931 0.033975 0.029962 0.470897 0.599168 0.001408 0.079738
0.483597 0.257355 0.501697 0.232469 0.467761 0.236994 0.537896 0.250568 0.445136 0.252831 0.585406 0.377264 0.413462 0.372739 0.639704 0.522059 0.356902 0.508484 0.587669 0.497172 0.440611 0.510746 0.553732 0.626130 0.447399 0.623868 0.501697 0.845585 0.438349 0.847847 0.481335 1.000000 0.492647 1.000000 0.044041 0.110218 0.033811 0.055610 0.756200 0.617065 0.001439 0.061253
0.479168 0.250011 0.502315 0.226864 0.465279 0.229178 0.541665 0.247696 0.444447 0.250011 0.587959 0.379635 0.409726 0.370376 0.636568 0.525462 0.351858 0.506944 0.543980 0.476853 0.414356 0.530091 0.555553 0.624995 0.446762 0.624995 0.509259 0.849522 0.432873 0.849522 0.497685 1.000000 0.502315 1.000000 0.047808 0.140783 0.022925 0.065641 0.756302 0.514670 0.002948 0.045060
0.487670 0.259568 0.507846 0.239392 0.474219 0.241634 0.541473 0.255084 0.454043 0.257326 0.588551 0.380625 0.415933 0.369416 0.615452 0.526341 0.350921 0.497198 0.530264 0.477022 0.389031 0.530825 0.552682 0.627222 0.442834 0.622738 0.519055 0.849159 0.413691 0.835708 0.505605 1.000000 0.463010 0.979183 0.026907 0.148680 0.001886 0.076966 0.725158 0.419678 0.005709 0.004574
0.483260 0.253358 0.501116 0.231037 0.472099 0.233270 0.536829 0.246662 0.452011 0.253358 0.585934 0.380585 0.416298 0.369425 0.599326 0.516740 0.358265 0.489956 0.547989 0.527901 0.400674 0.525669 0.552453 0.628343 0.445315 0.621647 0.534597 0.847084 0.425226 0.833692 0.530133 1.000000 0.438619 0.974311 0.018775 0.060290 0.016829 0.066525 0.463071 0.420050 0.002842 0.004138
0.493509 0.266854 0.515146 0.245216 0.478362 0.245216 0.547603 0.260362 0.452397 0.260362 0.586551 0.379370 0.419940 0.370715 0.608189 0.500541 0.372337 0.474576 0.606025 0.569782 0.398303 0.539489 0.549767 0.626040 0.443742 0.623876 0.541112 0.848908 0.435087 0.844581 0.543275 1.000000 0.441578 1.000000 0.015637 0.022966 0.034765 0.042315 0.066192 0.257917 0.008266 0.000137
0.477954 0.271138 0.501050 0.248041 0.463256 0.250141 0.538844 0.258540 0.442259 0.264839 0.589235 0.376120 0.419163 0.374021 0.610232 0.502100 0.391868 0.483203 0.614431 0.586086 0.400266 0.544093 0.549342 0.625979 0.442259 0.623880 0.545143 0.846443 0.427562 0.846443 0.551442 1.000000 0.431761 1.000000 0.015803 0.027355 0.044335 0.050330 0.036666 0.121609 0.010695 0.014928
0.476736 0.280048 0.497885 0.256783 0.461931 0.256783 0.540184 0.267358 0.445012 0.267358 0.582482 0.377334 0.432322 0.373104 0.586712 0.504230 0.404828 0.483081 0.612091 0.597287 0.404828 0.544413 0.544413 0.626896 0.440782 0.622666 0.550758 0.853193 0.430207 0.859537 0.561333 1.000000 0.430207 1.000000 0.007305 0.014201 0.057106 0.024987 0.074144 0.077979 0.018861 0.023123
0.481227 0.272048 0.504827 0.248448 0.468355 0.250594 0.545590 0.267757 0.444755 0.263466 0.573481 0.377174 0.431883 0.372883 0.547736 0.499464 0.412574 0.490882 0.446901 0.439392 0.410428 0.535936 0.547736 0.626044 0.446901 0.623899 0.558463 0.855605 0.438319 0.866332 0.579917 1.000000 0.438319 1.000000 0.019600 0.011264 0.047675 0.030284 0.604975 0.036483 0.006829 0.026127
0.484833 0.275630 0.505753 0.252617 0.468097 0.254709 0.539226 0.269353 0.445084 0.273538 0.570606 0.369771 0.428348 0.380231 0.608263 0.332114 0.424164 0.476465 0.583158 0.217053 0.432532 0.474373 0.551778 0.624999 0.449268 0.624999 0.553870 0.848846 0.445084 0.863491 0.585250 1.000000 0.445084 1.000000 0.055311 0.005584 0.026414 0.032724 0.318378 0.591810 0.001331 0.008558
0.483889 0.259447 0.506111 0.239447 0.468334 0.239447 0.539444 0.257225 0.441667 0.259447 0.579444 0.377223 0.421667 0.372779 0.579444 0.528333 0.397223 0.490556 0.468334 0.523889 0.406112 0.521666 0.552777 0.626110 0.446112 0.623888 0.557222 0.868330 0.448334 0.877218 0.606110 0.999439 0.455000 1.000000 0.107769 0.006130 0.039815 0.028097 0.512726 0.153725 0.001416 0.003049
0.481833 0.257217 0.503854 0.235196 0.468620 0.235196 0.539087 0.250611 0.451003 0.255015 0.580927 0.380536 0.424578 0.369525 0.605151 0.534683 0.358514 0.457609 0.530279 0.499449 0.343100 0.490641 0.550098 0.624970 0.444397 0.624970 0.554502 0.856191 0.451003 0.865000 0.600747 0.964095 0.468620 1.000000 0.122819 0.015915 0.045999 0.015889 0.689621 0.065850 0.007010 0.002694
0.479717 0.265371 0.499452 0.241250 0.464367 0.245636 0.536729 0.254407 0.444632 0.260986 0.584971 0.375011 0.418318 0.375011 0.626634 0.513157 0.367884 0.491229 0.563043 0.543856 0.381041 0.524121 0.552079 0.624989 0.444632 0.624989 0.547693 0.842076 0.451210 0.855232 0.598127 0.934173 0.481909 1.000000 0.165907 0.035183 0.035214 0.024291 0.450074 0.251447 0.004187 0.015522
0.476942 0.263519 0.496246 0.242069 0.464072 0.244214 0.532711 0.259229 0.449057 0.261374 0.584189 0.372911 0.423318 0.377201 0.633523 0.490884 0.376129 0.503754 0.642103 0.557378 0.404013 0.514478 0.547725 0.623871 0.444767 0.626016 0.528421 0.840512 0.449057 0.853381 0.603494 0.934890 0.487667 1.000000 0.242182 0.053600 0.017640 0.021368 0.085230 0.496734 0.009560 0.034295
0.478150 0.249563 0.500560 0.229393 0.462462 0.229393 0.538658 0.249563 0.446775 0.249563 0.587961 0.377303 0.419883 0.372820 0.655193 0.502801 0.372820 0.491596 0.641746 0.554345 0.366097 0.505042 0.549863 0.626059 0.442293 0.623818 0.522971 0.847923 0.451257 0.865851 0.587961 0.986868 0.505042 1.000000 0.177659 0.066983 0.009979 0.016562 0.237775 0.027501 0.009988 0.050180
0.475546 0.259182 0.496810 0.237918 0.462788 0.240044 0.537212 0.257056 0.452155 0.257056 0.577615 0.378262 0.430891 0.371883 0.637155 0.486710 0.398995 0.493089 0.662672 0.535618 0.388363 0.507974 0.541465 0.624928 0.450029 0.624928 0.494684 0.841823 0.460661 0.854582 0.545718 1.000000 0.539339 1.000000 0.154246 0.118754 0.021300 0.009302 0.006749 0.115523 0.010832 0.082345
0.480727 0.249452 0.502753 0.229628 0.465309 0.231831 0.540198 0.247249 0.445485 0.247249 0.582048 0.379406 0.419054 0.370596 0.650329 0.498348 0.392622 0.502753 0.681166 0.553414 0.388217 0.500551 0.549008 0.626100 0.449890 0.623897 0.485132 0.841957 0.465309 0.857375 0.535793 1.000000 0.542400 1.000000 0.163540 0.102039 0.049202 0.017571 0.003390 0.584751 0.001401 0.112570
0.478524 0.249452 0.502753 0.229628 0.465309 0.231831 0.540198 0.247249 0.445485 0.247249 0.582048 0.379406 0.419054 0.370596 0.650329 0.498348 0.392622 0.502753 0.681166 0.553414 0.388217 0.500551 0.549008 0.626100 0.449890 0.623897 0.485132 0.841957 0.465309 0.857375 0.535793 1.000000 0.542400 1.000000 0.163540 0.102039 0.049202 0.017571 0.003390 0.584751 0.001401 0.112570
0.490064 0.254726 0.510982 0.235899 0.473328 0.235899 0.544453 0.254726 0.452410 0.252635 0.580015 0.378148 0.416848 0.371872 0.649047 0.491109 0.406388 0.495293 0.690885 0.539223 0.402204 0.491109 0.552820 0.624990 0.450318 0.624990 0.500523 0.836271 0.462869 0.853006 0.513074 1.000000 0.527717 1.000000 0.095236 0.090307 0.042310 0.024344 0.053220 0.723089 0.003995 0.094741
0.483769 0.250579 0.507575 0.228937 0.466455 0.231101 0.542201 0.246250 0.442649 0.252743 0.576828 0.378265 0.418843 0.371772 0.630933 0.495131 0.405858 0.501623 0.667724 0.544907 0.401530 0.497295 0.553022 0.624981 0.451306 0.624981 0.503246 0.845727 0.477276 0.854384 0.485933 1.000000 0.529216 1.000000 0.046840 0.047960 0.039976 0.004706 0.064593 0.718275 0.005511 0.106477
0.485453 0.253235 0.507004 0.229528 0.468212 0.231684 0.543642 0.248925 0.450970 0.251080 0.580279 0.376079 0.418643 0.373924 0.636313 0.496767 0.394936 0.511853 0.647089 0.542025 0.435884 0.483836 0.554418 0.626076 0.446660 0.623921 0.513470 0.852367 0.470367 0.856678 0.472522 1.000000 0.537176 1.000000 0.000000 0.077816 0.024171 0.003215 0.063957 0.745182 0.001371 0.089291
0.496355 0.261510 0.517184 0.240681 0.479692 0.240681 0.550510 0.259427 0.458863 0.257344 0.581753 0.376069 0.423454 0.373986 0.648405 0.501041 0.396377 0.515622 0.615079 0.538533 0.440117 0.507290 0.550510 0.626014 0.444283 0.623931 0.508852 0.861380 0.473443 0.861380 0.463029 1.000000 0.552593 1.000000 0.007073 0.088274 0.016177 0.012431 0.387256 0.620041 0.006631 0.094657
0.497374 0.267859 0.514181 0.246851 0.476366 0.248952 0.539390 0.261557 0.457458 0.265758 0.577205 0.372900 0.421744 0.377102 0.644431 0.488445 0.379728 0.524159 0.633927 0.538865 0.446954 0.492647 0.551995 0.624999 0.449055 0.624999 0.507878 0.860291 0.459559 0.853988 0.459559 1.000000 0.526785 1.000000 0.006038 0.103842 0.027273 0.020336 0.233111 0.728112 0.001339 0.073589
0.496293 0.261672 0.515359 0.240487 0.479345 0.242606 0.549254 0.257435 0.460279 0.257435 0.581032 0.376069 0.422146 0.373951 0.621283 0.507415 0.375540 0.509533 0.602216 0.526481 0.466634 0.494704 0.549254 0.626049 0.447568 0.623931 0.509004 0.848489 0.432738 0.856963 0.468753 1.000000 0.498411 1.000000 0.000000 0.146505 0.016735 0.052488 0.344654 0.656758 0.004047 0.036754
0.491870 0.258138 0.510162 0.237814 0.475611 0.241878 0.540649 0.252041 0.453254 0.258138 0.579266 0.376020 0.422767 0.373988 0.623980 0.518292 0.365858 0.502032 0.565039 0.518292 0.441059 0.512195 0.548779 0.623980 0.449189 0.626012 0.512195 0.841452 0.426832 0.847549 0.479675 1.000000 0.514227 0.949172 0.003997 0.258101 0.014110 0.065264 0.596929 0.590369 0.002588 0.021036
0.485265 0.253067 0.505589 0.232743 0.471039 0.234776 0.540139 0.249002 0.452747 0.253067 0.582819 0.377042 0.420229 0.372977 0.619402 0.525405 0.361291 0.507113 0.544204 0.511178 0.438521 0.511178 0.550301 0.624991 0.446650 0.624991 0.515751 0.842454 0.422262 0.838389 0.489330 1.000000 0.462909 0.968461 0.008173 0.132632 0.008645 0.069471 0.636470 0.615042 0.003882 0.013932
0.484312 0.260629 0.504555 0.240387 0.470142 0.242411 0.540992 0.258605 0.451923 0.262654 0.581477 0.376013 0.419535 0.373989 0.601720 0.505567 0.360831 0.501518 0.553137 0.517712 0.419535 0.519737 0.551113 0.624999 0.447875 0.624999 0.528846 0.839572 0.431681 0.833499 0.502530 1.000000 0.427632 1.000000 0.009930 0.017005 0.005713 0.060460 0.471358 0.541533 0.001290 0.008241
0.487699 0.264809 0.505412 0.245128 0.473922 0.247096 0.536902 0.262841 0.452273 0.266777 0.578233 0.375024 0.426687 0.375024 0.582169 0.500984 0.371580 0.493112 0.503444 0.469494 0.401102 0.500984 0.546743 0.624976 0.448337 0.624976 0.536902 0.839501 0.434560 0.837533 0.513285 1.000000 0.426687 1.000000 0.023424 0.007748 0.025301 0.048104 0.631063 0.556030 0.006265 0.006011
0.491969 0.267600 0.512047 0.245515 0.477914 0.247523 0.544171 0.263585 0.455829 0.267600 0.576295 0.374012 0.427720 0.376020 0.544171 0.476409 0.389572 0.490463 0.461852 0.418183 0.413666 0.490463 0.548187 0.624984 0.447798 0.624984 0.544171 0.853870 0.431736 0.857886 0.528109 1.000000 0.431736 1.000000 0.018394 0.021918 0.029919 0.047532 0.599191 0.602416 0.005112 0.016334
0.485618 0.269887 0.507439 0.248065 0.473715 0.248065 0.541163 0.261952 0.453878 0.261952 0.580837 0.373041 0.424122 0.377008 0.572902 0.490081 0.398333 0.507935 0.501488 0.436520 0.396350 0.529756 0.551081 0.624975 0.443959 0.624975 0.545130 0.855089 0.426106 0.861040 0.535211 1.000000 0.420155 1.000000 0.006360 0.015726 0.029192 0.049439 0.683285 0.033047 0.006314 0.015798
