0.611785 0.289428 0.616985 0.268631 0.596187 0.268631 0.601387 0.284228 0.549393 0.273830 0.596187 0.398613 0.476603 0.362218 0.606586 0.523397 0.346620 0.435009 0.622184 0.549393 0.435009 0.528596 0.487002 0.627383 0.440208 0.611785 0.414211 0.830156 0.559792 0.783363 0.310225 1.000000 0.445407 0.944541 0.051710 0.390210 0.032039 0.239847 0.145556 0.578414 0.094042 0.303456
0.603560 0.295345 0.608492 0.280551 0.583834 0.280551 0.598629 0.290414 0.539451 0.285483 0.593697 0.389043 0.470411 0.369317 0.598629 0.482740 0.356988 0.438357 0.608492 0.536986 0.435891 0.527123 0.490137 0.625752 0.445754 0.615889 0.401371 0.803283 0.549314 0.768763 0.307674 0.975884 0.455617 0.916706 0.010725 0.369233 0.016309 0.221250 0.040512 0.557249 0.082548 0.337108
0.605473 0.306224 0.615285 0.291506 0.590756 0.291506 0.600568 0.296412 0.541699 0.296412 0.595662 0.389621 0.473018 0.369998 0.600568 0.482830 0.360187 0.443584 0.600568 0.541699 0.428867 0.531887 0.487736 0.625096 0.443584 0.615285 0.394527 0.811514 0.546604 0.772268 0.291506 0.988121 0.482830 0.939063 0.020508 0.301108 0.010785 0.222876 0.016738 0.526465 0.088586 0.332444
0.605054 0.309667 0.605054 0.289892 0.585279 0.289892 0.585279 0.299780 0.535842 0.294836 0.595167 0.383823 0.466630 0.373935 0.600110 0.482697 0.352924 0.448091 0.595167 0.542022 0.422136 0.542022 0.491349 0.626065 0.446855 0.616177 0.392474 0.818870 0.550673 0.779320 0.273825 0.996843 0.491349 0.977068 0.036335 0.273169 0.021951 0.206323 0.042367 0.518183 0.079506 0.331227
0.599620 0.304450 0.604539 0.289692 0.584861 0.289692 0.584861 0.294611 0.535666 0.294611 0.589781 0.383162 0.466793 0.373323 0.594700 0.476632 0.353645 0.452035 0.594700 0.540586 0.427438 0.545505 0.491391 0.624217 0.452035 0.619298 0.397921 0.816077 0.540586 0.786560 0.250336 0.973501 0.520908 0.988259 0.095433 0.185941 0.020949 0.174061 0.016738 0.519254 0.072662 0.299287
0.602517 0.301142 0.607458 0.286320 0.587695 0.281379 0.587695 0.291261 0.538289 0.281379 0.587695 0.390072 0.464181 0.365369 0.602517 0.498765 0.350548 0.449359 0.587695 0.548171 0.429597 0.538289 0.498765 0.627220 0.449359 0.617339 0.404894 0.814962 0.533349 0.790259 0.241855 0.958238 0.558052 0.997763 0.122924 0.106209 0.033383 0.162628 0.135913 0.528691 0.066534 0.291509
0.605550 0.296350 0.610518 0.281449 0.590649 0.281449 0.585682 0.291383 0.540978 0.286416 0.585682 0.390724 0.471439 0.365889 0.600583 0.500000 0.362164 0.450329 0.590649 0.549671 0.436670 0.534770 0.496275 0.624177 0.446604 0.619210 0.406867 0.812926 0.526077 0.793058 0.242954 0.942070 0.565814 0.996708 0.146778 0.075146 0.024391 0.167592 0.105973 0.520719 0.073377 0.277296
0.595607 0.296530 0.605412 0.281821 0.585801 0.281821 0.590704 0.291627 0.531869 0.286724 0.585801 0.389685 0.463228 0.365170 0.600510 0.492646 0.365170 0.453422 0.580898 0.551480 0.438714 0.536772 0.502451 0.625024 0.448520 0.620121 0.404393 0.801529 0.526966 0.791723 0.242598 0.909392 0.566189 0.982936 0.151419 0.072083 0.053068 0.154828 0.147584 0.496869 0.062833 0.297899
0.586918 0.317595 0.596712 0.302904 0.577124 0.302904 0.577124 0.302904 0.528157 0.293111 0.582021 0.381253 0.454705 0.371459 0.586918 0.479189 0.366563 0.469395 0.586918 0.542847 0.444911 0.552640 0.508569 0.626092 0.454705 0.621195 0.435118 0.807273 0.528157 0.787686 0.253936 0.866035 0.557537 0.988454 0.277572 0.086002 0.029826 0.132255 0.015902 0.473619 0.046931 0.254855
0.592835 0.309312 0.597853 0.289240 0.572762 0.294258 0.577780 0.294258 0.527600 0.294258 0.582799 0.379566 0.462364 0.374548 0.592835 0.474910 0.367020 0.474910 0.572762 0.545163 0.447310 0.555199 0.507527 0.625452 0.447310 0.620434 0.442292 0.826176 0.532618 0.796068 0.256622 0.871339 0.537636 1.000000 0.324025 0.136692 0.005465 0.163389 0.121969 0.491840 0.057821 0.243948
0.585044 0.333720 0.595199 0.318488 0.569812 0.318488 0.585044 0.303256 0.524117 0.303256 0.585044 0.374338 0.458113 0.379415 0.585044 0.470806 0.366722 0.486038 0.585044 0.546965 0.458113 0.567274 0.508885 0.623123 0.447958 0.623123 0.453035 0.826214 0.539349 0.800827 0.265177 0.866832 0.519040 1.000000 0.346796 0.182157 0.009134 0.164456 0.000003 0.494265 0.055225 0.236624
0.588256 0.323489 0.593525 0.307682 0.572449 0.307682 0.588256 0.297144 0.525028 0.291875 0.572449 0.376179 0.461800 0.376179 0.577718 0.492097 0.372227 0.497366 0.588256 0.565862 0.472338 0.571131 0.514490 0.623821 0.451262 0.623821 0.477607 0.834581 0.540835 0.802967 0.282654 0.871464 0.503952 1.000000 0.385337 0.202729 0.018035 0.161121 0.030708 0.500472 0.043744 0.202729
0.605872 0.300020 0.605872 0.284336 0.590187 0.284336 0.574502 0.279107 0.543133 0.279107 0.564046 0.378444 0.464709 0.373215 0.558818 0.503921 0.396743 0.498693 0.579730 0.566660 0.506535 0.556203 0.516992 0.624170 0.454253 0.624170 0.506535 0.828071 0.506535 0.812387 0.354917 0.880354 0.459481 0.995374 0.377993 0.166360 0.043914 0.099500 0.115672 0.504427 0.036693 0.102554
0.593521 0.293007 0.593521 0.273055 0.578558 0.278043 0.563594 0.283031 0.533668 0.283031 0.548631 0.372811 0.468826 0.377799 0.553619 0.472567 0.403985 0.502494 0.588533 0.407726 0.523692 0.547384 0.523692 0.622201 0.458851 0.627189 0.528680 0.816725 0.488777 0.816725 0.369070 0.856627 0.438900 1.000000 0.430181 0.133870 0.039886 0.062574 0.826871 0.538436 0.022245 0.041688
0.591801 0.300694 0.591801 0.286199 0.577306 0.286199 0.567643 0.291031 0.533822 0.291031 0.548316 0.378001 0.475842 0.373169 0.548316 0.474634 0.422694 0.498792 0.591801 0.426317 0.533822 0.542277 0.519327 0.624415 0.456515 0.624415 0.553148 0.803186 0.480673 0.812849 0.374377 0.861166 0.413030 0.972294 0.459689 0.168303 0.096794 0.065025 0.766738 0.508675 0.030807 0.018930
0.593359 0.296308 0.593359 0.281759 0.583659 0.281759 0.569110 0.291459 0.540011 0.291459 0.554560 0.378755 0.481813 0.373905 0.549710 0.485451 0.428465 0.495150 0.583659 0.504850 0.540011 0.533949 0.520612 0.621245 0.443015 0.626095 0.593359 0.790988 0.462414 0.810387 0.559410 0.887984 0.379967 0.970431 0.236048 0.184802 0.173157 0.081973 0.349209 0.525392 0.046477 0.095498
0.587681 0.312111 0.587681 0.293892 0.578572 0.293892 0.564907 0.298447 0.537578 0.298447 0.542133 0.380435 0.487474 0.371325 0.523913 0.494306 0.441925 0.485197 0.569462 0.535300 0.560352 0.517081 0.519358 0.621843 0.451035 0.626398 0.592236 0.772154 0.432816 0.804038 0.451035 0.822257 0.346273 0.945239 0.535165 0.142490 0.173643 0.012634 0.317239 0.537405 0.037785 0.176235
0.589529 0.323238 0.589529 0.304873 0.575755 0.304873 0.575755 0.304873 0.539025 0.300282 0.539025 0.378333 0.493113 0.373742 0.511478 0.497704 0.447201 0.488522 0.566573 0.534434 0.557390 0.520660 0.516069 0.621667 0.451792 0.626258 0.594120 0.759404 0.438019 0.800725 0.529843 0.897140 0.323238 0.947644 0.303087 0.186026 0.194045 0.026552 0.385025 0.530784 0.041034 0.189182
0.598337 0.313737 0.598337 0.299854 0.589082 0.299854 0.565944 0.304482 0.552061 0.304482 0.538178 0.378524 0.496529 0.373897 0.515040 0.498843 0.450253 0.484960 0.561316 0.545120 0.556689 0.517354 0.515040 0.623790 0.450253 0.623790 0.593710 0.762619 0.408604 0.799640 0.524295 0.915331 0.316051 0.952352 0.299904 0.099410 0.194045 0.015739 0.310475 0.531624 0.044334 0.238130
0.595866 0.312945 0.595866 0.294240 0.586513 0.294240 0.563131 0.298916 0.549102 0.298916 0.539749 0.378414 0.492985 0.373738 0.511691 0.500000 0.446222 0.485971 0.558455 0.560793 0.544425 0.518705 0.516367 0.626262 0.450898 0.621586 0.595866 0.771230 0.399458 0.789935 0.577160 0.944255 0.296578 0.948932 0.193944 0.088413 0.189606 0.040852 0.280907 0.523250 0.041799 0.254059
0.598711 0.323238 0.594120 0.309465 0.589529 0.309465 0.557390 0.309465 0.552799 0.304873 0.539025 0.382924 0.493113 0.369150 0.516069 0.502296 0.447201 0.483931 0.561981 0.557390 0.548208 0.525252 0.516069 0.626258 0.451792 0.621667 0.584937 0.773177 0.392106 0.786951 0.566573 0.956826 0.272735 0.924687 0.171252 0.116995 0.169467 0.058677 0.281617 0.497513 0.041034 0.249834
0.595151 0.318868 0.595151 0.305111 0.585980 0.300526 0.558467 0.305111 0.549295 0.305111 0.540124 0.378481 0.494268 0.373896 0.512610 0.502293 0.443826 0.483950 0.558467 0.557320 0.549295 0.529806 0.512610 0.626104 0.452997 0.621519 0.576809 0.772844 0.388799 0.782015 0.563052 0.956268 0.260402 0.905827 0.155103 0.134668 0.166498 0.068551 0.290747 0.506250 0.043929 0.252393
0.595545 0.316871 0.595545 0.303222 0.586446 0.298672 0.559147 0.303222 0.550048 0.303222 0.536398 0.380568 0.495450 0.371469 0.504550 0.503412 0.445403 0.485213 0.550048 0.567109 0.540948 0.535261 0.513649 0.626256 0.454502 0.621707 0.563697 0.785499 0.395355 0.790048 0.581896 0.962940 0.249762 0.894693 0.064395 0.194079 0.126318 0.055921 0.278179 0.478353 0.040661 0.204479
0.598711 0.325534 0.598711 0.307169 0.589529 0.307169 0.548208 0.307169 0.552799 0.307169 0.534434 0.380628 0.497704 0.371446 0.506887 0.504591 0.447201 0.481635 0.557390 0.573459 0.539025 0.536730 0.511478 0.623963 0.456383 0.623963 0.566573 0.784655 0.396698 0.798429 0.594120 0.968304 0.254370 0.871888 0.057744 0.243413 0.135078 0.053293 0.271015 0.464777 0.041034 0.210060
0.593454 0.332706 0.598069 0.318861 0.584224 0.314246 0.565764 0.309631 0.547304 0.309631 0.542689 0.378856 0.496539 0.374241 0.510384 0.503461 0.431929 0.480386 0.551919 0.572686 0.528844 0.535766 0.510384 0.623452 0.450389 0.623452 0.565764 0.784977 0.436544 0.817282 0.579609 0.974193 0.275018 0.835742 0.081887 0.441081 0.146936 0.035588 0.252768 0.508799 0.050153 0.127835
0.591593 0.325973 0.591593 0.312235 0.587013 0.307655 0.550376 0.312235 0.554956 0.307655 0.541217 0.380929 0.495420 0.371770 0.518319 0.500000 0.431305 0.477102 0.554956 0.573274 0.522898 0.545796 0.513739 0.623650 0.449624 0.623650 0.564115 0.783938 0.435885 0.811416 0.550376 0.971704 0.266438 0.838894 0.120178 0.425578 0.132811 0.033999 0.208059 0.469216 0.046816 0.120178
0.590566 0.339504 0.590566 0.321161 0.585980 0.321161 0.549295 0.316575 0.558467 0.316575 0.540124 0.380774 0.494268 0.371603 0.526367 0.500000 0.434655 0.472486 0.567638 0.564199 0.521782 0.555027 0.512610 0.623812 0.452997 0.623812 0.563052 0.779722 0.448412 0.811822 0.535538 0.967732 0.278744 0.834750 0.145853 0.449482 0.135482 0.043867 0.218429 0.428485 0.043929 0.107362
0.588609 0.331052 0.588609 0.316874 0.583883 0.316874 0.560254 0.307423 0.550803 0.312149 0.541351 0.378310 0.489367 0.373584 0.527173 0.491730 0.423205 0.477552 0.560254 0.576795 0.508270 0.567343 0.512996 0.624053 0.456286 0.624053 0.560254 0.789457 0.479915 0.808360 0.522448 0.973764 0.494093 0.987941 0.152987 0.015510 0.125152 0.082387 0.157642 0.421795 0.039210 0.047998
0.586591 0.343424 0.591336 0.329190 0.581846 0.329190 0.572357 0.319701 0.553378 0.314956 0.548633 0.386127 0.491697 0.367148 0.529655 0.509489 0.411036 0.466787 0.586591 0.561681 0.491697 0.561681 0.505931 0.623363 0.453739 0.623363 0.534399 0.784683 0.482207 0.794173 0.491697 0.964983 0.448994 0.983962 0.129625 0.107714 0.112289 0.099385 0.312421 0.440864 0.051575 0.003031
0.591896 0.343657 0.596670 0.329336 0.591896 0.324562 0.568027 0.315014 0.568027 0.315014 0.548932 0.391395 0.496420 0.362752 0.548932 0.520289 0.405717 0.458229 0.610991 0.558479 0.496420 0.548932 0.501193 0.625313 0.453455 0.620539 0.515515 0.792397 0.482098 0.792397 0.458229 0.969028 0.424812 0.978576 0.127046 0.147584 0.091298 0.105137 0.324403 0.491840 0.058065 0.025351
0.598519 0.323638 0.598519 0.304177 0.588789 0.304177 0.559598 0.304177 0.564463 0.304177 0.554733 0.386885 0.491486 0.367424 0.554733 0.523109 0.399048 0.464728 0.613115 0.557166 0.486621 0.547435 0.496351 0.625278 0.457430 0.620413 0.491486 0.815019 0.530407 0.795558 0.408778 0.970704 0.384453 0.849075 0.147281 0.513798 0.068289 0.168259 0.331909 0.500932 0.059188 0.133826
0.603535 0.318814 0.603535 0.299093 0.593675 0.299093 0.578884 0.299093 0.564093 0.299093 0.559163 0.387837 0.495070 0.368116 0.564093 0.516023 0.391535 0.461791 0.608465 0.550535 0.485209 0.540674 0.490140 0.624488 0.455628 0.619558 0.460558 0.821698 0.559163 0.782256 0.376744 1.000000 0.426046 0.856210 0.089701 0.518981 0.042941 0.229923 0.277347 0.543119 0.069604 0.227789
0.607431 0.307113 0.602548 0.287580 0.597664 0.287580 0.563482 0.292463 0.568365 0.292463 0.563482 0.390127 0.490234 0.365711 0.573248 0.526858 0.377919 0.458493 0.612314 0.541507 0.470701 0.536624 0.485350 0.624522 0.460934 0.619639 0.426752 0.824734 0.578132 0.775902 0.338854 1.000000 0.470701 0.897983 0.056951 0.434543 0.011785 0.241399 0.363102 0.557441 0.068930 0.295465
0.602018 0.307299 0.602018 0.292186 0.591942 0.292186 0.561715 0.292186 0.566753 0.297223 0.566753 0.387906 0.486146 0.367754 0.566753 0.518892 0.370273 0.458437 0.607056 0.544082 0.460956 0.539044 0.486146 0.624689 0.460956 0.619651 0.420653 0.826206 0.576828 0.780864 0.324932 0.987419 0.496222 0.942078 0.070531 0.345954 0.004421 0.230096 0.322192 0.557330 0.067865 0.298394
0.593155 0.323495 0.593155 0.308787 0.588252 0.308787 0.553932 0.303884 0.563738 0.308787 0.563738 0.382330 0.485291 0.372524 0.563738 0.495097 0.372524 0.460777 0.593155 0.534320 0.460777 0.539223 0.485291 0.622573 0.465680 0.622573 0.411748 0.818689 0.568641 0.779465 0.308787 0.980484 0.500000 0.960873 0.066195 0.300002 0.013737 0.209775 0.204833 0.557330 0.062833 0.299061
0.586401 0.339541 0.586401 0.319792 0.581464 0.319792 0.551841 0.304980 0.556778 0.309918 0.556778 0.379039 0.482720 0.374101 0.546903 0.497531 0.374101 0.462971 0.591338 0.532092 0.458034 0.541966 0.487657 0.625899 0.472845 0.620961 0.413599 0.818450 0.571589 0.788826 0.300043 0.981377 0.551841 0.986315 0.076877 0.200979 0.029973 0.181979 0.316048 0.541368 0.050502 0.286128
0.599658 0.333903 0.599658 0.314217 0.589815 0.314217 0.550444 0.304375 0.560287 0.309296 0.545523 0.378196 0.481545 0.373274 0.545523 0.496309 0.378196 0.471702 0.589815 0.535680 0.471702 0.545523 0.491388 0.624265 0.481545 0.624265 0.427409 0.816200 0.565208 0.796514 0.284689 0.958920 0.570130 0.998291 0.147584 0.136163 0.033486 0.143925 0.268703 0.545039 0.034531 0.246341
0.602419 0.345739 0.607477 0.325508 0.602419 0.325508 0.556900 0.305277 0.572073 0.310335 0.551842 0.381143 0.481034 0.371028 0.546784 0.497471 0.374821 0.472182 0.587246 0.532875 0.475976 0.548048 0.491149 0.623914 0.475976 0.623914 0.435514 0.821166 0.567015 0.805993 0.278724 0.957725 0.597361 1.000000 0.184411 0.101330 0.009528 0.153949 0.285020 0.552929 0.041980 0.235090
0.605692 0.343920 0.605692 0.324256 0.600776 0.324256 0.551617 0.309508 0.571281 0.314424 0.546701 0.378331 0.482794 0.373415 0.541785 0.491397 0.384476 0.481565 0.586029 0.525809 0.482794 0.550388 0.492626 0.624127 0.477878 0.624127 0.433635 0.810932 0.561449 0.801100 0.286157 0.923998 0.600776 1.000000 0.194435 0.079093 0.028434 0.146672 0.303414 0.540454 0.037643 0.237796
0.599852 0.331115 0.599852 0.311391 0.599852 0.311391 0.545611 0.301529 0.570266 0.306460 0.545611 0.375493 0.476578 0.375493 0.545611 0.488905 0.382890 0.483974 0.585059 0.528353 0.486440 0.553008 0.501233 0.622041 0.476578 0.626972 0.437130 0.804487 0.560404 0.804487 0.294133 0.903106 0.589990 1.000000 0.200271 0.093039 0.050861 0.140432 0.250000 0.539583 0.028290 0.247982
0.597136 0.315322 0.597136 0.296134 0.597136 0.296134 0.539574 0.291337 0.573152 0.300931 0.549168 0.372884 0.467621 0.377681 0.539574 0.478414 0.390872 0.492805 0.582745 0.535976 0.496402 0.559960 0.510793 0.622319 0.472418 0.627116 0.453231 0.804599 0.549168 0.795006 0.290138 0.876552 0.587542 0.991676 0.270380 0.075146 0.048774 0.130364 0.233691 0.506772 0.021393 0.233849
0.589941 0.312923 0.594738 0.293736 0.589941 0.298533 0.537175 0.293736 0.565957 0.298533 0.541972 0.370485 0.474817 0.380079 0.537175 0.485609 0.393270 0.490406 0.585144 0.543172 0.489207 0.562359 0.503598 0.624718 0.479613 0.624718 0.465223 0.802201 0.551566 0.792607 0.297334 0.859763 0.565957 0.989278 0.327083 0.105631 0.020094 0.122640 0.234397 0.497774 0.021393 0.196661
0.591942 0.312337 0.591942 0.292186 0.591942 0.292186 0.536525 0.287148 0.571790 0.292186 0.536525 0.367754 0.481108 0.382868 0.541563 0.483627 0.390425 0.498741 0.581866 0.549120 0.496222 0.569272 0.506297 0.619651 0.476070 0.629727 0.491184 0.795978 0.561715 0.806054 0.340046 0.871547 0.556677 1.000000 0.325199 0.151502 0.010799 0.150420 0.161766 0.524205 0.022470 0.171142
0.592750 0.301250 0.587450 0.285350 0.587450 0.285350 0.545050 0.280050 0.560950 0.285350 0.539750 0.370150 0.481450 0.380750 0.545050 0.497350 0.396650 0.513250 0.587450 0.560950 0.518550 0.576850 0.507950 0.619250 0.470850 0.629850 0.523850 0.794149 0.566250 0.815349 0.423150 0.926649 0.539750 1.000000 0.235718 0.188917 0.069275 0.164738 0.173912 0.528147 0.027025 0.122343
0.592694 0.310582 0.592694 0.289088 0.587320 0.289088 0.538958 0.283715 0.555079 0.289088 0.533585 0.369691 0.474476 0.380439 0.528211 0.498657 0.420740 0.525524 0.576573 0.563139 0.544332 0.573886 0.517464 0.622248 0.474476 0.627622 0.528211 0.815696 0.544332 0.826443 0.442234 0.966155 0.490596 1.000000 0.182915 0.187447 0.037956 0.107550 0.218088 0.494181 0.010265 0.089884
0.597347 0.311884 0.592085 0.290836 0.592085 0.290836 0.539465 0.285574 0.560513 0.290836 0.523679 0.369766 0.481583 0.380290 0.528941 0.501315 0.444749 0.522363 0.581561 0.559197 0.565775 0.559197 0.518417 0.622341 0.476321 0.627603 0.539465 0.811773 0.523679 0.822297 0.439487 0.969633 0.444749 1.000000 0.214931 0.208207 0.041854 0.082723 0.222128 0.486705 0.006700 0.040729
0.592991 0.314017 0.587896 0.298731 0.587896 0.298731 0.531846 0.288540 0.562419 0.298731 0.526751 0.370067 0.485988 0.380258 0.526751 0.492357 0.450320 0.517834 0.577705 0.543311 0.567514 0.543311 0.516560 0.619742 0.470701 0.629933 0.577705 0.787891 0.460511 0.813368 0.592991 0.961135 0.419747 0.986612 0.083004 0.055893 0.124002 0.001797 0.250000 0.512609 0.016226 0.128683
0.581490 0.317846 0.581490 0.303465 0.576697 0.303465 0.528761 0.298672 0.557522 0.303465 0.528761 0.370575 0.490413 0.380162 0.528761 0.495206 0.461652 0.519174 0.576697 0.538348 0.576697 0.538348 0.514381 0.619838 0.466445 0.629425 0.586284 0.782818 0.485619 0.811580 0.490413 0.907450 0.404129 0.979353 0.340970 0.177308 0.150599 0.063896 0.266738 0.512372 0.024437 0.098872
0.575372 0.316139 0.575372 0.302435 0.575372 0.302435 0.520556 0.293299 0.566236 0.302435 0.525124 0.370955 0.497716 0.380091 0.502284 0.485154 0.461172 0.507994 0.561668 0.530834 0.566236 0.526266 0.515988 0.617625 0.461172 0.631329 0.602779 0.759232 0.447468 0.814048 0.470308 0.864296 0.346973 0.969359 0.461590 0.158978 0.186808 0.022149 0.354119 0.533776 0.029121 0.198852
0.570804 0.322991 0.566236 0.304719 0.570804 0.304719 0.525124 0.295583 0.561668 0.304719 0.529692 0.368671 0.493148 0.382375 0.515988 0.473734 0.465740 0.505710 0.570804 0.510278 0.570804 0.523982 0.520556 0.619909 0.456604 0.629045 0.607347 0.761516 0.433764 0.811764 0.511420 0.889420 0.337837 0.971643 0.379856 0.132437 0.186593 0.007232 0.354119 0.514794 0.029121 0.214607
