0.517837 0.291902 0.505946 0.268120 0.517837 0.280011 0.458380 0.280011 0.541619 0.280011 0.434598 0.375142 0.577293 0.375142 0.387033 0.494054 0.648641 0.482163 0.387033 0.577293 0.672424 0.541619 0.446489 0.624858 0.541619 0.624858 0.482163 0.803228 0.505946 0.815119 0.470272 0.969706 0.446489 1.000000 0.085531 0.037413 0.047687 0.013831 0.121119 0.066048 0.015146 0.121831
0.515581 0.275630 0.503116 0.263165 0.515581 0.263165 0.465721 0.263165 0.540511 0.263165 0.428326 0.375350 0.590371 0.375350 0.378466 0.500000 0.652696 0.487535 0.366001 0.587255 0.665161 0.562325 0.440791 0.624650 0.540511 0.624650 0.478186 0.799160 0.515581 0.824090 0.478186 0.961205 0.465721 0.998600 0.067193 0.049002 0.051291 0.023250 0.075952 0.108846 0.023829 0.106777
0.494054 0.291902 0.494054 0.280011 0.494054 0.280011 0.458380 0.280011 0.541619 0.280011 0.434598 0.375142 0.577293 0.375142 0.375142 0.494054 0.636750 0.494054 0.363250 0.577293 0.636750 0.553511 0.446489 0.624858 0.541619 0.624858 0.470272 0.815119 0.517837 0.803228 0.458380 0.981597 0.482163 0.969706 0.062281 0.025001 0.024437 0.002974 0.102416 0.147584 0.015146 0.081776
0.509144 0.295792 0.509144 0.271409 0.509144 0.271409 0.460378 0.283601 0.533527 0.271409 0.423803 0.381133 0.582293 0.368941 0.362846 0.503048 0.643250 0.490856 0.375037 0.564005 0.631059 0.576197 0.448186 0.624963 0.545718 0.624963 0.472569 0.844410 0.521335 0.820027 0.472569 1.000000 0.484761 0.978516 0.035223 0.032609 0.003497 0.005585 0.210417 0.192751 0.007762 0.074807
0.564005 0.289697 0.551814 0.265314 0.551814 0.277505 0.466473 0.277505 0.551814 0.277505 0.429899 0.375037 0.576197 0.375037 0.368941 0.509144 0.637154 0.496952 0.381133 0.545718 0.637154 0.582293 0.454282 0.631059 0.539622 0.618867 0.466473 0.813931 0.551814 0.777357 0.478665 0.996804 0.515239 0.911463 0.000003 0.109188 0.009034 0.071830 0.238216 0.147584 0.007762 0.003249
0.529728 0.291902 0.517837 0.280011 0.517837 0.280011 0.470272 0.280011 0.541619 0.280011 0.434598 0.375142 0.577293 0.375142 0.351359 0.470272 0.624858 0.494054 0.351359 0.517837 0.636750 0.577293 0.446489 0.624858 0.541619 0.624858 0.458380 0.803228 0.541619 0.755663 0.458380 0.993488 0.517837 0.886467 0.021189 0.057249 0.006044 0.045167 0.228811 0.075952 0.015146 0.021189
0.539773 0.284091 0.528409 0.272727 0.539773 0.272727 0.471591 0.272727 0.539773 0.272727 0.426136 0.375000 0.573864 0.375000 0.369318 0.477273 0.619318 0.488636 0.357955 0.522727 0.642045 0.556818 0.448864 0.625000 0.551136 0.625000 0.460227 0.818182 0.539773 0.795455 0.460227 1.000000 0.517045 0.931818 0.018703 0.031379 0.010155 0.007669 0.083435 0.018703 0.000010 0.039892
0.546512 0.287791 0.546512 0.264535 0.546512 0.276163 0.488372 0.276163 0.558140 0.276163 0.430233 0.369186 0.569767 0.380814 0.372093 0.485465 0.616279 0.497093 0.372093 0.531977 0.639535 0.555233 0.453488 0.625000 0.546512 0.625000 0.453488 0.811046 0.558140 0.787791 0.441860 0.997093 0.534884 0.962209 0.019869 0.064890 0.028858 0.052922 0.147584 0.000006 0.000010 0.022698
0.554813 0.283794 0.554813 0.271613 0.554813 0.271613 0.481729 0.271613 0.554813 0.271613 0.433006 0.369058 0.579174 0.381239 0.359923 0.478684 0.615716 0.515226 0.359923 0.539587 0.627897 0.576129 0.445187 0.624852 0.542632 0.624852 0.445187 0.819742 0.554813 0.819742 0.420826 1.000000 0.542632 1.000000 0.039583 0.041058 0.015146 0.067262 0.187167 0.021918 0.015515 0.019869
0.554813 0.283794 0.542632 0.259432 0.554813 0.259432 0.481729 0.271613 0.554813 0.271613 0.433006 0.369058 0.579174 0.381239 0.359923 0.466503 0.615716 0.503045 0.335561 0.527406 0.615716 0.539587 0.445187 0.624852 0.542632 0.624852 0.445187 0.831922 0.542632 0.819742 0.433006 1.000000 0.542632 1.000000 0.019869 0.000003 0.015146 0.047393 0.083714 0.092774 0.015515 0.000003
0.552269 0.288020 0.552269 0.264789 0.552269 0.264789 0.482577 0.276405 0.552269 0.276405 0.436116 0.369327 0.575500 0.380943 0.354808 0.473865 0.598730 0.508712 0.343193 0.520327 0.598730 0.543558 0.447731 0.624865 0.540654 0.624865 0.436116 0.833941 0.540654 0.833941 0.389654 1.000000 0.529038 1.000000 0.055893 0.018703 0.032124 0.045167 0.132437 0.057249 0.014794 0.017666
0.559521 0.290260 0.548184 0.278922 0.559521 0.278922 0.480160 0.278922 0.559521 0.278922 0.434810 0.369621 0.582196 0.380958 0.355449 0.471657 0.604870 0.505669 0.355449 0.517006 0.593533 0.539681 0.446148 0.619042 0.536846 0.630379 0.446148 0.789102 0.536846 0.800439 0.446148 0.936487 0.525509 0.981836 0.000003 0.019869 0.014459 0.057249 0.210417 0.159666 0.021669 0.000003
0.565190 0.301597 0.553852 0.278922 0.565190 0.278922 0.497166 0.278922 0.565190 0.290260 0.440479 0.369621 0.576527 0.380958 0.349781 0.471657 0.610539 0.517006 0.395130 0.528343 0.610539 0.596367 0.440479 0.619042 0.542515 0.630379 0.451816 0.811776 0.531178 0.823113 0.440479 0.981836 0.508503 1.000000 0.039892 0.020881 0.018703 0.024437 0.446074 0.077979 0.021669 0.037405
0.543313 0.294986 0.531763 0.271886 0.531763 0.271886 0.485562 0.271886 0.566413 0.283436 0.439362 0.364286 0.589513 0.387387 0.346961 0.468237 0.624163 0.514438 0.381612 0.525988 0.601063 0.560638 0.439362 0.618388 0.531763 0.629938 0.450912 0.814740 0.520213 0.826290 0.450912 0.999541 0.497112 0.999541 0.018703 0.023490 0.018703 0.055700 0.403318 0.232334 0.036847 0.037405
0.546098 0.283070 0.535251 0.261377 0.546098 0.272223 0.491865 0.272223 0.556944 0.272223 0.437633 0.369842 0.578637 0.380688 0.361707 0.467460 0.622023 0.510846 0.361707 0.510846 0.611177 0.554233 0.448479 0.619312 0.535251 0.630158 0.448479 0.782010 0.524405 0.814549 0.437633 0.933861 0.491865 0.977247 0.022698 0.044130 0.013831 0.036108 0.210417 0.180396 0.020730 0.018703
0.552763 0.291585 0.542211 0.270480 0.552763 0.270480 0.489447 0.281032 0.563316 0.281032 0.447237 0.365454 0.584421 0.386559 0.352263 0.460428 0.637185 0.502638 0.362815 0.544849 0.647737 0.544849 0.436684 0.618717 0.531658 0.629270 0.436684 0.787560 0.521105 0.808665 0.405026 0.945850 0.500000 0.977508 0.062833 0.020881 0.013255 0.049435 0.289583 0.057821 0.040417 0.018703
0.524405 0.288493 0.524405 0.266800 0.524405 0.266800 0.470172 0.277646 0.546098 0.277646 0.437633 0.375265 0.578637 0.375265 0.372553 0.462037 0.632870 0.494577 0.372553 0.548809 0.622023 0.516270 0.448479 0.624735 0.535251 0.624735 0.437633 0.787433 0.513558 0.798279 0.437633 0.928438 0.502712 0.960977 0.021190 0.018394 0.035020 0.015227 0.204833 0.283383 0.020730 0.018394
0.511100 0.291872 0.511100 0.269672 0.511100 0.269672 0.466700 0.280772 0.544401 0.280772 0.433399 0.369573 0.577701 0.380673 0.366798 0.469475 0.644302 0.502775 0.366798 0.569376 0.611002 0.536075 0.444499 0.624877 0.544401 0.624877 0.455599 0.780279 0.511100 0.802479 0.433399 0.935681 0.488900 0.991182 0.067865 0.021721 0.008866 0.015858 0.187167 0.408947 0.014138 0.081696
0.497160 0.284147 0.497160 0.272786 0.497160 0.272786 0.451717 0.284147 0.531242 0.272786 0.428996 0.375032 0.576685 0.375032 0.372192 0.477279 0.644849 0.500000 0.372192 0.579525 0.599406 0.579525 0.451717 0.624968 0.542603 0.624968 0.463078 0.784018 0.508521 0.806739 0.440356 0.943067 0.485799 0.999871 0.067865 0.021721 0.006159 0.015858 0.161414 0.324196 0.007234 0.081696
0.494318 0.295455 0.494318 0.272727 0.505682 0.272727 0.460227 0.284091 0.528409 0.284091 0.426136 0.375000 0.573864 0.375000 0.380682 0.488636 0.653409 0.488636 0.380682 0.579545 0.642045 0.534091 0.448864 0.625000 0.551136 0.625000 0.471591 0.795455 0.517045 0.806818 0.460227 0.977273 0.482955 1.000000 0.062061 0.006428 0.013334 0.030140 0.121119 0.272379 0.000010 0.101191
0.485469 0.282036 0.485469 0.270411 0.485469 0.270411 0.450595 0.270411 0.531968 0.270411 0.427345 0.375034 0.578467 0.375034 0.380846 0.491281 0.659840 0.491281 0.380846 0.595904 0.624966 0.537780 0.450595 0.619154 0.543593 0.630779 0.473844 0.781901 0.520343 0.816775 0.462220 0.933022 0.485469 1.000000 0.069604 0.012985 0.014943 0.003556 0.121119 0.399233 0.007402 0.084751
0.488889 0.297222 0.477778 0.286111 0.488889 0.286111 0.444444 0.286111 0.533333 0.286111 0.422222 0.375000 0.577778 0.375000 0.388889 0.497222 0.655556 0.497222 0.388889 0.597222 0.600000 0.530556 0.455556 0.619444 0.544444 0.630556 0.477778 0.786111 0.522222 0.808333 0.488889 0.919444 0.477778 0.997222 0.015727 0.033975 0.000950 0.001701 0.084751 0.508375 0.000009 0.081776
0.514531 0.287848 0.502906 0.276223 0.514531 0.276223 0.444782 0.276223 0.526156 0.276223 0.421533 0.380846 0.572655 0.369221 0.386659 0.497094 0.654028 0.497094 0.386659 0.578467 0.595904 0.531968 0.456407 0.624966 0.549405 0.624966 0.479657 0.787713 0.526156 0.810962 0.479657 0.927210 0.479657 0.996959 0.045167 0.038396 0.000003 0.010725 0.092774 0.508375 0.007402 0.084751
0.514531 0.276223 0.502906 0.264599 0.514531 0.264599 0.444782 0.276223 0.526156 0.264599 0.421533 0.380846 0.572655 0.369221 0.386659 0.497094 0.642403 0.485469 0.386659 0.578467 0.607529 0.520343 0.456407 0.624966 0.549405 0.624966 0.479657 0.822587 0.526156 0.822587 0.491281 1.000000 0.491281 0.996959 0.017408 0.025556 0.007890 0.008418 0.092774 0.422021 0.007402 0.074554
0.511891 0.285957 0.500000 0.262174 0.511891 0.274066 0.440544 0.274066 0.523783 0.274066 0.416761 0.381087 0.571348 0.369196 0.369196 0.523783 0.630804 0.500000 0.392978 0.583239 0.607022 0.595130 0.452435 0.630804 0.559456 0.618913 0.452435 0.773500 0.547565 0.773500 0.476217 0.892412 0.523783 0.880521 0.062833 0.045167 0.045167 0.009291 0.223535 0.213779 0.015146 0.024437
0.508719 0.287848 0.508719 0.264599 0.508719 0.264599 0.450595 0.276223 0.531968 0.264599 0.415720 0.380846 0.578467 0.369221 0.380846 0.520343 0.624966 0.497094 0.404096 0.555218 0.590092 0.543593 0.450595 0.624966 0.555218 0.624966 0.473844 0.799338 0.555218 0.810962 0.473844 0.938835 0.531968 0.973709 0.042193 0.045167 0.002974 0.028858 0.265146 0.315850 0.007402 0.042192
0.519440 0.291718 0.508331 0.269501 0.519440 0.280610 0.452789 0.280610 0.530548 0.280610 0.419464 0.380585 0.574982 0.369477 0.386139 0.502777 0.619415 0.491669 0.408356 0.547211 0.619415 0.536102 0.452789 0.624969 0.552765 0.624969 0.463898 0.802703 0.552765 0.780486 0.463898 0.991545 0.541656 0.924895 0.019869 0.024437 0.023271 0.027610 0.232334 0.111017 0.007072 0.019869
0.531250 0.286458 0.520833 0.276042 0.531250 0.276042 0.458333 0.286458 0.531250 0.276042 0.427083 0.380208 0.572917 0.369792 0.375000 0.505208 0.614583 0.494792 0.395833 0.536458 0.604167 0.578125 0.447917 0.630208 0.552083 0.619792 0.458333 0.828125 0.552083 0.776042 0.447917 1.000000 0.541667 0.921875 0.032640 0.022698 0.009728 0.026465 0.312833 0.142000 0.000009 0.016738
0.534091 0.289773 0.534091 0.267045 0.534091 0.267045 0.454545 0.278409 0.545455 0.278409 0.420455 0.380682 0.579545 0.369318 0.352273 0.494318 0.613636 0.494318 0.375000 0.562500 0.613636 0.585227 0.443182 0.630682 0.556818 0.619318 0.443182 0.846591 0.568182 0.789773 0.431818 1.000000 0.545455 0.960227 0.015146 0.063382 0.028858 0.050047 0.274437 0.084751 0.000010 0.021189
0.536922 0.284147 0.525562 0.261425 0.536922 0.261425 0.468758 0.272786 0.548283 0.272786 0.423315 0.375032 0.582365 0.375032 0.366512 0.500000 0.605087 0.488639 0.377872 0.579525 0.582365 0.556804 0.446037 0.624968 0.548283 0.624968 0.446037 0.840821 0.559644 0.806739 0.423315 1.000000 0.548283 0.988510 0.031725 0.039737 0.028858 0.063008 0.180967 0.165249 0.007234 0.019869
0.532609 0.288043 0.521739 0.266304 0.532609 0.266304 0.467391 0.277174 0.543478 0.277174 0.423913 0.375000 0.576087 0.375000 0.380435 0.494565 0.608696 0.494565 0.402174 0.559783 0.597826 0.581522 0.456522 0.625000 0.543478 0.625000 0.456522 0.820652 0.554348 0.809783 0.423913 1.000000 0.543478 0.983696 0.049848 0.038571 0.041285 0.059988 0.213434 0.124334 0.000009 0.018703
0.533300 0.280772 0.522200 0.269672 0.533300 0.269672 0.466700 0.269672 0.544401 0.269672 0.433399 0.369573 0.577701 0.380673 0.355698 0.491675 0.611002 0.502775 0.411199 0.536075 0.611002 0.547176 0.444499 0.624877 0.544401 0.624877 0.455599 0.835780 0.544401 0.835780 0.411199 1.000000 0.533300 1.000000 0.090296 0.018703 0.002908 0.043140 0.465619 0.084751 0.014138 0.016738
0.546185 0.282660 0.535318 0.271793 0.546185 0.271793 0.470116 0.271793 0.557052 0.271793 0.426648 0.369596 0.578786 0.380463 0.361446 0.478266 0.622254 0.500000 0.404914 0.521734 0.611387 0.521734 0.448382 0.619537 0.546185 0.630404 0.459249 0.793409 0.546185 0.815143 0.448382 0.934680 0.535318 0.999882 0.044306 0.018703 0.007741 0.041285 0.422021 0.258601 0.006919 0.019869
0.536922 0.278466 0.525562 0.255745 0.536922 0.267106 0.480119 0.267106 0.559644 0.267106 0.423315 0.369352 0.582365 0.380713 0.355151 0.482959 0.627808 0.517041 0.400594 0.517041 0.616447 0.539762 0.446037 0.619287 0.548283 0.630648 0.446037 0.778337 0.536922 0.812419 0.457397 0.926026 0.514201 0.994191 0.024437 0.019715 0.028858 0.023271 0.467188 0.250000 0.007234 0.019869
0.548867 0.293673 0.538008 0.271955 0.548867 0.271955 0.472852 0.271955 0.548867 0.282814 0.429415 0.369688 0.581445 0.380548 0.353399 0.478281 0.635741 0.510859 0.385977 0.532578 0.614023 0.565156 0.440274 0.619452 0.548867 0.630312 0.451133 0.760623 0.538008 0.804061 0.440274 0.880076 0.527148 0.988669 0.053295 0.001166 0.010606 0.021417 0.366421 0.246785 0.013831 0.044306
0.540674 0.293916 0.540674 0.272223 0.540674 0.272223 0.475595 0.283070 0.551521 0.283070 0.432209 0.369842 0.584061 0.380688 0.345437 0.467460 0.638293 0.510846 0.377977 0.532540 0.638293 0.554233 0.443056 0.619312 0.540674 0.630158 0.464749 0.782010 0.540674 0.814549 0.443056 0.890475 0.529828 0.988094 0.105025 0.019869 0.028361 0.054810 0.378881 0.125666 0.020730 0.042192
0.537900 0.288840 0.527072 0.278012 0.537900 0.278012 0.472928 0.278012 0.548729 0.278012 0.440442 0.364641 0.581215 0.386299 0.353813 0.462100 0.646187 0.505414 0.375470 0.537900 0.635359 0.548729 0.440442 0.624530 0.537900 0.624530 0.451271 0.776132 0.527072 0.808618 0.429613 0.916905 0.527072 0.992706 0.071288 0.018703 0.022698 0.038547 0.319883 0.236926 0.027610 0.041400
0.513558 0.288493 0.502712 0.266800 0.513558 0.277646 0.459326 0.277646 0.535251 0.277646 0.437633 0.375265 0.578637 0.375265 0.361707 0.472884 0.643716 0.494577 0.394246 0.592195 0.632870 0.548809 0.448479 0.624735 0.535251 0.624735 0.459326 0.787433 0.524405 0.809126 0.437633 0.960977 0.502712 1.000000 0.060773 0.016521 0.007358 0.036108 0.295167 0.221780 0.020730 0.039892
0.510629 0.295398 0.510629 0.274141 0.510629 0.284769 0.457485 0.284769 0.542515 0.284769 0.436228 0.369799 0.574401 0.380427 0.372456 0.465457 0.638173 0.497343 0.393713 0.539858 0.627544 0.561115 0.446857 0.624887 0.542515 0.624887 0.457485 0.805575 0.521257 0.816203 0.446857 0.986262 0.500000 1.000000 0.037405 0.001843 0.005448 0.006063 0.275753 0.211515 0.013537 0.053926
0.510859 0.293673 0.500000 0.271955 0.510859 0.271955 0.456563 0.282814 0.532578 0.271955 0.423985 0.369688 0.586874 0.380548 0.391407 0.489141 0.652030 0.500000 0.402266 0.597734 0.619452 0.500000 0.445703 0.619452 0.543437 0.630312 0.456563 0.793201 0.521719 0.814920 0.456563 0.977809 0.489141 1.000000 0.019869 0.015291 0.007741 0.017534 0.116476 0.658947 0.013831 0.057145
0.513584 0.293527 0.502717 0.271793 0.513584 0.271793 0.459249 0.282660 0.535318 0.282660 0.426648 0.369596 0.578786 0.380463 0.394047 0.489133 0.654855 0.500000 0.394047 0.576069 0.654855 0.532601 0.448382 0.619537 0.546185 0.630404 0.470116 0.804276 0.524451 0.815143 0.459249 0.999882 0.502717 1.000000 0.054943 0.002056 0.009667 0.004007 0.084751 0.180395 0.006919 0.074554
0.470116 0.288094 0.470116 0.277227 0.470116 0.277227 0.448382 0.288094 0.524451 0.277227 0.426648 0.375030 0.578786 0.375030 0.394047 0.494567 0.643988 0.494567 0.372313 0.581502 0.633121 0.592369 0.448382 0.624970 0.546185 0.624970 0.459249 0.798842 0.524451 0.809709 0.459249 0.983581 0.491850 1.000000 0.019869 0.015291 0.007741 0.004007 0.006771 0.194170 0.006919 0.057145
0.480983 0.288094 0.480983 0.266360 0.480983 0.277227 0.448382 0.277227 0.524451 0.277227 0.426648 0.375030 0.578786 0.375030 0.383180 0.505433 0.643988 0.494567 0.383180 0.581502 0.600520 0.527167 0.448382 0.624970 0.546185 0.624970 0.459249 0.820576 0.524451 0.820576 0.470116 1.000000 0.491850 1.000000 0.000000 0.014625 0.009943 0.006063 0.102416 0.454114 0.006919 0.052889
0.464682 0.293527 0.464682 0.282660 0.464682 0.282660 0.442948 0.282660 0.519017 0.282660 0.421214 0.380463 0.573352 0.369596 0.388613 0.510867 0.638554 0.489133 0.377746 0.586936 0.595086 0.532601 0.453815 0.630404 0.551618 0.619537 0.464682 0.815143 0.519017 0.815143 0.475549 1.000000 0.497283 0.989015 0.001033 0.012985 0.022583 0.024958 0.032812 0.408947 0.006919 0.071271
0.475006 0.291718 0.463898 0.269501 0.475006 0.269501 0.441681 0.280610 0.519440 0.269501 0.419464 0.380585 0.574982 0.369477 0.375031 0.513885 0.641632 0.491669 0.375031 0.591644 0.619415 0.569427 0.452789 0.624969 0.552765 0.624969 0.463898 0.791595 0.541656 0.791595 0.475006 0.947112 0.519440 0.936003 0.001507 0.027401 0.021951 0.006420 0.102416 0.247533 0.007072 0.042379
0.479657 0.287848 0.479657 0.264599 0.491281 0.264599 0.444782 0.276223 0.526156 0.264599 0.421533 0.380846 0.584280 0.369221 0.363409 0.508719 0.642403 0.497094 0.375034 0.590092 0.630779 0.601717 0.444782 0.624966 0.549405 0.624966 0.456407 0.787713 0.549405 0.810962 0.479657 0.903961 0.537780 0.973709 0.040135 0.022698 0.007525 0.043140 0.180967 0.171023 0.007402 0.022698
0.513885 0.280610 0.513885 0.269501 0.513885 0.269501 0.458344 0.269501 0.524994 0.269501 0.413910 0.380585 0.580536 0.369477 0.369477 0.513885 0.624969 0.491669 0.413910 0.558319 0.613861 0.569427 0.447235 0.624969 0.558319 0.624969 0.458344 0.813811 0.547211 0.791595 0.480560 0.980437 0.536102 0.947112 0.023490 0.001507 0.024437 0.006420 0.352416 0.156184 0.007072 0.039892
0.505319 0.300532 0.505319 0.279255 0.515957 0.279255 0.462766 0.279255 0.537234 0.279255 0.420213 0.375000 0.579787 0.375000 0.377660 0.502660 0.622340 0.492021 0.398936 0.587766 0.611702 0.555851 0.452128 0.630319 0.547872 0.619681 0.462766 0.811170 0.547872 0.800532 0.462766 0.960106 0.526596 0.970745 0.018703 0.039583 0.020881 0.041285 0.180396 0.163586 0.000009 0.018703
0.524994 0.280610 0.524994 0.258393 0.524994 0.258393 0.458344 0.269501 0.536102 0.269501 0.425019 0.380585 0.569427 0.369477 0.369477 0.513885 0.613861 0.491669 0.391693 0.580536 0.613861 0.547211 0.447235 0.624969 0.558319 0.624969 0.458344 0.836028 0.547211 0.813811 0.458344 1.000000 0.524994 0.991545 0.016738 0.020881 0.012120 0.004871 0.228082 0.111017 0.007072 0.035440
0.522496 0.295041 0.512497 0.275045 0.522496 0.275045 0.462507 0.285043 0.532493 0.285043 0.432514 0.375025 0.572486 0.375025 0.382523 0.495001 0.602480 0.495001 0.402519 0.544991 0.602480 0.534993 0.452509 0.624975 0.542491 0.624975 0.452509 0.814937 0.542491 0.794941 0.442511 1.000000 0.522496 0.964907 0.015902 0.037277 0.025411 0.038015 0.246785 0.077979 0.006365 0.000003
