0.510613 0.299537 0.524763 0.275953 0.496462 0.280670 0.548347 0.285387 0.468162 0.285387 0.576648 0.375006 0.425711 0.375006 0.604948 0.483491 0.364393 0.483491 0.586081 0.507075 0.463445 0.464624 0.548347 0.624994 0.449295 0.624994 0.534197 0.818382 0.449295 0.827816 0.520046 0.992903 0.458728 0.992903 0.002501 0.018169 0.012633 0.029940 0.296004 0.723668 0.003002 0.023249
0.515186 0.297906 0.529204 0.274543 0.496495 0.279215 0.552568 0.283888 0.468459 0.283888 0.575931 0.377342 0.426405 0.372669 0.594622 0.494159 0.370333 0.484814 0.580604 0.550231 0.468459 0.466123 0.547895 0.624995 0.449769 0.624995 0.529204 0.825920 0.445096 0.830593 0.515186 1.000000 0.449769 0.994137 0.004447 0.016326 0.006358 0.036623 0.128481 0.707496 0.002974 0.022292
0.517360 0.300934 0.531249 0.277787 0.498843 0.282417 0.549766 0.287046 0.466437 0.282417 0.572914 0.379635 0.429401 0.370376 0.596061 0.486112 0.373848 0.486112 0.577543 0.495371 0.480325 0.458335 0.549766 0.624995 0.447919 0.624995 0.521990 0.828690 0.443289 0.833319 0.508102 1.000000 0.447919 0.990720 0.019890 0.016431 0.013199 0.030181 0.420554 0.723677 0.002948 0.036067
0.517045 0.297736 0.530681 0.279555 0.498864 0.279555 0.553407 0.284100 0.467047 0.284100 0.571588 0.379550 0.430685 0.370460 0.603405 0.488637 0.380687 0.484092 0.598860 0.484092 0.489773 0.452275 0.548862 0.624995 0.448866 0.624995 0.526135 0.829532 0.439775 0.829532 0.503409 1.000000 0.448866 0.974980 0.003404 0.034006 0.005834 0.036836 0.840334 0.722276 0.002894 0.021085
0.518018 0.300676 0.531532 0.278153 0.500000 0.282658 0.549550 0.287162 0.468468 0.287162 0.572072 0.377252 0.427928 0.372748 0.603604 0.489865 0.382883 0.489865 0.594595 0.480856 0.486486 0.462838 0.549550 0.625000 0.450450 0.625000 0.522523 0.832207 0.441441 0.827703 0.495495 1.000000 0.445946 0.962838 0.003880 0.024744 0.012428 0.042483 0.836901 0.698102 0.000006 0.027147
0.521017 0.301999 0.534291 0.284300 0.503318 0.284300 0.551989 0.288725 0.472346 0.288725 0.569688 0.377217 0.432525 0.372793 0.605084 0.487832 0.388279 0.501106 0.600660 0.483408 0.490045 0.470134 0.547565 0.624995 0.450223 0.624995 0.525441 0.832952 0.441374 0.824102 0.494469 1.000000 0.441374 0.939142 0.016483 0.014138 0.005391 0.036439 0.848582 0.699740 0.002817 0.019598
0.514767 0.286443 0.528399 0.263724 0.496592 0.268268 0.551117 0.277355 0.469330 0.277355 0.578380 0.377318 0.428436 0.372775 0.610186 0.486369 0.382998 0.490912 0.605643 0.490912 0.473873 0.481825 0.546574 0.627225 0.446611 0.622682 0.523855 0.836239 0.432979 0.822607 0.482961 1.000000 0.432979 0.940745 0.035983 0.021669 0.005833 0.044779 0.340334 0.648601 0.008679 0.012794
0.513627 0.281962 0.527255 0.259250 0.495458 0.263792 0.549967 0.272877 0.468203 0.272877 0.581764 0.377354 0.427321 0.372811 0.604476 0.481830 0.377354 0.481830 0.590849 0.495458 0.445491 0.495458 0.545425 0.627189 0.445491 0.622646 0.522712 0.827057 0.427321 0.808887 0.481830 1.000000 0.418236 0.913363 0.034429 0.003346 0.009960 0.054066 0.318138 0.573965 0.011570 0.005061
0.511154 0.283620 0.528999 0.265774 0.493308 0.265774 0.551307 0.274697 0.466539 0.279159 0.582537 0.377310 0.426386 0.372849 0.609305 0.484385 0.377310 0.479924 0.595921 0.493308 0.430848 0.502231 0.546845 0.627151 0.444232 0.622690 0.520077 0.823454 0.426386 0.810070 0.475462 0.992989 0.417463 0.912683 0.038769 0.002611 0.002029 0.052922 0.390812 0.511132 0.011363 0.012916
0.511046 0.284595 0.528721 0.266921 0.493372 0.266921 0.550813 0.275758 0.466861 0.280177 0.586162 0.381804 0.427094 0.368548 0.612673 0.492268 0.382908 0.465756 0.594999 0.501105 0.422675 0.492268 0.541976 0.629243 0.444768 0.620406 0.519884 0.823659 0.431512 0.805985 0.471279 0.982727 0.413838 0.920867 0.058376 0.025892 0.020231 0.044999 0.427393 0.448633 0.016886 0.013319
0.509859 0.291867 0.523004 0.269958 0.492332 0.269958 0.549295 0.278722 0.470423 0.278722 0.584349 0.379502 0.426606 0.370738 0.619403 0.493427 0.400315 0.471519 0.597494 0.502191 0.457278 0.484664 0.544913 0.629262 0.444133 0.620498 0.523004 0.826441 0.435369 0.804532 0.474805 0.984184 0.422224 0.953511 0.059170 0.012868 0.014624 0.037447 0.473896 0.509035 0.013952 0.020077
0.504342 0.290502 0.521710 0.268793 0.491316 0.273135 0.547761 0.277477 0.465265 0.277477 0.586838 0.381683 0.426187 0.368657 0.621574 0.503256 0.408820 0.477205 0.578155 0.490231 0.447897 0.490231 0.543419 0.629172 0.443555 0.620488 0.521710 0.824559 0.443555 0.807191 0.473948 0.985210 0.430529 0.980868 0.056760 0.023829 0.020058 0.021918 0.681359 0.448085 0.016593 0.035223
0.510761 0.291227 0.523675 0.274009 0.493543 0.274009 0.549503 0.278314 0.472020 0.278314 0.588244 0.377319 0.424670 0.373015 0.626985 0.506457 0.394538 0.476325 0.575330 0.476325 0.411756 0.497848 0.545198 0.626985 0.441888 0.622681 0.523675 0.824997 0.450497 0.812083 0.480629 0.992876 0.441888 1.000000 0.045433 0.028596 0.019883 0.007458 0.760865 0.305111 0.016450 0.048922
0.508609 0.291227 0.521523 0.269704 0.491391 0.274009 0.551655 0.278314 0.469868 0.278314 0.586092 0.377319 0.426822 0.373015 0.633442 0.502152 0.392385 0.480629 0.568873 0.463411 0.396690 0.506457 0.543046 0.626985 0.444040 0.622681 0.525828 0.833606 0.452650 0.824997 0.487086 1.000000 0.448345 1.000000 0.045728 0.020609 0.027882 0.008381 0.787422 0.151150 0.016450 0.040002
0.503175 0.292559 0.520109 0.271392 0.490475 0.275625 0.545510 0.279859 0.469307 0.279859 0.579378 0.377229 0.431206 0.372995 0.630180 0.495767 0.397338 0.474599 0.570911 0.461899 0.384637 0.504233 0.541277 0.627005 0.448140 0.622771 0.524343 0.838679 0.448140 0.825979 0.482008 1.000000 0.452373 1.000000 0.050739 0.007072 0.022774 0.021547 0.794130 0.026465 0.013480 0.025411
0.498994 0.292669 0.515097 0.272540 0.482890 0.276565 0.543278 0.280591 0.462761 0.284617 0.579511 0.377212 0.434580 0.373186 0.627821 0.497987 0.402373 0.469806 0.563407 0.465780 0.358089 0.493961 0.539252 0.626814 0.446658 0.622788 0.523149 0.824081 0.450683 0.820055 0.466787 0.973037 0.454709 0.997192 0.089215 0.000742 0.024975 0.008895 0.768703 0.238637 0.017950 0.032422
0.501015 0.287945 0.517249 0.271711 0.484781 0.271711 0.541599 0.279828 0.464488 0.279828 0.582184 0.377231 0.432021 0.373173 0.626827 0.490868 0.395494 0.470576 0.598418 0.482751 0.342734 0.490868 0.541599 0.628857 0.444196 0.620740 0.521307 0.827722 0.448254 0.819605 0.472605 0.986002 0.456371 1.000000 0.062647 0.007642 0.018533 0.009147 0.707740 0.268925 0.018096 0.038864
0.504056 0.296162 0.520282 0.275880 0.487831 0.275880 0.540565 0.283993 0.463492 0.283993 0.585186 0.377292 0.431040 0.373235 0.629807 0.507099 0.394532 0.470591 0.564903 0.490873 0.390475 0.478704 0.540565 0.624736 0.443209 0.624736 0.528395 0.823503 0.447266 0.819447 0.491887 0.949254 0.451322 1.000000 0.070476 0.000259 0.037326 0.008759 0.683370 0.033384 0.020674 0.026094
0.504096 0.293144 0.520481 0.272663 0.487712 0.276759 0.545058 0.280855 0.463135 0.280855 0.581923 0.375067 0.426269 0.375067 0.622885 0.493856 0.385308 0.485663 0.586019 0.502048 0.442654 0.489760 0.549154 0.624933 0.442654 0.624933 0.540962 0.821549 0.450846 0.829741 0.508192 0.899376 0.450846 1.000000 0.113598 0.012726 0.028253 0.008118 0.536093 0.590208 0.010433 0.025981
0.511354 0.288404 0.527869 0.267760 0.494839 0.271889 0.548512 0.280146 0.470067 0.280146 0.585671 0.375107 0.424651 0.375107 0.622829 0.490710 0.383364 0.478324 0.589799 0.507225 0.408136 0.482453 0.548512 0.626958 0.441166 0.622829 0.540255 0.821007 0.445295 0.829264 0.511354 0.903581 0.449423 1.000000 0.093630 0.000874 0.033090 0.014824 0.451410 0.568550 0.013146 0.019902
0.515483 0.288404 0.527869 0.267760 0.494839 0.267760 0.552641 0.276018 0.470067 0.276018 0.585671 0.375107 0.424651 0.375107 0.614572 0.490710 0.375107 0.490710 0.589799 0.498968 0.453552 0.478324 0.548512 0.626958 0.441166 0.622829 0.536126 0.821007 0.445295 0.829264 0.511354 0.932482 0.449423 1.000000 0.049314 0.001208 0.026337 0.014824 0.475563 0.678729 0.013146 0.026655
0.515356 0.282969 0.531736 0.262494 0.498976 0.266589 0.552210 0.274779 0.470312 0.274779 0.584970 0.377152 0.425268 0.373057 0.605444 0.495905 0.376129 0.491810 0.593159 0.495905 0.445742 0.471336 0.548115 0.626943 0.441647 0.622848 0.531736 0.815309 0.441647 0.827594 0.515356 0.962726 0.449837 0.995486 0.007614 0.015515 0.019018 0.020843 0.554347 0.715939 0.013038 0.027610
0.514106 0.286401 0.530226 0.266251 0.497985 0.266251 0.554407 0.278341 0.473804 0.274311 0.582618 0.379095 0.425442 0.371035 0.598739 0.500000 0.377080 0.487910 0.582618 0.495970 0.457683 0.459698 0.546347 0.624935 0.445593 0.624935 0.526196 0.818383 0.437532 0.826443 0.510075 0.991680 0.441563 0.995710 0.003513 0.020303 0.013589 0.037936 0.620172 0.732053 0.010264 0.020312
0.520492 0.293127 0.536105 0.273610 0.500976 0.273610 0.559525 0.281417 0.477556 0.277513 0.579041 0.378999 0.430717 0.371192 0.594654 0.492193 0.383878 0.484387 0.602461 0.496097 0.461943 0.457064 0.543912 0.624905 0.446330 0.624905 0.520492 0.820068 0.434620 0.820068 0.512686 1.000000 0.434620 0.980103 0.024760 0.019076 0.007153 0.038639 0.308787 0.732053 0.012428 0.018940
0.518256 0.290539 0.537472 0.271323 0.502882 0.271323 0.560532 0.282853 0.479823 0.279010 0.572062 0.378936 0.437546 0.371249 0.591279 0.486548 0.387583 0.482705 0.606652 0.486548 0.479823 0.444272 0.545159 0.624908 0.445233 0.624908 0.522099 0.824760 0.433703 0.824760 0.510569 1.000000 0.433703 0.955433 0.017491 0.018344 0.001889 0.027987 0.443752 0.759808 0.012236 0.018223
0.520970 0.291249 0.536222 0.268373 0.501906 0.272185 0.559098 0.279811 0.479030 0.279811 0.574350 0.378944 0.437089 0.371318 0.593414 0.481889 0.391335 0.481889 0.612478 0.489515 0.482842 0.447574 0.543847 0.626776 0.444714 0.622963 0.520970 0.821228 0.433276 0.821228 0.513345 1.000000 0.433276 0.935612 0.025040 0.018344 0.001698 0.027987 0.320595 0.739086 0.014569 0.018933
0.519563 0.289466 0.534468 0.270835 0.500932 0.270835 0.560552 0.282014 0.474848 0.278287 0.575457 0.378896 0.437585 0.371444 0.590362 0.483232 0.389144 0.483232 0.608993 0.490684 0.489753 0.453422 0.541920 0.628556 0.445038 0.621104 0.519563 0.822322 0.433859 0.818595 0.508384 1.000000 0.433859 0.908026 0.018568 0.017998 0.005937 0.027497 0.333714 0.721850 0.016613 0.018568
0.516076 0.282503 0.531206 0.263590 0.500946 0.267372 0.553902 0.274937 0.474468 0.278720 0.580379 0.377067 0.432859 0.373284 0.595510 0.482978 0.379904 0.490544 0.603075 0.494326 0.474468 0.479196 0.542554 0.626716 0.444207 0.622933 0.519858 0.823409 0.429077 0.815844 0.504728 1.000000 0.421512 0.887713 0.011652 0.008469 0.011299 0.039373 0.142000 0.673041 0.016864 0.011652
0.518104 0.277988 0.533349 0.258932 0.502859 0.258932 0.556217 0.270366 0.476179 0.270366 0.586708 0.377084 0.426631 0.373272 0.613388 0.491424 0.373272 0.491424 0.605765 0.495236 0.445688 0.502859 0.544783 0.628633 0.441877 0.621011 0.525727 0.823012 0.426631 0.811578 0.499047 1.000000 0.426631 0.891617 0.014060 0.025411 0.021461 0.044974 0.425383 0.585177 0.016993 0.005697
0.515368 0.279081 0.530737 0.259871 0.500000 0.259871 0.549947 0.271397 0.473106 0.271397 0.588367 0.378975 0.423159 0.371291 0.615262 0.494237 0.365528 0.482711 0.603736 0.498079 0.423159 0.513447 0.546105 0.628709 0.442369 0.621025 0.526894 0.824654 0.430843 0.809286 0.492316 1.000000 0.419317 0.893812 0.030393 0.023676 0.022255 0.043901 0.470550 0.495986 0.014680 0.011644
0.510172 0.284549 0.524966 0.266055 0.495377 0.266055 0.547159 0.277151 0.469485 0.277151 0.587845 0.380716 0.425101 0.369620 0.617435 0.506473 0.373318 0.469485 0.595242 0.491678 0.402908 0.502774 0.543460 0.628531 0.443594 0.621134 0.524966 0.820865 0.439896 0.806070 0.480582 0.976212 0.421402 0.909635 0.058073 0.049883 0.025900 0.029728 0.760725 0.383562 0.016490 0.024148
0.507505 0.279534 0.522516 0.260771 0.492495 0.264523 0.548784 0.272029 0.466226 0.272029 0.590063 0.380854 0.424948 0.369597 0.620084 0.508443 0.372411 0.467165 0.582558 0.470917 0.391174 0.485928 0.541279 0.628527 0.443711 0.621022 0.522516 0.827416 0.443711 0.808653 0.477484 0.985026 0.413690 0.955005 0.058645 0.064401 0.031964 0.023711 0.823558 0.407226 0.019124 0.029941
0.505509 0.285135 0.523874 0.266771 0.490818 0.266771 0.545911 0.277790 0.468780 0.277790 0.586313 0.380631 0.424706 0.369612 0.619369 0.509182 0.380631 0.472453 0.578967 0.472453 0.395322 0.476126 0.542238 0.626715 0.446743 0.623042 0.523874 0.817706 0.454089 0.806687 0.476126 0.982986 0.435724 0.982986 0.059006 0.045764 0.025900 0.014884 0.814969 0.550902 0.014034 0.043239
0.505426 0.292016 0.519894 0.273930 0.487340 0.273930 0.545214 0.281165 0.465637 0.281165 0.588619 0.378827 0.425849 0.371592 0.628408 0.512660 0.382444 0.472872 0.563300 0.472872 0.386061 0.476489 0.545214 0.628408 0.440318 0.621173 0.530746 0.823732 0.451169 0.805646 0.490957 0.993736 0.443935 1.000000 0.049645 0.030486 0.031275 0.000265 0.766593 0.378881 0.018432 0.042238
0.495607 0.294427 0.513178 0.276856 0.478037 0.273342 0.541290 0.280370 0.456953 0.280370 0.583459 0.378764 0.432354 0.371736 0.625628 0.505271 0.390185 0.463102 0.558861 0.463102 0.369101 0.491215 0.541290 0.628264 0.442896 0.621236 0.520206 0.825052 0.449924 0.810996 0.488579 1.000000 0.453438 1.000000 0.022714 0.006100 0.019320 0.001660 0.781726 0.067193 0.020148 0.045759
0.494059 0.295451 0.514429 0.278476 0.477084 0.278476 0.541589 0.281871 0.456714 0.285266 0.578934 0.380326 0.436344 0.370141 0.623069 0.502546 0.402394 0.461806 0.555169 0.455016 0.365049 0.488966 0.538194 0.628161 0.446529 0.621371 0.521219 0.825072 0.453319 0.811492 0.487269 1.000000 0.453319 1.000000 0.031988 0.011363 0.024488 0.001529 0.804707 0.186942 0.019464 0.038736
0.492413 0.294299 0.512646 0.274066 0.475552 0.274066 0.539623 0.280810 0.455319 0.280810 0.580089 0.378603 0.435086 0.371858 0.623926 0.503372 0.404737 0.462906 0.553111 0.462906 0.364271 0.483139 0.539623 0.628142 0.445203 0.621397 0.522762 0.830471 0.458691 0.820354 0.485668 0.995706 0.462063 1.000000 0.043827 0.015864 0.024708 0.008649 0.772799 0.250000 0.019333 0.048012
0.493339 0.295164 0.509992 0.278510 0.476685 0.278510 0.536637 0.285172 0.456701 0.281841 0.579936 0.378431 0.430056 0.371769 0.623235 0.504996 0.396749 0.471689 0.556621 0.468359 0.363443 0.485012 0.543299 0.628231 0.446709 0.621569 0.533307 0.824740 0.463363 0.824740 0.496669 0.944644 0.470024 1.000000 0.078222 0.015061 0.030184 0.004844 0.764983 0.276465 0.012725 0.042204
0.493246 0.290617 0.510131 0.270354 0.476360 0.270354 0.533771 0.277108 0.452720 0.277108 0.581051 0.378423 0.425703 0.371668 0.628332 0.503377 0.388554 0.469606 0.570920 0.483114 0.378423 0.472983 0.547280 0.624954 0.445966 0.624954 0.543903 0.820829 0.459474 0.827583 0.513509 0.912012 0.466229 1.000000 0.096929 0.009826 0.037847 0.004222 0.723142 0.282182 0.008601 0.026677
0.496646 0.284474 0.513418 0.267701 0.479873 0.267701 0.536899 0.274410 0.456392 0.274410 0.583862 0.378400 0.422847 0.371691 0.624116 0.509225 0.385947 0.482389 0.570444 0.499161 0.389302 0.472325 0.546963 0.626632 0.446328 0.623278 0.550317 0.814484 0.459746 0.824548 0.526836 0.888283 0.469810 1.000000 0.103740 0.003191 0.052656 0.008434 0.654013 0.999996 0.008543 0.015506
0.498288 0.277481 0.515405 0.260364 0.481171 0.260364 0.539369 0.270634 0.457208 0.270634 0.587296 0.376759 0.419551 0.373335 0.621530 0.493153 0.375047 0.482883 0.600990 0.506847 0.385317 0.486307 0.549639 0.626665 0.443514 0.623241 0.549639 0.825220 0.460631 0.828644 0.518829 0.914228 0.464055 1.000000 0.106075 0.020224 0.047606 0.003964 0.403886 0.520414 0.008718 0.026465
0.500000 0.279782 0.517005 0.262777 0.482995 0.262777 0.544214 0.272980 0.459187 0.269579 0.585026 0.378413 0.418375 0.371611 0.612234 0.494048 0.370760 0.494048 0.602031 0.504251 0.442182 0.470241 0.551016 0.626689 0.445583 0.623288 0.554417 0.820549 0.462588 0.827351 0.517005 0.922580 0.459187 0.997403 0.117452 0.032830 0.048918 0.007814 0.323558 0.720475 0.004331 0.020881
0.500000 0.285019 0.516665 0.268354 0.483335 0.268354 0.539996 0.275020 0.460004 0.271687 0.583326 0.378344 0.420007 0.371678 0.603324 0.505000 0.373345 0.501667 0.596658 0.495000 0.446671 0.468336 0.549996 0.624989 0.446671 0.624989 0.549996 0.811639 0.453337 0.821638 0.523331 0.941627 0.460004 0.981624 0.064401 0.002471 0.042756 0.022597 0.862681 0.745504 0.004244 0.010787
0.504902 0.288399 0.524510 0.268791 0.488562 0.268791 0.547386 0.278595 0.462418 0.275327 0.580065 0.376634 0.419935 0.373366 0.599673 0.494281 0.380719 0.497549 0.596405 0.494281 0.468954 0.455065 0.550654 0.625000 0.449346 0.625000 0.537582 0.814542 0.449346 0.817810 0.514706 0.984477 0.452614 0.987745 0.020676 0.006120 0.015602 0.037037 0.552568 0.740197 0.000005 0.021918
0.508117 0.285714 0.524351 0.269481 0.491883 0.269481 0.547078 0.279221 0.462662 0.279221 0.576299 0.376623 0.423701 0.373377 0.589286 0.490260 0.381494 0.493506 0.599026 0.503247 0.475649 0.454545 0.550325 0.626623 0.449675 0.623377 0.534091 0.824675 0.436688 0.821429 0.517857 1.000000 0.439935 0.977273 0.002313 0.027473 0.006920 0.053796 0.168612 0.732436 0.000005 0.005190
0.511719 0.292192 0.527343 0.276567 0.492969 0.276567 0.549218 0.285942 0.464844 0.282817 0.571092 0.376565 0.427345 0.373440 0.583592 0.485938 0.386721 0.492188 0.602342 0.495313 0.483594 0.448438 0.549218 0.626560 0.452345 0.623435 0.530468 0.826556 0.436720 0.817181 0.517968 1.000000 0.436720 0.954679 0.008911 0.025615 0.001968 0.057340 0.316195 0.739948 0.001990 0.004138
0.513037 0.292182 0.528374 0.276845 0.494632 0.276845 0.549846 0.286047 0.467025 0.286047 0.571318 0.378070 0.430216 0.371935 0.583587 0.482362 0.387272 0.488497 0.608127 0.491565 0.485430 0.451688 0.546778 0.626531 0.451688 0.623464 0.528374 0.825914 0.433283 0.816712 0.513037 1.000000 0.439418 0.939409 0.003686 0.046126 0.002038 0.057331 0.348523 0.726561 0.001953 0.000929
0.514394 0.293186 0.529545 0.275004 0.496212 0.275004 0.550757 0.284095 0.468940 0.284095 0.571968 0.378033 0.429547 0.371972 0.578029 0.484091 0.390154 0.493182 0.605301 0.493182 0.487121 0.459849 0.547726 0.626513 0.450758 0.623483 0.529545 0.826509 0.435607 0.814388 0.514394 1.000000 0.435607 0.917417 0.003647 0.025210 0.002098 0.051992 0.379414 0.705414 0.001931 0.003647
0.513550 0.286207 0.528606 0.268140 0.495483 0.271151 0.549684 0.277173 0.465371 0.280184 0.576785 0.376542 0.429237 0.373531 0.582807 0.478922 0.381059 0.493978 0.597863 0.490966 0.465371 0.475911 0.546673 0.626469 0.447304 0.623458 0.528606 0.828218 0.432249 0.810151 0.504517 1.000000 0.435260 0.891453 0.012417 0.037399 0.009738 0.048585 0.266521 0.688312 0.007669 0.002815
0.515050 0.283274 0.530101 0.265214 0.493980 0.265214 0.551171 0.271234 0.463879 0.277254 0.581272 0.376587 0.427758 0.373577 0.590302 0.487960 0.376587 0.496990 0.596323 0.506020 0.451839 0.496990 0.545151 0.626423 0.445819 0.623413 0.527091 0.822079 0.430768 0.804018 0.500000 1.000000 0.424748 0.882280 0.016586 0.002028 0.016405 0.049435 0.076664 0.625114 0.011500 0.002836
