0.596368 0.288768 0.592475 0.273193 0.580794 0.273193 0.553538 0.280981 0.537963 0.277087 0.506814 0.374429 0.530176 0.378323 0.413366 0.487346 0.557432 0.514601 0.467877 0.565219 0.654774 0.553538 0.502920 0.623624 0.460090 0.623624 0.608050 0.810521 0.436728 0.849457 0.569113 1.000000 0.226469 0.822202 0.216542 0.508222 0.168072 0.055774 0.414459 0.316048 0.047271 0.195911
0.588976 0.286263 0.588976 0.270789 0.577371 0.270789 0.550291 0.274658 0.530948 0.274658 0.527080 0.375240 0.519343 0.379108 0.515474 0.533850 0.507737 0.541587 0.588976 0.599615 0.581239 0.603483 0.476789 0.622826 0.476789 0.622826 0.530948 0.827859 0.561897 0.816253 0.310442 0.812384 0.484526 1.000000 0.604505 0.250903 0.145993 0.186965 0.290915 0.299915 0.059452 0.049737
0.599939 0.284445 0.599939 0.264849 0.588182 0.268768 0.556828 0.272687 0.545071 0.272687 0.525475 0.370667 0.533313 0.386344 0.529394 0.531354 0.537232 0.547030 0.639131 0.570545 0.654808 0.574465 0.466687 0.617576 0.474525 0.625414 0.564667 0.793939 0.568586 0.813535 0.380465 0.809616 0.419657 1.000000 0.634389 0.351415 0.235817 0.224334 0.383050 0.419271 0.075559 0.013831
0.601513 0.283309 0.601513 0.267692 0.585896 0.267692 0.554661 0.275500 0.542948 0.275500 0.546852 0.384822 0.515617 0.373109 0.593704 0.533187 0.425817 0.470717 0.699122 0.498048 0.437530 0.560517 0.492191 0.619083 0.445339 0.622987 0.636652 0.732309 0.476574 0.837726 0.468765 0.806491 0.347731 1.000000 0.655958 0.240831 0.361362 0.133247 0.505052 0.278030 0.080391 0.242419
0.586383 0.281616 0.586383 0.266086 0.570854 0.266086 0.566971 0.277733 0.528147 0.273851 0.566971 0.390322 0.493206 0.367028 0.640737 0.502912 0.372852 0.444676 0.718384 0.429146 0.392264 0.576677 0.508735 0.619384 0.431088 0.623266 0.667913 0.712561 0.411676 0.844562 0.524265 0.879504 0.268027 1.000000 0.557598 0.194709 0.410674 0.047855 0.557219 0.364096 0.077380 0.359277
0.589182 0.281009 0.589182 0.269118 0.573327 0.265154 0.561436 0.277045 0.529727 0.273082 0.581255 0.388027 0.474236 0.368209 0.672418 0.479191 0.343436 0.427664 0.723946 0.391991 0.359291 0.558464 0.513873 0.621882 0.430636 0.621882 0.676382 0.717009 0.359291 0.843846 0.601073 0.927082 0.216600 1.000000 0.440995 0.115783 0.420724 0.044814 0.580115 0.402596 0.071247 0.430420
0.584457 0.288857 0.588386 0.273144 0.572673 0.273144 0.556960 0.281000 0.525534 0.277072 0.576601 0.387063 0.470538 0.367422 0.670879 0.469556 0.340906 0.418489 0.718018 0.383135 0.344834 0.548121 0.521605 0.622758 0.431256 0.622758 0.670879 0.736677 0.340906 0.823099 0.670879 0.968444 0.175919 0.980229 0.292504 0.122904 0.365470 0.086268 0.569864 0.390190 0.060381 0.427362
0.580685 0.287372 0.580685 0.275981 0.565497 0.272184 0.554106 0.283575 0.519934 0.275981 0.569294 0.382295 0.470574 0.370904 0.649030 0.481015 0.345275 0.435452 0.713578 0.397483 0.356666 0.560751 0.523731 0.621502 0.436401 0.625299 0.652827 0.754395 0.360463 0.818942 0.690796 0.974617 0.166819 0.913866 0.191040 0.235962 0.305300 0.076457 0.574323 0.377439 0.050979 0.364348
0.582349 0.292211 0.582349 0.276890 0.570859 0.273060 0.544047 0.284551 0.524896 0.276890 0.555538 0.380306 0.482764 0.372646 0.609161 0.502873 0.367858 0.464571 0.697256 0.453080 0.383179 0.583307 0.513406 0.621609 0.448292 0.625439 0.635972 0.782478 0.398499 0.851422 0.658954 1.000000 0.180178 0.866742 0.176536 0.408666 0.262267 0.025893 0.532481 0.326070 0.048961 0.276277
0.573671 0.285684 0.577498 0.266549 0.558363 0.266549 0.550709 0.274203 0.512438 0.274203 0.539227 0.377534 0.485649 0.373707 0.566017 0.511481 0.409107 0.492346 0.677002 0.492346 0.428243 0.595677 0.489476 0.626293 0.485649 0.622466 0.443551 0.840609 0.604288 0.794684 0.252197 0.809992 0.588979 1.000000 0.483308 0.213203 0.004360 0.192014 0.491514 0.240667 0.031725 0.259207
0.582496 0.281975 0.582496 0.266262 0.570711 0.266262 0.543212 0.270190 0.523570 0.270190 0.523570 0.372328 0.511785 0.380185 0.539284 0.525534 0.519642 0.533391 0.645350 0.572675 0.637493 0.576603 0.480358 0.623744 0.484287 0.623744 0.531427 0.828019 0.582496 0.816234 0.331080 0.788735 0.511785 1.000000 0.639611 0.249165 0.132159 0.185958 0.334342 0.371822 0.045167 0.072192
0.593463 0.280262 0.593463 0.264353 0.577555 0.264353 0.549714 0.268331 0.533806 0.268331 0.529829 0.375714 0.521874 0.379691 0.541760 0.542754 0.533806 0.546732 0.641189 0.634229 0.633235 0.642183 0.478126 0.626275 0.470171 0.618320 0.557669 0.821155 0.581532 0.781384 0.422445 0.992173 0.402560 0.797292 0.336316 0.662503 0.188126 0.258641 0.240557 0.233797 0.066309 0.067371
0.593463 0.280262 0.593463 0.264353 0.577555 0.264353 0.553692 0.268331 0.533806 0.268331 0.529829 0.375714 0.521874 0.379691 0.541760 0.542754 0.533806 0.546732 0.641189 0.634229 0.633235 0.642183 0.478126 0.626275 0.470171 0.618320 0.557669 0.821155 0.581532 0.785361 0.418468 0.988196 0.402560 0.801270 0.344495 0.658947 0.188126 0.255084 0.240557 0.233797 0.066309 0.063814
0.591727 0.280441 0.587824 0.264828 0.576114 0.264828 0.552694 0.272634 0.529275 0.272634 0.533178 0.374119 0.521468 0.381926 0.583920 0.518541 0.587824 0.530250 0.712728 0.561477 0.708825 0.569283 0.494145 0.616122 0.451209 0.627832 0.626856 0.733221 0.490242 0.834706 0.431693 0.748834 0.349724 1.000000 0.744458 0.270733 0.320770 0.147946 0.290034 0.266773 0.070144 0.210508
0.599579 0.289240 0.595712 0.273772 0.580243 0.273772 0.549306 0.285373 0.529970 0.285373 0.506768 0.370451 0.549306 0.385919 0.413956 0.470996 0.642118 0.505801 0.425557 0.567675 0.758132 0.494199 0.491299 0.614081 0.452627 0.629550 0.673055 0.679822 0.417823 0.857711 0.518369 0.811305 0.278606 1.000000 0.665279 0.189090 0.409710 0.072063 0.275290 0.322021 0.072008 0.437711
0.581544 0.300359 0.581544 0.285362 0.566547 0.289111 0.544052 0.296610 0.525307 0.300359 0.499063 0.367843 0.547801 0.386589 0.386589 0.442826 0.652777 0.499063 0.382840 0.551551 0.746505 0.450324 0.499063 0.615286 0.454073 0.630282 0.694018 0.667774 0.356596 0.825237 0.581544 0.840234 0.206630 0.990199 0.600238 0.087270 0.416286 0.030709 0.301861 0.413608 0.060024 0.563870
0.582546 0.306113 0.582546 0.290756 0.567189 0.290756 0.551831 0.298434 0.524956 0.298434 0.494241 0.363703 0.551831 0.390579 0.375221 0.413615 0.678530 0.482723 0.367543 0.524956 0.762995 0.432811 0.509598 0.617100 0.444330 0.628618 0.693887 0.690048 0.313792 0.816746 0.655493 0.893533 0.152539 0.981838 0.439387 0.053167 0.360758 0.058063 0.351688 0.370037 0.058998 0.573114
0.585325 0.302804 0.581533 0.291427 0.570156 0.291427 0.547403 0.295219 0.524650 0.299012 0.490519 0.363480 0.551195 0.390025 0.376752 0.412779 0.661170 0.496208 0.369168 0.518961 0.744599 0.450701 0.509481 0.621351 0.448805 0.625144 0.680131 0.719950 0.331246 0.810963 0.687716 0.939899 0.122673 0.905769 0.322259 0.184647 0.309868 0.048818 0.347143 0.403363 0.053362 0.512785
0.585933 0.300749 0.585933 0.285640 0.570824 0.285640 0.555715 0.293194 0.525497 0.293194 0.495278 0.364963 0.540606 0.387626 0.385738 0.436731 0.623706 0.512276 0.400847 0.546272 0.718137 0.493390 0.510387 0.621817 0.453728 0.625594 0.653924 0.750244 0.359297 0.825790 0.669033 0.984435 0.151547 0.844676 0.247158 0.330847 0.248963 0.028873 0.359009 0.375666 0.045847 0.407961
0.587212 0.288753 0.587212 0.273249 0.571708 0.273249 0.556203 0.284877 0.525195 0.281001 0.501938 0.370151 0.529071 0.381779 0.405036 0.470929 0.571708 0.505814 0.463177 0.552327 0.653105 0.544575 0.509690 0.622097 0.459301 0.625973 0.625973 0.781016 0.401160 0.839157 0.598840 1.000000 0.207356 0.792644 0.235751 0.490226 0.191282 0.003834 0.441191 0.253146 0.039583 0.285824
0.582669 0.281516 0.582669 0.265770 0.566923 0.265770 0.543303 0.273643 0.523620 0.273643 0.515747 0.372059 0.515747 0.379932 0.480317 0.529525 0.503937 0.541335 0.590543 0.588574 0.594479 0.596448 0.507873 0.624004 0.460634 0.624004 0.578733 0.812963 0.464570 0.844456 0.511810 1.000000 0.279548 0.773597 0.208016 0.622104 0.124144 0.076374 0.413899 0.349201 0.040205 0.108517
0.589742 0.282054 0.589742 0.266275 0.573964 0.266275 0.558185 0.274165 0.530572 0.274165 0.518737 0.372783 0.522682 0.380672 0.491124 0.534516 0.526627 0.538461 0.554240 0.605521 0.637079 0.562129 0.479290 0.621300 0.479290 0.625245 0.550295 0.822481 0.550295 0.822481 0.380672 0.869817 0.388562 0.905320 0.521373 0.459320 0.158108 0.165886 0.285124 0.424851 0.052981 0.001994
0.596285 0.282615 0.596285 0.266733 0.580403 0.262762 0.548639 0.274674 0.536727 0.274674 0.544668 0.381877 0.508934 0.373936 0.588344 0.532757 0.417612 0.477170 0.695547 0.497022 0.445406 0.568491 0.477170 0.624078 0.469229 0.620108 0.500993 0.826574 0.620108 0.767017 0.385848 0.993335 0.433494 0.810692 0.229633 0.681063 0.123791 0.305146 0.512726 0.324578 0.068782 0.216967
0.584729 0.278707 0.588717 0.266745 0.568780 0.262758 0.564793 0.278707 0.524920 0.274720 0.568780 0.386363 0.489035 0.370414 0.644538 0.505981 0.365430 0.450159 0.716309 0.434210 0.397328 0.573764 0.465111 0.625599 0.477073 0.617624 0.409290 0.844898 0.656500 0.721293 0.265748 1.000000 0.504984 0.860847 0.132033 0.596305 0.050820 0.348621 0.570292 0.398010 0.074285 0.412571
0.571435 0.286673 0.575350 0.271016 0.555778 0.271016 0.559693 0.282758 0.508807 0.274930 0.575350 0.384529 0.465750 0.368872 0.661463 0.482386 0.336580 0.423672 0.704520 0.396272 0.352237 0.545014 0.524464 0.623299 0.434436 0.623299 0.669292 0.713327 0.352237 0.822927 0.563607 0.897298 0.215237 1.000000 0.488945 0.082701 0.389803 0.085353 0.622707 0.413131 0.052568 0.447301
0.572263 0.291999 0.576170 0.276374 0.560545 0.272468 0.548827 0.284186 0.509765 0.276374 0.576170 0.385746 0.455079 0.366215 0.669917 0.479493 0.314459 0.409182 0.705072 0.393558 0.333989 0.538085 0.525390 0.627926 0.443361 0.620113 0.630855 0.768546 0.400394 0.799796 0.615231 0.967759 0.212899 0.963853 0.229747 0.196475 0.270622 0.060034 0.626394 0.453471 0.039892 0.279547
0.578378 0.295083 0.578378 0.279974 0.563269 0.279974 0.551937 0.287529 0.517942 0.279974 0.570824 0.385738 0.465060 0.366851 0.650147 0.483947 0.332856 0.408401 0.706806 0.412178 0.344188 0.536828 0.525497 0.623706 0.438619 0.623706 0.646369 0.755910 0.363074 0.820124 0.676587 0.971215 0.166656 0.884337 0.191372 0.282548 0.295670 0.084223 0.571013 0.431085 0.045847 0.352632
0.578266 0.289660 0.582179 0.274007 0.566526 0.274007 0.554786 0.281833 0.515653 0.274007 0.566526 0.383579 0.460867 0.367926 0.613486 0.508805 0.339555 0.430539 0.699578 0.465759 0.351295 0.551851 0.492173 0.626204 0.480433 0.622291 0.402167 0.837522 0.621312 0.790563 0.190849 0.849262 0.668272 1.000000 0.354165 0.157999 0.033515 0.197432 0.533383 0.379044 0.034948 0.350038
0.573653 0.286596 0.569876 0.271488 0.558544 0.271488 0.528328 0.279042 0.513220 0.279042 0.539659 0.377246 0.479226 0.373469 0.547213 0.509443 0.362137 0.460341 0.660525 0.520774 0.411239 0.584984 0.520774 0.622754 0.460341 0.626531 0.596315 0.792722 0.437679 0.834269 0.600092 1.000000 0.256380 0.770059 0.127820 0.573759 0.157562 0.010878 0.450105 0.416269 0.024069 0.167713
0.578266 0.279877 0.582179 0.264224 0.562613 0.264224 0.550873 0.272050 0.515653 0.272050 0.531306 0.377709 0.496087 0.373796 0.527393 0.530328 0.417821 0.495108 0.625226 0.577288 0.453040 0.569461 0.484347 0.624247 0.488260 0.624247 0.507827 0.823826 0.578266 0.812086 0.331728 0.757300 0.531306 1.000000 0.652252 0.211839 0.097190 0.152178 0.365710 0.323193 0.034948 0.104957
0.596511 0.276818 0.592490 0.260733 0.576404 0.260733 0.560319 0.268776 0.528149 0.272797 0.524128 0.373329 0.524128 0.381372 0.516085 0.538202 0.520106 0.534181 0.596511 0.598522 0.584447 0.614607 0.471851 0.618628 0.479894 0.626671 0.556298 0.775458 0.572383 0.815671 0.395446 0.739267 0.451745 1.000000 0.727673 0.303810 0.224063 0.201653 0.310682 0.223151 0.061829 0.012363
0.585564 0.284616 0.585564 0.264946 0.569828 0.264946 0.546224 0.276748 0.526554 0.276748 0.522620 0.371163 0.522620 0.382965 0.479347 0.508851 0.550158 0.528521 0.573762 0.567861 0.679979 0.540323 0.479347 0.619002 0.475413 0.626870 0.593432 0.776361 0.589498 0.780295 0.384932 0.882578 0.400667 0.843238 0.549702 0.601106 0.254702 0.264379 0.419121 0.411625 0.057921 0.003844
0.592395 0.288261 0.588545 0.276712 0.576996 0.276712 0.550047 0.288261 0.530798 0.284411 0.507700 0.372957 0.534648 0.380656 0.415304 0.465352 0.607794 0.507700 0.426854 0.557747 0.723288 0.476901 0.500000 0.615494 0.457652 0.630893 0.677091 0.692490 0.446103 0.838782 0.511549 0.800284 0.299810 1.000000 0.685726 0.212710 0.379554 0.077350 0.289583 0.416666 0.054180 0.387118
0.581464 0.289552 0.577585 0.277914 0.565947 0.277914 0.534913 0.289552 0.519396 0.285672 0.500000 0.371015 0.542672 0.382653 0.379744 0.444721 0.643532 0.487392 0.391381 0.553339 0.732754 0.433083 0.507758 0.615407 0.449570 0.630924 0.682324 0.677475 0.371985 0.852040 0.577585 0.848161 0.240091 1.000000 0.566454 0.116832 0.381159 0.006783 0.358951 0.430053 0.054599 0.498676
0.580970 0.293625 0.580970 0.281776 0.569121 0.281776 0.537523 0.289675 0.525673 0.293625 0.494075 0.368670 0.545422 0.384469 0.367683 0.431867 0.656016 0.479264 0.375582 0.542460 0.742910 0.412118 0.505925 0.617505 0.454578 0.629355 0.699463 0.688601 0.347934 0.826843 0.644166 0.901888 0.185994 0.996683 0.468688 0.084817 0.372795 0.044532 0.375114 0.434975 0.050502 0.545547
0.577816 0.301138 0.573973 0.285767 0.562445 0.285767 0.527860 0.293452 0.520174 0.289610 0.485590 0.374150 0.547074 0.377993 0.358779 0.435634 0.650828 0.470219 0.377993 0.539388 0.731525 0.412578 0.516332 0.620086 0.451005 0.627771 0.673884 0.723840 0.358779 0.823751 0.677727 0.935191 0.174327 0.923663 0.308845 0.201977 0.275048 0.023131 0.414584 0.428729 0.041707 0.454638
0.577959 0.294740 0.577959 0.278951 0.562170 0.278951 0.538486 0.286846 0.514802 0.286846 0.491119 0.369739 0.534539 0.381581 0.376647 0.456580 0.625327 0.496053 0.400331 0.563157 0.716115 0.444738 0.514802 0.622366 0.459540 0.626314 0.668747 0.760522 0.380594 0.839468 0.680589 0.993412 0.175335 0.890783 0.251018 0.309115 0.237435 0.018252 0.363023 0.450321 0.032726 0.380096
0.577959 0.294740 0.577959 0.278951 0.562170 0.278951 0.538486 0.286846 0.514802 0.286846 0.491119 0.369739 0.534539 0.381581 0.376647 0.456580 0.625327 0.496053 0.400331 0.563157 0.716115 0.444738 0.514802 0.622366 0.459540 0.626314 0.668747 0.760522 0.380594 0.839468 0.680589 0.993412 0.175335 0.890783 0.251018 0.309115 0.237435 0.018252 0.363023 0.450321 0.032726 0.380096
0.584502 0.280698 0.584502 0.268626 0.568406 0.268626 0.548287 0.276674 0.516096 0.276674 0.495976 0.369224 0.520119 0.381295 0.399403 0.481892 0.592550 0.502012 0.423546 0.574442 0.697171 0.489940 0.516096 0.622729 0.467809 0.626753 0.628765 0.795756 0.423546 0.844043 0.628765 1.000000 0.218328 0.844043 0.183726 0.436034 0.158516 0.002872 0.306790 0.364545 0.020508 0.247692
0.571582 0.287214 0.571582 0.275447 0.555893 0.271525 0.536281 0.283292 0.512748 0.275447 0.512748 0.373505 0.508825 0.377427 0.516670 0.518631 0.497058 0.522553 0.634340 0.553932 0.485291 0.589233 0.512748 0.624534 0.465680 0.624534 0.583349 0.816728 0.477447 0.840261 0.528437 1.000000 0.281331 0.797116 0.192806 0.586275 0.112059 0.072368 0.398626 0.029847 0.027501 0.094714
0.588272 0.280324 0.588272 0.264275 0.576235 0.264275 0.548148 0.272299 0.532099 0.272299 0.516049 0.372608 0.524074 0.380633 0.516049 0.541127 0.532099 0.541127 0.608333 0.605324 0.608333 0.613349 0.471914 0.621373 0.487963 0.625386 0.552161 0.805941 0.560185 0.830015 0.363580 0.789892 0.455864 1.000000 0.657573 0.260636 0.186440 0.154628 0.306531 0.242699 0.051309 0.022547
0.595168 0.286624 0.591161 0.270596 0.579139 0.270596 0.543076 0.278610 0.535062 0.278610 0.519034 0.370772 0.523041 0.382794 0.482970 0.503005 0.539069 0.519034 0.631231 0.547083 0.607189 0.559104 0.494991 0.619210 0.462935 0.627224 0.643252 0.751443 0.515026 0.831584 0.426871 0.799528 0.406836 1.000000 0.698565 0.245424 0.298878 0.156196 0.492767 0.293470 0.053827 0.188723
0.587552 0.273994 0.591624 0.257705 0.571263 0.257705 0.563119 0.269922 0.522397 0.269922 0.554974 0.383943 0.497964 0.371726 0.644562 0.510180 0.400232 0.473531 0.738223 0.453170 0.424665 0.571263 0.461314 0.624201 0.485747 0.620129 0.440953 0.848171 0.677140 0.709717 0.294355 1.000000 0.530541 0.844099 0.193011 0.624478 0.089461 0.376289 0.477590 0.321484 0.067917 0.389505
0.572851 0.284525 0.576955 0.268107 0.556434 0.268107 0.552330 0.276316 0.511287 0.276316 0.572851 0.383028 0.470244 0.370715 0.671354 0.481531 0.334802 0.436383 0.732919 0.411758 0.359428 0.559512 0.470244 0.629285 0.486661 0.616972 0.367637 0.834500 0.695980 0.699058 0.223986 1.000000 0.585164 0.887856 0.056163 0.549989 0.021918 0.359850 0.519868 0.419131 0.055146 0.528623
0.579415 0.291664 0.579415 0.275162 0.562913 0.275162 0.550537 0.283413 0.513408 0.279287 0.575290 0.386549 0.459777 0.365922 0.686678 0.460808 0.323636 0.419553 0.736183 0.386549 0.340138 0.551568 0.472153 0.629952 0.492780 0.617576 0.348389 0.819724 0.703180 0.708336 0.203997 0.984743 0.661925 0.939363 0.044859 0.426615 0.056376 0.328858 0.500000 0.420131 0.044796 0.554318
0.576270 0.290512 0.580338 0.274241 0.564067 0.274241 0.547796 0.282376 0.511186 0.278309 0.572202 0.384070 0.458306 0.367799 0.673895 0.461357 0.320003 0.416612 0.734911 0.384070 0.332206 0.546779 0.478644 0.628134 0.490848 0.619998 0.368816 0.823385 0.677963 0.742030 0.206106 0.941349 0.698302 0.982026 0.137223 0.289137 0.046579 0.275202 0.494137 0.421754 0.038941 0.479147
0.570257 0.286259 0.574216 0.274384 0.558383 0.270426 0.550467 0.282301 0.506927 0.274384 0.562341 0.381255 0.455471 0.369380 0.645463 0.476251 0.336726 0.432711 0.720668 0.424795 0.348600 0.555414 0.530676 0.622703 0.451512 0.626661 0.641505 0.769156 0.400056 0.832486 0.685044 0.990813 0.221939 0.879984 0.144466 0.339069 0.247713 0.073082 0.462191 0.374750 0.022698 0.284184
0.568170 0.288768 0.568170 0.273405 0.552808 0.273405 0.541286 0.281086 0.506721 0.277246 0.548968 0.377101 0.464475 0.373261 0.595055 0.492319 0.356938 0.461594 0.683388 0.476956 0.383822 0.580652 0.529765 0.622899 0.456793 0.626740 0.610417 0.780363 0.441431 0.830291 0.629620 0.999277 0.260923 0.807247 0.122823 0.516439 0.175491 0.014335 0.433691 0.351798 0.017123 0.174652
0.569843 0.278324 0.569843 0.262128 0.557697 0.262128 0.529354 0.270226 0.505061 0.270226 0.541501 0.375497 0.480768 0.375497 0.549599 0.509110 0.391692 0.488866 0.662968 0.541501 0.424083 0.581990 0.501012 0.626528 0.476719 0.622479 0.513159 0.833021 0.573892 0.820874 0.322861 0.772287 0.549599 1.000000 0.617038 0.181541 0.069604 0.150192 0.392147 0.318535 0.028391 0.126272
0.583088 0.276700 0.583088 0.260082 0.566471 0.264236 0.545699 0.268391 0.520772 0.268391 0.524927 0.372251 0.512463 0.380560 0.512463 0.538428 0.512463 0.550892 0.587243 0.613208 0.595552 0.633980 0.483382 0.621517 0.479228 0.625671 0.541544 0.787694 0.562316 0.820929 0.375367 0.766922 0.462610 1.000000 0.646750 0.265702 0.159735 0.170962 0.273829 0.250000 0.047785 0.020896
