0.524040 0.265746 0.536180 0.252008 0.506469 0.252328 0.550876 0.266065 0.472286 0.276927 0.579948 0.375645 0.417656 0.374367 0.614452 0.499281 0.375804 0.485863 0.590491 0.456152 0.368137 0.599596 0.553752 0.624835 0.448645 0.625154 0.564614 0.816839 0.457270 0.822270 0.532666 0.989354 0.459187 0.992230 0.076274 0.010330 0.051329 0.025214 0.925212 0.092874 0.003051 0.004067
0.525471 0.264099 0.535627 0.256482 0.506745 0.253943 0.545466 0.280604 0.471197 0.277430 0.580062 0.373282 0.414701 0.376773 0.610849 0.473895 0.372488 0.492621 0.610214 0.511029 0.365506 0.597677 0.555623 0.623068 0.449614 0.626877 0.585457 0.792555 0.464214 0.821120 0.538484 0.936968 0.452788 1.000000 0.155566 0.044099 0.086508 0.020268 0.099962 0.090102 0.006669 0.031583
0.526148 0.259701 0.536900 0.251881 0.508553 0.248949 0.547327 0.275667 0.473689 0.271431 0.581864 0.373090 0.411456 0.377000 0.604021 0.477681 0.365188 0.495927 0.608908 0.564677 0.362907 0.596608 0.557753 0.621371 0.448926 0.628540 0.611189 0.768320 0.463589 0.828273 0.548304 0.900281 0.451533 1.000000 0.252572 0.044251 0.141833 0.023745 0.048584 0.110891 0.008506 0.087692
0.528505 0.255225 0.537785 0.246939 0.509612 0.243625 0.546734 0.270803 0.472490 0.266826 0.582531 0.374547 0.410840 0.375541 0.600097 0.492211 0.359797 0.496851 0.601423 0.583028 0.364438 0.598606 0.557009 0.619819 0.449620 0.630094 0.627276 0.736488 0.467518 0.833271 0.558003 0.863102 0.455254 1.000000 0.331908 0.050364 0.205555 0.020154 0.042527 0.141282 0.008441 0.144584
0.528018 0.254698 0.538175 0.244879 0.509057 0.242170 0.547317 0.266886 0.472490 0.263839 0.580498 0.376926 0.411546 0.373201 0.599797 0.507957 0.356018 0.494075 0.606230 0.624090 0.370916 0.585830 0.557136 0.617996 0.450821 0.631878 0.637718 0.709751 0.471813 0.836381 0.567970 0.843830 0.459624 1.000000 0.382078 0.054861 0.260143 0.015403 0.028934 0.188308 0.010133 0.196832
0.531680 0.260540 0.541844 0.246987 0.514400 0.245632 0.550992 0.260540 0.474419 0.264945 0.581825 0.378449 0.410383 0.371673 0.600798 0.508555 0.359560 0.483483 0.589956 0.612234 0.373790 0.547180 0.556074 0.620026 0.451718 0.629852 0.638407 0.701004 0.474080 0.835515 0.567594 0.846018 0.465949 1.000000 0.397236 0.049472 0.286443 0.016059 0.079262 0.205763 0.009924 0.218167
0.527420 0.256947 0.537692 0.248994 0.509527 0.245350 0.546639 0.272190 0.474734 0.267219 0.580106 0.378556 0.411113 0.371598 0.598331 0.507124 0.361740 0.489231 0.585408 0.609515 0.407799 0.528663 0.557243 0.620118 0.451539 0.629728 0.631467 0.731787 0.473077 0.832852 0.568509 0.868970 0.460154 1.000000 0.323687 0.056408 0.216769 0.015823 0.084786 0.401119 0.011182 0.153104
0.526145 0.258925 0.536701 0.250348 0.508000 0.247379 0.546269 0.272451 0.473690 0.267833 0.580248 0.378679 0.412659 0.371421 0.594764 0.501402 0.360205 0.489196 0.588496 0.592125 0.420906 0.491175 0.556825 0.621816 0.450268 0.628084 0.618187 0.768291 0.470721 0.831302 0.560124 0.910478 0.456866 1.000000 0.249681 0.055099 0.156847 0.014381 0.059433 0.622997 0.009032 0.094346
0.526157 0.263711 0.536395 0.255072 0.508239 0.252513 0.546314 0.276190 0.474643 0.272670 0.577990 0.379536 0.414491 0.370577 0.591748 0.495361 0.360418 0.484802 0.590148 0.577910 0.404893 0.486082 0.556872 0.623024 0.450647 0.626863 0.595907 0.787162 0.467284 0.822677 0.549194 0.934662 0.455446 1.000000 0.171947 0.047190 0.101856 0.017630 0.043802 0.631578 0.009575 0.047338
0.525533 0.265960 0.536532 0.257160 0.507306 0.254646 0.548159 0.278844 0.474938 0.274759 0.578956 0.380034 0.418687 0.369977 0.592155 0.500393 0.364949 0.479024 0.592783 0.600954 0.413030 0.501964 0.553816 0.624837 0.448541 0.625152 0.575499 0.803962 0.465196 0.812447 0.541874 0.965803 0.455455 0.987172 0.103552 0.045961 0.070921 0.008841 0.032778 0.504039 0.003000 0.010114
0.528192 0.266524 0.540898 0.253500 0.511356 0.252865 0.554557 0.266842 0.477367 0.274466 0.581558 0.379609 0.420189 0.370397 0.596805 0.494600 0.370000 0.471729 0.600617 0.593073 0.402401 0.529859 0.551381 0.625791 0.446872 0.624203 0.558051 0.816066 0.456720 0.808125 0.534227 0.994270 0.451319 0.962187 0.053459 0.028179 0.049980 0.016316 0.029647 0.308241 0.002225 0.005870
0.530688 0.256040 0.541433 0.247575 0.513106 0.245295 0.551853 0.269390 0.480871 0.267437 0.587018 0.379119 0.419983 0.370979 0.605252 0.499593 0.369188 0.476149 0.610136 0.601833 0.379607 0.547783 0.549899 0.626905 0.443101 0.622997 0.543061 0.820314 0.453194 0.799150 0.524176 1.000000 0.438868 0.934927 0.020422 0.051682 0.036083 0.010898 0.032619 0.189195 0.008915 0.029469
0.530688 0.256040 0.541433 0.247575 0.513106 0.245295 0.551853 0.269390 0.480871 0.267437 0.587018 0.379119 0.419983 0.370979 0.605252 0.499593 0.369188 0.476149 0.610136 0.601833 0.379282 0.547457 0.549899 0.626905 0.443101 0.622997 0.543061 0.820314 0.453194 0.799150 0.524176 1.000000 0.438868 0.934927 0.020476 0.051682 0.036083 0.010898 0.032619 0.187978 0.008915 0.029469
0.532030 0.249779 0.545077 0.236398 0.514970 0.235729 0.560799 0.252789 0.481852 0.260149 0.590237 0.378569 0.417290 0.371544 0.611981 0.496989 0.373802 0.491302 0.622016 0.588648 0.374137 0.585637 0.549760 0.627787 0.442713 0.622100 0.538052 0.819467 0.445055 0.779993 0.521995 1.000000 0.433681 0.908449 0.007654 0.032831 0.031832 0.027468 0.023090 0.112003 0.009585 0.024139
0.531936 0.249223 0.544607 0.235866 0.514812 0.234839 0.559676 0.251278 0.479880 0.259840 0.591184 0.377651 0.417892 0.372514 0.618582 0.496490 0.373370 0.504024 0.631596 0.577999 0.357959 0.626630 0.549060 0.630055 0.441865 0.619780 0.541525 0.831087 0.441522 0.750606 0.527141 1.000000 0.428851 0.884513 0.013343 0.029199 0.040714 0.031598 0.021728 0.064104 0.011558 0.011091
0.533759 0.248336 0.546669 0.234030 0.515266 0.233681 0.561324 0.249383 0.478628 0.260200 0.593425 0.378486 0.419660 0.371857 0.617850 0.499564 0.368716 0.510032 0.634599 0.545622 0.347432 0.639484 0.547018 0.631109 0.439897 0.618548 0.547367 0.839768 0.443038 0.742068 0.523640 1.000000 0.429081 0.883384 0.042889 0.039427 0.058362 0.017964 0.047655 0.060562 0.016668 0.007559
0.534743 0.245304 0.545806 0.236315 0.515729 0.233204 0.556177 0.260514 0.480814 0.256366 0.592130 0.378745 0.418587 0.371485 0.627391 0.529471 0.366732 0.505963 0.621514 0.455145 0.346335 0.631799 0.550300 0.630416 0.438983 0.619354 0.537509 0.838529 0.445898 0.746918 0.515729 1.000000 0.435526 0.896953 0.018620 0.039204 0.032887 0.008898 0.951965 0.066000 0.013649 0.036775
0.530370 0.249074 0.541444 0.240349 0.512584 0.237664 0.552518 0.263839 0.480033 0.259812 0.587753 0.377935 0.421308 0.372230 0.619633 0.516191 0.370636 0.497399 0.614599 0.420888 0.351844 0.617200 0.549162 0.629616 0.441778 0.620220 0.536074 0.837673 0.451174 0.762168 0.517618 1.000000 0.445469 0.914184 0.012135 0.032979 0.028434 0.005174 0.944661 0.072914 0.011539 0.041036
0.523507 0.254115 0.535302 0.243958 0.505488 0.242320 0.547752 0.263944 0.474363 0.262633 0.584119 0.377631 0.418994 0.372389 0.620813 0.505733 0.372143 0.490007 0.609346 0.459538 0.358055 0.601729 0.551683 0.628267 0.445204 0.621714 0.535957 0.830086 0.455688 0.781924 0.524490 1.000000 0.452084 0.937220 0.005027 0.028186 0.016212 0.012539 0.988647 0.080732 0.003963 0.045554
0.520737 0.262966 0.531990 0.252356 0.502411 0.250748 0.544208 0.271325 0.470582 0.271325 0.579253 0.375173 0.417211 0.374852 0.622014 0.506028 0.374450 0.494775 0.605616 0.437546 0.365769 0.611162 0.554496 0.625630 0.449040 0.624344 0.545172 0.823360 0.461258 0.804712 0.530383 1.000000 0.461901 0.973506 0.010065 0.020316 0.016363 0.018863 0.974271 0.085328 0.004503 0.036527
0.517826 0.262823 0.529657 0.252591 0.499281 0.250673 0.542447 0.273695 0.468265 0.271776 0.577300 0.375376 0.415186 0.374737 0.619508 0.505196 0.372978 0.494964 0.609915 0.442844 0.368182 0.610714 0.556516 0.624784 0.450998 0.625103 0.557156 0.818874 0.465067 0.814397 0.537331 1.000000 0.465387 1.000000 0.035298 0.023069 0.027514 0.021609 0.948531 0.094286 0.009569 0.022566
0.514500 0.255747 0.526423 0.247047 0.496133 0.245436 0.538990 0.269603 0.465521 0.270248 0.577658 0.374329 0.410741 0.375940 0.609882 0.483888 0.366273 0.495167 0.611493 0.507411 0.364662 0.605048 0.559291 0.623738 0.452309 0.625993 0.570247 0.810633 0.467777 0.818689 0.542213 0.962405 0.460688 1.000000 0.076779 0.037084 0.042038 0.026940 0.069285 0.108967 0.014776 0.006859
0.512680 0.257214 0.524059 0.248110 0.495448 0.246160 0.535764 0.269243 0.464561 0.267293 0.574778 0.372958 0.409941 0.377510 0.600463 0.483175 0.362147 0.501382 0.614769 0.555677 0.363773 0.608022 0.560798 0.621678 0.454483 0.627855 0.599163 0.795944 0.469113 0.827156 0.553645 0.919166 0.458059 1.000000 0.181608 0.041899 0.086849 0.032723 0.010869 0.122063 0.019468 0.045650
0.509473 0.253129 0.520017 0.243245 0.492339 0.243245 0.533196 0.262026 0.463674 0.266309 0.574712 0.372734 0.410955 0.377677 0.601401 0.500577 0.358237 0.502883 0.616228 0.607331 0.364497 0.609967 0.560544 0.619852 0.453789 0.629737 0.616228 0.768123 0.471581 0.829408 0.564498 0.887398 0.462356 1.000000 0.244613 0.044364 0.132585 0.025291 0.021582 0.145441 0.018259 0.086066
0.508842 0.246560 0.521085 0.236018 0.490138 0.234998 0.535708 0.259143 0.460211 0.261183 0.577197 0.372047 0.406140 0.378509 0.604063 0.498555 0.351728 0.506376 0.611884 0.596496 0.365671 0.595816 0.563254 0.618261 0.453410 0.631183 0.628888 0.745788 0.476535 0.832847 0.579237 0.872636 0.465653 1.000000 0.270054 0.055079 0.169303 0.022527 0.041242 0.177289 0.021232 0.114954
0.508126 0.247676 0.522994 0.237649 0.490146 0.234537 0.538553 0.263581 0.459027 0.261161 0.580045 0.373881 0.403704 0.376647 0.607707 0.507693 0.359446 0.495246 0.614276 0.609349 0.361174 0.548148 0.563794 0.617647 0.452457 0.631824 0.627761 0.737629 0.478735 0.842742 0.585923 0.874207 0.467671 1.000000 0.250529 0.058578 0.177100 0.020636 0.044344 0.124090 0.020706 0.116456
0.507084 0.253232 0.521927 0.243786 0.490217 0.241087 0.537108 0.268075 0.461880 0.264702 0.578939 0.376700 0.407567 0.373664 0.605589 0.515012 0.367423 0.506578 0.602890 0.621950 0.391375 0.572698 0.561060 0.618914 0.452434 0.630721 0.620432 0.738672 0.476723 0.842912 0.578264 0.879007 0.469639 1.000000 0.239420 0.048537 0.169960 0.018726 0.068622 0.203992 0.017189 0.110228
0.508826 0.250352 0.522275 0.240265 0.491678 0.239256 0.537741 0.262120 0.464108 0.262792 0.580778 0.376437 0.409639 0.373747 0.602633 0.511936 0.370301 0.509919 0.598598 0.609442 0.388457 0.594648 0.558587 0.620537 0.450995 0.629279 0.604650 0.757045 0.471841 0.840429 0.563967 0.905993 0.469824 1.000000 0.188463 0.034550 0.132449 0.019749 0.064066 0.156712 0.012204 0.072267
0.509411 0.260983 0.522717 0.251247 0.493834 0.249949 0.538619 0.271693 0.468521 0.268772 0.576914 0.375867 0.415622 0.374244 0.599955 0.495294 0.362399 0.497566 0.598982 0.591355 0.408482 0.490102 0.555495 0.622186 0.451969 0.627703 0.585027 0.791266 0.469170 0.834104 0.549653 0.930814 0.471441 1.000000 0.134065 0.022788 0.082652 0.018874 0.063894 0.680802 0.009505 0.028577
0.510031 0.260697 0.524997 0.251144 0.493791 0.249233 0.541874 0.275345 0.468953 0.270887 0.579449 0.376607 0.416729 0.373422 0.602058 0.499204 0.367372 0.491880 0.598237 0.604287 0.404947 0.499841 0.553338 0.623712 0.450484 0.626259 0.563846 0.803308 0.467679 0.822096 0.536461 0.957431 0.470226 1.000000 0.074578 0.023562 0.052115 0.014367 0.069619 0.559210 0.004866 0.009274
0.512178 0.262650 0.527263 0.252908 0.495836 0.251651 0.544547 0.276164 0.470695 0.273335 0.582259 0.376729 0.418526 0.373272 0.603944 0.495522 0.374215 0.479494 0.598601 0.599230 0.381757 0.521292 0.552090 0.624999 0.447125 0.624999 0.553347 0.808845 0.464095 0.809159 0.531348 0.979806 0.468181 0.978549 0.042911 0.021574 0.040668 0.006759 0.073855 0.182627 0.000998 0.027073
0.511616 0.257099 0.526677 0.247806 0.497196 0.246204 0.544623 0.269917 0.473483 0.266713 0.585320 0.376947 0.419647 0.373102 0.607431 0.499680 0.374784 0.484939 0.605188 0.613119 0.393691 0.567935 0.550711 0.625937 0.444322 0.624014 0.544302 0.814681 0.452333 0.805068 0.530843 1.000000 0.456499 0.956320 0.012245 0.005312 0.033158 0.017127 0.063031 0.192727 0.006325 0.024880
0.511503 0.262654 0.526730 0.253716 0.497269 0.251730 0.546261 0.272585 0.471780 0.270599 0.584991 0.375865 0.421133 0.374210 0.612466 0.500000 0.377106 0.495366 0.613128 0.613542 0.371810 0.614535 0.549902 0.626121 0.443974 0.623804 0.541627 0.814144 0.441988 0.799579 0.532027 1.000000 0.445960 0.943244 0.001957 0.012395 0.030341 0.032645 0.067479 0.096810 0.007798 0.010405
0.512948 0.272653 0.527746 0.260545 0.497814 0.259200 0.546243 0.274671 0.471918 0.273998 0.583910 0.375564 0.423825 0.374555 0.618550 0.499664 0.379432 0.501009 0.619559 0.610983 0.365307 0.623427 0.549270 0.627126 0.442995 0.622754 0.545907 0.813443 0.433578 0.784521 0.534136 1.000000 0.441650 0.902230 0.014159 0.040301 0.037813 0.043045 0.083760 0.070902 0.009850 0.012764
0.514143 0.252890 0.530257 0.242605 0.497686 0.241576 0.550142 0.264890 0.472658 0.264205 0.589570 0.375631 0.421230 0.374602 0.626598 0.497343 0.380431 0.502486 0.624198 0.608769 0.363288 0.623512 0.549113 0.627626 0.440087 0.622141 0.545685 0.817222 0.424659 0.781909 0.536771 1.000000 0.440430 0.899849 0.009092 0.072957 0.044915 0.054844 0.100861 0.053514 0.013755 0.024887
0.513579 0.249766 0.529635 0.239517 0.496498 0.238834 0.549791 0.263089 0.471902 0.263089 0.590443 0.376164 0.421343 0.374114 0.623580 0.508370 0.378299 0.505978 0.620847 0.634426 0.360193 0.635793 0.549107 0.627594 0.439107 0.622128 0.545691 0.817533 0.416218 0.778930 0.536126 1.000000 0.437399 0.896447 0.010206 0.102898 0.046142 0.068898 0.085073 0.056322 0.015012 0.040413
0.514104 0.260483 0.529104 0.250374 0.498777 0.248418 0.546713 0.271570 0.473994 0.268309 0.584214 0.378856 0.426058 0.371355 0.618128 0.510924 0.383992 0.498206 0.620085 0.642667 0.368665 0.631579 0.546713 0.626688 0.443015 0.623101 0.544757 0.809301 0.440732 0.797236 0.534648 0.990610 0.453776 0.955718 0.014319 0.030312 0.044393 0.025581 0.075283 0.065506 0.013082 0.000770
0.514114 0.260885 0.529124 0.250443 0.498776 0.248159 0.546746 0.271001 0.473649 0.267086 0.583947 0.378689 0.426006 0.371510 0.618211 0.511177 0.384236 0.498124 0.619843 0.642359 0.368573 0.631591 0.546746 0.626696 0.443301 0.623106 0.544788 0.809438 0.440690 0.797690 0.534672 0.990548 0.453743 0.956610 0.014351 0.030846 0.043983 0.026606 0.076598 0.064244 0.012676 0.001356
0.514395 0.263769 0.528953 0.252770 0.499191 0.252770 0.549656 0.268621 0.476547 0.270562 0.582329 0.376668 0.424788 0.373433 0.629883 0.510918 0.386292 0.499596 0.594945 0.480510 0.378205 0.631581 0.548039 0.625758 0.444844 0.624141 0.547392 0.817913 0.443550 0.807885 0.543510 1.000000 0.457461 0.965750 0.005434 0.030217 0.042474 0.027653 0.836335 0.074789 0.009063 0.001171
0.511098 0.280239 0.525266 0.268275 0.496930 0.268905 0.548250 0.276776 0.475836 0.278350 0.576900 0.377841 0.425776 0.372174 0.628850 0.505667 0.388939 0.494963 0.600514 0.429790 0.386420 0.607991 0.548565 0.625308 0.448759 0.624678 0.549509 0.813269 0.458519 0.810436 0.544786 1.000000 0.470798 0.986748 0.009582 0.005423 0.037889 0.012184 0.990893 0.085681 0.003407 0.015110
0.513320 0.263804 0.528189 0.254821 0.497832 0.253272 0.545536 0.278053 0.473670 0.274026 0.575583 0.375010 0.421320 0.375010 0.631650 0.507899 0.389104 0.496747 0.609347 0.434794 0.385697 0.605785 0.552350 0.624061 0.450747 0.625920 0.554209 0.817665 0.465306 0.818284 0.548943 0.997948 0.469333 0.997329 0.012351 0.016887 0.032663 0.013118 0.967171 0.072403 0.003944 0.020990
0.513755 0.255747 0.528703 0.248114 0.497217 0.247478 0.547149 0.276419 0.472092 0.274511 0.578317 0.374375 0.418344 0.375647 0.634609 0.509859 0.381769 0.506679 0.609803 0.442753 0.375409 0.636756 0.554146 0.623399 0.449193 0.626579 0.559871 0.810405 0.470820 0.814221 0.558917 0.991686 0.490538 0.988506 0.011416 0.000667 0.040541 0.002410 0.987362 0.071090 0.004252 0.026784
0.513291 0.260682 0.528620 0.250897 0.498288 0.249267 0.546233 0.271771 0.472521 0.266553 0.584393 0.374185 0.415118 0.375816 0.629729 0.507909 0.375653 0.503995 0.614074 0.466161 0.368151 0.631197 0.553408 0.624021 0.447081 0.625978 0.542971 0.811888 0.460127 0.819063 0.539057 0.983773 0.460127 1.000000 0.010418 0.021475 0.021611 0.018976 0.989844 0.076322 0.000622 0.039140
0.505075 0.271866 0.520384 0.260884 0.490099 0.259553 0.541350 0.275194 0.462810 0.274196 0.583949 0.376365 0.410227 0.373703 0.614899 0.503494 0.362970 0.497171 0.633868 0.621971 0.350656 0.616646 0.557325 0.623635 0.448499 0.626297 0.567641 0.791698 0.472128 0.806009 0.564646 0.943122 0.475456 0.980396 0.025811 0.035539 0.053657 0.006251 0.025479 0.083666 0.007416 0.022098
0.514432 0.261956 0.529208 0.249586 0.498969 0.247867 0.547763 0.263674 0.469761 0.261612 0.587280 0.377069 0.409971 0.372946 0.615113 0.506615 0.359459 0.499055 0.637792 0.617261 0.349494 0.624477 0.559103 0.622072 0.443646 0.627913 0.613739 0.765706 0.437804 0.816905 0.608585 0.892158 0.443990 0.993527 0.128667 0.020978 0.152147 0.051634 0.003016 0.096031 0.003501 0.125535
0.506920 0.259976 0.523527 0.248905 0.492388 0.245445 0.543594 0.265512 0.466786 0.258246 0.587879 0.378647 0.408315 0.371382 0.615558 0.516348 0.357802 0.497319 0.642890 0.657508 0.349498 0.614606 0.560201 0.622564 0.443605 0.627407 0.611752 0.767184 0.431150 0.801436 0.609676 0.872016 0.371295 0.882049 0.115297 0.180554 0.144961 0.066343 0.002264 0.098923 0.004846 0.131738
0.512718 0.250104 0.528530 0.239792 0.495188 0.236699 0.546748 0.261791 0.466314 0.258010 0.587653 0.377630 0.405129 0.372474 0.610339 0.506187 0.357006 0.499313 0.626495 0.613433 0.361131 0.612402 0.560497 0.621339 0.446721 0.628557 0.617901 0.757114 0.441565 0.814862 0.608964 0.882921 0.345663 0.847173 0.149896 0.387751 0.162644 0.060058 0.008007 0.127032 0.009192 0.136129
0.509362 0.273133 0.523406 0.259424 0.492644 0.258421 0.539789 0.266780 0.463220 0.270458 0.578910 0.375783 0.410390 0.374446 0.604991 0.501505 0.361573 0.491808 0.612681 0.602817 0.342514 0.573393 0.558848 0.621876 0.451851 0.627895 0.597300 0.771672 0.475591 0.805443 0.593957 0.887697 0.465560 0.944873 0.089153 0.065171 0.105874 0.009304 0.040993 0.052423 0.013628 0.037672
0.503963 0.258588 0.520145 0.247690 0.489102 0.247030 0.542932 0.265524 0.464994 0.265193 0.578929 0.377478 0.420080 0.372524 0.598744 0.503963 0.368231 0.495377 0.595442 0.606340 0.361626 0.571664 0.552509 0.623843 0.448481 0.626155 0.581902 0.799535 0.477543 0.815387 0.566710 0.967301 0.497358 0.996033 0.081508 0.013730 0.086768 0.013010 0.059728 0.099630 0.001259 0.004255
0.515126 0.273194 0.529783 0.263215 0.500780 0.261343 0.548184 0.280679 0.473335 0.280991 0.582177 0.379229 0.422189 0.370809 0.598394 0.502729 0.368860 0.485576 0.594652 0.601903 0.398175 0.489630 0.548495 0.625293 0.447138 0.624669 0.552238 0.808671 0.470840 0.813973 0.532278 0.983629 0.463044 1.000000 0.042652 0.052750 0.049797 0.008465 0.053566 0.594717 0.005559 0.033153
