0.536564 0.271264 0.526360 0.261060 0.536564 0.257659 0.454933 0.274665 0.536564 0.271264 0.431124 0.386907 0.570577 0.363098 0.349493 0.485545 0.611392 0.495748 0.431124 0.567175 0.553570 0.492347 0.454933 0.624997 0.543366 0.624997 0.509354 0.784857 0.539965 0.846080 0.451532 0.880093 0.471939 1.000000 0.278131 0.084906 0.072718 0.028056 0.470059 0.613718 0.002166 0.109340
0.534389 0.274375 0.520969 0.264310 0.534389 0.260954 0.457223 0.277730 0.534389 0.271020 0.433738 0.385090 0.571294 0.364960 0.349863 0.479031 0.618265 0.502516 0.423673 0.566262 0.557874 0.475676 0.453868 0.623297 0.541099 0.626652 0.534389 0.764208 0.537744 0.824599 0.504194 0.921894 0.450513 1.000000 0.225473 0.107808 0.138414 0.031172 0.455537 0.737865 0.006408 0.170644
0.528589 0.278637 0.518787 0.268835 0.528589 0.268835 0.459975 0.281905 0.531857 0.278637 0.433836 0.383192 0.571065 0.366856 0.355420 0.464876 0.620075 0.500817 0.414232 0.549827 0.557995 0.468143 0.453440 0.624976 0.541659 0.624976 0.528589 0.775274 0.528589 0.824284 0.522055 0.961513 0.440371 1.000000 0.158748 0.104475 0.121831 0.015265 0.436256 0.765854 0.006240 0.168427
0.498355 0.277980 0.491777 0.268112 0.501645 0.268112 0.455596 0.277980 0.531247 0.277980 0.425993 0.383234 0.570718 0.366788 0.350342 0.452307 0.626634 0.495066 0.402969 0.537826 0.570718 0.468753 0.458885 0.626634 0.544404 0.623345 0.521380 0.797672 0.537826 0.814118 0.478620 0.991734 0.481909 1.000000 0.180541 0.081289 0.068752 0.021562 0.440056 0.770852 0.004187 0.122480
0.447373 0.274691 0.444084 0.264823 0.450662 0.264823 0.450662 0.271401 0.516446 0.268112 0.430927 0.383234 0.565784 0.366788 0.342119 0.445728 0.618411 0.495066 0.388168 0.537826 0.562495 0.472042 0.463819 0.626634 0.539470 0.623345 0.509868 0.810828 0.539470 0.800961 0.421059 1.000000 0.536181 0.998312 0.212578 0.005305 0.035223 0.032533 0.452394 0.748257 0.004187 0.077979
0.443714 0.272371 0.443714 0.262438 0.447025 0.262438 0.447025 0.272371 0.516555 0.265749 0.430470 0.381633 0.566219 0.368389 0.337763 0.444541 0.622506 0.497517 0.380805 0.540559 0.569530 0.474340 0.463579 0.626644 0.539732 0.623334 0.509933 0.808748 0.536421 0.812059 0.407293 0.944497 0.552975 1.000000 0.285411 0.029294 0.036583 0.027369 0.444366 0.762120 0.004216 0.084923
0.453175 0.269981 0.449889 0.260123 0.456461 0.260123 0.446603 0.269981 0.518894 0.263409 0.423601 0.381704 0.564898 0.368560 0.338165 0.447424 0.620760 0.490142 0.380883 0.546004 0.561612 0.473712 0.466319 0.628154 0.545182 0.621582 0.518894 0.818741 0.535324 0.818741 0.417029 0.884461 0.568184 1.000000 0.403298 0.063063 0.031048 0.008852 0.421445 0.723339 0.014649 0.101581
0.452585 0.275404 0.449258 0.265422 0.459240 0.265422 0.442603 0.275404 0.522460 0.268749 0.422639 0.381879 0.562388 0.368570 0.332801 0.451753 0.622280 0.488354 0.376056 0.548247 0.559060 0.485027 0.465895 0.628103 0.549078 0.621448 0.522460 0.827744 0.535769 0.831071 0.492513 0.861017 0.572370 1.000000 0.321147 0.071232 0.032530 0.003447 0.423725 0.664321 0.019076 0.108068
0.467801 0.272953 0.464498 0.263045 0.474406 0.263045 0.441381 0.276255 0.527246 0.269650 0.418263 0.381935 0.563573 0.368725 0.332398 0.454591 0.619716 0.484313 0.378633 0.550363 0.573481 0.494221 0.464498 0.629623 0.553666 0.619716 0.500826 0.837681 0.540456 0.837681 0.405053 0.827774 0.580086 1.000000 0.587835 0.073310 0.003719 0.006710 0.419628 0.576732 0.023147 0.074291
0.470354 0.272148 0.466966 0.261983 0.477130 0.258595 0.443249 0.272148 0.524564 0.265372 0.416144 0.383956 0.561834 0.367016 0.324664 0.465272 0.626208 0.478824 0.378874 0.556751 0.571998 0.516094 0.463578 0.627902 0.558445 0.621126 0.487294 0.821026 0.548281 0.848131 0.463578 0.854907 0.578774 1.000000 0.233296 0.054945 0.022235 0.009999 0.438984 0.474572 0.028077 0.053139
0.513130 0.258745 0.503282 0.248898 0.516412 0.248898 0.447482 0.262028 0.532824 0.258745 0.424505 0.380193 0.559083 0.370346 0.326034 0.468817 0.611601 0.468817 0.388399 0.557442 0.562365 0.537747 0.463894 0.626372 0.552518 0.623089 0.483588 0.806902 0.549236 0.846291 0.467176 0.849573 0.565648 1.000000 0.151463 0.028391 0.015914 0.003587 0.461928 0.353390 0.020911 0.039269
0.508408 0.267928 0.498318 0.257838 0.508408 0.257838 0.444504 0.271291 0.521862 0.267928 0.417598 0.389009 0.558859 0.362102 0.316697 0.489910 0.619399 0.463003 0.397417 0.570631 0.585766 0.526907 0.464685 0.627808 0.558859 0.621081 0.505045 0.826246 0.555496 0.859880 0.518498 0.984324 0.562222 1.000000 0.036845 0.013575 0.001900 0.004482 0.500000 0.326235 0.030021 0.068353
0.540996 0.256535 0.530956 0.246495 0.537649 0.243149 0.450638 0.263228 0.524263 0.259882 0.420518 0.387052 0.561075 0.363626 0.330160 0.510876 0.614621 0.453984 0.410479 0.581155 0.594541 0.530956 0.460677 0.621314 0.557729 0.628007 0.450638 0.751831 0.551036 0.865616 0.450638 0.828803 0.551036 1.000000 0.024437 0.008964 0.078479 0.004935 0.471852 0.251509 0.023457 0.015473
0.507587 0.263950 0.500843 0.253833 0.510960 0.253833 0.450261 0.267322 0.527820 0.263950 0.430028 0.388719 0.554797 0.361742 0.335608 0.520233 0.605380 0.446046 0.430028 0.577559 0.605380 0.530349 0.463749 0.628142 0.551425 0.621397 0.521076 0.840587 0.564914 0.854076 0.537937 1.000000 0.507587 1.000000 0.053382 0.131113 0.039356 0.022566 0.524515 0.172021 0.019333 0.065463
0.525978 0.269549 0.515922 0.262845 0.525978 0.259493 0.455586 0.276253 0.519274 0.269549 0.435474 0.390222 0.552794 0.360054 0.351674 0.531006 0.589666 0.447206 0.435474 0.567878 0.603074 0.531006 0.465642 0.631566 0.546090 0.618158 0.505866 0.866207 0.582962 0.812575 0.509218 1.000000 0.519274 0.936599 0.049292 0.210667 0.014459 0.067926 0.538962 0.076899 0.014943 0.005619
0.514591 0.281139 0.508106 0.271412 0.517833 0.268170 0.452985 0.287624 0.517833 0.277897 0.436774 0.394623 0.550257 0.355714 0.368684 0.537287 0.579438 0.430289 0.449743 0.550257 0.605377 0.514591 0.465955 0.634559 0.547015 0.615105 0.491894 0.851798 0.598893 0.728588 0.485409 1.000000 0.624832 0.861526 0.047327 0.075146 0.000701 0.140463 0.591242 0.023711 0.016521 0.098656
0.499157 0.279124 0.492413 0.269008 0.502529 0.265636 0.448575 0.282496 0.522762 0.272380 0.435086 0.397149 0.549739 0.353312 0.381132 0.542152 0.573344 0.427499 0.458691 0.538780 0.613810 0.511802 0.465435 0.636572 0.549739 0.612967 0.478924 0.862506 0.603694 0.730992 0.462063 1.000000 0.610438 0.859134 0.042007 0.119747 0.021154 0.136484 0.627219 0.044394 0.019333 0.117503
0.520111 0.277173 0.510458 0.267520 0.520111 0.267520 0.458974 0.280391 0.526546 0.273956 0.436450 0.396229 0.545852 0.354398 0.391402 0.537808 0.561941 0.421970 0.481498 0.521720 0.603771 0.495978 0.465410 0.631122 0.552288 0.618251 0.465410 0.846709 0.616642 0.795225 0.430015 1.000000 0.561941 0.911063 0.055023 0.251449 0.039047 0.103255 0.654304 0.089352 0.022552 0.111017
0.537677 0.285961 0.528058 0.273135 0.534471 0.269928 0.457513 0.282754 0.518438 0.279548 0.435067 0.394985 0.537677 0.356506 0.399794 0.542487 0.563330 0.427050 0.486372 0.526454 0.605015 0.484769 0.470339 0.629065 0.556917 0.619445 0.454306 0.843905 0.621048 0.799013 0.412621 1.000000 0.572950 0.908037 0.042079 0.241443 0.071317 0.085938 0.633000 0.088081 0.034772 0.132898
0.540247 0.287719 0.533933 0.275092 0.540247 0.275092 0.461332 0.284562 0.524464 0.281405 0.436079 0.395043 0.530777 0.357164 0.410826 0.543403 0.556030 0.413983 0.502367 0.521307 0.606535 0.473958 0.473958 0.628631 0.559186 0.619162 0.448705 0.846437 0.622318 0.802245 0.395043 1.000000 0.584439 0.969544 0.040151 0.176573 0.087914 0.071317 0.629057 0.089658 0.042325 0.142439
0.539728 0.275418 0.533241 0.265689 0.539728 0.262446 0.458651 0.278661 0.526755 0.272175 0.435950 0.392168 0.533241 0.359738 0.413248 0.541349 0.572158 0.431085 0.494325 0.521891 0.614318 0.466759 0.471623 0.628912 0.559186 0.619183 0.448922 0.839711 0.624047 0.813766 0.377574 1.000000 0.601346 1.000000 0.088999 0.138203 0.081754 0.070691 0.623046 0.117518 0.039327 0.136564
0.541069 0.278067 0.534751 0.268590 0.541069 0.265431 0.458931 0.278067 0.528433 0.274908 0.439976 0.394957 0.528433 0.357047 0.417861 0.537120 0.537910 0.404435 0.496841 0.521325 0.601094 0.458141 0.474727 0.628737 0.556865 0.619259 0.455771 0.827765 0.616890 0.815129 0.367314 0.957292 0.610571 1.000000 0.160499 0.104297 0.077196 0.060273 0.611954 0.212920 0.040332 0.124878
0.541328 0.274283 0.531791 0.264746 0.538149 0.261567 0.458672 0.283821 0.522254 0.277462 0.436418 0.395089 0.531791 0.356940 0.414164 0.541328 0.544508 0.410985 0.493642 0.528612 0.598552 0.458672 0.474567 0.627164 0.557224 0.620806 0.455492 0.836985 0.611269 0.836985 0.328328 0.929180 0.614448 1.000000 0.271464 0.073298 0.080719 0.047393 0.598571 0.196310 0.040588 0.106837
0.538818 0.276410 0.529501 0.263989 0.538818 0.263989 0.454972 0.276410 0.526396 0.273305 0.439445 0.394416 0.532607 0.357151 0.411496 0.537265 0.538818 0.416154 0.492236 0.531054 0.597820 0.465840 0.470499 0.627322 0.557450 0.621111 0.473604 0.826068 0.604031 0.838490 0.349388 0.875755 0.613347 1.000000 0.383854 0.053751 0.037219 0.037323 0.585938 0.243834 0.035660 0.062220
0.538021 0.275604 0.529075 0.266658 0.538021 0.263676 0.457506 0.281568 0.529075 0.278586 0.439614 0.394884 0.538021 0.356118 0.406812 0.532057 0.543985 0.424704 0.487326 0.532057 0.597661 0.475398 0.469434 0.627481 0.552931 0.621517 0.478380 0.821311 0.591697 0.830257 0.365064 0.860077 0.600643 1.000000 0.409758 0.044815 0.025907 0.040585 0.574715 0.231482 0.028514 0.043768
0.540306 0.274896 0.528138 0.265770 0.537264 0.262728 0.455131 0.277938 0.528138 0.274896 0.439922 0.393532 0.543348 0.357029 0.397334 0.530419 0.546390 0.430035 0.485551 0.539545 0.601145 0.478706 0.467299 0.627762 0.549432 0.621678 0.485551 0.825488 0.588977 0.837656 0.369957 0.828530 0.592019 1.000000 0.520925 0.053223 0.007738 0.050327 0.563196 0.255447 0.021318 0.028344
0.540063 0.275498 0.530992 0.266428 0.540063 0.263404 0.458426 0.281546 0.527968 0.275498 0.440284 0.393418 0.543086 0.357135 0.391907 0.526456 0.549133 0.438772 0.479591 0.550645 0.603558 0.493197 0.467496 0.629259 0.549133 0.620188 0.491685 0.819745 0.582393 0.840910 0.385859 0.798580 0.579369 1.000000 0.603038 0.051908 0.003641 0.040290 0.525339 0.226464 0.021189 0.007401
0.539168 0.276080 0.530299 0.267211 0.539168 0.264255 0.462310 0.281992 0.530299 0.276080 0.441618 0.391365 0.548036 0.358849 0.385453 0.515519 0.556904 0.450486 0.471179 0.550992 0.604201 0.500739 0.462310 0.627849 0.548036 0.621937 0.485959 0.805212 0.574640 0.837728 0.403190 0.802256 0.550992 1.000000 0.553556 0.074762 0.014411 0.039047 0.510343 0.209649 0.013177 0.003145
0.531635 0.270066 0.522376 0.254634 0.531635 0.257721 0.463735 0.266980 0.537808 0.270066 0.435958 0.381175 0.562499 0.368830 0.364972 0.504630 0.602621 0.483025 0.454476 0.554011 0.614967 0.507716 0.457563 0.624998 0.543981 0.624998 0.482253 0.797834 0.565585 0.844129 0.442131 0.902770 0.528549 1.000000 0.161415 0.084577 0.017036 0.054252 0.505624 0.040034 0.001964 0.013886
0.536138 0.277674 0.526711 0.265104 0.536138 0.265104 0.470147 0.280816 0.539280 0.274532 0.438723 0.381374 0.570704 0.368804 0.360162 0.500786 0.617841 0.503928 0.441865 0.566776 0.602129 0.516498 0.448150 0.623340 0.542423 0.626482 0.495286 0.780461 0.554992 0.852736 0.445008 0.855879 0.507856 1.000000 0.279941 0.082174 0.080378 0.052463 0.468962 0.392060 0.012006 0.075108
0.543970 0.276226 0.534548 0.266804 0.540829 0.266804 0.468593 0.282508 0.540829 0.276226 0.440327 0.383010 0.572236 0.367306 0.355529 0.486652 0.625627 0.496074 0.427764 0.568310 0.600502 0.508637 0.446608 0.624842 0.540829 0.624842 0.506281 0.785017 0.547110 0.850971 0.456030 0.841549 0.478015 1.000000 0.344813 0.100823 0.105250 0.047467 0.448810 0.477531 0.016002 0.104676
0.544496 0.276726 0.531783 0.267192 0.541318 0.267192 0.465039 0.279905 0.541318 0.276726 0.439613 0.384788 0.576279 0.365718 0.350621 0.473779 0.633487 0.502384 0.417365 0.569127 0.588992 0.486492 0.445969 0.623158 0.538139 0.626336 0.515891 0.785250 0.538139 0.855172 0.458682 0.880598 0.458682 1.000000 0.301654 0.102416 0.121147 0.046254 0.444400 0.735379 0.020247 0.129634
0.537358 0.284069 0.525404 0.275103 0.534370 0.275103 0.465630 0.287058 0.534370 0.281081 0.441721 0.382695 0.573222 0.367752 0.358039 0.460400 0.630007 0.499253 0.411835 0.553049 0.594143 0.481321 0.450687 0.621788 0.534370 0.627765 0.537358 0.750300 0.531381 0.822028 0.483562 0.923642 0.444710 1.000000 0.284655 0.113991 0.176938 0.042318 0.429236 0.777337 0.019038 0.193766
0.533719 0.287720 0.521458 0.278524 0.530654 0.275459 0.460150 0.287720 0.530654 0.281590 0.435626 0.382748 0.573570 0.367421 0.352860 0.450187 0.634878 0.502299 0.395776 0.545215 0.598093 0.480841 0.450953 0.621850 0.539850 0.627981 0.530654 0.744466 0.533719 0.811905 0.500000 0.891606 0.441757 1.000000 0.248845 0.132844 0.163089 0.030359 0.417394 0.803891 0.011712 0.194072
0.522589 0.284654 0.513553 0.275619 0.522589 0.272607 0.456328 0.290678 0.525601 0.281642 0.432234 0.384045 0.570778 0.365974 0.353926 0.441269 0.631015 0.498494 0.393080 0.537648 0.588849 0.474399 0.456328 0.624991 0.540660 0.624991 0.531624 0.778594 0.510541 0.814736 0.513553 0.977375 0.426210 0.995446 0.173935 0.088875 0.113352 0.013260 0.421951 0.801049 0.003836 0.195185
0.458589 0.276841 0.455521 0.267638 0.461656 0.267638 0.449387 0.279908 0.523006 0.270706 0.430982 0.381135 0.569018 0.368865 0.345092 0.436350 0.633436 0.500767 0.384969 0.537577 0.587423 0.479294 0.458589 0.626534 0.541411 0.623466 0.510736 0.810583 0.541411 0.813650 0.424847 0.994632 0.538344 1.000000 0.226867 0.004823 0.052225 0.034381 0.437590 0.783592 0.000005 0.087884
0.446319 0.276841 0.446319 0.267638 0.449387 0.267638 0.446319 0.279908 0.519939 0.270706 0.430982 0.381135 0.569018 0.368865 0.342025 0.439417 0.630368 0.497699 0.381902 0.540644 0.593558 0.485429 0.461656 0.626534 0.538344 0.623466 0.519939 0.816718 0.544479 0.819785 0.384969 0.967025 0.556748 1.000000 0.327557 0.008488 0.055071 0.048111 0.434832 0.743879 0.000005 0.084710
0.459132 0.272871 0.459132 0.263440 0.465420 0.263440 0.446558 0.276014 0.525149 0.263440 0.424552 0.379755 0.569161 0.370324 0.333386 0.442628 0.632034 0.502358 0.377397 0.549513 0.584879 0.489783 0.459132 0.628104 0.547155 0.621817 0.518862 0.832442 0.540868 0.832442 0.383685 0.911034 0.572304 1.000000 0.422892 0.053428 0.046484 0.018283 0.432155 0.724415 0.008006 0.100021
0.466585 0.271663 0.460220 0.262116 0.469767 0.262116 0.441126 0.278028 0.527050 0.268481 0.422031 0.379865 0.568421 0.370318 0.329742 0.453060 0.628887 0.497613 0.374296 0.554896 0.577969 0.494431 0.460220 0.628091 0.549327 0.621726 0.517503 0.834947 0.546145 0.841311 0.450673 0.885865 0.584333 1.000000 0.378748 0.055785 0.037403 0.019517 0.417841 0.661023 0.012159 0.090605
0.467616 0.267781 0.464456 0.258303 0.473935 0.258303 0.442340 0.270941 0.521326 0.261463 0.423384 0.381521 0.562399 0.368883 0.322282 0.460507 0.622428 0.485783 0.375992 0.558450 0.568718 0.507899 0.464456 0.627957 0.549761 0.621638 0.521326 0.836480 0.549761 0.845958 0.388630 0.842799 0.584515 1.000000 0.569605 0.048258 0.032182 0.015902 0.448561 0.526672 0.018112 0.084751
0.487777 0.264497 0.477998 0.254718 0.491036 0.251459 0.435624 0.267756 0.523632 0.261237 0.419326 0.385100 0.562747 0.365543 0.311760 0.476368 0.624678 0.489406 0.373692 0.570895 0.566006 0.528521 0.461700 0.629568 0.556227 0.619789 0.523632 0.860996 0.556227 0.860996 0.585563 1.000000 0.575785 1.000000 0.001140 0.026465 0.028600 0.008160 0.460653 0.460417 0.022846 0.083231
0.447605 0.253109 0.444430 0.246758 0.453956 0.246758 0.438079 0.262635 0.523816 0.259460 0.419026 0.389653 0.561921 0.361074 0.317412 0.491268 0.619079 0.475390 0.384096 0.570654 0.561921 0.532548 0.463482 0.630987 0.555570 0.618286 0.511114 0.846918 0.552395 0.850093 0.565097 1.000000 0.568272 1.000000 0.008870 0.027058 0.011122 0.003499 0.472390 0.397584 0.024282 0.073469
0.495400 0.266175 0.486200 0.253908 0.498467 0.253908 0.452468 0.266175 0.532199 0.260042 0.431002 0.382704 0.562865 0.367371 0.332872 0.496167 0.611929 0.468568 0.409536 0.566698 0.572064 0.523766 0.458601 0.624962 0.547532 0.624962 0.513800 0.793623 0.553665 0.836555 0.529132 0.897886 0.550598 1.000000 0.054200 0.013904 0.064570 0.028148 0.490230 0.342800 0.007810 0.091453
0.437535 0.260133 0.440866 0.246807 0.444198 0.246807 0.450861 0.260133 0.534148 0.256802 0.424209 0.386730 0.567463 0.363409 0.324264 0.526652 0.614103 0.460022 0.407551 0.593282 0.597446 0.549972 0.454192 0.623265 0.554137 0.626596 0.470850 0.769850 0.557468 0.853137 0.464187 0.889784 0.540811 1.000000 0.053683 0.026750 0.004117 0.020784 0.482655 0.201449 0.010607 0.031337
0.441257 0.262547 0.444567 0.249310 0.451186 0.249310 0.444567 0.262547 0.530612 0.255928 0.428020 0.388306 0.563707 0.361831 0.332046 0.537231 0.603420 0.461114 0.418091 0.580254 0.600111 0.550469 0.454495 0.633205 0.553778 0.616658 0.494208 0.851628 0.567016 0.805296 0.523993 1.000000 0.523993 0.954221 0.017114 0.111820 0.022970 0.034696 0.534636 0.132903 0.010537 0.034948
0.449244 0.276672 0.449244 0.264178 0.455490 0.264178 0.449244 0.276672 0.524207 0.270425 0.430503 0.392240 0.561689 0.357882 0.352416 0.532797 0.592923 0.454710 0.446120 0.554661 0.602294 0.526550 0.458614 0.632748 0.549195 0.617130 0.492972 0.854514 0.571059 0.801415 0.483602 1.000000 0.527330 0.938848 0.062560 0.135646 0.011890 0.052918 0.588448 0.058040 0.009944 0.011337
0.469787 0.272180 0.466521 0.262382 0.476320 0.262382 0.450190 0.275447 0.528580 0.265648 0.427326 0.393031 0.564508 0.357102 0.358736 0.543278 0.587372 0.448557 0.446924 0.546544 0.606969 0.520414 0.456722 0.634732 0.551443 0.615135 0.473054 0.847037 0.590638 0.739251 0.463255 1.000000 0.613501 0.847037 0.038896 0.030830 0.014087 0.113467 0.624537 0.006772 0.010399 0.072927
0.486808 0.267969 0.480599 0.258657 0.493016 0.258657 0.452663 0.271073 0.533369 0.267969 0.430934 0.392133 0.561306 0.357988 0.381268 0.531817 0.583035 0.444902 0.461975 0.522505 0.604763 0.506984 0.455767 0.631148 0.551994 0.618732 0.458871 0.845330 0.604763 0.783249 0.418518 1.000000 0.551994 0.863955 0.064741 0.283124 0.028340 0.110163 0.645306 0.029188 0.009882 0.094187
0.540582 0.283306 0.531394 0.271054 0.540582 0.267991 0.460949 0.280243 0.534457 0.277180 0.433384 0.390504 0.552834 0.359876 0.390504 0.534457 0.565085 0.442572 0.476263 0.522205 0.601839 0.494640 0.460949 0.629404 0.552834 0.620216 0.448698 0.849927 0.620216 0.803985 0.399693 1.000000 0.555896 0.938749 0.048382 0.253612 0.054232 0.111868 0.637319 0.148837 0.017558 0.129534
0.544830 0.281081 0.535864 0.269126 0.544830 0.269126 0.467125 0.281081 0.532875 0.278092 0.440227 0.388672 0.544830 0.361775 0.404363 0.529139 0.553796 0.427525 0.485057 0.523162 0.601614 0.484310 0.464136 0.627765 0.550807 0.621788 0.443215 0.828005 0.616558 0.795130 0.386431 1.000000 0.574716 0.956518 0.056086 0.196148 0.064861 0.108085 0.603106 0.179643 0.019038 0.148537
