0.488901 0.278807 0.507928 0.265066 0.474102 0.265066 0.537526 0.283036 0.456131 0.281979 0.580866 0.375001 0.420191 0.375001 0.636891 0.496565 0.382136 0.495507 0.596722 0.572674 0.403278 0.581130 0.552325 0.623413 0.446618 0.626584 0.540697 0.823200 0.457189 0.823200 0.520613 1.000000 0.464588 0.855969 0.015726 0.053594 0.017907 0.016216 0.292042 0.174418 0.001348 0.035602
0.486200 0.282115 0.505308 0.267253 0.471338 0.267253 0.536093 0.283176 0.454353 0.284238 0.580679 0.374470 0.418260 0.375532 0.636941 0.493365 0.382167 0.492304 0.589171 0.559182 0.402336 0.572982 0.553078 0.623937 0.447983 0.626060 0.539278 0.827757 0.454353 0.815018 0.523354 1.000000 0.470276 0.862789 0.006659 0.091691 0.013556 0.026864 0.340537 0.173401 0.001351 0.032245
0.482943 0.283856 0.501066 0.268932 0.468018 0.268932 0.533048 0.284923 0.450961 0.282790 0.579954 0.373405 0.417913 0.376604 0.635390 0.496002 0.381667 0.488540 0.572492 0.543975 0.400856 0.566362 0.554369 0.624995 0.447763 0.624995 0.538378 0.827547 0.454159 0.808358 0.526652 1.000000 0.481877 0.891510 0.004747 0.091317 0.007182 0.026970 0.427767 0.176633 0.002715 0.036177
0.478766 0.284164 0.498118 0.269112 0.465864 0.269112 0.530373 0.284164 0.448662 0.284164 0.578755 0.372326 0.417482 0.377702 0.636812 0.497043 0.384153 0.485217 0.569078 0.528223 0.400280 0.562627 0.555101 0.624986 0.448662 0.624986 0.540049 0.829264 0.455113 0.803460 0.533598 1.000000 0.486292 0.921726 0.012116 0.070551 0.006301 0.028424 0.501363 0.161065 0.004791 0.034912
0.476575 0.286211 0.494884 0.271132 0.462573 0.271132 0.528272 0.285134 0.445341 0.285134 0.576738 0.371296 0.415184 0.378835 0.634897 0.496230 0.385028 0.482229 0.558429 0.521002 0.399029 0.558698 0.556274 0.625473 0.451803 0.624396 0.545504 0.829031 0.456111 0.799951 0.537965 1.000000 0.488422 0.958274 0.003569 0.056272 0.008745 0.039310 0.538963 0.147978 0.010287 0.024636
0.472254 0.286465 0.491839 0.270144 0.458109 0.271232 0.525570 0.285377 0.440700 0.285377 0.574533 0.370247 0.413498 0.380040 0.634377 0.498640 0.387384 0.481231 0.546243 0.513873 0.397177 0.558484 0.558212 0.624857 0.453757 0.624857 0.549507 0.834855 0.455933 0.803301 0.539715 1.000000 0.487487 0.998067 0.003551 0.047244 0.007189 0.047998 0.584357 0.120526 0.015245 0.017068
0.471639 0.286619 0.490006 0.270413 0.456514 0.272574 0.522418 0.285539 0.439227 0.287700 0.573198 0.369811 0.412217 0.380615 0.630459 0.498379 0.389528 0.482173 0.538625 0.513505 0.400332 0.557802 0.560233 0.624787 0.454353 0.624787 0.552670 0.833306 0.456514 0.807376 0.542946 1.000000 0.485685 1.000000 0.006126 0.040028 0.004632 0.050627 0.581412 0.115130 0.018582 0.015307
0.468676 0.286893 0.486882 0.271900 0.454755 0.272971 0.521150 0.285822 0.439762 0.287964 0.570411 0.369351 0.414061 0.381131 0.627168 0.496787 0.391572 0.483937 0.531859 0.518205 0.401210 0.562112 0.559702 0.624223 0.455826 0.625294 0.554348 0.833047 0.460109 0.812700 0.547922 0.992609 0.484740 1.000000 0.004651 0.027125 0.005206 0.046651 0.563012 0.107597 0.019783 0.015435
0.467752 0.287858 0.486941 0.271867 0.453894 0.274000 0.519988 0.285726 0.438969 0.287858 0.570092 0.369943 0.413384 0.380604 0.624460 0.497868 0.393129 0.486141 0.529583 0.524519 0.401658 0.568227 0.560498 0.624727 0.456026 0.624727 0.553035 0.830472 0.463488 0.818746 0.551969 0.962661 0.480545 1.000000 0.008973 0.011191 0.000453 0.042808 0.540753 0.093309 0.021054 0.023777
0.467253 0.289371 0.485067 0.273653 0.451534 0.275748 0.518600 0.286227 0.437912 0.291467 0.567852 0.369012 0.414858 0.381587 0.620247 0.495808 0.393900 0.487425 0.528031 0.529341 0.400187 0.570210 0.560516 0.624701 0.456774 0.624701 0.556325 0.832186 0.466205 0.821707 0.555277 0.930689 0.480876 1.000000 0.003045 0.005003 0.002699 0.039120 0.513714 0.086356 0.022033 0.021656
0.466563 0.286578 0.484326 0.270904 0.450889 0.272994 0.518808 0.284488 0.436261 0.290757 0.566874 0.368080 0.413273 0.382709 0.620164 0.494514 0.393419 0.491379 0.531347 0.533176 0.398644 0.573927 0.561650 0.624083 0.458204 0.625128 0.559560 0.833064 0.468653 0.826795 0.561650 0.914567 0.482237 1.000000 0.011343 0.002310 0.003312 0.041857 0.496287 0.077638 0.025305 0.019661
0.465093 0.284304 0.482807 0.268674 0.449463 0.271800 0.517193 0.283262 0.435916 0.288472 0.566168 0.367665 0.411950 0.383295 0.620352 0.495832 0.391110 0.497916 0.529697 0.544806 0.397362 0.584403 0.563042 0.623999 0.458841 0.625041 0.564084 0.837611 0.469261 0.827191 0.565126 0.891796 0.488017 1.000000 0.004568 0.009130 0.005435 0.044591 0.469654 0.080219 0.027897 0.014841
0.463859 0.283932 0.481539 0.268331 0.449298 0.270412 0.515861 0.281852 0.435778 0.288092 0.566822 0.366095 0.411857 0.384816 0.622985 0.492980 0.388976 0.502340 0.540821 0.548102 0.395216 0.586583 0.562662 0.624025 0.458658 0.625065 0.567863 0.833072 0.471139 0.827872 0.569943 0.875714 0.492980 1.000000 0.007599 0.010323 0.013050 0.041678 0.444545 0.084742 0.027179 0.011647
0.463841 0.279354 0.481789 0.263518 0.448006 0.266685 0.515572 0.278298 0.434281 0.285688 0.567302 0.364867 0.412111 0.385982 0.627479 0.495777 0.385718 0.509502 0.554634 0.560176 0.388885 0.597127 0.563080 0.623520 0.457507 0.625631 0.573637 0.831497 0.468064 0.826219 0.579971 0.863169 0.497625 1.000000 0.046689 0.022671 0.021341 0.042853 0.406715 0.078507 0.026241 0.000599
0.463460 0.272700 0.480655 0.257654 0.447339 0.260878 0.516121 0.273775 0.433368 0.280223 0.570931 0.364050 0.410800 0.386619 0.631114 0.497313 0.382857 0.517733 0.564482 0.573617 0.386081 0.606933 0.562333 0.623054 0.455937 0.626278 0.577379 0.839069 0.466684 0.833696 0.589200 0.875609 0.502149 1.000000 0.077464 0.034084 0.032697 0.042779 0.363518 0.078337 0.023283 0.005657
0.463281 0.271585 0.481640 0.255385 0.447081 0.259705 0.516200 0.272665 0.433041 0.279145 0.572358 0.363383 0.411442 0.387142 0.636077 0.497300 0.381203 0.522140 0.575598 0.583698 0.385522 0.613938 0.561559 0.623657 0.454641 0.625817 0.577758 0.848292 0.468681 0.839653 0.595038 0.869892 0.509720 1.000000 0.191861 0.038897 0.036116 0.036127 0.335763 0.085112 0.020640 0.002047
0.463119 0.271499 0.481292 0.256533 0.448153 0.259740 0.516570 0.273637 0.434256 0.281121 0.572158 0.363434 0.413945 0.386952 0.639506 0.493853 0.381875 0.521647 0.586055 0.586857 0.389358 0.606099 0.559330 0.623203 0.454567 0.626410 0.575365 0.841281 0.470602 0.837005 0.594607 0.864799 0.515501 1.000000 0.194911 0.043003 0.039069 0.029300 0.317767 0.102534 0.017703 0.000816
0.465202 0.274208 0.481947 0.258510 0.449504 0.262696 0.516483 0.275255 0.434853 0.283627 0.570903 0.364211 0.414968 0.386188 0.639975 0.487703 0.381479 0.517006 0.594974 0.577706 0.395084 0.583985 0.558345 0.622707 0.455784 0.626893 0.567764 0.828876 0.471482 0.833062 0.588695 0.856086 0.516483 1.000000 0.194182 0.048505 0.029984 0.029276 0.309913 0.143563 0.017998 0.009658
0.466212 0.274399 0.483886 0.258804 0.450617 0.261923 0.516114 0.276478 0.435023 0.282716 0.570176 0.364847 0.414230 0.385640 0.640871 0.480247 0.376803 0.513515 0.605523 0.569656 0.400715 0.561339 0.558740 0.621638 0.456855 0.627876 0.559779 0.822288 0.475569 0.835803 0.582651 0.866992 0.519233 1.000000 0.148882 0.044006 0.015816 0.026873 0.294797 0.238216 0.019869 0.026922
0.467167 0.276686 0.484887 0.261051 0.451533 0.264178 0.518240 0.278770 0.436940 0.285024 0.572440 0.366324 0.414010 0.384043 0.645402 0.475766 0.373360 0.511205 0.615175 0.563320 0.404629 0.544559 0.557848 0.621689 0.455702 0.627943 0.551594 0.819728 0.480717 0.840574 0.579736 0.884351 0.523452 1.000000 0.140784 0.033630 0.008121 0.016614 0.292982 0.338222 0.017261 0.047325
0.468017 0.274549 0.486892 0.259869 0.453337 0.261966 0.520448 0.277695 0.437608 0.283987 0.572878 0.366827 0.412441 0.383605 0.647329 0.471688 0.366303 0.512583 0.623211 0.559771 0.412441 0.528312 0.559246 0.620590 0.455434 0.628979 0.546663 0.811436 0.484795 0.842895 0.570781 0.906860 0.523594 1.000000 0.099759 0.020766 0.003874 0.011793 0.281598 0.504770 0.018703 0.064375
0.470659 0.275846 0.489691 0.261044 0.455857 0.263158 0.522468 0.279018 0.439997 0.283248 0.573220 0.367834 0.411449 0.382637 0.650405 0.469337 0.359640 0.516917 0.630316 0.557096 0.419907 0.507401 0.560532 0.619478 0.454799 0.630051 0.539385 0.798167 0.487576 0.846804 0.563704 0.944078 0.530927 1.000000 0.090064 0.023134 0.021460 0.007440 0.278576 0.667059 0.019533 0.085268
0.473332 0.274920 0.491466 0.259986 0.457331 0.262119 0.525602 0.279187 0.441330 0.282387 0.575738 0.368792 0.410395 0.381593 0.651476 0.464798 0.348524 0.513867 0.636542 0.552270 0.421062 0.495733 0.560804 0.619474 0.453064 0.630141 0.536269 0.795485 0.488266 0.848821 0.556537 0.974695 0.525602 1.000000 0.079933 0.010327 0.025146 0.003314 0.266435 0.717243 0.017666 0.094891
0.475239 0.276608 0.494617 0.261536 0.460166 0.262613 0.529068 0.280915 0.444017 0.283068 0.578591 0.369195 0.410643 0.381037 0.653952 0.466088 0.344972 0.513457 0.641033 0.553291 0.423562 0.482236 0.560289 0.620039 0.450477 0.629729 0.533374 0.800906 0.489234 0.849352 0.539834 1.000000 0.534451 1.000000 0.056072 0.016977 0.023839 0.005045 0.257233 0.766913 0.013712 0.102622
0.476846 0.278149 0.496231 0.263072 0.461768 0.264149 0.530693 0.282457 0.445614 0.283534 0.580233 0.369690 0.411152 0.380459 0.651311 0.464461 0.342227 0.509692 0.641618 0.552770 0.428383 0.475230 0.559771 0.620618 0.448845 0.629234 0.532847 0.805853 0.491923 0.851084 0.532847 1.000000 0.535001 1.000000 0.045944 0.008933 0.020045 0.013184 0.239630 0.777077 0.010972 0.106992
0.478728 0.279305 0.497873 0.263351 0.462774 0.265479 0.531908 0.281432 0.447884 0.284623 0.581896 0.369710 0.412786 0.380346 0.649966 0.462243 0.342589 0.505850 0.642521 0.551584 0.430867 0.472878 0.557434 0.620717 0.447884 0.629226 0.531908 0.812163 0.487237 0.849389 0.528717 1.000000 0.535098 1.000000 0.037872 0.028942 0.011269 0.011705 0.228350 0.776109 0.006772 0.098494
0.480447 0.278837 0.498415 0.264040 0.465650 0.266154 0.533293 0.283065 0.450853 0.287293 0.582969 0.369733 0.412803 0.380303 0.651670 0.461686 0.344103 0.506077 0.645328 0.550468 0.430771 0.479654 0.556546 0.620226 0.447682 0.629738 0.532236 0.818929 0.483618 0.851694 0.529066 1.000000 0.537521 0.996493 0.034525 0.062343 0.005295 0.006869 0.226944 0.753331 0.005384 0.089842
0.482516 0.278971 0.501305 0.264357 0.467903 0.265401 0.534707 0.285234 0.452245 0.286278 0.583767 0.369783 0.414668 0.380222 0.651615 0.457464 0.345775 0.504436 0.647440 0.547233 0.431369 0.486691 0.555583 0.620300 0.445982 0.629695 0.532619 0.826977 0.477297 0.855160 0.528444 1.000000 0.535751 0.956411 0.029712 0.122731 0.000444 0.004181 0.224422 0.726257 0.001994 0.079152
0.485021 0.280992 0.503616 0.266529 0.470558 0.266529 0.536674 0.287190 0.455062 0.286157 0.584194 0.370868 0.415806 0.379132 0.654442 0.458678 0.349690 0.503099 0.650310 0.547521 0.427169 0.502066 0.554236 0.620868 0.445764 0.629132 0.532541 0.834711 0.469525 0.850207 0.526343 1.000000 0.541839 0.925620 0.024125 0.209243 0.005781 0.003885 0.229571 0.660202 0.000003 0.066262
0.486225 0.281130 0.505612 0.266845 0.471940 0.266845 0.539284 0.287252 0.456634 0.286232 0.585201 0.370923 0.416840 0.379086 0.656627 0.460716 0.352556 0.501531 0.652546 0.547447 0.428064 0.510714 0.552549 0.620914 0.445410 0.629077 0.532142 0.837234 0.466838 0.846417 0.524999 1.000000 0.548468 0.877028 0.020581 0.354518 0.011401 0.004940 0.228861 0.615362 0.002598 0.061222
0.487577 0.279688 0.506845 0.265490 0.474394 0.264476 0.540310 0.285772 0.458169 0.283744 0.585945 0.371970 0.417605 0.378055 0.659974 0.463239 0.355745 0.501775 0.651861 0.553494 0.424703 0.529155 0.551465 0.621438 0.444985 0.628537 0.532198 0.840483 0.462225 0.846568 0.521043 1.000000 0.537268 0.837441 0.013587 0.513408 0.015790 0.009542 0.245457 0.527273 0.004519 0.053044
0.487553 0.275952 0.507875 0.261727 0.474344 0.261727 0.540390 0.282049 0.459102 0.283065 0.587130 0.371465 0.417443 0.378577 0.663337 0.465961 0.359526 0.503556 0.658256 0.558425 0.417443 0.545216 0.551567 0.621423 0.443861 0.628535 0.532261 0.835818 0.461135 0.848011 0.522100 1.000000 0.525148 0.824641 0.014755 0.586422 0.016400 0.008518 0.233497 0.439646 0.005822 0.053587
0.488243 0.273803 0.507668 0.258468 0.473930 0.259490 0.542428 0.278915 0.458595 0.279937 0.585367 0.372972 0.418723 0.377061 0.669200 0.474185 0.363515 0.505879 0.662044 0.567220 0.405432 0.569265 0.551629 0.621405 0.444281 0.628561 0.531182 0.834056 0.458595 0.850413 0.519936 1.000000 0.528115 0.847346 0.015624 0.493526 0.012451 0.011730 0.244628 0.314860 0.005207 0.051020
0.487961 0.272033 0.508453 0.258714 0.474642 0.257689 0.542264 0.280230 0.458249 0.276131 0.582222 0.374490 0.419315 0.375515 0.669310 0.477972 0.370136 0.504611 0.661114 0.576331 0.395750 0.589650 0.552509 0.621412 0.445954 0.628584 0.534067 0.829400 0.457224 0.855014 0.525870 1.000000 0.525870 0.842719 0.016888 0.540582 0.009969 0.017553 0.249150 0.208983 0.001956 0.043981
0.484949 0.271943 0.505357 0.257658 0.472705 0.256637 0.539030 0.277045 0.458419 0.273984 0.580866 0.375002 0.420665 0.375002 0.666579 0.483164 0.376788 0.504592 0.654334 0.579080 0.390053 0.601529 0.552295 0.621937 0.446174 0.628059 0.535969 0.834177 0.453317 0.849483 0.524744 1.000000 0.511479 0.844381 0.008389 0.517586 0.012229 0.021715 0.253723 0.147207 0.001949 0.034702
0.484155 0.273391 0.504276 0.260312 0.472083 0.259306 0.538481 0.279427 0.457998 0.276409 0.579728 0.375000 0.420775 0.375000 0.662223 0.484658 0.381539 0.502767 0.640090 0.576207 0.389588 0.604376 0.552565 0.622485 0.446932 0.627515 0.538481 0.829728 0.452968 0.838782 0.528420 1.000000 0.496227 0.847836 0.006735 0.425233 0.013197 0.023763 0.280805 0.119999 0.000641 0.030691
0.481113 0.273608 0.500994 0.260686 0.469185 0.259692 0.536779 0.281561 0.455268 0.278579 0.578529 0.375000 0.421471 0.375000 0.657058 0.483350 0.382704 0.500248 0.621272 0.565855 0.388668 0.595676 0.551690 0.623509 0.448310 0.626491 0.538767 0.831262 0.455268 0.827286 0.531809 1.000000 0.501988 0.845179 0.008962 0.372553 0.014471 0.022815 0.329898 0.115416 0.000003 0.030800
0.478088 0.274404 0.499004 0.261456 0.467132 0.260460 0.534860 0.282372 0.452192 0.279384 0.578685 0.374005 0.420319 0.375997 0.655377 0.487550 0.383467 0.498506 0.606573 0.548306 0.387451 0.590139 0.552788 0.624003 0.448208 0.625995 0.540836 0.833165 0.452192 0.823205 0.536852 1.000000 0.497012 0.873005 0.011866 0.226833 0.014686 0.028933 0.404504 0.106842 0.001270 0.024599
0.473856 0.276904 0.494771 0.262960 0.462900 0.262960 0.532618 0.282879 0.449953 0.280887 0.577436 0.372516 0.420074 0.377496 0.651138 0.490040 0.384219 0.497012 0.592376 0.536851 0.388203 0.584657 0.553533 0.624496 0.448957 0.625492 0.539590 0.833649 0.446965 0.814725 0.539590 1.000000 0.497759 0.892411 0.021190 0.187676 0.008916 0.040257 0.464174 0.107232 0.003170 0.017839
0.470634 0.275112 0.491717 0.261056 0.459590 0.261056 0.530872 0.281136 0.447543 0.280132 0.578058 0.370488 0.419432 0.379524 0.649340 0.491968 0.386301 0.496988 0.576050 0.526103 0.391321 0.584333 0.553963 0.624492 0.448547 0.625496 0.541916 0.835324 0.446539 0.814241 0.543923 1.000000 0.492721 0.924677 0.021369 0.129463 0.011935 0.040889 0.530164 0.105780 0.003195 0.014783
0.466120 0.273631 0.487201 0.259577 0.456081 0.259577 0.528359 0.278651 0.446043 0.280658 0.575540 0.370001 0.419943 0.380040 0.644806 0.493475 0.386816 0.493475 0.559478 0.516564 0.392839 0.580810 0.554459 0.624980 0.450058 0.624980 0.545424 0.833781 0.447047 0.808685 0.546428 1.000000 0.492220 0.953239 0.015414 0.101629 0.012493 0.044159 0.578613 0.112360 0.005752 0.008547
0.463115 0.276181 0.484192 0.262129 0.453078 0.262129 0.527350 0.281199 0.443042 0.283206 0.574523 0.368519 0.418953 0.381566 0.640765 0.492974 0.390850 0.492974 0.554449 0.509033 0.395869 0.578287 0.555453 0.624456 0.451071 0.625459 0.549431 0.831212 0.448060 0.810135 0.549431 1.000000 0.493225 0.988789 0.009269 0.084009 0.014405 0.046867 0.597141 0.097356 0.008307 0.004079
0.458450 0.276983 0.479475 0.262966 0.450441 0.262966 0.524529 0.281989 0.441430 0.282990 0.572587 0.368092 0.417401 0.382109 0.635663 0.494243 0.392371 0.493242 0.539547 0.503254 0.399379 0.580346 0.557569 0.624399 0.452443 0.625400 0.554565 0.833650 0.450441 0.812625 0.550561 1.000000 0.489487 1.000000 0.001990 0.063532 0.014061 0.048938 0.617829 0.096071 0.012751 0.001165
0.455551 0.277256 0.476527 0.262274 0.446562 0.263273 0.521475 0.283250 0.439570 0.282251 0.571418 0.368152 0.416596 0.382136 0.632348 0.495006 0.395620 0.492009 0.536458 0.500000 0.402612 0.577910 0.558433 0.624856 0.453553 0.624856 0.558433 0.835614 0.453553 0.816635 0.550442 1.000000 0.487514 1.000000 0.014060 0.047949 0.016088 0.048098 0.625968 0.085898 0.015267 0.000000
0.451683 0.278092 0.472604 0.262153 0.443714 0.264145 0.518430 0.282077 0.438733 0.285066 0.569237 0.367752 0.415819 0.382695 0.630007 0.492279 0.395895 0.492279 0.529388 0.495268 0.401872 0.576958 0.560271 0.623780 0.454672 0.625773 0.558279 0.833983 0.455668 0.824020 0.553298 1.000000 0.481570 1.000000 0.006074 0.033774 0.008125 0.048851 0.635061 0.079681 0.019038 0.004617
0.451136 0.274533 0.470980 0.259651 0.442207 0.262627 0.518603 0.282470 0.438238 0.286439 0.568211 0.366803 0.416411 0.383670 0.627740 0.491815 0.397560 0.491815 0.522572 0.496776 0.400537 0.573171 0.560273 0.623771 0.455105 0.625755 0.558289 0.827163 0.459074 0.831131 0.557297 0.993844 0.479909 1.000000 0.001213 0.021981 0.006724 0.044301 0.626460 0.066574 0.019593 0.009255
0.448291 0.277236 0.468877 0.262532 0.440449 0.265473 0.517890 0.284098 0.437508 0.288999 0.565922 0.366440 0.417903 0.384084 0.625718 0.489952 0.397318 0.491913 0.521811 0.497794 0.399278 0.572294 0.560041 0.623268 0.456133 0.626208 0.560041 0.827162 0.462015 0.832063 0.558080 0.964398 0.478679 1.000000 0.004547 0.013992 0.007288 0.040756 0.619538 0.067808 0.020608 0.009092
0.447442 0.276079 0.467976 0.261411 0.440597 0.264345 0.515890 0.283901 0.437664 0.287813 0.564781 0.367016 0.417130 0.383639 0.626384 0.489244 0.395617 0.491200 0.524690 0.504889 0.397573 0.572359 0.560869 0.624183 0.457220 0.625161 0.561847 0.830504 0.463087 0.830504 0.557936 0.939042 0.478732 1.000000 0.012974 0.012546 0.006350 0.043267 0.600011 0.070502 0.023053 0.007583
0.446421 0.275944 0.466879 0.262306 0.439602 0.264254 0.516561 0.282763 0.438628 0.286660 0.565269 0.366540 0.417197 0.384075 0.627615 0.490258 0.394791 0.494155 0.527276 0.509742 0.394791 0.571113 0.560398 0.624692 0.457137 0.624692 0.564294 0.838033 0.465904 0.824394 0.561372 0.919862 0.484413 1.000000 0.017177 0.010571 0.011819 0.038394 0.587537 0.063916 0.022344 0.008153
0.448249 0.274773 0.467686 0.261167 0.441446 0.263110 0.516279 0.283519 0.439502 0.286435 0.563899 0.364183 0.417149 0.386536 0.629014 0.488581 0.393825 0.498299 0.528913 0.516764 0.391881 0.577019 0.560984 0.624640 0.457967 0.624640 0.568759 0.839420 0.464770 0.821927 0.565843 0.894816 0.490038 1.000000 0.028255 0.022819 0.015080 0.043070 0.566136 0.057632 0.024153 0.000547
