0.447116 0.258978 0.469580 0.247746 0.443372 0.247746 0.518252 0.272082 0.447116 0.264594 0.568797 0.367555 0.424651 0.382531 0.658653 0.461156 0.387211 0.511700 0.561309 0.498596 0.368491 0.433075 0.540716 0.622149 0.465836 0.627765 0.448988 0.807479 0.540716 0.837431 0.508892 1.000000 0.636189 1.000000 0.240457 0.053412 0.111329 0.056226 0.626630 0.835795 0.008343 0.255483
0.451632 0.260073 0.472703 0.246664 0.445885 0.246664 0.522508 0.271567 0.445885 0.267736 0.574229 0.367346 0.422898 0.382671 0.664261 0.465041 0.382671 0.514846 0.572313 0.503352 0.369262 0.434391 0.541664 0.622118 0.461209 0.627865 0.455463 0.823254 0.553157 0.840495 0.482281 1.000000 0.650852 1.000000 0.168118 0.025524 0.088414 0.080581 0.611349 0.853390 0.003659 0.258799
0.452614 0.260747 0.474913 0.249598 0.448897 0.249598 0.521370 0.273755 0.448897 0.270039 0.571544 0.368527 0.422882 0.381535 0.660741 0.461441 0.383858 0.509756 0.577118 0.496748 0.378283 0.427992 0.541811 0.621252 0.463764 0.628685 0.461905 0.812655 0.558536 0.831237 0.461905 1.000000 0.657024 0.991049 0.125885 0.036501 0.088608 0.087122 0.616335 0.884289 0.007098 0.265188
0.453205 0.261811 0.475666 0.250580 0.447589 0.250580 0.522462 0.276786 0.447589 0.271170 0.571129 0.368505 0.421384 0.381607 0.662848 0.462096 0.380204 0.512635 0.580488 0.499532 0.382075 0.428403 0.544924 0.621200 0.462564 0.628688 0.470051 0.821485 0.556155 0.840203 0.447589 1.000000 0.670336 0.991821 0.080197 0.072859 0.080982 0.080033 0.610985 0.910144 0.009534 0.246476
0.460495 0.260214 0.482544 0.249189 0.456820 0.247352 0.526643 0.273076 0.454983 0.269401 0.568904 0.368623 0.423746 0.381485 0.660776 0.456820 0.385160 0.502756 0.585441 0.489894 0.392510 0.423746 0.543180 0.622190 0.464170 0.627702 0.480707 0.822471 0.552367 0.826146 0.442121 1.000000 0.673638 0.958441 0.033412 0.103044 0.064063 0.081327 0.624814 0.931469 0.009359 0.229370
0.458340 0.263318 0.480315 0.250500 0.454678 0.250500 0.526095 0.276136 0.454678 0.272474 0.568212 0.369527 0.427210 0.380515 0.661603 0.457425 0.385093 0.508698 0.586524 0.492217 0.392417 0.429957 0.542575 0.622232 0.462003 0.627726 0.483977 0.823664 0.537082 0.832820 0.441860 1.000000 0.674421 0.933535 0.022099 0.186889 0.057930 0.067194 0.621511 0.928475 0.005829 0.201814
0.457731 0.262006 0.479784 0.250980 0.452218 0.249142 0.523891 0.273033 0.454055 0.271195 0.566160 0.368598 0.428326 0.381463 0.661725 0.456812 0.387895 0.508270 0.582700 0.495406 0.395246 0.436596 0.544107 0.620375 0.461406 0.629564 0.481622 0.820694 0.522053 0.833559 0.461406 1.000000 0.670914 0.918097 0.063936 0.243615 0.068435 0.049791 0.618117 0.934287 0.007020 0.188229
0.458033 0.260650 0.480169 0.249581 0.452499 0.247737 0.524442 0.273563 0.454344 0.269873 0.566871 0.369487 0.428518 0.380555 0.662795 0.461722 0.391624 0.509685 0.576094 0.494927 0.397158 0.445120 0.542889 0.620367 0.461722 0.629591 0.482014 0.823285 0.515219 0.834353 0.478325 1.000000 0.664640 0.906296 0.086768 0.275823 0.062439 0.039151 0.639820 0.938632 0.005872 0.174117
0.457548 0.258969 0.480189 0.247649 0.453775 0.245762 0.525471 0.272176 0.455662 0.270290 0.570753 0.370287 0.431134 0.379720 0.668863 0.466510 0.397173 0.515566 0.574526 0.496698 0.397173 0.460850 0.540565 0.621223 0.457548 0.628770 0.483963 0.838198 0.491510 0.836311 0.489623 1.000000 0.653769 0.900460 0.090679 0.328530 0.043117 0.017995 0.654509 0.922021 0.002401 0.132857
0.457708 0.259405 0.478384 0.246248 0.452069 0.246248 0.523496 0.270683 0.453949 0.268804 0.568607 0.370304 0.429513 0.379703 0.664469 0.473685 0.403198 0.516917 0.566727 0.492481 0.393800 0.469926 0.542292 0.622177 0.459588 0.627816 0.487782 0.830818 0.476504 0.832697 0.502819 1.000000 0.641913 0.885327 0.107271 0.375721 0.048208 0.012172 0.677519 0.876854 0.002391 0.107567
0.455225 0.260268 0.477613 0.247209 0.451494 0.247209 0.522387 0.271462 0.453360 0.267730 0.567162 0.368474 0.430972 0.381533 0.656712 0.476680 0.419778 0.517723 0.554103 0.486008 0.399257 0.484142 0.542909 0.620332 0.458956 0.629661 0.488806 0.829282 0.458956 0.838610 0.522387 1.000000 0.624997 0.885250 0.139052 0.412833 0.050090 0.035748 0.691201 0.799287 0.002378 0.080648
0.453257 0.255789 0.474243 0.242434 0.449441 0.242434 0.521941 0.267237 0.449441 0.267237 0.563915 0.366447 0.430362 0.383618 0.651678 0.477105 0.426546 0.517171 0.548651 0.479013 0.403651 0.492368 0.546743 0.620197 0.458980 0.629737 0.500954 0.835790 0.453257 0.841514 0.535296 1.000000 0.609704 0.900658 0.126220 0.393551 0.045109 0.045448 0.707540 0.753633 0.007288 0.058015
0.452062 0.263537 0.474187 0.250631 0.448375 0.250631 0.518438 0.272756 0.448375 0.272756 0.559000 0.366788 0.431781 0.383382 0.636438 0.477414 0.433625 0.510602 0.531344 0.471883 0.411499 0.494008 0.547938 0.621227 0.461281 0.628603 0.514750 0.822198 0.435468 0.829573 0.553469 0.995511 0.592188 0.892261 0.122058 0.419542 0.038264 0.078771 0.711138 0.709446 0.011741 0.011434
0.449330 0.263692 0.471440 0.250794 0.443802 0.250794 0.515662 0.272904 0.443802 0.274747 0.552513 0.366875 0.434589 0.383458 0.618845 0.479271 0.441959 0.506910 0.510134 0.457160 0.416163 0.499539 0.548828 0.621148 0.464070 0.628519 0.524875 0.825673 0.421691 0.823830 0.563568 0.998873 0.589364 0.914116 0.107073 0.410787 0.032498 0.106123 0.733579 0.607567 0.016430 0.030902
0.448774 0.270832 0.470343 0.258250 0.445179 0.260047 0.515278 0.279819 0.445179 0.278021 0.549428 0.366094 0.441585 0.384068 0.605148 0.470343 0.448774 0.504493 0.499101 0.454166 0.421813 0.497304 0.544036 0.623122 0.464951 0.626717 0.540441 0.824430 0.414624 0.808254 0.605148 0.987994 0.533252 0.925085 0.125594 0.338512 0.000988 0.116640 0.704427 0.601933 0.011445 0.080399
0.449569 0.275912 0.470619 0.263633 0.447815 0.263633 0.516226 0.286436 0.449569 0.281174 0.547800 0.368880 0.447815 0.381159 0.600423 0.470619 0.456586 0.498684 0.498684 0.454832 0.428520 0.493422 0.542537 0.623227 0.461848 0.626735 0.556570 0.817934 0.409225 0.803901 0.623227 0.974050 0.503947 0.935459 0.105547 0.290538 0.029487 0.110075 0.700946 0.582709 0.005584 0.114807
0.451342 0.275013 0.472769 0.262514 0.447771 0.262514 0.517410 0.283941 0.451342 0.280370 0.545979 0.369650 0.451342 0.380364 0.594191 0.475001 0.453128 0.492858 0.492411 0.451788 0.428129 0.494643 0.542408 0.624993 0.460270 0.624993 0.567407 0.828553 0.406702 0.810696 0.645974 0.989258 0.483483 0.974973 0.105846 0.228565 0.043348 0.101005 0.707988 0.482354 0.003412 0.128289
0.452625 0.274856 0.474282 0.264028 0.450820 0.264028 0.521206 0.283880 0.456235 0.280270 0.550082 0.368704 0.454430 0.381337 0.591592 0.475185 0.436382 0.504061 0.494135 0.457137 0.430968 0.486013 0.539254 0.623175 0.456235 0.626784 0.577154 0.816284 0.412920 0.818089 0.661977 0.991346 0.463454 0.994955 0.081933 0.159461 0.075225 0.073216 0.676605 0.860749 0.005746 0.132563
0.455968 0.278060 0.475538 0.267386 0.454189 0.267386 0.521794 0.285176 0.459526 0.281618 0.548480 0.368793 0.455968 0.381247 0.589399 0.473759 0.455968 0.500445 0.496887 0.452410 0.432840 0.498666 0.539584 0.623201 0.455968 0.626759 0.584061 0.810004 0.420386 0.818900 0.671236 0.979017 0.443514 1.000000 0.077176 0.097869 0.085528 0.058286 0.690511 0.524437 0.005664 0.132689
0.455116 0.279979 0.474478 0.269418 0.453355 0.269418 0.522002 0.287019 0.458636 0.283499 0.548405 0.367987 0.456876 0.382069 0.587128 0.475358 0.444555 0.501760 0.497360 0.454236 0.432233 0.496480 0.537844 0.623212 0.456876 0.626732 0.590649 0.809790 0.426953 0.820351 0.676897 0.966445 0.426953 1.000000 0.072405 0.048807 0.100956 0.048807 0.683737 0.596229 0.006724 0.136599
0.454679 0.281756 0.474040 0.271196 0.454679 0.271196 0.521560 0.290557 0.461719 0.285276 0.546201 0.369758 0.459959 0.380318 0.586681 0.477120 0.447639 0.503520 0.489880 0.459519 0.430039 0.498240 0.537401 0.623202 0.456439 0.626722 0.588441 0.813285 0.430039 0.823845 0.681723 0.957608 0.414199 1.000000 0.099144 0.015161 0.094550 0.037832 0.672021 0.561048 0.007844 0.125881
0.454254 0.284465 0.475367 0.273908 0.454254 0.273908 0.521114 0.293262 0.463051 0.287983 0.545746 0.370679 0.463051 0.379476 0.587974 0.479766 0.454254 0.485044 0.484165 0.463931 0.426102 0.502639 0.533430 0.624043 0.457773 0.625802 0.580936 0.819344 0.433140 0.828142 0.686504 0.946026 0.412026 1.000000 0.145190 0.002337 0.091413 0.031741 0.665747 0.295728 0.011203 0.114513
0.453593 0.284012 0.472676 0.273603 0.455328 0.273603 0.517782 0.294421 0.462267 0.287481 0.545540 0.369019 0.464002 0.381163 0.587176 0.480049 0.476146 0.495663 0.476146 0.469640 0.431040 0.509542 0.533396 0.624041 0.457063 0.625776 0.569828 0.823549 0.434510 0.828753 0.682593 0.924170 0.415426 1.000000 0.210603 0.001682 0.072639 0.026196 0.643955 0.438619 0.012152 0.092716
0.454244 0.281777 0.473602 0.271217 0.454244 0.271217 0.521118 0.290576 0.461283 0.285296 0.545757 0.366250 0.461283 0.383849 0.595033 0.480641 0.477122 0.503520 0.477122 0.477122 0.431365 0.514079 0.535197 0.623191 0.457763 0.626710 0.563355 0.832615 0.436645 0.832615 0.688306 0.920608 0.424326 1.000000 0.262156 0.011141 0.055617 0.027921 0.638971 0.469694 0.008964 0.075076
0.453689 0.287564 0.474083 0.275667 0.453689 0.275667 0.519969 0.296061 0.460487 0.289263 0.547161 0.367440 0.462186 0.382735 0.594747 0.481306 0.479181 0.508497 0.477482 0.486404 0.431595 0.518694 0.533565 0.624063 0.457088 0.625762 0.553959 0.824603 0.438393 0.824603 0.681421 0.894282 0.436694 0.992852 0.308496 0.026624 0.049108 0.023162 0.612172 0.475563 0.011904 0.062098
0.454683 0.288087 0.473673 0.277729 0.454683 0.276003 0.520285 0.294993 0.461588 0.288087 0.554812 0.367501 0.461588 0.383038 0.608330 0.484894 0.478852 0.512516 0.496116 0.493526 0.427061 0.521148 0.530643 0.623004 0.452956 0.626457 0.544454 0.831896 0.437419 0.833622 0.673932 0.888866 0.454683 0.995902 0.347044 0.057565 0.051036 0.012546 0.611715 0.489624 0.020897 0.044843
0.452898 0.281844 0.474383 0.271928 0.454551 0.270275 0.517353 0.293413 0.461162 0.285150 0.555365 0.367784 0.459509 0.382659 0.595030 0.480168 0.480994 0.508263 0.452898 0.498347 0.434718 0.524790 0.532228 0.623952 0.452898 0.625605 0.532228 0.812360 0.439677 0.822276 0.661138 0.850372 0.472731 0.962755 0.408726 0.094925 0.028673 0.012708 0.567506 0.444738 0.018950 0.021367
0.457286 0.284802 0.476812 0.273412 0.457286 0.271784 0.517492 0.296192 0.463795 0.288056 0.554918 0.369417 0.455659 0.380807 0.605362 0.480067 0.455659 0.507729 0.506102 0.476812 0.408470 0.497966 0.532137 0.624888 0.457286 0.624888 0.515865 0.812017 0.452404 0.820153 0.644415 0.841307 0.496339 0.947075 0.456301 0.114031 0.000707 0.010078 0.646585 0.564941 0.013471 0.019654
0.459998 0.277948 0.481224 0.268152 0.459998 0.264887 0.520409 0.289378 0.464896 0.282847 0.551431 0.369381 0.458365 0.380811 0.618373 0.467345 0.456733 0.506531 0.520409 0.464080 0.394689 0.457549 0.530206 0.624088 0.459998 0.625720 0.510613 0.806954 0.459998 0.821648 0.637966 0.849405 0.522042 0.944103 0.431559 0.149277 0.007511 0.002118 0.701418 0.708589 0.012476 0.033975
0.460478 0.272216 0.479176 0.260316 0.457078 0.260316 0.523373 0.279015 0.460478 0.279015 0.559071 0.367409 0.448579 0.382708 0.637266 0.457503 0.433280 0.510199 0.557371 0.457503 0.446879 0.449003 0.533573 0.624092 0.458778 0.625791 0.499575 0.811079 0.467277 0.811079 0.625366 0.865475 0.528473 0.952169 0.427331 0.115676 0.025732 0.001243 0.727531 0.968411 0.009741 0.071840
0.481629 0.288738 0.499201 0.275958 0.476837 0.274361 0.535942 0.291933 0.468850 0.288738 0.564696 0.375000 0.435304 0.375000 0.639776 0.459665 0.355431 0.472444 0.526358 0.440495 0.304313 0.561901 0.540735 0.622604 0.459265 0.627396 0.505591 0.790335 0.480032 0.809505 0.620607 0.860623 0.559904 0.929313 0.391134 0.151025 0.035034 0.006014 0.784219 0.053309 0.000004 0.101885
0.511600 0.305705 0.514500 0.292655 0.502900 0.292655 0.498550 0.298455 0.468101 0.288305 0.502900 0.375303 0.479701 0.375303 0.610197 0.469551 0.502900 0.495650 0.579748 0.414452 0.498550 0.401402 0.511600 0.624697 0.505800 0.624697 0.478251 0.784193 0.482600 0.766793 0.523199 0.890040 0.566698 0.859591 0.193437 0.285872 0.076710 0.084705 0.890121 0.954064 0.022172 0.014096
0.538592 0.301752 0.539836 0.290548 0.528632 0.289303 0.518673 0.294282 0.483816 0.291793 0.508714 0.372710 0.462653 0.378935 0.598346 0.479771 0.427797 0.518362 0.575938 0.500934 0.434021 0.477281 0.523653 0.621688 0.504980 0.626667 0.480082 0.751156 0.487551 0.749911 0.546061 0.865686 0.570959 0.859461 0.269699 0.251852 0.122409 0.098582 0.480961 0.969885 0.036536 0.058617
0.487976 0.304507 0.501939 0.292095 0.477115 0.292095 0.526764 0.293646 0.458497 0.295198 0.548485 0.374326 0.441430 0.375878 0.618304 0.450351 0.385575 0.468969 0.554691 0.354156 0.421260 0.382084 0.526764 0.622571 0.483321 0.627226 0.442981 0.740487 0.519006 0.777724 0.523661 0.886331 0.584171 0.906501 0.357477 0.075007 0.168856 0.021539 0.949516 0.952027 0.012844 0.270745
0.524798 0.292565 0.535819 0.281543 0.510628 0.278395 0.545266 0.287841 0.472841 0.287841 0.556287 0.376011 0.428756 0.374437 0.623989 0.442139 0.379947 0.475202 0.548415 0.399628 0.427181 0.394905 0.534245 0.621627 0.480713 0.627925 0.449224 0.752307 0.535819 0.790095 0.496457 0.903456 0.598797 0.916052 0.280012 0.043316 0.155111 0.039915 0.916843 0.974327 0.019056 0.287868
0.455485 0.287637 0.471821 0.274569 0.453852 0.276202 0.517561 0.281103 0.462020 0.287637 0.568201 0.370949 0.437516 0.379117 0.630276 0.455894 0.383609 0.485298 0.602506 0.398719 0.417914 0.416688 0.527362 0.624151 0.466920 0.625784 0.448951 0.771171 0.538797 0.790774 0.473455 0.945962 0.617208 0.923092 0.200292 0.039504 0.105056 0.093012 0.943046 0.998047 0.007280 0.286736
0.457232 0.265398 0.477163 0.253772 0.452249 0.252111 0.520346 0.272041 0.453910 0.267059 0.571834 0.376678 0.432318 0.373356 0.578478 0.519516 0.385813 0.482976 0.492111 0.637439 0.397439 0.399931 0.531972 0.625813 0.463875 0.624152 0.457232 0.776955 0.545260 0.781938 0.453910 0.954672 0.628305 0.924775 0.140232 0.016052 0.095680 0.111736 0.216010 0.916561 0.005288 0.297760
0.462471 0.270990 0.481236 0.257343 0.457354 0.259049 0.525588 0.276107 0.455648 0.272696 0.564822 0.371635 0.428354 0.378458 0.590410 0.462045 0.387414 0.489338 0.563116 0.438163 0.401061 0.405752 0.537529 0.622395 0.469295 0.627512 0.471001 0.794685 0.549470 0.801509 0.450530 0.978917 0.648409 0.934565 0.082074 0.066081 0.082787 0.085581 0.816602 0.938927 0.008689 0.254739
0.462023 0.260213 0.484986 0.249615 0.460256 0.247848 0.529145 0.272578 0.458490 0.265512 0.569772 0.371495 0.424929 0.378561 0.656325 0.454516 0.386068 0.493376 0.583903 0.489843 0.403732 0.410356 0.541510 0.622322 0.463789 0.627622 0.476154 0.806027 0.537977 0.811326 0.447892 0.998563 0.658092 0.934973 0.062407 0.123214 0.073085 0.072905 0.612167 0.962847 0.006748 0.230973
0.461081 0.263459 0.481838 0.251351 0.455892 0.251351 0.525081 0.273838 0.455892 0.266919 0.568324 0.370703 0.426486 0.379351 0.646162 0.455459 0.386703 0.495243 0.580432 0.484865 0.398811 0.413946 0.540649 0.623243 0.464541 0.626703 0.474919 0.801406 0.532000 0.811784 0.445513 0.986487 0.660000 0.910379 0.062350 0.179822 0.077759 0.062666 0.602562 0.941804 0.006608 0.223760
0.461511 0.263444 0.482269 0.251335 0.458051 0.249605 0.525515 0.272093 0.458051 0.268633 0.565302 0.370694 0.430374 0.379343 0.651794 0.453727 0.392317 0.496973 0.577411 0.488324 0.399237 0.422589 0.541084 0.621522 0.463241 0.628441 0.478809 0.806615 0.515136 0.813534 0.463241 0.991708 0.651794 0.893107 0.076597 0.245148 0.072670 0.045254 0.617918 0.929926 0.005506 0.190320
0.460573 0.260305 0.482079 0.249552 0.455197 0.247760 0.526882 0.272849 0.455197 0.267473 0.568100 0.367832 0.431900 0.382168 0.657706 0.462814 0.392473 0.505824 0.573477 0.495072 0.397849 0.435932 0.539427 0.620520 0.460573 0.629480 0.476703 0.821237 0.507168 0.828405 0.478495 1.000000 0.655914 0.898297 0.099443 0.286940 0.060445 0.036497 0.624310 0.926191 0.000004 0.169650
0.460251 0.261950 0.483217 0.251350 0.456718 0.249583 0.525616 0.274316 0.456718 0.270783 0.568014 0.369713 0.435519 0.380312 0.654578 0.466876 0.403720 0.507508 0.569781 0.496908 0.400187 0.445677 0.536215 0.622338 0.460251 0.627637 0.479684 0.830797 0.493817 0.821964 0.495583 0.995092 0.642212 0.885562 0.115003 0.316675 0.044437 0.022718 0.623309 0.903852 0.004498 0.138738
0.458485 0.258580 0.480145 0.247750 0.454875 0.247750 0.525270 0.274825 0.456680 0.269410 0.568590 0.370491 0.433215 0.379516 0.651621 0.475181 0.407945 0.514891 0.561370 0.493231 0.402530 0.453521 0.539710 0.621387 0.458485 0.628607 0.480145 0.827157 0.469315 0.830768 0.498195 1.000000 0.629961 0.883113 0.122729 0.382698 0.053211 0.015146 0.650601 0.913245 0.002300 0.106727
0.454884 0.258631 0.476540 0.245998 0.453080 0.247803 0.523460 0.269458 0.453080 0.267654 0.570381 0.368713 0.435033 0.381346 0.647980 0.478796 0.416987 0.513084 0.548725 0.487819 0.398941 0.480600 0.539702 0.621361 0.454884 0.628580 0.496391 0.825285 0.451275 0.834308 0.514437 0.996725 0.610083 0.884838 0.099999 0.407528 0.028152 0.031087 0.666590 0.795251 0.006894 0.061032
0.452556 0.256393 0.474453 0.243620 0.448906 0.245445 0.520072 0.267342 0.450731 0.267342 0.569341 0.367704 0.432484 0.382302 0.640507 0.480840 0.428834 0.510036 0.547444 0.480840 0.397813 0.493613 0.541970 0.621347 0.456206 0.628646 0.510949 0.829371 0.441607 0.833020 0.529196 1.000000 0.598538 0.895062 0.080856 0.402857 0.012902 0.053256 0.678729 0.645893 0.002323 0.024422
0.450545 0.262614 0.472125 0.250026 0.446948 0.250026 0.515286 0.275203 0.446948 0.269808 0.562044 0.366920 0.434359 0.383106 0.628584 0.480218 0.439754 0.512589 0.522480 0.471226 0.407384 0.503597 0.544060 0.622289 0.459537 0.627685 0.513488 0.834498 0.428964 0.830901 0.554850 0.990956 0.583624 0.901038 0.127814 0.412010 0.023166 0.080183 0.695943 0.599500 0.004580 0.001984
0.448300 0.263527 0.468081 0.250940 0.444703 0.250940 0.514836 0.274317 0.446501 0.268922 0.557994 0.366029 0.437510 0.384012 0.619135 0.481118 0.453695 0.502697 0.522029 0.464934 0.415931 0.506294 0.543608 0.623182 0.460888 0.626778 0.525625 0.824588 0.417729 0.820991 0.577775 0.990029 0.557994 0.921694 0.125544 0.371402 0.010556 0.100162 0.708010 0.512916 0.005724 0.041259
0.447589 0.264823 0.469091 0.254072 0.445797 0.254072 0.515678 0.279157 0.447589 0.273782 0.553307 0.365165 0.442214 0.384875 0.605270 0.476258 0.467299 0.497760 0.495968 0.467299 0.427879 0.508511 0.544348 0.623188 0.460132 0.626772 0.540764 0.827456 0.408169 0.816705 0.601686 0.988721 0.519262 0.934966 0.120559 0.325061 0.005464 0.108540 0.665296 0.484854 0.005704 0.079421
0.450179 0.268244 0.469752 0.257568 0.444841 0.257568 0.514235 0.280699 0.448400 0.278920 0.549821 0.364327 0.448400 0.385679 0.596083 0.472865 0.460855 0.503114 0.496441 0.462190 0.427048 0.506672 0.540924 0.624107 0.460855 0.625886 0.553379 0.823390 0.405696 0.805597 0.619214 0.988867 0.494662 0.949722 0.100660 0.270829 0.030765 0.111284 0.662226 0.500251 0.002264 0.114662
