0.577261 0.289851 0.577261 0.271308 0.558718 0.277489 0.558718 0.283670 0.509271 0.283670 0.571080 0.370202 0.466005 0.382564 0.577261 0.462915 0.360931 0.469096 0.589622 0.500000 0.422739 0.567989 0.503090 0.623617 0.459824 0.623617 0.404197 0.802862 0.540176 0.790500 0.249675 0.895575 0.552537 0.994468 0.167498 0.123565 0.077046 0.150993 0.081227 0.458516 0.047393 0.303314
0.575088 0.285686 0.581345 0.273172 0.562573 0.273172 0.562573 0.279429 0.512515 0.279429 0.575088 0.373289 0.462456 0.379546 0.568831 0.473406 0.362339 0.479664 0.587603 0.523465 0.431169 0.573524 0.506257 0.623582 0.456199 0.623582 0.418655 0.805045 0.537544 0.792531 0.243449 0.861361 0.543801 0.999023 0.257843 0.133190 0.057739 0.150993 0.134069 0.451410 0.047984 0.285996
0.575532 0.283047 0.581960 0.263762 0.556247 0.270190 0.569104 0.276619 0.511249 0.276619 0.575532 0.373042 0.459823 0.379470 0.562675 0.482322 0.369828 0.488751 0.588388 0.553033 0.440539 0.578746 0.511249 0.623744 0.453395 0.623744 0.440539 0.816591 0.530534 0.797306 0.254120 0.835876 0.498393 1.000000 0.355320 0.180990 0.031972 0.141500 0.148294 0.431276 0.045167 0.244993
0.589049 0.273951 0.589049 0.253402 0.568500 0.260251 0.575350 0.273951 0.520550 0.273951 0.575350 0.376701 0.465750 0.376701 0.561650 0.506850 0.390401 0.513700 0.589049 0.595899 0.479450 0.609599 0.513700 0.623299 0.445200 0.623299 0.486300 0.842498 0.520550 0.821948 0.287651 0.842498 0.458900 1.000000 0.460417 0.205341 0.038396 0.141866 0.128399 0.398276 0.052568 0.154985
0.585976 0.279159 0.585976 0.258930 0.565746 0.258930 0.572490 0.272416 0.518544 0.279159 0.572490 0.373565 0.471341 0.380308 0.545517 0.508429 0.410652 0.521915 0.559003 0.589348 0.518544 0.596091 0.511801 0.623064 0.444368 0.623064 0.532030 0.838847 0.484828 0.838847 0.336477 0.859077 0.397166 1.000000 0.496943 0.201831 0.105706 0.094221 0.115401 0.437167 0.056097 0.029243
0.591054 0.284782 0.591054 0.271538 0.571187 0.271538 0.577809 0.278160 0.518211 0.284782 0.571187 0.377492 0.478478 0.377492 0.544699 0.509933 0.438746 0.523177 0.557943 0.589398 0.544699 0.576154 0.511589 0.622509 0.438746 0.622509 0.557943 0.814549 0.445368 0.834415 0.379147 0.860903 0.379147 1.000000 0.494644 0.119132 0.151343 0.061116 0.115401 0.437167 0.063660 0.065447
0.588279 0.288130 0.594699 0.275290 0.569018 0.275290 0.581859 0.281710 0.524076 0.288130 0.569018 0.378015 0.485554 0.378015 0.530496 0.506420 0.447033 0.512841 0.569018 0.557783 0.569018 0.544942 0.511236 0.621985 0.434192 0.621985 0.575438 0.795333 0.414931 0.821014 0.427772 0.917319 0.325047 1.000000 0.393130 0.116875 0.186931 0.035340 0.297606 0.506677 0.070048 0.143615
0.594012 0.291261 0.594012 0.272140 0.574891 0.272140 0.574891 0.284888 0.523901 0.284888 0.562144 0.380493 0.485659 0.374120 0.523901 0.501593 0.453791 0.514341 0.562144 0.546209 0.574891 0.527088 0.511154 0.622694 0.441043 0.622694 0.574891 0.788410 0.390054 0.820278 0.466538 0.954126 0.288075 0.998742 0.301200 0.084859 0.182923 0.023860 0.322927 0.537751 0.061241 0.197266
0.594012 0.288075 0.594012 0.268954 0.574891 0.275327 0.574891 0.281701 0.523901 0.281701 0.555770 0.377306 0.492033 0.377306 0.517528 0.498407 0.460164 0.504780 0.562144 0.523901 0.568517 0.517528 0.511154 0.625880 0.441043 0.619507 0.574891 0.797970 0.370933 0.823465 0.511154 0.995555 0.256206 0.982807 0.212232 0.093242 0.169437 0.039343 0.432115 0.540702 0.061241 0.218297
0.587603 0.288815 0.587603 0.270043 0.568831 0.276300 0.568831 0.282558 0.525029 0.282558 0.550059 0.376418 0.487485 0.376418 0.512515 0.489050 0.468713 0.495307 0.550059 0.526594 0.575088 0.514079 0.518772 0.626711 0.443684 0.620454 0.568831 0.801916 0.368596 0.808174 0.556316 1.000000 0.243449 0.952093 0.108454 0.106709 0.128169 0.064588 0.352416 0.494248 0.047984 0.209704
0.587906 0.291223 0.587906 0.272386 0.569069 0.278665 0.569069 0.284944 0.518837 0.284944 0.543953 0.379129 0.487442 0.372850 0.512558 0.498430 0.456047 0.492151 0.550232 0.542383 0.562790 0.529825 0.518837 0.624010 0.449768 0.624010 0.562790 0.806102 0.374420 0.812381 0.569069 1.000000 0.230003 0.925403 0.065447 0.167509 0.107925 0.073726 0.307471 0.473908 0.040079 0.196510
0.592194 0.283821 0.585836 0.271104 0.566761 0.271104 0.566761 0.283821 0.522254 0.283821 0.541328 0.379194 0.490463 0.372836 0.515896 0.500000 0.458672 0.493642 0.554045 0.557224 0.547687 0.550866 0.515896 0.627164 0.452313 0.620806 0.566761 0.811553 0.388731 0.817911 0.560403 1.000000 0.217059 0.900568 0.095321 0.257841 0.118212 0.050736 0.253215 0.400046 0.040588 0.185005
0.587560 0.283488 0.587560 0.270752 0.574824 0.270752 0.562088 0.283488 0.523880 0.283488 0.542984 0.379008 0.485672 0.372640 0.511144 0.500000 0.453832 0.493632 0.555720 0.576416 0.542984 0.570048 0.517512 0.627360 0.453832 0.620992 0.562088 0.805664 0.415624 0.824768 0.511144 1.000000 0.237320 0.862976 0.155958 0.373809 0.110513 0.018411 0.250000 0.356346 0.036566 0.136977
0.593372 0.282669 0.593372 0.269790 0.574053 0.269790 0.567614 0.276230 0.522538 0.276230 0.541856 0.379261 0.490341 0.372821 0.516099 0.520928 0.451704 0.514489 0.593372 0.585322 0.561175 0.591762 0.509659 0.623959 0.458144 0.623959 0.541856 0.810702 0.477462 0.817142 0.471023 0.991006 0.271400 0.855778 0.173501 0.472727 0.095990 0.072313 0.336107 0.389097 0.041109 0.022621
0.604758 0.271897 0.604758 0.251621 0.584483 0.258380 0.577724 0.265138 0.530414 0.271897 0.550690 0.380035 0.489862 0.373276 0.543931 0.528724 0.429035 0.494931 0.638551 0.582793 0.503379 0.596310 0.503379 0.623345 0.456069 0.623345 0.530414 0.832861 0.516897 0.826103 0.435793 1.000000 0.300621 0.859896 0.179829 0.543437 0.101977 0.135529 0.349209 0.348994 0.051861 0.051927
0.592719 0.275788 0.599463 0.255558 0.572490 0.262301 0.572490 0.269045 0.525287 0.275788 0.552260 0.383679 0.491571 0.370193 0.545517 0.532030 0.403909 0.471341 0.646665 0.559003 0.478085 0.579233 0.498314 0.626435 0.457855 0.619692 0.491571 0.842219 0.532030 0.815246 0.383679 1.000000 0.336477 0.862448 0.150537 0.540010 0.059660 0.158157 0.431506 0.419016 0.056097 0.125345
0.588748 0.277322 0.588748 0.264413 0.569385 0.264413 0.569385 0.277322 0.524204 0.283776 0.562931 0.387047 0.485478 0.367684 0.550022 0.522591 0.395115 0.464501 0.640384 0.529045 0.459660 0.561317 0.491932 0.625861 0.459660 0.619407 0.453205 0.825949 0.556476 0.793677 0.349934 0.993764 0.382207 0.896948 0.114741 0.491133 0.031128 0.193948 0.507526 0.426195 0.062027 0.222270
0.582389 0.283924 0.582389 0.271488 0.563735 0.271488 0.563735 0.283924 0.513991 0.283924 0.563735 0.383412 0.482900 0.370976 0.545081 0.507773 0.383412 0.458028 0.613479 0.513991 0.445592 0.551299 0.482900 0.625915 0.470464 0.619697 0.420720 0.812456 0.563735 0.781365 0.308796 0.992778 0.433156 0.924380 0.074403 0.402106 0.000000 0.182467 0.518535 0.458356 0.059728 0.268981
0.575251 0.281925 0.581394 0.269639 0.556822 0.269639 0.562965 0.281925 0.513822 0.288068 0.562965 0.380212 0.483107 0.374070 0.556822 0.503071 0.378677 0.453928 0.612109 0.503071 0.433963 0.546072 0.483107 0.625930 0.470821 0.619788 0.390963 0.816362 0.569108 0.773361 0.280389 0.969936 0.483107 0.963793 0.055183 0.316243 0.043427 0.197120 0.515902 0.464213 0.058998 0.324668
0.577388 0.292115 0.577388 0.279975 0.559179 0.279975 0.559179 0.292115 0.516692 0.298184 0.565249 0.377090 0.480274 0.377090 0.559179 0.486343 0.383159 0.455995 0.595597 0.504552 0.437786 0.547040 0.480274 0.625945 0.474204 0.619875 0.389229 0.808034 0.553109 0.783756 0.261767 0.947636 0.528831 0.990124 0.087958 0.180110 0.042844 0.150789 0.370082 0.454833 0.058286 0.290417
0.583408 0.285973 0.583408 0.267088 0.558228 0.267088 0.558228 0.279678 0.514164 0.285973 0.570818 0.374102 0.476394 0.380397 0.551933 0.481115 0.375675 0.462231 0.595997 0.512590 0.438625 0.556654 0.488984 0.619603 0.463804 0.625898 0.388265 0.808451 0.539343 0.802156 0.224598 0.934349 0.551933 1.000000 0.135327 0.110178 0.053542 0.145190 0.358168 0.469979 0.060475 0.284839
0.578323 0.281925 0.578323 0.269639 0.559894 0.269639 0.553751 0.281925 0.516893 0.281925 0.572180 0.374070 0.473892 0.380212 0.547608 0.472357 0.375605 0.472357 0.578323 0.521500 0.449321 0.564501 0.492321 0.619788 0.461607 0.625930 0.394034 0.804076 0.535322 0.791790 0.222031 0.877792 0.547608 1.000000 0.215161 0.114956 0.055935 0.149027 0.255787 0.475041 0.058998 0.289083
0.579625 0.282982 0.579625 0.264247 0.554645 0.270492 0.554645 0.276737 0.510929 0.282982 0.567135 0.370414 0.473458 0.382904 0.542155 0.482826 0.379781 0.489071 0.573380 0.539032 0.460968 0.576503 0.498439 0.620219 0.460968 0.626464 0.411007 0.813817 0.535909 0.795082 0.229898 0.851288 0.504684 1.000000 0.300034 0.179602 0.049602 0.149434 0.231019 0.468348 0.051915 0.268150
0.586617 0.280250 0.580201 0.261002 0.567369 0.267418 0.554537 0.273834 0.516040 0.280250 0.560953 0.370075 0.477544 0.382907 0.528872 0.504812 0.400551 0.504812 0.560953 0.575389 0.503208 0.594637 0.503208 0.626717 0.458296 0.620301 0.451880 0.832031 0.528872 0.799951 0.265814 0.838447 0.471128 1.000000 0.411049 0.203905 0.007533 0.144907 0.210202 0.450498 0.049211 0.197133
0.594227 0.272555 0.594227 0.259558 0.574732 0.259558 0.568234 0.272555 0.529243 0.279053 0.555237 0.370031 0.483754 0.383028 0.529243 0.512997 0.431766 0.525994 0.555237 0.597477 0.535741 0.603975 0.503249 0.623470 0.457760 0.623470 0.496751 0.831420 0.509748 0.818424 0.301798 0.837919 0.418769 1.000000 0.479450 0.230536 0.054457 0.117231 0.152264 0.406184 0.049848 0.092896
0.601579 0.275544 0.601579 0.255883 0.581918 0.255883 0.575365 0.268990 0.529491 0.275544 0.555704 0.373846 0.490170 0.380399 0.522937 0.518022 0.457402 0.524576 0.588472 0.590110 0.581918 0.577003 0.503277 0.622878 0.450849 0.622878 0.542598 0.826035 0.477063 0.826035 0.339440 0.865356 0.372207 1.000000 0.500000 0.211128 0.126904 0.092019 0.305989 0.444281 0.058742 0.020009
0.599151 0.280566 0.599151 0.261061 0.579646 0.267563 0.579646 0.274065 0.534134 0.274065 0.553639 0.378092 0.501625 0.378092 0.514629 0.514629 0.482120 0.527632 0.586148 0.560141 0.599151 0.553639 0.501625 0.625158 0.443110 0.618657 0.560141 0.807207 0.436608 0.826712 0.378092 0.904733 0.332580 1.000000 0.442446 0.150537 0.165042 0.066008 0.408190 0.471681 0.070951 0.108938
0.594641 0.279170 0.594641 0.266551 0.575713 0.266551 0.569404 0.279170 0.531547 0.279170 0.544166 0.373811 0.500000 0.380121 0.500000 0.500000 0.487381 0.518928 0.563094 0.544166 0.600951 0.525238 0.506309 0.626189 0.449525 0.619879 0.582023 0.790234 0.405359 0.815472 0.436906 0.929041 0.291789 0.992136 0.394712 0.111171 0.185033 0.004644 0.412767 0.511192 0.056531 0.208331
0.602749 0.285017 0.596426 0.266048 0.583780 0.272371 0.564811 0.285017 0.539519 0.278694 0.533196 0.373539 0.507904 0.379862 0.438350 0.468385 0.482612 0.500000 0.507904 0.518969 0.590103 0.518969 0.507904 0.626461 0.450996 0.620138 0.577457 0.797183 0.381443 0.809829 0.488935 0.986874 0.267628 0.993197 0.262129 0.064951 0.154872 0.037843 0.549848 0.510448 0.052568 0.235015
0.600248 0.290251 0.600248 0.271744 0.587909 0.277913 0.563233 0.284082 0.538557 0.284082 0.526219 0.370449 0.513880 0.382787 0.427513 0.456816 0.495373 0.493831 0.489204 0.518507 0.587909 0.518507 0.507711 0.623382 0.452190 0.623382 0.569402 0.802285 0.371992 0.802285 0.550895 1.000000 0.254779 0.962681 0.134556 0.066737 0.128947 0.054245 0.521189 0.469616 0.051277 0.239840
0.613570 0.282325 0.607260 0.263396 0.594641 0.269706 0.563094 0.282325 0.544166 0.282325 0.506309 0.364347 0.537857 0.389585 0.424287 0.452679 0.500000 0.503155 0.500000 0.515774 0.594641 0.522083 0.455834 0.616724 0.500000 0.629343 0.405359 0.806007 0.550475 0.812317 0.260242 0.970053 0.563094 1.000000 0.147584 0.064489 0.020120 0.135527 0.517074 0.539583 0.056531 0.168631
0.603146 0.277839 0.603146 0.265144 0.584104 0.265144 0.565061 0.277839 0.533324 0.277839 0.514282 0.366704 0.520629 0.385746 0.425417 0.468263 0.495239 0.500000 0.495239 0.525390 0.590451 0.538085 0.501587 0.620602 0.463502 0.626949 0.565061 0.811025 0.387333 0.817372 0.577756 1.000000 0.209604 0.912584 0.083148 0.222333 0.118319 0.047094 0.510536 0.448486 0.044596 0.223535
0.606320 0.284187 0.599972 0.265144 0.587277 0.265144 0.555540 0.277839 0.536498 0.284187 0.523803 0.373051 0.511108 0.379398 0.447634 0.487305 0.466676 0.500000 0.517455 0.557127 0.561888 0.569822 0.504761 0.620602 0.460328 0.626949 0.561888 0.804677 0.409549 0.823720 0.542845 1.000000 0.212778 0.880847 0.123003 0.329669 0.120223 0.015990 0.437167 0.410950 0.044596 0.176176
0.599294 0.275367 0.599294 0.262345 0.586272 0.262345 0.560228 0.275367 0.534183 0.275367 0.534183 0.373034 0.501628 0.379545 0.495117 0.503256 0.469072 0.516278 0.547206 0.581389 0.547206 0.587900 0.508139 0.620455 0.456050 0.626966 0.560228 0.809277 0.430006 0.835322 0.501628 1.000000 0.241184 0.861366 0.170429 0.416787 0.119062 0.018403 0.279941 0.338234 0.045753 0.125262
0.604814 0.277063 0.604814 0.257098 0.584849 0.263753 0.571540 0.270408 0.538265 0.277063 0.538265 0.376885 0.504991 0.376885 0.511646 0.516637 0.471717 0.523292 0.584849 0.603150 0.578194 0.603150 0.498336 0.623115 0.458407 0.623115 0.538265 0.822760 0.491681 0.836070 0.458407 1.000000 0.278726 0.856034 0.183952 0.519582 0.114005 0.108854 0.283448 0.366302 0.055355 0.013496
0.611291 0.268857 0.611291 0.255160 0.583896 0.255160 0.583896 0.268857 0.535956 0.275706 0.549653 0.385285 0.508561 0.371587 0.522258 0.535956 0.440074 0.488015 0.611291 0.583896 0.522258 0.590745 0.488015 0.624988 0.453771 0.618140 0.501712 0.844146 0.522258 0.837297 0.405831 1.000000 0.330495 0.864692 0.167452 0.551244 0.099984 0.166016 0.400023 0.384030 0.074807 0.076543
0.607609 0.278160 0.607609 0.264916 0.587743 0.264916 0.574498 0.271538 0.534766 0.278160 0.548010 0.384114 0.501656 0.370869 0.528144 0.523177 0.428813 0.476823 0.627475 0.549666 0.501656 0.576154 0.488411 0.622509 0.461923 0.622509 0.481789 0.841037 0.541388 0.814549 0.369214 1.000000 0.355970 0.907258 0.169222 0.477302 0.068336 0.174734 0.462215 0.393124 0.063660 0.134529
0.606286 0.279376 0.606286 0.260052 0.586961 0.266493 0.580520 0.279376 0.541870 0.279376 0.554753 0.382441 0.509662 0.376000 0.541870 0.504831 0.425922 0.472623 0.625611 0.524156 0.503221 0.575688 0.464571 0.620779 0.471013 0.620779 0.438805 0.826909 0.580520 0.788260 0.329298 1.000000 0.432364 0.942858 0.129189 0.427554 0.075559 0.234173 0.461191 0.432135 0.082952 0.223908
0.600480 0.277972 0.600480 0.265006 0.581032 0.265006 0.574550 0.277972 0.535654 0.284454 0.555102 0.381693 0.503241 0.375210 0.542137 0.517827 0.406003 0.472449 0.619928 0.511344 0.490276 0.563205 0.464346 0.621548 0.477311 0.621548 0.399520 0.835474 0.574550 0.796578 0.282834 1.000000 0.483794 1.000000 0.088205 0.292689 0.021484 0.194798 0.556689 0.488216 0.074976 0.255072
0.601785 0.278659 0.601785 0.259271 0.582397 0.265734 0.569472 0.272196 0.530697 0.285121 0.556547 0.382059 0.504847 0.375597 0.543622 0.504847 0.407909 0.466072 0.608247 0.504847 0.485459 0.569472 0.459609 0.621172 0.478997 0.621172 0.382059 0.827973 0.569472 0.808585 0.259271 0.995998 0.537159 1.000000 0.086678 0.189640 0.008399 0.176546 0.533383 0.465805 0.078977 0.257363
0.593527 0.279657 0.593527 0.260634 0.574504 0.266975 0.561823 0.279657 0.530119 0.285998 0.555482 0.374769 0.498415 0.381110 0.530119 0.495244 0.403303 0.469881 0.593527 0.507926 0.492074 0.564993 0.466711 0.622061 0.479392 0.622061 0.384280 0.818626 0.555482 0.812285 0.238442 0.964464 0.574504 1.000000 0.123606 0.093105 0.016690 0.146197 0.503215 0.500000 0.069167 0.247513
0.591463 0.280488 0.591463 0.268293 0.573171 0.268293 0.567073 0.280488 0.524390 0.286585 0.554878 0.378049 0.500000 0.378049 0.530488 0.487805 0.408537 0.469512 0.591463 0.506098 0.493902 0.554878 0.475610 0.621951 0.469512 0.621951 0.396341 0.798781 0.554878 0.792683 0.231707 0.908537 0.579268 1.000000 0.178691 0.110307 0.034119 0.187167 0.476831 0.500000 0.070447 0.281726
0.589946 0.281338 0.589946 0.262729 0.571336 0.268932 0.558930 0.275135 0.527914 0.281338 0.558930 0.374386 0.490695 0.380589 0.540321 0.486043 0.410054 0.479840 0.589946 0.529465 0.503102 0.566684 0.484492 0.622513 0.465883 0.622513 0.422460 0.814811 0.546524 0.796201 0.236365 0.876842 0.546524 1.000000 0.298257 0.138360 0.006553 0.170893 0.323758 0.478160 0.063607 0.237686
0.585532 0.275082 0.585532 0.262411 0.566525 0.262411 0.560189 0.275082 0.522175 0.275082 0.547518 0.376454 0.490496 0.376454 0.522175 0.503168 0.420804 0.490496 0.566525 0.566525 0.522175 0.572861 0.490496 0.623546 0.471489 0.623546 0.439811 0.819954 0.534846 0.800946 0.256075 0.845297 0.496832 1.000000 0.375980 0.168186 0.008199 0.133625 0.257233 0.457421 0.048590 0.189578
0.600173 0.275021 0.593604 0.255315 0.580467 0.261884 0.567329 0.268453 0.527917 0.275021 0.547623 0.373552 0.495073 0.380121 0.521348 0.511495 0.449092 0.524633 0.567329 0.596889 0.554192 0.590320 0.495073 0.623164 0.462230 0.623164 0.501642 0.839931 0.527917 0.820225 0.284874 0.846500 0.462230 1.000000 0.500000 0.204833 0.075691 0.145172 0.217139 0.420249 0.054631 0.092774
0.606230 0.272832 0.599692 0.259758 0.580081 0.259758 0.573544 0.272832 0.534320 0.279369 0.547395 0.370890 0.501634 0.383965 0.527783 0.514709 0.475485 0.534320 0.586618 0.580081 0.586618 0.573544 0.495097 0.619304 0.455874 0.625841 0.527783 0.821957 0.514709 0.828495 0.338204 0.854643 0.410113 1.000000 0.496555 0.260222 0.116950 0.149457 0.276402 0.446810 0.062833 0.039038
0.600846 0.277499 0.600846 0.264694 0.581637 0.264694 0.568831 0.277499 0.536817 0.277499 0.536817 0.373543 0.504802 0.379946 0.511205 0.508004 0.485593 0.527212 0.575234 0.552824 0.600846 0.546421 0.498399 0.623256 0.459982 0.623256 0.562428 0.802537 0.479191 0.821745 0.363939 0.892177 0.376744 1.000000 0.474163 0.191190 0.157778 0.088695 0.365513 0.488717 0.053239 0.078479
0.605865 0.283458 0.599449 0.264210 0.586617 0.270626 0.573785 0.283458 0.535288 0.283458 0.522456 0.366867 0.516040 0.386115 0.426215 0.456692 0.509624 0.520852 0.471128 0.520852 0.612281 0.527268 0.503208 0.623509 0.458296 0.623509 0.580201 0.803159 0.432631 0.822407 0.419799 0.944312 0.323558 1.000000 0.399171 0.132841 0.152710 0.035105 0.455372 0.495278 0.049211 0.169728
0.602657 0.280250 0.602657 0.267418 0.583409 0.267418 0.570577 0.280250 0.538496 0.280250 0.512832 0.363659 0.525664 0.389323 0.410175 0.447067 0.512832 0.511228 0.467920 0.530476 0.602657 0.517644 0.500000 0.620301 0.461504 0.626717 0.583409 0.806367 0.410175 0.825615 0.480752 0.992433 0.294686 1.000000 0.294623 0.096429 0.150044 0.003634 0.475563 0.510686 0.049211 0.214532
0.601483 0.282982 0.601483 0.270492 0.582748 0.270492 0.551522 0.282982 0.539032 0.289227 0.495316 0.364169 0.545277 0.389149 0.414130 0.445355 0.520297 0.501561 0.464091 0.532787 0.595238 0.501561 0.451600 0.620219 0.507806 0.626464 0.395394 0.813817 0.570258 0.813817 0.276737 0.988681 0.532787 1.000000 0.099836 0.161414 0.036114 0.152264 0.415249 0.569605 0.051915 0.192356
