0.594949 0.299394 0.597804 0.287971 0.580671 0.285116 0.569248 0.299394 0.532126 0.296538 0.543548 0.390773 0.495003 0.362217 0.549259 0.524987 0.452169 0.442174 0.592093 0.496430 0.569248 0.436463 0.506425 0.627788 0.455024 0.619222 0.557826 0.801980 0.449313 0.813403 0.400768 0.881937 0.349367 0.990450 0.441445 0.154226 0.140789 0.039762 0.673630 0.672063 0.049281 0.100695
0.596508 0.297263 0.596508 0.283377 0.582622 0.280600 0.565959 0.294486 0.535410 0.283377 0.546518 0.394466 0.490974 0.358362 0.554850 0.524995 0.474311 0.433347 0.604840 0.488891 0.574291 0.427792 0.513192 0.627752 0.449316 0.619420 0.571513 0.772168 0.429875 0.794385 0.435430 0.894365 0.316009 0.963796 0.389270 0.153145 0.167340 0.015146 0.678808 0.587270 0.047918 0.157396
0.594086 0.318695 0.596833 0.302213 0.583098 0.302213 0.558375 0.310454 0.536398 0.304960 0.539145 0.387371 0.497940 0.365395 0.533651 0.510988 0.473216 0.450553 0.591339 0.491759 0.580351 0.439565 0.508928 0.626364 0.453987 0.620870 0.569363 0.780199 0.410034 0.802175 0.456734 0.931286 0.294658 0.972492 0.323059 0.113819 0.159188 0.021474 0.616554 0.622473 0.047393 0.194860
0.601435 0.323401 0.604354 0.308806 0.589759 0.305887 0.563488 0.311725 0.543055 0.302968 0.525541 0.384700 0.505108 0.367186 0.525541 0.510216 0.484675 0.451837 0.595597 0.501459 0.589759 0.443080 0.510946 0.626976 0.458404 0.621138 0.578083 0.810872 0.394187 0.822548 0.490513 0.991850 0.256994 1.000000 0.254873 0.105776 0.130575 0.040354 0.539583 0.601856 0.039122 0.209669
0.600412 0.323753 0.603221 0.306900 0.589177 0.306900 0.566707 0.312518 0.541429 0.306900 0.518959 0.374310 0.507724 0.377118 0.504915 0.447336 0.493680 0.447336 0.589177 0.461380 0.591986 0.444528 0.513341 0.624286 0.459976 0.624286 0.577942 0.795618 0.381331 0.806853 0.530194 0.986611 0.252130 0.980994 0.192751 0.073712 0.121924 0.068728 0.507907 0.571925 0.034038 0.244243
0.597500 0.324216 0.597500 0.309982 0.586113 0.309982 0.563339 0.312829 0.540566 0.307136 0.514945 0.378303 0.506405 0.372610 0.472245 0.460858 0.495018 0.446624 0.560492 0.466551 0.591806 0.452318 0.520639 0.625967 0.458011 0.623120 0.569033 0.802462 0.372610 0.802462 0.566186 1.000000 0.230275 0.973265 0.089732 0.079679 0.077869 0.080720 0.631436 0.529887 0.027217 0.226648
0.599619 0.334437 0.602425 0.317600 0.591200 0.317600 0.565945 0.323212 0.543495 0.311988 0.504209 0.373723 0.507015 0.376529 0.459311 0.446683 0.501403 0.452295 0.557526 0.441071 0.594006 0.452295 0.521046 0.626277 0.467729 0.623471 0.574363 0.805871 0.375126 0.803065 0.591200 0.996690 0.229206 0.954597 0.063847 0.092457 0.070671 0.101318 0.693767 0.523536 0.014297 0.243398
0.598459 0.336363 0.601233 0.322496 0.587365 0.319722 0.559630 0.319722 0.542989 0.314175 0.504160 0.375192 0.509707 0.375192 0.465331 0.450077 0.490293 0.458397 0.559630 0.447303 0.587365 0.458397 0.518028 0.627581 0.468105 0.622034 0.559630 0.805085 0.376579 0.796765 0.604006 0.990910 0.218490 0.938213 0.001330 0.114077 0.055809 0.100441 0.661624 0.572967 0.017666 0.226870
0.605148 0.331325 0.608069 0.316721 0.596386 0.313800 0.555495 0.313800 0.549653 0.310879 0.488317 0.375137 0.523366 0.375137 0.456188 0.456918 0.494158 0.459839 0.546732 0.465681 0.587623 0.465681 0.467871 0.620482 0.520445 0.629245 0.389010 0.819095 0.555495 0.824937 0.207922 0.950531 0.613910 1.000000 0.179842 0.034640 0.093846 0.060071 0.588446 0.585829 0.014881 0.176724
0.592246 0.325218 0.595020 0.311347 0.581149 0.308572 0.556180 0.314121 0.536760 0.305798 0.506242 0.377930 0.506242 0.372382 0.472950 0.452837 0.489596 0.444514 0.558954 0.450062 0.570051 0.455611 0.520114 0.627618 0.467402 0.622070 0.553406 0.802400 0.386947 0.791303 0.589472 0.985505 0.214939 0.888404 0.001992 0.195154 0.042247 0.092139 0.643389 0.528563 0.015902 0.201173
0.591269 0.328695 0.594077 0.317462 0.582844 0.311845 0.551953 0.314654 0.535103 0.306229 0.504212 0.376436 0.501404 0.373627 0.467705 0.443834 0.481746 0.455068 0.554761 0.446643 0.560378 0.471917 0.521062 0.626373 0.473321 0.623564 0.557570 0.806103 0.400306 0.803294 0.577228 1.000000 0.212151 0.884734 0.032064 0.247144 0.042362 0.087215 0.647752 0.508198 0.007152 0.186619
0.587713 0.314750 0.587713 0.300716 0.576486 0.297909 0.551224 0.306329 0.531577 0.297909 0.517543 0.382114 0.492281 0.368079 0.503509 0.494386 0.469827 0.432636 0.559645 0.505614 0.548418 0.477545 0.520349 0.626307 0.469827 0.623500 0.554031 0.797523 0.422111 0.805943 0.545611 0.985580 0.225633 0.856466 0.076072 0.338458 0.058170 0.053515 0.476750 0.441301 0.012511 0.143255
0.588138 0.313442 0.588138 0.298752 0.576386 0.295814 0.561696 0.301690 0.529379 0.295814 0.526441 0.383952 0.485310 0.366324 0.514690 0.513221 0.450055 0.454462 0.591076 0.560227 0.552883 0.483841 0.523503 0.627800 0.464745 0.621924 0.547007 0.815827 0.426552 0.821703 0.523503 1.000000 0.226773 0.874586 0.076860 0.357503 0.043418 0.034572 0.353261 0.532533 0.014968 0.099711
0.577704 0.303958 0.580555 0.289701 0.566298 0.286849 0.557743 0.295404 0.523525 0.283998 0.537783 0.386652 0.477901 0.363840 0.549189 0.512119 0.429425 0.443683 0.609070 0.566298 0.520674 0.432277 0.517822 0.629031 0.466495 0.620477 0.526377 0.800122 0.460792 0.794419 0.472198 0.962658 0.278295 0.879964 0.118319 0.350040 0.042057 0.003706 0.237044 0.713271 0.019982 0.026335
0.576015 0.309962 0.576015 0.296388 0.562441 0.293673 0.554297 0.299103 0.519004 0.290958 0.532578 0.388692 0.478281 0.361544 0.543437 0.508144 0.429415 0.429415 0.614023 0.540722 0.538008 0.472852 0.521719 0.630312 0.467422 0.619452 0.524433 0.795916 0.464707 0.793201 0.453848 0.956091 0.280099 0.823064 0.137340 0.443978 0.019515 0.008421 0.333502 0.577514 0.013831 0.010191
0.571984 0.310785 0.574726 0.294331 0.561015 0.294331 0.558273 0.299816 0.519881 0.291589 0.539077 0.387568 0.476005 0.362888 0.582953 0.472578 0.410191 0.431444 0.676189 0.420475 0.514397 0.469835 0.508912 0.626143 0.476005 0.623401 0.497943 0.796163 0.500686 0.798905 0.319697 0.845523 0.407449 0.955213 0.393500 0.215669 0.019526 0.044471 0.510544 0.631144 0.019215 0.064978
0.580377 0.310144 0.580377 0.296286 0.566519 0.293514 0.558204 0.299057 0.524945 0.293514 0.536031 0.390521 0.480599 0.360033 0.555432 0.498614 0.402993 0.429324 0.646896 0.443182 0.513858 0.468126 0.511087 0.631652 0.472284 0.617794 0.502772 0.811808 0.505543 0.789635 0.400221 0.967019 0.336474 0.850611 0.171171 0.450677 0.018131 0.071120 0.616905 0.660831 0.021189 0.075537
0.583349 0.309193 0.586104 0.295417 0.572327 0.292661 0.564062 0.300927 0.530998 0.292661 0.536508 0.389098 0.481402 0.361544 0.544774 0.507577 0.398741 0.427673 0.638456 0.474513 0.522731 0.471758 0.508955 0.628812 0.473136 0.620546 0.497934 0.799643 0.528242 0.777600 0.384965 0.940165 0.368433 0.868526 0.195029 0.442758 0.015920 0.117571 0.585828 0.676484 0.022823 0.127923
0.590776 0.314929 0.593591 0.300855 0.579517 0.298040 0.568258 0.303670 0.534481 0.295226 0.540110 0.390928 0.481000 0.359965 0.562629 0.511963 0.382483 0.430334 0.661146 0.452853 0.481000 0.469741 0.500704 0.627368 0.478186 0.621739 0.475371 0.807514 0.542925 0.784995 0.374039 0.956696 0.388113 0.917289 0.145452 0.395086 0.008097 0.123594 0.613470 0.681450 0.026911 0.164642
0.587483 0.316768 0.590239 0.305746 0.576462 0.302991 0.570951 0.308501 0.535131 0.302991 0.548908 0.388407 0.482779 0.363609 0.559929 0.506888 0.383585 0.435249 0.653612 0.443515 0.488290 0.473824 0.493800 0.628125 0.474513 0.619859 0.444204 0.809980 0.546153 0.776915 0.336744 0.964281 0.430427 0.928461 0.108885 0.343813 0.012825 0.146485 0.659792 0.688542 0.040454 0.220971
0.590603 0.317401 0.593391 0.303462 0.576664 0.300674 0.573876 0.306250 0.534847 0.297886 0.548786 0.387095 0.481879 0.364793 0.559937 0.506969 0.381519 0.431699 0.651934 0.454002 0.495818 0.473516 0.490243 0.626844 0.479092 0.621268 0.426124 0.810837 0.548786 0.777384 0.314613 0.966953 0.470728 0.961377 0.090695 0.261367 0.030502 0.137112 0.636761 0.701193 0.039143 0.240389
0.584119 0.317163 0.589680 0.303260 0.572996 0.300479 0.567434 0.303260 0.531284 0.297698 0.542407 0.389464 0.481230 0.361656 0.561872 0.511818 0.367218 0.425614 0.650858 0.447860 0.467326 0.472887 0.484010 0.625830 0.492353 0.623050 0.406149 0.803801 0.550749 0.787116 0.294917 0.962305 0.506257 0.984551 0.063500 0.179399 0.054177 0.095309 0.648151 0.696838 0.030140 0.240120
0.583865 0.320679 0.589320 0.307042 0.572956 0.304315 0.564774 0.309770 0.529319 0.298860 0.532046 0.388862 0.482954 0.361589 0.564774 0.514318 0.368407 0.424317 0.646593 0.451590 0.463863 0.476136 0.482954 0.626138 0.502046 0.623411 0.401135 0.795232 0.551137 0.784323 0.286587 0.947962 0.537501 0.980690 0.061383 0.116326 0.078509 0.071087 0.626974 0.682213 0.019111 0.237706
0.584079 0.319231 0.586881 0.305217 0.572868 0.305217 0.567263 0.308020 0.528026 0.296810 0.544842 0.389296 0.471974 0.361270 0.570066 0.515414 0.362671 0.422928 0.645737 0.448151 0.457961 0.476178 0.491592 0.627520 0.491592 0.621914 0.396303 0.801282 0.542039 0.792875 0.258974 0.944216 0.558855 0.994664 0.083969 0.064871 0.089665 0.067422 0.668464 0.674306 0.021427 0.251001
0.582953 0.324496 0.588437 0.310785 0.571984 0.308043 0.566500 0.308043 0.528108 0.302558 0.541819 0.387568 0.473263 0.362888 0.563757 0.505485 0.366315 0.423217 0.640540 0.439671 0.459552 0.475320 0.492459 0.626143 0.492459 0.623401 0.407449 0.793421 0.536335 0.793421 0.262110 0.922306 0.571984 0.982636 0.119412 0.021114 0.084723 0.056978 0.667012 0.674306 0.019215 0.230055
0.582424 0.324069 0.587965 0.310217 0.571342 0.307446 0.565801 0.310217 0.527013 0.299134 0.546407 0.390563 0.471602 0.360087 0.568571 0.518009 0.363550 0.421039 0.640606 0.443203 0.449437 0.479221 0.496537 0.626061 0.485455 0.623290 0.413420 0.800606 0.538095 0.797835 0.249957 0.911428 0.576883 0.986234 0.168893 0.028606 0.075038 0.076499 0.701195 0.646989 0.022949 0.234700
0.581489 0.323788 0.587061 0.309858 0.573131 0.307072 0.564774 0.309858 0.531342 0.298715 0.548058 0.390651 0.470051 0.360006 0.567559 0.521591 0.361399 0.421297 0.634422 0.451942 0.447763 0.485374 0.500696 0.627458 0.481195 0.621886 0.422690 0.808545 0.539700 0.800187 0.249960 0.903268 0.573131 1.000000 0.210863 0.048353 0.066639 0.087385 0.709433 0.633331 0.023077 0.230394
0.580652 0.320083 0.583410 0.303539 0.569623 0.303539 0.558594 0.306297 0.528263 0.300782 0.542049 0.383502 0.473116 0.366958 0.558594 0.496553 0.368337 0.427620 0.624770 0.441406 0.464844 0.466223 0.500689 0.626148 0.484145 0.623391 0.434513 0.808133 0.533777 0.797104 0.258043 0.888096 0.553079 0.992875 0.253558 0.057304 0.057276 0.074903 0.674888 0.711833 0.019321 0.199603
0.583710 0.321601 0.586455 0.305133 0.575477 0.305133 0.556264 0.305133 0.531563 0.302389 0.534308 0.381982 0.476671 0.368259 0.556264 0.483532 0.386099 0.434130 0.627624 0.436874 0.498628 0.456086 0.501372 0.626252 0.487649 0.623507 0.451969 0.812885 0.537052 0.796417 0.268081 0.876011 0.539797 0.991284 0.312372 0.084103 0.039708 0.074903 0.616545 0.738509 0.013982 0.170955
0.582055 0.314190 0.584767 0.300628 0.571204 0.300628 0.552217 0.303340 0.533229 0.300628 0.538654 0.387429 0.476265 0.363016 0.563067 0.498644 0.378613 0.422692 0.628168 0.438968 0.476265 0.449818 0.500678 0.626134 0.484403 0.623421 0.454565 0.805162 0.538654 0.791599 0.280962 0.856700 0.511528 0.973340 0.327895 0.146487 0.030025 0.089382 0.667387 0.739146 0.019007 0.179571
0.585747 0.317531 0.585747 0.303811 0.574771 0.301067 0.552820 0.303811 0.533613 0.301067 0.536357 0.383384 0.475991 0.366921 0.561052 0.479421 0.388186 0.435518 0.618674 0.413567 0.508918 0.454726 0.506174 0.624847 0.481479 0.624847 0.475991 0.816920 0.539101 0.792225 0.297637 0.858079 0.486966 0.976067 0.378193 0.193495 0.010031 0.098765 0.691074 0.738677 0.015728 0.155151
0.588107 0.316033 0.590926 0.301936 0.576829 0.301936 0.545816 0.301936 0.534538 0.301936 0.537357 0.386518 0.478150 0.363963 0.565552 0.488017 0.410483 0.440087 0.619120 0.414713 0.534538 0.468282 0.506344 0.626169 0.478150 0.623350 0.500705 0.815070 0.526080 0.809431 0.320262 0.871459 0.452775 0.995513 0.394090 0.199697 0.031467 0.080245 0.712876 0.660163 0.019757 0.089744
0.582218 0.322326 0.582218 0.308391 0.571070 0.305604 0.554347 0.308391 0.532051 0.305604 0.534838 0.383641 0.481884 0.366919 0.545986 0.483975 0.426143 0.442169 0.615662 0.431021 0.543199 0.464465 0.509755 0.626114 0.473523 0.623327 0.515329 0.807271 0.495819 0.810058 0.345319 0.868586 0.417782 0.991216 0.399613 0.167300 0.042603 0.048204 0.671637 0.643025 0.021307 0.028037
0.579004 0.318154 0.581728 0.304533 0.570831 0.301809 0.549037 0.307257 0.529967 0.301809 0.535416 0.386261 0.483654 0.364467 0.568107 0.500681 0.445514 0.435298 0.614420 0.432574 0.546313 0.451644 0.510897 0.625998 0.470033 0.623274 0.502724 0.803076 0.486379 0.800352 0.391029 0.955636 0.388305 0.969257 0.186483 0.196752 0.017761 0.046037 0.721327 0.606054 0.024304 0.043980
0.583342 0.315508 0.586191 0.301262 0.574794 0.301262 0.554849 0.306960 0.534904 0.301262 0.526356 0.383891 0.492164 0.366796 0.537753 0.483617 0.466521 0.449425 0.603287 0.440877 0.569095 0.446576 0.512110 0.623232 0.469370 0.626081 0.540602 0.797039 0.455124 0.825532 0.477918 0.950900 0.352549 1.000000 0.174868 0.142551 0.070647 0.005215 0.647731 0.604626 0.023603 0.074420
0.579153 0.339099 0.581748 0.326124 0.571367 0.323528 0.555796 0.320933 0.540225 0.320933 0.524654 0.378027 0.496107 0.372837 0.527249 0.442906 0.480536 0.466263 0.586938 0.401383 0.571367 0.453287 0.511678 0.624568 0.467560 0.624568 0.537630 0.788064 0.444204 0.806230 0.423442 0.923013 0.337802 0.967131 0.273643 0.145277 0.066845 0.004759 0.680744 0.597736 0.026465 0.090810
0.581358 0.318912 0.581358 0.305790 0.573485 0.303165 0.536743 0.305790 0.541991 0.303165 0.515747 0.379275 0.502624 0.371401 0.526245 0.447511 0.531494 0.447511 0.573485 0.392397 0.589232 0.431764 0.515747 0.625974 0.465882 0.623350 0.549865 0.778193 0.421266 0.793940 0.463257 0.922539 0.305790 0.954032 0.242206 0.117481 0.070185 0.035331 0.725847 0.469349 0.023412 0.151612
0.592946 0.323475 0.592946 0.309064 0.584300 0.306182 0.541069 0.309064 0.543951 0.306182 0.512249 0.378233 0.506485 0.372469 0.500721 0.447403 0.535305 0.444521 0.575654 0.383998 0.630413 0.418582 0.509367 0.626090 0.471900 0.623208 0.509367 0.822069 0.399849 0.824951 0.469018 1.000000 0.267275 1.000000 0.069605 0.093996 0.003702 0.065558 0.776104 0.463632 0.023874 0.109188
0.581582 0.323125 0.584324 0.309414 0.573355 0.306671 0.543190 0.309414 0.534964 0.301187 0.510283 0.380712 0.504799 0.369743 0.474634 0.471206 0.532221 0.449268 0.529479 0.441042 0.639169 0.405392 0.518510 0.627515 0.466407 0.622030 0.567871 0.794792 0.381398 0.794792 0.540448 0.981265 0.252512 0.962069 0.137813 0.063410 0.080729 0.097487 0.779512 0.518226 0.019215 0.236892
0.595485 0.325795 0.598400 0.308302 0.586738 0.305386 0.545920 0.305386 0.548836 0.299555 0.484693 0.378275 0.534258 0.372444 0.446791 0.483236 0.540089 0.456995 0.519680 0.454080 0.645049 0.419093 0.461369 0.623183 0.519680 0.626098 0.382649 0.824356 0.586738 0.815610 0.257279 0.996375 0.586738 1.000000 0.081747 0.108256 0.088502 0.126530 0.731426 0.588389 0.024153 0.226982
0.587462 0.323606 0.590402 0.305966 0.578642 0.305966 0.552183 0.305966 0.537484 0.300086 0.478686 0.376524 0.513965 0.373584 0.440467 0.482361 0.528664 0.450022 0.558063 0.476481 0.640381 0.417683 0.493385 0.623476 0.513965 0.626416 0.563943 0.817510 0.566883 0.826329 0.584522 1.000000 0.587462 1.000000 0.076340 0.050187 0.092093 0.082369 0.626209 0.529216 0.009360 0.028648
0.584993 0.322749 0.587899 0.308221 0.576276 0.305315 0.541407 0.305315 0.532690 0.302409 0.489103 0.377959 0.518161 0.372147 0.457140 0.488377 0.523972 0.462225 0.573370 0.476754 0.628579 0.424451 0.512349 0.627853 0.480386 0.622041 0.561747 0.828350 0.378685 0.810915 0.605333 1.000000 0.213057 0.956203 0.008755 0.113568 0.047368 0.109471 0.621416 0.589799 0.009251 0.234119
0.590197 0.318185 0.593038 0.303980 0.581675 0.301140 0.547584 0.306821 0.533380 0.301140 0.487926 0.377843 0.513494 0.372161 0.453836 0.480114 0.533380 0.451705 0.564630 0.457387 0.635651 0.423297 0.519176 0.624998 0.479404 0.624998 0.570311 0.821018 0.385655 0.809654 0.607243 1.000000 0.209522 0.920448 0.019322 0.171735 0.041193 0.106875 0.666817 0.508266 0.001808 0.230763
0.591503 0.315506 0.591503 0.300627 0.579600 0.300627 0.534965 0.303603 0.531989 0.297651 0.487353 0.377996 0.517110 0.372044 0.445693 0.482146 0.531989 0.473219 0.502232 0.476194 0.624236 0.443461 0.514135 0.627956 0.481402 0.622004 0.564722 0.833280 0.398082 0.830305 0.594479 1.000000 0.192757 0.934455 0.031726 0.229458 0.042918 0.075952 0.654502 0.552849 0.005683 0.198012
0.584765 0.320414 0.584765 0.306047 0.576144 0.303174 0.538791 0.311794 0.530170 0.306047 0.487070 0.375008 0.510057 0.375008 0.435349 0.475576 0.501437 0.461209 0.432476 0.481323 0.599131 0.455463 0.518677 0.624992 0.484196 0.624992 0.564651 0.829001 0.418109 0.840495 0.564651 1.000000 0.211226 0.903709 0.070553 0.310890 0.030520 0.061905 0.003618 0.550428 0.003658 0.165270
0.589595 0.317197 0.589595 0.302746 0.580925 0.299855 0.537572 0.308526 0.531792 0.305636 0.494220 0.375000 0.505780 0.375000 0.465318 0.467486 0.479769 0.464595 0.560694 0.455925 0.592486 0.467486 0.517341 0.623555 0.482659 0.626445 0.566474 0.831647 0.439306 0.846098 0.540462 1.000000 0.228324 0.901012 0.114507 0.356923 0.044280 0.032839 0.634807 0.581780 0.000005 0.135832
0.586109 0.314372 0.586109 0.300256 0.577639 0.300256 0.543760 0.305902 0.529644 0.300256 0.507058 0.376483 0.501412 0.373660 0.487295 0.475297 0.464710 0.461180 0.588932 0.461180 0.577639 0.475297 0.515528 0.624928 0.476002 0.624928 0.552230 0.816908 0.453417 0.833848 0.504235 1.000000 0.247320 0.870550 0.135964 0.409624 0.049281 0.002198 0.606762 0.586811 0.010786 0.094407
0.587611 0.307821 0.590437 0.293690 0.576307 0.290864 0.545219 0.299342 0.528262 0.296516 0.525436 0.381301 0.500000 0.369996 0.539566 0.500000 0.451955 0.454781 0.598916 0.508479 0.556523 0.471738 0.485869 0.624351 0.488695 0.624351 0.471738 0.827835 0.536740 0.813705 0.273907 0.878706 0.474564 1.000000 0.397815 0.181512 0.029298 0.093234 0.417116 0.612932 0.032442 0.101165
0.579516 0.314681 0.582145 0.301538 0.569002 0.298910 0.545344 0.304167 0.526943 0.296281 0.519058 0.383026 0.492771 0.367254 0.526943 0.501314 0.445456 0.456628 0.603174 0.514457 0.561116 0.482914 0.498029 0.624860 0.490143 0.624860 0.500657 0.803607 0.519058 0.803607 0.316653 0.835150 0.440199 0.963953 0.450639 0.196539 0.032290 0.054297 0.424464 0.583850 0.015067 0.046368
0.578730 0.308375 0.581701 0.293520 0.566846 0.290549 0.551991 0.299462 0.522282 0.290549 0.531195 0.388590 0.483660 0.361852 0.537137 0.522282 0.406416 0.456921 0.632206 0.534166 0.534166 0.483660 0.510398 0.632206 0.474747 0.617352 0.504456 0.855026 0.504456 0.837201 0.391561 1.000000 0.305404 0.893649 0.166537 0.454798 0.018621 0.053855 0.446279 0.651513 0.018925 0.051242
