0.511905 0.264881 0.529762 0.247024 0.494048 0.247024 0.553571 0.258929 0.464286 0.264881 0.583333 0.377976 0.416667 0.372024 0.601190 0.508929 0.380952 0.497024 0.571429 0.508929 0.458333 0.389881 0.553571 0.622024 0.446429 0.627976 0.541667 0.866071 0.482143 0.860119 0.541667 1.000000 0.500000 0.961310 0.015515 0.007010 0.023113 0.011743 0.543140 0.889487 0.000007 0.064105
0.512195 0.262195 0.530488 0.243902 0.493902 0.243902 0.554878 0.256098 0.469512 0.256098 0.585366 0.378049 0.414634 0.371951 0.603659 0.500000 0.371951 0.506098 0.597561 0.500000 0.451219 0.408537 0.554878 0.621951 0.445122 0.628049 0.548781 0.865854 0.475610 0.841463 0.542683 1.000000 0.506098 0.945122 0.000000 0.045886 0.031627 0.007451 0.547393 0.880868 0.000007 0.053123
0.511905 0.267857 0.529762 0.250000 0.494048 0.250000 0.553571 0.261905 0.470238 0.261905 0.583333 0.375000 0.416667 0.375000 0.613095 0.488095 0.363095 0.517857 0.595238 0.505952 0.446429 0.440476 0.553571 0.619048 0.446429 0.630952 0.547619 0.869048 0.470238 0.880952 0.541667 1.000000 0.511905 0.952381 0.000576 0.137867 0.031050 0.006622 0.331909 0.852416 0.000007 0.037801
0.510802 0.251562 0.523146 0.233045 0.486112 0.233045 0.547836 0.251562 0.461423 0.251562 0.591042 0.375010 0.412044 0.375010 0.634249 0.510802 0.350320 0.516974 0.603387 0.492285 0.430561 0.461423 0.554008 0.621904 0.442906 0.628077 0.554008 0.862627 0.455250 0.874971 0.535491 1.000000 0.504629 0.893489 0.024437 0.369898 0.047393 0.022725 0.770077 0.823298 0.003929 0.015902
0.501543 0.260821 0.520060 0.242304 0.483026 0.242304 0.550922 0.254648 0.464509 0.254648 0.587956 0.378096 0.415130 0.371923 0.649680 0.526233 0.353406 0.520060 0.587956 0.489198 0.415130 0.483026 0.557094 0.624990 0.439819 0.624990 0.538577 0.859540 0.452164 0.853368 0.532405 1.000000 0.489198 0.915092 0.016238 0.154832 0.014505 0.013768 0.797687 0.797687 0.003929 0.042267
0.500000 0.256410 0.519231 0.237179 0.480769 0.237179 0.544872 0.250000 0.461538 0.256410 0.589744 0.378205 0.410256 0.371795 0.653846 0.525641 0.352564 0.493590 0.576923 0.461538 0.403846 0.512821 0.557692 0.628205 0.442308 0.621795 0.538462 0.871795 0.455128 0.839744 0.532051 1.000000 0.480769 0.961538 0.015986 0.047346 0.015510 0.021885 0.851690 0.526612 0.000007 0.043780
0.498398 0.256430 0.517627 0.243611 0.479168 0.243611 0.549675 0.256430 0.459939 0.256430 0.588134 0.378215 0.415071 0.371805 0.639412 0.519229 0.363793 0.480771 0.562495 0.429493 0.395842 0.506410 0.556085 0.628195 0.440710 0.621785 0.543266 0.865355 0.472759 0.846125 0.530446 1.000000 0.479168 1.000000 0.000471 0.033383 0.023398 0.012633 0.885455 0.425230 0.004080 0.062356
0.493829 0.267046 0.512342 0.254704 0.475316 0.254704 0.543197 0.267046 0.456803 0.267046 0.586393 0.378124 0.419778 0.371953 0.623419 0.501543 0.376581 0.464517 0.543197 0.408978 0.401265 0.495372 0.549368 0.624962 0.444461 0.624962 0.537026 0.859458 0.475316 0.847116 0.537026 1.000000 0.481487 1.000000 0.016738 0.034569 0.030656 0.012972 0.865471 0.353759 0.007858 0.060666
0.490625 0.275000 0.509375 0.256250 0.471875 0.262500 0.540625 0.268750 0.453125 0.275000 0.578125 0.375000 0.421875 0.375000 0.621875 0.487500 0.384375 0.481250 0.540625 0.406250 0.409375 0.506250 0.553125 0.625000 0.446875 0.625000 0.540625 0.856250 0.471875 0.850000 0.521875 1.000000 0.478125 1.000000 0.024097 0.026131 0.014536 0.003497 0.868058 0.358000 0.000007 0.052413
0.486842 0.269737 0.506579 0.250000 0.467105 0.250000 0.539474 0.263158 0.447368 0.263158 0.578947 0.375000 0.421053 0.375000 0.631579 0.493421 0.375000 0.473684 0.539474 0.421053 0.388158 0.493421 0.552632 0.625000 0.447368 0.625000 0.546053 0.848684 0.460526 0.842105 0.519737 0.986842 0.473684 1.000000 0.050553 0.001922 0.024024 0.014115 0.845110 0.326150 0.000007 0.028627
0.490132 0.263158 0.509868 0.250000 0.470395 0.250000 0.536184 0.256579 0.450658 0.256579 0.582237 0.375000 0.417763 0.375000 0.634868 0.500000 0.378289 0.480263 0.536184 0.427632 0.384868 0.493421 0.555921 0.625000 0.444079 0.625000 0.562500 0.809211 0.457237 0.855263 0.536184 0.934211 0.470395 1.000000 0.077412 0.000000 0.044747 0.015213 0.828264 0.261784 0.000007 0.006805
0.487017 0.264690 0.506491 0.245216 0.474035 0.245216 0.538948 0.258198 0.448069 0.258198 0.577896 0.375042 0.415613 0.375042 0.649300 0.504869 0.370174 0.511360 0.545439 0.452938 0.389648 0.485395 0.558422 0.621712 0.448069 0.628204 0.558422 0.855400 0.454561 0.861891 0.525965 0.907330 0.474035 1.000000 0.177808 0.019174 0.025078 0.031748 0.807644 0.897584 0.008266 0.008839
0.487017 0.264690 0.506491 0.245216 0.474035 0.245216 0.538948 0.258198 0.448069 0.258198 0.577896 0.375042 0.415613 0.375042 0.649300 0.504869 0.370174 0.511360 0.545439 0.452938 0.389648 0.485395 0.558422 0.621712 0.448069 0.628204 0.558422 0.855400 0.461052 0.861891 0.525965 0.907330 0.474035 1.000000 0.177808 0.001033 0.025078 0.022922 0.807644 0.897584 0.008266 0.017666
0.490260 0.254870 0.509740 0.235390 0.470779 0.235390 0.542208 0.248377 0.451299 0.248377 0.587662 0.371753 0.412338 0.378247 0.665584 0.501623 0.360390 0.527597 0.568182 0.482143 0.399351 0.488636 0.555195 0.625000 0.444805 0.625000 0.555195 0.871753 0.464286 0.858766 0.535714 0.891234 0.477273 1.000000 0.250000 0.005276 0.040588 0.015179 0.734854 0.856550 0.000007 0.026464
0.493336 0.255087 0.513329 0.235094 0.473343 0.235094 0.539986 0.248423 0.453350 0.248423 0.586636 0.368380 0.406700 0.381709 0.666607 0.495002 0.360050 0.541652 0.593300 0.508330 0.413364 0.475009 0.559979 0.621623 0.446686 0.628288 0.553314 0.848210 0.466679 0.861538 0.546650 0.928181 0.486671 1.000000 0.017105 0.003494 0.024024 0.023955 0.622060 0.875558 0.008487 0.036576
0.493066 0.260786 0.513867 0.239984 0.479199 0.239984 0.541602 0.253852 0.451464 0.246918 0.583205 0.371726 0.402927 0.378659 0.652543 0.482666 0.368259 0.524268 0.604006 0.524268 0.430662 0.441063 0.562404 0.621341 0.451464 0.628274 0.548536 0.850155 0.472265 0.857088 0.534669 0.988830 0.493066 1.000000 0.012458 0.002867 0.007196 0.032273 0.452245 0.869570 0.017666 0.048126
0.498357 0.269916 0.511504 0.250195 0.478635 0.250195 0.537799 0.263342 0.452340 0.263342 0.577242 0.375097 0.412897 0.375097 0.616685 0.467131 0.386601 0.506574 0.596964 0.506574 0.445766 0.414540 0.557521 0.624903 0.452340 0.624903 0.537799 0.835265 0.472061 0.841839 0.537799 1.000000 0.485209 1.000000 0.029754 0.007668 0.004676 0.020990 0.276465 0.880971 0.012558 0.058612
0.503246 0.274427 0.516228 0.254953 0.483772 0.254953 0.542194 0.267935 0.457806 0.267935 0.581141 0.378288 0.412367 0.371796 0.594124 0.514605 0.392893 0.501623 0.581141 0.488640 0.451315 0.397762 0.555176 0.624958 0.451315 0.624958 0.535702 0.839171 0.470789 0.839171 0.535702 1.000000 0.490263 0.988472 0.028858 0.012427 0.004525 0.019732 0.882640 0.884295 0.008266 0.057716
0.506667 0.271667 0.526667 0.251667 0.486667 0.251667 0.546667 0.258333 0.466667 0.265000 0.586667 0.378333 0.413333 0.371667 0.600000 0.518333 0.386667 0.505000 0.580000 0.498333 0.460000 0.405000 0.553333 0.625000 0.446667 0.625000 0.540000 0.858333 0.473333 0.851667 0.540000 1.000000 0.500000 0.945000 0.018169 0.051309 0.024586 0.004368 0.780224 0.861423 0.000007 0.055446
0.513333 0.265000 0.526667 0.245000 0.493333 0.245000 0.553333 0.258333 0.466667 0.258333 0.586667 0.378333 0.413333 0.371667 0.600000 0.518333 0.373333 0.511667 0.593333 0.498333 0.453333 0.431667 0.553333 0.625000 0.446667 0.625000 0.546667 0.865000 0.480000 0.871667 0.540000 1.000000 0.526667 0.991667 0.000512 0.075302 0.033916 0.001116 0.927808 0.838586 0.000007 0.051595
0.506579 0.266447 0.526316 0.246711 0.486842 0.246711 0.546053 0.259868 0.460526 0.259868 0.585526 0.378289 0.414474 0.371711 0.598684 0.509868 0.368421 0.516447 0.572368 0.509868 0.434211 0.463816 0.552632 0.621711 0.447368 0.628289 0.546053 0.858553 0.467105 0.871711 0.532895 1.000000 0.526316 0.911184 0.009863 0.287080 0.033916 0.014835 0.531726 0.812833 0.000007 0.034592
0.506849 0.251712 0.520548 0.238014 0.486301 0.238014 0.547945 0.251712 0.458904 0.251712 0.589041 0.375000 0.410959 0.375000 0.630137 0.518836 0.356164 0.518836 0.589041 0.498288 0.424658 0.477740 0.554795 0.621575 0.445205 0.628425 0.541096 0.854452 0.458904 0.861301 0.534247 1.000000 0.500000 0.929795 0.009060 0.153318 0.025226 0.024053 0.736169 0.787879 0.000007 0.037405
0.498189 0.248215 0.519925 0.233724 0.483697 0.233724 0.548908 0.240969 0.454715 0.248215 0.592382 0.378636 0.411241 0.371390 0.650347 0.538040 0.346031 0.501811 0.577890 0.465583 0.411241 0.516303 0.556154 0.624987 0.440224 0.624987 0.541662 0.878583 0.447469 0.835110 0.534417 1.000000 0.476452 0.943794 0.007904 0.071981 0.028307 0.025249 0.861017 0.577979 0.004613 0.029141
0.500000 0.265845 0.514085 0.244718 0.478873 0.244718 0.549296 0.251761 0.457746 0.251761 0.584507 0.378521 0.415493 0.371479 0.640845 0.519366 0.359155 0.484155 0.570423 0.434859 0.401408 0.533451 0.556338 0.625000 0.443662 0.625000 0.542253 0.857394 0.471831 0.843310 0.528169 1.000000 0.478873 1.000000 0.001242 0.027016 0.016953 0.005625 0.899977 0.373146 0.000008 0.060115
0.494864 0.268857 0.515410 0.255160 0.481166 0.255160 0.542804 0.262009 0.453771 0.262009 0.583896 0.378436 0.412679 0.371587 0.624988 0.501712 0.378436 0.467469 0.556502 0.405831 0.392133 0.501712 0.556502 0.624988 0.446923 0.624988 0.542804 0.844146 0.481166 0.830448 0.529107 1.000000 0.481166 1.000000 0.002828 0.052568 0.015355 0.009812 0.904985 0.230307 0.004361 0.072437
0.493333 0.278333 0.506667 0.265000 0.473333 0.265000 0.540000 0.271667 0.453333 0.271667 0.580000 0.371667 0.420000 0.378333 0.613333 0.485000 0.386667 0.471667 0.553333 0.398333 0.393333 0.498333 0.553333 0.625000 0.446667 0.625000 0.540000 0.838333 0.480000 0.831667 0.526667 0.985000 0.480000 1.000000 0.008989 0.050902 0.013514 0.016623 0.898302 0.187167 0.000007 0.070770
0.490135 0.286258 0.509865 0.273105 0.476982 0.273105 0.536172 0.279682 0.457252 0.279682 0.575632 0.371755 0.417792 0.378332 0.615092 0.483558 0.391485 0.483558 0.542748 0.398062 0.398062 0.496712 0.555902 0.621668 0.450675 0.628245 0.542748 0.845275 0.476982 0.845275 0.523018 0.950502 0.483558 1.000000 0.040296 0.028131 0.006375 0.003247 0.884465 0.225563 0.008375 0.057098
0.489869 0.277108 0.503377 0.263600 0.469606 0.263600 0.537149 0.270354 0.449343 0.270354 0.577674 0.371668 0.415571 0.378423 0.624954 0.486491 0.388554 0.479737 0.537149 0.412194 0.395308 0.493246 0.557411 0.621577 0.449343 0.628332 0.543903 0.851223 0.469606 0.851223 0.537149 0.918766 0.483114 1.000000 0.013022 0.007668 0.007050 0.013897 0.847869 0.230536 0.008601 0.047561
0.488177 0.277047 0.508445 0.256779 0.474664 0.256779 0.535470 0.270291 0.447640 0.270291 0.576007 0.371633 0.420615 0.378389 0.636812 0.493244 0.380079 0.486488 0.535470 0.432439 0.386835 0.500000 0.555738 0.621611 0.447640 0.628367 0.555738 0.878344 0.467908 0.864832 0.542226 0.858075 0.488177 1.000000 0.812833 0.002538 0.025752 0.007063 0.819605 0.261784 0.004302 0.027217
0.491446 0.262187 0.511976 0.248500 0.470915 0.248500 0.539350 0.262187 0.450384 0.255343 0.580412 0.371684 0.409323 0.378527 0.648847 0.501711 0.375105 0.529085 0.559881 0.467493 0.409323 0.481180 0.559881 0.624895 0.450384 0.624895 0.566724 0.878106 0.470915 0.857575 0.546194 0.823357 0.491446 1.000000 0.894401 0.004798 0.034353 0.024555 0.771089 0.873703 0.013074 0.019413
0.492961 0.255379 0.507039 0.234260 0.471842 0.234260 0.535197 0.248339 0.450724 0.248339 0.584474 0.368010 0.408487 0.382089 0.661908 0.494720 0.366250 0.536957 0.577434 0.487681 0.408487 0.480641 0.563355 0.621431 0.443684 0.628470 0.563355 0.853733 0.464803 0.867812 0.556316 0.903009 0.492961 1.000000 0.045167 0.018803 0.026464 0.017154 0.701073 0.879918 0.008964 0.028013
0.494491 0.261262 0.509182 0.239224 0.472453 0.239224 0.538565 0.253916 0.450416 0.253916 0.582640 0.364103 0.406341 0.386140 0.648752 0.481636 0.369612 0.533056 0.597332 0.511019 0.435724 0.459598 0.560603 0.621206 0.450416 0.628551 0.560603 0.841579 0.472453 0.870963 0.545911 0.959112 0.494491 1.000000 0.039583 0.005117 0.027217 0.028391 0.497849 0.844717 0.014034 0.028858
0.501784 0.271638 0.516057 0.250229 0.480375 0.250229 0.537466 0.257366 0.451830 0.264502 0.580283 0.371546 0.409012 0.378683 0.623101 0.471455 0.380467 0.521409 0.594556 0.500000 0.444694 0.428637 0.558875 0.621317 0.451830 0.628453 0.544602 0.828270 0.473239 0.856815 0.544602 0.999541 0.494648 1.000000 0.021918 0.004220 0.005301 0.024287 0.378881 0.870082 0.013633 0.051672
0.505281 0.272910 0.519364 0.258827 0.484156 0.258827 0.540489 0.265868 0.455990 0.265868 0.582738 0.378533 0.413741 0.371492 0.589780 0.505281 0.385575 0.498240 0.561614 0.484156 0.448949 0.406699 0.554572 0.624988 0.448949 0.624988 0.533447 0.836234 0.470073 0.850317 0.540489 1.000000 0.498240 1.000000 0.043089 0.025055 0.004496 0.014173 0.722498 0.876854 0.004483 0.061480
0.507042 0.272887 0.528169 0.251761 0.485915 0.251761 0.549296 0.258803 0.464789 0.265845 0.584507 0.378521 0.415493 0.371479 0.598592 0.519366 0.387324 0.498239 0.556338 0.491197 0.457746 0.399648 0.549296 0.625000 0.450704 0.625000 0.535211 0.850352 0.471831 0.850352 0.549296 1.000000 0.514085 0.970070 0.040376 0.078246 0.025299 0.014173 0.718893 0.872173 0.000008 0.049623
0.515624 0.270855 0.529511 0.250024 0.494792 0.250024 0.557286 0.263912 0.467017 0.263912 0.585061 0.381956 0.418411 0.368068 0.598949 0.520831 0.376748 0.500000 0.557286 0.493056 0.460073 0.409731 0.550342 0.624988 0.446186 0.624988 0.543399 0.847189 0.480905 0.847189 0.543399 1.000000 0.529511 0.979120 0.009944 0.063023 0.035223 0.015058 0.718893 0.860090 0.004420 0.059281
0.508680 0.267384 0.529511 0.246552 0.494792 0.246552 0.550342 0.260440 0.467017 0.260440 0.585061 0.378484 0.418411 0.371540 0.612836 0.496528 0.362860 0.503472 0.585061 0.503472 0.446186 0.440978 0.550342 0.621516 0.446186 0.628460 0.543399 0.871492 0.467017 0.864548 0.543399 1.000000 0.508680 0.920098 0.008839 0.176819 0.036327 0.006264 0.495579 0.831686 0.004420 0.036853
0.508802 0.265868 0.529927 0.244744 0.494719 0.244744 0.551051 0.258827 0.466553 0.258827 0.586259 0.378533 0.417262 0.371492 0.614425 0.498240 0.360929 0.505281 0.586259 0.505281 0.445428 0.441907 0.551051 0.624988 0.445428 0.624988 0.544010 0.878484 0.459511 0.871442 0.544010 1.000000 0.508802 0.927774 0.008839 0.210641 0.036327 0.017054 0.495579 0.831686 0.004483 0.027009
0.509057 0.248215 0.523548 0.233724 0.487320 0.233724 0.552531 0.248215 0.465583 0.248215 0.588759 0.378636 0.414864 0.371390 0.632232 0.501811 0.349653 0.516303 0.617741 0.509057 0.429355 0.465583 0.552531 0.624987 0.443846 0.624987 0.538040 0.871338 0.443846 0.864092 0.538040 1.000000 0.494566 0.900320 0.018703 0.302568 0.027775 0.036221 0.460417 0.814994 0.004613 0.018702
0.503676 0.242647 0.525735 0.227941 0.481618 0.227941 0.547794 0.242647 0.459559 0.242647 0.591912 0.382353 0.408088 0.367647 0.650735 0.529412 0.356618 0.507353 0.584559 0.485294 0.422794 0.477941 0.555147 0.625000 0.444853 0.625000 0.540441 0.867647 0.444853 0.852941 0.540441 1.000000 0.481618 0.933824 0.019268 0.135800 0.028597 0.045167 0.808286 0.745485 0.000008 0.019268
0.501838 0.253703 0.523894 0.238999 0.487134 0.238999 0.545951 0.253703 0.465077 0.253703 0.590064 0.378690 0.413612 0.371337 0.641529 0.525733 0.362147 0.488972 0.575359 0.459563 0.413612 0.518380 0.553303 0.628663 0.443021 0.621310 0.538599 0.856579 0.450373 0.827170 0.538599 1.000000 0.472429 0.944805 0.020508 0.047635 0.025969 0.025913 0.857167 0.466025 0.004681 0.031871
0.498189 0.262706 0.519925 0.248215 0.483697 0.248215 0.548908 0.255460 0.461961 0.262706 0.585136 0.378636 0.418487 0.371390 0.621364 0.509057 0.375013 0.487320 0.556154 0.429355 0.432978 0.530794 0.548908 0.624987 0.447469 0.624987 0.541662 0.849601 0.469206 0.835110 0.541662 1.000000 0.461961 0.994513 0.010264 0.047271 0.036213 0.003411 0.867971 0.409368 0.004613 0.043077
0.505357 0.267881 0.519641 0.253597 0.483930 0.253597 0.548209 0.260739 0.462504 0.267881 0.583920 0.375013 0.419651 0.375013 0.612489 0.489287 0.391083 0.489287 0.548209 0.396439 0.398225 0.503571 0.548209 0.624987 0.448220 0.624987 0.541067 0.839251 0.476788 0.832109 0.541067 1.000000 0.469646 1.000000 0.010607 0.054993 0.034561 0.007408 0.885228 0.225563 0.004547 0.054236
0.500000 0.272887 0.521127 0.258803 0.485915 0.258803 0.549296 0.272887 0.457746 0.272887 0.577465 0.371479 0.422535 0.378521 0.612676 0.477113 0.394366 0.484155 0.535211 0.392606 0.401408 0.498239 0.549296 0.625000 0.450704 0.625000 0.542253 0.836268 0.464789 0.843310 0.535211 0.970070 0.464789 1.000000 0.006132 0.020508 0.024617 0.015713 0.866247 0.230536 0.000008 0.031114
0.494792 0.281271 0.515624 0.260440 0.480905 0.260440 0.543399 0.274327 0.453130 0.274327 0.578117 0.371540 0.425354 0.378484 0.612836 0.482641 0.397579 0.496528 0.529511 0.406259 0.397579 0.496528 0.550342 0.621516 0.446186 0.628460 0.543399 0.836773 0.460073 0.843717 0.529511 0.933986 0.460073 1.000000 0.034903 0.020508 0.024959 0.005957 0.832580 0.500000 0.004420 0.030772
0.500000 0.281250 0.513889 0.260417 0.479167 0.260417 0.541667 0.274306 0.458333 0.274306 0.576389 0.371528 0.423611 0.378472 0.618056 0.489583 0.395833 0.489583 0.527778 0.427083 0.395833 0.496528 0.548611 0.621528 0.451389 0.628472 0.548611 0.829861 0.458333 0.850694 0.541667 0.906250 0.465278 1.000000 0.028858 0.001841 0.035223 0.025279 0.800751 0.077979 0.000008 0.009944
0.494719 0.265868 0.515844 0.251785 0.480636 0.251785 0.536968 0.265868 0.452469 0.265868 0.579217 0.371492 0.417262 0.378533 0.635550 0.505281 0.382054 0.512323 0.544010 0.455990 0.410220 0.463032 0.558093 0.624988 0.445428 0.624988 0.551051 0.857359 0.452469 0.850317 0.536968 0.885525 0.466553 1.000000 0.137941 0.011974 0.016822 0.026277 0.784080 0.916659 0.004483 0.019587
0.498135 0.251893 0.513058 0.236970 0.475749 0.236970 0.535444 0.251893 0.453363 0.251893 0.587677 0.371283 0.408592 0.378745 0.654833 0.498135 0.363821 0.535444 0.557829 0.483211 0.401130 0.475749 0.557829 0.624986 0.445902 0.624986 0.557829 0.833918 0.453363 0.856304 0.550368 0.945846 0.468287 1.000000 0.021189 0.013271 0.037277 0.037600 0.703575 0.910778 0.004750 0.010264
0.501923 0.244261 0.517306 0.228878 0.478849 0.228878 0.540380 0.244261 0.448083 0.244261 0.586528 0.367323 0.409626 0.382706 0.663442 0.490386 0.355786 0.536534 0.594220 0.505769 0.417317 0.475003 0.563454 0.621140 0.440392 0.628831 0.555763 0.828807 0.455774 0.859573 0.540380 0.944178 0.478849 1.000000 0.030409 0.015377 0.017074 0.018394 0.608203 0.857167 0.004896 0.032973
0.501894 0.250029 0.517043 0.234879 0.479169 0.234879 0.539768 0.250029 0.456444 0.250029 0.585217 0.371227 0.410995 0.378802 0.653391 0.477275 0.373121 0.522725 0.600367 0.515150 0.426145 0.431826 0.554918 0.621198 0.448869 0.628773 0.539768 0.840870 0.464019 0.856020 0.532193 0.984793 0.479169 1.000000 0.005180 0.004221 0.016478 0.026676 0.484431 0.913817 0.004823 0.043107
