0.465915 0.297761 0.465915 0.279582 0.475004 0.288671 0.438646 0.297761 0.520451 0.288671 0.429557 0.379565 0.565898 0.370476 0.411378 0.479549 0.647703 0.470459 0.393199 0.570443 0.602256 0.479549 0.456825 0.624979 0.547719 0.624979 0.447736 0.806767 0.538630 0.824946 0.475004 0.979466 0.538630 1.000000 0.065750 0.014458 0.051126 0.008238 0.005583 0.655442 0.005787 0.001441
0.465284 0.291702 0.456026 0.282445 0.474541 0.282445 0.437511 0.291702 0.511572 0.282445 0.428253 0.375021 0.567118 0.375021 0.409738 0.486113 0.650437 0.467598 0.381965 0.578690 0.594891 0.467598 0.456026 0.624979 0.548603 0.624979 0.446768 0.782359 0.548603 0.810132 0.446768 0.958255 0.548603 0.995285 0.018703 0.000002 0.053926 0.023535 0.040205 0.733262 0.005894 0.018703
0.460814 0.291827 0.460814 0.272234 0.460814 0.272234 0.431425 0.282030 0.509796 0.272234 0.421629 0.379994 0.568575 0.370198 0.392240 0.497551 0.656742 0.468162 0.372647 0.585718 0.597964 0.487755 0.460814 0.624904 0.548982 0.624904 0.441222 0.811035 0.539186 0.811035 0.451018 0.997167 0.558778 0.997167 0.050121 0.050121 0.083885 0.007700 0.008375 0.630846 0.012476 0.016646
0.468192 0.301813 0.458405 0.282239 0.468192 0.282239 0.429044 0.292026 0.517127 0.282239 0.419257 0.380109 0.566062 0.370322 0.389896 0.507340 0.644358 0.468192 0.370322 0.595423 0.585636 0.497553 0.458405 0.624784 0.556275 0.624784 0.448618 0.840098 0.536701 0.830311 0.468192 1.000000 0.556275 1.000000 0.046184 0.065447 0.064960 0.017987 0.002588 0.567193 0.018702 0.015765
0.495004 0.295164 0.485012 0.285172 0.495004 0.285172 0.445044 0.295164 0.524980 0.285172 0.415068 0.375100 0.574940 0.375100 0.385092 0.504996 0.644884 0.485012 0.375100 0.594924 0.594924 0.524980 0.455036 0.624900 0.554956 0.624900 0.465028 0.804756 0.544964 0.794764 0.475020 0.984612 0.564948 0.934652 0.000000 0.063870 0.032836 0.006709 0.036969 0.465619 0.012726 0.036368
0.477084 0.293754 0.477084 0.273383 0.487269 0.273383 0.436344 0.283569 0.517824 0.283569 0.415974 0.385419 0.568749 0.365049 0.375234 0.517824 0.660414 0.477084 0.375234 0.589119 0.609489 0.538194 0.456714 0.629859 0.558564 0.619674 0.466899 0.813189 0.548379 0.782634 0.487269 1.000000 0.568749 0.915039 0.015717 0.068458 0.034903 0.007143 0.095015 0.439417 0.019464 0.037534
0.495004 0.290168 0.485012 0.280176 0.504996 0.280176 0.445044 0.280176 0.524980 0.280176 0.415068 0.380096 0.574940 0.370104 0.375100 0.509992 0.644884 0.470024 0.385092 0.569944 0.604916 0.549960 0.455036 0.629896 0.554956 0.619904 0.465028 0.819744 0.534972 0.779776 0.485012 1.000000 0.564948 0.909672 0.016646 0.111776 0.033764 0.014173 0.147584 0.341984 0.012726 0.056321
0.483494 0.299564 0.483494 0.280699 0.492926 0.280699 0.445764 0.290132 0.521223 0.280699 0.426900 0.384455 0.568384 0.365590 0.370306 0.507074 0.624978 0.469345 0.417468 0.516506 0.587249 0.525939 0.455197 0.629694 0.549519 0.620262 0.474061 0.818340 0.530655 0.761746 0.492926 1.000000 0.568384 0.893798 0.004114 0.130778 0.004839 0.018657 0.574807 0.346114 0.006005 0.073918
0.497600 0.293612 0.497600 0.284013 0.507200 0.284013 0.449603 0.284013 0.526398 0.284013 0.420805 0.380007 0.564796 0.370408 0.372808 0.504800 0.631992 0.476001 0.430404 0.514399 0.583995 0.504800 0.459202 0.629592 0.555197 0.619993 0.478401 0.811981 0.545597 0.763984 0.497600 1.000000 0.564796 0.917575 0.004524 0.060773 0.015206 0.008953 0.564307 0.508375 0.018344 0.054573
0.494796 0.276236 0.484389 0.265828 0.494796 0.265828 0.442758 0.276236 0.526019 0.265828 0.421943 0.380312 0.567650 0.369905 0.359497 0.505204 0.630095 0.484389 0.390720 0.567650 0.598873 0.526019 0.453166 0.630095 0.557242 0.619688 0.463573 0.817433 0.536427 0.775802 0.484389 1.000000 0.546834 0.952732 0.014059 0.060895 0.021917 0.028937 0.295167 0.363780 0.013255 0.059858
0.507499 0.295041 0.507499 0.275045 0.507499 0.285043 0.457509 0.285043 0.527494 0.285043 0.427514 0.375025 0.567487 0.375025 0.367526 0.504999 0.627475 0.495001 0.387522 0.574985 0.577484 0.514997 0.457509 0.624975 0.547490 0.624975 0.467506 0.824935 0.537493 0.774945 0.477504 1.000000 0.547490 0.924915 0.002072 0.042379 0.022113 0.004221 0.226225 0.526465 0.006365 0.037092
0.528055 0.288309 0.528055 0.267905 0.528055 0.267905 0.466844 0.278107 0.538257 0.278107 0.426036 0.380127 0.568863 0.369925 0.364824 0.492349 0.630075 0.492349 0.426036 0.533156 0.599469 0.522954 0.456642 0.624974 0.548459 0.624974 0.466844 0.829013 0.528055 0.798407 0.477046 1.000000 0.538257 0.961639 0.000757 0.057145 0.023681 0.011866 0.471780 0.397584 0.006496 0.053179
0.517853 0.288309 0.517853 0.267905 0.528055 0.267905 0.466844 0.278107 0.538257 0.278107 0.426036 0.369925 0.568863 0.380127 0.364824 0.492349 0.619873 0.502550 0.436238 0.512752 0.589267 0.533156 0.456642 0.624974 0.548459 0.624974 0.466844 0.808609 0.538257 0.798407 0.466844 1.000000 0.538257 0.951437 0.017665 0.018703 0.020350 0.007763 0.558998 0.375666 0.006496 0.036368
0.515625 0.291667 0.515625 0.270833 0.515625 0.270833 0.473958 0.281250 0.546875 0.281250 0.421875 0.375000 0.578125 0.375000 0.359375 0.489583 0.630208 0.510417 0.442708 0.520833 0.567708 0.531250 0.453125 0.625000 0.546875 0.625000 0.463542 0.822917 0.536458 0.812500 0.453125 1.000000 0.526042 0.979167 0.035440 0.002199 0.022846 0.021917 0.544747 0.514459 0.000009 0.034403
0.502659 0.273987 0.502659 0.263351 0.502659 0.263351 0.470751 0.263351 0.545203 0.263351 0.428208 0.369710 0.577110 0.380346 0.353756 0.486705 0.630290 0.507977 0.396300 0.550520 0.587746 0.539885 0.449480 0.624972 0.545203 0.624972 0.449480 0.816418 0.523931 0.816418 0.438844 1.000000 0.513295 0.997228 0.017666 0.016521 0.026465 0.006063 0.367563 0.420833 0.006771 0.035224
0.537433 0.290377 0.527451 0.270413 0.527451 0.270413 0.477540 0.270413 0.547415 0.280395 0.437612 0.370233 0.577361 0.380215 0.367738 0.490018 0.627271 0.509982 0.397684 0.559892 0.607307 0.539928 0.447594 0.619785 0.537433 0.629767 0.457576 0.789479 0.527451 0.799461 0.447594 0.969156 0.517469 0.979138 0.036368 0.001033 0.005978 0.031799 0.296972 0.304042 0.019076 0.037405
0.538194 0.283569 0.538194 0.273383 0.538194 0.273383 0.477084 0.273383 0.538194 0.273383 0.436344 0.375234 0.578934 0.375234 0.375234 0.477084 0.640044 0.497454 0.375234 0.548379 0.660414 0.548379 0.446529 0.619674 0.538194 0.629859 0.446529 0.803004 0.528009 0.803004 0.446529 0.986334 0.528009 0.996519 0.000003 0.018703 0.013255 0.031799 0.172021 0.026465 0.019464 0.018703
0.519984 0.290168 0.509992 0.280176 0.519984 0.280176 0.480016 0.280176 0.539968 0.280176 0.430056 0.370104 0.579936 0.380096 0.380096 0.480016 0.639888 0.500000 0.380096 0.589928 0.629896 0.529976 0.450040 0.619904 0.539968 0.629896 0.450040 0.799760 0.529976 0.809752 0.450040 0.969624 0.529976 0.999600 0.000003 0.017665 0.025410 0.032836 0.135800 0.250000 0.012726 0.017666
0.510196 0.298637 0.510196 0.278246 0.510196 0.278246 0.469413 0.288441 0.540782 0.278246 0.428631 0.370006 0.581565 0.380202 0.387848 0.482158 0.642738 0.502549 0.377653 0.573918 0.612152 0.522940 0.449022 0.624896 0.540782 0.624896 0.449022 0.788025 0.530587 0.818612 0.438826 0.961351 0.530587 1.000000 0.018703 0.016738 0.025411 0.035831 0.075794 0.460417 0.012985 0.016738
0.475020 0.300160 0.475020 0.280176 0.485012 0.280176 0.455036 0.290168 0.524980 0.280176 0.435052 0.370104 0.574940 0.380096 0.395084 0.480016 0.644884 0.500000 0.375100 0.569944 0.624900 0.539968 0.445044 0.619904 0.544964 0.629896 0.435052 0.819744 0.524980 0.829736 0.435052 0.999600 0.524980 1.000000 0.015902 0.031725 0.028628 0.006290 0.041413 0.315675 0.012726 0.015823
0.461743 0.293410 0.461743 0.283208 0.471945 0.283208 0.441339 0.283208 0.512752 0.283208 0.431137 0.375026 0.573964 0.375026 0.400531 0.477046 0.635176 0.487248 0.369925 0.579065 0.665782 0.538257 0.451541 0.619873 0.543358 0.630075 0.431137 0.793306 0.522954 0.813710 0.441339 0.976941 0.512752 1.000000 0.054943 0.019321 0.063742 0.002795 0.000004 0.013074 0.006496 0.002056
0.460946 0.302126 0.460946 0.281297 0.460946 0.281297 0.440117 0.291712 0.513018 0.281297 0.429703 0.375027 0.575504 0.375027 0.398460 0.489586 0.648405 0.489586 0.377631 0.593730 0.617162 0.510414 0.450532 0.624973 0.544261 0.624973 0.440117 0.802018 0.523432 0.812432 0.440117 0.979063 0.523432 0.999892 0.018703 0.035224 0.045167 0.004361 0.021918 0.493228 0.006630 0.016521
0.440117 0.302126 0.440117 0.281297 0.450532 0.281297 0.440117 0.281297 0.513018 0.281297 0.429703 0.375027 0.575504 0.375027 0.388045 0.489586 0.648405 0.479171 0.367216 0.572901 0.627576 0.531243 0.450532 0.624973 0.544261 0.624973 0.440117 0.812432 0.523432 0.812432 0.450532 0.999892 0.523432 0.989477 0.035331 0.035224 0.044130 0.004361 0.033038 0.315519 0.006630 0.017558
0.438844 0.305895 0.438844 0.284623 0.449480 0.284623 0.438844 0.284623 0.513295 0.284623 0.428208 0.380346 0.577110 0.369710 0.385664 0.497341 0.640926 0.486705 0.364392 0.593064 0.619654 0.529249 0.449480 0.624972 0.545203 0.624972 0.438844 0.816418 0.523931 0.816418 0.438844 1.000000 0.523931 1.000000 0.017665 0.035224 0.045275 0.004361 0.041413 0.306531 0.006771 0.017558
0.444162 0.305895 0.444162 0.284623 0.454797 0.284623 0.433526 0.284623 0.507977 0.284623 0.422890 0.380346 0.571792 0.369710 0.401618 0.497341 0.646244 0.476069 0.380346 0.582428 0.656879 0.518613 0.454797 0.624972 0.550520 0.624972 0.444162 0.827054 0.529249 0.805782 0.444162 1.000000 0.529249 0.975956 0.016738 0.037277 0.058023 0.010812 0.020730 0.116421 0.006771 0.020539
0.455599 0.291872 0.455599 0.269672 0.455599 0.269672 0.433399 0.280772 0.511100 0.269672 0.422299 0.380673 0.566601 0.369573 0.388998 0.502775 0.655402 0.469475 0.377898 0.591576 0.677602 0.502775 0.455599 0.624877 0.555501 0.624877 0.444499 0.813579 0.522200 0.791379 0.444499 0.991182 0.544401 0.935681 0.018703 0.111423 0.061842 0.049002 0.045167 0.044130 0.014138 0.044130
0.472250 0.286322 0.472250 0.275222 0.472250 0.275222 0.438949 0.286322 0.516650 0.275222 0.416749 0.386223 0.572151 0.364023 0.372348 0.508325 0.660952 0.486125 0.372348 0.574926 0.627652 0.541626 0.450049 0.630427 0.561051 0.619327 0.461149 0.808029 0.538851 0.796929 0.461149 0.985632 0.549951 0.941231 0.019869 0.064021 0.023271 0.025753 0.111017 0.372173 0.014138 0.059452
0.470116 0.293527 0.459249 0.271793 0.470116 0.271793 0.437515 0.282660 0.513584 0.271793 0.415781 0.380463 0.578786 0.369596 0.361446 0.510867 0.654855 0.478266 0.394047 0.565202 0.611387 0.554335 0.448382 0.630404 0.557052 0.619537 0.459249 0.815143 0.535318 0.793409 0.459249 0.989015 0.546185 0.934680 0.018703 0.064021 0.022583 0.011973 0.297687 0.359649 0.006919 0.058286
0.487248 0.293410 0.477046 0.273006 0.487248 0.273006 0.446440 0.283208 0.528055 0.273006 0.426036 0.375026 0.568863 0.375026 0.364824 0.497450 0.650479 0.477046 0.395430 0.558661 0.599469 0.517853 0.456642 0.630075 0.548459 0.619873 0.466844 0.823912 0.538257 0.762700 0.466844 1.000000 0.538257 0.885124 0.016738 0.022698 0.021278 0.003765 0.295167 0.500000 0.006496 0.039436
0.497450 0.298511 0.487248 0.278107 0.497450 0.278107 0.446440 0.288309 0.528055 0.278107 0.426036 0.380127 0.568863 0.369925 0.364824 0.502550 0.630075 0.482147 0.385228 0.573964 0.589267 0.533156 0.456642 0.624974 0.548459 0.624974 0.466844 0.829013 0.538257 0.788205 0.477046 1.000000 0.538257 0.941235 0.000757 0.019869 0.023681 0.005542 0.236169 0.373724 0.006496 0.035771
0.517853 0.288309 0.507651 0.267905 0.517853 0.278107 0.456642 0.278107 0.528055 0.278107 0.426036 0.380127 0.568863 0.369925 0.364824 0.502550 0.619873 0.471945 0.385228 0.594368 0.599469 0.533156 0.456642 0.624974 0.548459 0.624974 0.466844 0.829013 0.538257 0.778003 0.466844 1.000000 0.538257 0.941235 0.015902 0.021189 0.023681 0.004221 0.217188 0.250000 0.006496 0.037092
0.507651 0.288309 0.507651 0.267905 0.517853 0.278107 0.456642 0.278107 0.528055 0.278107 0.426036 0.380127 0.568863 0.369925 0.364824 0.502550 0.619873 0.482147 0.395430 0.594368 0.630075 0.533156 0.456642 0.624974 0.548459 0.624974 0.466844 0.829013 0.538257 0.798407 0.466844 1.000000 0.528055 0.971841 0.015902 0.000003 0.023681 0.006709 0.250000 0.072967 0.006496 0.034605
0.518225 0.291712 0.507811 0.270883 0.518225 0.270883 0.466153 0.281297 0.539054 0.281297 0.424496 0.375027 0.570297 0.375027 0.362009 0.500000 0.622369 0.489586 0.382838 0.593730 0.632784 0.552072 0.455739 0.624973 0.549468 0.624973 0.466153 0.833261 0.539054 0.802018 0.466153 1.000000 0.528640 0.979063 0.015902 0.000003 0.023681 0.007763 0.217188 0.083231 0.006630 0.034605
0.518613 0.295259 0.507977 0.273987 0.518613 0.273987 0.465433 0.284623 0.529249 0.273987 0.422890 0.380346 0.571792 0.369710 0.359074 0.497341 0.614336 0.486705 0.390982 0.571792 0.635608 0.539885 0.454797 0.624972 0.550520 0.624972 0.465433 0.816418 0.539885 0.805782 0.454797 1.000000 0.529249 0.965320 0.035331 0.002487 0.023620 0.007763 0.287828 0.010101 0.006771 0.036368
0.510417 0.281250 0.510417 0.270833 0.510417 0.270833 0.468750 0.270833 0.541667 0.270833 0.427083 0.375000 0.572917 0.375000 0.364583 0.489583 0.625000 0.489583 0.395833 0.552083 0.645833 0.541667 0.447917 0.625000 0.552083 0.625000 0.468750 0.802083 0.541667 0.802083 0.458333 0.979167 0.531250 0.968750 0.055980 0.001166 0.010812 0.007763 0.306531 0.014680 0.000009 0.055980
0.516667 0.291667 0.516667 0.269444 0.516667 0.269444 0.461111 0.269444 0.538889 0.269444 0.416667 0.369444 0.583333 0.380556 0.361111 0.491667 0.627778 0.502778 0.394444 0.558333 0.627778 0.558333 0.450000 0.625000 0.550000 0.625000 0.461111 0.791667 0.538889 0.802778 0.450000 0.902778 0.527778 0.980556 0.052915 0.000003 0.020096 0.023271 0.283383 0.111017 0.000009 0.041058
0.513295 0.279305 0.502659 0.268669 0.513295 0.268669 0.460115 0.268669 0.534567 0.268669 0.428208 0.375028 0.577110 0.375028 0.353756 0.481387 0.630290 0.492023 0.375028 0.555838 0.630290 0.555838 0.449480 0.619654 0.545203 0.630290 0.449480 0.789828 0.534567 0.800464 0.438844 0.960002 0.523931 0.991910 0.019869 0.002199 0.027610 0.019715 0.282986 0.135800 0.006771 0.019869
0.513584 0.288094 0.502717 0.266360 0.513584 0.266360 0.459249 0.277227 0.535318 0.277227 0.426648 0.375030 0.578786 0.375030 0.361446 0.483700 0.633121 0.494567 0.372313 0.570635 0.633121 0.538034 0.448382 0.624970 0.546185 0.624970 0.459249 0.787975 0.535318 0.809709 0.426648 0.929246 0.535318 0.983581 0.093382 0.018703 0.006420 0.022583 0.211604 0.135800 0.006919 0.039892
0.502717 0.288094 0.502717 0.266360 0.502717 0.266360 0.459249 0.277227 0.524451 0.266360 0.426648 0.375030 0.578786 0.375030 0.372313 0.483700 0.633121 0.483700 0.372313 0.581502 0.665722 0.548901 0.448382 0.624970 0.546185 0.624970 0.448382 0.755374 0.546185 0.798842 0.437515 0.885778 0.535318 0.972714 0.026465 0.019869 0.027610 0.041286 0.147584 0.000005 0.006919 0.000003
0.508150 0.282660 0.497283 0.271793 0.508150 0.271793 0.442948 0.282660 0.519017 0.271793 0.421214 0.380463 0.573352 0.369596 0.366879 0.500000 0.638554 0.489133 0.356012 0.586936 0.616820 0.543468 0.453815 0.619537 0.551618 0.630404 0.442948 0.760808 0.540751 0.793409 0.464682 0.902079 0.540751 0.978148 0.073027 0.021189 0.067577 0.005275 0.096216 0.280066 0.006919 0.003249
0.476069 0.289941 0.465433 0.268669 0.476069 0.279305 0.444162 0.279305 0.507977 0.268669 0.422890 0.375028 0.571792 0.375028 0.380346 0.502659 0.646244 0.492023 0.369710 0.598382 0.593064 0.534567 0.454797 0.630290 0.550520 0.619654 0.465433 0.789828 0.539885 0.800464 0.454797 0.960002 0.539885 0.981274 0.041058 0.018703 0.018394 0.008907 0.067193 0.465619 0.006771 0.039892
0.462800 0.290084 0.462800 0.279455 0.473428 0.279455 0.430914 0.279455 0.505314 0.279455 0.420285 0.375113 0.569086 0.375113 0.388399 0.502657 0.654116 0.481400 0.367142 0.608944 0.600972 0.523915 0.462800 0.630201 0.547829 0.619573 0.462800 0.789631 0.537200 0.800260 0.462800 0.949062 0.526572 0.980948 0.000003 0.000003 0.052568 0.008907 0.015146 0.500000 0.013537 0.018703
0.468777 0.302255 0.458369 0.281440 0.468777 0.281440 0.437554 0.291847 0.510408 0.281440 0.427147 0.385516 0.562446 0.364701 0.395924 0.500000 0.645707 0.468777 0.375108 0.583261 0.645707 0.541631 0.458369 0.624892 0.552038 0.624892 0.468777 0.781006 0.541631 0.822637 0.468777 0.947528 0.541631 1.000000 0.021189 0.016738 0.020096 0.004014 0.006771 0.214777 0.013255 0.037927
0.453287 0.302767 0.453287 0.282006 0.463668 0.282006 0.432526 0.292386 0.505190 0.282006 0.422145 0.385812 0.557094 0.365051 0.391003 0.500000 0.640139 0.468858 0.370241 0.593426 0.608997 0.520761 0.463668 0.624568 0.557094 0.624568 0.474048 0.801040 0.546713 0.821801 0.484429 0.956750 0.546713 1.000000 0.002487 0.016738 0.036108 0.016738 0.015146 0.386798 0.026465 0.035440
0.466328 0.292788 0.466328 0.272067 0.476689 0.272067 0.424886 0.282427 0.507770 0.272067 0.414525 0.386033 0.559574 0.365312 0.393804 0.510361 0.642458 0.468918 0.362722 0.603606 0.621737 0.520721 0.466328 0.624327 0.559574 0.624327 0.476689 0.810818 0.549213 0.800458 0.487049 0.976588 0.549213 0.966227 0.002199 0.018703 0.050472 0.018702 0.049848 0.335896 0.033038 0.036368
0.467008 0.304586 0.456857 0.284283 0.467008 0.284283 0.426403 0.294435 0.507614 0.284283 0.416251 0.385797 0.558370 0.365494 0.385797 0.517765 0.639581 0.477159 0.365494 0.619279 0.619279 0.558370 0.467008 0.629430 0.558370 0.619279 0.487311 0.802003 0.548219 0.791852 0.497462 0.964425 0.548219 0.933971 0.017408 0.018703 0.028103 0.018702 0.009359 0.278131 0.032368 0.055980
0.464110 0.287419 0.453067 0.265333 0.464110 0.276376 0.419937 0.276376 0.497239 0.265333 0.408894 0.386808 0.563498 0.364721 0.375765 0.519325 0.640800 0.475153 0.364721 0.607671 0.618714 0.541412 0.464110 0.629757 0.563498 0.618714 0.486196 0.806448 0.563498 0.784361 0.508282 0.972095 0.574541 0.927922 0.002609 0.024437 0.031551 0.000002 0.038396 0.296816 0.035223 0.039583
0.468342 0.291585 0.468342 0.281032 0.478895 0.281032 0.426131 0.291585 0.500000 0.281032 0.415579 0.386559 0.552763 0.365454 0.373368 0.523743 0.637185 0.470980 0.383921 0.576507 0.605527 0.555401 0.468342 0.629270 0.563316 0.618717 0.489447 0.808665 0.563316 0.777007 0.510553 0.998613 0.584421 0.914192 0.002056 0.048590 0.030861 0.013256 0.157848 0.328977 0.040417 0.037277
0.478895 0.281032 0.478895 0.259927 0.489447 0.270480 0.426131 0.281032 0.500000 0.270480 0.415579 0.386559 0.552763 0.365454 0.373368 0.513191 0.626632 0.470980 0.415579 0.534296 0.605527 0.534296 0.468342 0.629270 0.563316 0.618717 0.489447 0.819218 0.552763 0.787560 0.510553 1.000000 0.573869 0.935297 0.000137 0.065036 0.032914 0.033124 0.454833 0.296816 0.040417 0.055092
0.494700 0.285350 0.484100 0.274750 0.505300 0.274750 0.441700 0.285350 0.515900 0.274750 0.420500 0.380750 0.558300 0.370150 0.367500 0.507950 0.611300 0.486750 0.399300 0.571550 0.600700 0.539750 0.462900 0.624550 0.558300 0.624550 0.484100 0.804749 0.558300 0.783549 0.505300 0.984949 0.579500 0.942549 0.000003 0.042192 0.017534 0.000002 0.273250 0.198633 0.027025 0.037277
