0.589355 0.288568 0.589355 0.275983 0.576770 0.273466 0.549082 0.283534 0.533980 0.281017 0.511327 0.376665 0.508810 0.374148 0.463503 0.484898 0.501259 0.500000 0.518878 0.512585 0.606975 0.472312 0.491190 0.623335 0.488673 0.625852 0.468537 0.824699 0.471054 0.829733 0.418196 1.000000 0.415679 1.000000 0.048362 0.061145 0.009734 0.002028 0.484854 0.600611 0.025666 0.008220
0.590945 0.291073 0.588487 0.276326 0.578655 0.276326 0.541785 0.291073 0.536869 0.288615 0.519664 0.377102 0.509832 0.374644 0.495084 0.497542 0.509832 0.500000 0.558991 0.507374 0.613066 0.463131 0.490168 0.622898 0.480336 0.625356 0.470504 0.817077 0.470504 0.819535 0.418887 0.996508 0.406598 1.000000 0.057037 0.087552 0.005891 0.021174 0.515491 0.609188 0.037643 0.016022
0.595203 0.291667 0.595203 0.279303 0.582839 0.276830 0.553165 0.289194 0.540801 0.286721 0.508655 0.375742 0.518546 0.375742 0.439417 0.464763 0.518546 0.499382 0.488872 0.506800 0.617458 0.462290 0.483927 0.623022 0.488872 0.625494 0.474036 0.818372 0.478981 0.823318 0.412216 0.998886 0.412216 1.000000 0.088922 0.094092 0.015623 0.021740 0.486169 0.614200 0.034702 0.000216
0.595447 0.292992 0.595447 0.280596 0.583051 0.278117 0.553302 0.290513 0.543385 0.285554 0.511156 0.377283 0.521073 0.374803 0.449178 0.471490 0.521073 0.498760 0.493802 0.508677 0.620238 0.459094 0.481406 0.622717 0.486365 0.625197 0.476448 0.818569 0.483886 0.821048 0.407032 0.997067 0.404553 1.000000 0.110002 0.122825 0.030339 0.039814 0.464084 0.621119 0.041150 0.004030
0.597109 0.290936 0.597109 0.278566 0.584739 0.278566 0.552575 0.288462 0.545153 0.285988 0.515463 0.377531 0.520412 0.375057 0.470929 0.478970 0.525360 0.498763 0.515463 0.501237 0.621851 0.459177 0.480826 0.622469 0.483300 0.624943 0.480826 0.815451 0.488248 0.817925 0.404128 0.991114 0.401653 1.000000 0.131039 0.147143 0.044717 0.055091 0.484098 0.611198 0.045836 0.008160
0.593688 0.295207 0.593688 0.280793 0.581677 0.280793 0.550448 0.292805 0.540838 0.292805 0.531229 0.376884 0.512011 0.376884 0.526425 0.494595 0.519218 0.494595 0.605700 0.477779 0.617711 0.456159 0.485586 0.621915 0.471173 0.624317 0.478380 0.806889 0.485586 0.809291 0.401507 0.967841 0.396703 0.979852 0.129436 0.177671 0.046226 0.076821 0.579519 0.598969 0.055334 0.037149
0.598101 0.294169 0.598101 0.282132 0.586064 0.282132 0.552361 0.291761 0.545138 0.291761 0.530694 0.376020 0.516250 0.378427 0.513842 0.491574 0.518657 0.493982 0.578842 0.491574 0.617360 0.460278 0.482546 0.621573 0.470510 0.623980 0.480139 0.806941 0.492176 0.809349 0.400696 0.965828 0.395881 0.977865 0.143450 0.202286 0.057498 0.095658 0.546095 0.598109 0.060128 0.041171
0.600322 0.295751 0.600322 0.281333 0.588308 0.281333 0.554667 0.290945 0.547458 0.290945 0.533040 0.377451 0.516220 0.377451 0.530637 0.492791 0.516220 0.495194 0.614740 0.466359 0.614740 0.463956 0.480176 0.620147 0.470564 0.624952 0.482579 0.807575 0.494593 0.809978 0.396073 0.963766 0.393670 0.970974 0.165079 0.219343 0.072349 0.099174 0.603559 0.597736 0.063133 0.037028
0.603927 0.298154 0.603927 0.283736 0.589509 0.283736 0.565480 0.290945 0.551062 0.290945 0.529436 0.377451 0.519824 0.377451 0.539048 0.485582 0.517421 0.500000 0.618344 0.468762 0.613538 0.475971 0.474169 0.620147 0.476571 0.624952 0.478974 0.802769 0.515018 0.805172 0.392469 0.963766 0.399678 0.963766 0.165318 0.267055 0.079646 0.121974 0.538314 0.584220 0.063133 0.058529
0.611477 0.297645 0.611477 0.285527 0.599360 0.283104 0.572703 0.292798 0.558162 0.292798 0.519387 0.375194 0.531504 0.380041 0.453955 0.464860 0.514540 0.501212 0.487883 0.493941 0.616324 0.481824 0.463649 0.619959 0.485459 0.624806 0.475766 0.801716 0.531504 0.806562 0.393370 0.971355 0.415180 0.961661 0.165114 0.283810 0.092460 0.138165 0.475100 0.604188 0.065254 0.057788
0.613136 0.299604 0.613136 0.285161 0.601101 0.285161 0.574622 0.292383 0.560179 0.294790 0.524072 0.376633 0.528886 0.379040 0.480743 0.484955 0.507221 0.499398 0.526479 0.501805 0.613136 0.487362 0.463893 0.619756 0.483150 0.624570 0.471114 0.802700 0.538515 0.802700 0.386864 0.966387 0.427785 0.954351 0.163865 0.296673 0.089796 0.154542 0.508759 0.592706 0.067942 0.083363
0.612657 0.302850 0.610260 0.288468 0.600672 0.288468 0.559924 0.295659 0.557527 0.298056 0.531160 0.377156 0.526367 0.379553 0.492809 0.504195 0.495206 0.499401 0.576703 0.523370 0.607863 0.499401 0.466443 0.619249 0.476030 0.624043 0.473633 0.808608 0.538351 0.801417 0.377755 0.964411 0.428091 0.952426 0.187679 0.308302 0.095230 0.172181 0.521797 0.580968 0.073908 0.095468
0.610777 0.301324 0.608369 0.286875 0.598736 0.286875 0.562613 0.294100 0.555388 0.296508 0.536123 0.378386 0.521674 0.378386 0.507225 0.506020 0.485551 0.496388 0.586695 0.527694 0.596328 0.506020 0.468693 0.619205 0.473510 0.624022 0.468693 0.811861 0.545756 0.795003 0.362733 0.963577 0.434979 0.951536 0.194061 0.323292 0.086901 0.188886 0.486125 0.566949 0.074261 0.127254
0.610526 0.302976 0.610526 0.288559 0.598512 0.288559 0.562471 0.295767 0.555263 0.295767 0.538444 0.379863 0.521625 0.377460 0.504805 0.504805 0.475973 0.497597 0.552860 0.555263 0.579290 0.521625 0.466362 0.620137 0.473570 0.622540 0.466362 0.809953 0.552860 0.788328 0.353433 0.958923 0.451945 0.946909 0.206469 0.322395 0.092774 0.203632 0.325952 0.542861 0.077237 0.142000
0.611835 0.302957 0.611835 0.291123 0.600001 0.288756 0.571598 0.295857 0.559764 0.298224 0.533728 0.381064 0.526627 0.376331 0.510059 0.499408 0.474556 0.492308 0.569231 0.532545 0.571598 0.532545 0.462722 0.620119 0.476923 0.622486 0.460355 0.800002 0.569231 0.778700 0.349111 0.949115 0.474556 0.942015 0.199835 0.337114 0.087717 0.233306 0.400339 0.509214 0.077614 0.174073
0.613211 0.306008 0.613211 0.291856 0.603777 0.291856 0.575474 0.298932 0.561323 0.301291 0.535379 0.381482 0.528303 0.376765 0.509434 0.504128 0.474056 0.492335 0.568399 0.546582 0.568399 0.544223 0.459904 0.619697 0.476414 0.622056 0.459904 0.798949 0.580191 0.773004 0.344334 0.942821 0.490566 0.938104 0.215412 0.350023 0.097666 0.258071 0.367724 0.479633 0.081985 0.191714
0.612485 0.308598 0.612485 0.294464 0.603063 0.294464 0.574794 0.299175 0.560660 0.301531 0.537103 0.381625 0.527680 0.376914 0.515901 0.506478 0.459364 0.487633 0.584217 0.534747 0.551237 0.546525 0.459364 0.619552 0.475854 0.621908 0.454652 0.800943 0.588928 0.763251 0.332155 0.939930 0.506478 0.937574 0.221687 0.355404 0.092256 0.281133 0.428656 0.494525 0.083435 0.223043
0.614477 0.307444 0.614477 0.293354 0.602736 0.291006 0.572209 0.300399 0.560467 0.300399 0.546378 0.382588 0.525244 0.377891 0.529940 0.509393 0.445403 0.476518 0.602736 0.521134 0.527592 0.546965 0.452448 0.619761 0.475930 0.619761 0.450100 0.798227 0.595691 0.753611 0.323294 0.929729 0.520547 0.929729 0.240025 0.360703 0.115843 0.296355 0.490132 0.491054 0.092487 0.236522
0.616789 0.304957 0.616789 0.293100 0.604932 0.290729 0.581219 0.297843 0.559877 0.300214 0.538534 0.383211 0.529049 0.376097 0.533792 0.513635 0.438938 0.466208 0.628646 0.511264 0.510078 0.544463 0.453166 0.620346 0.479251 0.620346 0.438938 0.800568 0.600189 0.753141 0.313256 0.935735 0.533792 0.938106 0.213352 0.344841 0.084916 0.299157 0.519526 0.484854 0.087134 0.260214
0.616895 0.304576 0.616895 0.290189 0.604905 0.290189 0.580927 0.297383 0.564142 0.297383 0.542562 0.386103 0.528175 0.374113 0.537766 0.515586 0.427465 0.453242 0.633680 0.501199 0.494605 0.544360 0.451444 0.618693 0.477820 0.621091 0.427465 0.803327 0.602508 0.752972 0.300380 0.942402 0.547357 0.942402 0.194563 0.331257 0.077741 0.305098 0.559177 0.490151 0.091311 0.282187
0.615908 0.302416 0.615908 0.290405 0.603897 0.290405 0.582277 0.297612 0.560656 0.300014 0.546243 0.388897 0.527025 0.372081 0.541439 0.523422 0.416522 0.444148 0.637528 0.489790 0.476578 0.540237 0.450154 0.619511 0.476578 0.619511 0.414120 0.802081 0.603897 0.754037 0.284399 0.943813 0.560656 0.946215 0.173898 0.311688 0.063639 0.305262 0.618530 0.493856 0.094678 0.303268
0.615823 0.299942 0.618300 0.285077 0.603435 0.285077 0.583615 0.292510 0.558841 0.294987 0.553886 0.389132 0.519201 0.371790 0.558841 0.510529 0.405236 0.438682 0.630688 0.490709 0.457263 0.535304 0.452308 0.619539 0.474606 0.619539 0.397803 0.812784 0.605913 0.765711 0.264019 0.958956 0.571228 0.966388 0.148418 0.287442 0.044664 0.289653 0.572694 0.488276 0.094435 0.320470
0.613207 0.294113 0.613207 0.281673 0.600766 0.281673 0.573398 0.289137 0.555981 0.289137 0.553493 0.391148 0.516172 0.368755 0.578374 0.505598 0.391770 0.425980 0.640575 0.485694 0.441531 0.532967 0.451483 0.620049 0.478852 0.620049 0.389282 0.809141 0.605742 0.769332 0.249950 0.958424 0.578374 0.973352 0.137870 0.266694 0.032287 0.271178 0.530444 0.501342 0.089891 0.325406
0.612134 0.297296 0.612134 0.282509 0.597347 0.282509 0.577631 0.292367 0.552987 0.292367 0.555451 0.390946 0.513555 0.368766 0.570238 0.501848 0.385401 0.422985 0.629386 0.494455 0.432227 0.528958 0.454407 0.620144 0.476587 0.620144 0.380472 0.807445 0.602276 0.775407 0.239996 0.952850 0.580096 0.977495 0.124840 0.251414 0.012499 0.263094 0.497391 0.505037 0.089017 0.336289
0.613112 0.292627 0.613112 0.280059 0.600544 0.277545 0.575408 0.287600 0.552786 0.285086 0.560327 0.390658 0.505027 0.368035 0.600544 0.506284 0.379347 0.413280 0.658357 0.443444 0.422078 0.523879 0.454755 0.621910 0.479891 0.619397 0.371806 0.812945 0.598031 0.785295 0.226016 0.961248 0.587976 0.993924 0.116885 0.212303 0.005926 0.228700 0.656705 0.507366 0.084189 0.327369
0.605816 0.295215 0.605816 0.282767 0.593367 0.280277 0.565979 0.290236 0.548551 0.290236 0.556020 0.389827 0.503735 0.367419 0.588387 0.496888 0.379246 0.409745 0.653122 0.449582 0.419082 0.521786 0.458919 0.621377 0.481327 0.621377 0.366797 0.808110 0.588387 0.790682 0.224879 0.950028 0.580918 0.997334 0.104119 0.190985 0.019487 0.207499 0.607427 0.504417 0.076826 0.325367
0.605079 0.292344 0.605079 0.279835 0.590068 0.277333 0.567551 0.287340 0.547536 0.287340 0.560045 0.392419 0.500000 0.364899 0.612584 0.502502 0.374906 0.404929 0.650113 0.429947 0.419940 0.512509 0.459970 0.622592 0.479985 0.620090 0.367401 0.807731 0.585064 0.792720 0.219790 0.940330 0.572554 1.000000 0.119452 0.192973 0.017036 0.198963 0.706313 0.527610 0.077207 0.321632
0.602091 0.296430 0.602091 0.281758 0.587419 0.281758 0.565411 0.291539 0.548294 0.291539 0.555630 0.389351 0.501834 0.367343 0.604536 0.492053 0.377124 0.408913 0.643661 0.428475 0.423585 0.511615 0.460264 0.621653 0.482272 0.621653 0.369788 0.805050 0.577638 0.795268 0.223071 0.927314 0.560521 0.998227 0.132976 0.186670 0.021884 0.184325 0.682940 0.532812 0.073826 0.305769
0.599326 0.293945 0.599326 0.279138 0.584520 0.279138 0.562310 0.289009 0.547504 0.289009 0.554907 0.385251 0.498149 0.370444 0.559842 0.474089 0.374763 0.409928 0.574649 0.488895 0.424117 0.511105 0.471004 0.622153 0.475940 0.622153 0.379698 0.807232 0.567246 0.804765 0.221763 0.923216 0.545036 1.000000 0.152493 0.182381 0.037534 0.175597 0.232334 0.545882 0.068071 0.293465
0.597193 0.292530 0.597193 0.277577 0.584732 0.277577 0.564795 0.287546 0.542366 0.285054 0.557319 0.387231 0.490031 0.367294 0.587225 0.501869 0.367917 0.412152 0.639559 0.439566 0.427728 0.514330 0.477571 0.623984 0.475079 0.621491 0.385362 0.813385 0.562303 0.808401 0.218389 0.923039 0.529906 1.000000 0.170820 0.188437 0.040795 0.157685 0.696383 0.556514 0.060655 0.283198
0.598772 0.290653 0.598772 0.275744 0.583863 0.275744 0.568954 0.285684 0.541621 0.285684 0.556530 0.385077 0.494409 0.370168 0.573924 0.504348 0.370168 0.414895 0.633559 0.444713 0.434773 0.521742 0.477015 0.623620 0.472046 0.621135 0.397501 0.817437 0.561499 0.805012 0.223563 0.911860 0.516773 1.000000 0.217768 0.212906 0.021507 0.172413 0.703905 0.563114 0.065315 0.268047
0.597865 0.290813 0.602759 0.276133 0.585632 0.276133 0.575846 0.288366 0.539146 0.285920 0.553826 0.383785 0.497553 0.371552 0.563612 0.503670 0.380115 0.425378 0.634565 0.444951 0.446174 0.523243 0.475534 0.623555 0.473087 0.621108 0.409475 0.816839 0.558719 0.802159 0.235764 0.895131 0.502447 0.995443 0.260387 0.230807 0.004366 0.171735 0.694132 0.552199 0.065888 0.245455
0.600281 0.290210 0.602742 0.277906 0.587976 0.275445 0.570750 0.285289 0.541220 0.285289 0.551063 0.383724 0.499385 0.371419 0.553524 0.514150 0.388645 0.437863 0.629811 0.464933 0.457550 0.526454 0.477237 0.622429 0.472315 0.622429 0.425559 0.821759 0.553524 0.806994 0.248375 0.888203 0.487080 0.996482 0.305053 0.239293 0.014730 0.166137 0.676376 0.538396 0.064676 0.212689
0.604031 0.284463 0.606523 0.269512 0.589080 0.269512 0.571638 0.279479 0.541737 0.281971 0.554196 0.381641 0.499377 0.374166 0.539245 0.513705 0.392231 0.453902 0.628949 0.471345 0.471968 0.531147 0.481935 0.623342 0.464492 0.620850 0.437083 0.835142 0.546721 0.812716 0.267643 0.882485 0.462001 0.994614 0.346847 0.267625 0.026047 0.173598 0.676314 0.551407 0.068744 0.195307
0.601680 0.285481 0.599200 0.270601 0.586800 0.273081 0.564480 0.280521 0.542160 0.283001 0.544640 0.379720 0.502480 0.374760 0.524800 0.508680 0.408240 0.466520 0.614080 0.496280 0.495040 0.535960 0.482640 0.622760 0.470240 0.622760 0.472720 0.828599 0.539680 0.813719 0.284241 0.873239 0.452880 0.992279 0.410646 0.255044 0.064177 0.152167 0.592519 0.539467 0.060356 0.126346
0.603265 0.292247 0.603265 0.277583 0.588600 0.277583 0.566603 0.284915 0.544606 0.287359 0.551938 0.380237 0.500611 0.375348 0.532385 0.497556 0.417510 0.482891 0.591044 0.509777 0.517720 0.531774 0.485946 0.622207 0.461505 0.622207 0.485946 0.829960 0.527497 0.812851 0.309968 0.869066 0.441951 0.981497 0.430396 0.255499 0.084751 0.156085 0.487189 0.564949 0.067410 0.106075
0.604541 0.290918 0.604541 0.278473 0.589607 0.275984 0.577161 0.285940 0.544803 0.285940 0.549781 0.383014 0.504978 0.373057 0.534847 0.509956 0.437773 0.495022 0.607030 0.524891 0.554760 0.534847 0.485066 0.621965 0.460175 0.621965 0.500000 0.826068 0.517424 0.821090 0.323276 0.873361 0.407904 0.992836 0.440018 0.269805 0.107439 0.145800 0.472336 0.555865 0.070292 0.065861
0.606264 0.291157 0.606264 0.278872 0.591523 0.276415 0.579238 0.288700 0.547297 0.286243 0.549754 0.382065 0.507985 0.374694 0.539926 0.507371 0.461303 0.504914 0.601350 0.522113 0.569410 0.524570 0.483415 0.622849 0.458846 0.620392 0.517813 0.819407 0.520270 0.816950 0.353195 0.866090 0.392507 0.976654 0.467188 0.311188 0.140720 0.159244 0.449938 0.552319 0.074185 0.041265
0.610065 0.290502 0.610065 0.275493 0.595056 0.272992 0.572543 0.282997 0.550029 0.285499 0.552531 0.383056 0.512507 0.375552 0.532519 0.518136 0.479988 0.505628 0.610065 0.525640 0.600059 0.505628 0.482490 0.620696 0.452472 0.620696 0.532519 0.818312 0.517510 0.818312 0.364921 0.885852 0.382431 0.973403 0.456989 0.329288 0.170161 0.177655 0.516108 0.577979 0.083773 0.022280
0.606407 0.293799 0.606407 0.281775 0.591979 0.279371 0.577551 0.291394 0.548695 0.288989 0.548695 0.382772 0.505411 0.373153 0.560718 0.500601 0.500601 0.503006 0.661715 0.483768 0.616026 0.490982 0.495792 0.623240 0.450103 0.620835 0.565528 0.798782 0.471745 0.813210 0.402009 0.885350 0.363534 0.976728 0.465382 0.221744 0.189297 0.105592 0.520200 0.544822 0.069438 0.084707
0.603276 0.291626 0.605706 0.279476 0.591126 0.277046 0.569256 0.289196 0.547385 0.289196 0.544955 0.381536 0.508505 0.374246 0.535235 0.498177 0.515795 0.500607 0.622716 0.481167 0.622716 0.476307 0.496355 0.622109 0.450185 0.622109 0.576546 0.792210 0.447755 0.818940 0.438034 0.899131 0.328684 0.976892 0.430972 0.201685 0.203676 0.069629 0.587595 0.552791 0.068598 0.144155
0.608028 0.295946 0.610429 0.281543 0.593625 0.281543 0.576820 0.293546 0.550413 0.291145 0.538410 0.379968 0.512003 0.375167 0.492798 0.485596 0.531208 0.502401 0.490397 0.487997 0.636836 0.459189 0.497599 0.622432 0.451987 0.622432 0.588823 0.778473 0.437584 0.816883 0.473593 0.896104 0.317552 0.968123 0.415114 0.190005 0.221475 0.052258 0.120247 0.575919 0.064631 0.191931
0.604614 0.296214 0.607033 0.284120 0.592520 0.281702 0.575588 0.293796 0.551400 0.288958 0.532049 0.378454 0.515118 0.376035 0.466741 0.465532 0.551400 0.499395 0.469160 0.501814 0.643315 0.446181 0.503024 0.622755 0.449809 0.622755 0.599776 0.775141 0.420784 0.816261 0.495767 0.929945 0.295005 0.980740 0.368380 0.160414 0.217711 0.034976 0.226022 0.575995 0.060417 0.227462
0.602128 0.298133 0.602128 0.286188 0.590183 0.283799 0.568682 0.295744 0.549571 0.288577 0.530459 0.379358 0.513736 0.374580 0.482680 0.474916 0.559127 0.491639 0.501792 0.501194 0.640351 0.436693 0.504181 0.623031 0.451624 0.623031 0.602128 0.768758 0.408622 0.806981 0.523292 0.938373 0.282008 0.969430 0.326860 0.137643 0.222564 0.004882 0.347736 0.571573 0.056569 0.261466
0.601872 0.300966 0.604228 0.289189 0.590095 0.286834 0.564185 0.298611 0.550053 0.293900 0.507655 0.373985 0.528854 0.378696 0.425215 0.435226 0.571252 0.496467 0.481745 0.503533 0.641914 0.428159 0.505300 0.623660 0.458191 0.623660 0.599517 0.769696 0.406372 0.797961 0.550053 0.955775 0.279179 0.955775 0.265082 0.123948 0.185384 0.002589 0.516687 0.634612 0.046652 0.274365
0.600955 0.300452 0.598593 0.288645 0.589147 0.286283 0.556086 0.300452 0.546640 0.293368 0.504133 0.371298 0.527748 0.380744 0.423841 0.430335 0.579701 0.496458 0.480518 0.498819 0.643462 0.425612 0.506494 0.623979 0.461625 0.623979 0.598593 0.777478 0.400226 0.801093 0.574978 0.966399 0.270343 0.947507 0.211604 0.124758 0.169046 0.021732 0.518244 0.632409 0.040702 0.278242
0.598351 0.299175 0.595995 0.287397 0.586573 0.285041 0.555948 0.299175 0.544170 0.294464 0.501767 0.372203 0.525324 0.379270 0.419317 0.433451 0.579505 0.494700 0.475854 0.499411 0.640754 0.421672 0.508834 0.624264 0.464075 0.624264 0.595995 0.782097 0.400471 0.798587 0.591284 0.975265 0.266195 0.937574 0.168369 0.133150 0.151684 0.033383 0.522190 0.638157 0.034561 0.271969
0.597526 0.297856 0.597526 0.286035 0.585704 0.283670 0.559698 0.295492 0.540783 0.290763 0.507684 0.371148 0.521869 0.380605 0.417842 0.427890 0.571519 0.479904 0.476948 0.491725 0.640082 0.413705 0.507684 0.621759 0.462763 0.626488 0.592797 0.784893 0.398928 0.803807 0.597526 0.969305 0.261801 0.933841 0.144911 0.148455 0.153071 0.034902 0.558454 0.596833 0.037717 0.263065
0.598171 0.295380 0.598171 0.283552 0.586343 0.281186 0.557956 0.293014 0.539032 0.290648 0.501183 0.371077 0.527204 0.380540 0.420754 0.427851 0.569784 0.482258 0.486989 0.484624 0.638385 0.418388 0.503548 0.621826 0.468065 0.626557 0.591074 0.782684 0.411292 0.808705 0.593439 0.969562 0.259896 0.924617 0.154590 0.195832 0.155616 0.021084 0.578784 0.612445 0.036221 0.254795
0.594467 0.295811 0.594467 0.284076 0.582732 0.281729 0.547527 0.293464 0.540486 0.291117 0.498240 0.370915 0.526404 0.380303 0.423136 0.438978 0.568650 0.495306 0.488852 0.495306 0.639060 0.431937 0.505281 0.622044 0.470076 0.626738 0.585079 0.786335 0.420789 0.807458 0.582732 0.978789 0.263539 0.915420 0.147807 0.223737 0.135003 0.013223 0.540079 0.621203 0.031428 0.228676
