0.411484 0.290835 0.426034 0.276285 0.413909 0.276285 0.467261 0.288410 0.452711 0.288410 0.493937 0.373289 0.479387 0.378139 0.496362 0.499394 0.479387 0.494544 0.389658 0.465442 0.404209 0.479993 0.518188 0.625499 0.508488 0.623074 0.530314 0.817082 0.530314 0.814657 0.586091 0.996539 0.581241 0.986839 0.075802 0.055431 0.010393 0.001537 0.604177 0.560856 0.034030 0.015989
0.406632 0.290373 0.421089 0.275916 0.409041 0.278325 0.462050 0.290373 0.452412 0.287964 0.488555 0.374706 0.481326 0.377115 0.486145 0.497590 0.488555 0.492771 0.382537 0.459038 0.413860 0.483133 0.517469 0.625294 0.512650 0.622885 0.527107 0.815645 0.527107 0.810826 0.589754 0.991539 0.582526 0.981901 0.092808 0.075282 0.020463 0.015915 0.607148 0.560715 0.038442 0.008334
0.404842 0.289554 0.419482 0.274914 0.407282 0.274914 0.460961 0.289554 0.451201 0.287114 0.482920 0.374952 0.482920 0.377392 0.482920 0.494510 0.524400 0.479870 0.378002 0.455471 0.465841 0.501830 0.517080 0.623828 0.517080 0.623828 0.524400 0.819024 0.526839 0.816584 0.595158 0.997141 0.587838 0.987381 0.108435 0.093085 0.031487 0.027740 0.613388 0.508223 0.043630 0.004172
0.401055 0.292948 0.415713 0.278289 0.403498 0.278289 0.454803 0.290504 0.452360 0.290504 0.476791 0.378456 0.491449 0.373570 0.481677 0.495725 0.564742 0.446863 0.376624 0.459078 0.508551 0.493281 0.513437 0.625209 0.518323 0.622766 0.515880 0.820657 0.523209 0.815770 0.596502 0.999003 0.589173 0.986787 0.131163 0.109123 0.042952 0.026139 0.620092 0.530224 0.040548 0.004079
0.399563 0.293648 0.411738 0.279039 0.399563 0.279039 0.450695 0.291214 0.445825 0.291214 0.475043 0.378867 0.487217 0.373998 0.477478 0.495739 0.565132 0.447042 0.372780 0.459217 0.506696 0.495739 0.516435 0.624785 0.521305 0.622350 0.511565 0.817136 0.518870 0.812267 0.599219 0.992444 0.589480 0.977835 0.155640 0.132396 0.061136 0.047499 0.613468 0.539122 0.048236 0.003976
0.396758 0.291695 0.411334 0.277119 0.399187 0.279549 0.452630 0.291695 0.445343 0.291695 0.479352 0.376717 0.479352 0.376717 0.476922 0.495749 0.535224 0.476315 0.370037 0.456881 0.493927 0.503036 0.520648 0.624497 0.520648 0.622068 0.510931 0.816406 0.518219 0.811547 0.605671 0.984022 0.595954 0.971876 0.179858 0.147783 0.068672 0.057160 0.604522 0.479923 0.052823 0.012023
0.396729 0.293459 0.411224 0.278965 0.399145 0.281381 0.452290 0.293459 0.442627 0.291043 0.478863 0.375592 0.478863 0.378008 0.478863 0.493961 0.524761 0.486714 0.372573 0.460141 0.478863 0.501208 0.519929 0.624408 0.522345 0.621992 0.505435 0.815247 0.517514 0.810415 0.606894 0.979513 0.599647 0.967435 0.200248 0.161566 0.076196 0.064299 0.598056 0.529805 0.054085 0.015969
0.392967 0.293231 0.405129 0.278635 0.395399 0.281068 0.446483 0.293231 0.441618 0.290798 0.473242 0.375938 0.480539 0.378371 0.475674 0.497567 0.524326 0.487837 0.373506 0.463511 0.473242 0.502433 0.517028 0.624062 0.529191 0.621629 0.495135 0.816235 0.519461 0.813803 0.607033 0.979218 0.602168 0.974353 0.227620 0.167522 0.091707 0.078936 0.608782 0.532533 0.059188 0.020005
0.391267 0.298154 0.403282 0.283736 0.393670 0.286139 0.444132 0.295751 0.444132 0.295751 0.468161 0.377451 0.482579 0.377451 0.477773 0.497597 0.542652 0.471165 0.379253 0.473568 0.484982 0.500000 0.513817 0.624952 0.535443 0.620147 0.480176 0.812381 0.523429 0.809978 0.600322 0.961363 0.602725 0.970974 0.272556 0.165797 0.114595 0.088388 0.601560 0.533866 0.063133 0.036411
0.385754 0.300370 0.397780 0.285939 0.388159 0.288344 0.441073 0.297965 0.443478 0.297965 0.465125 0.379741 0.486771 0.374931 0.481961 0.500000 0.558927 0.454302 0.380944 0.483164 0.484366 0.492784 0.510823 0.625069 0.537280 0.620259 0.469935 0.810268 0.520444 0.807863 0.592599 0.959390 0.607031 0.969010 0.288278 0.185433 0.127788 0.093121 0.596844 0.583190 0.061632 0.040677
0.386017 0.302469 0.397952 0.288147 0.386017 0.290534 0.440920 0.300082 0.443307 0.297695 0.464791 0.378856 0.483887 0.376469 0.486274 0.500597 0.550725 0.467178 0.378856 0.483887 0.474339 0.495823 0.512532 0.624725 0.538790 0.619951 0.462404 0.803756 0.519693 0.806143 0.586532 0.951754 0.612789 0.961303 0.309051 0.204554 0.147949 0.103128 0.604721 0.587935 0.065813 0.054368
0.387099 0.300021 0.399110 0.285608 0.387099 0.288010 0.442348 0.297619 0.437544 0.295216 0.473576 0.376890 0.471174 0.379292 0.497598 0.496997 0.497598 0.501802 0.391903 0.489791 0.418327 0.511410 0.516815 0.624311 0.538434 0.619507 0.454359 0.802071 0.521619 0.806875 0.581673 0.946200 0.622510 0.958211 0.337857 0.215657 0.162621 0.115391 0.584502 0.529224 0.070931 0.079060
0.385673 0.304267 0.397644 0.287507 0.388067 0.289901 0.440741 0.299478 0.435953 0.297084 0.474261 0.376095 0.467079 0.380884 0.505387 0.495810 0.495810 0.502993 0.397644 0.502993 0.435953 0.541302 0.519753 0.622707 0.538907 0.620313 0.445530 0.797491 0.524541 0.804674 0.572427 0.943542 0.632285 0.955514 0.355526 0.222185 0.185892 0.117527 0.559779 0.392340 0.075391 0.103074
0.386727 0.304887 0.398588 0.290653 0.389100 0.290653 0.441288 0.300142 0.441288 0.300142 0.474499 0.376053 0.467382 0.380797 0.512454 0.497035 0.495849 0.504151 0.410449 0.520757 0.436544 0.549223 0.519571 0.622761 0.538548 0.620389 0.438916 0.786443 0.526687 0.800676 0.545665 0.933520 0.640553 0.947753 0.345580 0.230616 0.203251 0.112817 0.524034 0.365332 0.074683 0.124822
0.384278 0.303750 0.396208 0.287048 0.386664 0.289434 0.439157 0.298978 0.441543 0.296592 0.472561 0.377717 0.465403 0.380103 0.520281 0.492245 0.491649 0.501790 0.420068 0.532808 0.422454 0.537580 0.520281 0.621090 0.541755 0.621090 0.427226 0.780953 0.525053 0.802428 0.529825 0.936045 0.649126 0.945589 0.353830 0.256538 0.229428 0.126901 0.503242 0.415675 0.079821 0.138560
0.384105 0.304464 0.395991 0.290199 0.384105 0.292577 0.436406 0.302086 0.436406 0.299709 0.472066 0.378161 0.462557 0.380538 0.526745 0.492274 0.498217 0.497028 0.431651 0.539820 0.436406 0.537443 0.521990 0.620650 0.543387 0.620650 0.422142 0.772800 0.529122 0.801328 0.512481 0.932082 0.655122 0.941592 0.349085 0.258042 0.249492 0.128439 0.494651 0.410233 0.084220 0.159783
0.385506 0.305599 0.397433 0.293673 0.385506 0.293673 0.437983 0.300829 0.428441 0.303214 0.473762 0.377158 0.459450 0.381928 0.542935 0.489266 0.488074 0.510734 0.440368 0.544128 0.411745 0.539357 0.523853 0.620457 0.542935 0.620457 0.416515 0.768344 0.545320 0.804124 0.495229 0.942470 0.669355 0.944855 0.334989 0.225819 0.264478 0.103033 0.519633 0.455404 0.086082 0.203980
0.380489 0.302416 0.392500 0.288003 0.382891 0.288003 0.438142 0.300014 0.430936 0.297612 0.474176 0.376885 0.452556 0.384092 0.551048 0.475377 0.476578 0.511411 0.474176 0.547444 0.402109 0.525824 0.527025 0.619511 0.546243 0.619511 0.411718 0.763645 0.543841 0.804483 0.483785 0.936607 0.680768 0.939009 0.340443 0.256950 0.283045 0.124692 0.471218 0.498505 0.094678 0.210643
0.381371 0.303279 0.393294 0.288972 0.383756 0.288972 0.436215 0.300895 0.431446 0.298510 0.474367 0.377198 0.450522 0.384352 0.562593 0.465425 0.467213 0.513115 0.491058 0.541729 0.376602 0.510730 0.526826 0.618033 0.548286 0.620417 0.407601 0.756333 0.557824 0.804023 0.469598 0.932786 0.691356 0.937555 0.334014 0.233479 0.294733 0.108460 0.489735 0.549408 0.097136 0.242985
0.382126 0.304545 0.396559 0.290112 0.384531 0.290112 0.437454 0.299734 0.427832 0.299734 0.473538 0.371902 0.454294 0.388741 0.574574 0.453692 0.456699 0.521049 0.514434 0.542699 0.372503 0.504210 0.524056 0.617273 0.548112 0.622084 0.398965 0.754392 0.574574 0.809721 0.449482 0.942029 0.706881 0.946840 0.319123 0.199721 0.300040 0.077089 0.472527 0.568620 0.093214 0.280005
0.383230 0.301552 0.395331 0.287032 0.383230 0.289452 0.436473 0.296712 0.426792 0.299132 0.475194 0.371735 0.453413 0.388676 0.586518 0.441918 0.453413 0.524201 0.528436 0.543562 0.368710 0.495160 0.523596 0.618585 0.547797 0.621005 0.397751 0.756530 0.588938 0.812192 0.441313 0.947718 0.719624 0.950138 0.306718 0.173931 0.297041 0.055362 0.486201 0.605137 0.092183 0.302877
0.382244 0.302728 0.396812 0.288161 0.382244 0.290589 0.438087 0.297873 0.423519 0.297873 0.481790 0.370711 0.445371 0.390135 0.591048 0.436266 0.423519 0.511533 0.544917 0.535812 0.357965 0.484825 0.525494 0.618363 0.547345 0.620791 0.394384 0.759184 0.600760 0.810171 0.428375 0.955849 0.734298 0.950993 0.293115 0.154045 0.294237 0.044996 0.466111 0.566458 0.094106 0.326143
0.384230 0.299373 0.396353 0.287250 0.384230 0.287250 0.437569 0.294524 0.423022 0.299373 0.481210 0.369683 0.444843 0.391504 0.595162 0.425447 0.418173 0.510304 0.553945 0.529700 0.355136 0.483635 0.524851 0.616982 0.549096 0.621831 0.393928 0.762452 0.607284 0.808518 0.418173 0.961261 0.743056 0.951563 0.271890 0.145522 0.288862 0.039119 0.474977 0.557109 0.095583 0.329438
0.384888 0.300068 0.397005 0.285527 0.384888 0.287951 0.440626 0.295221 0.423662 0.297645 0.486671 0.370347 0.443050 0.389734 0.602995 0.421239 0.421239 0.503635 0.564221 0.523022 0.370347 0.498788 0.523022 0.619959 0.547257 0.619959 0.397005 0.770211 0.615112 0.806562 0.413969 0.968931 0.753247 0.949544 0.249256 0.133495 0.268182 0.024277 0.484584 0.470000 0.090705 0.333167
0.387008 0.298315 0.401588 0.283736 0.387008 0.286166 0.442897 0.293456 0.423457 0.295886 0.491495 0.368784 0.440467 0.390653 0.608132 0.412522 0.406448 0.492710 0.571683 0.517010 0.343269 0.446541 0.520654 0.619067 0.547384 0.621497 0.401588 0.774583 0.617852 0.803742 0.413737 0.976267 0.761218 0.944678 0.227144 0.135277 0.244910 0.020621 0.492637 0.598462 0.087736 0.325436
0.393803 0.297260 0.405871 0.285192 0.393803 0.285192 0.446901 0.294846 0.430006 0.294846 0.492759 0.369667 0.442074 0.388976 0.611024 0.408284 0.401044 0.490346 0.577234 0.514481 0.343118 0.439661 0.519309 0.620679 0.545858 0.620679 0.408284 0.779974 0.623092 0.799283 0.420352 0.980301 0.765493 0.936857 0.212904 0.125570 0.227295 0.004127 0.497593 0.606387 0.083942 0.323670
0.394017 0.294089 0.408551 0.281977 0.394017 0.281977 0.449734 0.291667 0.430354 0.294089 0.495761 0.366764 0.442466 0.390988 0.612040 0.405523 0.391594 0.483043 0.578125 0.509690 0.343144 0.427326 0.519985 0.621124 0.541788 0.621124 0.410974 0.783430 0.619307 0.795542 0.427931 0.984496 0.764656 0.926356 0.215043 0.133613 0.218485 0.003436 0.497774 0.611469 0.079475 0.321386
0.401436 0.294559 0.413311 0.282684 0.401436 0.282684 0.451312 0.294559 0.437062 0.292184 0.498812 0.365810 0.439437 0.391936 0.615189 0.401436 0.391936 0.477437 0.577189 0.503563 0.353935 0.422811 0.524938 0.619939 0.536813 0.622314 0.425186 0.783817 0.617564 0.786192 0.441812 0.976195 0.771942 0.902569 0.201488 0.148652 0.206657 0.018439 0.518830 0.645116 0.079446 0.319781
0.403141 0.296118 0.417491 0.281769 0.403141 0.281769 0.455756 0.291335 0.436623 0.291335 0.501196 0.367865 0.439015 0.389390 0.618383 0.403739 0.405533 0.480269 0.575335 0.499402 0.350526 0.425263 0.529895 0.621373 0.529895 0.621373 0.434232 0.791175 0.613600 0.788783 0.458147 0.987284 0.773836 0.901187 0.201939 0.157698 0.199194 0.028734 0.540040 0.637640 0.076871 0.310895
0.401662 0.289969 0.413802 0.275401 0.401662 0.277829 0.455080 0.285113 0.438083 0.287541 0.503642 0.367669 0.447796 0.387093 0.620191 0.406518 0.408946 0.493930 0.576485 0.503642 0.362812 0.435655 0.520639 0.622619 0.527923 0.622619 0.430799 0.797442 0.603194 0.795014 0.467221 0.994118 0.768305 0.904279 0.209387 0.182877 0.172290 0.026658 0.532182 0.675830 0.062227 0.282140
0.400840 0.293915 0.415177 0.279579 0.403230 0.281968 0.458186 0.289136 0.439070 0.291525 0.498805 0.367986 0.451017 0.387101 0.615886 0.415774 0.422345 0.501792 0.563319 0.513739 0.364999 0.442057 0.520310 0.623651 0.529867 0.621262 0.434292 0.790909 0.594381 0.798077 0.479690 0.984449 0.759249 0.891263 0.224540 0.224883 0.177912 0.007972 0.533410 0.678516 0.064325 0.262563
0.396061 0.295110 0.410398 0.278384 0.396061 0.280773 0.453407 0.287941 0.436681 0.290331 0.496416 0.369181 0.453407 0.385907 0.611107 0.424137 0.443849 0.512544 0.553761 0.517323 0.367389 0.450420 0.520310 0.622456 0.529867 0.622456 0.436681 0.792103 0.580045 0.801661 0.491637 0.983255 0.749691 0.885290 0.234896 0.267313 0.175726 0.012613 0.533363 0.693210 0.064325 0.232687
0.394584 0.289777 0.409208 0.275152 0.394584 0.275152 0.453081 0.284902 0.438456 0.284902 0.499391 0.370210 0.450643 0.384834 0.609072 0.436019 0.445768 0.509140 0.548138 0.514015 0.365335 0.460393 0.528639 0.621259 0.521327 0.623697 0.445768 0.799187 0.567637 0.816249 0.514015 0.984428 0.745565 0.872309 0.251104 0.327716 0.175662 0.016452 0.539083 0.660959 0.064050 0.213873
0.398532 0.288558 0.410684 0.273976 0.398532 0.273976 0.454431 0.283697 0.444709 0.283697 0.498177 0.373621 0.454431 0.380912 0.600253 0.453823 0.464152 0.512152 0.529772 0.526734 0.371798 0.473266 0.527342 0.621518 0.520051 0.623949 0.454431 0.806226 0.549215 0.823239 0.532202 0.978782 0.733923 0.864555 0.254457 0.383699 0.156949 0.037688 0.532621 0.650389 0.060709 0.165926
0.399458 0.288558 0.411645 0.273934 0.399458 0.273934 0.455518 0.286121 0.440894 0.286121 0.496953 0.373866 0.453081 0.381178 0.592011 0.466486 0.482329 0.510359 0.511577 0.532295 0.401896 0.500609 0.533514 0.620041 0.516452 0.624915 0.460393 0.810156 0.533514 0.824780 0.548138 0.980772 0.716317 0.861340 0.268076 0.410060 0.163806 0.053861 0.535859 0.609271 0.064050 0.143982
0.400163 0.291697 0.412488 0.276907 0.400163 0.279372 0.456860 0.286767 0.437139 0.291697 0.498767 0.373046 0.447000 0.382907 0.577651 0.483977 0.466721 0.511093 0.469186 0.530814 0.395232 0.516023 0.540674 0.619558 0.513558 0.624488 0.474116 0.814303 0.523419 0.831558 0.567791 0.989326 0.703372 0.868535 0.261251 0.420346 0.158428 0.070428 0.567008 0.526672 0.069604 0.119974
0.396972 0.291477 0.409311 0.276670 0.399440 0.276670 0.453730 0.284074 0.436456 0.289009 0.498149 0.372912 0.448795 0.382783 0.559842 0.493831 0.463601 0.518508 0.441391 0.530847 0.396972 0.525911 0.542568 0.619685 0.510488 0.624620 0.488278 0.819571 0.493214 0.819571 0.591923 0.984909 0.673358 0.871393 0.262652 0.438970 0.141107 0.107637 0.553760 0.499365 0.068071 0.056287
0.392799 0.294125 0.407417 0.279507 0.395235 0.281943 0.448836 0.289252 0.434218 0.291689 0.492691 0.374526 0.451272 0.381835 0.536546 0.503655 0.458581 0.510964 0.429345 0.523146 0.400108 0.528018 0.541419 0.620601 0.514618 0.623038 0.482945 0.817949 0.473200 0.810640 0.607201 0.973877 0.643747 0.869113 0.305860 0.464030 0.153918 0.150917 0.546966 0.427664 0.071960 0.022524
0.391348 0.291242 0.405998 0.276593 0.393790 0.279034 0.449947 0.286359 0.435297 0.288801 0.493896 0.374257 0.452389 0.381582 0.515870 0.503662 0.457272 0.510987 0.410881 0.508546 0.396232 0.520754 0.545170 0.620860 0.508546 0.623301 0.486571 0.811305 0.449947 0.808864 0.620860 0.965127 0.628185 0.865021 0.323468 0.500209 0.160269 0.170026 0.538747 0.461504 0.068930 0.002350
0.394017 0.290471 0.406199 0.275852 0.394017 0.275852 0.450054 0.288034 0.430563 0.290471 0.489036 0.373308 0.454927 0.383053 0.498782 0.500000 0.479291 0.504873 0.379399 0.485382 0.425690 0.531673 0.549946 0.619383 0.506091 0.624256 0.525582 0.816730 0.435436 0.804549 0.637656 0.975096 0.603547 0.877640 0.235137 0.488340 0.116337 0.185422 0.563221 0.415249 0.071960 0.079788
0.392853 0.290605 0.405099 0.273461 0.392853 0.275910 0.451631 0.285707 0.436936 0.290605 0.488367 0.373873 0.461427 0.381220 0.481020 0.498775 0.476122 0.503674 0.370812 0.469387 0.407548 0.491428 0.547145 0.621229 0.503061 0.623678 0.549594 0.822052 0.419793 0.795113 0.669598 0.973895 0.556941 0.895525 0.209008 0.442761 0.070379 0.198056 0.564250 0.594264 0.064362 0.147807
0.395827 0.294048 0.407801 0.279680 0.398222 0.282075 0.448512 0.289259 0.441328 0.291654 0.491618 0.375471 0.467670 0.377866 0.462881 0.500000 0.505987 0.485631 0.364695 0.461683 0.520356 0.490421 0.544304 0.624529 0.496408 0.622134 0.563462 0.813717 0.410196 0.773006 0.687991 0.971773 0.527540 0.899929 0.180286 0.402773 0.034232 0.202526 0.546241 0.288844 0.052067 0.197374
0.393624 0.294501 0.408130 0.282413 0.396042 0.282413 0.451647 0.289666 0.439559 0.294501 0.490329 0.376701 0.468571 0.376701 0.444394 0.500000 0.514506 0.480659 0.357360 0.446812 0.526594 0.492747 0.545935 0.623299 0.495165 0.623299 0.577364 0.814292 0.405712 0.773192 0.707916 0.976274 0.509671 0.923086 0.164017 0.364282 0.018681 0.205460 0.561093 0.117563 0.052568 0.223180
0.396017 0.297443 0.410442 0.283018 0.398421 0.285422 0.451314 0.290230 0.441697 0.295039 0.489782 0.376783 0.468144 0.376783 0.436889 0.494590 0.465740 0.487378 0.357549 0.434485 0.408038 0.475357 0.547484 0.622015 0.494590 0.624419 0.590760 0.809545 0.403230 0.768673 0.720589 0.968225 0.477761 0.939374 0.146082 0.310747 0.001365 0.213574 0.572042 0.558461 0.053827 0.251900
0.393622 0.301588 0.405575 0.284854 0.396013 0.287244 0.448604 0.292025 0.450995 0.299197 0.477290 0.380474 0.496414 0.370912 0.429480 0.502391 0.580082 0.435456 0.352984 0.425894 0.520319 0.495219 0.537053 0.624307 0.489243 0.624307 0.592035 0.803595 0.398403 0.774909 0.725903 0.963759 0.448604 0.956588 0.126892 0.258576 0.018208 0.163756 0.631039 0.540847 0.033543 0.267480
0.395565 0.298800 0.407365 0.284639 0.397925 0.284639 0.452208 0.291719 0.456928 0.298800 0.475809 0.381404 0.501770 0.369603 0.428606 0.494690 0.584374 0.428606 0.355443 0.419166 0.525371 0.487609 0.534812 0.624496 0.487609 0.624496 0.600895 0.799145 0.400285 0.775544 0.728342 0.945472 0.421526 0.959633 0.112940 0.203418 0.039348 0.149186 0.629386 0.552568 0.028586 0.281994
0.406758 0.307865 0.418060 0.294303 0.406758 0.294303 0.456487 0.303344 0.454227 0.305605 0.474570 0.380198 0.499435 0.371157 0.424841 0.484177 0.576289 0.427667 0.363810 0.423146 0.524299 0.488698 0.533341 0.624322 0.492654 0.624322 0.601153 0.789332 0.406758 0.775770 0.727736 0.918175 0.409019 0.945300 0.123068 0.168468 0.048915 0.155700 0.608000 0.522774 0.033157 0.288339
0.406850 0.309183 0.420399 0.295633 0.406850 0.295633 0.458788 0.304666 0.452013 0.306924 0.472337 0.381445 0.499435 0.370154 0.429431 0.487580 0.580730 0.426609 0.368460 0.428867 0.526534 0.489838 0.533308 0.625330 0.494919 0.623072 0.598796 0.796952 0.411366 0.778887 0.734288 0.914379 0.409108 0.950510 0.156666 0.152488 0.038053 0.150992 0.621710 0.532353 0.036017 0.272708
0.407668 0.308496 0.419067 0.294818 0.407668 0.294818 0.460103 0.303937 0.455544 0.306217 0.471502 0.381450 0.501140 0.370051 0.432746 0.488601 0.578653 0.429326 0.371191 0.433886 0.521658 0.488601 0.530777 0.625389 0.496580 0.623109 0.587772 0.803214 0.414507 0.782696 0.735960 0.910365 0.409948 0.958241 0.201994 0.142935 0.022854 0.145466 0.620824 0.535952 0.034903 0.249930
0.403719 0.303427 0.417474 0.289673 0.403719 0.289673 0.456444 0.298842 0.456444 0.303427 0.472491 0.381368 0.502292 0.369906 0.433520 0.486819 0.580234 0.431801 0.369333 0.436386 0.513754 0.484526 0.527509 0.626655 0.497708 0.622070 0.575649 0.807754 0.415181 0.784830 0.733824 0.904035 0.422059 0.963637 0.243250 0.161609 0.012468 0.143585 0.599304 0.572935 0.032161 0.232073
