0.604368 0.322701 0.614427 0.307612 0.599338 0.302582 0.579219 0.302582 0.549040 0.292522 0.538981 0.378028 0.483653 0.372998 0.508802 0.498743 0.413237 0.488683 0.579219 0.533951 0.483653 0.594308 0.508802 0.624487 0.468564 0.624487 0.544010 0.815618 0.528921 0.820647 0.528921 1.000000 0.523891 1.000000 0.081235 0.102777 0.096770 0.114091 0.430396 0.361215 0.028858 0.037029
0.611413 0.319263 0.616365 0.304408 0.601510 0.299456 0.581703 0.304408 0.551993 0.294504 0.542090 0.378683 0.492572 0.373731 0.512379 0.502476 0.433152 0.497524 0.571800 0.547041 0.502476 0.601510 0.502476 0.621317 0.462862 0.626269 0.537138 0.809482 0.527234 0.809482 0.502476 1.000000 0.492572 1.000000 0.113132 0.160118 0.109500 0.144827 0.370144 0.329617 0.044276 0.049564
0.618812 0.320545 0.618812 0.305693 0.608911 0.300743 0.579208 0.305693 0.559406 0.295792 0.549505 0.379950 0.500000 0.375000 0.514852 0.503713 0.455446 0.503713 0.554455 0.573020 0.514852 0.607673 0.495050 0.622525 0.455446 0.622525 0.504951 0.810644 0.509901 0.810644 0.301980 0.860149 0.465347 1.000000 0.440588 0.156884 0.087030 0.146380 0.252151 0.271324 0.063451 0.072953
0.630701 0.315259 0.630701 0.300178 0.620647 0.295151 0.580431 0.300178 0.570378 0.295151 0.545243 0.380610 0.510054 0.375583 0.520108 0.506284 0.474865 0.501257 0.560324 0.586715 0.540216 0.596769 0.484919 0.621904 0.459784 0.621904 0.500000 0.817956 0.510054 0.812929 0.319029 0.898387 0.439676 1.000000 0.391312 0.184325 0.102416 0.145990 0.210417 0.277903 0.070993 0.057472
0.620280 0.320201 0.625240 0.305321 0.610360 0.300361 0.570680 0.300361 0.565720 0.295401 0.535960 0.379720 0.511160 0.374760 0.496280 0.503720 0.476440 0.498760 0.550840 0.593000 0.540920 0.583080 0.491320 0.622760 0.461560 0.622760 0.521080 0.816199 0.491320 0.816199 0.352440 0.910439 0.397080 1.000000 0.386382 0.186721 0.106410 0.111423 0.273190 0.294709 0.060356 0.000001
0.627710 0.321205 0.627710 0.306610 0.617980 0.301745 0.569328 0.301745 0.574194 0.296880 0.525542 0.379587 0.520677 0.374722 0.447700 0.476891 0.486621 0.486621 0.510947 0.559598 0.559598 0.574194 0.491486 0.622845 0.462295 0.622845 0.554733 0.797991 0.457430 0.807721 0.403913 0.943946 0.369857 1.000000 0.365524 0.117817 0.154582 0.065184 0.422584 0.315184 0.059188 0.118681
0.616862 0.321694 0.621681 0.302418 0.612043 0.302418 0.559034 0.302418 0.573491 0.297599 0.530119 0.379523 0.515662 0.374704 0.467471 0.480724 0.486748 0.480724 0.559034 0.543372 0.563853 0.553010 0.496386 0.625296 0.457833 0.620477 0.549395 0.793963 0.433738 0.798782 0.438557 0.962630 0.342176 0.996364 0.281988 0.095376 0.140347 0.030802 0.485440 0.345015 0.058621 0.139685
0.619794 0.322705 0.619794 0.308329 0.610211 0.303537 0.576668 0.308329 0.562293 0.303537 0.547918 0.380206 0.504792 0.375414 0.500000 0.490416 0.476041 0.485625 0.567085 0.547918 0.571877 0.543126 0.500000 0.624586 0.447291 0.619794 0.547918 0.787506 0.399373 0.792298 0.466458 0.983969 0.313121 0.993552 0.216167 0.042636 0.152685 0.012686 0.404985 0.409206 0.067619 0.177298
0.615857 0.316560 0.620684 0.302078 0.606202 0.302078 0.572411 0.302078 0.562756 0.297250 0.519309 0.374488 0.524137 0.379316 0.417935 0.456554 0.504827 0.490345 0.485518 0.519309 0.572411 0.533792 0.500000 0.625512 0.456554 0.620684 0.543446 0.799297 0.379316 0.799297 0.504827 1.000000 0.287596 0.992392 0.136530 0.011236 0.102416 0.043016 0.545167 0.372948 0.055600 0.207897
0.612907 0.309312 0.617925 0.294258 0.602871 0.294258 0.587817 0.294258 0.557708 0.289240 0.537636 0.379566 0.507527 0.374548 0.462364 0.474910 0.472400 0.484946 0.532618 0.525091 0.572762 0.525091 0.507527 0.625452 0.447310 0.620434 0.537636 0.816140 0.356984 0.811122 0.537636 1.000000 0.246586 1.000000 0.049848 0.026236 0.088632 0.064363 0.515292 0.476937 0.057821 0.190660
0.628976 0.312171 0.628976 0.297145 0.618958 0.297145 0.573879 0.297145 0.573879 0.292136 0.518783 0.377285 0.528800 0.377285 0.438643 0.467443 0.493739 0.482469 0.538818 0.512522 0.588906 0.517531 0.493739 0.622715 0.458678 0.622715 0.543827 0.818057 0.363511 0.808040 0.573879 1.000000 0.223265 0.983347 0.034729 0.063771 0.112265 0.062421 0.596699 0.490056 0.060957 0.230903
0.628943 0.325620 0.633855 0.310883 0.619119 0.305971 0.579822 0.305971 0.574910 0.301059 0.506140 0.374741 0.540525 0.379653 0.422634 0.463159 0.506140 0.482808 0.520877 0.507368 0.584734 0.517192 0.486492 0.625259 0.466843 0.620347 0.540525 0.816832 0.378425 0.802096 0.599470 1.000000 0.216325 0.949459 0.001077 0.121022 0.112421 0.049565 0.606309 0.471142 0.059766 0.231630
0.643128 0.326289 0.648021 0.311609 0.633342 0.306716 0.589302 0.306716 0.584409 0.301823 0.501223 0.370328 0.550156 0.385008 0.418038 0.453514 0.515903 0.482874 0.511010 0.507340 0.594195 0.522020 0.452291 0.619885 0.496330 0.624778 0.393571 0.810722 0.545263 0.810722 0.212521 0.923268 0.613768 1.000000 0.227952 0.018282 0.033383 0.152201 0.582952 0.459583 0.065888 0.176924
0.632270 0.329408 0.637215 0.314574 0.627326 0.309630 0.587768 0.309630 0.577879 0.299740 0.508653 0.373911 0.528432 0.378855 0.409760 0.453026 0.493819 0.482694 0.488874 0.512362 0.582823 0.527196 0.498764 0.626089 0.464151 0.621145 0.543266 0.818932 0.389981 0.813987 0.597657 1.000000 0.192194 0.888157 0.007526 0.268925 0.084669 0.034327 0.580391 0.454833 0.047393 0.189067
0.623967 0.332206 0.633985 0.317180 0.618958 0.312171 0.593915 0.312171 0.573879 0.302153 0.538818 0.382294 0.508765 0.372276 0.493739 0.497496 0.468695 0.487478 0.553844 0.537566 0.568871 0.537566 0.503757 0.627724 0.448660 0.617706 0.538818 0.818057 0.383546 0.813048 0.573879 1.000000 0.178186 0.873154 0.008865 0.306951 0.103153 0.025967 0.431559 0.458966 0.060957 0.160402
0.617349 0.337423 0.622238 0.322755 0.612459 0.317865 0.583122 0.317865 0.568453 0.303197 0.534227 0.381429 0.504890 0.371650 0.480442 0.493888 0.460884 0.479220 0.548895 0.557452 0.544006 0.547673 0.495110 0.625905 0.465773 0.621016 0.509779 0.801928 0.529337 0.806818 0.363093 0.929056 0.539116 1.000000 0.299163 0.090464 0.076966 0.154450 0.403784 0.404314 0.050010 0.078458
0.612354 0.335790 0.617293 0.320974 0.607416 0.316035 0.572845 0.316035 0.562968 0.301219 0.513581 0.375299 0.503704 0.375299 0.444440 0.479011 0.464195 0.483949 0.518520 0.558029 0.538275 0.558029 0.498765 0.622232 0.483949 0.627170 0.538275 0.809900 0.528397 0.814839 0.498765 0.982753 0.503704 1.000000 0.137576 0.110872 0.085124 0.098940 0.426903 0.361017 0.022026 0.007977
0.611962 0.328982 0.621804 0.314217 0.607040 0.309296 0.582433 0.309296 0.562748 0.299453 0.528298 0.378196 0.498770 0.373274 0.484005 0.496309 0.454477 0.486466 0.533219 0.575051 0.523377 0.575051 0.498770 0.624265 0.474163 0.624265 0.523377 0.806357 0.518455 0.806357 0.479084 1.000000 0.474163 1.000000 0.113202 0.143145 0.080771 0.107059 0.292008 0.329142 0.034531 0.033196
0.616772 0.329810 0.621741 0.314903 0.611803 0.304965 0.596896 0.309934 0.567082 0.295027 0.542237 0.384470 0.502485 0.369563 0.507454 0.508696 0.462732 0.488820 0.552175 0.588200 0.522361 0.593170 0.502485 0.627953 0.452794 0.618015 0.512423 0.816776 0.457763 0.821745 0.452794 1.000000 0.259002 0.831683 0.107370 0.491860 0.068252 0.070595 0.250000 0.267666 0.057249 0.008975
0.619119 0.328076 0.624031 0.313339 0.614207 0.308427 0.594558 0.308427 0.565086 0.293691 0.545437 0.382109 0.501228 0.372285 0.506140 0.509824 0.461931 0.490176 0.555261 0.578594 0.511052 0.598242 0.501228 0.627715 0.452107 0.617891 0.506140 0.814376 0.471755 0.814376 0.417722 1.000000 0.275270 0.843849 0.142973 0.484332 0.065063 0.094558 0.292447 0.238216 0.059766 0.023351
0.624586 0.320309 0.629378 0.305933 0.615002 0.301142 0.591044 0.305933 0.571877 0.296350 0.547918 0.387393 0.504792 0.368226 0.523959 0.507188 0.456874 0.473645 0.586252 0.550314 0.504792 0.579064 0.490416 0.626982 0.456874 0.617398 0.466458 0.818653 0.504792 0.794694 0.380206 0.991156 0.327496 0.852195 0.108000 0.484194 0.035393 0.144497 0.370082 0.271600 0.067619 0.123606
0.624975 0.315037 0.629974 0.300040 0.614977 0.295041 0.599980 0.300040 0.569986 0.285043 0.554989 0.390022 0.495001 0.365027 0.514997 0.509998 0.440012 0.470006 0.594981 0.539992 0.500000 0.574985 0.500000 0.624975 0.450010 0.619976 0.509998 0.814937 0.495001 0.799940 0.345031 0.939912 0.345031 0.964907 0.310367 0.312833 0.089919 0.133579 0.488216 0.318838 0.064081 0.061242
0.615728 0.322144 0.620601 0.307525 0.605983 0.302653 0.596237 0.307525 0.562128 0.292907 0.557255 0.390363 0.498782 0.365999 0.508527 0.507309 0.425690 0.458581 0.567001 0.580401 0.484163 0.560910 0.503655 0.624256 0.440309 0.619383 0.537764 0.799676 0.435436 0.794803 0.362344 0.945859 0.323362 0.989714 0.339989 0.157265 0.132839 0.063353 0.340443 0.377972 0.071960 0.069970
0.622279 0.318434 0.622279 0.303612 0.612398 0.298672 0.602517 0.303612 0.562992 0.293731 0.558052 0.387602 0.493824 0.367840 0.513587 0.496295 0.414775 0.446889 0.602517 0.516057 0.483943 0.555582 0.508646 0.624750 0.439478 0.619809 0.543230 0.807551 0.395013 0.807551 0.414775 0.980471 0.286320 1.000000 0.262890 0.086035 0.124897 0.006405 0.554001 0.430396 0.066534 0.133543
0.616772 0.317388 0.621741 0.302481 0.606834 0.297512 0.606834 0.302481 0.552175 0.292543 0.557144 0.386954 0.487577 0.367078 0.507454 0.496273 0.413042 0.451552 0.586958 0.526087 0.482608 0.555902 0.512423 0.625468 0.442856 0.620499 0.542237 0.809323 0.373289 0.809323 0.457763 1.000000 0.263971 1.000000 0.182018 0.051126 0.110170 0.056760 0.521599 0.417298 0.057249 0.163533
0.618958 0.317180 0.618958 0.302153 0.603932 0.302153 0.598923 0.302153 0.553844 0.292136 0.558853 0.387303 0.488730 0.367267 0.518783 0.487478 0.403581 0.442399 0.583897 0.502504 0.473704 0.547583 0.513774 0.627724 0.438643 0.617706 0.538818 0.818057 0.373528 0.798022 0.503757 1.000000 0.243300 0.993364 0.094212 0.076860 0.100642 0.047474 0.548927 0.457036 0.060957 0.151950
0.617800 0.322681 0.622760 0.307801 0.607880 0.302841 0.602920 0.307801 0.558280 0.297881 0.558280 0.387160 0.488840 0.367320 0.523560 0.486360 0.404520 0.446680 0.597960 0.491320 0.469000 0.550840 0.513640 0.625240 0.439240 0.620280 0.538440 0.818679 0.364840 0.803799 0.543400 1.000000 0.225961 0.977399 0.033355 0.092177 0.099586 0.060968 0.585978 0.436084 0.060356 0.163187
0.619651 0.319894 0.624689 0.304780 0.609575 0.299742 0.599499 0.304780 0.559196 0.294704 0.559196 0.385387 0.493703 0.370273 0.523930 0.486146 0.403020 0.450880 0.599499 0.491184 0.473551 0.556677 0.508816 0.627208 0.438285 0.617132 0.528968 0.828725 0.362716 0.808573 0.569272 1.000000 0.201503 0.964749 0.026825 0.135380 0.097105 0.049380 0.585978 0.455870 0.067865 0.151398
0.624689 0.322413 0.629727 0.307299 0.614613 0.302261 0.599499 0.307299 0.564234 0.297223 0.559196 0.387906 0.493703 0.367754 0.513854 0.483627 0.403020 0.448361 0.589423 0.498741 0.473551 0.559196 0.508816 0.624689 0.438285 0.619651 0.528968 0.826206 0.372792 0.806054 0.584385 1.000000 0.191427 0.947116 0.047993 0.182033 0.098456 0.038620 0.577979 0.449098 0.067865 0.139275
0.625419 0.326152 0.630386 0.311251 0.615485 0.306284 0.600583 0.306284 0.565814 0.296350 0.555880 0.385757 0.501242 0.370856 0.516143 0.485099 0.416801 0.460263 0.590649 0.509934 0.481373 0.564572 0.471439 0.624177 0.471439 0.619210 0.396933 0.817893 0.531044 0.817893 0.203217 0.917235 0.585682 1.000000 0.232293 0.013055 0.008528 0.130789 0.518703 0.417349 0.073377 0.209649
0.622357 0.322026 0.632244 0.307195 0.612469 0.302251 0.602582 0.302251 0.567976 0.292364 0.558089 0.386295 0.503708 0.371463 0.513595 0.485169 0.419665 0.460450 0.582807 0.514831 0.478989 0.564268 0.474045 0.623593 0.464158 0.618649 0.414721 0.826285 0.533370 0.811454 0.207085 0.890553 0.572920 1.000000 0.313820 0.052455 0.017715 0.160206 0.505718 0.406157 0.079506 0.200337
0.627220 0.323374 0.632160 0.303612 0.617339 0.303612 0.597576 0.303612 0.572873 0.293731 0.553111 0.382661 0.498765 0.372780 0.513587 0.491354 0.424656 0.471592 0.577814 0.525938 0.479003 0.580284 0.483943 0.624750 0.464181 0.619809 0.429597 0.822373 0.533349 0.807551 0.222093 0.861897 0.548171 1.000000 0.354664 0.090691 0.003161 0.156636 0.453791 0.352416 0.066534 0.197784
0.622383 0.321879 0.627229 0.307338 0.612689 0.302491 0.593302 0.302491 0.569067 0.297645 0.549680 0.380041 0.501212 0.375194 0.510905 0.486671 0.428509 0.476978 0.564221 0.530293 0.476978 0.578761 0.481824 0.622383 0.467284 0.622383 0.433356 0.811409 0.535140 0.796869 0.244329 0.835643 0.515752 1.000000 0.379516 0.147584 0.007004 0.161477 0.392743 0.338895 0.065254 0.197955
0.621517 0.327256 0.626282 0.312959 0.621517 0.308194 0.578628 0.303429 0.573863 0.298663 0.540506 0.379675 0.507148 0.374909 0.511913 0.494043 0.449964 0.484513 0.564332 0.541697 0.492852 0.584585 0.483321 0.622708 0.469025 0.622708 0.478556 0.803792 0.526209 0.808557 0.283176 0.827619 0.483321 1.000000 0.452998 0.163797 0.065184 0.143605 0.343125 0.281952 0.061048 0.103390
0.629102 0.328259 0.633840 0.314046 0.624364 0.309308 0.576987 0.309308 0.576987 0.299833 0.539086 0.380373 0.515397 0.375636 0.515397 0.494078 0.472758 0.489340 0.558037 0.555668 0.515397 0.603045 0.477496 0.621995 0.468021 0.621995 0.482234 0.802028 0.510660 0.802028 0.306939 0.839929 0.449070 0.991535 0.440594 0.174048 0.087821 0.134500 0.258130 0.228400 0.069932 0.065651
0.628182 0.324656 0.628182 0.310145 0.618508 0.305308 0.574975 0.305308 0.574975 0.300471 0.541115 0.382701 0.512093 0.373027 0.512093 0.503628 0.483070 0.489117 0.550789 0.581021 0.526604 0.590695 0.487907 0.624555 0.458885 0.619718 0.483070 0.818038 0.497581 0.803526 0.405677 1.000000 0.333121 0.876083 0.118898 0.433793 0.060974 0.133667 0.222560 0.206860 0.068268 0.074004
0.630071 0.324527 0.634979 0.304894 0.625162 0.304894 0.585896 0.304894 0.576079 0.295077 0.541721 0.383427 0.517179 0.373610 0.507362 0.501227 0.487729 0.491410 0.551538 0.584669 0.551538 0.589577 0.482821 0.623935 0.458279 0.619027 0.512271 0.815360 0.492637 0.810452 0.345387 0.918435 0.369929 0.992060 0.372471 0.245675 0.125039 0.131507 0.245319 0.261445 0.075706 0.007942
0.636730 0.324204 0.636730 0.304671 0.626964 0.304671 0.583015 0.304671 0.583015 0.299788 0.524416 0.377919 0.529299 0.377919 0.446285 0.470701 0.504883 0.490234 0.514650 0.548832 0.568365 0.583015 0.475584 0.622081 0.470701 0.622081 0.504883 0.807643 0.509766 0.802760 0.358387 0.983439 0.358387 0.983439 0.270990 0.289767 0.112681 0.142757 0.451594 0.259140 0.068930 0.017933
0.623687 0.311945 0.623687 0.296800 0.613590 0.291752 0.583299 0.296800 0.568154 0.286703 0.542912 0.382624 0.507573 0.372527 0.487379 0.498738 0.477282 0.493689 0.537863 0.564368 0.558057 0.569416 0.502524 0.624949 0.446991 0.619901 0.542912 0.816790 0.406604 0.811741 0.416701 0.978340 0.300586 1.000000 0.277152 0.084626 0.118617 0.010401 0.350714 0.338244 0.064724 0.132096
0.616969 0.318455 0.621843 0.303833 0.607221 0.298960 0.573106 0.303833 0.568232 0.294086 0.524369 0.381813 0.519495 0.372065 0.456137 0.479287 0.495126 0.484160 0.504874 0.547519 0.558484 0.562140 0.500000 0.625498 0.456137 0.620624 0.548737 0.805825 0.387905 0.805825 0.461010 0.991025 0.285557 1.000000 0.224834 0.041526 0.115748 0.032914 0.391832 0.285326 0.056139 0.196383
0.617070 0.317617 0.622000 0.302829 0.612141 0.302829 0.567778 0.302829 0.567778 0.297900 0.508626 0.376768 0.533273 0.376768 0.405111 0.455637 0.513556 0.485212 0.479051 0.534505 0.567778 0.554222 0.498768 0.623232 0.459333 0.623232 0.548060 0.805615 0.375536 0.810545 0.503697 1.000000 0.262162 1.000000 0.149697 0.035708 0.096748 0.041128 0.532491 0.269234 0.053600 0.217924
0.622000 0.317617 0.622000 0.302829 0.612141 0.297900 0.562848 0.302829 0.572707 0.297900 0.498768 0.376768 0.543131 0.376768 0.400182 0.455637 0.523414 0.475354 0.469192 0.534505 0.582565 0.539434 0.493838 0.623232 0.464263 0.623232 0.548060 0.815474 0.375536 0.805615 0.543131 1.000000 0.237516 0.987999 0.094579 0.062081 0.093872 0.045542 0.514034 0.300107 0.053600 0.231630
0.627343 0.318441 0.632387 0.303311 0.617257 0.303311 0.566824 0.303311 0.571867 0.298268 0.491174 0.373917 0.546651 0.378961 0.395351 0.454610 0.526477 0.474783 0.460914 0.535303 0.592040 0.535303 0.491174 0.626083 0.471001 0.621039 0.546651 0.822772 0.375178 0.812685 0.581954 1.000000 0.213792 0.979114 0.038385 0.097520 0.087507 0.051172 0.494405 0.328774 0.048346 0.235090
0.627138 0.321757 0.632124 0.306800 0.617167 0.306800 0.567308 0.306800 0.572294 0.301814 0.492521 0.371615 0.547365 0.381587 0.397791 0.451388 0.527422 0.476317 0.467592 0.526175 0.587252 0.526175 0.487535 0.625892 0.472578 0.620906 0.542379 0.820338 0.372862 0.810367 0.592237 1.000000 0.198358 0.944984 0.016372 0.136632 0.093747 0.057803 0.516245 0.344906 0.051003 0.241721
0.629691 0.323264 0.634777 0.308007 0.619519 0.302921 0.568660 0.308007 0.568660 0.302921 0.497457 0.374124 0.543230 0.379210 0.400825 0.455498 0.517801 0.475842 0.477113 0.531787 0.583918 0.531787 0.487285 0.628419 0.472027 0.618248 0.538144 0.831856 0.380481 0.816598 0.599175 1.000000 0.187216 0.928488 0.006772 0.195313 0.090705 0.045488 0.527217 0.358373 0.052036 0.215619
0.627494 0.332051 0.632397 0.317340 0.617687 0.312437 0.568651 0.312437 0.573554 0.307533 0.490193 0.371280 0.544132 0.381087 0.401928 0.454642 0.509807 0.479160 0.470578 0.538003 0.578458 0.528196 0.490193 0.626268 0.475482 0.621364 0.534325 0.822412 0.392121 0.817509 0.588265 1.000000 0.195976 0.881256 0.005866 0.272058 0.070447 0.039334 0.478384 0.409735 0.043843 0.198366
0.622838 0.335798 0.627852 0.320756 0.617824 0.315743 0.567686 0.310729 0.572700 0.300701 0.497493 0.375908 0.532590 0.375908 0.402231 0.466157 0.492479 0.481198 0.477438 0.531336 0.572700 0.536350 0.497493 0.626599 0.472424 0.621585 0.537604 0.827151 0.402231 0.822137 0.562673 1.000000 0.196665 0.867261 0.027610 0.324051 0.062833 0.030718 0.531299 0.424144 0.038396 0.170000
0.625868 0.330464 0.631005 0.309914 0.620731 0.309914 0.574493 0.304776 0.579631 0.299639 0.523119 0.381838 0.517981 0.371563 0.461469 0.484588 0.487156 0.484588 0.517981 0.541100 0.569356 0.556512 0.497431 0.628437 0.461469 0.618162 0.538531 0.823660 0.425507 0.808248 0.538531 1.000000 0.204596 0.849348 0.066048 0.381932 0.099086 0.012191 0.422021 0.355940 0.052569 0.125565
0.630173 0.324266 0.635380 0.308646 0.624966 0.303439 0.583311 0.303439 0.578104 0.293025 0.526035 0.381543 0.510414 0.371129 0.463552 0.485681 0.468758 0.485681 0.526035 0.548164 0.546862 0.568992 0.505207 0.626268 0.458345 0.621061 0.536448 0.824131 0.432310 0.808510 0.500000 1.000000 0.224033 0.829338 0.100067 0.424346 0.076873 0.021450 0.422021 0.350753 0.046574 0.093777
0.629444 0.334110 0.634471 0.319029 0.619390 0.314002 0.589229 0.308975 0.579175 0.298921 0.533932 0.379353 0.508797 0.374326 0.458528 0.494973 0.458528 0.494973 0.528905 0.580431 0.543986 0.585458 0.498743 0.625674 0.458528 0.620647 0.528905 0.821726 0.473608 0.821726 0.458528 1.000000 0.262476 0.851888 0.151006 0.478661 0.093757 0.087910 0.403243 0.366574 0.054673 0.024761
