0.465510 0.289612 0.485673 0.275816 0.455959 0.275816 0.526000 0.291734 0.446408 0.292795 0.572694 0.371326 0.420939 0.378755 0.632123 0.494429 0.397592 0.481694 0.538735 0.501857 0.403959 0.563408 0.554653 0.624959 0.451714 0.624959 0.551470 0.826593 0.429428 0.804307 0.548286 1.000000 0.457020 1.000000 0.000150 0.078935 0.017577 0.078935 0.617896 0.095746 0.008108 0.034326
0.465544 0.291420 0.484481 0.276690 0.455022 0.277742 0.524462 0.292472 0.445553 0.294576 0.571806 0.370328 0.420303 0.379797 0.631776 0.492372 0.399261 0.483955 0.537087 0.503945 0.405573 0.564968 0.556025 0.624938 0.451866 0.624938 0.551816 0.822734 0.435032 0.812213 0.552868 1.000000 0.453970 1.000000 0.008510 0.056278 0.012933 0.069295 0.606668 0.088204 0.010049 0.021763
0.464983 0.291988 0.484843 0.278400 0.454530 0.278400 0.523519 0.294079 0.445123 0.294079 0.570557 0.370385 0.420036 0.379792 0.631183 0.490592 0.401221 0.485366 0.536062 0.506272 0.405402 0.567943 0.555923 0.624389 0.453485 0.625434 0.552787 0.819857 0.438851 0.818812 0.558013 1.000000 0.454530 1.000000 0.014303 0.047636 0.013213 0.067122 0.596688 0.072242 0.011981 0.018936
0.463983 0.289416 0.482911 0.275745 0.452415 0.276797 0.522872 0.291519 0.442950 0.291519 0.570195 0.370390 0.418764 0.379854 0.633291 0.488169 0.399835 0.488169 0.543904 0.512356 0.404041 0.575453 0.557575 0.623826 0.453467 0.625930 0.554421 0.822580 0.444002 0.823631 0.560730 0.978217 0.458725 1.000000 0.017949 0.037472 0.010784 0.059822 0.572431 0.070399 0.014064 0.010174
0.462032 0.290261 0.481933 0.276645 0.451558 0.277692 0.522781 0.291308 0.443179 0.292355 0.569913 0.369862 0.420137 0.380336 0.633804 0.486122 0.400236 0.490312 0.550013 0.518591 0.403379 0.578292 0.556297 0.624377 0.453653 0.625425 0.556297 0.822333 0.449464 0.823381 0.564676 0.960589 0.465174 1.000000 0.019268 0.031426 0.017013 0.049997 0.542276 0.068346 0.012672 0.006736
0.459679 0.290279 0.478530 0.276664 0.450253 0.276664 0.520422 0.291326 0.440828 0.290279 0.569645 0.369873 0.419882 0.380346 0.633530 0.485076 0.396841 0.493454 0.552889 0.529063 0.401030 0.581427 0.556030 0.624367 0.454443 0.625414 0.553936 0.825448 0.451301 0.823353 0.567551 0.943792 0.472247 1.000000 0.039775 0.038435 0.013697 0.049648 0.502222 0.079112 0.013338 0.001735
0.458367 0.284941 0.478521 0.271152 0.448821 0.271152 0.518828 0.286002 0.439274 0.286002 0.570802 0.368737 0.419121 0.381466 0.637627 0.488597 0.394725 0.500265 0.557013 0.541633 0.398968 0.586183 0.557013 0.624368 0.453064 0.625429 0.551710 0.831206 0.450942 0.825903 0.569742 0.894849 0.478521 1.000000 0.096044 0.047813 0.008993 0.047372 0.476666 0.080177 0.012833 0.004791
0.458723 0.284558 0.477897 0.269645 0.448070 0.270710 0.520506 0.282428 0.439549 0.286689 0.570571 0.367646 0.419309 0.382559 0.639811 0.488016 0.393744 0.505060 0.566310 0.558321 0.395874 0.592408 0.557788 0.624365 0.452331 0.625430 0.546071 0.835279 0.452331 0.827823 0.572702 0.876823 0.488549 1.000000 0.199115 0.059104 0.001828 0.043015 0.423230 0.073252 0.012888 0.017665
0.458173 0.284432 0.476406 0.269417 0.447449 0.270490 0.518232 0.280142 0.438869 0.285505 0.571856 0.367013 0.420637 0.383100 0.642640 0.487130 0.392752 0.508580 0.578291 0.569711 0.394897 0.599740 0.555769 0.624407 0.451739 0.625480 0.540754 0.834613 0.452811 0.832468 0.575073 0.871077 0.495710 1.000000 0.263055 0.071494 0.002830 0.038974 0.380204 0.077093 0.009560 0.024347
0.458795 0.283945 0.478313 0.269848 0.447951 0.270932 0.519518 0.282860 0.438192 0.288282 0.572651 0.367439 0.421927 0.382620 0.647471 0.484548 0.391566 0.507319 0.595422 0.578886 0.394819 0.594067 0.555302 0.624428 0.450120 0.625513 0.537952 0.833707 0.453373 0.838044 0.580241 0.857562 0.504337 1.000000 0.362842 0.082954 0.004871 0.031910 0.341448 0.087953 0.006904 0.031200
0.458437 0.285979 0.477869 0.270865 0.447642 0.271945 0.518892 0.285979 0.437926 0.287059 0.571790 0.366945 0.421733 0.383139 0.649518 0.478139 0.388266 0.505128 0.604177 0.575299 0.395823 0.572060 0.554517 0.623878 0.451960 0.626038 0.528608 0.823595 0.453040 0.828993 0.580427 0.867857 0.508097 1.000000 0.316049 0.091080 0.019698 0.037716 0.333175 0.121014 0.008248 0.042758
0.459702 0.287422 0.479175 0.272276 0.448884 0.274440 0.519202 0.286340 0.438066 0.290667 0.572212 0.367477 0.420756 0.382622 0.653348 0.473495 0.386138 0.503786 0.612239 0.571941 0.393711 0.548141 0.554902 0.622787 0.452129 0.627114 0.523530 0.817515 0.454293 0.829415 0.577621 0.877015 0.510548 1.000000 0.285700 0.093775 0.029299 0.037219 0.333842 0.142412 0.008954 0.054251
0.461431 0.289228 0.480987 0.275104 0.450566 0.276191 0.520099 0.289228 0.439702 0.292487 0.573336 0.368539 0.419059 0.381577 0.655906 0.466320 0.381033 0.503259 0.621140 0.568447 0.391898 0.528248 0.554866 0.622769 0.452739 0.627115 0.522272 0.808553 0.458172 0.831368 0.572249 0.908507 0.512494 1.000000 0.202865 0.085733 0.032197 0.034928 0.327662 0.226959 0.009684 0.063745
0.461685 0.287880 0.481676 0.272332 0.450579 0.273443 0.521656 0.286770 0.439474 0.288991 0.574964 0.368952 0.417262 0.381169 0.660478 0.461130 0.375060 0.516659 0.629382 0.564413 0.406157 0.509995 0.554973 0.621053 0.452801 0.628827 0.519435 0.809850 0.465017 0.846499 0.558305 0.935345 0.519435 1.000000 0.154833 0.078450 0.034037 0.027521 0.331156 0.663307 0.009899 0.077070
0.463199 0.288675 0.483272 0.274178 0.450932 0.275293 0.522303 0.289790 0.439781 0.292020 0.574717 0.368967 0.415247 0.381234 0.659470 0.454836 0.367295 0.517285 0.633821 0.560777 0.408556 0.488291 0.556874 0.619881 0.453163 0.629918 0.513382 0.796078 0.473236 0.854067 0.542377 0.975621 0.525649 1.000000 0.127994 0.064718 0.054433 0.019732 0.323529 0.802841 0.012782 0.105460
0.464309 0.287271 0.483571 0.272542 0.452979 0.272542 0.524360 0.287271 0.440515 0.288405 0.576480 0.369983 0.414455 0.380181 0.662591 0.451562 0.357803 0.517279 0.637665 0.556935 0.408790 0.468558 0.557219 0.620386 0.451846 0.629450 0.511897 0.796007 0.475640 0.853792 0.528893 0.999954 0.527759 1.000000 0.106855 0.057639 0.055953 0.013759 0.332541 0.867498 0.011544 0.114025
0.465976 0.288709 0.485418 0.273841 0.454540 0.273841 0.525446 0.287565 0.440816 0.288709 0.576911 0.369909 0.415655 0.380202 0.663829 0.447678 0.353898 0.515153 0.638669 0.556325 0.413368 0.454540 0.556325 0.621514 0.451109 0.628376 0.512866 0.798781 0.477413 0.842240 0.519728 1.000000 0.526590 1.000000 0.086738 0.044121 0.050542 0.006213 0.340103 0.889643 0.009467 0.115483
0.467902 0.287351 0.488536 0.272449 0.455292 0.272449 0.526366 0.287351 0.441536 0.288498 0.577952 0.369889 0.415170 0.380206 0.661636 0.444402 0.349828 0.509744 0.639855 0.552159 0.410584 0.454719 0.556171 0.622087 0.450707 0.627819 0.514903 0.807796 0.479366 0.844480 0.510317 1.000000 0.529805 1.000000 0.062904 0.043562 0.042182 0.003511 0.331916 0.882963 0.008758 0.111466
0.469913 0.287074 0.489585 0.272030 0.456026 0.273187 0.527773 0.285916 0.443297 0.288231 0.579847 0.370393 0.415524 0.379650 0.663166 0.446768 0.346091 0.508100 0.642337 0.552074 0.410895 0.458340 0.555546 0.621507 0.449083 0.628450 0.515044 0.813604 0.480327 0.849477 0.502314 1.000000 0.526616 1.000000 0.048299 0.033750 0.035436 0.002021 0.325991 0.866179 0.005894 0.110845
0.471068 0.284164 0.490742 0.270277 0.458337 0.270277 0.527775 0.286479 0.445607 0.286479 0.581011 0.370962 0.415517 0.379063 0.662021 0.450815 0.346080 0.507522 0.643505 0.554972 0.413203 0.463545 0.555550 0.622095 0.447922 0.627881 0.513888 0.822307 0.486112 0.852397 0.497685 1.000000 0.528932 1.000000 0.043280 0.020039 0.033145 0.012409 0.308293 0.842360 0.004420 0.118938
0.473958 0.284722 0.494792 0.269676 0.462384 0.270833 0.531829 0.288194 0.447338 0.288194 0.582755 0.371528 0.417245 0.378472 0.662616 0.456019 0.348958 0.504630 0.646412 0.557870 0.417245 0.476852 0.553819 0.621528 0.446181 0.628472 0.515625 0.827546 0.479745 0.850694 0.500579 1.000000 0.544560 0.991898 0.038481 0.089260 0.021672 0.011039 0.291255 0.780897 0.000003 0.106067
0.479647 0.285005 0.499140 0.268952 0.465887 0.270098 0.535833 0.285005 0.452128 0.287298 0.582845 0.372149 0.421168 0.377883 0.663110 0.458148 0.356957 0.502867 0.645910 0.561345 0.420022 0.489107 0.550739 0.622117 0.445248 0.627851 0.517486 0.833099 0.476207 0.846859 0.501433 1.000000 0.545006 0.970696 0.028468 0.116714 0.009098 0.014132 0.291597 0.719446 0.005110 0.094460
0.482793 0.284773 0.501975 0.270105 0.470382 0.270105 0.536952 0.287030 0.455713 0.288158 0.583214 0.372782 0.422992 0.377295 0.662196 0.461919 0.363191 0.498025 0.644143 0.563468 0.420735 0.501410 0.549364 0.622141 0.444430 0.627782 0.521156 0.834265 0.469253 0.841035 0.504231 1.000000 0.547107 0.924531 0.018944 0.201989 0.000865 0.009710 0.286800 0.627689 0.007902 0.078967
0.483076 0.283093 0.502257 0.269554 0.470665 0.269554 0.537232 0.286478 0.457126 0.286478 0.584619 0.373353 0.422150 0.376738 0.663597 0.466999 0.367994 0.497461 0.643288 0.564028 0.418766 0.517770 0.548515 0.621569 0.444716 0.628339 0.521437 0.834809 0.466152 0.841579 0.506770 1.000000 0.553028 0.885581 0.019440 0.318875 0.005773 0.003419 0.288694 0.513108 0.008620 0.072097
0.482313 0.279763 0.502853 0.266070 0.470901 0.266070 0.537087 0.284328 0.457208 0.283186 0.585014 0.374476 0.421833 0.375617 0.664892 0.473754 0.371624 0.496577 0.642070 0.568467 0.413845 0.535375 0.548498 0.622100 0.444655 0.627806 0.519970 0.834349 0.465196 0.844620 0.505135 1.000000 0.543933 0.889123 0.021340 0.306179 0.004076 0.001340 0.290933 0.388681 0.008719 0.072595
0.483953 0.279357 0.504585 0.265602 0.471345 0.264456 0.538971 0.283942 0.456444 0.282795 0.585965 0.373345 0.422059 0.376784 0.667345 0.482234 0.375064 0.497135 0.639836 0.578515 0.409450 0.556737 0.548140 0.622070 0.443836 0.627801 0.520632 0.838702 0.462175 0.845579 0.509170 1.000000 0.537825 0.879965 0.023379 0.337458 0.007833 0.000813 0.292882 0.285062 0.010217 0.066947
0.484277 0.279020 0.503716 0.265298 0.471699 0.265298 0.539165 0.283594 0.456833 0.283594 0.583761 0.373930 0.424815 0.376217 0.664949 0.487136 0.382506 0.497427 0.637505 0.583189 0.404233 0.578615 0.547169 0.622068 0.444255 0.627785 0.518582 0.833614 0.455690 0.847335 0.508290 1.000000 0.533447 0.894219 0.027283 0.310728 0.003848 0.007984 0.286625 0.190131 0.010922 0.059319
0.486495 0.279985 0.505627 0.265355 0.474116 0.266480 0.539389 0.283361 0.458360 0.283361 0.582154 0.373393 0.426849 0.376769 0.659806 0.488183 0.388586 0.496061 0.630546 0.579340 0.400965 0.583842 0.546141 0.622105 0.444856 0.627732 0.519132 0.825802 0.449357 0.840432 0.514630 1.000000 0.538263 0.861815 0.034770 0.418136 0.003808 0.016064 0.288184 0.143395 0.011466 0.048698
0.485399 0.280698 0.504493 0.267219 0.473044 0.267219 0.538188 0.284067 0.458442 0.285190 0.580869 0.373922 0.425870 0.376169 0.658369 0.487364 0.392174 0.496350 0.620181 0.574973 0.400036 0.592944 0.547174 0.622147 0.446087 0.627763 0.521341 0.827690 0.444964 0.835552 0.516848 1.000000 0.531449 0.850154 0.032309 0.448482 0.003151 0.027244 0.321622 0.112864 0.008582 0.038077
0.485397 0.281797 0.503370 0.267194 0.471917 0.267194 0.537069 0.282920 0.457314 0.285167 0.579755 0.373908 0.425861 0.376155 0.653894 0.488486 0.393285 0.495226 0.607838 0.560378 0.397779 0.594077 0.547179 0.623284 0.447204 0.626653 0.524713 0.828850 0.441588 0.823233 0.522466 1.000000 0.526959 0.813123 0.030721 0.546612 0.006697 0.036147 0.364166 0.099463 0.007152 0.025558
0.482143 0.283735 0.501417 0.268996 0.468538 0.270130 0.535430 0.284869 0.452666 0.288270 0.578513 0.373302 0.423188 0.376704 0.652207 0.491213 0.390309 0.494615 0.593252 0.545634 0.395977 0.596653 0.550169 0.623863 0.448130 0.626131 0.529761 0.831342 0.434525 0.820004 0.527494 1.000000 0.503685 0.839278 0.027230 0.435787 0.004648 0.054026 0.440533 0.104226 0.002164 0.008908
0.480879 0.283106 0.500285 0.269407 0.467180 0.270549 0.533390 0.287672 0.451199 0.289955 0.577911 0.372146 0.421518 0.377854 0.647545 0.492009 0.389555 0.494292 0.581335 0.531963 0.396404 0.595890 0.552797 0.624429 0.447774 0.625570 0.535673 0.834474 0.431792 0.811643 0.532249 1.000000 0.492295 0.866437 0.019998 0.293018 0.005690 0.060885 0.494699 0.106705 0.000723 0.001383
0.480923 0.283889 0.500285 0.270222 0.466117 0.271361 0.531036 0.286167 0.449033 0.290722 0.576593 0.371586 0.421699 0.378420 0.643789 0.491173 0.389809 0.493451 0.564065 0.516230 0.397781 0.593677 0.552675 0.625567 0.449033 0.624428 0.537869 0.835129 0.429671 0.802100 0.536730 1.000000 0.482062 0.888658 0.020499 0.207801 0.007435 0.069775 0.566026 0.111349 0.002176 0.012099
0.480175 0.283649 0.498563 0.271007 0.465234 0.271007 0.528445 0.288246 0.447995 0.290544 0.574416 0.369844 0.421562 0.380188 0.641074 0.492817 0.391681 0.495116 0.556027 0.504310 0.400875 0.592804 0.553729 0.626133 0.450294 0.623835 0.543385 0.838749 0.427308 0.796226 0.545684 1.000000 0.475578 0.918049 0.019355 0.162275 0.010165 0.079556 0.615356 0.110838 0.005121 0.026719
0.476404 0.284138 0.496213 0.270155 0.462421 0.270155 0.527675 0.286469 0.446107 0.288799 0.574284 0.370367 0.420472 0.379688 0.639538 0.496213 0.392506 0.498543 0.545153 0.497378 0.402993 0.595259 0.554475 0.625555 0.450768 0.624390 0.550979 0.838795 0.421637 0.798011 0.554475 1.000000 0.467082 0.954154 0.011039 0.143067 0.019442 0.092125 0.648335 0.107940 0.006677 0.047697
0.478253 0.285140 0.496810 0.270062 0.462015 0.271222 0.528126 0.285140 0.445777 0.288619 0.574520 0.369808 0.420261 0.380247 0.634831 0.497390 0.399384 0.496231 0.538565 0.495071 0.406343 0.592497 0.555962 0.624973 0.449257 0.624973 0.557122 0.829105 0.416781 0.802428 0.558282 1.000000 0.457376 0.997281 0.000000 0.122995 0.024918 0.095155 0.648232 0.079659 0.006646 0.059424
0.476516 0.284583 0.495071 0.270666 0.461439 0.271826 0.526384 0.286902 0.445203 0.290381 0.573932 0.370402 0.419690 0.379680 0.630758 0.497970 0.401134 0.496811 0.529863 0.493332 0.410412 0.593067 0.556536 0.625539 0.449842 0.624379 0.558856 0.829649 0.416211 0.801816 0.560015 1.000000 0.446363 1.000000 0.001787 0.102691 0.025287 0.098652 0.648018 0.080596 0.008122 0.063243
0.477093 0.285140 0.495651 0.270062 0.462015 0.271222 0.525806 0.286299 0.445777 0.288619 0.574520 0.370968 0.420261 0.379087 0.627872 0.499710 0.404023 0.497390 0.526966 0.499710 0.412142 0.593657 0.555962 0.624973 0.449257 0.624973 0.559442 0.827945 0.419101 0.812867 0.565241 1.000000 0.437659 1.000000 0.003904 0.077119 0.028670 0.088019 0.625055 0.070200 0.006646 0.056111
0.477825 0.285166 0.496256 0.271343 0.464002 0.272495 0.526206 0.287470 0.446724 0.290926 0.574587 0.370409 0.421381 0.379624 0.625272 0.499424 0.406406 0.495968 0.518143 0.502880 0.412166 0.591578 0.555004 0.624984 0.449027 0.624984 0.557308 0.827722 0.420229 0.819659 0.569979 1.000000 0.427141 1.000000 0.017832 0.056904 0.028054 0.082464 0.608890 0.059899 0.005134 0.050365
0.477725 0.285348 0.497396 0.271462 0.462682 0.271462 0.527482 0.287662 0.445324 0.289976 0.573769 0.369820 0.421024 0.380234 0.626998 0.499421 0.405981 0.498264 0.524011 0.512150 0.412924 0.593151 0.556411 0.625551 0.448796 0.624394 0.556411 0.823425 0.419867 0.815325 0.571454 1.000000 0.421024 1.000000 0.026297 0.049540 0.021572 0.083916 0.584905 0.063601 0.006631 0.047865
0.480577 0.287189 0.497467 0.273677 0.465939 0.274803 0.527868 0.289441 0.446797 0.291693 0.571782 0.370512 0.424277 0.379519 0.624703 0.496622 0.407388 0.495496 0.530120 0.515764 0.409640 0.591205 0.553766 0.624984 0.450175 0.624984 0.557144 0.824284 0.426529 0.817528 0.576286 1.000000 0.423151 1.000000 0.028092 0.033621 0.027892 0.072355 0.562911 0.053521 0.005018 0.044291
0.480902 0.284585 0.497753 0.269981 0.466298 0.271104 0.528085 0.287956 0.448323 0.289079 0.571899 0.371088 0.423608 0.378952 0.626946 0.491294 0.405633 0.493540 0.534826 0.526119 0.405633 0.592401 0.553924 0.624980 0.450570 0.624980 0.555047 0.822701 0.431472 0.822701 0.580886 0.975485 0.428102 1.000000 0.051519 0.025067 0.024306 0.065395 0.521645 0.049527 0.005722 0.032459
0.480209 0.285123 0.498304 0.270421 0.465507 0.271552 0.528839 0.287385 0.448543 0.288516 0.571814 0.371074 0.422531 0.378990 0.629492 0.496607 0.401043 0.496607 0.539017 0.539583 0.398782 0.594998 0.554850 0.625533 0.450804 0.624403 0.553719 0.833625 0.431579 0.825709 0.581993 0.939933 0.433840 1.000000 0.084471 0.034098 0.019459 0.066819 0.495940 0.050202 0.007200 0.028578
0.482631 0.279903 0.500854 0.265097 0.467825 0.266236 0.530466 0.283319 0.449603 0.284458 0.576023 0.372156 0.422268 0.377850 0.635247 0.498576 0.394934 0.499715 0.547550 0.550967 0.392656 0.596524 0.553245 0.626136 0.448464 0.623858 0.547550 0.835698 0.429102 0.823170 0.579440 0.883533 0.439352 1.000000 0.195815 0.048276 0.019824 0.064592 0.468041 0.062746 0.002176 0.022177
0.482102 0.276848 0.500577 0.262991 0.467090 0.262991 0.531755 0.281467 0.450924 0.281467 0.576790 0.371536 0.423210 0.378464 0.639145 0.500866 0.388568 0.504330 0.558314 0.565531 0.383949 0.604792 0.552540 0.626732 0.447460 0.623268 0.542148 0.840358 0.428984 0.826501 0.579099 0.877309 0.445150 1.000000 0.265473 0.056298 0.014683 0.060286 0.428227 0.070867 0.000003 0.013385
0.481309 0.273367 0.501168 0.260517 0.467290 0.260517 0.533878 0.280376 0.450935 0.279208 0.578270 0.370329 0.422898 0.379674 0.642522 0.502336 0.384347 0.505841 0.565420 0.581775 0.376170 0.605139 0.552570 0.626167 0.446262 0.623830 0.535046 0.843454 0.427571 0.834108 0.579438 0.873828 0.452103 1.000000 0.334613 0.071360 0.006253 0.058588 0.389435 0.068239 0.001487 0.002605
0.483453 0.272186 0.503546 0.258003 0.469270 0.258003 0.535457 0.276914 0.451542 0.276914 0.581552 0.370285 0.421994 0.379740 0.647739 0.500295 0.378263 0.508569 0.578006 0.590121 0.374717 0.598394 0.552004 0.625578 0.444450 0.624396 0.529548 0.843051 0.429085 0.841869 0.574461 0.867871 0.458633 1.000000 0.372051 0.076434 0.003926 0.051587 0.360017 0.091607 0.004514 0.010300
0.485694 0.273439 0.505547 0.259425 0.470512 0.260593 0.537079 0.278111 0.452994 0.280446 0.582625 0.370370 0.423799 0.379713 0.652695 0.495329 0.375917 0.505839 0.591967 0.587588 0.379421 0.578245 0.549925 0.624959 0.443652 0.624959 0.527736 0.836338 0.430806 0.839841 0.567443 0.866701 0.464673 1.000000 0.325484 0.084023 0.007370 0.044719 0.347975 0.130880 0.008179 0.014285
0.485469 0.274480 0.505231 0.260530 0.471519 0.261692 0.536618 0.280292 0.452920 0.281454 0.583117 0.370965 0.422695 0.379102 0.656353 0.487213 0.372709 0.496513 0.602879 0.582536 0.377359 0.540687 0.550568 0.624385 0.443620 0.625547 0.520343 0.830143 0.431995 0.840606 0.561030 0.871992 0.469194 0.999865 0.291942 0.090229 0.005765 0.044151 0.341679 0.161503 0.007401 0.029236
0.488746 0.275794 0.507214 0.261943 0.472587 0.263098 0.537223 0.281565 0.454120 0.282719 0.583392 0.371594 0.424110 0.378519 0.660724 0.478936 0.372171 0.491632 0.615710 0.574735 0.376788 0.513562 0.548766 0.624367 0.443732 0.625521 0.510677 0.825200 0.435653 0.842513 0.556845 0.895607 0.473742 0.999486 0.244407 0.087619 0.016326 0.037080 0.338544 0.203069 0.009554 0.047814
