0.505493 0.273406 0.516480 0.256927 0.489014 0.256927 0.538452 0.267913 0.461548 0.273406 0.571411 0.377777 0.423095 0.372284 0.587891 0.509613 0.362671 0.465668 0.593384 0.624970 0.406616 0.515106 0.549439 0.624970 0.456055 0.624970 0.543945 0.817231 0.478027 0.806245 0.527466 1.000000 0.521973 0.894136 0.018125 0.109188 0.019128 0.002888 0.024437 0.414104 0.006994 0.047488
0.500000 0.265449 0.516854 0.248596 0.483146 0.248596 0.539326 0.259831 0.460674 0.265449 0.578652 0.377809 0.421348 0.372191 0.595506 0.501405 0.376404 0.484551 0.595506 0.613764 0.421348 0.568820 0.550562 0.625000 0.449438 0.625000 0.539326 0.816011 0.460674 0.810393 0.516854 1.000000 0.494382 0.793539 0.018575 0.628316 0.017315 0.015955 0.043140 0.277077 0.000007 0.037971
0.494318 0.267045 0.511364 0.250000 0.477273 0.255682 0.534091 0.267045 0.454545 0.272727 0.579545 0.375000 0.420455 0.375000 0.613636 0.482955 0.369318 0.482955 0.573864 0.545455 0.397727 0.573864 0.551136 0.625000 0.448864 0.625000 0.534091 0.818182 0.460227 0.818182 0.517045 0.994318 0.500000 0.818182 0.002694 0.481297 0.008004 0.017315 0.277760 0.237223 0.000007 0.046716
0.492817 0.265820 0.504310 0.248580 0.475576 0.248580 0.527297 0.265820 0.452589 0.271567 0.579018 0.375008 0.418109 0.375008 0.630738 0.478450 0.377882 0.489943 0.584765 0.507183 0.400869 0.587638 0.550284 0.627865 0.452589 0.622118 0.544537 0.811761 0.458336 0.788774 0.527297 0.978417 0.469830 0.857735 0.022868 0.041597 0.026073 0.033159 0.469776 0.180725 0.003658 0.020916
0.482558 0.264535 0.500000 0.247093 0.470930 0.247093 0.523256 0.264535 0.447674 0.264535 0.581395 0.375000 0.418605 0.375000 0.633721 0.479651 0.383721 0.485465 0.604651 0.485465 0.401163 0.549419 0.552326 0.625000 0.447674 0.625000 0.546512 0.816860 0.465116 0.793605 0.529070 0.979651 0.470930 0.898256 0.024332 0.015146 0.027204 0.004036 0.584751 0.182115 0.000007 0.042455
0.488509 0.268739 0.500000 0.251502 0.471272 0.251502 0.522982 0.268739 0.448290 0.268739 0.574693 0.372160 0.419561 0.377906 0.637895 0.469836 0.402325 0.492818 0.591930 0.458344 0.419561 0.579002 0.551710 0.624967 0.454035 0.624967 0.545965 0.814572 0.459781 0.797335 0.534474 0.975449 0.477018 0.935230 0.013055 0.028977 0.019215 0.033524 0.760786 0.110226 0.007316 0.020249
0.484205 0.268816 0.495692 0.257328 0.466974 0.257328 0.518667 0.268816 0.443999 0.268816 0.570360 0.372202 0.421024 0.377946 0.645029 0.469846 0.403793 0.492820 0.581848 0.446871 0.409537 0.584720 0.553129 0.624926 0.455486 0.624926 0.541642 0.808725 0.461230 0.808725 0.530154 0.952317 0.472717 0.981036 0.005542 0.011245 0.001799 0.034187 0.818825 0.067262 0.010972 0.029812
0.484559 0.274005 0.495789 0.257160 0.467715 0.257160 0.518248 0.268390 0.445256 0.268390 0.568781 0.369456 0.422797 0.380686 0.636159 0.464908 0.405952 0.487367 0.580011 0.448063 0.405952 0.560359 0.551937 0.622122 0.456485 0.627736 0.540707 0.813024 0.467715 0.813024 0.512633 0.942165 0.484559 0.992698 0.049435 0.010486 0.002487 0.023872 0.788427 0.049848 0.010725 0.037971
0.479427 0.281922 0.495885 0.265464 0.462968 0.265464 0.517830 0.276436 0.446509 0.276436 0.567206 0.369702 0.419078 0.380674 0.633041 0.462968 0.402619 0.495885 0.583665 0.457482 0.408106 0.567206 0.556234 0.622069 0.457482 0.627555 0.539775 0.814087 0.473940 0.819573 0.501372 0.901866 0.484913 0.995132 0.104057 0.007349 0.013387 0.021904 0.730877 0.069604 0.017472 0.054435
0.479229 0.275678 0.490307 0.264600 0.462613 0.264600 0.512462 0.275678 0.440458 0.275678 0.562312 0.369838 0.418302 0.380915 0.623239 0.458459 0.396147 0.491692 0.590006 0.480614 0.401686 0.569235 0.556773 0.624624 0.462613 0.624624 0.551234 0.818483 0.479229 0.818483 0.495846 0.829560 0.490307 1.000000 0.428075 0.009048 0.002171 0.030032 0.504547 0.085531 0.024708 0.036309
0.477366 0.270831 0.494342 0.253856 0.460391 0.253856 0.516975 0.270831 0.443415 0.270831 0.567902 0.372684 0.409464 0.378343 0.641462 0.463220 0.375513 0.485854 0.703705 0.519805 0.392489 0.565073 0.562243 0.621657 0.460391 0.627316 0.562243 0.814046 0.477366 0.814046 0.522634 0.797070 0.500000 1.000000 0.628881 0.008419 0.007233 0.035365 0.047958 0.164557 0.028858 0.028858
0.485693 0.275373 0.497139 0.258204 0.468524 0.258204 0.520030 0.275373 0.445632 0.275373 0.565814 0.372664 0.411294 0.378387 0.600152 0.481400 0.365510 0.487123 0.582983 0.561522 0.399848 0.561522 0.560091 0.624475 0.462801 0.624475 0.560091 0.819056 0.485693 0.813333 0.514307 0.864840 0.502861 0.990746 0.250000 0.007687 0.007233 0.027279 0.164557 0.264493 0.029188 0.038396
0.486990 0.265814 0.498554 0.248467 0.469643 0.254249 0.521684 0.271596 0.446513 0.271596 0.567943 0.369897 0.406036 0.381461 0.591072 0.479762 0.359777 0.485544 0.585290 0.560715 0.394472 0.554933 0.562161 0.618539 0.463860 0.630103 0.562161 0.774663 0.481207 0.809357 0.556378 0.861398 0.492772 0.971264 0.021189 0.008010 0.007402 0.042024 0.088746 0.280709 0.033191 0.030709
0.491215 0.261349 0.502928 0.249636 0.473646 0.249636 0.526354 0.267205 0.450220 0.267205 0.567349 0.372622 0.409225 0.378478 0.590775 0.489751 0.362373 0.489751 0.590775 0.577598 0.409225 0.501464 0.561493 0.618594 0.461933 0.630306 0.567349 0.776718 0.479502 0.806001 0.555636 0.905561 0.491215 0.969982 0.040642 0.009027 0.019361 0.033949 0.062833 0.548874 0.029871 0.019942
0.501503 0.260975 0.513530 0.248949 0.483464 0.248949 0.531569 0.260975 0.459411 0.260975 0.567648 0.375226 0.417319 0.375226 0.585688 0.501503 0.351173 0.471437 0.591701 0.591701 0.417319 0.483464 0.555622 0.621767 0.459411 0.627780 0.561635 0.796150 0.477451 0.808176 0.567648 0.964519 0.489477 0.976546 0.000390 0.009027 0.026487 0.020843 0.023978 0.634465 0.019152 0.020754
0.501487 0.265031 0.513384 0.247185 0.483641 0.247185 0.537179 0.265031 0.459847 0.265031 0.566922 0.378054 0.424156 0.372105 0.578819 0.502974 0.352772 0.467283 0.596665 0.604100 0.424156 0.479180 0.549076 0.621946 0.459847 0.627895 0.555024 0.800404 0.477693 0.800404 0.560973 0.990759 0.489590 0.955067 0.000662 0.008375 0.033856 0.011319 0.025375 0.652264 0.011363 0.022206
0.508821 0.272122 0.520583 0.254480 0.491179 0.254480 0.538225 0.266241 0.467656 0.266241 0.567628 0.377975 0.426491 0.372094 0.573509 0.501470 0.350042 0.472067 0.573509 0.572039 0.426491 0.489709 0.549986 0.624965 0.455895 0.624965 0.555867 0.813149 0.473537 0.795506 0.561748 1.000000 0.491179 0.924882 0.000306 0.010329 0.032642 0.004036 0.015146 0.635615 0.007489 0.022868
0.508618 0.268739 0.520110 0.257248 0.491382 0.257248 0.543092 0.268739 0.468399 0.268739 0.571820 0.377906 0.422434 0.372160 0.589057 0.504309 0.359233 0.469836 0.606294 0.619221 0.428180 0.504309 0.548838 0.624967 0.456908 0.624967 0.548838 0.814572 0.479890 0.808826 0.548838 1.000000 0.497127 0.906502 0.000001 0.016016 0.029525 0.003556 0.004254 0.535223 0.007316 0.039583
0.510293 0.266193 0.522057 0.254429 0.492648 0.254429 0.539703 0.266193 0.463238 0.266193 0.574995 0.377950 0.422064 0.372068 0.592641 0.507352 0.369127 0.472061 0.598523 0.607346 0.427946 0.548526 0.551467 0.624991 0.451474 0.624991 0.545585 0.819096 0.469120 0.813214 0.539703 1.000000 0.480884 0.960262 0.000622 0.004343 0.020581 0.007092 0.024437 0.363699 0.003745 0.039397
0.505881 0.260360 0.523523 0.248599 0.488239 0.248599 0.541165 0.260360 0.464716 0.266241 0.582330 0.377975 0.423551 0.372094 0.605853 0.507351 0.376505 0.489709 0.599972 0.607323 0.411789 0.577920 0.547046 0.624965 0.447073 0.624965 0.541165 0.819029 0.464716 0.813149 0.523523 1.000000 0.494119 0.854314 0.019215 0.167677 0.035524 0.000231 0.075952 0.242238 0.007489 0.039397
0.502941 0.260294 0.514706 0.248529 0.485294 0.248529 0.532353 0.260294 0.461765 0.266176 0.579412 0.377941 0.420588 0.372059 0.614706 0.507353 0.373529 0.483824 0.614706 0.613235 0.397059 0.583824 0.550000 0.625000 0.450000 0.625000 0.532353 0.813235 0.461765 0.801471 0.514706 0.989706 0.491176 0.854412 0.001970 0.140225 0.007962 0.015658 0.084751 0.200412 0.000007 0.050944
0.496988 0.260542 0.515060 0.248494 0.478916 0.248494 0.533133 0.260542 0.454819 0.266566 0.581325 0.375000 0.418675 0.375000 0.623494 0.501506 0.370482 0.477410 0.617470 0.615964 0.388554 0.579819 0.551205 0.628012 0.448795 0.621988 0.533133 0.808735 0.466867 0.772590 0.521084 0.989458 0.472892 0.887048 0.010537 0.021278 0.005992 0.000617 0.119154 0.195606 0.000007 0.069741
0.493750 0.259375 0.506250 0.240625 0.475000 0.240625 0.525000 0.253125 0.450000 0.259375 0.581250 0.371875 0.418750 0.378125 0.637500 0.484375 0.375000 0.490625 0.575000 0.503125 0.412500 0.559375 0.550000 0.628125 0.450000 0.621875 0.537500 0.821875 0.475000 0.790625 0.518750 1.000000 0.475000 0.915625 0.011218 0.046816 0.018120 0.006228 0.554810 0.277005 0.000007 0.067324
0.488783 0.259635 0.501602 0.240406 0.469554 0.246816 0.520832 0.253225 0.443915 0.266045 0.578519 0.368601 0.418276 0.381420 0.642617 0.483976 0.386227 0.509615 0.578519 0.477566 0.399047 0.605761 0.552880 0.624990 0.450325 0.624990 0.540061 0.817282 0.475964 0.804462 0.527241 1.000000 0.475964 0.990344 0.000001 0.045167 0.010536 0.003526 0.693140 0.120172 0.004080 0.066357
0.485770 0.261248 0.498419 0.242274 0.466796 0.248599 0.517393 0.254923 0.441498 0.261248 0.574314 0.368765 0.416200 0.381415 0.643884 0.476283 0.397226 0.501581 0.580638 0.463634 0.397226 0.583800 0.555340 0.621748 0.454147 0.628072 0.542691 0.811484 0.473121 0.805160 0.523717 0.975923 0.479445 0.988572 0.015377 0.023003 0.002641 0.014615 0.745640 0.049848 0.012082 0.055164
0.479702 0.265790 0.492193 0.247053 0.460965 0.253298 0.517175 0.259544 0.442228 0.265790 0.573386 0.365719 0.417246 0.384456 0.642088 0.465649 0.392263 0.503123 0.573386 0.453158 0.398509 0.584316 0.554649 0.621789 0.454719 0.628035 0.542158 0.809158 0.473456 0.815403 0.510930 0.965298 0.485947 1.000000 0.041644 0.011857 0.002060 0.016864 0.748963 0.090485 0.011931 0.052915
0.483660 0.271238 0.495544 0.259355 0.465834 0.259355 0.513369 0.265296 0.442067 0.271238 0.566846 0.366308 0.418299 0.384134 0.632206 0.461378 0.400474 0.502971 0.578730 0.467320 0.400474 0.580215 0.554962 0.621808 0.459892 0.627750 0.543079 0.806006 0.477718 0.811948 0.507427 0.930785 0.489602 1.000000 0.068078 0.010840 0.005712 0.023118 0.656491 0.047393 0.018925 0.051216
0.478186 0.263165 0.490651 0.244468 0.459489 0.250700 0.515581 0.256933 0.434559 0.263165 0.571674 0.369118 0.409629 0.381583 0.627766 0.468838 0.384699 0.500000 0.596604 0.462605 0.390931 0.581022 0.559209 0.618417 0.459489 0.630882 0.565441 0.767997 0.471954 0.817857 0.534279 0.867717 0.484419 1.000000 0.109666 0.001321 0.029157 0.041644 0.725932 0.090485 0.023829 0.007934
0.483687 0.271625 0.495551 0.259761 0.465892 0.259761 0.519278 0.271625 0.442165 0.271625 0.566733 0.366534 0.412506 0.384329 0.620119 0.467375 0.382847 0.497034 0.614188 0.532625 0.394710 0.591943 0.560801 0.621602 0.459960 0.627534 0.572665 0.805489 0.477756 0.811421 0.554869 0.805489 0.501483 0.995307 0.520508 0.010138 0.027909 0.030630 0.183843 0.121492 0.026465 0.010201
0.486330 0.269132 0.498481 0.256981 0.468104 0.256981 0.516708 0.269132 0.443802 0.269132 0.565311 0.366340 0.413425 0.384566 0.613915 0.469623 0.364821 0.481774 0.589613 0.548604 0.383047 0.560755 0.559236 0.621509 0.462028 0.627585 0.565311 0.803773 0.480255 0.809849 0.541009 0.815924 0.504557 0.986037 0.363023 0.011905 0.018184 0.031107 0.235021 0.219776 0.027107 0.021119
0.491198 0.275558 0.502934 0.257955 0.473595 0.257955 0.526405 0.275558 0.455992 0.275558 0.567479 0.369443 0.414918 0.381178 0.596818 0.475062 0.367976 0.480930 0.585082 0.533740 0.391447 0.527872 0.555744 0.621756 0.461860 0.627624 0.561611 0.797788 0.479463 0.803656 0.544008 0.885805 0.502934 0.962085 0.073439 0.015091 0.025401 0.028187 0.149078 0.287590 0.022432 0.021119
0.493781 0.273007 0.506219 0.254350 0.475124 0.254350 0.524876 0.266788 0.450248 0.266788 0.562190 0.372511 0.412934 0.378730 0.593285 0.484453 0.363182 0.496891 0.587066 0.559080 0.412934 0.509328 0.562190 0.621270 0.462686 0.627489 0.562190 0.782964 0.475124 0.801621 0.568409 0.926000 0.493781 0.969533 0.013831 0.012525 0.000001 0.040135 0.112710 0.548874 0.031725 0.022698
0.498424 0.262008 0.511033 0.249400 0.485815 0.249400 0.529946 0.262008 0.460597 0.262008 0.567772 0.375488 0.410162 0.375488 0.592990 0.501576 0.359727 0.488967 0.592990 0.583533 0.429075 0.501576 0.561468 0.621360 0.460597 0.627664 0.567772 0.804188 0.479511 0.816797 0.574077 0.961798 0.492119 0.987016 0.001756 0.008190 0.019132 0.031107 0.062833 0.575876 0.028131 0.020754
0.495140 0.265105 0.508100 0.245666 0.482180 0.245666 0.534019 0.258625 0.456261 0.258625 0.572898 0.375263 0.410902 0.375263 0.598818 0.498380 0.339623 0.491900 0.598818 0.582618 0.423862 0.498380 0.559939 0.621497 0.456261 0.627977 0.559939 0.815893 0.475701 0.815893 0.572898 1.000000 0.482180 0.971410 0.021918 0.019557 0.016738 0.023719 0.066048 0.650171 0.020641 0.032812
0.506657 0.262005 0.519972 0.242033 0.486686 0.242033 0.539943 0.255348 0.460057 0.255348 0.573229 0.375177 0.413456 0.375177 0.586544 0.495007 0.333570 0.488350 0.599858 0.581551 0.406799 0.508322 0.559915 0.621494 0.453400 0.628151 0.566572 0.814553 0.473371 0.814553 0.579886 0.994298 0.480028 0.967669 0.012564 0.020144 0.028161 0.015873 0.013367 0.610903 0.016960 0.023003
0.503242 0.264927 0.516212 0.251958 0.483788 0.251958 0.535666 0.264927 0.457849 0.264927 0.574575 0.375168 0.412456 0.375168 0.587544 0.498379 0.347608 0.485409 0.594029 0.602135 0.393001 0.511348 0.555120 0.621589 0.457849 0.628074 0.561605 0.809647 0.470819 0.796678 0.568090 0.978251 0.477303 0.932858 0.001267 0.009291 0.036050 0.032093 0.013514 0.504004 0.016521 0.013465
0.498378 0.264789 0.511355 0.245323 0.478912 0.245323 0.530821 0.258300 0.459446 0.264789 0.576241 0.375095 0.414026 0.375095 0.589218 0.498378 0.349140 0.485401 0.589218 0.602195 0.401049 0.517844 0.556775 0.621661 0.452958 0.628150 0.556775 0.809830 0.465935 0.803341 0.556775 0.978533 0.485401 0.829296 0.000002 0.181297 0.025078 0.025054 0.033383 0.491445 0.012395 0.023535
0.496876 0.268822 0.515620 0.250078 0.484380 0.250078 0.534364 0.262574 0.459388 0.268822 0.571853 0.375039 0.421899 0.375039 0.596845 0.500000 0.365667 0.481256 0.584349 0.593721 0.396907 0.581225 0.553108 0.624961 0.453140 0.624961 0.553108 0.818650 0.465636 0.812402 0.546860 0.999844 0.503124 0.824898 0.010972 0.376394 0.023829 0.018394 0.105025 0.251396 0.007956 0.021189
0.495257 0.267573 0.507906 0.248599 0.476283 0.254923 0.526879 0.261248 0.457309 0.267573 0.571151 0.375090 0.419362 0.375090 0.602774 0.482607 0.368765 0.482607 0.571151 0.558502 0.394064 0.577476 0.552178 0.621748 0.457309 0.628072 0.545853 0.811484 0.463634 0.798835 0.539528 0.994896 0.501581 0.836783 0.000377 0.238216 0.013831 0.035610 0.216719 0.222959 0.012082 0.022390
0.495134 0.268033 0.508111 0.255056 0.475668 0.255056 0.527577 0.268033 0.449713 0.274522 0.572997 0.371850 0.417271 0.378339 0.611928 0.475668 0.371850 0.488645 0.566508 0.534065 0.391316 0.585974 0.553531 0.624905 0.456202 0.624905 0.553531 0.806586 0.475668 0.780631 0.540554 1.000000 0.482156 0.897426 0.021189 0.021917 0.024438 0.010265 0.324617 0.187167 0.012395 0.039584
0.479737 0.260223 0.493246 0.246714 0.466229 0.246714 0.520263 0.260223 0.445966 0.266977 0.581051 0.368291 0.412194 0.381800 0.621577 0.469606 0.385177 0.503377 0.621577 0.516886 0.385177 0.618200 0.554034 0.624954 0.452720 0.624954 0.560789 0.814075 0.486491 0.800566 0.554034 1.000000 0.493246 0.955915 0.022335 0.046644 0.044747 0.007906 0.121119 0.069604 0.008601 0.049112
0.479796 0.267654 0.493265 0.247450 0.459592 0.254185 0.513469 0.260920 0.439388 0.267654 0.567347 0.368674 0.412449 0.382144 0.621224 0.462959 0.385511 0.496633 0.594285 0.489898 0.398980 0.597652 0.560612 0.624591 0.459592 0.624591 0.560612 0.813161 0.486531 0.806427 0.547143 0.994997 0.493265 0.988263 0.023535 0.035033 0.008375 0.014314 0.415249 0.115751 0.025753 0.046816
0.466049 0.278511 0.478983 0.259110 0.453115 0.265577 0.504850 0.272044 0.433715 0.278511 0.563052 0.362580 0.414314 0.388447 0.627720 0.446649 0.394914 0.491916 0.569519 0.459582 0.407848 0.582452 0.556585 0.621253 0.466049 0.627720 0.543651 0.808792 0.485450 0.808792 0.530717 0.989863 0.485450 0.976929 0.000779 0.033975 0.013962 0.033805 0.639110 0.104165 0.028858 0.055893
0.471239 0.276302 0.484022 0.263519 0.452065 0.263519 0.509587 0.276302 0.439282 0.282693 0.560718 0.365781 0.420108 0.384955 0.631023 0.442478 0.400934 0.487217 0.573501 0.461652 0.407325 0.583088 0.554327 0.621436 0.464847 0.627828 0.541544 0.813177 0.490413 0.813177 0.509587 0.979353 0.496804 1.000000 0.039286 0.033365 0.013233 0.014356 0.633753 0.080187 0.024437 0.064819
0.471664 0.278034 0.490555 0.265440 0.459070 0.265440 0.509445 0.271737 0.433882 0.278034 0.559821 0.366191 0.414992 0.385081 0.622790 0.448050 0.396101 0.492129 0.572414 0.454347 0.408695 0.586582 0.559821 0.624364 0.465367 0.624364 0.547227 0.806974 0.484258 0.806974 0.503148 0.958100 0.496852 0.989585 0.068417 0.010894 0.021918 0.033236 0.669131 0.097792 0.032124 0.054730
0.471304 0.276812 0.484058 0.257681 0.452174 0.264058 0.509565 0.270435 0.433044 0.276812 0.560580 0.366087 0.413913 0.385218 0.617971 0.468116 0.382029 0.500000 0.579710 0.480870 0.413913 0.570145 0.560580 0.621159 0.464928 0.627536 0.554203 0.806087 0.484058 0.818840 0.509565 0.914492 0.496812 1.000000 0.113362 0.012458 0.010972 0.034323 0.560682 0.222045 0.032533 0.042697
0.475749 0.272044 0.488683 0.252643 0.456349 0.252643 0.508084 0.265577 0.436948 0.272044 0.566285 0.369047 0.411081 0.381980 0.611553 0.472516 0.372280 0.491916 0.566285 0.556585 0.411081 0.575985 0.559818 0.621253 0.462816 0.627720 0.559818 0.802325 0.482216 0.815258 0.533951 0.918728 0.501617 1.000000 0.069605 0.001094 0.008160 0.033236 0.288501 0.245640 0.028858 0.032812
0.468359 0.265188 0.481681 0.245204 0.455036 0.251865 0.481681 0.265188 0.488343 0.265188 0.421729 0.378431 0.568279 0.371769 0.361777 0.504996 0.601585 0.498335 0.408407 0.571609 0.581601 0.564948 0.455036 0.624900 0.554956 0.624900 0.488343 0.824740 0.554956 0.798095 0.508327 1.000000 0.528311 0.904676 0.020843 0.077979 0.009812 0.016738 0.335212 0.174682 0.012725 0.052569
0.481501 0.257838 0.494955 0.244384 0.461321 0.244384 0.508408 0.257838 0.434414 0.264565 0.568949 0.372192 0.407507 0.378919 0.595856 0.486547 0.346967 0.493273 0.568949 0.567267 0.407507 0.547087 0.562222 0.621081 0.461321 0.627808 0.562222 0.795976 0.488228 0.816156 0.548769 0.903604 0.501682 1.000000 0.039583 0.022469 0.008601 0.022614 0.175975 0.423687 0.030021 0.045167
0.483643 0.267731 0.503271 0.248102 0.470557 0.248102 0.522900 0.267731 0.450929 0.267731 0.542528 0.372415 0.431301 0.378958 0.503271 0.483643 0.352787 0.490186 0.477100 0.509814 0.424758 0.509814 0.549071 0.621042 0.477100 0.627585 0.549071 0.804240 0.496729 0.810783 0.549071 0.941639 0.509814 0.980896 0.000002 0.009537 0.008375 0.024011 0.142000 0.610903 0.033383 0.033975
