0.513684 0.281620 0.531930 0.270217 0.497719 0.267936 0.554738 0.286182 0.472631 0.283901 0.586668 0.379692 0.424736 0.370569 0.634563 0.496009 0.354033 0.473201 0.577545 0.452675 0.417894 0.502851 0.547895 0.628291 0.440701 0.621449 0.536492 0.824434 0.427017 0.787942 0.527369 1.000000 0.431578 0.940751 0.002781 0.035603 0.030763 0.046333 0.831194 0.553654 0.014525 0.007618
0.514763 0.283098 0.530662 0.271742 0.498864 0.269471 0.551103 0.289912 0.471610 0.285369 0.585171 0.378489 0.423914 0.371676 0.641952 0.489779 0.348963 0.471610 0.578357 0.446626 0.414829 0.494322 0.548831 0.628324 0.442084 0.621511 0.542018 0.825921 0.435270 0.800937 0.530662 1.000000 0.439813 0.969008 0.008897 0.020682 0.035006 0.035191 0.839948 0.599135 0.011570 0.001112
0.511875 0.286819 0.527708 0.273248 0.496042 0.270986 0.550326 0.289081 0.471161 0.284557 0.584254 0.377294 0.421400 0.372770 0.645325 0.485863 0.346759 0.472292 0.579731 0.442888 0.412353 0.494911 0.550326 0.626099 0.444019 0.623837 0.543541 0.820619 0.444019 0.807048 0.529970 0.999307 0.446281 0.983474 0.013030 0.004080 0.032040 0.028599 0.847719 0.599135 0.007200 0.011099
0.509049 0.285642 0.527148 0.274330 0.493213 0.272068 0.547509 0.287905 0.468327 0.283380 0.581445 0.376136 0.420818 0.373874 0.644790 0.477942 0.343898 0.471155 0.581445 0.441744 0.407244 0.491516 0.552034 0.624995 0.445704 0.624995 0.547509 0.815032 0.445704 0.810508 0.529411 0.982446 0.452491 0.989233 0.026701 0.012082 0.029867 0.031442 0.842420 0.613969 0.002880 0.007577
0.510650 0.288679 0.526345 0.277469 0.494955 0.275226 0.546524 0.290921 0.470292 0.284195 0.577914 0.376122 0.420965 0.373880 0.640694 0.474776 0.346975 0.472534 0.580156 0.445628 0.409754 0.497197 0.553251 0.624999 0.447870 0.624999 0.555493 0.804369 0.454597 0.808853 0.528587 0.950108 0.459081 0.994950 0.062089 0.003973 0.035420 0.022335 0.823229 0.585679 0.001428 0.007662
0.511875 0.286819 0.527708 0.275510 0.496042 0.273248 0.543541 0.289081 0.466637 0.282296 0.577469 0.375032 0.416876 0.375032 0.640801 0.476816 0.346759 0.479078 0.581993 0.454197 0.414615 0.501696 0.554850 0.623837 0.450804 0.626099 0.563898 0.804786 0.457590 0.818357 0.527708 0.920141 0.464376 1.000000 0.112669 0.000429 0.044760 0.031526 0.794046 0.586342 0.007200 0.004672
0.509654 0.284200 0.525555 0.272842 0.493753 0.270571 0.541456 0.286472 0.466494 0.279657 0.575530 0.375063 0.416520 0.375063 0.639134 0.477284 0.350644 0.479556 0.584616 0.463655 0.416520 0.506815 0.557357 0.622665 0.450593 0.627208 0.575530 0.797577 0.461951 0.815749 0.530098 0.895254 0.466494 0.997476 0.171530 0.011196 0.056273 0.023604 0.755150 0.554163 0.010124 0.013800
0.512026 0.280096 0.525770 0.266352 0.493701 0.264062 0.541805 0.282387 0.461631 0.277806 0.573874 0.374013 0.413527 0.376304 0.628850 0.486256 0.351680 0.486256 0.580746 0.477093 0.422690 0.506872 0.557839 0.623696 0.454759 0.625987 0.580746 0.784042 0.457050 0.818402 0.532642 0.864215 0.468503 0.987911 0.217188 0.017685 0.065581 0.048306 0.704887 0.573159 0.016048 0.041378
0.513012 0.267556 0.527207 0.255726 0.496451 0.253361 0.541402 0.274653 0.460964 0.269922 0.574524 0.371653 0.411281 0.378750 0.614743 0.485213 0.354501 0.499409 0.593451 0.506506 0.432573 0.523067 0.560329 0.622432 0.453866 0.627164 0.583987 0.783310 0.456232 0.821164 0.541402 0.856651 0.468061 0.993870 0.213929 0.017887 0.064476 0.050161 0.358347 0.546349 0.018083 0.042595
0.514923 0.265406 0.529250 0.253467 0.495821 0.251079 0.543576 0.272569 0.460006 0.270181 0.572229 0.368078 0.412251 0.382404 0.596106 0.470750 0.366884 0.506566 0.593718 0.518505 0.450455 0.530444 0.560290 0.621177 0.455230 0.628340 0.584167 0.778767 0.452842 0.821747 0.545964 0.855175 0.469556 0.993663 0.195448 0.034779 0.062868 0.059001 0.088635 0.522923 0.019774 0.051794
0.515905 0.271432 0.530044 0.257294 0.499411 0.257294 0.544182 0.276145 0.464065 0.273789 0.572458 0.370400 0.416938 0.379825 0.593666 0.476436 0.379236 0.509425 0.593666 0.521207 0.468778 0.525920 0.555964 0.622531 0.454640 0.627244 0.579527 0.780408 0.454640 0.822822 0.541826 0.862881 0.471134 0.997194 0.183645 0.030021 0.067955 0.048134 0.062833 0.532126 0.013505 0.047161
0.515247 0.270702 0.529322 0.258973 0.498827 0.258973 0.543397 0.275393 0.463641 0.273047 0.573892 0.371569 0.416725 0.378607 0.602041 0.481820 0.383885 0.505278 0.595003 0.512315 0.477715 0.509969 0.555125 0.622566 0.454258 0.627258 0.578583 0.784424 0.451912 0.824302 0.545742 0.882946 0.470678 1.000000 0.148229 0.037614 0.069568 0.051476 0.151763 0.564845 0.011949 0.049602
0.517848 0.276038 0.531666 0.262220 0.499424 0.262220 0.545483 0.280644 0.467183 0.276038 0.573119 0.372762 0.418821 0.377368 0.612269 0.478698 0.379671 0.497121 0.603057 0.504030 0.481001 0.487910 0.554695 0.623784 0.453365 0.626086 0.568513 0.787293 0.453365 0.824140 0.543180 0.907046 0.469486 1.000000 0.093192 0.028490 0.050156 0.043929 0.223698 0.629434 0.010264 0.026835
0.521881 0.276007 0.533397 0.262188 0.503455 0.262188 0.547217 0.280614 0.468906 0.278311 0.572553 0.375048 0.420537 0.375048 0.620922 0.471785 0.372169 0.492514 0.609405 0.499424 0.475816 0.474088 0.554127 0.623801 0.452783 0.626104 0.558733 0.798849 0.455086 0.824185 0.542610 0.939348 0.466603 1.000000 0.044743 0.015923 0.031910 0.036960 0.273250 0.680337 0.008799 0.004675
0.521214 0.277544 0.532680 0.266077 0.502867 0.263784 0.546441 0.284424 0.470760 0.279837 0.576254 0.376159 0.420306 0.373865 0.624415 0.470186 0.365265 0.490827 0.610655 0.500000 0.466173 0.467893 0.553321 0.623841 0.450119 0.626135 0.555614 0.811897 0.456999 0.823364 0.541854 0.972432 0.463880 1.000000 0.031099 0.000542 0.033271 0.026345 0.288314 0.711141 0.004381 0.007217
0.521990 0.275473 0.535878 0.263899 0.505787 0.261584 0.549766 0.282417 0.471066 0.280102 0.579858 0.377320 0.422457 0.372691 0.630781 0.469909 0.359960 0.483797 0.609949 0.497685 0.457178 0.465279 0.552081 0.624995 0.445604 0.624995 0.549766 0.819431 0.450234 0.821745 0.540507 0.999979 0.459492 1.000000 0.012520 0.007840 0.031760 0.021633 0.364893 0.723011 0.002948 0.011278
0.521510 0.272697 0.535462 0.263395 0.505232 0.261070 0.549414 0.281998 0.470352 0.277347 0.581969 0.377338 0.421519 0.372687 0.635452 0.470352 0.354084 0.481979 0.609873 0.500581 0.449424 0.465701 0.551739 0.626150 0.444773 0.623825 0.544763 0.821480 0.444773 0.819155 0.537787 1.000000 0.454074 1.000000 0.000268 0.015515 0.027121 0.029389 0.389640 0.729801 0.004442 0.011363
0.523831 0.271573 0.537780 0.259949 0.507556 0.259949 0.554055 0.278548 0.475007 0.273898 0.584280 0.378521 0.421533 0.371546 0.637753 0.471519 0.354109 0.483144 0.609854 0.501744 0.442457 0.469194 0.551730 0.627291 0.442457 0.622641 0.544755 0.824912 0.440132 0.810962 0.540105 1.000000 0.454082 0.983009 0.003466 0.029682 0.030183 0.030394 0.403379 0.722842 0.007401 0.007300
0.527311 0.271633 0.541257 0.260011 0.511041 0.257687 0.555203 0.278606 0.473851 0.271633 0.587744 0.378553 0.420391 0.371580 0.638880 0.480824 0.357634 0.487797 0.606339 0.506392 0.438986 0.480824 0.550555 0.627258 0.441310 0.622609 0.543582 0.824828 0.434337 0.803909 0.529635 1.000000 0.450608 0.961964 0.012306 0.044889 0.036018 0.038701 0.435599 0.684823 0.010360 0.001007
0.531949 0.274035 0.543566 0.260094 0.513360 0.257770 0.557508 0.278682 0.476184 0.274035 0.587714 0.378595 0.422742 0.371624 0.636508 0.490125 0.360006 0.487801 0.613273 0.515684 0.432036 0.499419 0.548214 0.627214 0.441330 0.622567 0.543566 0.824716 0.432036 0.799157 0.531949 1.000000 0.448301 0.945540 0.012381 0.051961 0.042665 0.040273 0.366128 0.606704 0.013317 0.009251
0.530483 0.270792 0.544552 0.256723 0.514069 0.256723 0.556276 0.275482 0.476552 0.270792 0.586759 0.378655 0.424965 0.371620 0.631311 0.491207 0.366344 0.484172 0.607862 0.524035 0.422620 0.519345 0.546897 0.627207 0.441379 0.622518 0.542207 0.817139 0.429655 0.786656 0.530483 0.997691 0.441379 0.932036 0.012783 0.048313 0.042761 0.043492 0.317405 0.475037 0.014933 0.014840
0.531487 0.263548 0.545746 0.251666 0.514853 0.249289 0.557628 0.275430 0.476830 0.270677 0.588521 0.379992 0.426926 0.370486 0.631296 0.494059 0.369892 0.482177 0.602779 0.534458 0.407914 0.539211 0.545746 0.627138 0.438808 0.622385 0.545746 0.812497 0.434055 0.781604 0.531487 0.988351 0.436431 0.919435 0.025753 0.014987 0.054552 0.024503 0.309854 0.337448 0.019680 0.009500
0.531960 0.260603 0.546432 0.248543 0.512663 0.248543 0.556080 0.272664 0.476482 0.270252 0.587437 0.378794 0.425829 0.371558 0.621206 0.501809 0.363116 0.484925 0.592261 0.535578 0.401709 0.554874 0.546432 0.627236 0.440302 0.622412 0.546432 0.820200 0.435477 0.781608 0.531960 0.998693 0.433065 0.923919 0.025753 0.004248 0.052067 0.027987 0.310841 0.321320 0.016899 0.009643
0.529892 0.262658 0.544240 0.250701 0.510761 0.248309 0.556197 0.274614 0.474891 0.269832 0.582502 0.379834 0.424672 0.370269 0.615981 0.501794 0.355323 0.477880 0.580111 0.523316 0.400759 0.554403 0.549023 0.628536 0.443803 0.621361 0.546632 0.819844 0.439020 0.779191 0.532283 1.000000 0.436629 0.927455 0.021099 0.004510 0.038615 0.033848 0.413258 0.352774 0.009136 0.005664
0.527118 0.263014 0.541266 0.253582 0.510611 0.251224 0.553057 0.274804 0.475240 0.272446 0.581353 0.378559 0.423363 0.371485 0.616724 0.505895 0.350263 0.477598 0.569563 0.508253 0.402140 0.548340 0.550699 0.628515 0.444585 0.621441 0.543624 0.824235 0.442227 0.784148 0.534192 1.000000 0.444585 0.939780 0.005022 0.009435 0.027344 0.031574 0.570343 0.393424 0.006005 0.006888
0.523946 0.268714 0.537964 0.257033 0.505256 0.254697 0.549645 0.278059 0.472549 0.273387 0.582352 0.378517 0.421153 0.371508 0.624404 0.507009 0.344057 0.478974 0.556653 0.492991 0.400127 0.544388 0.551981 0.628492 0.444515 0.621483 0.544972 0.829407 0.444515 0.792027 0.533291 1.000000 0.449187 0.955563 0.009020 0.009091 0.027385 0.029662 0.665618 0.423648 0.004462 0.011099
0.522569 0.266206 0.534143 0.256947 0.504051 0.254632 0.548032 0.280095 0.467014 0.275465 0.580439 0.377316 0.418404 0.372687 0.631364 0.502315 0.344330 0.476852 0.559606 0.479167 0.399885 0.534722 0.554976 0.627313 0.446181 0.622684 0.550347 0.826385 0.448496 0.793978 0.541088 1.000000 0.455440 0.967588 0.007746 0.008424 0.024908 0.030922 0.722472 0.440266 0.001475 0.011703
0.516935 0.267587 0.530949 0.255908 0.498248 0.253572 0.544964 0.279266 0.463211 0.276930 0.577666 0.375034 0.416495 0.375034 0.633725 0.487153 0.339413 0.473138 0.554308 0.468467 0.393137 0.533869 0.556643 0.627302 0.449196 0.622630 0.551972 0.825846 0.451532 0.804823 0.547300 1.000000 0.458539 0.984681 0.000582 0.008314 0.018977 0.037718 0.721142 0.442521 0.007436 0.011569
0.516193 0.270990 0.527759 0.261737 0.497687 0.259424 0.541638 0.282557 0.462988 0.280243 0.576337 0.375086 0.414411 0.375086 0.636481 0.481494 0.340387 0.476868 0.560144 0.462988 0.395905 0.532385 0.557831 0.624914 0.451422 0.624914 0.557831 0.819226 0.453735 0.807659 0.553204 1.000000 0.460675 0.990404 0.007956 0.008053 0.023535 0.042787 0.739461 0.450152 0.011784 0.004029
0.514961 0.272707 0.526470 0.261198 0.496547 0.258896 0.540280 0.284215 0.462022 0.279612 0.574805 0.373982 0.413686 0.376283 0.641555 0.475257 0.342333 0.477558 0.563297 0.461446 0.399876 0.530498 0.558693 0.624867 0.452815 0.624867 0.567900 0.818211 0.457418 0.811306 0.558693 1.000000 0.464324 0.993140 0.031249 0.004224 0.035560 0.041839 0.741092 0.458624 0.014658 0.007288
0.510259 0.272601 0.521657 0.263483 0.492021 0.261203 0.535335 0.284000 0.457826 0.281720 0.574090 0.372908 0.412232 0.377467 0.640201 0.470934 0.346121 0.477773 0.564971 0.459536 0.403113 0.530206 0.560412 0.623673 0.453266 0.625953 0.576369 0.810607 0.460106 0.812887 0.564971 0.979304 0.462385 0.999821 0.048582 0.007759 0.044452 0.040455 0.736734 0.448747 0.017424 0.015467
0.509114 0.273863 0.520506 0.262471 0.490886 0.260193 0.534177 0.278420 0.456709 0.278420 0.572911 0.371837 0.411140 0.378672 0.641264 0.469810 0.349622 0.483481 0.568354 0.462975 0.406583 0.529050 0.561518 0.622467 0.454431 0.627024 0.582024 0.807022 0.458988 0.816136 0.577467 0.968792 0.463545 1.000000 0.044187 0.000210 0.049682 0.047265 0.723657 0.454174 0.020321 0.027555
0.507432 0.271336 0.518865 0.259903 0.489138 0.257617 0.532585 0.278196 0.454839 0.278196 0.571457 0.371948 0.409106 0.378808 0.637770 0.483994 0.354227 0.490853 0.573744 0.470274 0.411393 0.536586 0.564597 0.621192 0.454839 0.628052 0.592037 0.804123 0.459412 0.820129 0.587464 0.955041 0.463985 1.000000 0.057036 0.000473 0.056152 0.050185 0.737296 0.430198 0.024772 0.039816
0.505794 0.265356 0.517381 0.253768 0.487254 0.253768 0.531286 0.276943 0.450174 0.274626 0.570683 0.369642 0.408460 0.381229 0.628620 0.485516 0.362110 0.499421 0.579953 0.487833 0.420047 0.541135 0.563731 0.622247 0.457127 0.626882 0.598493 0.793740 0.459444 0.816915 0.600810 0.944376 0.464079 0.993043 0.058763 0.004493 0.072418 0.058374 0.632437 0.420328 0.026587 0.059778
0.502923 0.260926 0.516951 0.249235 0.484218 0.249235 0.528642 0.272616 0.449146 0.272616 0.568390 0.368480 0.409397 0.382509 0.608139 0.478372 0.369649 0.506430 0.598786 0.506430 0.432779 0.548516 0.563714 0.620998 0.458498 0.628013 0.598786 0.787006 0.456160 0.810387 0.601124 0.929632 0.463174 0.985747 0.061056 0.016806 0.072168 0.066914 0.212890 0.411632 0.028319 0.070355
0.502361 0.260939 0.516528 0.246773 0.483472 0.249134 0.530694 0.270384 0.448056 0.272745 0.568472 0.367189 0.410278 0.383716 0.594444 0.473438 0.379584 0.513576 0.592083 0.520660 0.457500 0.551354 0.563749 0.619825 0.457500 0.629270 0.599166 0.787463 0.455139 0.815796 0.601527 0.931490 0.464584 0.990517 0.061056 0.021219 0.072223 0.064504 0.092215 0.430179 0.027089 0.070303
0.502966 0.260308 0.517206 0.248442 0.483981 0.248442 0.531445 0.272174 0.448383 0.274547 0.567043 0.367101 0.412785 0.383714 0.597894 0.476268 0.384307 0.514239 0.597894 0.528478 0.472115 0.537971 0.562296 0.621033 0.457876 0.628152 0.600267 0.787156 0.455503 0.820381 0.597894 0.934294 0.467369 1.000000 0.076661 0.024570 0.077477 0.061994 0.087671 0.484356 0.025712 0.075457
0.502328 0.262521 0.516298 0.250880 0.483702 0.253208 0.530267 0.276490 0.448779 0.278818 0.567519 0.367291 0.411527 0.383589 0.604770 0.474389 0.383589 0.511641 0.595457 0.523282 0.476718 0.523282 0.562862 0.621068 0.458092 0.628052 0.590801 0.781716 0.455764 0.823624 0.581488 0.933050 0.465077 1.000000 0.074374 0.020310 0.060650 0.063702 0.166463 0.528794 0.026711 0.058599
0.500569 0.269529 0.514227 0.260424 0.482359 0.260424 0.527884 0.280910 0.450491 0.280910 0.568857 0.369684 0.411795 0.381066 0.609829 0.472116 0.379927 0.508536 0.598448 0.515365 0.475530 0.510812 0.562028 0.620073 0.457320 0.629178 0.582514 0.793068 0.461873 0.820383 0.571133 0.938749 0.464149 1.000000 0.062337 0.003549 0.046199 0.050185 0.203028 0.570402 0.024660 0.029942
0.502268 0.269784 0.513609 0.258443 0.484123 0.258443 0.529486 0.281125 0.452369 0.283393 0.570312 0.369582 0.413811 0.380923 0.615675 0.464844 0.375252 0.505670 0.599798 0.507939 0.468246 0.501134 0.561240 0.621345 0.454637 0.628150 0.574849 0.798260 0.456905 0.820942 0.561240 0.957030 0.461442 1.000000 0.051655 0.004114 0.035903 0.048350 0.253823 0.610937 0.020229 0.020693
0.503988 0.271521 0.515384 0.260125 0.485756 0.260125 0.531338 0.280637 0.453848 0.282916 0.572361 0.369522 0.412825 0.380917 0.620222 0.462965 0.369522 0.503988 0.599710 0.508547 0.460686 0.492593 0.560966 0.622501 0.453848 0.627059 0.570082 0.804829 0.453848 0.818503 0.556408 0.973482 0.456127 1.000000 0.041655 0.003836 0.030231 0.052568 0.285272 0.647275 0.018873 0.015902
0.506302 0.271983 0.517760 0.260525 0.487969 0.260525 0.533801 0.281150 0.455886 0.283441 0.575051 0.370523 0.414637 0.379690 0.625467 0.462188 0.361930 0.496563 0.602550 0.505729 0.451303 0.487396 0.559009 0.622602 0.451303 0.627185 0.563593 0.812807 0.451303 0.819682 0.549843 0.989262 0.455886 1.000000 0.032422 0.007858 0.027897 0.046816 0.314274 0.667391 0.013134 0.007669
0.508022 0.271942 0.519482 0.260482 0.489686 0.260482 0.535527 0.281111 0.457597 0.283403 0.576783 0.370500 0.414049 0.379668 0.634084 0.462181 0.356748 0.494270 0.611164 0.503438 0.441553 0.485102 0.558447 0.624916 0.450721 0.624916 0.556155 0.815155 0.446137 0.817447 0.546987 1.000000 0.453013 0.998518 0.011872 0.019659 0.019067 0.054825 0.339222 0.681862 0.011676 0.003742
0.510944 0.272487 0.522463 0.260968 0.492512 0.260968 0.538591 0.279399 0.460257 0.284007 0.580061 0.371556 0.416483 0.378468 0.642268 0.463713 0.354277 0.493664 0.619228 0.502880 0.434914 0.482145 0.557022 0.624988 0.446434 0.624988 0.552414 0.818518 0.441826 0.811606 0.550110 1.000000 0.451042 0.989009 0.003832 0.024379 0.021280 0.046343 0.358249 0.702773 0.004400 0.000270
0.510274 0.273411 0.523972 0.261996 0.494292 0.261996 0.539953 0.280260 0.462330 0.280260 0.581047 0.371581 0.416670 0.378430 0.647254 0.462901 0.355029 0.490297 0.617575 0.503995 0.430368 0.481165 0.555934 0.624995 0.446349 0.624995 0.553651 0.816768 0.439500 0.803070 0.544519 1.000000 0.446349 0.969729 0.011539 0.025310 0.027652 0.050368 0.398776 0.698705 0.002906 0.008448
0.514335 0.274085 0.525802 0.260324 0.495986 0.260324 0.541857 0.278672 0.463877 0.280966 0.583141 0.372708 0.418005 0.377295 0.649654 0.466743 0.353786 0.485092 0.624425 0.508027 0.429473 0.487385 0.553325 0.624999 0.445528 0.624999 0.548738 0.815364 0.434060 0.799309 0.539564 0.998848 0.440941 0.952977 0.008234 0.035155 0.029776 0.056135 0.370567 0.661380 0.001459 0.013243
0.515552 0.269031 0.527071 0.257512 0.497120 0.257512 0.540895 0.278247 0.464865 0.280551 0.584669 0.375012 0.418787 0.375012 0.651483 0.471777 0.356581 0.480993 0.628444 0.515552 0.416483 0.504032 0.552414 0.626140 0.444130 0.623836 0.547807 0.810454 0.428002 0.792023 0.536287 0.987857 0.437218 0.937170 0.012685 0.050613 0.032705 0.062739 0.346571 0.552075 0.004400 0.022473
0.514013 0.267615 0.528026 0.253601 0.495329 0.255937 0.542040 0.276957 0.464967 0.276957 0.586415 0.375049 0.420592 0.375049 0.649474 0.480148 0.362204 0.484819 0.623783 0.524523 0.408914 0.531530 0.551382 0.627286 0.441612 0.622615 0.549046 0.807122 0.429934 0.790774 0.535033 0.982287 0.432270 0.933241 0.021277 0.027287 0.039795 0.049031 0.339069 0.405607 0.008922 0.017935
0.511844 0.267274 0.528425 0.253062 0.495263 0.255431 0.545006 0.276749 0.466838 0.276749 0.585274 0.376235 0.421833 0.373866 0.644491 0.485196 0.364983 0.487564 0.613698 0.527832 0.405252 0.551519 0.549743 0.627318 0.443151 0.622581 0.552112 0.807340 0.431307 0.790759 0.537899 0.987362 0.433676 0.937619 0.029266 0.027513 0.048935 0.049597 0.357560 0.326449 0.009049 0.026567
0.508800 0.268256 0.525228 0.256522 0.492373 0.256522 0.546349 0.277643 0.466559 0.279990 0.583897 0.376208 0.421970 0.373861 0.635526 0.491200 0.360954 0.484159 0.593284 0.519361 0.400849 0.552216 0.551042 0.627312 0.443091 0.622619 0.548696 0.815054 0.433704 0.789240 0.536962 0.991062 0.438397 0.937086 0.017210 0.028016 0.037434 0.044876 0.447161 0.329612 0.007470 0.013935
