0.598314 0.320972 0.600741 0.306407 0.591031 0.303979 0.557046 0.313689 0.544909 0.301552 0.506069 0.384087 0.518206 0.367094 0.457519 0.515172 0.498786 0.442347 0.535199 0.607417 0.586176 0.454484 0.503641 0.626837 0.472084 0.621982 0.566756 0.791907 0.428389 0.813754 0.457519 0.964259 0.287594 0.998244 0.296062 0.136187 0.119430 0.014327 0.335689 0.536462 0.030957 0.187556
0.600011 0.326396 0.602527 0.311300 0.592463 0.308784 0.559755 0.318848 0.547175 0.306268 0.501887 0.381748 0.519499 0.369168 0.461631 0.497484 0.496855 0.454712 0.529563 0.577996 0.594979 0.462260 0.504403 0.625800 0.474211 0.623284 0.564787 0.811983 0.411311 0.827079 0.491823 1.000000 0.260351 1.000000 0.209265 0.111467 0.096547 0.039152 0.329639 0.557932 0.027263 0.195120
0.595053 0.328646 0.597639 0.315714 0.584707 0.313127 0.553669 0.318300 0.540737 0.310541 0.501940 0.380375 0.512286 0.370030 0.463143 0.481248 0.496767 0.463143 0.551083 0.486421 0.605399 0.470902 0.509699 0.626091 0.476075 0.623504 0.558842 0.822663 0.390721 0.827836 0.514872 1.000000 0.235533 1.000000 0.141540 0.073286 0.067930 0.080785 0.598172 0.529871 0.018122 0.203931
0.594606 0.331812 0.597234 0.316044 0.584094 0.313416 0.552559 0.316044 0.539419 0.310788 0.502628 0.379115 0.510512 0.371231 0.468465 0.473721 0.492116 0.465837 0.552559 0.465837 0.584094 0.471093 0.510512 0.626141 0.476349 0.623513 0.555187 0.836377 0.384371 0.836377 0.539419 1.000000 0.213554 1.000000 0.088076 0.093336 0.056494 0.086985 0.640061 0.542961 0.016738 0.196478
0.593305 0.325473 0.595990 0.312048 0.582565 0.309363 0.553029 0.312048 0.536919 0.306678 0.507384 0.381859 0.504699 0.368434 0.483219 0.513425 0.491274 0.462410 0.531549 0.599346 0.579880 0.467780 0.512754 0.626196 0.475163 0.623511 0.550344 0.832944 0.375817 0.832944 0.563769 1.000000 0.187865 1.000000 0.039385 0.093866 0.050255 0.104294 0.220919 0.525899 0.015390 0.198237
0.591513 0.329665 0.594185 0.313633 0.580826 0.310961 0.548763 0.313633 0.535403 0.310961 0.500668 0.377759 0.508684 0.372416 0.476621 0.471277 0.492652 0.468605 0.551435 0.465933 0.583498 0.471277 0.511356 0.626248 0.479293 0.623577 0.540747 0.840003 0.377759 0.834659 0.572810 1.000000 0.174693 1.000000 0.001146 0.122643 0.029813 0.105631 0.602813 0.543209 0.011910 0.186207
0.593391 0.325893 0.593391 0.312551 0.582718 0.309883 0.550698 0.315220 0.537356 0.307215 0.502668 0.379259 0.513342 0.371254 0.483990 0.459308 0.494663 0.461977 0.550698 0.459308 0.582718 0.480655 0.505337 0.627412 0.478654 0.622075 0.540025 0.840876 0.385263 0.835540 0.572044 1.000000 0.169130 1.000000 0.005574 0.160772 0.047855 0.087530 0.572967 0.498097 0.020398 0.182551
0.587294 0.322180 0.587294 0.306661 0.576948 0.304074 0.548496 0.311834 0.532978 0.304074 0.507113 0.379082 0.507113 0.371323 0.496767 0.467022 0.491594 0.451504 0.571775 0.485128 0.576948 0.479955 0.507113 0.627384 0.478662 0.622211 0.535564 0.821370 0.393308 0.821370 0.556256 1.000000 0.176044 0.958453 0.016830 0.191952 0.046355 0.092938 0.461886 0.458439 0.018122 0.175236
0.580536 0.330045 0.580536 0.315833 0.571061 0.313464 0.540268 0.318201 0.530793 0.311095 0.502369 0.375051 0.504737 0.375051 0.476313 0.427162 0.490525 0.446112 0.563955 0.448481 0.582905 0.469799 0.514212 0.626134 0.478682 0.623765 0.535531 0.796681 0.409989 0.791944 0.533162 0.995653 0.211017 0.893798 0.043373 0.225968 0.024580 0.090205 0.571632 0.482936 0.009049 0.163015
0.583658 0.316748 0.583658 0.303469 0.573035 0.300813 0.543821 0.306125 0.527886 0.298158 0.514607 0.380488 0.498672 0.369865 0.509295 0.486721 0.466802 0.449539 0.575691 0.502656 0.557100 0.484065 0.511951 0.627479 0.474770 0.622168 0.535854 0.831977 0.413686 0.839945 0.519919 1.000000 0.185285 0.935555 0.059469 0.286763 0.040460 0.056979 0.440926 0.504872 0.016915 0.124082
0.588892 0.315866 0.588892 0.301756 0.577604 0.296112 0.546563 0.304578 0.532453 0.293290 0.512699 0.383593 0.498589 0.366662 0.507055 0.496473 0.459081 0.454143 0.594536 0.504938 0.563495 0.493651 0.512699 0.626284 0.476013 0.623462 0.543741 0.843576 0.430862 0.871796 0.495767 1.000000 0.185349 0.947989 0.108000 0.346965 0.045167 0.029338 0.485194 0.519883 0.014377 0.102416
0.588197 0.324241 0.588197 0.309013 0.578045 0.306475 0.547588 0.314089 0.534898 0.301398 0.522208 0.387692 0.479061 0.362311 0.509518 0.494289 0.451143 0.440991 0.590735 0.509518 0.552664 0.486675 0.524746 0.628805 0.473985 0.621191 0.542512 0.819158 0.453681 0.829310 0.471447 1.000000 0.240486 0.887685 0.140640 0.383972 0.026273 0.024716 0.478718 0.473938 0.001614 0.060580
0.586005 0.326752 0.586005 0.311902 0.578580 0.309427 0.541456 0.314377 0.536506 0.304477 0.511756 0.383676 0.491956 0.366351 0.494431 0.497525 0.449882 0.440601 0.573631 0.532175 0.556306 0.485150 0.514231 0.626224 0.482056 0.623749 0.534031 0.806897 0.491956 0.824222 0.444932 0.997470 0.266734 0.876196 0.173954 0.443514 0.031497 0.027943 0.416795 0.537913 0.004727 0.019039
0.589022 0.322646 0.591782 0.306084 0.580741 0.303324 0.544856 0.306084 0.536575 0.295043 0.517252 0.388895 0.492409 0.361292 0.525533 0.524153 0.426160 0.438582 0.616626 0.546236 0.547616 0.496550 0.503450 0.631808 0.486888 0.618006 0.508971 0.860918 0.500690 0.858158 0.401317 1.000000 0.274340 0.921646 0.163853 0.431228 0.025735 0.025118 0.404830 0.583819 0.012304 0.010605
0.598514 0.327958 0.601369 0.310825 0.589947 0.307970 0.549971 0.310825 0.541404 0.296548 0.509994 0.385068 0.498572 0.365079 0.492861 0.499286 0.412908 0.447888 0.587092 0.519274 0.547115 0.504997 0.495717 0.627782 0.495717 0.622071 0.501428 0.870497 0.529982 0.870497 0.381498 1.000000 0.307256 0.956161 0.169982 0.426754 0.026191 0.047166 0.480859 0.627332 0.010909 0.036141
0.594361 0.323497 0.597077 0.309920 0.588930 0.304489 0.556345 0.309920 0.542768 0.296343 0.521045 0.383237 0.488459 0.366944 0.521045 0.505431 0.396135 0.445691 0.597077 0.521723 0.531906 0.491854 0.499321 0.624910 0.491175 0.624910 0.480313 0.842144 0.542768 0.836713 0.363550 1.000000 0.363550 0.953476 0.145555 0.392251 0.000752 0.072705 0.432807 0.670887 0.012104 0.103837
0.600074 0.314148 0.602797 0.300532 0.591905 0.295086 0.561951 0.303255 0.545612 0.289640 0.526550 0.387672 0.493873 0.363164 0.531996 0.526550 0.393118 0.439411 0.602797 0.518381 0.531996 0.482981 0.488427 0.624582 0.491150 0.624582 0.463919 0.839708 0.551058 0.831538 0.371333 1.000000 0.387672 0.962248 0.106051 0.374914 0.014680 0.093006 0.524090 0.697029 0.026033 0.125798
0.588526 0.322374 0.590825 0.310877 0.581628 0.306278 0.554035 0.310877 0.544838 0.301680 0.521844 0.386756 0.494252 0.363762 0.528742 0.510922 0.406876 0.423546 0.602322 0.494826 0.514946 0.458037 0.482755 0.625890 0.501150 0.623591 0.455162 0.789145 0.563233 0.763852 0.333296 0.931706 0.432169 0.890318 0.171844 0.388324 0.001720 0.124192 0.550885 0.710662 0.020508 0.185936
0.587149 0.322797 0.589473 0.308853 0.580177 0.306529 0.547641 0.311177 0.538346 0.299557 0.519754 0.385544 0.489542 0.364629 0.522078 0.513363 0.394259 0.427376 0.596445 0.494771 0.503486 0.457587 0.484894 0.624914 0.505810 0.624914 0.440739 0.787592 0.559261 0.766676 0.317568 0.938650 0.447711 0.920058 0.133375 0.314924 0.038334 0.094903 0.572192 0.728736 0.011839 0.199138
0.589032 0.322533 0.593813 0.310582 0.581862 0.305802 0.550790 0.310582 0.541230 0.298632 0.522109 0.387066 0.488647 0.363165 0.534059 0.516133 0.388261 0.425308 0.603373 0.497012 0.495817 0.463551 0.479086 0.626079 0.510158 0.623689 0.412163 0.798169 0.569911 0.771877 0.285486 0.953527 0.479086 0.951137 0.099682 0.271280 0.061370 0.095780 0.556289 0.714819 0.013699 0.240061
0.593348 0.323195 0.598294 0.310831 0.585930 0.305886 0.553783 0.310831 0.541419 0.300940 0.524110 0.387488 0.487018 0.362760 0.531528 0.521019 0.388106 0.429525 0.605712 0.498764 0.491963 0.469090 0.477127 0.624876 0.511746 0.624876 0.402943 0.802917 0.568620 0.785608 0.257048 0.968595 0.504327 0.983431 0.104151 0.208279 0.063471 0.078316 0.575108 0.695146 0.014173 0.233922
0.589891 0.324441 0.592304 0.307549 0.580238 0.305136 0.548867 0.312375 0.536801 0.302723 0.522322 0.387184 0.488537 0.363052 0.531975 0.505430 0.389597 0.425795 0.604370 0.490951 0.493364 0.461992 0.478885 0.626089 0.510256 0.623675 0.394423 0.804664 0.565759 0.785358 0.252046 0.954281 0.531975 0.988065 0.101482 0.157827 0.083378 0.078794 0.536906 0.713270 0.013831 0.245886
0.588330 0.322732 0.590766 0.308112 0.581020 0.305675 0.546906 0.310548 0.534723 0.300802 0.524976 0.388522 0.485989 0.361719 0.532286 0.507919 0.383649 0.425072 0.605386 0.488426 0.483552 0.459186 0.481116 0.624880 0.507919 0.624880 0.395832 0.800321 0.559089 0.793010 0.242321 0.946521 0.551779 1.000000 0.113735 0.105272 0.085624 0.067577 0.563488 0.718819 0.013966 0.238069
0.592848 0.321205 0.595357 0.306149 0.582810 0.303640 0.552697 0.311168 0.537641 0.298621 0.527603 0.388959 0.484944 0.361356 0.537641 0.514429 0.382058 0.424091 0.612923 0.494354 0.479925 0.461732 0.482434 0.624842 0.505019 0.624842 0.404643 0.810538 0.555207 0.810538 0.234004 0.943536 0.560225 1.000000 0.162983 0.076445 0.066052 0.059817 0.557542 0.708830 0.015982 0.210299
0.586519 0.319040 0.588957 0.304417 0.579208 0.301980 0.545088 0.309291 0.532902 0.299543 0.523153 0.387281 0.486596 0.362909 0.528027 0.514014 0.389109 0.418964 0.601143 0.494516 0.481721 0.457959 0.489033 0.626124 0.501219 0.623686 0.413480 0.796725 0.547525 0.796725 0.242879 0.911272 0.557274 0.999010 0.179083 0.067903 0.087536 0.065401 0.570716 0.707041 0.012415 0.215934
0.589222 0.320953 0.591634 0.306484 0.579577 0.301661 0.548228 0.306484 0.536171 0.296839 0.521703 0.383649 0.492766 0.366770 0.526525 0.516277 0.393898 0.422232 0.594045 0.499397 0.492766 0.439112 0.483120 0.624790 0.502411 0.624790 0.420423 0.800823 0.543405 0.791178 0.244390 0.887634 0.550640 0.986502 0.245254 0.065109 0.058410 0.064999 0.566409 0.783444 0.018432 0.185804
0.585605 0.320953 0.588017 0.306484 0.578371 0.301661 0.544611 0.308896 0.537377 0.296839 0.520497 0.386061 0.493971 0.364358 0.518086 0.516277 0.395104 0.417409 0.590428 0.511454 0.496383 0.460815 0.484326 0.624790 0.501206 0.624790 0.426452 0.803235 0.534965 0.796001 0.252830 0.880400 0.522908 0.986502 0.267047 0.082090 0.051964 0.053131 0.527083 0.714356 0.018432 0.161799
0.585272 0.317542 0.587780 0.302494 0.577748 0.299986 0.542636 0.307510 0.532604 0.294970 0.525080 0.387767 0.489968 0.362687 0.522572 0.513167 0.394664 0.417863 0.592796 0.508151 0.500000 0.457991 0.487460 0.626027 0.497492 0.623519 0.444824 0.826668 0.552668 0.819144 0.259231 0.881844 0.555176 0.949560 0.341367 0.081386 0.016801 0.078327 0.529063 0.717094 0.019171 0.154156
0.585351 0.312229 0.588082 0.301304 0.577157 0.295841 0.547114 0.304035 0.530726 0.290379 0.522533 0.388703 0.484295 0.361391 0.519801 0.514339 0.391434 0.429671 0.593544 0.541651 0.533457 0.489758 0.517070 0.629050 0.476102 0.620857 0.527995 0.842085 0.465177 0.842085 0.508876 1.000000 0.246679 0.918560 0.045932 0.377127 0.023542 0.005658 0.394012 0.670784 0.008695 0.032015
0.588978 0.311697 0.591738 0.295143 0.580701 0.292384 0.542075 0.300661 0.536557 0.289625 0.525521 0.388949 0.486895 0.361359 0.514485 0.524141 0.409642 0.430335 0.583460 0.540696 0.528280 0.477238 0.506208 0.626225 0.481377 0.623466 0.500690 0.838670 0.511726 0.833152 0.470341 1.000000 0.462063 1.000000 0.039340 0.118851 0.017586 0.052454 0.450951 0.648158 0.015814 0.054019
0.583731 0.310780 0.586369 0.294957 0.575820 0.292320 0.549448 0.300231 0.533624 0.289683 0.528350 0.389896 0.491429 0.360887 0.520438 0.516483 0.428136 0.421543 0.581094 0.537580 0.525713 0.463738 0.509890 0.627245 0.470331 0.621971 0.520438 0.817124 0.501978 0.814487 0.425499 1.000000 0.362206 0.898878 0.165249 0.378959 0.042373 0.077527 0.413318 0.626854 0.025210 0.034195
0.596418 0.308561 0.596418 0.291792 0.588034 0.288997 0.551703 0.297382 0.543318 0.286203 0.523755 0.386813 0.501397 0.364455 0.518166 0.518166 0.453887 0.428734 0.590829 0.548908 0.551703 0.470655 0.498603 0.624366 0.476245 0.624366 0.515371 0.836766 0.501397 0.850739 0.361661 0.956939 0.375634 1.000000 0.313861 0.221308 0.058656 0.065932 0.386136 0.573726 0.032079 0.010146
0.592805 0.312373 0.595495 0.298923 0.584735 0.296233 0.555145 0.301612 0.541695 0.290852 0.520175 0.387693 0.504035 0.363483 0.520175 0.519503 0.469065 0.436112 0.592805 0.549092 0.563215 0.468392 0.498655 0.627102 0.477135 0.621723 0.525555 0.831542 0.485205 0.831542 0.366845 0.974113 0.361465 1.000000 0.308680 0.193204 0.070179 0.045275 0.376854 0.537696 0.030873 0.029407
0.593178 0.314324 0.593178 0.300721 0.582296 0.298001 0.552370 0.306162 0.541488 0.295280 0.514283 0.387778 0.508842 0.363294 0.517003 0.531966 0.478916 0.444909 0.595899 0.556451 0.571414 0.458512 0.497960 0.627185 0.478916 0.621744 0.541488 0.839386 0.462593 0.844827 0.359213 1.000000 0.326566 1.000000 0.326732 0.165895 0.086070 0.013444 0.398209 0.565391 0.029485 0.087650
0.587152 0.320454 0.587152 0.304727 0.576667 0.302106 0.547835 0.309970 0.537351 0.299485 0.519003 0.385982 0.503276 0.365013 0.516382 0.524901 0.482308 0.448888 0.589773 0.553733 0.571425 0.456752 0.508519 0.627124 0.469202 0.621882 0.550456 0.805359 0.435128 0.823707 0.419401 0.962626 0.290967 1.000000 0.294700 0.156556 0.087389 0.011258 0.386851 0.549966 0.028405 0.126797
0.595745 0.324018 0.598442 0.310533 0.587654 0.307836 0.549895 0.315927 0.544501 0.302442 0.501348 0.383353 0.514834 0.367171 0.479772 0.507417 0.495954 0.439991 0.566077 0.547872 0.593048 0.456173 0.506743 0.626086 0.477075 0.623389 0.563380 0.812182 0.420437 0.841849 0.447408 1.000000 0.266706 1.000000 0.263485 0.136783 0.086969 0.034173 0.415283 0.528179 0.020618 0.174789
0.598752 0.327184 0.598752 0.313468 0.590523 0.310725 0.546633 0.316211 0.546633 0.305239 0.491771 0.384789 0.521945 0.365587 0.442395 0.505486 0.502743 0.442395 0.538404 0.549376 0.596009 0.461596 0.502743 0.626183 0.483541 0.623440 0.565835 0.818201 0.409477 0.845633 0.494514 1.000000 0.244890 1.000000 0.201073 0.123146 0.086592 0.055355 0.487121 0.513348 0.017472 0.203467
0.595806 0.332002 0.595806 0.315809 0.587710 0.313111 0.544530 0.318508 0.544530 0.307713 0.490554 0.383279 0.522940 0.367086 0.436579 0.499325 0.506747 0.437254 0.517542 0.553301 0.593107 0.458844 0.501349 0.626167 0.485157 0.623468 0.555325 0.820478 0.398796 0.833972 0.528337 1.000000 0.234172 1.000000 0.124873 0.108821 0.072107 0.077350 0.451410 0.494213 0.017189 0.210168
0.592127 0.327611 0.594919 0.316444 0.583752 0.313652 0.541876 0.316444 0.541876 0.308069 0.494417 0.386237 0.513959 0.363903 0.472083 0.539782 0.500000 0.447655 0.536292 0.662618 0.589335 0.467197 0.508375 0.626326 0.483250 0.623534 0.547459 0.841289 0.388331 0.838497 0.558626 1.000000 0.206869 1.000000 0.041734 0.105859 0.038764 0.094882 0.199295 0.484018 0.010665 0.189606
0.593653 0.331140 0.596491 0.316950 0.585139 0.314112 0.545408 0.319788 0.542570 0.311274 0.497162 0.385062 0.514190 0.365196 0.485810 0.532637 0.497162 0.447497 0.562436 0.597910 0.593653 0.470201 0.502838 0.626290 0.485810 0.623452 0.542570 0.850490 0.386481 0.847652 0.585139 1.000000 0.190660 1.000000 0.003901 0.119573 0.048342 0.097912 0.299848 0.491383 0.014458 0.188581
0.595990 0.329900 0.598813 0.315784 0.590344 0.312961 0.542349 0.318607 0.545172 0.310137 0.488707 0.383541 0.519763 0.366602 0.471768 0.527527 0.505646 0.451299 0.545172 0.600931 0.601637 0.465415 0.502823 0.626340 0.488707 0.623517 0.542349 0.843729 0.395540 0.843729 0.590344 1.000000 0.186621 1.000000 0.010220 0.153157 0.038764 0.089109 0.287277 0.506091 0.010786 0.184650
0.596514 0.334745 0.599292 0.320858 0.588182 0.318081 0.540967 0.323636 0.546521 0.315303 0.482641 0.379183 0.521525 0.370851 0.413206 0.479170 0.507638 0.456950 0.452090 0.554159 0.604847 0.470837 0.504860 0.626371 0.490973 0.623594 0.546521 0.837453 0.402097 0.837453 0.590960 1.000000 0.193793 0.990210 0.001577 0.173218 0.033491 0.087081 0.345474 0.505735 0.005304 0.187399
0.583965 0.322152 0.583965 0.306285 0.576032 0.306285 0.539008 0.314218 0.536363 0.303640 0.496694 0.380333 0.509917 0.369755 0.480827 0.515206 0.499339 0.441158 0.552230 0.597188 0.583965 0.457026 0.507273 0.626279 0.486116 0.623634 0.541652 0.811399 0.414712 0.821977 0.565453 1.000000 0.203146 0.930405 0.020433 0.239255 0.044766 0.080239 0.265359 0.487818 0.008419 0.168443
0.580327 0.314630 0.580327 0.300899 0.569342 0.300899 0.539134 0.306392 0.525402 0.300899 0.506179 0.383286 0.500687 0.366808 0.489702 0.523343 0.486955 0.449195 0.544626 0.602983 0.572088 0.471165 0.514418 0.627699 0.478717 0.622207 0.533641 0.825427 0.415554 0.828173 0.539134 1.000000 0.195857 0.929783 0.022584 0.267391 0.020124 0.067403 0.229456 0.472178 0.008742 0.125567
0.587029 0.318923 0.587029 0.304886 0.575800 0.302079 0.536496 0.313308 0.533689 0.302079 0.497193 0.380686 0.511230 0.369456 0.477541 0.515441 0.497193 0.453678 0.544918 0.580011 0.581414 0.476137 0.505615 0.624929 0.485963 0.624929 0.544918 0.832676 0.441045 0.857943 0.530881 1.000000 0.210838 0.936550 0.080429 0.334643 0.048546 0.029238 0.302867 0.469616 0.010725 0.120135
0.585418 0.315751 0.585418 0.301633 0.574123 0.298809 0.540238 0.307280 0.531767 0.301633 0.500706 0.380697 0.506353 0.369402 0.472469 0.507765 0.475292 0.451291 0.540238 0.572711 0.571299 0.482352 0.509177 0.623538 0.483764 0.626362 0.543062 0.832494 0.455526 0.857908 0.506353 1.000000 0.229628 0.925678 0.105803 0.368599 0.040073 0.010717 0.326376 0.515802 0.008989 0.089800
0.586234 0.310724 0.589157 0.296108 0.577464 0.293185 0.542386 0.301955 0.533617 0.296108 0.504385 0.377957 0.501462 0.372111 0.475153 0.518270 0.475153 0.468576 0.548232 0.594272 0.568695 0.489038 0.510231 0.623504 0.483923 0.626427 0.548232 0.839819 0.472230 0.869051 0.475153 1.000000 0.250068 0.939207 0.157771 0.387307 0.047777 0.006589 0.309139 0.516200 0.007445 0.070683
0.594297 0.320910 0.594297 0.303366 0.582601 0.303366 0.541666 0.306290 0.538742 0.300442 0.491959 0.376464 0.509503 0.373540 0.465644 0.508041 0.462720 0.461258 0.562133 0.560671 0.567981 0.502193 0.503655 0.622074 0.494883 0.627922 0.544590 0.844292 0.503655 0.876456 0.453948 1.000000 0.278513 0.943706 0.182747 0.418836 0.042840 0.029504 0.403886 0.537900 0.001863 0.046756
0.597884 0.316278 0.600896 0.298207 0.588849 0.298207 0.549695 0.301219 0.540660 0.292184 0.507530 0.379527 0.495482 0.370491 0.492470 0.503012 0.441269 0.463858 0.582825 0.551201 0.567766 0.521083 0.504518 0.626497 0.492470 0.623485 0.531624 0.852384 0.528612 0.873467 0.429222 1.000000 0.299713 0.954786 0.171917 0.437047 0.041897 0.049493 0.382669 0.532224 0.003836 0.007689
0.591360 0.313625 0.594284 0.296084 0.582590 0.293160 0.547507 0.296084 0.535813 0.290237 0.515348 0.380866 0.489037 0.369172 0.512425 0.503654 0.430566 0.456878 0.594284 0.532890 0.562125 0.509501 0.503654 0.626443 0.491960 0.623519 0.500731 0.854478 0.538737 0.848631 0.398407 1.000000 0.331166 0.948030 0.141705 0.423056 0.011065 0.061556 0.398389 0.566048 0.005583 0.069295
