0.417045 0.276362 0.432569 0.262778 0.420926 0.262778 0.479140 0.280242 0.461676 0.278302 0.502426 0.377266 0.461676 0.375325 0.585866 0.482051 0.483021 0.509217 0.496604 0.565491 0.426747 0.559669 0.519890 0.623705 0.516009 0.623705 0.453914 0.815811 0.529592 0.827453 0.484961 1.000000 0.710055 0.938060 0.150870 0.303787 0.127821 0.047361 0.474782 0.317667 0.045866 0.126491
0.414630 0.260863 0.430605 0.246884 0.416627 0.246884 0.478533 0.262860 0.456566 0.262860 0.506490 0.382678 0.452572 0.370696 0.552420 0.518472 0.460560 0.508487 0.452572 0.578381 0.434599 0.584372 0.528457 0.624311 0.512481 0.622314 0.458563 0.820014 0.510484 0.829999 0.516475 1.000000 0.688214 0.933841 0.194193 0.334747 0.138046 0.077463 0.431798 0.123355 0.052359 0.106127
0.408012 0.260933 0.424186 0.246781 0.410034 0.246781 0.468664 0.260933 0.456533 0.262955 0.496967 0.380214 0.456533 0.374149 0.523250 0.527798 0.482815 0.519712 0.395882 0.564189 0.456533 0.598558 0.535380 0.624840 0.511119 0.620797 0.466642 0.827011 0.476750 0.824990 0.547510 1.000000 0.656682 0.934162 0.222232 0.379485 0.153900 0.122408 0.467512 0.159276 0.059551 0.051243
0.407601 0.267495 0.423670 0.253435 0.409609 0.253435 0.471878 0.265487 0.461835 0.269504 0.487948 0.379981 0.467861 0.373955 0.481922 0.530632 0.491965 0.518580 0.353366 0.522598 0.451792 0.578841 0.538165 0.623032 0.506026 0.623032 0.506026 0.833943 0.445766 0.823900 0.594408 1.000000 0.614495 0.932368 0.180076 0.410911 0.112988 0.141170 0.507143 0.239735 0.056563 0.044640
0.408391 0.270258 0.421821 0.256828 0.412228 0.256828 0.464028 0.274095 0.471702 0.274095 0.475539 0.377695 0.496643 0.373858 0.452517 0.511991 0.494724 0.511991 0.337406 0.481295 0.421821 0.538850 0.525420 0.623264 0.502398 0.625183 0.525420 0.817034 0.433332 0.797849 0.613672 1.000000 0.558035 0.947493 0.139693 0.342261 0.063789 0.128407 0.528910 0.383219 0.035493 0.121119
0.418186 0.283378 0.433061 0.270362 0.420045 0.270362 0.473968 0.285237 0.475828 0.287097 0.468390 0.374489 0.511156 0.376349 0.442358 0.512086 0.566939 0.482336 0.334512 0.456304 0.498141 0.539977 0.522313 0.623651 0.498141 0.625511 0.552064 0.817031 0.431202 0.794718 0.643175 1.000000 0.524172 0.965784 0.093962 0.278373 0.019252 0.103298 0.592426 0.432228 0.026071 0.168501
0.422749 0.288722 0.437640 0.275692 0.426472 0.275692 0.480454 0.288722 0.484177 0.292445 0.473009 0.374350 0.510238 0.376212 0.445086 0.512100 0.575390 0.484177 0.342705 0.450671 0.502792 0.547468 0.523268 0.623788 0.493485 0.625650 0.571667 0.821105 0.437640 0.808075 0.674048 1.000000 0.480454 1.000000 0.078280 0.163199 0.013275 0.073211 0.608361 0.444595 0.021347 0.171123
0.427666 0.295899 0.442409 0.281156 0.431352 0.281156 0.486639 0.292213 0.488482 0.297742 0.471896 0.373301 0.516125 0.376986 0.444252 0.511518 0.578784 0.489403 0.342893 0.454388 0.505068 0.548376 0.517968 0.623935 0.494011 0.625778 0.571412 0.822968 0.447938 0.815597 0.689358 1.000000 0.446095 1.000000 0.102145 0.072847 0.025636 0.047574 0.600540 0.447080 0.015257 0.159296
0.427946 0.290430 0.441132 0.277243 0.429829 0.275360 0.482575 0.288546 0.480691 0.294197 0.469389 0.369548 0.516483 0.380851 0.437364 0.505180 0.580531 0.499529 0.331873 0.473156 0.490110 0.540972 0.512716 0.625742 0.501413 0.623858 0.557926 0.832958 0.444900 0.823539 0.706745 0.985543 0.422294 1.000000 0.177643 0.052568 0.015050 0.068077 0.520011 0.520730 0.017998 0.156170
0.429928 0.286448 0.441368 0.273101 0.431835 0.271194 0.485223 0.282634 0.490943 0.288354 0.468062 0.368437 0.521451 0.381784 0.452809 0.503813 0.529077 0.519067 0.344126 0.501907 0.387980 0.520974 0.504290 0.625843 0.506197 0.623937 0.534798 0.839396 0.447089 0.827955 0.710216 0.959519 0.422301 1.000000 0.263707 0.051978 0.000651 0.069738 0.469869 0.513364 0.013356 0.134930
0.426396 0.280650 0.441994 0.265051 0.428346 0.263102 0.494638 0.276750 0.490739 0.280650 0.465391 0.370340 0.519985 0.380088 0.463442 0.514623 0.549232 0.524372 0.350354 0.545820 0.428346 0.561418 0.506337 0.627711 0.508287 0.621861 0.502437 0.848036 0.432245 0.822689 0.695466 0.937726 0.438094 1.000000 0.367179 0.123739 0.055853 0.099825 0.410020 0.469005 0.018630 0.109582
0.426756 0.279299 0.442278 0.263777 0.428697 0.263777 0.490784 0.277359 0.486903 0.279299 0.473322 0.376310 0.508246 0.374370 0.479143 0.521828 0.504366 0.519887 0.387952 0.583915 0.422876 0.578094 0.510186 0.626600 0.508246 0.622720 0.471382 0.840025 0.436457 0.818683 0.671225 0.911814 0.475262 1.000000 0.447474 0.172251 0.103797 0.111776 0.322453 0.294082 0.023490 0.054527
0.419397 0.277358 0.435124 0.263597 0.421363 0.261631 0.478375 0.277358 0.478375 0.277358 0.468545 0.377621 0.505898 0.373689 0.488204 0.515236 0.492136 0.527032 0.409567 0.591907 0.405635 0.580112 0.509830 0.625328 0.515727 0.623362 0.439056 0.829785 0.441022 0.829785 0.635649 0.904490 0.498034 1.000000 0.490482 0.201235 0.158643 0.123056 0.299196 0.296317 0.032597 0.004456
0.416342 0.274805 0.431907 0.263132 0.420233 0.261187 0.474708 0.280642 0.476654 0.278696 0.470817 0.377918 0.498054 0.374027 0.490272 0.508268 0.466926 0.523833 0.391051 0.541342 0.375486 0.531615 0.503891 0.623055 0.527237 0.625000 0.412451 0.815661 0.470817 0.833171 0.595331 0.895428 0.519455 1.000000 0.510170 0.162226 0.183777 0.121094 0.444744 0.407761 0.039737 0.056842
0.415665 0.278917 0.430912 0.265576 0.419476 0.265576 0.470935 0.280823 0.472841 0.280823 0.476653 0.372306 0.489994 0.379929 0.531924 0.469506 0.448065 0.520965 0.467123 0.553365 0.360394 0.511435 0.499524 0.621977 0.533829 0.625788 0.404229 0.797318 0.497618 0.820189 0.554794 0.926918 0.562418 0.989813 0.432237 0.174777 0.187539 0.114784 0.373989 0.442480 0.042593 0.099841
0.410164 0.276859 0.425620 0.261403 0.412096 0.261403 0.470055 0.276859 0.468123 0.278791 0.471987 0.369593 0.491306 0.383117 0.551197 0.448803 0.443007 0.516422 0.485510 0.562789 0.352205 0.500966 0.495170 0.622679 0.541537 0.624611 0.398572 0.802351 0.526081 0.825535 0.506762 0.983955 0.599496 1.000000 0.328045 0.141097 0.186099 0.089715 0.416409 0.443019 0.046906 0.132585
0.413298 0.277946 0.430638 0.262532 0.415225 0.264459 0.476879 0.276019 0.471099 0.277946 0.480733 0.370428 0.484586 0.381989 0.571288 0.445570 0.442199 0.516859 0.498073 0.559246 0.359350 0.497592 0.494220 0.622828 0.540461 0.624755 0.405591 0.807793 0.555875 0.828986 0.469173 1.000000 0.632943 1.000000 0.239163 0.096053 0.159227 0.048030 0.461660 0.475804 0.044300 0.166212
0.422492 0.282100 0.438091 0.268451 0.422492 0.266501 0.486838 0.278201 0.471239 0.280151 0.496588 0.373745 0.477089 0.377645 0.588232 0.451740 0.455640 0.521936 0.510237 0.562884 0.373745 0.498538 0.492688 0.625280 0.533635 0.623330 0.426392 0.831968 0.576533 0.835868 0.443941 1.000000 0.662328 1.000000 0.124098 0.066239 0.093865 0.008613 0.470331 0.541613 0.033578 0.162194
0.423763 0.285370 0.439301 0.269831 0.423763 0.269831 0.485918 0.279543 0.470379 0.283428 0.499514 0.372776 0.474264 0.378603 0.592747 0.456297 0.472321 0.524279 0.511169 0.559242 0.388800 0.506798 0.495630 0.625282 0.530592 0.623339 0.437359 0.835056 0.567497 0.835056 0.427647 1.000000 0.684038 1.000000 0.072414 0.125900 0.081348 0.017074 0.480778 0.561431 0.033448 0.141178
0.423384 0.285088 0.438803 0.271596 0.423384 0.269669 0.485062 0.281233 0.473497 0.283161 0.506264 0.373751 0.467715 0.377606 0.591072 0.462415 0.477352 0.520238 0.506264 0.556860 0.394472 0.512528 0.502409 0.624321 0.523611 0.624321 0.450368 0.844051 0.554451 0.838269 0.433021 1.000000 0.697083 0.996321 0.048948 0.188122 0.069128 0.025351 0.475831 0.551000 0.033191 0.119594
0.422620 0.288026 0.439503 0.273019 0.424496 0.273019 0.488276 0.284275 0.475145 0.286151 0.505159 0.374317 0.478896 0.376192 0.572690 0.479365 0.482648 0.509379 0.488276 0.552524 0.411365 0.515007 0.497655 0.625683 0.518290 0.623808 0.458262 0.830153 0.533297 0.824526 0.448882 1.000000 0.696498 0.953961 0.046508 0.262812 0.051085 0.026465 0.454560 0.483886 0.020316 0.084338
0.412420 0.280098 0.427651 0.264867 0.412420 0.264867 0.473345 0.280098 0.486673 0.278195 0.480961 0.379102 0.501904 0.371486 0.545694 0.491432 0.509520 0.499048 0.446691 0.554261 0.414324 0.539030 0.490480 0.624706 0.526655 0.624706 0.442883 0.828424 0.505712 0.828424 0.469537 1.000000 0.678967 0.921716 0.114474 0.375382 0.085392 0.063623 0.486410 0.392412 0.021834 0.040452
0.409567 0.266546 0.425295 0.250818 0.409567 0.250818 0.468545 0.270478 0.482307 0.266546 0.480341 0.382536 0.494102 0.368774 0.513762 0.514253 0.517693 0.502457 0.403669 0.557503 0.415465 0.557503 0.498034 0.624345 0.527523 0.624345 0.442988 0.828802 0.480341 0.832734 0.498034 1.000000 0.665138 0.917269 0.166666 0.434311 0.106963 0.112265 0.459942 0.398373 0.032597 0.012838
0.413278 0.263258 0.431220 0.249303 0.419259 0.249303 0.477073 0.267245 0.471093 0.265252 0.489035 0.382875 0.481061 0.368920 0.495016 0.532396 0.485048 0.506479 0.365431 0.538377 0.405303 0.528409 0.518939 0.626096 0.510965 0.622109 0.471093 0.833432 0.469099 0.827451 0.548844 1.000000 0.652512 0.929126 0.185395 0.402900 0.111133 0.101443 0.498045 0.423800 0.038167 0.008172
0.407589 0.270194 0.423235 0.256503 0.411500 0.256503 0.466262 0.272150 0.476041 0.274105 0.464307 0.377763 0.507334 0.373851 0.448660 0.524448 0.558185 0.489243 0.317622 0.500978 0.427147 0.520536 0.513202 0.624193 0.515157 0.624193 0.497555 0.837375 0.436926 0.817817 0.585566 1.000000 0.599257 0.929298 0.159120 0.430675 0.085667 0.132170 0.522587 0.557506 0.036186 0.098906
0.419838 0.281205 0.434927 0.268002 0.423610 0.268002 0.476423 0.283091 0.478309 0.283091 0.468878 0.377400 0.508488 0.373627 0.442472 0.518862 0.576390 0.479252 0.323644 0.473594 0.499057 0.530179 0.519805 0.624487 0.502829 0.624487 0.536780 0.826306 0.436814 0.803672 0.625430 1.000000 0.557528 0.960223 0.111927 0.321445 0.037989 0.105182 0.557116 0.496494 0.028858 0.139071
0.423720 0.282322 0.438604 0.269298 0.429301 0.269298 0.479535 0.286043 0.485116 0.287903 0.466511 0.373486 0.514884 0.377207 0.431162 0.505581 0.580001 0.481395 0.326974 0.451627 0.509302 0.537210 0.520465 0.622793 0.498140 0.626514 0.565117 0.820006 0.440464 0.803261 0.650700 1.000000 0.531628 0.987450 0.062823 0.246697 0.003034 0.079055 0.568867 0.465085 0.023711 0.171277
0.428694 0.292024 0.441492 0.279225 0.432351 0.277397 0.481716 0.290195 0.489030 0.293852 0.468918 0.372472 0.516455 0.377957 0.430522 0.509599 0.580448 0.487659 0.335447 0.451091 0.501828 0.538853 0.520112 0.622957 0.494515 0.626614 0.580448 0.818592 0.452463 0.814936 0.677351 1.000000 0.483545 1.000000 0.057313 0.120085 0.031052 0.041918 0.588696 0.484365 0.018634 0.165156
0.429249 0.288208 0.444046 0.275260 0.432948 0.273411 0.484740 0.286359 0.492139 0.290058 0.466243 0.371445 0.521734 0.378844 0.429249 0.508324 0.577225 0.497225 0.336763 0.456532 0.497688 0.550867 0.514335 0.623006 0.497688 0.626705 0.579075 0.822774 0.462543 0.822774 0.706705 1.000000 0.451445 1.000000 0.098614 0.039267 0.039629 0.025672 0.578471 0.450658 0.015314 0.156212
0.427925 0.285198 0.443099 0.271921 0.431719 0.271921 0.482930 0.287095 0.494310 0.288992 0.458273 0.374343 0.524657 0.376240 0.433615 0.520390 0.573971 0.507113 0.340677 0.486249 0.467756 0.556427 0.509484 0.624708 0.507587 0.624708 0.568281 0.837139 0.462066 0.829552 0.729501 0.988875 0.439305 1.000000 0.173691 0.035630 0.021729 0.047770 0.558821 0.476346 0.021752 0.155556
0.423009 0.282020 0.438407 0.270471 0.426859 0.268546 0.480752 0.289719 0.486527 0.287794 0.451881 0.372484 0.528872 0.378258 0.448031 0.514917 0.569292 0.518767 0.344094 0.526466 0.467279 0.557262 0.501925 0.624629 0.517323 0.624629 0.538495 0.845978 0.448031 0.828655 0.725198 0.957614 0.446106 1.000000 0.276343 0.101423 0.010246 0.089305 0.456176 0.474303 0.024531 0.156334
0.419015 0.277291 0.434441 0.263793 0.422871 0.261865 0.478790 0.277291 0.482646 0.277291 0.453723 0.375630 0.521210 0.375630 0.459507 0.522175 0.521210 0.526031 0.353455 0.560739 0.420943 0.570380 0.507713 0.624370 0.517354 0.624370 0.507713 0.842259 0.438297 0.813335 0.702463 0.921316 0.467220 1.000000 0.377254 0.169267 0.068035 0.121192 0.401541 0.367443 0.031970 0.126127
0.414655 0.277319 0.430351 0.261624 0.414655 0.259662 0.477438 0.279281 0.479400 0.273395 0.455856 0.377378 0.506867 0.375416 0.475476 0.526486 0.504905 0.524524 0.381302 0.577497 0.398960 0.557877 0.512753 0.628507 0.524524 0.618698 0.471552 0.858055 0.436237 0.820778 0.687366 0.893370 0.493133 1.000000 0.504901 0.214615 0.127450 0.154175 0.383627 0.398730 0.047640 0.074582
0.414680 0.280469 0.431936 0.267048 0.420432 0.267048 0.472199 0.288138 0.474116 0.286221 0.466447 0.378251 0.497124 0.374417 0.493289 0.504793 0.485620 0.516297 0.407011 0.568064 0.403176 0.558478 0.514380 0.623666 0.522049 0.623666 0.453026 0.826900 0.460695 0.832651 0.642839 0.888253 0.523966 1.000000 0.493810 0.189589 0.154721 0.122620 0.365124 0.323717 0.046548 0.002429
0.409906 0.280246 0.427066 0.268806 0.415626 0.266899 0.469015 0.287873 0.472829 0.284060 0.467108 0.377491 0.493803 0.375584 0.503337 0.491896 0.469015 0.516684 0.421346 0.566260 0.379398 0.531938 0.503337 0.623463 0.535752 0.623463 0.428973 0.819859 0.495710 0.833206 0.608209 0.888502 0.554819 1.000000 0.498794 0.158508 0.161763 0.113408 0.363133 0.390979 0.049974 0.055169
0.415206 0.285906 0.428323 0.272789 0.417080 0.272789 0.471423 0.285906 0.473297 0.285906 0.480792 0.373980 0.477045 0.379601 0.542631 0.465801 0.463927 0.527640 0.456432 0.542631 0.373980 0.514523 0.508901 0.623209 0.533262 0.623209 0.422701 0.804979 0.525766 0.821844 0.576362 0.949269 0.600723 1.000000 0.400960 0.136505 0.176702 0.084198 0.456935 0.517964 0.053941 0.128947
0.413123 0.281863 0.428232 0.266753 0.415011 0.266753 0.471670 0.283751 0.467893 0.283751 0.481114 0.372517 0.483002 0.380072 0.562325 0.449951 0.458450 0.519831 0.477336 0.538717 0.371573 0.504722 0.498111 0.623706 0.537773 0.623706 0.411234 0.803126 0.554770 0.825790 0.524552 0.982546 0.635982 1.000000 0.322847 0.101409 0.165045 0.043677 0.500659 0.499456 0.045847 0.170248
0.417052 0.282620 0.432307 0.265458 0.418959 0.265458 0.478071 0.274993 0.466630 0.280713 0.489512 0.374148 0.478071 0.377962 0.581041 0.448515 0.464723 0.513348 0.504767 0.520975 0.378916 0.501907 0.495233 0.623945 0.537183 0.623945 0.428493 0.814629 0.581041 0.827977 0.489512 1.000000 0.668756 1.000000 0.195752 0.069839 0.114455 0.007673 0.540972 0.510911 0.041390 0.174563
0.424160 0.285751 0.439328 0.270583 0.426056 0.270583 0.486728 0.280063 0.469664 0.283855 0.503792 0.374863 0.467768 0.376759 0.594800 0.454496 0.467768 0.515168 0.518960 0.520856 0.393824 0.505688 0.498104 0.625136 0.530336 0.623241 0.445016 0.828009 0.579632 0.828009 0.446912 1.000000 0.689601 1.000000 0.084237 0.099274 0.074236 0.003932 0.542379 0.540588 0.036290 0.156668
0.421172 0.289637 0.436098 0.274711 0.421172 0.274711 0.482742 0.287771 0.473413 0.282174 0.506997 0.373595 0.471547 0.377327 0.589090 0.463151 0.482742 0.513527 0.501399 0.534050 0.402515 0.513527 0.499534 0.623606 0.521923 0.625472 0.452890 0.832570 0.566701 0.830704 0.432367 1.000000 0.706632 0.978098 0.039017 0.173356 0.060406 0.004626 0.519747 0.526104 0.027352 0.138283
0.429934 0.287467 0.443013 0.272520 0.429934 0.272520 0.489724 0.281862 0.467303 0.283731 0.521487 0.375283 0.461697 0.375283 0.592487 0.479915 0.480382 0.507941 0.493461 0.539704 0.416855 0.530362 0.512145 0.625651 0.504671 0.623783 0.459829 0.831177 0.547645 0.831177 0.441145 1.000000 0.715802 0.958230 0.052199 0.229003 0.067468 0.010529 0.516873 0.436539 0.021427 0.144375
0.429555 0.280098 0.442883 0.264867 0.429555 0.266771 0.488577 0.274387 0.467634 0.278195 0.517135 0.375294 0.465730 0.375294 0.581868 0.489529 0.473345 0.504760 0.473345 0.546646 0.425748 0.546646 0.509520 0.624706 0.507616 0.624706 0.452402 0.828424 0.526655 0.836040 0.463826 1.000000 0.709430 0.936947 0.104048 0.310832 0.077295 0.024363 0.509890 0.288993 0.021834 0.115611
0.413465 0.264704 0.430967 0.251091 0.413465 0.251091 0.477637 0.268593 0.467914 0.266648 0.499028 0.381380 0.477637 0.369712 0.545698 0.511668 0.497083 0.501945 0.436801 0.552504 0.429022 0.554449 0.506806 0.624454 0.516529 0.624454 0.436801 0.822803 0.497083 0.836416 0.483471 1.000000 0.683765 0.910310 0.178234 0.409147 0.118183 0.077346 0.495289 0.337324 0.029754 0.078879
0.412839 0.267407 0.428508 0.251738 0.414798 0.251738 0.475517 0.265448 0.457888 0.267407 0.497062 0.381010 0.469640 0.371217 0.524483 0.522035 0.495103 0.516159 0.399128 0.533787 0.446136 0.582754 0.522525 0.625845 0.510773 0.621928 0.452012 0.821713 0.475517 0.819754 0.522525 1.000000 0.659632 0.907894 0.215131 0.414019 0.142979 0.107901 0.531376 0.257170 0.042522 0.053855
0.406445 0.267096 0.420232 0.253309 0.406445 0.253309 0.463563 0.269066 0.463563 0.269066 0.489167 0.381332 0.473411 0.371484 0.471441 0.523143 0.479319 0.513295 0.349327 0.497538 0.437958 0.568443 0.524620 0.623592 0.512802 0.623592 0.465532 0.824490 0.453715 0.820550 0.564012 1.000000 0.625069 0.915091 0.233702 0.432293 0.137307 0.142111 0.526206 0.218088 0.047827 0.001725
0.413976 0.277734 0.428856 0.262854 0.417696 0.264714 0.473495 0.277734 0.475355 0.277734 0.480935 0.376312 0.499535 0.374452 0.458616 0.515810 0.506975 0.515810 0.347017 0.467451 0.436296 0.538129 0.521855 0.623688 0.497675 0.625548 0.519995 0.818985 0.434436 0.798525 0.596253 1.000000 0.572074 0.939883 0.121528 0.357323 0.055212 0.109209 0.579658 0.419373 0.024891 0.108535
0.416762 0.286158 0.429639 0.273281 0.418602 0.271442 0.470108 0.289837 0.477466 0.289837 0.473787 0.376293 0.506898 0.374454 0.442515 0.506898 0.574960 0.479306 0.337664 0.451713 0.506898 0.536330 0.519775 0.624626 0.499540 0.624626 0.556565 0.821453 0.427799 0.797540 0.635663 1.000000 0.525293 0.970453 0.062813 0.288605 0.000527 0.115825 0.579407 0.461283 0.024617 0.184003
0.421451 0.295229 0.435981 0.280699 0.423268 0.280699 0.479568 0.289780 0.477752 0.293413 0.474120 0.373323 0.514075 0.376956 0.439613 0.507719 0.583089 0.489557 0.346989 0.445969 0.501362 0.531329 0.523156 0.623953 0.488649 0.625769 0.575824 0.816465 0.437797 0.805568 0.661184 1.000000 0.486833 1.000000 0.044581 0.165715 0.023504 0.055320 0.607167 0.524623 0.015036 0.172740
0.422236 0.295527 0.436874 0.279059 0.424066 0.279059 0.478958 0.290038 0.482618 0.293697 0.467980 0.372376 0.521042 0.377865 0.436874 0.505947 0.585083 0.493138 0.345387 0.449225 0.500915 0.533393 0.517383 0.623050 0.493596 0.626709 0.577764 0.818831 0.447853 0.817002 0.687548 1.000000 0.447853 1.000000 0.072675 0.075092 0.033285 0.040126 0.603832 0.519415 0.013983 0.170316
0.420537 0.290936 0.435672 0.275800 0.422429 0.275800 0.481080 0.287152 0.482972 0.292828 0.460268 0.370399 0.528380 0.379859 0.431889 0.512298 0.594599 0.499054 0.333505 0.463106 0.496216 0.536894 0.507568 0.622033 0.503784 0.627709 0.570004 0.835827 0.447024 0.830152 0.721362 1.000000 0.426213 1.000000 0.142622 0.056392 0.031300 0.055527 0.584751 0.544539 0.014459 0.177454
