0.629029 0.321817 0.641317 0.309529 0.620837 0.301336 0.633125 0.317721 0.575779 0.289048 0.596260 0.399644 0.481567 0.362779 0.588067 0.510240 0.346394 0.436510 0.637221 0.583971 0.309529 0.575779 0.485663 0.624933 0.436510 0.612644 0.395548 0.801068 0.530721 0.788779 0.289048 0.969010 0.514337 1.000000 0.029362 0.178643 0.005271 0.213132 0.210703 0.258684 0.100767 0.306873
0.630730 0.317801 0.647200 0.309566 0.622495 0.297213 0.638965 0.313683 0.577203 0.284861 0.597790 0.400151 0.482501 0.363093 0.589556 0.515441 0.350741 0.441326 0.638965 0.593673 0.313683 0.581321 0.486618 0.622495 0.433091 0.614260 0.396033 0.803665 0.536028 0.787195 0.280743 0.960130 0.498971 1.000000 0.054552 0.220752 0.000129 0.232733 0.202007 0.247077 0.104074 0.318488
0.636170 0.324924 0.648456 0.312638 0.627979 0.300352 0.640265 0.316734 0.582931 0.288066 0.599312 0.398640 0.484643 0.365878 0.587026 0.513310 0.361782 0.451880 0.627979 0.599312 0.329020 0.591121 0.484643 0.623884 0.431403 0.611598 0.406831 0.799983 0.529691 0.787697 0.279876 0.943320 0.484643 1.000000 0.098295 0.222725 0.017453 0.229960 0.175438 0.232041 0.109013 0.294480
0.636813 0.325410 0.649065 0.313158 0.628645 0.300906 0.644981 0.313158 0.583722 0.288654 0.600058 0.398921 0.485706 0.366250 0.583722 0.517357 0.371355 0.464265 0.616393 0.611288 0.346851 0.603121 0.481622 0.623540 0.432614 0.611288 0.424446 0.803236 0.518378 0.790984 0.285591 0.933923 0.465286 1.000000 0.161587 0.215625 0.056396 0.209661 0.150180 0.218837 0.111462 0.239800
0.632082 0.317505 0.644181 0.309439 0.619983 0.297339 0.644181 0.313472 0.575620 0.285240 0.599818 0.398166 0.482860 0.365901 0.571587 0.515124 0.378000 0.474793 0.587719 0.615950 0.365901 0.619983 0.494959 0.624016 0.422364 0.611917 0.494959 0.805503 0.478827 0.789371 0.422364 0.995056 0.329604 0.934561 0.116421 0.352416 0.138360 0.174806 0.125893 0.217530 0.107288 0.098056
0.634435 0.315402 0.646474 0.303363 0.622396 0.295337 0.646474 0.311389 0.578253 0.287311 0.594305 0.395662 0.485955 0.367571 0.562201 0.512039 0.393656 0.483948 0.558188 0.616377 0.397669 0.632429 0.493981 0.624403 0.425760 0.612364 0.485955 0.813013 0.497993 0.792948 0.369578 0.961494 0.361552 0.945442 0.198067 0.353453 0.118030 0.197869 0.073442 0.222035 0.104032 0.134656
0.626156 0.317665 0.637984 0.305837 0.614329 0.297953 0.637984 0.309780 0.574905 0.290068 0.586733 0.392570 0.488173 0.368916 0.539424 0.514784 0.409325 0.495072 0.523654 0.621228 0.425095 0.629113 0.492115 0.625171 0.432979 0.613344 0.484230 0.802578 0.488173 0.794694 0.342304 0.885369 0.405383 0.983928 0.317771 0.225316 0.108837 0.164733 0.070746 0.215085 0.096860 0.108179
0.618246 0.311608 0.630271 0.299583 0.610229 0.291566 0.630271 0.307599 0.566138 0.283549 0.574154 0.387766 0.477954 0.367725 0.522046 0.512025 0.409812 0.500000 0.510021 0.612234 0.441879 0.612234 0.510021 0.628267 0.437871 0.616242 0.518038 0.800626 0.461921 0.808643 0.357704 0.896826 0.381754 0.993027 0.342774 0.170131 0.097747 0.090485 0.088379 0.240004 0.066837 0.024789
0.632434 0.314593 0.644658 0.302368 0.624284 0.290143 0.644658 0.310518 0.579460 0.281994 0.587610 0.396090 0.493888 0.367566 0.538711 0.526487 0.432764 0.514262 0.534636 0.640584 0.506112 0.636509 0.497963 0.624284 0.420540 0.612059 0.530562 0.803579 0.453139 0.807654 0.379791 0.901376 0.363491 1.000000 0.374086 0.182202 0.176403 0.145342 0.102837 0.297687 0.105698 0.004681
0.627848 0.306764 0.639559 0.295053 0.616137 0.287246 0.635655 0.306764 0.573195 0.287246 0.581003 0.392647 0.495120 0.369224 0.526350 0.517567 0.444372 0.509759 0.545869 0.611257 0.526350 0.611257 0.499024 0.622968 0.424853 0.615161 0.545869 0.775214 0.424853 0.798637 0.420949 0.904038 0.335067 0.982113 0.340118 0.144863 0.203861 0.088586 0.196654 0.326571 0.098487 0.095015
0.620943 0.319562 0.632647 0.307857 0.613140 0.300055 0.632647 0.315660 0.570225 0.288351 0.578027 0.389786 0.492197 0.370279 0.523408 0.514630 0.453184 0.514630 0.554619 0.600460 0.546816 0.600460 0.503901 0.623869 0.425874 0.616066 0.550718 0.776022 0.398564 0.799430 0.441479 0.935978 0.308833 0.986696 0.285739 0.095172 0.192633 0.036833 0.242292 0.347853 0.090632 0.142077
0.614106 0.320690 0.629448 0.313019 0.606435 0.301513 0.625613 0.316855 0.568080 0.290006 0.575751 0.389729 0.495206 0.370552 0.522054 0.512465 0.456851 0.512465 0.564245 0.596846 0.552738 0.589175 0.506712 0.623695 0.422331 0.616024 0.552738 0.769444 0.380141 0.792457 0.472193 0.949713 0.288089 0.976561 0.231117 0.072869 0.188700 0.017146 0.278858 0.369246 0.091604 0.172079
0.617586 0.314946 0.629152 0.299525 0.606020 0.295670 0.625297 0.307236 0.567468 0.291814 0.575178 0.388197 0.498072 0.372775 0.517349 0.511566 0.459519 0.511566 0.559757 0.600238 0.559757 0.592527 0.505783 0.623369 0.420967 0.615659 0.548191 0.781436 0.366993 0.793002 0.501928 0.978056 0.270610 0.978056 0.156994 0.058803 0.174771 0.003805 0.281527 0.369981 0.094654 0.177477
0.613273 0.319144 0.624695 0.303914 0.601850 0.300107 0.620888 0.311529 0.559968 0.296299 0.575198 0.387679 0.495241 0.372449 0.518086 0.509519 0.453358 0.509519 0.552353 0.604706 0.544738 0.600898 0.506663 0.623743 0.422898 0.616128 0.540931 0.783658 0.365786 0.791273 0.518086 0.981647 0.262984 0.962610 0.103759 0.071685 0.157133 0.008475 0.249521 0.344393 0.090916 0.167529
0.613751 0.317051 0.625126 0.305676 0.602376 0.298093 0.621334 0.309468 0.560667 0.298093 0.579625 0.389093 0.500000 0.373926 0.522750 0.510427 0.454500 0.502844 0.534125 0.612803 0.526542 0.609011 0.500000 0.624178 0.420375 0.612803 0.537917 0.787220 0.374874 0.794804 0.515167 0.988180 0.257332 0.950263 0.108615 0.128092 0.176687 0.024437 0.174750 0.297776 0.103180 0.150712
0.610376 0.315421 0.621507 0.304291 0.599246 0.296871 0.617796 0.311711 0.558434 0.300581 0.573275 0.385914 0.499072 0.374783 0.521333 0.508348 0.443421 0.500928 0.521333 0.615941 0.495362 0.612231 0.502783 0.623362 0.424870 0.615941 0.528753 0.797737 0.395189 0.805158 0.495362 0.990664 0.265335 0.927592 0.101614 0.209832 0.138922 0.045488 0.127715 0.271238 0.093452 0.096589
0.606109 0.312414 0.617478 0.301045 0.594741 0.293466 0.617478 0.308624 0.553055 0.293466 0.572003 0.388206 0.488631 0.369258 0.515158 0.509474 0.427997 0.498105 0.511369 0.619373 0.454525 0.626952 0.507579 0.626952 0.431787 0.615583 0.518948 0.808854 0.412839 0.812644 0.469683 0.998335 0.268833 0.930122 0.100836 0.251669 0.103763 0.041679 0.128555 0.204638 0.077979 0.050381
0.599210 0.308132 0.610441 0.293157 0.584235 0.289413 0.610441 0.304388 0.546797 0.293157 0.565516 0.386751 0.483153 0.368032 0.509359 0.499064 0.408278 0.484089 0.509359 0.603890 0.412021 0.615121 0.513103 0.626352 0.438228 0.618865 0.509359 0.798566 0.438228 0.809797 0.441972 0.978267 0.284733 0.899647 0.107282 0.331426 0.061632 0.056413 0.147584 0.191473 0.062366 0.006918
0.598539 0.308552 0.609801 0.297290 0.587278 0.293536 0.613555 0.301044 0.545985 0.293536 0.576016 0.387383 0.478415 0.368614 0.527216 0.507508 0.395830 0.484984 0.549739 0.608863 0.380814 0.612617 0.508446 0.627632 0.437122 0.616370 0.504692 0.800311 0.459646 0.796557 0.425861 0.969236 0.316998 0.886650 0.132064 0.360274 0.080351 0.092152 0.192435 0.159181 0.069864 0.046502
0.606875 0.294022 0.618534 0.282363 0.591330 0.278477 0.622421 0.297908 0.552466 0.282363 0.571898 0.391181 0.478625 0.363977 0.544693 0.503886 0.373693 0.465023 0.583557 0.597159 0.338715 0.597159 0.509716 0.628250 0.439761 0.616591 0.498057 0.814796 0.486398 0.795365 0.400897 0.974138 0.346488 0.908069 0.154426 0.365375 0.061783 0.129817 0.201057 0.173636 0.064774 0.101096
0.610227 0.289477 0.622143 0.277561 0.594338 0.273588 0.630087 0.297421 0.554617 0.281533 0.582422 0.400697 0.479146 0.357003 0.574477 0.527805 0.363954 0.444390 0.626115 0.599303 0.308345 0.583415 0.502979 0.627108 0.435453 0.615192 0.502979 0.813799 0.499007 0.797910 0.391759 0.952823 0.383815 0.956795 0.214777 0.306228 0.107416 0.159912 0.218967 0.172299 0.079206 0.106550
0.609849 0.288291 0.625827 0.280302 0.593871 0.272313 0.629821 0.296280 0.553926 0.280302 0.585882 0.400137 0.470041 0.356198 0.573898 0.515978 0.342217 0.440082 0.641805 0.571901 0.294283 0.571901 0.509986 0.627824 0.434091 0.615841 0.509986 0.803583 0.501997 0.791599 0.422107 0.975346 0.370179 0.971352 0.150531 0.318770 0.102416 0.161155 0.313520 0.204122 0.071811 0.117360
0.605838 0.291292 0.617708 0.279422 0.590012 0.275465 0.625621 0.295248 0.550446 0.279422 0.586055 0.402075 0.471315 0.354596 0.586055 0.512859 0.344705 0.433728 0.657273 0.552424 0.293270 0.564294 0.499011 0.627599 0.443619 0.615729 0.431749 0.813557 0.542533 0.777948 0.328879 0.979733 0.487141 0.991602 0.065968 0.255041 0.006776 0.207929 0.338586 0.202740 0.073703 0.284768
0.592204 0.295548 0.608239 0.283521 0.576168 0.275504 0.620266 0.299557 0.540089 0.279513 0.600222 0.399778 0.467929 0.359690 0.588195 0.504009 0.331628 0.427841 0.652337 0.552115 0.283521 0.560133 0.495991 0.628284 0.435858 0.612248 0.419823 0.816700 0.540089 0.784629 0.307575 0.985072 0.528062 1.000000 0.064882 0.188749 0.013936 0.213312 0.331734 0.241399 0.087884 0.295392
0.590582 0.287637 0.606685 0.275559 0.574478 0.267507 0.618762 0.291662 0.534220 0.271533 0.598633 0.400360 0.457729 0.356076 0.602659 0.501006 0.328901 0.432567 0.654995 0.553342 0.288643 0.565420 0.506039 0.629834 0.437599 0.613730 0.417470 0.815023 0.542271 0.798919 0.304746 0.976057 0.558375 1.000000 0.052400 0.142566 0.019919 0.188572 0.237274 0.235788 0.072384 0.305755
0.595696 0.286211 0.611985 0.273994 0.579408 0.269922 0.620129 0.294355 0.534614 0.273994 0.599768 0.400232 0.453170 0.355438 0.599768 0.506108 0.331005 0.445026 0.652707 0.571263 0.302499 0.579408 0.510180 0.628274 0.436881 0.616057 0.432809 0.819666 0.538686 0.811522 0.302499 0.970337 0.563119 1.000000 0.104689 0.121119 0.003130 0.172713 0.217188 0.232056 0.067917 0.275129
0.590904 0.281231 0.606887 0.269244 0.574921 0.265248 0.614879 0.289222 0.530967 0.269244 0.594900 0.397109 0.451052 0.357151 0.594900 0.512986 0.339170 0.449054 0.634858 0.588906 0.319191 0.592902 0.514984 0.628864 0.439064 0.616877 0.443060 0.824657 0.534963 0.812670 0.303208 0.944531 0.542955 1.000000 0.162378 0.134368 0.006362 0.159655 0.154214 0.237179 0.058842 0.257034
0.586895 0.287700 0.602694 0.275851 0.571096 0.267951 0.610593 0.291650 0.527648 0.271901 0.590845 0.394344 0.448653 0.358796 0.586895 0.512837 0.349909 0.465440 0.614543 0.595782 0.342009 0.603681 0.519749 0.627380 0.440754 0.619480 0.476301 0.824868 0.523699 0.813019 0.322261 0.907813 0.519749 1.000000 0.273843 0.134369 0.025326 0.138524 0.113023 0.219594 0.050502 0.197811
0.585311 0.295059 0.601000 0.283292 0.573544 0.275447 0.604922 0.291136 0.530398 0.271525 0.577466 0.389194 0.444107 0.361738 0.573544 0.506864 0.357816 0.483330 0.589233 0.601000 0.373505 0.628456 0.530398 0.628456 0.448029 0.620611 0.522553 0.828495 0.514709 0.801038 0.475485 1.000000 0.369583 0.903019 0.062500 0.417704 0.049352 0.107858 0.063175 0.230737 0.027501 0.125157
0.583095 0.290373 0.594426 0.279042 0.567987 0.271488 0.598203 0.290373 0.526439 0.275265 0.579318 0.381023 0.439567 0.369692 0.549102 0.505666 0.371580 0.505666 0.541548 0.630308 0.413128 0.637863 0.533993 0.626531 0.447121 0.622754 0.522662 0.796499 0.503777 0.788945 0.379134 0.856932 0.462229 1.000000 0.351957 0.166321 0.036921 0.095083 0.056438 0.244512 0.024069 0.125771
0.590744 0.299408 0.602206 0.287945 0.575461 0.284125 0.598386 0.291766 0.533432 0.280304 0.575461 0.372003 0.453195 0.379645 0.544894 0.498090 0.392062 0.513373 0.521970 0.616535 0.449374 0.631818 0.525790 0.624176 0.445554 0.624176 0.514328 0.803754 0.479941 0.807575 0.407346 0.880170 0.434091 0.998615 0.282278 0.133974 0.041615 0.068942 0.014849 0.279934 0.036566 0.079288
0.607778 0.298162 0.615616 0.286404 0.596020 0.278566 0.603858 0.294243 0.548990 0.274647 0.576424 0.376546 0.462768 0.376546 0.545071 0.509798 0.400061 0.525475 0.541151 0.627374 0.501960 0.627374 0.521556 0.623454 0.439253 0.623454 0.596020 0.799818 0.470606 0.811575 0.458849 0.917394 0.392222 1.000000 0.401607 0.167426 0.196774 0.082793 0.062952 0.376854 0.050107 0.074601
0.611923 0.299310 0.619642 0.287732 0.600345 0.283872 0.604204 0.291591 0.554032 0.276154 0.569470 0.380358 0.469125 0.372639 0.530875 0.507719 0.422812 0.519297 0.554032 0.596486 0.527016 0.588767 0.523157 0.623501 0.438249 0.623501 0.600345 0.777878 0.449828 0.808754 0.492281 0.936115 0.361061 1.000000 0.338307 0.152425 0.207496 0.058849 0.174885 0.410197 0.049337 0.127715
0.611060 0.300661 0.618654 0.289270 0.599670 0.285473 0.603466 0.293067 0.550309 0.277879 0.569294 0.380397 0.470574 0.372803 0.531325 0.501898 0.436401 0.513289 0.576888 0.574040 0.554106 0.570243 0.523731 0.623400 0.436401 0.623400 0.595873 0.775278 0.413620 0.809450 0.519934 0.961327 0.330087 0.999297 0.264507 0.093158 0.200152 0.004357 0.275720 0.432502 0.050979 0.179938
0.613387 0.292744 0.617104 0.281591 0.598516 0.274156 0.602234 0.292744 0.550188 0.277873 0.561340 0.381966 0.475836 0.370813 0.527882 0.504647 0.434942 0.504647 0.579928 0.556693 0.561340 0.556693 0.524164 0.623610 0.438660 0.623610 0.587364 0.776032 0.390331 0.802055 0.546470 0.987935 0.308544 0.984218 0.185796 0.050139 0.173704 0.037712 0.334751 0.470059 0.047510 0.209304
0.610474 0.300405 0.614187 0.285551 0.599333 0.281838 0.591907 0.289265 0.551059 0.281838 0.558486 0.382100 0.480505 0.370960 0.525065 0.508355 0.443371 0.508355 0.580766 0.564056 0.562199 0.560343 0.521352 0.623470 0.439657 0.623470 0.577053 0.790573 0.380243 0.805427 0.577053 1.000000 0.291122 0.979956 0.102416 0.049818 0.151006 0.049414 0.332369 0.452748 0.049848 0.202880
0.605216 0.299632 0.612535 0.284993 0.594237 0.284993 0.597897 0.292313 0.546661 0.281333 0.557640 0.380145 0.480787 0.372826 0.521043 0.508234 0.444190 0.500915 0.564960 0.577768 0.546661 0.566789 0.521043 0.625344 0.440530 0.621685 0.568619 0.801010 0.385635 0.801010 0.583258 1.000000 0.272184 0.958376 0.062272 0.104269 0.131350 0.043509 0.267895 0.406723 0.049121 0.178748
0.607323 0.304293 0.610931 0.289863 0.596501 0.289863 0.589286 0.293471 0.553211 0.282648 0.556818 0.380051 0.481061 0.372836 0.520743 0.513528 0.444986 0.502706 0.545996 0.603716 0.524351 0.582071 0.520743 0.625361 0.441378 0.621753 0.564033 0.805736 0.401696 0.805736 0.574856 1.000000 0.268218 0.931998 0.058239 0.191220 0.121453 0.017297 0.170924 0.336245 0.048415 0.142596
0.607592 0.308824 0.611149 0.294597 0.596922 0.291040 0.586251 0.294597 0.550684 0.287484 0.554241 0.379959 0.483105 0.372846 0.522230 0.508003 0.440424 0.504446 0.543570 0.611149 0.511559 0.607592 0.518673 0.625376 0.443981 0.621819 0.557797 0.810327 0.422640 0.810327 0.550684 1.000000 0.273257 0.899246 0.077521 0.293214 0.112169 0.013732 0.142920 0.292008 0.047729 0.102239
0.599176 0.307737 0.606136 0.293818 0.588737 0.290338 0.588737 0.297298 0.543498 0.286858 0.550458 0.377335 0.473901 0.373855 0.515659 0.506090 0.414743 0.499130 0.526099 0.610486 0.470421 0.607006 0.526099 0.624405 0.449542 0.624405 0.550458 0.791439 0.446062 0.812318 0.515659 0.993271 0.296428 0.857556 0.100442 0.400654 0.077377 0.024956 0.115748 0.292096 0.031064 0.051989
0.600326 0.305455 0.603816 0.291496 0.589857 0.288007 0.575899 0.294986 0.544492 0.291496 0.544492 0.378736 0.471211 0.371757 0.516576 0.511341 0.401419 0.490404 0.558451 0.609050 0.429336 0.616029 0.527044 0.623008 0.457252 0.626498 0.537513 0.797488 0.467721 0.811447 0.485169 0.985927 0.324648 0.842853 0.105321 0.449216 0.041774 0.035423 0.194929 0.238858 0.020007 0.001083
0.602363 0.309516 0.609484 0.298834 0.591682 0.291713 0.591682 0.298834 0.545396 0.288153 0.548956 0.380725 0.470626 0.370043 0.531154 0.508901 0.388736 0.483978 0.584561 0.594352 0.399417 0.615715 0.520473 0.626396 0.459945 0.622836 0.527594 0.807979 0.506231 0.804419 0.452824 0.982442 0.349571 0.840024 0.141357 0.508311 0.049218 0.092888 0.221736 0.224123 0.024959 0.066970
0.602449 0.294170 0.613626 0.279268 0.594999 0.275543 0.598724 0.286719 0.546568 0.271817 0.561470 0.391031 0.472059 0.361228 0.557744 0.517696 0.375198 0.458089 0.613626 0.577303 0.367747 0.592205 0.513039 0.629459 0.453432 0.618283 0.505588 0.819456 0.520490 0.789653 0.419903 0.990826 0.371473 0.864161 0.135107 0.471142 0.051312 0.141751 0.249095 0.232334 0.042819 0.131202
0.618815 0.279757 0.622679 0.268165 0.603360 0.264301 0.607224 0.279757 0.553129 0.268165 0.568584 0.391810 0.468123 0.360899 0.572448 0.515456 0.359933 0.457497 0.645863 0.577278 0.348341 0.604326 0.514490 0.627509 0.448803 0.619781 0.522218 0.820705 0.533809 0.801385 0.414028 0.971398 0.410164 0.959806 0.210928 0.350307 0.084537 0.163064 0.267273 0.242921 0.046906 0.126628
0.611550 0.280713 0.619178 0.269272 0.596296 0.261645 0.603923 0.284527 0.542904 0.265458 0.569600 0.395124 0.462817 0.356987 0.577227 0.517162 0.344592 0.448515 0.649687 0.555298 0.336965 0.593435 0.520022 0.627758 0.447562 0.620131 0.542904 0.807002 0.504767 0.803188 0.459003 0.986245 0.367474 0.993872 0.179770 0.295044 0.107253 0.114843 0.325917 0.273558 0.041390 0.055995
0.607766 0.283523 0.615329 0.272179 0.596422 0.268398 0.603985 0.287304 0.547266 0.272179 0.573735 0.393179 0.460297 0.359148 0.585078 0.510399 0.343077 0.453680 0.656923 0.555774 0.335515 0.593586 0.509453 0.627618 0.456515 0.620055 0.437609 0.824244 0.562391 0.790212 0.339296 0.994400 0.524578 1.000000 0.055260 0.229740 0.026324 0.181784 0.289982 0.266786 0.043465 0.288680
0.604913 0.287286 0.612613 0.275736 0.593363 0.271886 0.597213 0.287286 0.543313 0.268036 0.574113 0.391237 0.454762 0.360436 0.593363 0.510588 0.339261 0.452837 0.658814 0.552938 0.335411 0.591438 0.512513 0.629938 0.458612 0.618388 0.431662 0.822440 0.562563 0.799340 0.320011 0.987991 0.562563 1.000000 0.062300 0.165978 0.046178 0.161227 0.266291 0.276384 0.036847 0.292547
0.591265 0.280003 0.602793 0.268475 0.575894 0.264632 0.598951 0.276160 0.529781 0.264632 0.587422 0.391442 0.445241 0.360700 0.591265 0.506725 0.337644 0.456769 0.648906 0.552838 0.333801 0.591265 0.518253 0.629693 0.449084 0.618164 0.433713 0.821830 0.552838 0.806459 0.306902 0.975540 0.579737 1.000000 0.087628 0.126675 0.042002 0.155559 0.274617 0.258906 0.041707 0.292251
0.585890 0.278594 0.597342 0.263324 0.570621 0.259507 0.593525 0.274776 0.524813 0.259507 0.585890 0.393114 0.444648 0.358758 0.593525 0.511452 0.341580 0.461827 0.635516 0.564895 0.345397 0.599251 0.520995 0.629790 0.448466 0.618338 0.448466 0.828292 0.543900 0.813023 0.307224 0.954265 0.574438 1.000000 0.156661 0.106682 0.026324 0.140397 0.191477 0.258840 0.038980 0.256586
0.579508 0.280183 0.590733 0.265217 0.568284 0.261475 0.590733 0.276441 0.523385 0.261475 0.579508 0.384947 0.444812 0.366239 0.583250 0.500935 0.355014 0.471003 0.616924 0.575767 0.366239 0.590733 0.523385 0.628149 0.452295 0.620666 0.467261 0.826452 0.538351 0.818969 0.313857 0.916249 0.553317 1.000000 0.243635 0.110459 0.015599 0.120969 0.124334 0.255317 0.031015 0.218120
