0.583686 0.296110 0.583686 0.280895 0.574557 0.280895 0.550212 0.286981 0.528910 0.283938 0.534996 0.378275 0.480220 0.372189 0.538039 0.506086 0.379796 0.463482 0.608031 0.454353 0.471090 0.493914 0.501522 0.624768 0.483263 0.624768 0.443702 0.828658 0.565427 0.819528 0.273287 0.932124 0.550212 1.000000 0.238355 0.150439 0.044993 0.123241 0.695029 0.662730 0.019385 0.215034
0.583035 0.289698 0.583035 0.271073 0.573722 0.271073 0.542681 0.277281 0.527161 0.277281 0.530265 0.376612 0.477495 0.373508 0.527161 0.510088 0.384373 0.482151 0.598555 0.472839 0.493016 0.494568 0.505432 0.624940 0.486808 0.624940 0.471287 0.832914 0.570618 0.820498 0.281937 0.901204 0.514744 1.000000 0.338024 0.214874 0.020072 0.117097 0.660472 0.689342 0.009882 0.180679
0.589828 0.295348 0.589828 0.276602 0.580455 0.276602 0.542961 0.282851 0.536712 0.282851 0.514841 0.373460 0.489846 0.376584 0.499219 0.498438 0.421108 0.504687 0.589828 0.507811 0.549210 0.507811 0.502343 0.623416 0.492970 0.626540 0.517966 0.829630 0.555459 0.826505 0.318001 0.876496 0.477348 1.000000 0.450787 0.216658 0.039971 0.092433 0.506772 0.649001 0.005968 0.072343
0.591735 0.293403 0.591735 0.277985 0.582485 0.274901 0.545482 0.281069 0.539315 0.281069 0.517730 0.373575 0.493062 0.376658 0.508480 0.506167 0.462227 0.515418 0.588652 0.509251 0.567067 0.503084 0.502313 0.623342 0.486895 0.626425 0.533148 0.817605 0.533148 0.826855 0.354303 0.857691 0.449892 1.000000 0.479922 0.210874 0.069731 0.080050 0.509935 0.606881 0.013746 0.022085
0.598985 0.291118 0.595867 0.275530 0.589632 0.275530 0.542868 0.275530 0.542868 0.278648 0.514809 0.372177 0.502338 0.378412 0.508574 0.506235 0.499221 0.515588 0.595867 0.487529 0.602103 0.475059 0.492985 0.621588 0.489868 0.627823 0.527279 0.811764 0.514809 0.830470 0.386986 0.874117 0.421280 1.000000 0.423665 0.190924 0.084571 0.054883 0.581988 0.626685 0.021850 0.017809
0.603252 0.291149 0.603252 0.278634 0.593866 0.275505 0.546933 0.278634 0.550062 0.281763 0.500000 0.372499 0.525031 0.378757 0.431165 0.472623 0.546933 0.513298 0.515644 0.503911 0.631412 0.453849 0.490613 0.622807 0.484356 0.625936 0.584479 0.801152 0.481227 0.835569 0.431165 0.904404 0.384232 1.000000 0.465553 0.147049 0.166145 0.047164 0.578808 0.643823 0.031924 0.158965
0.604484 0.295711 0.604484 0.280117 0.598246 0.280117 0.545224 0.283235 0.551462 0.280117 0.495322 0.373684 0.520273 0.376803 0.417349 0.461014 0.567057 0.504678 0.507797 0.495322 0.638792 0.442300 0.507797 0.623197 0.476608 0.626316 0.598246 0.788500 0.448538 0.835283 0.482846 0.944445 0.339376 1.000000 0.362153 0.125588 0.143465 0.012642 0.616600 0.616188 0.019869 0.201871
0.603113 0.303009 0.603113 0.284541 0.593879 0.287619 0.544631 0.287619 0.547709 0.287619 0.495383 0.373803 0.523085 0.376881 0.406121 0.456908 0.569255 0.503078 0.498461 0.496922 0.636970 0.435362 0.510773 0.623119 0.470759 0.626197 0.590801 0.795487 0.424589 0.835501 0.526163 0.983244 0.316860 1.000000 0.243897 0.103718 0.118736 0.003257 0.631204 0.638360 0.023535 0.207468
0.600534 0.305734 0.603558 0.290616 0.591464 0.290616 0.552157 0.290616 0.546110 0.287593 0.491685 0.372253 0.524945 0.378300 0.404001 0.456914 0.564251 0.505291 0.494709 0.499244 0.633794 0.438772 0.509827 0.623211 0.473544 0.626235 0.585416 0.804627 0.416095 0.825792 0.570298 1.000000 0.304222 0.992090 0.149734 0.099277 0.102696 0.024153 0.616601 0.647380 0.021189 0.214888
0.601248 0.307327 0.604270 0.292215 0.592181 0.292215 0.552891 0.292215 0.546846 0.289193 0.492444 0.373818 0.525690 0.376840 0.410842 0.461465 0.558935 0.506800 0.495467 0.494711 0.637516 0.449376 0.504533 0.624671 0.477333 0.624671 0.577069 0.815077 0.419908 0.830189 0.592181 1.000000 0.280882 0.975260 0.092148 0.156501 0.100530 0.025389 0.619483 0.621160 0.023109 0.202586
0.597975 0.309407 0.597975 0.294099 0.588790 0.294099 0.545926 0.294099 0.545926 0.291037 0.490815 0.373704 0.524494 0.376765 0.414272 0.477802 0.542864 0.511481 0.506123 0.496173 0.625531 0.474741 0.503062 0.624765 0.481630 0.624765 0.576543 0.817654 0.444889 0.832963 0.570420 1.000000 0.264247 0.955432 0.125217 0.254756 0.100343 0.001120 0.638983 0.589985 0.019504 0.171458
0.592480 0.305792 0.592480 0.287296 0.583232 0.287296 0.543157 0.287296 0.540075 0.287296 0.496917 0.373611 0.515413 0.376693 0.426016 0.487669 0.509248 0.509248 0.530827 0.496917 0.601728 0.490752 0.512331 0.623307 0.475339 0.626389 0.577067 0.811349 0.456843 0.845258 0.530827 1.000000 0.268800 0.928490 0.176672 0.340524 0.085913 0.023819 0.649020 0.577627 0.015707 0.132373
0.593644 0.303794 0.593644 0.288930 0.584725 0.288930 0.537160 0.288930 0.540133 0.291902 0.510405 0.372169 0.501486 0.378114 0.468785 0.500000 0.471758 0.505946 0.575807 0.500000 0.581753 0.497027 0.510405 0.621886 0.477704 0.627831 0.557970 0.800255 0.489595 0.832956 0.492568 0.984570 0.308253 0.895385 0.191489 0.412895 0.082952 0.048656 0.600190 0.598485 0.015146 0.064520
0.596517 0.307720 0.596517 0.289623 0.587469 0.289623 0.551275 0.292639 0.542226 0.292639 0.521113 0.374076 0.503016 0.377092 0.500000 0.497738 0.451742 0.500754 0.578420 0.491706 0.563339 0.500754 0.500000 0.621400 0.475871 0.627433 0.539210 0.817450 0.527145 0.826499 0.472855 0.992387 0.343160 0.901903 0.178234 0.456436 0.089940 0.114626 0.578264 0.625114 0.030770 0.017412
0.598663 0.299566 0.598663 0.284028 0.589341 0.284028 0.552051 0.287136 0.539621 0.287136 0.527191 0.377253 0.499223 0.374146 0.533406 0.498446 0.427750 0.482909 0.595556 0.454941 0.542728 0.495339 0.499223 0.622747 0.474363 0.625854 0.508546 0.830950 0.539621 0.821627 0.430858 1.000000 0.371815 0.933497 0.150043 0.415249 0.050351 0.133753 0.678091 0.650780 0.033694 0.088173
0.610180 0.301520 0.610180 0.285892 0.597677 0.285892 0.566420 0.289017 0.547666 0.285892 0.535164 0.379662 0.503907 0.373410 0.557043 0.510940 0.413263 0.476557 0.619557 0.442175 0.528912 0.498437 0.482027 0.623464 0.478902 0.623464 0.494530 0.829758 0.575798 0.814130 0.410137 1.000000 0.435142 0.970414 0.162272 0.382926 0.087575 0.181390 0.712578 0.669975 0.049951 0.130396
0.603480 0.299408 0.603480 0.283488 0.590744 0.280304 0.558904 0.286672 0.542984 0.283488 0.539800 0.382192 0.488856 0.369456 0.555720 0.512736 0.390152 0.461792 0.625768 0.436320 0.498408 0.496816 0.511144 0.627360 0.460200 0.620992 0.571640 0.824768 0.450648 0.837504 0.482488 1.000000 0.351944 1.000000 0.237817 0.131522 0.131691 0.022074 0.725203 0.661007 0.036566 0.108688
0.598663 0.301119 0.598663 0.285582 0.589341 0.282474 0.561373 0.288689 0.539621 0.285582 0.539621 0.381915 0.486793 0.369485 0.555158 0.512430 0.381138 0.456495 0.626631 0.437850 0.483686 0.490677 0.511653 0.624300 0.461933 0.624300 0.558266 0.823181 0.437073 0.829396 0.524083 1.000000 0.337633 1.000000 0.127461 0.113269 0.109848 0.007439 0.719055 0.678292 0.033694 0.111677
0.600392 0.302281 0.600392 0.286954 0.588130 0.286954 0.563607 0.290020 0.542149 0.290020 0.536019 0.381982 0.493103 0.369720 0.551346 0.507664 0.385814 0.455552 0.627981 0.443290 0.480841 0.486206 0.480841 0.624149 0.490037 0.624149 0.422598 0.826466 0.566673 0.820335 0.312244 1.000000 0.569738 1.000000 0.090087 0.113788 0.017913 0.122373 0.683763 0.685897 0.037163 0.207760
0.596628 0.305211 0.599695 0.289873 0.587425 0.286806 0.562885 0.289873 0.541412 0.286806 0.538344 0.381900 0.489264 0.369629 0.544479 0.504601 0.384967 0.461656 0.621168 0.458588 0.476993 0.492331 0.483129 0.624235 0.489264 0.624235 0.421778 0.829761 0.565952 0.820558 0.296008 0.980070 0.575155 1.000000 0.129442 0.104504 0.021029 0.118538 0.656119 0.667452 0.035223 0.210876
0.594503 0.300237 0.594503 0.284871 0.582210 0.281798 0.557624 0.287944 0.533038 0.284871 0.536111 0.377069 0.486939 0.373996 0.526891 0.503073 0.388594 0.472341 0.603723 0.475414 0.480792 0.496927 0.493085 0.622931 0.483865 0.626004 0.443913 0.825767 0.560697 0.822694 0.287176 0.948698 0.545331 1.000000 0.212586 0.142249 0.020559 0.122420 0.633243 0.667048 0.029389 0.194244
0.591929 0.291211 0.591929 0.275630 0.579464 0.275630 0.551418 0.281863 0.532721 0.278746 0.529604 0.375350 0.489093 0.375350 0.510907 0.500000 0.398722 0.487535 0.585697 0.500000 0.523372 0.509349 0.498442 0.624650 0.482861 0.624650 0.476628 0.833439 0.566999 0.817857 0.292770 0.917577 0.510907 1.000000 0.330252 0.216728 0.006447 0.138691 0.547393 0.660706 0.023829 0.163871
0.598945 0.285218 0.595727 0.269129 0.589292 0.269129 0.547461 0.272347 0.537808 0.275564 0.524937 0.375314 0.492760 0.375314 0.505631 0.504022 0.425188 0.507240 0.582856 0.526546 0.547461 0.523328 0.499196 0.623078 0.483107 0.626295 0.515284 0.848318 0.550679 0.841882 0.319004 0.906236 0.483107 1.000000 0.431362 0.203849 0.055651 0.108918 0.457059 0.609030 0.022552 0.073984
0.603045 0.287618 0.599898 0.271886 0.590459 0.271886 0.546409 0.275033 0.543263 0.278179 0.524385 0.372571 0.502360 0.378864 0.508653 0.507866 0.461457 0.507866 0.593605 0.511012 0.584166 0.511012 0.492921 0.621136 0.480335 0.627429 0.527531 0.819359 0.533824 0.831945 0.357626 0.882287 0.445725 1.000000 0.442117 0.226768 0.095102 0.109558 0.525063 0.589576 0.034117 0.026403
0.609848 0.286672 0.609848 0.270752 0.597112 0.270752 0.555720 0.277120 0.549352 0.280304 0.507960 0.369456 0.520696 0.382192 0.434728 0.474528 0.517512 0.519104 0.523880 0.512736 0.619400 0.493632 0.485672 0.620992 0.485672 0.627360 0.533432 0.808848 0.511144 0.837504 0.396520 0.907552 0.421992 1.000000 0.380420 0.179440 0.107378 0.083563 0.564871 0.585380 0.036566 0.040852
0.603045 0.290765 0.603045 0.275033 0.590459 0.275033 0.555849 0.281325 0.546409 0.281325 0.502360 0.372571 0.524385 0.378864 0.417407 0.460670 0.540117 0.517305 0.496067 0.504720 0.631362 0.473256 0.499213 0.624283 0.474042 0.624283 0.581020 0.800481 0.470896 0.835091 0.448871 0.935776 0.370211 1.000000 0.384615 0.155730 0.142339 0.059650 0.581720 0.607146 0.034117 0.143110
0.605723 0.293219 0.605723 0.277671 0.593285 0.277671 0.552861 0.283890 0.546642 0.280781 0.496891 0.370956 0.527985 0.380285 0.409825 0.451803 0.559080 0.513993 0.493781 0.495336 0.636818 0.451803 0.503110 0.622825 0.472015 0.625934 0.590175 0.787628 0.444029 0.834270 0.496891 0.964869 0.341416 1.000000 0.308923 0.122154 0.146851 0.028806 0.609520 0.642044 0.031725 0.197212
0.606506 0.294036 0.606506 0.278373 0.593976 0.278373 0.553253 0.284638 0.546988 0.281506 0.496867 0.372349 0.525060 0.378614 0.406024 0.456928 0.565783 0.510181 0.496867 0.491386 0.640964 0.441265 0.506265 0.622952 0.471807 0.626085 0.584578 0.795241 0.427952 0.839097 0.546988 0.998856 0.312048 1.000000 0.193910 0.121220 0.123869 0.002836 0.645962 0.640622 0.027955 0.200431
0.598702 0.295710 0.601762 0.280407 0.586460 0.280407 0.555855 0.286528 0.540552 0.283468 0.494644 0.372223 0.522189 0.378344 0.405889 0.454857 0.558915 0.509947 0.491584 0.494644 0.626247 0.439555 0.509947 0.623186 0.473220 0.626247 0.571157 0.809878 0.427313 0.831302 0.580339 1.000000 0.301831 0.990449 0.085938 0.142417 0.081463 0.008031 0.623004 0.670446 0.021448 0.170956
0.591531 0.304079 0.594556 0.288950 0.582453 0.285924 0.552195 0.291976 0.537066 0.288950 0.491679 0.373673 0.521937 0.376698 0.409982 0.464447 0.546144 0.509834 0.497731 0.497731 0.615737 0.449318 0.509834 0.624814 0.476550 0.624814 0.567324 0.812414 0.437215 0.830569 0.585479 1.000000 0.282898 0.960679 0.064900 0.216897 0.071684 0.002539 0.617861 0.670579 0.017345 0.154782
0.586832 0.305009 0.589879 0.289775 0.577692 0.289775 0.547225 0.289775 0.531991 0.286728 0.492383 0.375084 0.516757 0.375084 0.416215 0.478673 0.528944 0.509140 0.507617 0.496953 0.602066 0.469533 0.507617 0.624916 0.483243 0.624916 0.568552 0.822955 0.452776 0.838188 0.565505 1.000000 0.276064 0.938731 0.099988 0.290175 0.075630 0.002719 0.638983 0.629158 0.011641 0.140182
0.581288 0.298313 0.581288 0.282975 0.569018 0.282975 0.541411 0.286043 0.523006 0.282975 0.495399 0.375000 0.504601 0.375000 0.427914 0.497699 0.492331 0.509969 0.532209 0.500767 0.587423 0.488497 0.516871 0.623466 0.483129 0.626534 0.572086 0.813650 0.473926 0.841258 0.529141 1.000000 0.289877 0.908742 0.159545 0.374498 0.062500 0.013474 0.650701 0.599549 0.000005 0.103574
0.580787 0.295747 0.580787 0.280504 0.568592 0.280504 0.538107 0.283553 0.519816 0.283553 0.510670 0.375009 0.486282 0.375009 0.492379 0.500000 0.461893 0.506097 0.577738 0.506097 0.565544 0.506097 0.519816 0.621942 0.483233 0.628039 0.550301 0.814001 0.516767 0.835341 0.489330 0.990817 0.318611 0.890215 0.155805 0.465057 0.038323 0.054884 0.523556 0.558551 0.003881 0.000937
0.586416 0.291815 0.586416 0.276103 0.576989 0.276103 0.542423 0.279245 0.526711 0.282388 0.520426 0.376660 0.489002 0.373518 0.517283 0.511784 0.438723 0.496072 0.592701 0.486645 0.558135 0.511784 0.510998 0.621769 0.479574 0.628053 0.536138 0.832311 0.548707 0.832311 0.457577 0.998859 0.357020 0.898301 0.178123 0.498346 0.050065 0.115667 0.609818 0.582280 0.012006 0.066055
0.589879 0.293994 0.589879 0.278087 0.577153 0.278087 0.551700 0.284450 0.523066 0.281268 0.523066 0.376715 0.488069 0.373533 0.529429 0.513522 0.408530 0.488069 0.612150 0.465798 0.519885 0.526248 0.510340 0.624876 0.478525 0.624876 0.548519 0.825314 0.545337 0.828495 0.430801 1.000000 0.395804 0.946213 0.248412 0.388639 0.076222 0.113004 0.651770 0.588073 0.014183 0.041009
0.594407 0.289842 0.594407 0.273423 0.584556 0.273423 0.555002 0.279991 0.532016 0.276707 0.532016 0.381786 0.482760 0.368651 0.551719 0.519702 0.380965 0.467163 0.627244 0.444177 0.492612 0.526270 0.512314 0.628065 0.472909 0.621498 0.581272 0.831656 0.532016 0.828372 0.443356 0.985991 0.380965 1.000000 0.336090 0.299375 0.129365 0.100981 0.704833 0.600233 0.018826 0.015369
0.592083 0.293833 0.592083 0.277535 0.579044 0.277535 0.556227 0.284054 0.526891 0.277535 0.539930 0.385100 0.477998 0.365543 0.552968 0.515483 0.367173 0.456811 0.631197 0.433994 0.464960 0.518743 0.520372 0.626308 0.461700 0.623048 0.579044 0.825141 0.448662 0.841439 0.494296 1.000000 0.337837 1.000000 0.223458 0.142876 0.117088 0.001142 0.724770 0.601001 0.022846 0.110316
0.596385 0.294486 0.596385 0.278555 0.583639 0.278555 0.567708 0.284927 0.532659 0.281741 0.542218 0.383701 0.484865 0.367770 0.561336 0.507966 0.370160 0.453799 0.634620 0.428309 0.462561 0.507966 0.488052 0.625857 0.484865 0.622671 0.417954 0.839337 0.580453 0.813847 0.322366 1.000000 0.561336 1.000000 0.050955 0.175597 0.030941 0.147584 0.714665 0.626394 0.034551 0.248573
0.592879 0.296925 0.596028 0.281182 0.580286 0.281182 0.564543 0.287479 0.529910 0.284331 0.542504 0.381933 0.482684 0.369339 0.558246 0.504723 0.369339 0.451199 0.633809 0.435457 0.457496 0.504723 0.488980 0.627512 0.485832 0.621216 0.407121 0.835310 0.570840 0.822717 0.306370 1.000000 0.586582 1.000000 0.050829 0.103365 0.051145 0.123097 0.695582 0.627214 0.032124 0.246528
0.589724 0.301216 0.589724 0.285746 0.577348 0.285746 0.561878 0.288840 0.527845 0.285746 0.540221 0.381658 0.481437 0.369282 0.549503 0.502320 0.370056 0.455912 0.623757 0.449724 0.453591 0.502320 0.493812 0.626077 0.484530 0.622983 0.416464 0.833369 0.564972 0.824088 0.292708 0.981877 0.586630 1.000000 0.107463 0.087484 0.053952 0.117237 0.671736 0.628169 0.027610 0.234798
0.585167 0.297921 0.588264 0.282436 0.575876 0.282436 0.554197 0.285533 0.526325 0.282436 0.538713 0.378443 0.479870 0.372249 0.538713 0.505420 0.377668 0.465159 0.609944 0.468256 0.470578 0.508517 0.498452 0.626203 0.482967 0.623106 0.442706 0.830605 0.560391 0.824411 0.281662 0.951388 0.557294 1.000000 0.210417 0.121698 0.033474 0.112946 0.653071 0.626163 0.023681 0.201626
0.586046 0.293025 0.586046 0.277521 0.573643 0.277521 0.551938 0.283723 0.527132 0.280622 0.530232 0.376745 0.483721 0.373644 0.517829 0.500775 0.387598 0.482171 0.589147 0.494574 0.486822 0.513178 0.499225 0.624805 0.486822 0.624805 0.477520 0.829455 0.558139 0.820152 0.297676 0.919376 0.520930 1.000000 0.318782 0.170421 0.005948 0.107493 0.559335 0.634321 0.017775 0.145057
0.594590 0.286179 0.594590 0.270282 0.581872 0.270282 0.550077 0.276641 0.534180 0.273461 0.527821 0.375205 0.486487 0.375205 0.521462 0.499205 0.422897 0.499205 0.591410 0.505564 0.537359 0.515103 0.502385 0.623205 0.483308 0.626385 0.518282 0.836231 0.543718 0.836231 0.337051 0.909360 0.489667 1.000000 0.401630 0.177107 0.056244 0.093251 0.487451 0.606903 0.018227 0.065512
0.602061 0.283823 0.598846 0.267751 0.589203 0.267751 0.550629 0.270965 0.540985 0.270965 0.528127 0.373830 0.492767 0.377045 0.521698 0.505625 0.460622 0.518484 0.608490 0.502411 0.579559 0.508840 0.502411 0.621348 0.476695 0.627777 0.528127 0.830292 0.534556 0.836721 0.360972 0.904226 0.450979 1.000000 0.406424 0.220134 0.071933 0.106369 0.527299 0.596887 0.026635 0.047012
0.603290 0.288689 0.600136 0.272919 0.590675 0.272919 0.555982 0.276073 0.543366 0.276073 0.511827 0.373844 0.508673 0.376998 0.442441 0.484231 0.505519 0.518923 0.537058 0.506308 0.612752 0.487384 0.496058 0.623002 0.483442 0.626156 0.543366 0.818544 0.505519 0.834313 0.398287 0.916315 0.426672 1.000000 0.386800 0.159300 0.095678 0.065759 0.605657 0.598125 0.026131 0.041924
0.600123 0.289585 0.600123 0.273940 0.587608 0.273940 0.553190 0.280198 0.543804 0.277069 0.506258 0.374064 0.518773 0.377193 0.421779 0.461672 0.540675 0.511733 0.515644 0.496089 0.628283 0.458543 0.503129 0.624372 0.471840 0.624372 0.575092 0.802716 0.468711 0.834005 0.456196 0.943515 0.377975 1.000000 0.345299 0.140668 0.126059 0.054977 0.632345 0.622320 0.031924 0.126831
0.597084 0.295893 0.597084 0.280605 0.587911 0.280605 0.551218 0.286720 0.538987 0.286720 0.499236 0.372338 0.520640 0.378453 0.413618 0.448782 0.560391 0.506880 0.493120 0.482418 0.633778 0.436551 0.508409 0.623075 0.471716 0.626133 0.587911 0.785138 0.441138 0.834062 0.508409 0.965546 0.349405 1.000000 0.277295 0.103257 0.133532 0.015600 0.640598 0.647681 0.025333 0.191649
0.595915 0.296842 0.595915 0.281737 0.583831 0.281737 0.556643 0.290800 0.538517 0.287779 0.496224 0.375386 0.523412 0.375386 0.411637 0.444868 0.571747 0.499245 0.490182 0.484140 0.632166 0.426742 0.511329 0.623103 0.469035 0.626124 0.583831 0.792276 0.432784 0.828527 0.553622 0.982595 0.327051 1.000000 0.178988 0.118873 0.109496 0.011566 0.633524 0.660425 0.025027 0.185294
0.593921 0.297132 0.593921 0.282104 0.581899 0.282104 0.554850 0.291121 0.536817 0.288115 0.494740 0.375274 0.521790 0.375274 0.413593 0.450410 0.566871 0.498497 0.491735 0.486475 0.626981 0.429372 0.509768 0.624726 0.473702 0.624726 0.572882 0.808059 0.431626 0.829098 0.584904 0.997403 0.314413 0.988387 0.085354 0.137299 0.086385 0.004013 0.624597 0.660532 0.021062 0.170168
0.591294 0.296110 0.591294 0.283938 0.579121 0.283938 0.551733 0.293067 0.533474 0.290024 0.493914 0.375232 0.521302 0.375232 0.411749 0.457396 0.551733 0.503043 0.490871 0.496957 0.621725 0.442181 0.506086 0.624768 0.478698 0.624768 0.566949 0.816485 0.448267 0.834744 0.582164 1.000000 0.302197 0.983857 0.073779 0.200906 0.082333 0.008014 0.602416 0.653426 0.019385 0.143661
