0.422894 0.265215 0.440221 0.247888 0.424626 0.249620 0.490470 0.265215 0.461014 0.266948 0.516461 0.374377 0.467945 0.376110 0.552848 0.526857 0.485272 0.528590 0.435023 0.532055 0.436755 0.563245 0.519926 0.623890 0.495668 0.625623 0.440221 0.838749 0.492203 0.856076 0.525125 1.000000 0.708794 0.856076 0.243312 0.504786 0.117494 0.040010 0.560532 0.338586 0.019869 0.108287
0.417391 0.272187 0.434424 0.256858 0.419095 0.258561 0.482116 0.273890 0.461676 0.277297 0.502555 0.376087 0.482116 0.374384 0.509368 0.519162 0.505961 0.525975 0.407172 0.505536 0.449753 0.563447 0.519588 0.623062 0.495742 0.626468 0.461676 0.837674 0.453160 0.841081 0.575796 1.000000 0.642223 0.876849 0.255498 0.502830 0.105813 0.079536 0.557339 0.362497 0.019530 0.021548
0.425381 0.274522 0.441603 0.261545 0.427003 0.261545 0.487023 0.276144 0.470801 0.279388 0.495134 0.376717 0.495134 0.373473 0.480534 0.509733 0.558397 0.488645 0.397805 0.478912 0.487023 0.529199 0.524332 0.623283 0.485401 0.626527 0.532443 0.827673 0.423759 0.813074 0.618417 1.000000 0.607062 0.861739 0.124839 0.518984 0.024895 0.089349 0.578719 0.495419 0.012395 0.114210
0.424448 0.273752 0.439150 0.260684 0.426081 0.260684 0.484890 0.275386 0.475088 0.277019 0.486523 0.378300 0.507759 0.371766 0.458753 0.508985 0.589437 0.477947 0.385242 0.469779 0.504492 0.522053 0.524095 0.624967 0.481622 0.624967 0.566568 0.830796 0.411379 0.803025 0.677650 1.000000 0.546965 0.941878 0.112771 0.365816 0.016659 0.086864 0.589309 0.556271 0.007280 0.184379
0.426889 0.273723 0.441593 0.260653 0.428523 0.260653 0.487338 0.276991 0.482437 0.278624 0.485705 0.375017 0.518380 0.375017 0.446494 0.508986 0.598435 0.481212 0.386045 0.471409 0.511845 0.526957 0.520014 0.623350 0.475902 0.626617 0.588632 0.827571 0.400749 0.812867 0.698094 1.000000 0.493873 0.997483 0.064739 0.270789 0.059479 0.068842 0.586401 0.550906 0.005200 0.225260
0.425970 0.276343 0.441638 0.263809 0.424403 0.262242 0.482374 0.277910 0.471406 0.282610 0.474540 0.373483 0.518410 0.376616 0.440071 0.487857 0.595182 0.480024 0.389934 0.464356 0.507442 0.519193 0.519976 0.625734 0.487074 0.624167 0.587348 0.813747 0.411869 0.796512 0.712690 0.970424 0.427537 1.000000 0.105253 0.155039 0.052797 0.090891 0.546353 0.569632 0.008978 0.240494
0.429401 0.283960 0.444833 0.270072 0.432487 0.270072 0.488041 0.283960 0.486497 0.287046 0.477239 0.370376 0.525076 0.379635 0.451005 0.489198 0.596061 0.490741 0.389279 0.469137 0.511188 0.523147 0.511188 0.623451 0.486497 0.626538 0.585259 0.813258 0.427858 0.810172 0.739573 0.947512 0.392366 1.000000 0.153660 0.043881 0.075986 0.049050 0.530856 0.564868 0.002947 0.216820
0.428577 0.279239 0.443187 0.266253 0.431824 0.264630 0.488637 0.280863 0.488637 0.284109 0.477275 0.370141 0.525972 0.379880 0.467535 0.493507 0.592525 0.512986 0.397736 0.482144 0.500000 0.537335 0.503246 0.623366 0.493507 0.626613 0.576292 0.836011 0.428577 0.826271 0.769458 0.930158 0.386373 1.000000 0.250319 0.040382 0.072790 0.058438 0.526290 0.565675 0.004133 0.205405
0.432802 0.285756 0.448613 0.273107 0.434383 0.271525 0.492885 0.285756 0.488141 0.288918 0.484979 0.374299 0.524508 0.375881 0.496047 0.488141 0.567198 0.511859 0.412247 0.500791 0.483398 0.557712 0.503953 0.624119 0.486560 0.625701 0.559293 0.831249 0.423315 0.810694 0.756935 0.883426 0.416990 1.000000 0.334737 0.095430 0.058974 0.056875 0.483163 0.437465 0.012082 0.187962
0.425416 0.287313 0.441808 0.272561 0.428695 0.272561 0.487706 0.287313 0.484428 0.288953 0.482788 0.377470 0.513933 0.372552 0.522129 0.490575 0.531964 0.500410 0.431973 0.528276 0.453283 0.541390 0.512294 0.626628 0.490984 0.623350 0.522129 0.852839 0.412303 0.813498 0.728669 0.874148 0.451643 1.000000 0.453443 0.181714 0.023689 0.095840 0.480473 0.391751 0.004173 0.138717
0.427927 0.285030 0.442925 0.270032 0.429593 0.270032 0.489585 0.285030 0.482919 0.288363 0.492918 0.375017 0.502916 0.375017 0.557909 0.490001 0.502916 0.524997 0.457923 0.556659 0.419594 0.518331 0.516248 0.624983 0.487918 0.624983 0.481253 0.859950 0.429593 0.829954 0.689557 0.871615 0.514581 1.000000 0.529255 0.212449 0.076685 0.069168 0.476588 0.525411 0.005304 0.041182
0.427493 0.286508 0.443606 0.272007 0.430716 0.272007 0.490332 0.288119 0.477442 0.291342 0.498389 0.370293 0.490332 0.379961 0.580563 0.483082 0.480665 0.537865 0.485499 0.562034 0.411381 0.487916 0.514501 0.621650 0.496777 0.628095 0.448440 0.834337 0.467775 0.847227 0.643402 0.866562 0.558005 1.000000 0.543720 0.188341 0.116238 0.050152 0.479812 0.679364 0.014366 0.053976
0.424077 0.285927 0.439731 0.271839 0.427207 0.271839 0.483563 0.287493 0.467909 0.287493 0.500783 0.372026 0.486694 0.378288 0.594709 0.470648 0.466343 0.536396 0.513306 0.548920 0.399030 0.476910 0.502348 0.622495 0.510175 0.627191 0.408422 0.807216 0.519568 0.832263 0.585316 0.908969 0.610363 0.995067 0.483576 0.147365 0.151724 0.015372 0.498478 0.689630 0.015952 0.164303
0.424782 0.280550 0.440291 0.266592 0.426333 0.266592 0.486818 0.280550 0.466656 0.283652 0.513183 0.370501 0.474410 0.379807 0.610888 0.466656 0.444944 0.516284 0.522488 0.537997 0.396866 0.458902 0.505428 0.624846 0.506979 0.624846 0.395315 0.792341 0.544200 0.815604 0.527140 0.944328 0.649660 0.984650 0.412544 0.116206 0.175416 0.019278 0.536412 0.710327 0.015804 0.246456
0.431102 0.275400 0.446672 0.259830 0.431102 0.261387 0.493383 0.273843 0.465356 0.276957 0.524523 0.368821 0.468470 0.381277 0.625729 0.460685 0.443558 0.518295 0.538536 0.533865 0.401518 0.460685 0.505839 0.625729 0.501168 0.624172 0.395290 0.792331 0.574348 0.812572 0.473141 0.988515 0.683339 0.985401 0.306726 0.061162 0.163370 0.075338 0.543133 0.742088 0.008922 0.304411
0.434994 0.276178 0.450565 0.262165 0.433437 0.262165 0.497275 0.274621 0.466135 0.277735 0.531530 0.369600 0.461464 0.380499 0.632736 0.458350 0.439665 0.515959 0.548657 0.528416 0.406968 0.466135 0.509731 0.624951 0.497275 0.624951 0.424095 0.805565 0.586025 0.813350 0.424095 1.000000 0.712144 0.970609 0.140930 0.075028 0.113823 0.093831 0.549701 0.764353 0.008922 0.281063
0.435320 0.273423 0.451193 0.259138 0.433733 0.259138 0.498810 0.273423 0.468652 0.275010 0.535316 0.371831 0.462303 0.378180 0.633724 0.460716 0.459129 0.519444 0.549601 0.525792 0.417861 0.490873 0.511507 0.625788 0.490873 0.624201 0.436908 0.828953 0.574997 0.819430 0.382942 1.000000 0.735307 0.952757 0.029984 0.149663 0.082260 0.092705 0.556588 0.685599 0.003031 0.241520
0.438492 0.270239 0.454365 0.255954 0.440080 0.255954 0.501984 0.270239 0.475000 0.273414 0.538492 0.373413 0.462302 0.376588 0.633729 0.465476 0.476587 0.521032 0.546428 0.524206 0.424207 0.494048 0.514682 0.625793 0.484524 0.624206 0.440080 0.830554 0.565476 0.822617 0.381350 1.000000 0.744840 0.919442 0.023593 0.219130 0.081275 0.094818 0.566896 0.682798 0.001010 0.234523
0.436688 0.267045 0.454545 0.252435 0.433442 0.252435 0.501623 0.265422 0.469156 0.265422 0.538961 0.375812 0.461039 0.374188 0.626623 0.481331 0.487013 0.507305 0.530844 0.531656 0.420455 0.504058 0.516234 0.622565 0.483766 0.627435 0.431818 0.828734 0.540584 0.838474 0.397727 1.000000 0.740260 0.890422 0.073855 0.335270 0.094468 0.055224 0.566668 0.576854 0.000004 0.207417
0.436882 0.262157 0.453602 0.247109 0.436882 0.247109 0.503762 0.263829 0.468650 0.262157 0.535530 0.377525 0.460290 0.372509 0.615786 0.501254 0.473666 0.506270 0.513794 0.531350 0.438554 0.571478 0.522154 0.624983 0.482026 0.624983 0.415146 0.818935 0.527170 0.854047 0.445242 1.000000 0.737843 0.882472 0.202065 0.395372 0.143292 0.034602 0.591828 0.188952 0.005323 0.222420
0.431463 0.260751 0.449964 0.245614 0.433145 0.245614 0.497057 0.262433 0.466783 0.264115 0.523967 0.375120 0.465101 0.375120 0.587879 0.521444 0.493693 0.528172 0.458373 0.531535 0.451646 0.576946 0.518921 0.624039 0.492011 0.625721 0.424735 0.835958 0.493693 0.861186 0.502102 1.000000 0.698884 0.874641 0.247897 0.476883 0.126674 0.031777 0.606329 0.285251 0.013924 0.135398
0.419949 0.271938 0.436626 0.255260 0.416613 0.256928 0.478319 0.266934 0.463310 0.268602 0.510006 0.378672 0.471649 0.372002 0.533355 0.522097 0.498332 0.518762 0.419949 0.503752 0.431623 0.552117 0.520013 0.623829 0.498332 0.625497 0.439962 0.845638 0.448300 0.845638 0.535022 1.000000 0.643425 0.888999 0.255629 0.501530 0.123233 0.104518 0.602416 0.409666 0.023378 0.039113
0.427911 0.267806 0.442999 0.254394 0.426234 0.254394 0.484912 0.266129 0.459764 0.267806 0.511735 0.378454 0.478206 0.371748 0.498324 0.517603 0.501676 0.515927 0.404440 0.484073 0.444676 0.551133 0.526824 0.624899 0.483235 0.624899 0.506706 0.861284 0.419528 0.829431 0.593884 1.000000 0.612325 0.911579 0.164307 0.467902 0.046489 0.102437 0.578602 0.375248 0.012811 0.069089
0.431220 0.276269 0.447032 0.262039 0.428058 0.262039 0.488141 0.276269 0.466006 0.277850 0.500791 0.375881 0.489723 0.374299 0.481817 0.505534 0.492885 0.499209 0.418571 0.478655 0.426477 0.481817 0.524508 0.625701 0.484979 0.624119 0.552968 0.837573 0.416990 0.801207 0.666810 1.000000 0.560874 0.924536 0.144663 0.391122 0.012375 0.110641 0.581666 0.589592 0.012082 0.159188
0.428463 0.277752 0.442931 0.263283 0.430070 0.263283 0.489551 0.277752 0.478298 0.279359 0.489551 0.375814 0.513664 0.374207 0.449361 0.501206 0.581183 0.491560 0.401134 0.469054 0.487943 0.522104 0.523310 0.623382 0.473475 0.626597 0.577968 0.832368 0.407564 0.816292 0.688891 1.000000 0.513664 0.994734 0.090595 0.277198 0.038286 0.056181 0.588437 0.565420 0.004094 0.187872
0.426997 0.275834 0.442868 0.261551 0.428584 0.261551 0.487304 0.277421 0.482543 0.279008 0.482543 0.372642 0.522218 0.377403 0.438106 0.494842 0.588873 0.483733 0.401605 0.456754 0.500000 0.518647 0.517457 0.623390 0.477782 0.626564 0.587286 0.821767 0.406366 0.809071 0.706312 0.996339 0.453977 1.000000 0.082749 0.189343 0.063695 0.062548 0.645754 0.559080 0.006062 0.226459
0.429092 0.277091 0.444763 0.262988 0.430659 0.262988 0.490206 0.280225 0.485505 0.283359 0.480804 0.371113 0.524681 0.378948 0.443195 0.488639 0.596764 0.488639 0.404020 0.455732 0.502742 0.519980 0.512144 0.623403 0.482371 0.626537 0.587361 0.819281 0.422824 0.813012 0.737795 0.971282 0.404020 1.000000 0.131646 0.070975 0.077364 0.044513 0.623809 0.582643 0.006983 0.215092
0.432924 0.282292 0.448256 0.268493 0.434457 0.266960 0.492718 0.283825 0.488118 0.285358 0.483519 0.371215 0.523381 0.378881 0.454389 0.486202 0.592373 0.493867 0.405327 0.469337 0.504983 0.526064 0.508049 0.622653 0.485052 0.627252 0.581641 0.818897 0.429858 0.815831 0.753354 0.930817 0.386930 1.000000 0.201935 0.026913 0.083244 0.041895 0.526414 0.559661 0.008785 0.204833
0.432878 0.278538 0.447348 0.264069 0.432878 0.264069 0.487540 0.276930 0.477894 0.276930 0.476286 0.371785 0.522910 0.378216 0.468248 0.495579 0.588826 0.506833 0.411978 0.490756 0.485933 0.537379 0.510048 0.625803 0.490756 0.624196 0.559887 0.842844 0.428055 0.821944 0.768889 0.905545 0.397509 1.000000 0.335379 0.054494 0.029787 0.056361 0.506577 0.558891 0.001027 0.169584
0.431570 0.284820 0.445809 0.270580 0.434734 0.270580 0.491693 0.286402 0.488529 0.287984 0.488529 0.376588 0.513844 0.373423 0.499604 0.509493 0.547071 0.512658 0.444227 0.547466 0.480618 0.564870 0.510680 0.624994 0.486947 0.624994 0.553400 0.848086 0.414165 0.813277 0.759086 0.876565 0.431570 1.000000 0.395981 0.142195 0.031915 0.083508 0.335137 0.362581 0.003023 0.177636
0.429473 0.284108 0.445145 0.271570 0.432607 0.270002 0.489029 0.285675 0.481193 0.287242 0.496865 0.375010 0.500000 0.375010 0.536047 0.494123 0.515673 0.512930 0.435742 0.533305 0.438876 0.525468 0.518807 0.625774 0.484327 0.624207 0.518807 0.845192 0.426338 0.812280 0.717851 0.853029 0.493731 1.000000 0.487475 0.199119 0.027781 0.075208 0.482620 0.484503 0.003992 0.095202
0.428494 0.286269 0.442638 0.272125 0.430066 0.272125 0.486642 0.286269 0.475641 0.289412 0.497643 0.374276 0.494500 0.375848 0.557362 0.488999 0.513358 0.512572 0.466212 0.553433 0.442638 0.533003 0.516501 0.624152 0.491356 0.625724 0.467783 0.834740 0.448925 0.826882 0.667370 0.858313 0.533788 1.000000 0.534944 0.197855 0.096344 0.062170 0.456904 0.454111 0.010007 0.006192
0.424181 0.290362 0.437829 0.275198 0.425698 0.276714 0.483320 0.287329 0.465123 0.288845 0.498484 0.372246 0.484836 0.378311 0.578851 0.476875 0.472705 0.523883 0.481804 0.542079 0.405985 0.476875 0.512131 0.622447 0.504549 0.626996 0.439345 0.810477 0.496967 0.831706 0.619793 0.859001 0.586433 1.000000 0.533945 0.166115 0.134908 0.036963 0.520179 0.668904 0.021254 0.105779
0.420128 0.277917 0.435713 0.265449 0.420128 0.265449 0.479350 0.281034 0.457531 0.279475 0.510520 0.371425 0.471558 0.379218 0.604029 0.471168 0.446622 0.522598 0.532338 0.524156 0.404543 0.463376 0.507403 0.623899 0.510520 0.625458 0.413894 0.807800 0.522988 0.820268 0.580651 0.927803 0.642990 0.988583 0.451180 0.176808 0.145805 0.029607 0.537129 0.748552 0.022839 0.170078
0.424276 0.277212 0.440218 0.262864 0.424276 0.264458 0.489638 0.274023 0.462536 0.280400 0.518333 0.369675 0.465725 0.380834 0.623550 0.468515 0.438624 0.516340 0.527898 0.535471 0.400363 0.457355 0.508768 0.624746 0.507174 0.624746 0.397175 0.808078 0.564565 0.825614 0.524710 0.985033 0.682535 1.000000 0.372832 0.092165 0.162117 0.035005 0.565544 0.754004 0.020312 0.262634
0.431604 0.272925 0.447237 0.258855 0.431604 0.258855 0.495701 0.271362 0.469124 0.276052 0.528531 0.366725 0.453491 0.383922 0.630148 0.458962 0.426914 0.508989 0.541038 0.524623 0.406590 0.446456 0.509771 0.624676 0.508208 0.624676 0.405027 0.801334 0.594191 0.809150 0.465997 1.000000 0.706752 0.984245 0.259878 0.043027 0.147250 0.067700 0.563255 0.833327 0.022910 0.309194
0.434493 0.275736 0.451448 0.260323 0.434493 0.260323 0.499229 0.274195 0.469944 0.277278 0.530056 0.371299 0.457613 0.379005 0.631784 0.460696 0.425245 0.499229 0.542387 0.522349 0.408291 0.451448 0.506936 0.625619 0.505395 0.624077 0.423704 0.812120 0.594792 0.807496 0.409832 1.000000 0.727346 0.963170 0.112883 0.080164 0.104755 0.083066 0.578328 0.807749 0.015707 0.277970
0.434884 0.274420 0.451938 0.260467 0.436435 0.260467 0.500000 0.272870 0.470543 0.275971 0.531007 0.375195 0.455039 0.375195 0.630231 0.463566 0.437985 0.494574 0.540310 0.520930 0.403877 0.458915 0.512403 0.626356 0.501550 0.623255 0.434884 0.824803 0.583720 0.813951 0.382172 1.000000 0.752711 0.941082 0.040559 0.165195 0.095003 0.070507 0.587644 0.711905 0.017775 0.248043
0.436540 0.270840 0.453776 0.256738 0.434973 0.256738 0.502350 0.270840 0.467878 0.272407 0.533688 0.375823 0.460044 0.374256 0.626136 0.479239 0.466312 0.502742 0.522720 0.527813 0.411470 0.490207 0.514886 0.623394 0.491382 0.626528 0.441241 0.823958 0.558759 0.825525 0.395801 1.000000 0.751488 0.907004 0.045141 0.268766 0.087885 0.064578 0.592419 0.587043 0.007982 0.215932
0.438388 0.267516 0.454818 0.251086 0.436745 0.249443 0.504107 0.262587 0.469605 0.265873 0.532038 0.377597 0.456461 0.372668 0.614188 0.495893 0.461390 0.500821 0.489321 0.532038 0.408814 0.515608 0.522180 0.624046 0.489321 0.625689 0.423601 0.822849 0.545182 0.854066 0.436745 1.000000 0.763701 0.891854 0.164699 0.369132 0.133804 0.035252 0.603519 0.424966 0.014649 0.222890
0.433184 0.267395 0.449888 0.252362 0.433184 0.250691 0.498330 0.264054 0.471603 0.269066 0.525056 0.374302 0.463251 0.375972 0.580180 0.519627 0.478285 0.512946 0.451558 0.531320 0.431513 0.509605 0.520045 0.623193 0.491648 0.626534 0.428172 0.828653 0.505011 0.862062 0.484966 1.000000 0.717153 0.863732 0.214676 0.479453 0.127437 0.017881 0.586544 0.557495 0.014893 0.151885
0.426608 0.268875 0.444449 0.254277 0.428229 0.254277 0.489863 0.270497 0.462290 0.272118 0.517436 0.372678 0.472022 0.377544 0.525545 0.521896 0.499595 0.526762 0.415254 0.504055 0.439583 0.557579 0.522302 0.624078 0.488241 0.625700 0.457424 0.833307 0.472022 0.839795 0.541765 1.000000 0.660166 0.854392 0.225868 0.499421 0.101868 0.044843 0.568332 0.407156 0.013427 0.071640
0.425542 0.271423 0.441555 0.258613 0.425542 0.258613 0.487991 0.273024 0.462371 0.277828 0.502402 0.373902 0.475181 0.377105 0.487991 0.516413 0.487991 0.521216 0.396720 0.487590 0.436751 0.538830 0.532825 0.622095 0.489592 0.626898 0.500801 0.838262 0.420739 0.817446 0.593673 1.000000 0.601679 0.860679 0.195505 0.535716 0.085641 0.128716 0.565285 0.422829 0.028581 0.063556
0.423864 0.274732 0.439562 0.260603 0.423864 0.260603 0.486657 0.276301 0.464679 0.279441 0.486657 0.376770 0.499215 0.373630 0.458400 0.503925 0.560438 0.492936 0.384619 0.472528 0.469389 0.519623 0.527472 0.624800 0.486657 0.624800 0.541600 0.836725 0.406596 0.802189 0.651487 1.000000 0.557298 0.908937 0.155349 0.438776 0.030726 0.119048 0.558458 0.560161 0.017998 0.156139
0.425175 0.278658 0.442412 0.264555 0.426742 0.264555 0.487856 0.278658 0.473752 0.281792 0.481587 0.375814 0.512928 0.374247 0.437711 0.504309 0.581877 0.488639 0.381298 0.468268 0.497258 0.519980 0.525464 0.624970 0.480020 0.624970 0.578743 0.833384 0.393834 0.800476 0.682166 1.000000 0.514495 0.957178 0.083820 0.354170 0.024181 0.103761 0.576227 0.559755 0.006983 0.224968
0.429468 0.279393 0.445142 0.265287 0.431036 0.265287 0.490596 0.279393 0.481192 0.282528 0.478057 0.373435 0.523511 0.376570 0.424766 0.500392 0.597177 0.480016 0.384015 0.470612 0.510972 0.520768 0.521943 0.624214 0.476489 0.625781 0.597177 0.824837 0.396554 0.806028 0.705325 1.000000 0.463951 1.000000 0.051905 0.234549 0.059054 0.073507 0.574377 0.556412 0.001994 0.247068
0.428250 0.278300 0.444373 0.262176 0.431474 0.262176 0.491132 0.276687 0.486295 0.279912 0.475008 0.371817 0.531441 0.378266 0.421800 0.497581 0.607222 0.479845 0.383103 0.473396 0.516930 0.523379 0.515317 0.623346 0.478233 0.626571 0.599161 0.832954 0.405677 0.826504 0.741049 1.000000 0.405677 1.000000 0.100916 0.110811 0.070538 0.043618 0.550407 0.561019 0.008213 0.231930
0.433143 0.278734 0.449061 0.264408 0.434735 0.264408 0.496816 0.277142 0.488857 0.281918 0.474531 0.369469 0.531837 0.380612 0.429959 0.493633 0.613021 0.482490 0.391755 0.474531 0.522286 0.520694 0.509551 0.622572 0.484082 0.627347 0.592327 0.834286 0.422000 0.837470 0.767429 0.961634 0.377428 1.000000 0.181213 0.028612 0.074870 0.030589 0.537879 0.587316 0.008108 0.210080
0.430164 0.278192 0.446036 0.263908 0.431752 0.263908 0.492064 0.279780 0.487303 0.284541 0.476192 0.368661 0.526982 0.381359 0.460321 0.486112 0.601579 0.492461 0.400008 0.494048 0.509523 0.527379 0.504762 0.622609 0.492064 0.627371 0.577771 0.840052 0.423816 0.832116 0.777755 0.916236 0.387311 1.000000 0.281029 0.051303 0.067453 0.057537 0.415601 0.572813 0.004041 0.205529
0.436380 0.283077 0.451710 0.267747 0.439446 0.267747 0.496167 0.283077 0.490035 0.284611 0.485436 0.371993 0.522229 0.378125 0.493101 0.490035 0.588149 0.505366 0.436380 0.511498 0.502300 0.522229 0.509965 0.624941 0.482370 0.624941 0.548290 0.839564 0.425648 0.816569 0.752182 0.859493 0.424115 1.000000 0.412737 0.089281 0.025478 0.040640 0.405499 0.590413 0.009761 0.147852
