0.554236 0.299564 0.544803 0.280699 0.554236 0.280699 0.488210 0.290132 0.554236 0.290132 0.441048 0.375022 0.563668 0.375022 0.365590 0.459913 0.591965 0.488210 0.337293 0.488210 0.620262 0.582532 0.450481 0.629694 0.544803 0.620262 0.459913 0.827772 0.554236 0.790043 0.459913 1.000000 0.554236 0.969256 0.015146 0.017665 0.003362 0.042103 0.018702 0.014795 0.006005 0.002519
0.543237 0.298226 0.543237 0.279010 0.552846 0.288618 0.485588 0.288618 0.562454 0.288618 0.437546 0.375092 0.572062 0.375092 0.360680 0.461567 0.591279 0.490392 0.341463 0.500000 0.620103 0.586475 0.447154 0.624908 0.543237 0.624908 0.456763 0.807465 0.543237 0.797857 0.447154 0.990022 0.543237 0.980414 0.033476 0.000002 0.004503 0.036566 0.083714 0.040205 0.012237 0.016738
0.544964 0.300160 0.534972 0.280176 0.544964 0.280176 0.485012 0.280176 0.564948 0.290168 0.435052 0.370104 0.574940 0.380096 0.355116 0.470024 0.594924 0.500000 0.405076 0.490008 0.634892 0.599920 0.445044 0.619904 0.544964 0.629896 0.445044 0.789768 0.544964 0.809752 0.445044 0.949640 0.534972 1.000000 0.000003 0.015902 0.012726 0.038015 0.593658 0.068551 0.012726 0.000003
0.544964 0.300160 0.544964 0.290168 0.554956 0.290168 0.485012 0.290168 0.564948 0.290168 0.435052 0.370104 0.574940 0.380096 0.365108 0.470024 0.604916 0.509992 0.425060 0.500000 0.634892 0.599920 0.445044 0.619904 0.544964 0.629896 0.455036 0.819744 0.544964 0.829736 0.445044 0.989608 0.524980 1.000000 0.034605 0.030224 0.003178 0.038016 0.546817 0.030224 0.012726 0.015902
0.526019 0.286643 0.515611 0.265828 0.526019 0.276236 0.484389 0.276236 0.567650 0.286643 0.432350 0.369905 0.578057 0.380312 0.359497 0.473981 0.619688 0.505204 0.411535 0.526019 0.640503 0.598873 0.442758 0.619688 0.546834 0.630095 0.453166 0.786210 0.536427 0.807025 0.442758 0.921509 0.526019 0.983955 0.044306 0.000003 0.006613 0.020881 0.444400 0.032812 0.013255 0.038571
0.523392 0.286874 0.523392 0.266081 0.533788 0.266081 0.492203 0.276478 0.564977 0.276478 0.429824 0.370045 0.585770 0.380442 0.357050 0.474009 0.627356 0.515595 0.398635 0.546784 0.637752 0.598766 0.440221 0.619558 0.544185 0.629955 0.450617 0.775504 0.533788 0.806693 0.440221 0.910657 0.512995 0.993828 0.045627 0.016521 0.007934 0.033866 0.359649 0.055432 0.019869 0.039892
0.533101 0.283569 0.533101 0.273383 0.543286 0.273383 0.482176 0.273383 0.563656 0.283569 0.431251 0.365049 0.584026 0.385419 0.359956 0.466899 0.634951 0.507639 0.400696 0.548379 0.634951 0.568749 0.441436 0.619674 0.543286 0.629859 0.461806 0.772449 0.533101 0.813189 0.431251 0.894669 0.512731 0.996519 0.120172 0.017558 0.029467 0.034903 0.341984 0.125666 0.019464 0.059858
0.531198 0.293612 0.531198 0.284013 0.540798 0.284013 0.483201 0.284013 0.559996 0.293612 0.435204 0.370408 0.579195 0.380007 0.377607 0.476001 0.636792 0.504800 0.416005 0.523999 0.588795 0.495200 0.444803 0.619993 0.540798 0.629592 0.464002 0.773584 0.521599 0.831180 0.435204 0.907975 0.502400 1.000000 0.106777 0.001358 0.027347 0.018366 0.373724 0.700473 0.018344 0.069807
0.479609 0.283344 0.479609 0.262952 0.489804 0.273148 0.469413 0.273148 0.540782 0.273148 0.428631 0.375104 0.581565 0.375104 0.367457 0.487256 0.642738 0.507647 0.418435 0.517842 0.581565 0.497451 0.449022 0.619798 0.540782 0.629994 0.449022 0.772732 0.520391 0.803319 0.449022 0.935862 0.510196 0.986840 0.000003 0.019611 0.026465 0.013224 0.486926 0.690208 0.012985 0.037277
0.513018 0.291712 0.502604 0.270883 0.513018 0.270883 0.471360 0.270883 0.544261 0.281297 0.429703 0.375027 0.575504 0.375027 0.367216 0.489586 0.648405 0.500000 0.408874 0.531243 0.606748 0.552072 0.450532 0.624973 0.544261 0.624973 0.460946 0.781189 0.533847 0.802018 0.450532 0.958234 0.523432 0.989477 0.039892 0.001033 0.005275 0.020881 0.408947 0.382868 0.006630 0.039892
0.474490 0.283163 0.474490 0.272959 0.484694 0.272959 0.464286 0.283163 0.545918 0.283163 0.423469 0.375000 0.576531 0.375000 0.372449 0.497449 0.647959 0.497449 0.413265 0.507653 0.596939 0.538265 0.454082 0.619898 0.545918 0.630102 0.464286 0.793367 0.535714 0.823980 0.464286 0.977041 0.515306 1.000000 0.018703 0.013487 0.020881 0.021278 0.547687 0.453315 0.000009 0.035440
0.469388 0.293367 0.469388 0.272959 0.469388 0.272959 0.459184 0.283163 0.530612 0.283163 0.428571 0.375000 0.571429 0.375000 0.377551 0.497449 0.642857 0.497449 0.418367 0.517857 0.581633 0.538265 0.448980 0.619898 0.551020 0.630102 0.459184 0.803571 0.530612 0.834184 0.469388 0.987245 0.520408 1.000000 0.000000 0.015823 0.008799 0.006314 0.478082 0.480924 0.000009 0.049391
0.472506 0.295041 0.472506 0.275045 0.472506 0.275045 0.462507 0.285043 0.532493 0.285043 0.432514 0.375025 0.572486 0.375025 0.382523 0.495001 0.632474 0.495001 0.422516 0.524995 0.572486 0.514997 0.452509 0.624975 0.542491 0.624975 0.462507 0.784943 0.532493 0.794941 0.472506 0.954909 0.532493 0.974905 0.001166 0.018703 0.005542 0.019313 0.420833 0.545167 0.006365 0.038571
0.465713 0.301623 0.465713 0.282030 0.475509 0.282030 0.455916 0.291827 0.524491 0.282030 0.426527 0.379994 0.563677 0.370198 0.377545 0.507347 0.632251 0.487755 0.436323 0.536736 0.573473 0.526940 0.455916 0.624904 0.553880 0.624904 0.465713 0.811035 0.524491 0.811035 0.485305 0.987370 0.534287 0.997167 0.018486 0.066586 0.021278 0.037611 0.469291 0.480924 0.012476 0.066586
0.484707 0.288441 0.474511 0.278246 0.484707 0.278246 0.454120 0.278246 0.525489 0.278246 0.423533 0.380202 0.566271 0.370006 0.372555 0.512744 0.647836 0.492353 0.433729 0.553527 0.607054 0.543331 0.454120 0.624896 0.556076 0.624896 0.474511 0.808417 0.545880 0.798221 0.484707 0.981742 0.545880 0.981742 0.016521 0.018703 0.004361 0.005978 0.429708 0.401944 0.012985 0.053926
0.484707 0.288441 0.474511 0.268050 0.484707 0.268050 0.454120 0.278246 0.525489 0.278246 0.423533 0.380202 0.566271 0.370006 0.372555 0.512744 0.647836 0.482158 0.413337 0.563722 0.617249 0.553527 0.454120 0.624896 0.556076 0.624896 0.474511 0.798221 0.545880 0.798221 0.474511 0.981742 0.545880 0.961351 0.037277 0.018703 0.002306 0.005978 0.331652 0.329033 0.012985 0.055980
0.471991 0.288661 0.471991 0.278476 0.471991 0.278476 0.451621 0.278476 0.522916 0.278476 0.421066 0.380326 0.563656 0.370141 0.359956 0.502546 0.634951 0.471991 0.359956 0.553471 0.624766 0.563656 0.461806 0.624766 0.553471 0.624766 0.471991 0.808097 0.543286 0.797912 0.471991 1.000000 0.543286 0.971057 0.017665 0.018703 0.034903 0.005978 0.147584 0.229623 0.019464 0.036368
0.502546 0.288661 0.492361 0.278476 0.502546 0.278476 0.461806 0.278476 0.533101 0.278476 0.421066 0.380326 0.563656 0.370141 0.359956 0.492361 0.624766 0.461806 0.349771 0.543286 0.634951 0.553471 0.461806 0.624766 0.553471 0.624766 0.471991 0.818282 0.553471 0.797912 0.471991 1.000000 0.553471 0.950687 0.016738 0.000003 0.035831 0.012726 0.096114 0.151944 0.019464 0.016738
0.502599 0.297271 0.502599 0.276478 0.502599 0.276478 0.461014 0.286874 0.533788 0.276478 0.419428 0.380442 0.564977 0.370045 0.357050 0.484405 0.616959 0.474009 0.325861 0.536387 0.627356 0.567576 0.461014 0.629955 0.554581 0.619558 0.471410 0.827486 0.554581 0.785900 0.471410 1.000000 0.554581 0.931450 0.016738 0.000003 0.035831 0.013255 0.000000 0.112360 0.019869 0.016738
0.526019 0.291847 0.515611 0.271032 0.526019 0.271032 0.473981 0.281440 0.546834 0.281440 0.421943 0.375108 0.567650 0.375108 0.359497 0.489592 0.609280 0.489592 0.359497 0.531223 0.619688 0.572853 0.453166 0.624892 0.557242 0.624892 0.473981 0.833044 0.557242 0.801821 0.463573 1.000000 0.557242 0.989159 0.048463 0.000003 0.007857 0.013255 0.158947 0.071434 0.013255 0.031726
0.520391 0.293539 0.510196 0.273148 0.520391 0.283344 0.479609 0.283344 0.540782 0.283344 0.428631 0.375104 0.561174 0.375104 0.357262 0.487256 0.601956 0.487256 0.326675 0.517842 0.622347 0.579016 0.459218 0.629994 0.550978 0.619798 0.459218 0.813514 0.550978 0.782928 0.469413 1.000000 0.561174 0.966448 0.015902 0.017666 0.038015 0.013255 0.069604 0.041413 0.012985 0.000003
0.533847 0.302126 0.533847 0.281297 0.533847 0.281297 0.481775 0.281297 0.554676 0.291712 0.429703 0.375027 0.575504 0.375027 0.356802 0.489586 0.596333 0.500000 0.408874 0.510414 0.617162 0.583315 0.450532 0.624973 0.544261 0.624973 0.471360 0.822847 0.554676 0.791603 0.471360 1.000000 0.554676 0.979063 0.033383 0.019869 0.006918 0.059452 0.559277 0.025411 0.006630 0.013514
0.557292 0.302083 0.546875 0.281250 0.557292 0.281250 0.484375 0.281250 0.557292 0.291667 0.432292 0.375000 0.567708 0.375000 0.359375 0.489583 0.598958 0.500000 0.390625 0.520833 0.619792 0.583333 0.453125 0.625000 0.546875 0.625000 0.473958 0.812500 0.557292 0.802083 0.473958 1.000000 0.546875 0.989583 0.035223 0.036368 0.008759 0.045167 0.430396 0.000004 0.000009 0.016521
0.559783 0.304348 0.548913 0.282609 0.559783 0.282609 0.483696 0.282609 0.559783 0.293478 0.429348 0.369565 0.570652 0.380435 0.353261 0.478261 0.592391 0.510870 0.364130 0.521739 0.614130 0.608696 0.451087 0.619565 0.548913 0.630435 0.472826 0.826087 0.548913 0.826087 0.472826 1.000000 0.548913 1.000000 0.033383 0.000002 0.005773 0.027610 0.272379 0.017036 0.000009 0.033383
0.557052 0.293527 0.546185 0.282660 0.557052 0.282660 0.480983 0.282660 0.557052 0.293527 0.426648 0.369596 0.578786 0.380463 0.350579 0.478266 0.600520 0.510867 0.339712 0.510867 0.633121 0.608670 0.448382 0.619537 0.546185 0.630404 0.470116 0.826010 0.557052 0.836877 0.459249 1.000000 0.546185 1.000000 0.051049 0.033476 0.005773 0.058023 0.091984 0.049848 0.006919 0.016646
0.551618 0.293527 0.540751 0.271793 0.551618 0.282660 0.486416 0.282660 0.562485 0.282660 0.421214 0.369596 0.584219 0.380463 0.345145 0.478266 0.605953 0.521734 0.345145 0.510867 0.616820 0.597803 0.442948 0.619537 0.551618 0.630404 0.464682 0.793409 0.551618 0.815143 0.453815 0.934680 0.540751 1.000000 0.064021 0.017666 0.011973 0.041285 0.194400 0.003423 0.006919 0.039583
0.518613 0.289941 0.518613 0.268669 0.529249 0.268669 0.486705 0.279305 0.561156 0.289941 0.422890 0.364392 0.582428 0.385664 0.348439 0.481387 0.624972 0.502659 0.380346 0.545203 0.624972 0.577110 0.444162 0.619654 0.550520 0.630290 0.465433 0.789828 0.539885 0.832372 0.444162 0.928095 0.529249 1.000000 0.088173 0.000131 0.013118 0.024548 0.327979 0.111017 0.006771 0.056321
0.507651 0.293410 0.507651 0.283208 0.517853 0.283208 0.487248 0.283208 0.558661 0.293410 0.426036 0.364824 0.579065 0.385228 0.354622 0.477046 0.640277 0.507651 0.395430 0.548459 0.599469 0.548459 0.446440 0.619873 0.548459 0.630075 0.466844 0.783104 0.548459 0.823912 0.456642 0.925932 0.538257 1.000000 0.062281 0.016738 0.014173 0.039584 0.345645 0.397584 0.006496 0.039583
0.505204 0.286643 0.505204 0.265828 0.505204 0.276236 0.473981 0.276236 0.546834 0.286643 0.432350 0.369905 0.578057 0.380312 0.359497 0.473981 0.640503 0.505204 0.401127 0.536427 0.609280 0.546834 0.442758 0.619688 0.546834 0.630095 0.463573 0.775802 0.536427 0.838248 0.453166 0.900694 0.526019 1.000000 0.068657 0.000757 0.028937 0.023681 0.381567 0.352416 0.013255 0.058095
0.502604 0.276090 0.502604 0.265676 0.502604 0.265676 0.471360 0.265676 0.544261 0.276090 0.429703 0.369820 0.575504 0.380234 0.367216 0.463550 0.637991 0.494793 0.408874 0.515622 0.627576 0.557279 0.450532 0.619766 0.544261 0.630180 0.460946 0.786396 0.533847 0.828054 0.460946 0.932198 0.533847 1.000000 0.019869 0.016738 0.006596 0.022846 0.401944 0.211515 0.006630 0.036606
0.492189 0.286505 0.481775 0.265676 0.492189 0.276090 0.471360 0.276090 0.544261 0.276090 0.429703 0.369820 0.575504 0.380234 0.367216 0.473964 0.637991 0.505207 0.408874 0.515622 0.606748 0.578108 0.450532 0.619766 0.544261 0.630180 0.460946 0.796811 0.533847 0.828054 0.460946 0.963441 0.533847 1.000000 0.018703 0.016738 0.007763 0.022846 0.422021 0.276465 0.006630 0.035440
0.482504 0.300040 0.482504 0.280044 0.482504 0.280044 0.472506 0.280044 0.542491 0.290042 0.432514 0.370026 0.572486 0.380024 0.382523 0.480004 0.632474 0.500000 0.382523 0.519996 0.612478 0.589982 0.452509 0.619976 0.542491 0.629974 0.462507 0.789942 0.532493 0.829934 0.462507 0.959908 0.532493 1.000000 0.018703 0.015902 0.006709 0.022113 0.135800 0.217188 0.006365 0.034605
0.471360 0.286505 0.471360 0.276090 0.481775 0.276090 0.460946 0.276090 0.533847 0.276090 0.429703 0.369820 0.575504 0.380234 0.388045 0.473964 0.637991 0.494793 0.367216 0.536450 0.617162 0.567694 0.450532 0.619766 0.544261 0.630180 0.460946 0.786396 0.533847 0.817639 0.471360 0.973855 0.544261 1.000000 0.002199 0.033568 0.006596 0.021917 0.018703 0.247533 0.006630 0.037534
0.471945 0.298511 0.471945 0.278107 0.482147 0.278107 0.461743 0.288309 0.533156 0.288309 0.431137 0.369925 0.573964 0.380127 0.380127 0.482147 0.635176 0.492349 0.369925 0.533156 0.614772 0.553560 0.451541 0.624974 0.543358 0.624974 0.461743 0.798407 0.533156 0.808609 0.471945 0.971841 0.543358 0.992244 0.000003 0.035331 0.006709 0.021917 0.072967 0.261363 0.006496 0.036368
0.471945 0.298511 0.471945 0.278107 0.471945 0.278107 0.461743 0.288309 0.533156 0.288309 0.431137 0.369925 0.573964 0.380127 0.380127 0.482147 0.635176 0.482147 0.369925 0.533156 0.635176 0.533156 0.451541 0.624974 0.543358 0.624974 0.461743 0.798407 0.533156 0.808609 0.471945 0.971841 0.533156 0.982042 0.000003 0.017666 0.006709 0.021917 0.072967 0.172021 0.006496 0.036368
0.456563 0.288244 0.456563 0.266525 0.467422 0.266525 0.445703 0.277384 0.532578 0.277384 0.413126 0.375118 0.576015 0.375118 0.369688 0.483711 0.641171 0.472852 0.369688 0.538008 0.619452 0.538008 0.456563 0.624882 0.554297 0.624882 0.456563 0.809490 0.532578 0.776912 0.467422 0.994098 0.554297 0.896365 0.018703 0.102416 0.054810 0.017558 0.121119 0.289583 0.013831 0.045167
0.475549 0.277227 0.464682 0.266360 0.475549 0.266360 0.453815 0.277227 0.540751 0.277227 0.421214 0.375030 0.573352 0.375030 0.366879 0.494567 0.649421 0.483700 0.377746 0.559768 0.627687 0.548901 0.453815 0.624970 0.551618 0.624970 0.464682 0.798842 0.551618 0.787975 0.475549 0.972714 0.562485 0.918379 0.000003 0.026465 0.021417 0.027610 0.188368 0.296816 0.006919 0.019869
0.475549 0.288094 0.475549 0.266360 0.486416 0.266360 0.464682 0.277227 0.540751 0.277227 0.421214 0.375030 0.573352 0.375030 0.366879 0.494567 0.638554 0.483700 0.366879 0.527167 0.627687 0.570635 0.453815 0.624970 0.551618 0.624970 0.464682 0.809709 0.551618 0.787975 0.475549 0.983581 0.573352 0.929246 0.001166 0.048590 0.022583 0.027610 0.135800 0.211604 0.006919 0.018703
0.486416 0.277227 0.475549 0.266360 0.486416 0.266360 0.464682 0.277227 0.540751 0.277227 0.421214 0.375030 0.573352 0.375030 0.366879 0.483700 0.627687 0.483700 0.334278 0.538034 0.638554 0.570635 0.453815 0.624970 0.551618 0.624970 0.453815 0.820576 0.551618 0.766241 0.464682 1.000000 0.551618 0.896645 0.018703 0.000004 0.041285 0.027610 0.024437 0.108000 0.006919 0.000003
0.497283 0.298961 0.497283 0.277227 0.508150 0.277227 0.475549 0.277227 0.551618 0.288094 0.421214 0.375030 0.573352 0.375030 0.356012 0.494567 0.627687 0.494567 0.356012 0.548901 0.638554 0.592369 0.453815 0.624970 0.551618 0.624970 0.453815 0.809709 0.540751 0.777108 0.464682 0.994448 0.529884 0.918379 0.018703 0.001734 0.041285 0.004910 0.158947 0.100577 0.006919 0.022698
0.544401 0.302972 0.544401 0.280772 0.544401 0.280772 0.488900 0.280772 0.555501 0.291872 0.433399 0.369573 0.577701 0.380673 0.355698 0.491675 0.611002 0.502775 0.388998 0.558276 0.622102 0.602676 0.444499 0.624877 0.544401 0.624877 0.455599 0.791379 0.533300 0.802479 0.455599 0.968982 0.533300 0.991182 0.021189 0.019869 0.007358 0.023271 0.327979 0.049528 0.014138 0.041058
0.533300 0.291872 0.522200 0.269672 0.533300 0.269672 0.488900 0.280772 0.566601 0.280772 0.433399 0.369573 0.577701 0.380673 0.355698 0.491675 0.611002 0.502775 0.377898 0.536075 0.633202 0.591576 0.444499 0.624877 0.544401 0.624877 0.455599 0.802479 0.533300 0.802479 0.455599 0.980082 0.522200 0.991182 0.019869 0.001166 0.006037 0.023271 0.327979 0.006771 0.014138 0.039737
0.533300 0.291872 0.522200 0.269672 0.533300 0.269672 0.488900 0.269672 0.566601 0.280772 0.433399 0.369573 0.577701 0.380673 0.355698 0.469475 0.611002 0.502775 0.322398 0.524975 0.633202 0.580476 0.444499 0.624877 0.544401 0.624877 0.444499 0.813579 0.533300 0.791379 0.455599 1.000000 0.533300 0.968982 0.018703 0.021189 0.013831 0.021951 0.038396 0.003836 0.014138 0.021189
0.526500 0.285350 0.526500 0.264150 0.537100 0.274750 0.494700 0.274750 0.568900 0.285350 0.441700 0.370150 0.579500 0.380750 0.356900 0.476150 0.611300 0.497350 0.367500 0.550350 0.632500 0.582150 0.441700 0.624550 0.537100 0.624550 0.452300 0.825949 0.526500 0.794149 0.452300 1.000000 0.526500 0.963749 0.016738 0.019869 0.016738 0.034942 0.259944 0.006771 0.027025 0.036606
0.507963 0.285012 0.507963 0.274395 0.518579 0.274395 0.497346 0.274395 0.571663 0.285012 0.433646 0.369946 0.582279 0.380562 0.359329 0.465496 0.603513 0.507963 0.391179 0.529196 0.624746 0.592896 0.444262 0.624746 0.539813 0.624746 0.444262 0.805230 0.518579 0.805230 0.444262 0.975097 0.507963 0.975097 0.000003 0.017408 0.013255 0.017534 0.358000 0.025411 0.020290 0.037277
0.530488 0.286585 0.519401 0.264412 0.530488 0.275498 0.486142 0.275498 0.563747 0.286585 0.430709 0.364190 0.585920 0.386363 0.353104 0.463969 0.619180 0.519401 0.375277 0.552661 0.630266 0.608093 0.441796 0.619180 0.541574 0.630266 0.441796 0.807650 0.519401 0.807650 0.430709 0.973948 0.497228 0.962861 0.021189 0.005583 0.013831 0.017666 0.288396 0.038396 0.021189 0.039583
0.524847 0.287419 0.524847 0.276376 0.535890 0.276376 0.502761 0.276376 0.569020 0.287419 0.436502 0.364721 0.591106 0.386808 0.370243 0.475153 0.624235 0.519325 0.392329 0.552455 0.635279 0.607671 0.436502 0.618714 0.535890 0.629757 0.447545 0.773318 0.513804 0.817491 0.425459 0.894793 0.491718 0.994181 0.079947 0.002304 0.022698 0.033858 0.260606 0.038396 0.035223 0.059975
0.513507 0.283882 0.513507 0.273076 0.513507 0.273076 0.491896 0.273076 0.567537 0.283882 0.437866 0.370329 0.589149 0.381135 0.351419 0.478388 0.621567 0.521612 0.373030 0.575641 0.610761 0.564835 0.437866 0.618865 0.535119 0.629671 0.437866 0.759342 0.502701 0.802566 0.416254 0.878207 0.481090 0.986266 0.057249 0.021721 0.000003 0.009139 0.284381 0.150171 0.034464 0.058998
0.502761 0.276376 0.502761 0.265333 0.513804 0.265333 0.491718 0.265333 0.557977 0.276376 0.436502 0.364721 0.591106 0.386808 0.359200 0.475153 0.624235 0.519325 0.392329 0.541412 0.580063 0.563498 0.436502 0.618714 0.535890 0.629757 0.436502 0.784361 0.513804 0.817491 0.414416 0.927922 0.491718 0.994181 0.048590 0.002304 0.000002 0.033858 0.341984 0.327979 0.035223 0.037277
0.511259 0.280441 0.500000 0.269182 0.511259 0.269182 0.477481 0.269182 0.556297 0.280441 0.443703 0.370517 0.590075 0.381776 0.376146 0.483111 0.635113 0.505630 0.398665 0.516889 0.612594 0.573186 0.432443 0.618224 0.533778 0.629483 0.432443 0.798375 0.511259 0.809634 0.409925 0.967266 0.500000 0.989785 0.042192 0.019715 0.014458 0.031551 0.359188 0.213434 0.043140 0.039583
