0.585362 0.291826 0.585362 0.278609 0.585362 0.276406 0.506058 0.272000 0.565536 0.276406 0.431159 0.373333 0.591971 0.377739 0.378290 0.487884 0.638232 0.509913 0.435565 0.582609 0.583159 0.443826 0.446580 0.622261 0.530290 0.626667 0.530290 0.798493 0.455391 0.824928 0.550116 0.983536 0.312203 0.983536 0.107179 0.118775 0.121461 0.037659 0.310747 0.886025 0.029493 0.256129
0.584241 0.287713 0.577502 0.269741 0.581995 0.271988 0.498877 0.269741 0.564023 0.276481 0.429238 0.370831 0.588734 0.379816 0.370831 0.487645 0.640402 0.507863 0.438223 0.573009 0.593227 0.418005 0.447209 0.620184 0.534820 0.629169 0.534820 0.799898 0.483152 0.835841 0.537066 0.986351 0.319163 0.959394 0.140550 0.216492 0.121483 0.010199 0.360307 0.968194 0.022902 0.222364
0.583332 0.283561 0.578858 0.267901 0.581095 0.267901 0.500559 0.267901 0.565435 0.274612 0.428972 0.370808 0.587806 0.379756 0.384230 0.493848 0.630311 0.518456 0.462529 0.509508 0.576621 0.460292 0.446869 0.621363 0.536353 0.628074 0.516219 0.804805 0.518456 0.829413 0.511745 0.990484 0.352911 0.912185 0.122719 0.324196 0.092352 0.036816 0.548184 0.857380 0.021379 0.143270
0.578439 0.289762 0.574170 0.272687 0.576305 0.274821 0.497332 0.272687 0.561364 0.276956 0.437569 0.373003 0.574170 0.377272 0.392747 0.473320 0.612589 0.522411 0.450375 0.541621 0.567767 0.490395 0.452510 0.622728 0.535751 0.626997 0.499466 0.791345 0.537885 0.804151 0.493063 0.962097 0.390612 0.874586 0.098384 0.361835 0.067431 0.052425 0.356842 0.779801 0.014952 0.082618
0.575914 0.296865 0.571726 0.282206 0.575914 0.282206 0.498429 0.282206 0.563349 0.286394 0.452357 0.374349 0.567537 0.376444 0.408380 0.497906 0.590573 0.529319 0.469111 0.564920 0.588479 0.539789 0.450263 0.621462 0.529842 0.627745 0.483770 0.795279 0.552878 0.793185 0.460734 0.958625 0.435604 0.860199 0.105213 0.378789 0.063315 0.091432 0.343204 0.110439 0.025358 0.016579
0.580576 0.299911 0.574087 0.284769 0.578413 0.284769 0.502704 0.284769 0.567598 0.289095 0.457278 0.373457 0.567598 0.377783 0.439973 0.501082 0.571924 0.509734 0.522172 0.557323 0.589229 0.557323 0.446463 0.620053 0.528661 0.628706 0.472420 0.801756 0.580576 0.786614 0.435647 0.979132 0.476746 0.883955 0.110237 0.361371 0.059119 0.150109 0.351897 0.100585 0.031726 0.055939
0.580346 0.296421 0.573831 0.281220 0.578174 0.281220 0.504343 0.283392 0.567317 0.285563 0.460913 0.374595 0.565145 0.376767 0.445712 0.494028 0.549945 0.500543 0.541259 0.528773 0.582518 0.541802 0.445712 0.622148 0.528230 0.626491 0.450055 0.804555 0.580346 0.771982 0.395767 0.991305 0.497828 0.910959 0.097627 0.280043 0.027098 0.156205 0.429278 0.251619 0.033239 0.101911
0.580461 0.301311 0.576082 0.288175 0.580461 0.285986 0.510400 0.288175 0.565135 0.290364 0.464422 0.375751 0.562945 0.375751 0.457854 0.496169 0.538862 0.485222 0.536673 0.542146 0.580461 0.539957 0.446907 0.623154 0.525725 0.625343 0.433770 0.811443 0.576082 0.782981 0.376846 1.000000 0.516968 0.960322 0.070266 0.200837 0.000318 0.145541 0.349254 0.275790 0.034915 0.120593
0.578509 0.303728 0.574207 0.290823 0.580660 0.288672 0.511830 0.290823 0.567754 0.292974 0.464510 0.374709 0.563452 0.376860 0.455906 0.495160 0.531188 0.488708 0.537641 0.531726 0.582810 0.533877 0.445152 0.622065 0.526887 0.626367 0.427944 0.798440 0.563452 0.796289 0.365567 0.985570 0.539792 0.981269 0.071460 0.107962 0.006097 0.113787 0.388797 0.360583 0.035677 0.098425
0.578185 0.306963 0.576028 0.294022 0.582499 0.291865 0.511323 0.291865 0.569558 0.294022 0.468187 0.375982 0.563087 0.375982 0.461716 0.490294 0.528578 0.485981 0.547990 0.520490 0.586813 0.531274 0.444461 0.621861 0.524264 0.626175 0.422893 0.805192 0.554460 0.807349 0.351718 0.982053 0.547990 0.986367 0.084511 0.064069 0.006657 0.101571 0.410831 0.386350 0.039924 0.089845
0.579667 0.309444 0.575361 0.296525 0.581821 0.294372 0.512919 0.296525 0.573208 0.298678 0.467702 0.378346 0.566748 0.374039 0.448324 0.498923 0.527991 0.479545 0.517225 0.537681 0.586127 0.531221 0.441864 0.621654 0.523685 0.625961 0.431098 0.806827 0.545217 0.808980 0.349278 0.968315 0.534451 0.983387 0.130791 0.056901 0.015191 0.091168 0.387625 0.380762 0.044004 0.055762
0.576438 0.315904 0.572131 0.302985 0.578591 0.300831 0.511842 0.300831 0.567825 0.302985 0.462319 0.378346 0.572131 0.374039 0.421409 0.498923 0.533374 0.483851 0.432175 0.597969 0.585050 0.541987 0.442941 0.621654 0.522608 0.625961 0.442941 0.804674 0.533374 0.808980 0.346048 0.944630 0.505383 0.985541 0.192751 0.068750 0.025299 0.080489 0.138582 0.339298 0.044004 0.018703
0.571442 0.313277 0.564947 0.300287 0.575772 0.300287 0.512989 0.300287 0.571442 0.302452 0.458867 0.378224 0.573607 0.373894 0.415569 0.490799 0.543298 0.473480 0.448042 0.570901 0.588761 0.544922 0.441547 0.622859 0.525979 0.625023 0.454537 0.800381 0.523814 0.809041 0.350621 0.915121 0.471856 0.980068 0.257504 0.090137 0.045747 0.055916 0.239475 0.274437 0.041464 0.026994
0.566578 0.295143 0.562026 0.281486 0.568855 0.281486 0.509674 0.283762 0.571131 0.288315 0.452769 0.372534 0.577959 0.379362 0.398141 0.490895 0.580236 0.527314 0.443664 0.568286 0.602997 0.554628 0.443664 0.620638 0.525607 0.627466 0.459598 0.795904 0.507398 0.818666 0.350341 0.893780 0.443664 0.991656 0.296330 0.082136 0.040534 0.035971 0.306893 0.216245 0.039224 0.059082
0.565645 0.275104 0.563214 0.262947 0.570508 0.262947 0.512157 0.267810 0.577802 0.272672 0.444080 0.367493 0.587527 0.384513 0.373572 0.486628 0.609409 0.520666 0.414904 0.579018 0.614272 0.571724 0.436786 0.617919 0.531607 0.630075 0.463530 0.788111 0.497569 0.827012 0.363846 0.899951 0.414904 1.000000 0.281341 0.082615 0.058883 0.016793 0.304005 0.020499 0.040351 0.104093
0.563542 0.289182 0.556416 0.274930 0.565918 0.277305 0.508908 0.277305 0.575419 0.284431 0.440021 0.369946 0.589672 0.381823 0.366383 0.491092 0.627678 0.526723 0.413891 0.574232 0.606300 0.564730 0.437645 0.619364 0.532662 0.628866 0.492280 0.745261 0.501782 0.799896 0.413891 0.883035 0.399639 0.982802 0.294986 0.105256 0.133359 0.015333 0.339100 0.244750 0.037895 0.187188
0.553408 0.288129 0.548713 0.276391 0.555755 0.276391 0.506456 0.278739 0.574536 0.285782 0.438376 0.370295 0.595665 0.382033 0.365600 0.487675 0.633226 0.536975 0.431333 0.544017 0.593317 0.532279 0.436028 0.616793 0.529932 0.630879 0.487675 0.750606 0.475937 0.811644 0.473590 0.905548 0.377338 0.999452 0.146107 0.061492 0.120281 0.010189 0.451098 0.612982 0.043476 0.209643
0.544589 0.280240 0.539493 0.267501 0.549685 0.267501 0.498726 0.270049 0.572616 0.275144 0.427384 0.371966 0.600644 0.379610 0.348398 0.486623 0.628671 0.532486 0.404452 0.550322 0.562424 0.552870 0.437576 0.619116 0.534397 0.629308 0.503822 0.769444 0.468151 0.820403 0.478343 0.942704 0.361137 1.000000 0.178600 0.039861 0.119004 0.023673 0.421724 0.462701 0.035761 0.238343
0.533138 0.281032 0.530539 0.268037 0.538336 0.270636 0.496751 0.275834 0.572123 0.278433 0.426578 0.374597 0.603311 0.377196 0.353805 0.483756 0.644896 0.483756 0.405785 0.559128 0.616306 0.546133 0.434375 0.621504 0.535737 0.626702 0.517543 0.777446 0.465563 0.811233 0.496751 0.977571 0.356404 1.000000 0.188911 0.026072 0.145910 0.031482 0.379346 0.255230 0.038147 0.271630
0.514030 0.287001 0.516581 0.274246 0.519132 0.271696 0.491072 0.279348 0.565048 0.281899 0.429851 0.371180 0.605862 0.381384 0.358426 0.475767 0.628820 0.508928 0.399240 0.554844 0.567599 0.552293 0.432401 0.618616 0.531886 0.628820 0.506377 0.784424 0.452809 0.822687 0.514030 0.978291 0.340570 1.000000 0.121021 0.035117 0.130298 0.030807 0.342388 0.360515 0.045627 0.256858
0.508763 0.284677 0.503756 0.269654 0.516274 0.269654 0.486229 0.277165 0.558838 0.284677 0.431147 0.369805 0.601402 0.382323 0.368553 0.472459 0.621432 0.507511 0.393590 0.535053 0.551327 0.540060 0.433650 0.620180 0.533801 0.627692 0.501252 0.790436 0.466199 0.810466 0.518778 0.978218 0.353530 0.985729 0.090688 0.069098 0.117128 0.027190 0.295413 0.412142 0.041560 0.233075
0.510504 0.285603 0.508032 0.270774 0.517918 0.273246 0.483318 0.280660 0.554989 0.285603 0.431418 0.372103 0.597004 0.379518 0.372103 0.473432 0.616775 0.505561 0.404232 0.537689 0.545104 0.537689 0.436361 0.619247 0.535218 0.629132 0.485789 0.799661 0.475904 0.814490 0.505561 0.982548 0.362218 0.945476 0.050841 0.128949 0.078754 0.021345 0.316157 0.415385 0.036266 0.183701
0.501895 0.283366 0.496842 0.268208 0.509474 0.270734 0.481684 0.278313 0.554948 0.283366 0.428631 0.371788 0.595370 0.379367 0.370525 0.482947 0.623159 0.510737 0.403367 0.533474 0.562527 0.538527 0.436210 0.619370 0.539790 0.629475 0.476631 0.806320 0.496842 0.816425 0.491789 0.990743 0.378104 0.917479 0.041677 0.203678 0.058039 0.002273 0.336784 0.429559 0.030605 0.139659
0.497403 0.279232 0.494805 0.263648 0.502597 0.263648 0.481819 0.271440 0.554543 0.276635 0.424679 0.372734 0.593502 0.377928 0.370136 0.489611 0.624669 0.512986 0.398706 0.554543 0.559737 0.549348 0.437665 0.622072 0.544154 0.627266 0.474027 0.809075 0.525973 0.816867 0.487014 0.988287 0.406498 0.907772 0.038105 0.262535 0.044567 0.031765 0.270924 0.409699 0.023169 0.091561
0.505690 0.286959 0.500632 0.271787 0.510747 0.271787 0.477874 0.279373 0.551206 0.284431 0.437415 0.372934 0.584078 0.377991 0.374198 0.489253 0.611894 0.517069 0.412129 0.557527 0.576492 0.575228 0.442473 0.620744 0.536034 0.628330 0.470288 0.807866 0.533505 0.810395 0.462702 0.987402 0.442473 0.888784 0.060414 0.269290 0.040477 0.055935 0.319876 0.236881 0.027401 0.051393
0.511739 0.289350 0.506522 0.273698 0.519565 0.273698 0.480435 0.281524 0.558695 0.286742 0.433479 0.375436 0.587390 0.375436 0.386523 0.492826 0.621303 0.513695 0.428262 0.550217 0.610868 0.560651 0.438696 0.623259 0.540434 0.625868 0.451740 0.808475 0.543043 0.795431 0.443914 1.000000 0.488261 0.886734 0.035105 0.176918 0.015679 0.063895 0.321271 0.146169 0.026603 0.017483
0.514066 0.294759 0.508951 0.279414 0.519181 0.279414 0.485934 0.284529 0.560102 0.289644 0.434783 0.374042 0.583119 0.376600 0.401536 0.481458 0.618925 0.509591 0.462916 0.540281 0.583119 0.568414 0.439898 0.622122 0.542199 0.627237 0.439898 0.803705 0.542199 0.785803 0.424553 1.000000 0.491049 0.931581 0.024437 0.107416 0.006562 0.051514 0.352319 0.257762 0.022814 0.000001
0.527344 0.300329 0.522256 0.285067 0.532431 0.285067 0.486646 0.287611 0.560410 0.295242 0.438318 0.371549 0.580759 0.379180 0.400164 0.458031 0.613825 0.501272 0.458667 0.498728 0.585846 0.559774 0.440862 0.623364 0.540061 0.625907 0.435775 0.809045 0.542605 0.801414 0.412882 1.000000 0.512082 0.979465 0.028801 0.058655 0.011934 0.056649 0.438786 0.226189 0.024313 0.013331
0.529736 0.299438 0.524675 0.284254 0.534798 0.284254 0.494306 0.289315 0.565167 0.296908 0.441160 0.372830 0.577820 0.377892 0.425976 0.491775 0.605659 0.496837 0.512021 0.537328 0.600597 0.549982 0.441160 0.623374 0.539859 0.625905 0.431037 0.808118 0.542390 0.803057 0.405730 0.995393 0.534798 0.987801 0.025331 0.017621 0.017424 0.052893 0.385432 0.103405 0.024190 0.021971
0.532620 0.303641 0.530061 0.288290 0.537737 0.288290 0.494244 0.290849 0.563321 0.298524 0.443075 0.375277 0.573555 0.375277 0.427725 0.487847 0.596581 0.487847 0.512152 0.531341 0.609373 0.546691 0.443075 0.623444 0.540295 0.626002 0.427725 0.810209 0.545412 0.807650 0.397023 0.999532 0.547970 0.981623 0.025069 0.004284 0.026104 0.050944 0.391721 0.003915 0.021189 0.035068
0.534351 0.305343 0.529262 0.290076 0.536896 0.292620 0.493639 0.295165 0.562341 0.302798 0.442748 0.376590 0.575064 0.374045 0.437659 0.491094 0.585242 0.483461 0.521629 0.536896 0.620866 0.552163 0.442748 0.623410 0.539440 0.625955 0.430025 0.806617 0.547074 0.809161 0.391857 0.987279 0.549618 0.961834 0.044205 0.007950 0.022069 0.057972 0.355191 0.122739 0.022698 0.035325
0.531046 0.300139 0.525872 0.284615 0.536221 0.287203 0.487064 0.289790 0.559506 0.297551 0.440494 0.377755 0.572442 0.372580 0.435320 0.489004 0.585378 0.473481 0.520698 0.530400 0.621599 0.545923 0.445669 0.623539 0.541395 0.626126 0.435320 0.796882 0.543982 0.807230 0.391337 0.941765 0.543982 0.962463 0.074834 0.004548 0.025681 0.043331 0.371092 0.106996 0.016478 0.023527
0.520708 0.305219 0.518119 0.292277 0.525885 0.292277 0.489646 0.297454 0.556946 0.302631 0.440466 0.377696 0.569888 0.372519 0.419758 0.494176 0.585419 0.483822 0.489646 0.545945 0.621657 0.558887 0.448231 0.623599 0.541415 0.626187 0.437877 0.789259 0.544004 0.799613 0.391285 0.934213 0.531061 0.965274 0.079125 0.029568 0.029917 0.040330 0.353065 0.099033 0.013186 0.024619
0.513045 0.295407 0.507552 0.281676 0.518537 0.281676 0.482836 0.287168 0.551492 0.292661 0.433404 0.377793 0.573461 0.372301 0.392211 0.495881 0.603670 0.490388 0.430658 0.561790 0.617401 0.567282 0.449882 0.624953 0.543253 0.624953 0.438897 0.797965 0.537760 0.808949 0.386719 0.902321 0.518537 0.976469 0.127401 0.026869 0.041372 0.028380 0.274928 0.023470 0.008742 0.010685
0.506831 0.280738 0.504098 0.267076 0.512295 0.267076 0.479508 0.278005 0.547814 0.280738 0.424863 0.373634 0.575137 0.376366 0.383880 0.499317 0.613388 0.499317 0.424863 0.578552 0.602459 0.564891 0.452186 0.625000 0.547814 0.625000 0.452186 0.791667 0.528689 0.799863 0.408470 0.851776 0.504098 0.966530 0.200152 0.011950 0.034464 0.000130 0.252280 0.148577 0.000005 0.034677
0.518436 0.282185 0.515705 0.268529 0.521167 0.268529 0.485661 0.273991 0.551210 0.276723 0.428305 0.372315 0.578523 0.377778 0.381875 0.503414 0.622222 0.506145 0.417381 0.563501 0.627685 0.547114 0.447424 0.623588 0.545748 0.626319 0.477467 0.768342 0.532092 0.792923 0.433768 0.861204 0.499317 0.967722 0.205146 0.032965 0.040967 0.015701 0.278232 0.062251 0.008695 0.091172
0.515708 0.283499 0.510245 0.269840 0.521172 0.272572 0.477462 0.278035 0.548491 0.280767 0.425556 0.370919 0.578541 0.379115 0.373651 0.491121 0.622251 0.518440 0.411897 0.543027 0.603128 0.537563 0.450143 0.622251 0.545759 0.627715 0.485658 0.775236 0.526636 0.799823 0.439216 0.870852 0.491121 0.969199 0.216532 0.030566 0.041567 0.006510 0.331888 0.346767 0.005217 0.107831
0.502037 0.290838 0.496605 0.277256 0.507470 0.277256 0.477590 0.282689 0.545500 0.285405 0.425978 0.372330 0.580813 0.377762 0.379800 0.486418 0.618842 0.508149 0.431411 0.576059 0.561798 0.513582 0.447710 0.622238 0.545500 0.627670 0.488455 0.760773 0.523768 0.809668 0.458575 0.902026 0.485739 0.991666 0.157410 0.027741 0.063443 0.006855 0.288710 0.560110 0.008647 0.128881
0.493210 0.292230 0.487778 0.278650 0.498642 0.278650 0.476914 0.286798 0.542097 0.289514 0.428027 0.373708 0.580120 0.376424 0.384572 0.474198 0.609996 0.501358 0.411732 0.531233 0.547529 0.520370 0.449755 0.623576 0.542097 0.626292 0.490494 0.751225 0.525801 0.802828 0.474198 0.922330 0.485062 1.000000 0.128560 0.034360 0.070726 0.018770 0.271381 0.480673 0.010376 0.127635
0.488143 0.292859 0.485354 0.281700 0.490933 0.281700 0.468615 0.287280 0.532780 0.287280 0.429558 0.373763 0.582996 0.376553 0.387712 0.463036 0.602524 0.493723 0.407240 0.518831 0.549518 0.535570 0.446297 0.622053 0.541149 0.627632 0.488143 0.753172 0.516041 0.822916 0.479774 0.884291 0.476984 1.000000 0.118626 0.018040 0.076909 0.011866 0.246694 0.339845 0.015991 0.139038
0.472462 0.297345 0.469637 0.283223 0.478110 0.286048 0.458339 0.291697 0.523302 0.288872 0.424446 0.370781 0.579791 0.379255 0.387728 0.452690 0.596738 0.492233 0.407499 0.523302 0.528951 0.526126 0.449866 0.622158 0.545897 0.627806 0.478110 0.785976 0.512004 0.828343 0.480935 0.946970 0.478110 1.000000 0.048763 0.001436 0.022267 0.010155 0.221043 0.399810 0.005394 0.107642
0.471910 0.300562 0.466292 0.286517 0.474719 0.286517 0.455056 0.294944 0.519663 0.292135 0.424157 0.370787 0.575843 0.379213 0.390449 0.457865 0.595506 0.494382 0.418539 0.539326 0.528090 0.542135 0.452247 0.623595 0.547753 0.626405 0.471910 0.808989 0.511236 0.823034 0.483146 0.988764 0.483146 1.000000 0.013765 0.012635 0.001582 0.022432 0.223260 0.357653 0.000005 0.092083
0.470380 0.296996 0.464601 0.282547 0.473270 0.282547 0.453042 0.291216 0.519506 0.288327 0.418365 0.372129 0.577300 0.377909 0.392357 0.476160 0.603308 0.502167 0.427034 0.548403 0.525285 0.533954 0.453042 0.623536 0.551293 0.626426 0.476160 0.820039 0.519506 0.828708 0.490608 0.999202 0.493498 1.000000 0.011662 0.003729 0.006352 0.016424 0.220429 0.442529 0.005520 0.086891
0.474145 0.303213 0.468399 0.288849 0.477018 0.288849 0.451162 0.297467 0.520110 0.294594 0.419561 0.375033 0.574693 0.375033 0.382215 0.484200 0.609167 0.498564 0.431053 0.533037 0.540219 0.530164 0.454035 0.624967 0.551710 0.624967 0.477018 0.817445 0.528728 0.814572 0.491382 0.998432 0.508618 0.969703 0.012618 0.002635 0.005800 0.009207 0.354923 0.449829 0.007316 0.076224
0.467310 0.296598 0.464405 0.282069 0.473122 0.282069 0.452782 0.290786 0.522520 0.287880 0.415007 0.375053 0.577729 0.375053 0.383044 0.485471 0.612598 0.494188 0.415007 0.546492 0.557389 0.546492 0.452782 0.624947 0.554483 0.624947 0.476028 0.813821 0.542860 0.802198 0.490556 0.999789 0.528331 0.909711 0.014163 0.021913 0.008774 0.008683 0.243280 0.349233 0.009251 0.059823
0.469338 0.288359 0.466347 0.270411 0.472330 0.273403 0.451390 0.279385 0.523183 0.276394 0.409511 0.381092 0.580020 0.369127 0.373614 0.533653 0.621899 0.509722 0.412502 0.524679 0.574037 0.569550 0.451390 0.626386 0.559080 0.623395 0.472330 0.814843 0.544123 0.787921 0.493269 1.000000 0.541132 0.886637 0.002087 0.019215 0.018603 0.002704 0.645751 0.306929 0.013334 0.064081
0.479173 0.290238 0.473222 0.275361 0.485123 0.278337 0.452394 0.284287 0.526778 0.281312 0.416690 0.379498 0.577359 0.370572 0.372060 0.513389 0.624965 0.495537 0.425616 0.531241 0.607113 0.560995 0.449419 0.626452 0.556532 0.623477 0.473222 0.813899 0.541655 0.766294 0.488099 1.000000 0.541655 0.870431 0.016137 0.033038 0.001736 0.006884 0.500000 0.200609 0.007577 0.073243
0.475002 0.291191 0.472061 0.276486 0.480884 0.279427 0.457356 0.288250 0.527939 0.285309 0.422064 0.376479 0.574995 0.373538 0.380891 0.485295 0.624991 0.491177 0.430887 0.535292 0.607346 0.549997 0.451474 0.626462 0.551467 0.623521 0.466179 0.811743 0.539703 0.752924 0.486766 1.000000 0.542644 0.876445 0.008939 0.036435 0.012067 0.001011 0.365142 0.220693 0.003745 0.054068
0.484284 0.294195 0.478297 0.282221 0.490271 0.282221 0.460336 0.288208 0.529187 0.285214 0.421420 0.378014 0.574090 0.372027 0.397472 0.488774 0.624980 0.485781 0.454349 0.533677 0.610012 0.536671 0.454349 0.626477 0.550142 0.623483 0.469316 0.818062 0.535174 0.758192 0.484284 1.000000 0.532180 0.898888 0.001458 0.028452 0.017124 0.004998 0.355057 0.224954 0.005718 0.060041
0.494761 0.300182 0.488774 0.285214 0.497755 0.285214 0.464826 0.291201 0.533677 0.288208 0.422917 0.381007 0.572593 0.369033 0.407949 0.485781 0.617496 0.470813 0.482787 0.512722 0.611509 0.536671 0.452852 0.626477 0.551638 0.623483 0.464826 0.815069 0.530684 0.764179 0.476800 1.000000 0.524697 0.922836 0.002515 0.035056 0.018445 0.020907 0.435173 0.161113 0.005718 0.067245
