0.458682 0.283572 0.476390 0.267832 0.448844 0.267832 0.509838 0.277669 0.439007 0.277669 0.560993 0.372111 0.431137 0.378013 0.604279 0.490162 0.437039 0.490162 0.529513 0.486227 0.421299 0.562961 0.549188 0.623954 0.458682 0.625922 0.545253 0.828577 0.464584 0.832512 0.539351 0.987947 0.486227 1.000000 0.005662 0.026488 0.008789 0.026131 0.628606 0.084518 0.010022 0.015212
0.457696 0.275543 0.473623 0.259617 0.445752 0.259617 0.509456 0.271561 0.437789 0.271561 0.561216 0.371099 0.429826 0.379062 0.607003 0.490544 0.433807 0.494525 0.529364 0.490544 0.419872 0.564202 0.551262 0.623924 0.457696 0.625915 0.547280 0.834944 0.473623 0.838926 0.547280 0.982260 0.499502 1.000000 0.006005 0.016209 0.006521 0.012031 0.616519 0.073805 0.011409 0.029760
0.461173 0.269986 0.476900 0.256225 0.449377 0.256225 0.508355 0.269986 0.437582 0.268020 0.563401 0.372214 0.423820 0.378112 0.610584 0.488204 0.429718 0.490170 0.535878 0.500000 0.413991 0.566842 0.553572 0.623854 0.459207 0.625820 0.549640 0.836174 0.478866 0.836174 0.563401 0.932505 0.512287 1.000000 0.051061 0.021430 0.006534 0.015504 0.573127 0.081139 0.016277 0.035556
0.462118 0.267368 0.481545 0.251827 0.452405 0.249884 0.516513 0.267368 0.440749 0.265426 0.563136 0.372271 0.423266 0.378099 0.609759 0.481059 0.417438 0.490772 0.541767 0.516027 0.409667 0.568478 0.553423 0.622872 0.460176 0.626758 0.559251 0.828793 0.487373 0.836563 0.567021 0.900671 0.528168 1.000000 0.025272 0.024220 0.021338 0.005872 0.477680 0.015276 0.017323 0.032027
0.463921 0.263049 0.483423 0.247448 0.454170 0.247448 0.518527 0.265000 0.440519 0.263049 0.565332 0.372261 0.421016 0.378112 0.610187 0.485373 0.405415 0.487324 0.559481 0.534129 0.407365 0.559481 0.555581 0.623838 0.458070 0.625789 0.559481 0.830561 0.485373 0.838362 0.584834 0.894918 0.532178 1.000000 0.113447 0.037318 0.018337 0.006609 0.376412 0.053768 0.017391 0.034656
0.467327 0.264951 0.486833 0.249346 0.455624 0.249346 0.521944 0.263001 0.443920 0.263001 0.570710 0.372235 0.416611 0.378087 0.609722 0.485370 0.401006 0.489272 0.570710 0.553642 0.404908 0.555592 0.557055 0.623864 0.455624 0.625814 0.559006 0.840382 0.480982 0.842332 0.586315 0.873542 0.535599 1.000000 0.216424 0.055041 0.020124 0.012608 0.270947 0.063088 0.016150 0.034243
0.472145 0.265634 0.489434 0.250266 0.458698 0.250266 0.524013 0.263713 0.445251 0.263713 0.572039 0.371291 0.416435 0.378975 0.616222 0.486553 0.387620 0.500000 0.583565 0.553789 0.406830 0.546105 0.556670 0.622946 0.454856 0.626788 0.550907 0.828496 0.481750 0.836181 0.595091 0.936074 0.535539 1.000000 0.132970 0.053381 0.010493 0.008300 0.260444 0.200069 0.014680 0.049584
0.474639 0.261227 0.493779 0.247829 0.463155 0.245915 0.526318 0.265055 0.447843 0.261227 0.574168 0.370326 0.415305 0.379896 0.618190 0.481338 0.384681 0.504306 0.589480 0.550243 0.417219 0.534931 0.556942 0.622975 0.453585 0.626803 0.541630 0.820118 0.480381 0.833516 0.587566 0.998121 0.532060 1.000000 0.105064 0.047999 0.003003 0.007927 0.245838 0.336469 0.013407 0.065707
0.475782 0.262090 0.494776 0.246894 0.464385 0.246894 0.527068 0.262090 0.449189 0.262090 0.570756 0.372260 0.418797 0.377958 0.616343 0.476731 0.382707 0.501425 0.597348 0.543213 0.428295 0.526118 0.555560 0.622991 0.454887 0.626790 0.544163 0.818638 0.481480 0.828135 0.568856 1.000000 0.527068 1.000000 0.058105 0.033906 0.000742 0.004050 0.219556 0.432506 0.013306 0.060320
0.481040 0.269711 0.499538 0.253064 0.466243 0.253064 0.530983 0.267861 0.451445 0.266012 0.567977 0.373295 0.420000 0.376994 0.610520 0.469480 0.390405 0.491676 0.597572 0.534220 0.432948 0.517572 0.555029 0.623006 0.456994 0.626705 0.547630 0.817225 0.484740 0.826474 0.553179 1.000000 0.525433 1.000000 0.020960 0.028508 0.004372 0.002885 0.195389 0.406342 0.015314 0.056049
0.480617 0.272362 0.498648 0.257938 0.467996 0.257938 0.529300 0.272362 0.451768 0.270559 0.565361 0.373334 0.422919 0.376941 0.605029 0.461685 0.392267 0.490534 0.592407 0.522989 0.444556 0.515777 0.554543 0.622158 0.457177 0.627567 0.545528 0.820496 0.484223 0.833117 0.534709 1.000000 0.523891 0.997196 0.003210 0.033862 0.000625 0.001601 0.198960 0.440732 0.014928 0.056102
0.481384 0.268894 0.499546 0.254365 0.468671 0.254365 0.530421 0.270711 0.450510 0.268894 0.566744 0.372415 0.421451 0.377864 0.603067 0.461407 0.390577 0.490465 0.599434 0.524972 0.446878 0.514075 0.555847 0.623044 0.455958 0.626677 0.543134 0.828270 0.477752 0.837351 0.528604 1.000000 0.523156 0.997172 0.003002 0.055296 0.005861 0.011054 0.141522 0.458791 0.015036 0.052505
0.477282 0.266008 0.497274 0.251469 0.464560 0.251469 0.531805 0.266008 0.450021 0.266008 0.569970 0.375053 0.422760 0.375053 0.599049 0.471376 0.386412 0.485915 0.604501 0.531350 0.435482 0.514994 0.553614 0.624038 0.453656 0.625856 0.533622 0.829406 0.473648 0.845763 0.522718 1.000000 0.517265 0.992973 0.014853 0.062833 0.010007 0.010157 0.064466 0.430567 0.009257 0.059746
0.477969 0.265301 0.497752 0.249115 0.465380 0.249115 0.535520 0.265301 0.450992 0.263503 0.575086 0.376806 0.422217 0.373209 0.600264 0.472124 0.389845 0.481116 0.605659 0.529675 0.431209 0.522481 0.551706 0.624993 0.450992 0.624993 0.535520 0.837211 0.468977 0.848001 0.521132 1.000000 0.513938 0.948715 0.002121 0.108037 0.005665 0.010606 0.052449 0.342774 0.003434 0.049846
0.476705 0.260329 0.494624 0.244202 0.464161 0.245994 0.532255 0.258537 0.449826 0.260329 0.577053 0.375013 0.419363 0.375013 0.605724 0.478945 0.387108 0.489696 0.605724 0.538079 0.424739 0.539870 0.553758 0.624091 0.449826 0.625883 0.532255 0.840915 0.458786 0.846291 0.519711 1.000000 0.500000 0.917968 0.011051 0.153173 0.001774 0.025532 0.085679 0.292103 0.004564 0.044397
0.473738 0.258209 0.493661 0.241909 0.462871 0.241909 0.533507 0.261832 0.448382 0.260020 0.576975 0.375935 0.417592 0.374124 0.607764 0.482794 0.390424 0.500906 0.600520 0.540751 0.408536 0.558863 0.555241 0.624065 0.450193 0.625876 0.533507 0.837783 0.452004 0.841405 0.519017 1.000000 0.486416 0.919285 0.008723 0.129763 0.004447 0.038317 0.128881 0.163604 0.006919 0.034934
0.471774 0.259410 0.493280 0.243281 0.461022 0.243281 0.532706 0.261202 0.446685 0.261202 0.577508 0.375897 0.421595 0.374105 0.616935 0.494176 0.396506 0.495968 0.600806 0.533602 0.392922 0.564068 0.552419 0.624999 0.448477 0.624999 0.534498 0.836467 0.448477 0.831091 0.525537 1.000000 0.471774 0.940409 0.011321 0.066837 0.005043 0.033975 0.226022 0.047894 0.001144 0.026911
0.472223 0.256727 0.493728 0.240598 0.461471 0.240598 0.533153 0.258519 0.447134 0.256727 0.576163 0.378587 0.422045 0.371419 0.628133 0.505824 0.398748 0.495072 0.595876 0.527329 0.391580 0.564963 0.552866 0.625893 0.448926 0.624101 0.536737 0.837357 0.450718 0.828397 0.527777 1.000000 0.470431 0.952049 0.008328 0.047529 0.005665 0.030944 0.436264 0.026743 0.002282 0.027023
0.474123 0.259212 0.493421 0.243423 0.461842 0.243423 0.530263 0.260966 0.447807 0.259212 0.574122 0.373246 0.426755 0.376755 0.612719 0.508333 0.405702 0.496053 0.575877 0.513596 0.391667 0.560965 0.549561 0.625876 0.449562 0.624122 0.542544 0.834647 0.451316 0.825875 0.535526 1.000000 0.472369 0.989032 0.001906 0.038079 0.020154 0.026497 0.543418 0.012181 0.001112 0.013464
0.469179 0.267129 0.488014 0.251718 0.458905 0.251718 0.523972 0.267129 0.446919 0.263704 0.570204 0.375003 0.428084 0.375003 0.604450 0.511986 0.412673 0.489726 0.554793 0.503425 0.393838 0.559930 0.549656 0.624997 0.452056 0.624997 0.546232 0.828759 0.453768 0.825335 0.541095 1.000000 0.472603 1.000000 0.003491 0.029294 0.020755 0.027709 0.632326 0.040932 0.002178 0.008070
0.468005 0.265797 0.486775 0.252146 0.457767 0.250440 0.520903 0.267504 0.447528 0.265797 0.566976 0.371594 0.430464 0.378419 0.599398 0.502986 0.413400 0.494454 0.539674 0.494454 0.392924 0.554178 0.549912 0.624140 0.452648 0.625847 0.553325 0.828908 0.452648 0.832320 0.548206 1.000000 0.473124 1.000000 0.013754 0.031465 0.026779 0.028462 0.622173 0.058660 0.003258 0.005305
0.469724 0.262484 0.486781 0.247133 0.457784 0.248839 0.520895 0.264190 0.444139 0.264190 0.566948 0.371648 0.425376 0.378470 0.607884 0.491045 0.415142 0.496162 0.532834 0.487634 0.398086 0.557567 0.553303 0.624088 0.454373 0.625794 0.556714 0.832181 0.459490 0.842415 0.558420 1.000000 0.478253 1.000000 0.002216 0.021105 0.022407 0.029632 0.619596 0.058635 0.009774 0.002302
0.468139 0.261041 0.486585 0.247625 0.456400 0.245948 0.520123 0.264394 0.442985 0.262717 0.567076 0.373393 0.424539 0.376747 0.598938 0.490777 0.419508 0.492454 0.533538 0.492454 0.397709 0.554500 0.553661 0.624930 0.454723 0.624930 0.555338 0.834543 0.468139 0.841251 0.562046 0.990496 0.486585 1.000000 0.011136 0.007572 0.019507 0.018809 0.576206 0.093719 0.010677 0.017168
0.466693 0.260192 0.486677 0.246869 0.455036 0.245204 0.519984 0.265188 0.443379 0.261857 0.566613 0.371769 0.423395 0.378431 0.601585 0.491673 0.413403 0.495004 0.529976 0.496669 0.393419 0.568279 0.556621 0.624900 0.453371 0.624900 0.558287 0.843059 0.468359 0.836398 0.568279 0.947975 0.500000 1.000000 0.027794 0.021987 0.014988 0.016004 0.568163 0.057534 0.012725 0.020090
0.466951 0.260908 0.486536 0.247852 0.457159 0.246220 0.522440 0.267436 0.444103 0.262540 0.566505 0.371886 0.421255 0.378414 0.602410 0.489392 0.409831 0.495920 0.537129 0.517136 0.393510 0.564465 0.556713 0.624850 0.455527 0.624850 0.555081 0.843542 0.468583 0.845174 0.577929 0.920247 0.512648 1.000000 0.094527 0.048352 0.009941 0.025146 0.466474 0.043553 0.015591 0.021216
0.466891 0.265046 0.486038 0.250686 0.457317 0.250686 0.521142 0.268237 0.446148 0.266642 0.565819 0.373548 0.422214 0.376739 0.604114 0.486836 0.406258 0.488432 0.549863 0.534705 0.395088 0.558639 0.556245 0.624059 0.455722 0.625655 0.551459 0.829893 0.476465 0.837871 0.580180 0.904887 0.521142 1.000000 0.123822 0.043756 0.004759 0.011580 0.373628 0.005052 0.015243 0.038416
0.466113 0.262394 0.486603 0.249785 0.458232 0.248209 0.522854 0.268699 0.447199 0.267123 0.566987 0.372725 0.423556 0.377454 0.607967 0.492513 0.406219 0.487785 0.560682 0.542950 0.401490 0.555560 0.554377 0.623334 0.455079 0.626487 0.552801 0.826659 0.477146 0.832963 0.584324 0.903890 0.527583 1.000000 0.125820 0.053952 0.013534 0.006190 0.344658 0.027442 0.012044 0.036357
0.467299 0.260848 0.487786 0.249816 0.459419 0.246664 0.525609 0.271879 0.448387 0.268728 0.569736 0.372741 0.420020 0.377469 0.613863 0.484634 0.391653 0.497242 0.582344 0.557129 0.399532 0.549249 0.555553 0.623319 0.454691 0.626471 0.542945 0.826618 0.476755 0.839226 0.574464 0.914872 0.527185 1.000000 0.128903 0.058003 0.001715 0.011146 0.250118 0.121890 0.013046 0.052607
0.469451 0.260697 0.489817 0.246598 0.458484 0.246598 0.527416 0.262264 0.445951 0.262264 0.572848 0.371928 0.419319 0.378195 0.618280 0.483159 0.387986 0.503525 0.591648 0.550524 0.414619 0.537991 0.554049 0.622589 0.453784 0.627289 0.528983 0.816851 0.474151 0.837217 0.569715 0.962547 0.527416 1.000000 0.127621 0.065460 0.017018 0.012981 0.243272 0.287392 0.009975 0.071631
0.473997 0.262478 0.492626 0.246954 0.461577 0.246954 0.529884 0.260926 0.449158 0.262478 0.571800 0.372701 0.422767 0.377358 0.618373 0.473609 0.387061 0.501552 0.601296 0.546573 0.427424 0.526391 0.551618 0.622642 0.453815 0.627299 0.526779 0.818248 0.473997 0.836877 0.550066 1.000000 0.526779 1.000000 0.080118 0.063258 0.014558 0.008783 0.210821 0.413514 0.006919 0.070763
0.478662 0.264521 0.498476 0.249280 0.464945 0.250804 0.533531 0.262997 0.451228 0.267569 0.573159 0.372735 0.422269 0.377307 0.620407 0.464183 0.393311 0.499238 0.609738 0.540390 0.437510 0.519052 0.551821 0.622693 0.452752 0.627265 0.532007 0.822355 0.478662 0.846741 0.530483 1.000000 0.536579 1.000000 0.029110 0.067585 0.004379 0.001219 0.196075 0.440082 0.005822 0.068890
0.480652 0.259693 0.500774 0.244215 0.466721 0.244215 0.536375 0.258146 0.451242 0.262789 0.576620 0.372688 0.420285 0.377331 0.623056 0.465560 0.390875 0.493422 0.619960 0.546049 0.437311 0.519735 0.553401 0.621895 0.449694 0.628086 0.536375 0.835501 0.476008 0.858719 0.519348 1.000000 0.530183 1.000000 0.000882 0.078414 0.004253 0.001002 0.159820 0.414873 0.003943 0.061480
0.478916 0.262801 0.498494 0.246235 0.465361 0.247741 0.537651 0.262801 0.454819 0.267319 0.576807 0.374247 0.423193 0.375753 0.620482 0.461596 0.393072 0.485693 0.623494 0.541416 0.439759 0.514307 0.551205 0.622741 0.448795 0.627259 0.536145 0.838102 0.472892 0.854669 0.512048 1.000000 0.525602 0.981175 0.013743 0.092063 0.010457 0.001313 0.135578 0.410096 0.000003 0.055826
0.473668 0.263008 0.492953 0.246690 0.461799 0.246690 0.537459 0.258558 0.451415 0.263008 0.578997 0.377239 0.424712 0.372788 0.617569 0.461799 0.393558 0.481085 0.624986 0.530041 0.441030 0.518173 0.549327 0.623503 0.446964 0.626470 0.527074 0.843063 0.467734 0.856415 0.503338 1.000000 0.519657 0.952843 0.003563 0.128554 0.006016 0.000817 0.101757 0.378057 0.004722 0.060824
0.470367 0.269362 0.490360 0.255081 0.461798 0.255081 0.531775 0.272218 0.456086 0.272218 0.578902 0.376469 0.427524 0.373613 0.620317 0.462155 0.398962 0.482149 0.627458 0.527848 0.427524 0.527848 0.547484 0.624959 0.446089 0.624959 0.526063 0.840602 0.463226 0.849170 0.506069 1.000000 0.517494 0.919147 0.000270 0.185684 0.008517 0.000818 0.108848 0.259716 0.008183 0.055799
0.469384 0.259751 0.489554 0.248225 0.462180 0.245343 0.528455 0.268396 0.456417 0.264073 0.577442 0.373572 0.426160 0.376454 0.629309 0.447052 0.394463 0.483071 0.629309 0.524853 0.421838 0.539261 0.548626 0.624267 0.447772 0.625707 0.524133 0.838942 0.452094 0.849027 0.506844 1.000000 0.509725 0.895132 0.009324 0.279063 0.000274 0.021370 0.195653 0.236286 0.004586 0.042321
0.465554 0.262075 0.486861 0.247870 0.458452 0.246450 0.528054 0.266336 0.452770 0.263495 0.572088 0.374290 0.428622 0.375711 0.636008 0.459517 0.400213 0.487926 0.624644 0.526278 0.407316 0.546165 0.549361 0.624289 0.449929 0.625710 0.519531 0.833095 0.449929 0.838777 0.511009 1.000000 0.495384 0.905538 0.031134 0.190272 0.016309 0.027063 0.258499 0.117554 0.000909 0.045167
0.462111 0.263103 0.481941 0.248939 0.456445 0.247522 0.523017 0.267352 0.452196 0.265936 0.572592 0.375001 0.428116 0.375001 0.640580 0.482649 0.402621 0.488315 0.623583 0.523725 0.394122 0.559136 0.549929 0.624291 0.449363 0.625708 0.524433 0.829673 0.443697 0.836755 0.515935 1.000000 0.480524 0.923157 0.025070 0.136794 0.010455 0.035454 0.304195 0.032431 0.000898 0.030770
0.461728 0.260535 0.482795 0.247894 0.456110 0.246490 0.523525 0.268962 0.451896 0.266153 0.572682 0.374298 0.428020 0.375703 0.633075 0.478230 0.408357 0.488062 0.619030 0.518961 0.395717 0.558286 0.550210 0.624297 0.449087 0.625702 0.526334 0.829353 0.443469 0.833566 0.519312 1.000000 0.474368 0.931880 0.024754 0.105530 0.008361 0.035362 0.273254 0.001541 0.000894 0.028296
0.456731 0.263053 0.477336 0.249317 0.452611 0.247943 0.519917 0.268547 0.449863 0.264427 0.569367 0.374315 0.429259 0.375689 0.621564 0.496566 0.415523 0.489698 0.577609 0.514423 0.397666 0.548763 0.550137 0.624311 0.451237 0.625685 0.535027 0.834473 0.438875 0.837220 0.526785 1.000000 0.464973 0.967713 0.007579 0.081414 0.001591 0.046493 0.505619 0.055286 0.001749 0.004262
0.453815 0.262964 0.476908 0.252097 0.449740 0.248021 0.514942 0.276547 0.442948 0.265680 0.562485 0.374350 0.432081 0.375709 0.608670 0.493887 0.422573 0.487095 0.542110 0.500679 0.400839 0.549581 0.550260 0.625650 0.455174 0.624291 0.542110 0.836198 0.440232 0.829406 0.538034 1.000000 0.461966 1.000000 0.004798 0.061543 0.003160 0.052632 0.584991 0.079443 0.006919 0.010832
0.448079 0.264513 0.468177 0.251114 0.444059 0.249774 0.511054 0.273892 0.441379 0.268532 0.560631 0.374384 0.432000 0.375724 0.603507 0.490956 0.425301 0.488276 0.516414 0.490956 0.403862 0.544552 0.551251 0.626286 0.456118 0.623606 0.547231 0.840670 0.442719 0.833970 0.544552 1.000000 0.458798 1.000000 0.000908 0.046000 0.005879 0.051121 0.612191 0.096933 0.009385 0.014280
0.446089 0.267921 0.467128 0.257401 0.443459 0.254772 0.507889 0.281070 0.440830 0.273180 0.557855 0.373112 0.432940 0.377057 0.601247 0.487508 0.431625 0.490138 0.505260 0.491453 0.406642 0.547994 0.551281 0.625573 0.457923 0.624258 0.547336 0.839901 0.450034 0.837271 0.551281 0.993744 0.461868 1.000000 0.014017 0.030365 0.002430 0.043845 0.602328 0.126052 0.011722 0.005925
0.445134 0.266739 0.464847 0.253597 0.442506 0.252283 0.509528 0.279880 0.445134 0.273309 0.558151 0.371871 0.429365 0.378441 0.596261 0.492772 0.431993 0.495400 0.505585 0.490144 0.408338 0.551909 0.554209 0.625501 0.458276 0.624187 0.548952 0.848906 0.456962 0.850220 0.558151 0.979007 0.466161 1.000000 0.029958 0.015944 0.002542 0.039128 0.606422 0.133343 0.015902 0.005639
0.444220 0.267529 0.464855 0.254632 0.440351 0.252052 0.504836 0.277847 0.440351 0.270108 0.557715 0.373286 0.427454 0.377155 0.592537 0.494519 0.431323 0.489360 0.509995 0.494519 0.406818 0.548687 0.555135 0.624780 0.459696 0.624780 0.543528 0.846611 0.460986 0.845321 0.566743 0.951077 0.477752 1.000000 0.086245 0.023627 0.013376 0.039353 0.589033 0.135654 0.018895 0.018502
0.444502 0.268602 0.465823 0.257314 0.443248 0.253552 0.504703 0.283652 0.444502 0.274873 0.558633 0.372700 0.426943 0.377717 0.596259 0.496865 0.424435 0.493102 0.510974 0.506898 0.403114 0.553303 0.554871 0.624792 0.459552 0.624792 0.547346 0.843021 0.469586 0.844275 0.568667 0.920780 0.498432 1.000000 0.096157 0.030351 0.006221 0.027228 0.556381 0.101428 0.018375 0.025513
0.452350 0.265485 0.471036 0.253027 0.449858 0.250536 0.510900 0.274205 0.448612 0.266731 0.563223 0.371375 0.426188 0.378849 0.599350 0.488477 0.414977 0.489722 0.527095 0.522112 0.401273 0.547028 0.553256 0.624265 0.457333 0.625511 0.549519 0.838536 0.477265 0.838536 0.581909 0.902070 0.515884 1.000000 0.155622 0.033533 0.006987 0.010282 0.456571 0.042635 0.013487 0.035248
0.454765 0.268591 0.473228 0.255052 0.451072 0.252590 0.512617 0.273515 0.446148 0.264899 0.565545 0.370756 0.426454 0.379372 0.598779 0.493846 0.412914 0.488922 0.539696 0.550467 0.396912 0.545543 0.552005 0.624321 0.455995 0.625551 0.544620 0.832342 0.473228 0.832342 0.585240 0.907427 0.520002 1.000000 0.169144 0.052010 0.005686 0.011551 0.340714 0.048528 0.010189 0.037761
0.458033 0.265169 0.477782 0.251592 0.453096 0.249123 0.517281 0.270107 0.448158 0.262701 0.569122 0.371321 0.425940 0.378727 0.603683 0.495988 0.404957 0.492285 0.561716 0.555236 0.397551 0.544127 0.550607 0.623124 0.454330 0.626827 0.539498 0.831725 0.475313 0.837897 0.593809 0.937878 0.527155 1.000000 0.167466 0.058203 0.006426 0.004726 0.282256 0.012995 0.006287 0.048477
0.461286 0.265888 0.479576 0.252475 0.453970 0.251256 0.518595 0.267107 0.446654 0.263449 0.572246 0.371970 0.423487 0.378067 0.614922 0.491465 0.390565 0.502439 0.580781 0.558528 0.399100 0.543896 0.550298 0.623153 0.453970 0.626811 0.533227 0.825562 0.478357 0.837756 0.571026 0.968224 0.529569 1.000000 0.109226 0.057406 0.000959 0.002181 0.259078 0.147001 0.005434 0.063418
