0.442073 0.274390 0.445122 0.262195 0.448171 0.262195 0.454268 0.271341 0.521341 0.274390 0.439024 0.371951 0.560976 0.378049 0.414634 0.469512 0.634146 0.490854 0.411585 0.542683 0.557927 0.533537 0.463415 0.625000 0.536585 0.625000 0.442073 0.829268 0.484756 0.838415 0.579268 0.841463 0.475610 1.000000 0.504916 0.062394 0.063722 0.044499 0.064724 0.520670 0.000005 0.042700
0.439490 0.265127 0.442675 0.252389 0.445860 0.252389 0.452229 0.261943 0.519108 0.265127 0.439490 0.370223 0.560510 0.379777 0.417197 0.468949 0.633758 0.503981 0.404459 0.554936 0.550955 0.545382 0.461783 0.625000 0.538217 0.625000 0.423567 0.847930 0.487261 0.857484 0.554140 0.844745 0.484076 1.000000 0.561804 0.064133 0.081823 0.039823 0.023874 0.522026 0.000005 0.014639
0.437926 0.272396 0.437926 0.259153 0.444547 0.259153 0.451169 0.269085 0.517381 0.272396 0.434616 0.368403 0.560419 0.381646 0.418063 0.471032 0.626631 0.514070 0.394888 0.563729 0.540555 0.550487 0.461100 0.623320 0.543866 0.626631 0.404820 0.864994 0.487585 0.868305 0.543866 0.858373 0.497517 1.000000 0.587975 0.086271 0.105782 0.051354 0.027077 0.520183 0.006323 0.000000
0.437102 0.278244 0.440328 0.265342 0.443553 0.265342 0.450004 0.275019 0.520966 0.281470 0.440328 0.365334 0.556447 0.384687 0.430651 0.458874 0.617732 0.513709 0.398396 0.555641 0.537094 0.545964 0.459681 0.623377 0.543545 0.626602 0.401621 0.845939 0.495162 0.855616 0.537094 0.871743 0.508064 1.000000 0.521314 0.084706 0.105056 0.049313 0.069605 0.520035 0.004108 0.014953
0.436679 0.281255 0.436679 0.268097 0.443258 0.271387 0.453126 0.277965 0.525493 0.287834 0.439968 0.360200 0.558387 0.389805 0.439968 0.452304 0.611017 0.527960 0.403785 0.560854 0.528782 0.550986 0.456415 0.623353 0.545229 0.626642 0.397206 0.837164 0.522203 0.860190 0.495888 0.886505 0.541940 1.000000 0.438409 0.057746 0.105861 0.013616 0.102416 0.528957 0.002096 0.054711
0.431453 0.286295 0.434679 0.273392 0.437905 0.273392 0.454033 0.279843 0.518548 0.286295 0.450807 0.360487 0.550805 0.389518 0.447582 0.454033 0.602417 0.524999 0.399196 0.563708 0.521774 0.547580 0.460485 0.621772 0.537902 0.628223 0.389518 0.812090 0.521774 0.854025 0.486291 0.905637 0.563708 1.000000 0.369003 0.082826 0.125392 0.005509 0.121283 0.528957 0.002052 0.090911
0.434300 0.285274 0.434300 0.272455 0.437505 0.272455 0.453529 0.278864 0.514422 0.285274 0.453529 0.362191 0.549675 0.387830 0.456734 0.448722 0.597748 0.522434 0.408661 0.551278 0.520832 0.541663 0.456734 0.621785 0.540061 0.628195 0.389432 0.804462 0.540061 0.852535 0.459939 0.932657 0.591339 1.000000 0.272420 0.073558 0.116290 0.012725 0.151311 0.531209 0.004080 0.112360
0.437512 0.276017 0.440758 0.263032 0.444004 0.266278 0.453743 0.272770 0.521911 0.276017 0.447250 0.366908 0.557619 0.383139 0.447250 0.477277 0.609557 0.519477 0.418035 0.551938 0.518665 0.532461 0.453743 0.623353 0.541388 0.626599 0.395312 0.814875 0.560865 0.850583 0.450496 0.983674 0.625788 1.000000 0.194833 0.064728 0.102313 0.048799 0.118726 0.570691 0.006200 0.121866
0.438293 0.287789 0.441303 0.275749 0.441303 0.275749 0.456354 0.281769 0.513545 0.284779 0.462374 0.366051 0.546656 0.384112 0.480434 0.438293 0.594818 0.510535 0.429263 0.531606 0.510535 0.522576 0.456354 0.621908 0.534616 0.627928 0.399162 0.796493 0.564717 0.820574 0.444313 0.983118 0.630939 1.000000 0.176326 0.057605 0.093279 0.065043 0.237645 0.570691 0.011500 0.150104
0.437166 0.288310 0.440158 0.276342 0.440158 0.276342 0.458111 0.282326 0.511968 0.288310 0.464095 0.363112 0.544881 0.387049 0.485040 0.431930 0.592755 0.512716 0.428190 0.521693 0.505984 0.524685 0.458111 0.623423 0.532913 0.626415 0.404253 0.805940 0.568818 0.817909 0.434174 1.000000 0.640628 0.997434 0.138496 0.062121 0.084019 0.074900 0.273750 0.572229 0.011431 0.150334
0.434495 0.291298 0.437542 0.276064 0.437542 0.279111 0.455822 0.282158 0.513710 0.288251 0.461916 0.361373 0.547225 0.388794 0.486290 0.428402 0.595972 0.516757 0.431448 0.522851 0.507617 0.528944 0.455822 0.623393 0.535038 0.626440 0.407074 0.824478 0.574645 0.824478 0.422308 1.000000 0.653860 1.000000 0.098403 0.071309 0.068304 0.079142 0.278469 0.572229 0.011641 0.138538
0.433294 0.292213 0.436360 0.276878 0.436360 0.279945 0.451695 0.283012 0.509968 0.289146 0.460896 0.362753 0.543704 0.387289 0.488499 0.427160 0.595843 0.516102 0.433294 0.519169 0.497700 0.537570 0.457829 0.623445 0.537570 0.626512 0.408758 0.831999 0.571307 0.822798 0.411825 1.000000 0.666383 0.982280 0.077979 0.116939 0.069814 0.062340 0.300902 0.553873 0.005858 0.127739
0.430823 0.290111 0.433967 0.277533 0.433967 0.277533 0.452834 0.280678 0.509433 0.286967 0.459123 0.362432 0.544022 0.387587 0.484278 0.428465 0.600621 0.519653 0.427679 0.522797 0.500000 0.544808 0.459123 0.623418 0.537733 0.626562 0.415101 0.849815 0.566033 0.834093 0.405668 1.000000 0.682376 0.975591 0.047497 0.175904 0.061131 0.051515 0.287879 0.550902 0.004003 0.104271
0.435511 0.281055 0.435511 0.265132 0.438696 0.265132 0.451434 0.271501 0.515127 0.281055 0.454619 0.363856 0.543789 0.386149 0.476911 0.437103 0.613851 0.510350 0.422772 0.519904 0.508758 0.526273 0.460988 0.621813 0.540604 0.628182 0.419588 0.847923 0.553343 0.841554 0.406849 1.000000 0.690283 0.953016 0.039211 0.263552 0.065501 0.023169 0.278367 0.615621 0.002029 0.076624
0.430902 0.291153 0.430902 0.275625 0.430902 0.278731 0.449535 0.281837 0.508540 0.284942 0.458852 0.365686 0.542701 0.384319 0.480590 0.437113 0.611023 0.508540 0.421585 0.533384 0.517857 0.539595 0.461957 0.623445 0.536490 0.626550 0.427796 0.843937 0.542701 0.834621 0.415374 1.000000 0.688661 0.909154 0.030224 0.340220 0.052762 0.017659 0.269065 0.557644 0.001979 0.058426
0.435570 0.288080 0.435570 0.272555 0.438675 0.272555 0.447990 0.275660 0.516302 0.281870 0.454201 0.365707 0.541142 0.384337 0.475936 0.446438 0.618768 0.502329 0.416940 0.530274 0.513196 0.533379 0.466621 0.623426 0.538037 0.626531 0.429360 0.850094 0.534932 0.837674 0.426255 1.000000 0.680869 0.871830 0.047039 0.431500 0.067189 0.000595 0.278904 0.594173 0.005931 0.047180
0.438675 0.288080 0.438675 0.272555 0.438675 0.272555 0.444885 0.278765 0.513196 0.278765 0.451095 0.368812 0.544247 0.381232 0.466621 0.452648 0.624978 0.493014 0.413835 0.542694 0.528722 0.539589 0.466621 0.623426 0.538037 0.626531 0.429360 0.853200 0.528722 0.837674 0.447990 1.000000 0.671554 0.853200 0.082381 0.479570 0.070558 0.005979 0.227059 0.555648 0.005931 0.037139
0.440054 0.292717 0.440054 0.275383 0.440054 0.275383 0.448721 0.284050 0.518056 0.284050 0.454499 0.370719 0.538279 0.379386 0.463166 0.457388 0.622059 0.477610 0.414053 0.541168 0.538279 0.529612 0.468944 0.624948 0.538279 0.624948 0.440054 0.824287 0.526723 0.806953 0.468944 0.994736 0.656726 0.806953 0.099256 0.520183 0.063879 0.020183 0.200498 0.547971 0.009197 0.025630
0.431092 0.285704 0.431092 0.270560 0.434121 0.270560 0.446237 0.279647 0.512873 0.282676 0.449266 0.370514 0.543162 0.379601 0.452295 0.461381 0.627972 0.482584 0.409890 0.546191 0.552249 0.543162 0.467439 0.621914 0.540133 0.627972 0.446237 0.827880 0.515902 0.821822 0.485613 1.000000 0.655232 0.824851 0.094557 0.532665 0.055622 0.035702 0.158190 0.504515 0.009643 0.006932
0.424219 0.278300 0.427444 0.262176 0.430668 0.265401 0.443567 0.271850 0.511287 0.278300 0.446792 0.368592 0.546759 0.381491 0.437118 0.471784 0.640276 0.481458 0.401646 0.558851 0.569332 0.552402 0.466140 0.623346 0.540309 0.626571 0.450017 0.855527 0.504837 0.839403 0.508062 1.000000 0.653175 0.855527 0.108062 0.518105 0.046199 0.044194 0.093392 0.489394 0.008213 0.030499
0.421577 0.280737 0.424778 0.264732 0.427979 0.267933 0.443984 0.274335 0.508002 0.280737 0.440783 0.370363 0.546413 0.379965 0.427979 0.475993 0.645642 0.472792 0.395970 0.552815 0.572021 0.546413 0.469591 0.623236 0.543212 0.626436 0.459988 0.853702 0.498400 0.831295 0.524007 1.000000 0.639240 0.869707 0.104308 0.483800 0.049363 0.064417 0.087270 0.510606 0.016309 0.055295
0.423721 0.279905 0.426900 0.267192 0.426900 0.267192 0.442791 0.276726 0.506357 0.283083 0.436435 0.372075 0.547674 0.378431 0.420543 0.480136 0.652557 0.464244 0.388760 0.543701 0.579457 0.534166 0.471396 0.626336 0.544496 0.623158 0.474574 0.855172 0.496822 0.817033 0.547674 1.000000 0.620774 0.874242 0.100838 0.439110 0.039074 0.072617 0.101107 0.538798 0.020247 0.081171
0.419928 0.280003 0.423163 0.263827 0.426398 0.267062 0.442574 0.276768 0.507279 0.283238 0.432869 0.373825 0.546102 0.377061 0.413457 0.490294 0.652865 0.461177 0.384340 0.542058 0.588160 0.529117 0.474927 0.626175 0.546102 0.622939 0.481397 0.855877 0.491103 0.807348 0.562279 1.000000 0.594631 0.901171 0.103179 0.357903 0.043604 0.092261 0.110530 0.529828 0.026807 0.101225
0.433051 0.288503 0.436094 0.273287 0.436094 0.273287 0.451310 0.285459 0.509129 0.285459 0.445224 0.373710 0.539561 0.376753 0.411749 0.501522 0.649113 0.449788 0.375232 0.553255 0.585208 0.519780 0.484784 0.626290 0.530431 0.623247 0.493914 0.836266 0.469569 0.796705 0.569992 1.000000 0.585208 0.909301 0.099848 0.361659 0.035623 0.095632 0.114118 0.548374 0.019385 0.121246
0.426324 0.283020 0.432801 0.270066 0.429563 0.270066 0.448994 0.279782 0.510525 0.279782 0.432801 0.376937 0.549387 0.373698 0.390701 0.516192 0.656258 0.451422 0.374508 0.542101 0.591488 0.525908 0.474902 0.626302 0.542910 0.623063 0.497571 0.856235 0.481379 0.823850 0.594726 1.000000 0.597965 0.998729 0.104518 0.281821 0.021957 0.086388 0.084355 0.527676 0.022698 0.125936
0.424150 0.279118 0.427484 0.265781 0.427484 0.269115 0.444154 0.279118 0.507502 0.279118 0.424150 0.379140 0.547511 0.372472 0.380807 0.529173 0.660869 0.455824 0.374139 0.535841 0.594188 0.535841 0.477495 0.625861 0.550845 0.622527 0.494165 0.869249 0.494165 0.842576 0.610858 1.000000 0.550845 1.000000 0.135458 0.164140 0.046013 0.084488 0.160481 0.519326 0.036161 0.102013
0.433461 0.272587 0.440199 0.259110 0.440199 0.259110 0.453675 0.272587 0.514319 0.275956 0.430091 0.377028 0.551379 0.373659 0.389662 0.521899 0.665927 0.454517 0.382924 0.525268 0.605284 0.532006 0.480628 0.626341 0.537902 0.622972 0.517688 0.865546 0.473890 0.848700 0.625498 1.000000 0.521057 1.000000 0.098657 0.159769 0.014733 0.070769 0.265790 0.515719 0.023615 0.136884
0.518415 0.259769 0.508370 0.249724 0.518415 0.249724 0.451451 0.266465 0.521763 0.266465 0.431362 0.376955 0.551897 0.373607 0.391184 0.524274 0.669083 0.453963 0.397881 0.514230 0.612164 0.527622 0.474889 0.624719 0.541852 0.624719 0.525111 0.862440 0.478237 0.859092 0.635601 1.000000 0.501674 1.000000 0.093786 0.119043 0.010919 0.071640 0.897584 0.518085 0.021331 0.150640
0.462825 0.268303 0.459367 0.257929 0.469741 0.257929 0.438618 0.268303 0.514697 0.268303 0.421327 0.375506 0.556195 0.375506 0.390203 0.503458 0.673772 0.461960 0.393662 0.538040 0.608067 0.527665 0.469741 0.624494 0.552737 0.624494 0.511239 0.866565 0.483574 0.873481 0.649565 1.000000 0.480116 1.000000 0.146110 0.081698 0.007088 0.081824 0.107677 0.548184 0.028659 0.140287
0.437778 0.294835 0.437778 0.281381 0.441141 0.281381 0.441141 0.281381 0.515135 0.284745 0.424324 0.375556 0.552132 0.375556 0.394054 0.506727 0.663123 0.463003 0.397417 0.536997 0.595856 0.533634 0.474775 0.624444 0.548769 0.624444 0.501682 0.856517 0.484865 0.866607 0.653033 1.000000 0.468048 1.000000 0.209761 0.059428 0.026918 0.077825 0.107416 0.529828 0.030021 0.118868
0.435332 0.297911 0.435332 0.281744 0.435332 0.281744 0.445032 0.284978 0.509700 0.284978 0.425631 0.375513 0.551735 0.375513 0.402997 0.491916 0.655204 0.462816 0.402997 0.533951 0.584069 0.533951 0.477366 0.624487 0.545268 0.624487 0.496767 0.844359 0.483833 0.854059 0.648737 0.957529 0.457966 1.000000 0.268240 0.047516 0.037201 0.074965 0.061131 0.526911 0.028858 0.111245
0.434429 0.290494 0.434429 0.274501 0.434429 0.271303 0.450422 0.280898 0.511195 0.277700 0.428032 0.373657 0.555975 0.376855 0.405642 0.498401 0.645535 0.469614 0.415238 0.552776 0.568769 0.539982 0.472812 0.626343 0.543181 0.623145 0.495202 0.856640 0.479209 0.850243 0.639138 0.923810 0.453621 1.000000 0.330167 0.050659 0.024980 0.070879 0.112131 0.508247 0.020377 0.118250
0.437544 0.278281 0.437544 0.262667 0.440667 0.259544 0.450035 0.272035 0.518737 0.268912 0.431298 0.371965 0.559333 0.378211 0.412561 0.490632 0.643649 0.475018 0.421930 0.568702 0.571825 0.531228 0.468772 0.624912 0.540596 0.624912 0.490632 0.843509 0.475018 0.846631 0.624912 0.880982 0.459404 1.000000 0.381648 0.067828 0.015091 0.067409 0.087863 0.516710 0.011931 0.123264
0.442808 0.275749 0.445819 0.263709 0.448829 0.263709 0.454849 0.269729 0.515050 0.272739 0.436788 0.372072 0.554181 0.378092 0.424748 0.486455 0.635454 0.480434 0.424748 0.597828 0.554181 0.528596 0.472909 0.624918 0.536121 0.624918 0.466889 0.820574 0.487960 0.829604 0.602343 0.835624 0.472909 1.000000 0.474568 0.050533 0.054958 0.050309 0.033383 0.543350 0.011500 0.063767
0.441102 0.271571 0.441102 0.258836 0.444286 0.258836 0.450653 0.268387 0.514327 0.268387 0.434735 0.373449 0.558898 0.376632 0.418816 0.478510 0.635306 0.491245 0.415632 0.558102 0.558898 0.539000 0.466571 0.624959 0.539796 0.624959 0.447469 0.841450 0.488857 0.851001 0.593919 0.851001 0.476122 1.000000 0.507284 0.052384 0.068093 0.046116 0.035139 0.509359 0.008108 0.042540
0.440979 0.276945 0.440979 0.261615 0.444045 0.261615 0.453243 0.270813 0.514564 0.270813 0.440979 0.371993 0.551356 0.378125 0.431781 0.463974 0.621875 0.494634 0.419516 0.552889 0.545224 0.540625 0.471639 0.626474 0.536026 0.623408 0.440979 0.828833 0.490035 0.838031 0.569752 0.828833 0.493101 1.000000 0.547865 0.071740 0.086031 0.047325 0.011905 0.501229 0.009761 0.019329
0.437913 0.281544 0.437913 0.269280 0.440979 0.269280 0.450177 0.275412 0.514564 0.275412 0.440979 0.367394 0.551356 0.382724 0.437913 0.456309 0.612677 0.505366 0.413384 0.554422 0.529894 0.539092 0.468573 0.624941 0.539092 0.624941 0.419516 0.830366 0.490035 0.833432 0.542158 0.839564 0.505366 1.000000 0.550788 0.096922 0.108592 0.057455 0.067007 0.524437 0.009761 0.001054
0.437518 0.287263 0.437518 0.272386 0.440493 0.272386 0.449419 0.281312 0.517852 0.284287 0.443468 0.364622 0.550581 0.385449 0.449419 0.444956 0.601162 0.504463 0.416690 0.546118 0.523803 0.531241 0.464296 0.623477 0.541655 0.626452 0.413715 0.807948 0.508926 0.819850 0.526778 0.840677 0.520827 1.000000 0.495494 0.073231 0.110741 0.041578 0.123135 0.521844 0.007577 0.031823
0.431838 0.288698 0.431838 0.276581 0.437897 0.276581 0.446985 0.279610 0.513632 0.285669 0.443956 0.364434 0.549985 0.385640 0.456074 0.446228 0.595426 0.512875 0.413662 0.546199 0.516662 0.534081 0.465162 0.621934 0.540897 0.627993 0.398515 0.797640 0.519691 0.827934 0.501515 0.870346 0.543926 1.000000 0.419748 0.072030 0.141556 0.021703 0.174532 0.525474 0.007715 0.081767
0.426758 0.289030 0.429942 0.273108 0.429942 0.276292 0.445864 0.279476 0.506369 0.282661 0.445864 0.362272 0.550951 0.387748 0.458602 0.448253 0.595534 0.521495 0.410835 0.543786 0.512738 0.537417 0.461787 0.620213 0.541398 0.629767 0.388544 0.801727 0.519107 0.849494 0.477709 0.913183 0.563689 1.000000 0.336857 0.098716 0.141704 0.019624 0.194400 0.541941 0.004055 0.089898
0.426288 0.283672 0.429493 0.270852 0.429493 0.270852 0.445517 0.277262 0.506410 0.280467 0.445517 0.363793 0.551278 0.386227 0.471156 0.450325 0.592941 0.524036 0.416674 0.543266 0.509615 0.527241 0.461542 0.620182 0.541663 0.629797 0.387830 0.802860 0.538458 0.850933 0.461542 0.943874 0.592941 1.000000 0.275399 0.083709 0.141949 0.007946 0.260464 0.581216 0.004080 0.117468
0.432099 0.283951 0.435185 0.271605 0.435185 0.271605 0.450617 0.280864 0.512346 0.280864 0.450617 0.367284 0.549383 0.382716 0.469136 0.441358 0.589506 0.512346 0.422840 0.527778 0.500000 0.512346 0.459877 0.623457 0.540123 0.626543 0.395062 0.802469 0.552469 0.827160 0.453704 0.966049 0.608025 1.000000 0.220145 0.065187 0.122077 0.031645 0.234527 0.595547 0.000005 0.130140
0.434375 0.282813 0.434375 0.267188 0.434375 0.267188 0.446875 0.273438 0.512500 0.279687 0.453125 0.367188 0.546875 0.382812 0.475000 0.451562 0.590625 0.514063 0.409375 0.532812 0.496875 0.514063 0.462500 0.623438 0.537500 0.626562 0.393750 0.820312 0.559375 0.832812 0.443750 1.000000 0.625000 1.000000 0.188594 0.071903 0.118582 0.045871 0.297011 0.602416 0.000005 0.140576
0.424534 0.283822 0.427679 0.268100 0.427679 0.271245 0.446545 0.280678 0.506289 0.283822 0.455978 0.365577 0.547166 0.384443 0.477989 0.437898 0.588043 0.513364 0.418245 0.525941 0.493711 0.529086 0.459123 0.623418 0.537733 0.626562 0.396235 0.827804 0.562888 0.837237 0.430823 1.000000 0.641498 1.000000 0.145337 0.087838 0.098897 0.050223 0.283818 0.545167 0.004003 0.132843
0.419072 0.286863 0.422277 0.274043 0.422277 0.274043 0.444713 0.280453 0.505609 0.280453 0.457533 0.363785 0.544070 0.386220 0.479968 0.443911 0.592146 0.524038 0.415867 0.533653 0.489584 0.536858 0.457533 0.623395 0.540865 0.626600 0.393432 0.841339 0.563300 0.847749 0.412662 1.000000 0.656247 1.000000 0.116464 0.117627 0.091053 0.036426 0.284333 0.567254 0.002040 0.123235
0.419533 0.292192 0.422658 0.276567 0.422658 0.279692 0.444532 0.282817 0.500781 0.282817 0.457032 0.367190 0.541405 0.382815 0.475782 0.445314 0.594529 0.517187 0.419533 0.526562 0.491406 0.532812 0.460157 0.623435 0.541405 0.626560 0.397658 0.839056 0.560155 0.835931 0.400783 1.000000 0.657028 0.992178 0.094163 0.148231 0.093684 0.028430 0.267727 0.571976 0.001990 0.118232
0.421014 0.292182 0.424081 0.276845 0.424081 0.279912 0.442486 0.279912 0.503834 0.282980 0.454755 0.365800 0.543711 0.384205 0.476227 0.439418 0.598925 0.513037 0.417946 0.531441 0.500767 0.534509 0.460890 0.623464 0.540643 0.626531 0.408744 0.838184 0.552913 0.832049 0.399542 1.000000 0.663340 0.967016 0.062580 0.199293 0.083413 0.023010 0.270043 0.560331 0.001953 0.094817
0.422750 0.288698 0.425779 0.273551 0.425779 0.276581 0.443956 0.279610 0.504544 0.282640 0.453044 0.367463 0.540897 0.382610 0.474250 0.446228 0.604515 0.506816 0.416691 0.531051 0.510603 0.534081 0.465162 0.624963 0.540897 0.624963 0.416691 0.837022 0.543926 0.830963 0.401544 1.000000 0.662074 0.936993 0.049149 0.262509 0.086496 0.004681 0.273490 0.560734 0.007715 0.076209
0.428476 0.286179 0.428476 0.271122 0.431487 0.274133 0.446545 0.277145 0.506776 0.283168 0.452568 0.367492 0.542915 0.382549 0.470637 0.451815 0.612180 0.500000 0.416429 0.536139 0.521834 0.533127 0.464614 0.623474 0.539903 0.626485 0.422452 0.834283 0.533880 0.828260 0.413418 1.000000 0.660365 0.906560 0.049002 0.333057 0.077801 0.005569 0.249055 0.557741 0.005751 0.053334
0.432029 0.283526 0.432029 0.268750 0.434984 0.268750 0.446805 0.274661 0.505911 0.277616 0.449760 0.369229 0.538419 0.381050 0.461581 0.457887 0.618211 0.487440 0.408387 0.537680 0.526597 0.522903 0.470447 0.623383 0.541374 0.626338 0.429074 0.830251 0.526597 0.821386 0.432029 1.000000 0.650719 0.865715 0.067584 0.414880 0.088685 0.027903 0.229360 0.587270 0.015057 0.038765
