0.547012 0.274592 0.553940 0.259746 0.526228 0.261725 0.559878 0.276571 0.485649 0.279540 0.575714 0.378512 0.431215 0.371584 0.580662 0.472535 0.353027 0.450761 0.588580 0.495299 0.463875 0.457690 0.547012 0.625942 0.446060 0.623962 0.544042 0.818937 0.435173 0.803101 0.538104 1.000000 0.377770 0.851598 0.004894 0.257390 0.031863 0.038024 0.089812 0.728130 0.008822 0.014424
0.557119 0.272266 0.563053 0.258419 0.538327 0.257430 0.562064 0.276222 0.491840 0.274244 0.577890 0.380075 0.433485 0.370184 0.590748 0.472059 0.348424 0.443376 0.595693 0.506676 0.450299 0.472059 0.545250 0.625365 0.443376 0.624376 0.543272 0.819224 0.434474 0.814278 0.518545 1.000000 0.373151 0.819224 0.038180 0.459475 0.038860 0.027289 0.000961 0.686469 0.014487 0.011662
0.547509 0.278206 0.558512 0.264203 0.530506 0.262203 0.567513 0.279206 0.492499 0.273205 0.580516 0.381226 0.434487 0.369224 0.587517 0.472245 0.343469 0.443239 0.592518 0.508252 0.431486 0.487247 0.543509 0.625275 0.441488 0.624275 0.539508 0.818313 0.430486 0.824314 0.494499 1.000000 0.375475 0.817313 0.069356 0.522806 0.041307 0.026225 0.019492 0.635097 0.019114 0.010893
0.557159 0.276248 0.564976 0.262568 0.539572 0.261591 0.567907 0.278202 0.497557 0.273316 0.583541 0.382750 0.436978 0.368094 0.598197 0.481435 0.348063 0.442352 0.597220 0.512702 0.427207 0.499023 0.539572 0.626044 0.439909 0.623113 0.527847 0.817552 0.435024 0.816575 0.473130 0.984634 0.384216 0.820484 0.081274 0.467526 0.037448 0.011695 0.056875 0.580711 0.026155 0.011428
0.555478 0.272249 0.567157 0.260570 0.538932 0.256677 0.572997 0.278089 0.498053 0.269329 0.584677 0.385151 0.435763 0.365686 0.611929 0.484427 0.349140 0.436736 0.594409 0.504866 0.421163 0.498053 0.538932 0.628475 0.440629 0.620688 0.515573 0.816320 0.454255 0.805614 0.455229 0.976914 0.388071 0.858172 0.075031 0.309780 0.019771 0.017338 0.310841 0.556839 0.026053 0.062792
0.559146 0.269528 0.568922 0.257796 0.540571 0.254864 0.571855 0.278326 0.497556 0.271483 0.589452 0.384886 0.434989 0.366311 0.623668 0.500244 0.346026 0.438655 0.581631 0.499267 0.409571 0.493401 0.535683 0.629289 0.439877 0.619513 0.500489 0.821879 0.461384 0.803304 0.439877 0.975364 0.409571 0.970476 0.062185 0.132749 0.011397 0.030936 0.599184 0.556313 0.031168 0.094614
0.556079 0.277173 0.565012 0.264270 0.537221 0.262285 0.565012 0.281143 0.491563 0.274195 0.590818 0.385361 0.430025 0.365510 0.633498 0.497519 0.349629 0.443921 0.575930 0.485608 0.411167 0.486601 0.537221 0.629528 0.441936 0.619602 0.490571 0.828037 0.465757 0.807194 0.427048 0.986845 0.434988 1.000000 0.047649 0.089396 0.004687 0.025295 0.680682 0.560961 0.026570 0.113675
0.545726 0.281082 0.556151 0.265919 0.531511 0.265919 0.563733 0.280135 0.489812 0.278239 0.587425 0.382486 0.432003 0.368270 0.637653 0.495262 0.356187 0.448824 0.567523 0.475360 0.417787 0.493366 0.538145 0.627939 0.442427 0.621305 0.484126 0.813687 0.469911 0.814635 0.415892 0.978586 0.471806 1.000000 0.034801 0.042132 0.027016 0.031842 0.721390 0.541080 0.024761 0.135034
0.545537 0.276752 0.553010 0.264609 0.526855 0.263675 0.557680 0.281423 0.486689 0.280489 0.587571 0.381371 0.429710 0.369227 0.638012 0.491593 0.358719 0.448625 0.573560 0.479450 0.409160 0.488791 0.539932 0.627970 0.442787 0.621432 0.476414 0.811986 0.465205 0.813854 0.412896 0.958638 0.490426 1.000000 0.024305 0.001605 0.045054 0.020428 0.695888 0.518168 0.022020 0.142716
0.539279 0.280540 0.547500 0.266838 0.520096 0.266838 0.552068 0.281453 0.477163 0.278713 0.584039 0.379194 0.425096 0.370973 0.637933 0.479675 0.361153 0.447704 0.573077 0.486070 0.411394 0.489724 0.544760 0.627657 0.446105 0.622176 0.491779 0.797562 0.473509 0.814918 0.417788 0.892562 0.500913 1.000000 0.114412 0.001811 0.046308 0.018395 0.625427 0.499432 0.011633 0.141172
0.536745 0.277487 0.543096 0.263877 0.516785 0.264785 0.547633 0.279301 0.474142 0.280209 0.582110 0.377289 0.422427 0.372752 0.635640 0.477091 0.358916 0.455316 0.571222 0.509753 0.408817 0.497959 0.546726 0.627701 0.448738 0.622258 0.503175 0.803716 0.483215 0.823676 0.419705 0.864504 0.500454 1.000000 0.222436 0.027613 0.032524 0.020519 0.507336 0.483629 0.005777 0.131169
0.534552 0.269732 0.544755 0.255818 0.514145 0.255818 0.554031 0.272515 0.470550 0.273442 0.583713 0.375474 0.419534 0.374547 0.631019 0.475651 0.349039 0.473796 0.587423 0.518319 0.418606 0.508116 0.549393 0.626845 0.447361 0.623134 0.522493 0.808647 0.480753 0.821633 0.422316 0.862446 0.476115 1.000000 0.296368 0.060418 0.003565 0.017567 0.393854 0.550704 0.004135 0.099808
0.534084 0.265587 0.545213 0.252603 0.513680 0.251675 0.554488 0.272079 0.471945 0.270224 0.584166 0.375953 0.420935 0.374099 0.623119 0.475191 0.348594 0.481683 0.595296 0.519708 0.434847 0.515071 0.548923 0.627293 0.445976 0.622655 0.534084 0.831332 0.470090 0.813710 0.461743 0.851736 0.450613 1.000000 0.389384 0.070956 0.021236 0.008002 0.296870 0.570868 0.006496 0.063073
0.531569 0.283157 0.540277 0.269223 0.514151 0.270094 0.548986 0.279673 0.479317 0.282286 0.575982 0.373726 0.429678 0.376338 0.603850 0.469520 0.366106 0.479099 0.592529 0.507838 0.464513 0.504354 0.544631 0.624533 0.449708 0.625403 0.553340 0.806542 0.463642 0.816992 0.466254 0.884048 0.426195 0.978971 0.283724 0.095426 0.054802 0.002435 0.181557 0.596384 0.007208 0.007892
0.542428 0.278826 0.548310 0.265384 0.523105 0.267064 0.551670 0.280507 0.481936 0.286388 0.573514 0.373765 0.431527 0.376286 0.593678 0.459462 0.369354 0.474585 0.590318 0.489708 0.481936 0.483827 0.546629 0.624134 0.448330 0.625815 0.560912 0.793008 0.437408 0.809811 0.484457 0.892147 0.397920 0.961881 0.235963 0.061996 0.060908 0.040276 0.108782 0.653442 0.006418 0.045731
0.530434 0.294460 0.542437 0.278171 0.512431 0.279886 0.555296 0.280743 0.479853 0.285887 0.571585 0.377619 0.435273 0.372475 0.579301 0.467637 0.365831 0.469351 0.581016 0.495928 0.478996 0.471923 0.545866 0.626239 0.447275 0.623667 0.566442 0.801988 0.418984 0.800273 0.501286 0.961447 0.368403 0.968306 0.160569 0.042510 0.069909 0.065760 0.007949 0.690731 0.008733 0.087659
0.549473 0.293999 0.554462 0.279032 0.533675 0.279864 0.551136 0.286516 0.488775 0.287347 0.567766 0.379642 0.440549 0.370496 0.566935 0.483578 0.374030 0.457802 0.590216 0.511017 0.489606 0.461128 0.543653 0.627425 0.448032 0.622436 0.557788 0.805363 0.408121 0.779587 0.531181 0.986627 0.346591 0.939233 0.071626 0.037930 0.056113 0.088619 0.226514 0.698087 0.010589 0.104400
0.548373 0.286507 0.552455 0.272628 0.531228 0.274261 0.550822 0.284874 0.489591 0.286507 0.563885 0.382028 0.445504 0.368149 0.558170 0.490611 0.370394 0.453056 0.597358 0.533881 0.483059 0.456322 0.541025 0.628586 0.449586 0.621238 0.551638 0.811463 0.395703 0.779623 0.555720 0.986176 0.326307 0.906168 0.011017 0.055284 0.047881 0.109515 0.250993 0.721312 0.011957 0.122834
0.557073 0.283651 0.559501 0.269079 0.540072 0.270698 0.551406 0.282841 0.494738 0.283651 0.565977 0.379986 0.445356 0.370271 0.557073 0.477131 0.371688 0.448797 0.579740 0.511941 0.484214 0.456082 0.540072 0.627705 0.448594 0.622038 0.548168 0.808232 0.402450 0.782327 0.567597 0.979855 0.310163 0.871376 0.021618 0.166461 0.047431 0.093316 0.212823 0.719263 0.014435 0.103487
0.562559 0.283633 0.566544 0.270086 0.544230 0.270086 0.559371 0.284430 0.498805 0.282836 0.568935 0.380859 0.447801 0.369702 0.556184 0.476491 0.368108 0.446207 0.582482 0.512352 0.475694 0.463740 0.537854 0.626313 0.445410 0.623126 0.550605 0.809608 0.412736 0.797653 0.554590 0.990511 0.313917 0.823155 0.015097 0.360699 0.062200 0.055907 0.243603 0.705075 0.021324 0.081018
0.562416 0.279964 0.567156 0.267323 0.544244 0.266533 0.561626 0.283914 0.502370 0.282334 0.575847 0.382674 0.447855 0.368452 0.560046 0.471952 0.366477 0.444300 0.583748 0.511456 0.476298 0.476693 0.536343 0.626017 0.439954 0.622857 0.551355 0.808525 0.423363 0.810105 0.524492 0.976811 0.319073 0.794303 0.076508 0.519733 0.077349 0.018249 0.227781 0.669891 0.030224 0.054254
0.567908 0.272307 0.570305 0.259525 0.549533 0.258726 0.563914 0.277900 0.505592 0.275503 0.572702 0.384156 0.446472 0.366580 0.570305 0.478429 0.353797 0.439282 0.584686 0.514381 0.449668 0.489614 0.539147 0.626230 0.441679 0.623034 0.550332 0.809982 0.430494 0.819569 0.488016 0.964972 0.326634 0.789210 0.141036 0.572427 0.063194 0.012146 0.129210 0.634372 0.024437 0.037447
0.564895 0.273469 0.572105 0.261452 0.548070 0.259849 0.571304 0.279077 0.504006 0.274270 0.577713 0.384832 0.447123 0.366405 0.584123 0.486580 0.348579 0.436908 0.594538 0.509814 0.439111 0.499399 0.533649 0.626785 0.441515 0.621978 0.524836 0.817464 0.451930 0.817464 0.450327 0.952060 0.349380 0.818265 0.146230 0.514456 0.042640 0.023927 0.114117 0.610013 0.031675 0.031644
0.563699 0.276853 0.570149 0.264758 0.547572 0.263952 0.567730 0.280078 0.507257 0.276047 0.579825 0.387318 0.445171 0.363935 0.605627 0.512296 0.344382 0.436503 0.593532 0.507458 0.432270 0.497783 0.531446 0.629212 0.443558 0.619536 0.495162 0.834821 0.471779 0.809825 0.412112 0.976732 0.362121 0.871105 0.112941 0.384657 0.007233 0.048874 0.685924 0.607556 0.031879 0.102465
0.566686 0.276369 0.571522 0.263475 0.548151 0.262669 0.566686 0.278787 0.503022 0.274758 0.581998 0.385163 0.440164 0.365822 0.613427 0.506850 0.343459 0.438350 0.588445 0.493150 0.429687 0.494762 0.530422 0.627731 0.447417 0.621284 0.496575 0.820336 0.482875 0.801801 0.399870 0.967005 0.386976 0.972646 0.130175 0.224552 0.011316 0.052705 0.740120 0.610762 0.028254 0.117111
0.563996 0.288655 0.569527 0.274433 0.548195 0.274433 0.565576 0.283124 0.505531 0.279174 0.584538 0.382674 0.439164 0.368452 0.625622 0.496445 0.350676 0.439559 0.594019 0.480643 0.428103 0.494074 0.530023 0.628387 0.446275 0.620487 0.446275 0.816425 0.504740 0.804574 0.359367 0.984711 0.461286 0.982341 0.018368 0.174200 0.063877 0.088909 0.757890 0.589261 0.030224 0.231260
0.561856 0.276139 0.565784 0.263572 0.543005 0.263572 0.561856 0.279281 0.499804 0.276925 0.586991 0.381393 0.435395 0.369611 0.631764 0.495287 0.349778 0.446588 0.590919 0.479578 0.432253 0.496073 0.533579 0.628033 0.444035 0.620963 0.440893 0.819688 0.499018 0.811048 0.338781 0.975213 0.494305 1.000000 0.041549 0.097234 0.075497 0.078689 0.736097 0.594878 0.028541 0.233009
0.557330 0.279173 0.562735 0.266047 0.539571 0.266819 0.560419 0.280717 0.495560 0.279173 0.585127 0.379549 0.432246 0.371055 0.633770 0.487646 0.348857 0.448268 0.592076 0.484558 0.429158 0.496139 0.538027 0.626628 0.444600 0.622768 0.456182 0.804989 0.487067 0.823519 0.341136 0.919263 0.534939 0.992614 0.114132 0.021460 0.076981 0.050746 0.658134 0.591118 0.022137 0.203296
0.550372 0.275600 0.554916 0.262723 0.529920 0.264996 0.553401 0.278630 0.487502 0.281660 0.582185 0.380131 0.432207 0.370284 0.620816 0.486176 0.350400 0.453605 0.580670 0.492236 0.425389 0.500568 0.538252 0.627823 0.447356 0.621763 0.462505 0.803555 0.493562 0.817189 0.337523 0.865667 0.528405 1.000000 0.223646 0.014589 0.073665 0.054750 0.563513 0.568983 0.018334 0.203445
0.551507 0.275416 0.555294 0.261782 0.534085 0.262539 0.547719 0.276173 0.488638 0.279203 0.575745 0.376914 0.428800 0.373127 0.615890 0.478413 0.347752 0.458719 0.585592 0.508711 0.434102 0.507953 0.543175 0.627630 0.452281 0.622328 0.481064 0.810933 0.503787 0.816236 0.346238 0.829870 0.513634 1.000000 0.351592 0.067661 0.062871 0.052738 0.369888 0.576373 0.005786 0.186635
0.552162 0.259267 0.554524 0.245882 0.531691 0.247456 0.547438 0.265565 0.486024 0.269502 0.576570 0.374220 0.426186 0.375795 0.604915 0.479726 0.344301 0.473427 0.593105 0.517519 0.441933 0.516731 0.545863 0.626173 0.451381 0.623811 0.516731 0.826949 0.512007 0.821437 0.362410 0.839546 0.486024 1.000000 0.428207 0.132763 0.007261 0.062522 0.179955 0.589263 0.003508 0.140614
0.547960 0.264842 0.554148 0.250145 0.527848 0.252465 0.555695 0.266389 0.487623 0.271031 0.576581 0.373912 0.431928 0.376233 0.589731 0.474473 0.356894 0.484529 0.593599 0.518565 0.459776 0.515471 0.540224 0.624541 0.451267 0.625314 0.527074 0.827210 0.489170 0.828757 0.408722 0.912300 0.400986 0.933185 0.280962 0.281851 0.025230 0.033969 0.013540 0.599876 0.010836 0.079257
0.553396 0.273067 0.558447 0.259357 0.533914 0.260800 0.557725 0.275232 0.493506 0.278840 0.567106 0.376973 0.445882 0.373365 0.571435 0.475827 0.378055 0.477992 0.586588 0.505412 0.487012 0.495310 0.536078 0.625914 0.450933 0.623749 0.541129 0.809913 0.448769 0.807749 0.423514 0.873411 0.402588 0.978039 0.351160 0.080549 0.048205 0.010165 0.136742 0.632907 0.016545 0.012480
0.558549 0.279570 0.559943 0.265630 0.541124 0.267721 0.550185 0.280964 0.500000 0.284449 0.563428 0.376455 0.456785 0.374364 0.559246 0.487977 0.396145 0.477521 0.577368 0.508190 0.518819 0.485886 0.530668 0.625288 0.449118 0.623894 0.562731 0.789782 0.421238 0.802329 0.447724 0.906880 0.364083 0.956368 0.308408 0.063757 0.102942 0.039560 0.244586 0.647490 0.025764 0.110612
0.560122 0.281469 0.560819 0.268225 0.543392 0.269619 0.546181 0.281469 0.504357 0.285652 0.555243 0.379059 0.459744 0.371391 0.545484 0.480134 0.407464 0.468980 0.580337 0.509410 0.523178 0.472466 0.532936 0.627912 0.452077 0.621638 0.569184 0.791723 0.403979 0.772902 0.494598 0.959019 0.334272 0.927651 0.202812 0.036722 0.097774 0.088246 0.308248 0.646963 0.019093 0.167313
0.559156 0.282980 0.559844 0.269911 0.541959 0.271287 0.546087 0.284356 0.503439 0.287795 0.550214 0.379281 0.462168 0.371026 0.530266 0.485899 0.407827 0.462512 0.569474 0.513413 0.519260 0.461136 0.534393 0.627598 0.453226 0.622095 0.564659 0.800251 0.394757 0.772737 0.544711 0.988037 0.311526 0.889673 0.088925 0.079052 0.075491 0.106516 0.364100 0.674539 0.015771 0.173086
0.568852 0.283607 0.568174 0.270040 0.553250 0.270719 0.543753 0.284964 0.512549 0.286321 0.542397 0.380611 0.471170 0.369757 0.529508 0.497965 0.412832 0.456586 0.568174 0.521029 0.523403 0.453872 0.529508 0.628208 0.456925 0.621424 0.559355 0.809326 0.383664 0.778800 0.584454 0.996550 0.271736 0.898190 0.009570 0.101053 0.068543 0.120684 0.363621 0.696122 0.017283 0.190670
0.568382 0.281782 0.568382 0.269045 0.552292 0.269045 0.544917 0.285134 0.510727 0.287816 0.546258 0.380332 0.471172 0.370276 0.525476 0.483575 0.416199 0.453407 0.558996 0.516425 0.524805 0.461452 0.528157 0.627713 0.454412 0.621679 0.555644 0.806711 0.391394 0.786599 0.590505 0.999118 0.238541 0.869730 0.008554 0.225264 0.071750 0.094992 0.316445 0.662444 0.022211 0.164681
0.567696 0.282558 0.571611 0.270813 0.550731 0.270161 0.561171 0.287778 0.507014 0.287125 0.547469 0.383694 0.475695 0.367382 0.520064 0.486787 0.411098 0.448290 0.562476 0.522022 0.519412 0.467212 0.526589 0.627072 0.450248 0.621852 0.562476 0.793457 0.401311 0.794762 0.555951 0.985289 0.258416 0.822819 0.078442 0.350494 0.094861 0.056066 0.362042 0.659411 0.029535 0.155411
0.573756 0.275061 0.573088 0.263714 0.556402 0.264382 0.559739 0.277064 0.513016 0.281069 0.555067 0.383192 0.467627 0.367840 0.544387 0.500667 0.395540 0.451274 0.577093 0.531371 0.510346 0.485983 0.529035 0.627488 0.448271 0.621480 0.565079 0.801031 0.410225 0.809040 0.513683 0.987924 0.262046 0.815715 0.150607 0.421968 0.098975 0.039459 0.288906 0.633364 0.028935 0.128888
0.578051 0.275727 0.577392 0.263212 0.560267 0.263212 0.564878 0.277044 0.516137 0.277703 0.555657 0.386381 0.473324 0.365304 0.539190 0.508233 0.387699 0.450271 0.582003 0.531945 0.505599 0.499671 0.522724 0.628109 0.448295 0.620205 0.547094 0.794750 0.449613 0.809240 0.466079 0.969295 0.289558 0.807923 0.184548 0.504838 0.089325 0.033373 0.381757 0.624932 0.036983 0.044005
0.577858 0.272901 0.579902 0.260634 0.561503 0.259953 0.562184 0.275627 0.517889 0.277671 0.561503 0.388750 0.472230 0.363536 0.551280 0.509370 0.378188 0.446675 0.577858 0.520955 0.483815 0.499830 0.517889 0.627946 0.448379 0.619768 0.504941 0.828297 0.471549 0.819438 0.412261 0.990487 0.325033 0.849423 0.144707 0.472517 0.036866 0.066317 0.396065 0.621160 0.043081 0.057315
0.575942 0.289553 0.580808 0.275650 0.562039 0.274260 0.568295 0.283297 0.520332 0.281211 0.565515 0.386869 0.467503 0.365321 0.559954 0.498088 0.366016 0.445954 0.594015 0.513381 0.470284 0.496003 0.510601 0.625990 0.456381 0.621820 0.477235 0.820624 0.513381 0.817148 0.373662 0.964513 0.363235 0.936014 0.144550 0.377225 0.017812 0.104171 0.381574 0.643840 0.042163 0.144420
0.581655 0.277566 0.583688 0.264691 0.566747 0.264013 0.560648 0.278244 0.527444 0.278244 0.571491 0.385988 0.467135 0.367014 0.566069 0.497120 0.365489 0.442909 0.591142 0.499153 0.468490 0.488988 0.503727 0.625193 0.457648 0.621805 0.436641 0.808832 0.538286 0.800023 0.326186 0.975531 0.428509 0.970787 0.074781 0.317115 0.023618 0.147099 0.489762 0.661946 0.049377 0.246741
0.579484 0.273892 0.580837 0.261039 0.563926 0.261716 0.555808 0.276598 0.523338 0.279304 0.574073 0.385509 0.467192 0.367920 0.590984 0.507948 0.365722 0.442331 0.597073 0.492390 0.465162 0.495096 0.500338 0.627006 0.458397 0.619565 0.412398 0.817092 0.528073 0.805592 0.294017 0.971326 0.491544 1.000000 0.070450 0.169319 0.043602 0.125193 0.837585 0.643307 0.052781 0.252000
0.579249 0.271456 0.580612 0.258504 0.564251 0.259185 0.556071 0.272820 0.520622 0.274183 0.577886 0.383257 0.459949 0.369623 0.592883 0.499830 0.361101 0.442566 0.592201 0.490286 0.457904 0.492331 0.503579 0.625946 0.458586 0.621174 0.414275 0.809327 0.526075 0.814099 0.278614 0.945669 0.554026 1.000000 0.104949 0.067889 0.049678 0.108842 0.981970 0.646490 0.048359 0.251370
0.573381 0.278208 0.574700 0.265016 0.557550 0.265676 0.552274 0.278868 0.517974 0.282166 0.574700 0.382426 0.459269 0.369893 0.597127 0.495218 0.362967 0.444428 0.594488 0.490601 0.458610 0.490601 0.506101 0.625820 0.459929 0.621862 0.412438 0.806551 0.520613 0.822382 0.269303 0.906811 0.580637 1.000000 0.153305 0.000800 0.064751 0.092708 0.897225 0.647177 0.043386 0.245738
0.572112 0.278431 0.572112 0.265350 0.558376 0.264696 0.539408 0.277777 0.519132 0.279739 0.569496 0.381121 0.460265 0.370656 0.587810 0.482503 0.363461 0.453724 0.586502 0.492315 0.459611 0.492969 0.508667 0.626400 0.461573 0.621822 0.425599 0.812812 0.528943 0.814121 0.269274 0.869717 0.559685 1.000000 0.255440 0.059821 0.056056 0.105606 0.099080 0.650908 0.037982 0.240699
0.577546 0.268723 0.578906 0.253758 0.563261 0.256479 0.550337 0.266002 0.521767 0.272804 0.574825 0.379600 0.454425 0.372117 0.578906 0.489116 0.372797 0.470070 0.583668 0.512924 0.476872 0.510203 0.512244 0.627203 0.458506 0.621080 0.444902 0.831951 0.547616 0.816986 0.276885 0.855759 0.530610 1.000000 0.354048 0.160547 0.022344 0.130665 0.050976 0.603988 0.037327 0.237029
0.573427 0.265518 0.573427 0.251664 0.558880 0.251664 0.541563 0.264825 0.521474 0.267596 0.565115 0.377737 0.460516 0.373581 0.574813 0.514201 0.376698 0.476102 0.599057 0.518357 0.497922 0.511430 0.511776 0.625034 0.462594 0.623649 0.468135 0.841852 0.545026 0.820378 0.295651 0.859170 0.475062 1.000000 0.404924 0.230971 0.004396 0.123657 0.423375 0.627893 0.032691 0.189526
