0.418601 0.327305 0.437991 0.314378 0.412945 0.308722 0.484851 0.318418 0.417793 0.305491 0.553525 0.375781 0.412138 0.376589 0.674715 0.437183 0.366086 0.471924 0.660980 0.559181 0.382244 0.456574 0.551102 0.623007 0.483235 0.624623 0.470309 0.799944 0.572916 0.814487 0.470309 1.000000 0.677947 0.971226 0.136347 0.047460 0.133226 0.051603 0.386409 0.885078 0.043858 0.276809
0.419736 0.326429 0.438999 0.312785 0.414920 0.307166 0.486355 0.315995 0.420539 0.303956 0.555382 0.376193 0.416526 0.375390 0.674173 0.441207 0.378802 0.464483 0.657317 0.561603 0.388433 0.466089 0.548961 0.624208 0.479131 0.624208 0.475921 0.802394 0.564211 0.814434 0.473513 1.000000 0.681396 0.958106 0.120226 0.083918 0.115590 0.055410 0.384877 0.574926 0.035844 0.257701
0.420998 0.324796 0.440198 0.311995 0.416198 0.306395 0.487400 0.315195 0.422598 0.303195 0.557001 0.376797 0.418598 0.374397 0.673804 0.443999 0.382597 0.470399 0.654604 0.564002 0.394597 0.478399 0.547401 0.624003 0.476999 0.624803 0.480199 0.805608 0.558601 0.812808 0.478599 1.000000 0.681005 0.949612 0.110440 0.101985 0.100460 0.057415 0.384315 0.427033 0.031117 0.243164
0.422917 0.322176 0.442631 0.308770 0.418185 0.304039 0.489946 0.312713 0.424494 0.300885 0.558552 0.378954 0.421340 0.371856 0.672107 0.451503 0.392162 0.449925 0.647661 0.567423 0.392951 0.494874 0.546723 0.624989 0.473386 0.624201 0.489157 0.807939 0.547512 0.808727 0.492311 1.000000 0.679992 0.927802 0.101840 0.145359 0.081744 0.056844 0.385190 0.119432 0.025631 0.218624
0.423856 0.319702 0.443583 0.307077 0.419122 0.301553 0.491715 0.311022 0.425435 0.299975 0.558784 0.378881 0.423067 0.371779 0.670041 0.456208 0.398607 0.449106 0.643213 0.570620 0.391505 0.500395 0.546160 0.625065 0.471989 0.624276 0.494871 0.812070 0.541425 0.808125 0.504340 1.000000 0.680298 0.920959 0.099886 0.167864 0.068896 0.054031 0.379977 0.053724 0.023127 0.200153
0.426281 0.317766 0.446725 0.304398 0.421563 0.298893 0.494692 0.308330 0.427853 0.294962 0.560745 0.381459 0.426281 0.368878 0.666901 0.467957 0.411340 0.451443 0.634661 0.580403 0.394041 0.514351 0.545018 0.626011 0.467957 0.623652 0.498624 0.810801 0.523787 0.808442 0.518282 1.000000 0.670832 0.904376 0.109527 0.222602 0.057856 0.041783 0.371248 0.028441 0.016527 0.171692
0.428427 0.315645 0.448933 0.303026 0.423695 0.296717 0.495465 0.307758 0.428427 0.293562 0.559349 0.381894 0.426849 0.368487 0.664244 0.472593 0.417385 0.456031 0.627964 0.585375 0.397668 0.528590 0.545941 0.625598 0.467861 0.624021 0.500197 0.810939 0.517548 0.811728 0.525435 1.000000 0.665821 0.900849 0.117070 0.245361 0.059528 0.031715 0.372129 0.050179 0.017582 0.159392
0.428675 0.311116 0.449223 0.299262 0.424723 0.292939 0.498222 0.304794 0.430255 0.291359 0.557495 0.383034 0.431046 0.367228 0.656283 0.483404 0.429465 0.465226 0.608075 0.591676 0.401804 0.543467 0.545640 0.625659 0.465819 0.624078 0.506915 0.811381 0.492690 0.814542 0.541689 1.000000 0.649171 0.888831 0.121326 0.314299 0.049893 0.001776 0.380814 0.103035 0.014596 0.110046
0.428948 0.310989 0.449531 0.299114 0.425781 0.292781 0.499406 0.305447 0.432114 0.291197 0.556406 0.383823 0.432906 0.366406 0.652990 0.489115 0.434489 0.466948 0.595990 0.592823 0.406781 0.548490 0.545323 0.625282 0.465364 0.624490 0.509698 0.811324 0.475656 0.814490 0.554031 1.000000 0.637157 0.882574 0.130640 0.355782 0.045623 0.022599 0.396244 0.109279 0.013612 0.077449
0.427636 0.314592 0.447976 0.299728 0.424507 0.295816 0.496480 0.309116 0.429983 0.295816 0.547330 0.382653 0.437806 0.367789 0.637296 0.497653 0.445629 0.472619 0.568452 0.592313 0.419031 0.551633 0.545765 0.624388 0.469099 0.625170 0.521514 0.816054 0.459711 0.812925 0.570017 0.998333 0.616173 0.876292 0.122845 0.393414 0.038003 0.054414 0.411466 0.127071 0.018937 0.024161
0.424910 0.314750 0.445515 0.299693 0.421739 0.295730 0.493858 0.309995 0.428080 0.295730 0.543786 0.382114 0.436797 0.368641 0.630962 0.504161 0.447892 0.474838 0.550919 0.592922 0.422532 0.552504 0.548541 0.624622 0.470875 0.624622 0.526351 0.822750 0.451062 0.814825 0.574694 1.000000 0.607980 0.882981 0.117008 0.402608 0.041743 0.075166 0.431008 0.133600 0.024747 0.002465
0.421703 0.313321 0.441626 0.298977 0.419312 0.294195 0.491035 0.309337 0.428078 0.294992 0.538850 0.381060 0.439235 0.369903 0.613760 0.503785 0.447204 0.475893 0.518130 0.575508 0.429672 0.552397 0.550007 0.625714 0.471909 0.623323 0.535662 0.828929 0.432859 0.812990 0.582680 1.000000 0.599416 0.877541 0.105834 0.446941 0.036938 0.105446 0.469609 0.095596 0.027939 0.042200
0.421754 0.316704 0.442252 0.301724 0.419389 0.296994 0.491131 0.311973 0.425696 0.296994 0.536068 0.380562 0.443040 0.370313 0.607022 0.505124 0.454077 0.481473 0.502168 0.568194 0.432791 0.554792 0.548682 0.624957 0.472210 0.624169 0.540798 0.827569 0.422542 0.812589 0.597561 1.000000 0.574698 0.894580 0.109344 0.424715 0.028794 0.118456 0.492442 0.121442 0.026632 0.069660
0.419560 0.319349 0.439719 0.304618 0.417234 0.299966 0.489339 0.316248 0.424212 0.298416 0.530431 0.379825 0.445921 0.371296 0.594008 0.503101 0.465304 0.482168 0.479260 0.551171 0.444370 0.555823 0.549815 0.626378 0.473833 0.622501 0.551365 0.823310 0.414908 0.799275 0.614166 0.990780 0.537409 0.899292 0.111694 0.384471 0.022467 0.137640 0.525286 0.143235 0.030154 0.104923
0.419517 0.321380 0.439258 0.306954 0.417239 0.302398 0.487092 0.319102 0.424831 0.300879 0.526575 0.379844 0.447610 0.371492 0.585798 0.499810 0.468870 0.475513 0.468110 0.534737 0.443813 0.537774 0.550112 0.625850 0.475703 0.622813 0.557705 0.814911 0.411164 0.787577 0.619966 0.980433 0.530371 0.897672 0.101744 0.381478 0.017587 0.154271 0.554137 0.185960 0.032928 0.131613
0.420113 0.327681 0.438563 0.313659 0.418637 0.309969 0.485056 0.323991 0.426017 0.307018 0.525645 0.378602 0.448895 0.372698 0.571400 0.494465 0.479152 0.467160 0.451847 0.508487 0.449633 0.515129 0.549998 0.625826 0.475462 0.622874 0.569924 0.807370 0.406092 0.776374 0.637080 0.966774 0.512361 0.906997 0.092122 0.352498 0.003542 0.168784 0.582555 0.274269 0.032474 0.169904
0.420713 0.331241 0.439625 0.316693 0.419258 0.313056 0.485452 0.326877 0.425804 0.309419 0.524732 0.378523 0.450536 0.372704 0.566922 0.492726 0.482542 0.467267 0.445444 0.498545 0.448354 0.507274 0.549464 0.625842 0.475268 0.622932 0.576378 0.801147 0.404710 0.771323 0.645482 0.959722 0.501455 0.913168 0.082324 0.331815 0.016765 0.172640 0.597405 0.328969 0.031541 0.189772
0.421753 0.330679 0.440811 0.318218 0.418821 0.313087 0.484790 0.323349 0.427617 0.307956 0.525838 0.377590 0.446675 0.373925 0.561022 0.489005 0.448874 0.464816 0.440078 0.490471 0.377774 0.495602 0.553692 0.624609 0.473796 0.623876 0.594739 0.801260 0.405627 0.770474 0.665106 0.963251 0.481125 0.935397 0.057768 0.275198 0.036933 0.172950 0.593506 0.377632 0.035069 0.211221
0.420609 0.331545 0.439590 0.319135 0.417689 0.314754 0.483392 0.323515 0.426449 0.310374 0.524274 0.376807 0.449080 0.374617 0.557125 0.488502 0.471711 0.462951 0.441780 0.486312 0.435210 0.494342 0.552745 0.624288 0.473901 0.624288 0.598007 0.799496 0.405278 0.771024 0.671740 0.963023 0.472441 0.944772 0.054364 0.256655 0.044011 0.170784 0.597096 0.353747 0.033991 0.219713
0.418995 0.334236 0.437593 0.319930 0.416850 0.317069 0.483370 0.327798 0.424718 0.312062 0.521279 0.375722 0.451898 0.375722 0.552751 0.485873 0.479794 0.470853 0.447606 0.478005 0.451183 0.512338 0.551321 0.624636 0.475502 0.623921 0.600675 0.799162 0.403975 0.770552 0.679354 0.954376 0.452613 0.950085 0.061616 0.228677 0.049492 0.174644 0.612360 0.282973 0.034218 0.232186
0.417915 0.333338 0.435721 0.318381 0.415778 0.316956 0.482016 0.326215 0.425038 0.310546 0.521189 0.375359 0.452102 0.376072 0.551815 0.485755 0.480592 0.472223 0.447829 0.477921 0.452102 0.515669 0.551815 0.624641 0.474894 0.623928 0.600247 0.797713 0.406519 0.770648 0.684290 0.949419 0.445692 0.953692 0.074181 0.205922 0.047941 0.168001 0.610076 0.276437 0.034072 0.225666
0.416088 0.333421 0.433155 0.318487 0.413244 0.317065 0.479378 0.324888 0.423910 0.312087 0.519911 0.373243 0.453066 0.378221 0.554045 0.487022 0.487200 0.476355 0.445244 0.484178 0.453777 0.509778 0.551200 0.624268 0.475822 0.624268 0.592445 0.799202 0.413244 0.777869 0.694135 0.938581 0.438133 0.965604 0.126932 0.165102 0.034230 0.152502 0.601094 0.356550 0.034474 0.196849
0.415426 0.333156 0.433156 0.318972 0.413298 0.316844 0.479255 0.328192 0.423227 0.312589 0.519681 0.374291 0.453723 0.377128 0.555142 0.486348 0.487766 0.474291 0.443085 0.487057 0.449468 0.501950 0.550886 0.624645 0.475709 0.623936 0.586347 0.799822 0.416844 0.779964 0.696986 0.930319 0.439539 0.968617 0.160269 0.152944 0.024103 0.143115 0.595542 0.408172 0.033927 0.178410
0.412114 0.330518 0.430086 0.316140 0.409957 0.313983 0.478972 0.324767 0.420022 0.309670 0.519950 0.374371 0.451654 0.377247 0.558052 0.489396 0.485442 0.480769 0.441589 0.503055 0.453091 0.523904 0.551582 0.624550 0.476815 0.623832 0.574587 0.808590 0.420741 0.788461 0.700395 0.914988 0.455248 0.976095 0.236963 0.162390 0.000439 0.136865 0.564656 0.305256 0.036234 0.144080
0.410772 0.328464 0.428982 0.313896 0.408587 0.311711 0.477784 0.321909 0.420241 0.308069 0.520759 0.375081 0.450834 0.376538 0.562277 0.494537 0.483611 0.482154 0.444278 0.515660 0.447192 0.530957 0.552080 0.624919 0.476327 0.623462 0.568833 0.814300 0.422427 0.791720 0.703585 0.911904 0.464673 0.981101 0.272378 0.168545 0.011612 0.131429 0.550091 0.299857 0.036247 0.126767
0.410585 0.325002 0.428833 0.310404 0.409125 0.308214 0.478467 0.319893 0.422994 0.305294 0.522263 0.376096 0.450731 0.375367 0.570437 0.497263 0.483577 0.484124 0.455840 0.538868 0.446351 0.535219 0.551459 0.625728 0.475548 0.622809 0.555839 0.819157 0.426643 0.790690 0.692333 0.889229 0.480657 0.976819 0.341824 0.180131 0.029855 0.122047 0.509603 0.293784 0.034454 0.097434
0.410335 0.324338 0.427938 0.308936 0.408869 0.307469 0.478547 0.318471 0.423538 0.304535 0.522554 0.375680 0.451409 0.375680 0.576096 0.498900 0.482947 0.488631 0.463877 0.548775 0.444808 0.544374 0.551158 0.626521 0.474879 0.622120 0.548958 0.823819 0.428672 0.792281 0.687580 0.883229 0.491015 0.978578 0.374669 0.187194 0.039692 0.114626 0.497353 0.277673 0.033212 0.080852
0.408358 0.320973 0.427612 0.306903 0.406136 0.303941 0.476488 0.316530 0.418725 0.301719 0.524623 0.376514 0.447606 0.375033 0.583867 0.504628 0.477969 0.493520 0.482412 0.572018 0.420947 0.532769 0.552023 0.626818 0.475747 0.621634 0.532029 0.824544 0.435017 0.798625 0.675694 0.877863 0.507591 0.980058 0.418960 0.193117 0.066786 0.108165 0.451243 0.387959 0.035431 0.039918
0.410585 0.319682 0.429918 0.304810 0.407610 0.300349 0.477507 0.313733 0.417277 0.300349 0.526583 0.375450 0.444789 0.376194 0.589787 0.504833 0.470815 0.492192 0.494609 0.581422 0.416533 0.527884 0.552608 0.626037 0.476020 0.622319 0.528814 0.821598 0.441071 0.799291 0.667863 0.877367 0.517660 0.979237 0.417128 0.190147 0.071481 0.102236 0.428959 0.385106 0.036530 0.023521
0.411901 0.318598 0.431974 0.303729 0.408184 0.299268 0.479555 0.311907 0.417849 0.297038 0.529366 0.375100 0.441639 0.376587 0.599994 0.499257 0.460969 0.489592 0.519701 0.589214 0.402236 0.520817 0.550926 0.625643 0.478068 0.622670 0.502602 0.812250 0.451304 0.805559 0.649062 0.870239 0.537544 0.978783 0.460656 0.193290 0.107983 0.093035 0.396582 0.398386 0.037000 0.034406
0.411377 0.317894 0.431570 0.302188 0.407638 0.298449 0.479434 0.310415 0.418108 0.296205 0.529541 0.374732 0.441292 0.376975 0.607319 0.493643 0.462233 0.490652 0.534028 0.587127 0.396420 0.514583 0.550481 0.625268 0.478686 0.623025 0.496635 0.808496 0.454006 0.806253 0.642469 0.872065 0.546742 0.981254 0.460137 0.197728 0.117526 0.090626 0.396026 0.446969 0.037221 0.048365
0.407348 0.314122 0.428022 0.301105 0.404285 0.294213 0.477794 0.304933 0.415005 0.294213 0.533692 0.374614 0.438743 0.376911 0.625578 0.487174 0.459417 0.493300 0.555132 0.586718 0.382079 0.503254 0.551303 0.623472 0.476263 0.625004 0.482388 0.800353 0.461714 0.813370 0.626343 0.890708 0.564320 0.992548 0.439842 0.190078 0.140747 0.072314 0.413958 0.515212 0.035169 0.093722
0.407474 0.312833 0.427480 0.298983 0.402858 0.292827 0.479033 0.305908 0.413630 0.294366 0.533663 0.374388 0.435944 0.377466 0.631383 0.481341 0.452102 0.498269 0.565210 0.585216 0.379005 0.497499 0.552130 0.622919 0.478263 0.625227 0.475185 0.798352 0.459027 0.812202 0.615224 0.899149 0.566749 0.987635 0.432981 0.207919 0.155175 0.086483 0.416198 0.545676 0.038793 0.098934
0.406035 0.314744 0.425133 0.300229 0.401451 0.295645 0.477846 0.305576 0.412910 0.296409 0.536669 0.375095 0.428189 0.377387 0.641330 0.475172 0.421314 0.495034 0.579450 0.580596 0.366310 0.479755 0.552712 0.624141 0.482429 0.623377 0.454163 0.790681 0.473262 0.804432 0.585562 0.959512 0.582506 0.951109 0.380598 0.219872 0.190558 0.085184 0.426076 0.567664 0.044892 0.153978
0.402995 0.313275 0.422933 0.299472 0.398394 0.294871 0.475078 0.303306 0.412197 0.294871 0.537192 0.373088 0.423700 0.379990 0.643782 0.470477 0.406829 0.494249 0.584736 0.578601 0.361586 0.469710 0.552528 0.622311 0.486580 0.624611 0.445938 0.787181 0.500383 0.818622 0.574000 0.973523 0.594705 0.994228 0.374343 0.134286 0.202248 0.057480 0.423455 0.611528 0.050000 0.205293
0.406869 0.313929 0.426717 0.300188 0.402289 0.295608 0.477862 0.304005 0.414503 0.296371 0.539695 0.371181 0.421373 0.381869 0.654201 0.462022 0.396182 0.495611 0.599238 0.573474 0.365647 0.456679 0.550382 0.621567 0.488549 0.625383 0.437404 0.775004 0.527481 0.824623 0.531298 0.957449 0.625193 0.996381 0.353318 0.103215 0.215605 0.024254 0.432356 0.718913 0.049772 0.263452
0.407457 0.314913 0.427220 0.301231 0.402136 0.296671 0.478147 0.304272 0.415058 0.295911 0.541236 0.371922 0.420379 0.381043 0.656012 0.460094 0.392255 0.493539 0.603565 0.570310 0.366411 0.450973 0.548837 0.621237 0.489549 0.625798 0.433300 0.770219 0.531354 0.824947 0.511592 0.957206 0.630169 0.994451 0.336183 0.102138 0.219668 0.021806 0.432867 0.748334 0.049068 0.275831
0.411029 0.316214 0.430633 0.301888 0.405751 0.298118 0.481150 0.305658 0.417815 0.297364 0.544486 0.372764 0.421585 0.379550 0.660601 0.456457 0.388409 0.486617 0.611591 0.567294 0.371067 0.446655 0.546748 0.622335 0.487182 0.625351 0.430633 0.771626 0.545994 0.824406 0.482658 0.971434 0.641751 0.989530 0.291497 0.075832 0.213301 0.008431 0.433726 0.774027 0.043334 0.301861
0.412187 0.317590 0.431031 0.304022 0.407664 0.300253 0.481533 0.307037 0.419724 0.298746 0.546356 0.374122 0.421986 0.377891 0.662436 0.457789 0.385051 0.484171 0.614949 0.567838 0.369976 0.449498 0.545603 0.622863 0.486055 0.625124 0.431031 0.775123 0.551633 0.821856 0.469473 0.980146 0.644345 0.989191 0.264335 0.058633 0.204372 0.021703 0.430874 0.762990 0.040417 0.307753
0.415052 0.320164 0.434554 0.306663 0.410551 0.302162 0.486311 0.308913 0.422553 0.299912 0.550819 0.374171 0.423303 0.377172 0.664834 0.458182 0.388048 0.478435 0.617578 0.569947 0.374546 0.455182 0.543318 0.623953 0.482560 0.624704 0.433054 0.781474 0.558320 0.817478 0.451056 0.992251 0.650582 0.982500 0.221521 0.043081 0.184844 0.044399 0.425196 0.725906 0.033008 0.313593
0.416029 0.321795 0.435436 0.308360 0.411551 0.303881 0.486938 0.310599 0.424240 0.300149 0.553368 0.375537 0.423493 0.375537 0.663836 0.459881 0.389158 0.467345 0.617559 0.571842 0.377216 0.457641 0.542172 0.624090 0.480967 0.624837 0.434689 0.786061 0.557100 0.816663 0.445885 0.998040 0.655626 0.978634 0.203286 0.053691 0.172161 0.048141 0.417193 0.603272 0.029503 0.306753
0.421955 0.323984 0.440406 0.308486 0.419003 0.305534 0.492066 0.312176 0.428597 0.299630 0.554059 0.377859 0.429335 0.372693 0.666237 0.461992 0.394649 0.470111 0.616052 0.573432 0.392435 0.452398 0.538561 0.624355 0.478044 0.625093 0.445572 0.798526 0.546679 0.817714 0.450738 1.000000 0.673617 0.959412 0.164026 0.123572 0.136111 0.048274 0.429853 0.851534 0.021158 0.265054
0.422752 0.322827 0.441188 0.307341 0.419065 0.304391 0.492810 0.310291 0.428652 0.298491 0.556231 0.378874 0.430126 0.371499 0.665374 0.465155 0.402103 0.461468 0.613015 0.574298 0.393254 0.455569 0.537794 0.624445 0.475848 0.625182 0.449300 0.802908 0.540007 0.819870 0.453725 1.000000 0.674960 0.948924 0.153349 0.155782 0.122677 0.044570 0.429448 0.591053 0.017379 0.247860
0.424775 0.320745 0.443123 0.306067 0.421106 0.302398 0.495230 0.309003 0.429913 0.297261 0.559813 0.380925 0.432848 0.369183 0.662558 0.472662 0.410831 0.431564 0.606048 0.576876 0.396153 0.475598 0.536328 0.625313 0.471011 0.624579 0.459269 0.810989 0.524586 0.821998 0.465874 1.000000 0.675035 0.926211 0.135447 0.222818 0.094724 0.037136 0.426159 0.005583 0.009346 0.209569
0.425679 0.319611 0.444764 0.304196 0.422009 0.301260 0.496880 0.308600 0.429349 0.295387 0.560007 0.382004 0.434487 0.368057 0.659102 0.477428 0.416870 0.426780 0.599645 0.580927 0.399254 0.482567 0.536518 0.625704 0.468987 0.624236 0.466051 0.814351 0.514497 0.822425 0.471923 1.000000 0.674517 0.917116 0.122853 0.258071 0.083207 0.029237 0.421983 0.004589 0.007010 0.185641
0.428287 0.318071 0.447264 0.302742 0.424637 0.299823 0.499088 0.307852 0.431936 0.294713 0.557480 0.382302 0.440695 0.367704 0.653098 0.484489 0.426097 0.444345 0.586677 0.584487 0.401280 0.502737 0.536313 0.625362 0.465512 0.624632 0.480110 0.813678 0.496898 0.818057 0.488139 1.000000 0.661857 0.894698 0.104864 0.310353 0.064670 0.020553 0.426063 0.068007 0.002323 0.143525
0.427424 0.316362 0.445752 0.300967 0.423026 0.298034 0.497801 0.306098 0.431823 0.292903 0.554982 0.382339 0.442086 0.367678 0.648817 0.487904 0.435488 0.452716 0.578440 0.586138 0.402499 0.515761 0.536654 0.625724 0.466278 0.624258 0.483872 0.816327 0.484605 0.816327 0.499267 1.000000 0.653215 0.890369 0.109992 0.338009 0.062068 0.000346 0.429178 0.128803 0.003734 0.116274
0.425716 0.312094 0.444012 0.297457 0.422057 0.293797 0.494511 0.303312 0.433766 0.290138 0.548669 0.380889 0.445476 0.369179 0.637956 0.495792 0.444012 0.467249 0.558915 0.588007 0.406687 0.531653 0.538423 0.625332 0.467432 0.624600 0.486461 0.818544 0.463041 0.814152 0.518663 1.000000 0.632833 0.880752 0.134310 0.388388 0.070293 0.034667 0.435839 0.162440 0.007455 0.076255
0.424629 0.314024 0.444244 0.298769 0.421723 0.295136 0.494370 0.306033 0.434073 0.292230 0.544496 0.379406 0.448602 0.370689 0.628766 0.500726 0.455867 0.478932 0.545949 0.591535 0.415185 0.540682 0.538684 0.624952 0.468217 0.624952 0.490738 0.817466 0.447150 0.812381 0.529967 1.000000 0.621502 0.871951 0.140757 0.430832 0.070164 0.060136 0.428606 0.206763 0.008789 0.042067
0.422044 0.310098 0.441995 0.295320 0.419089 0.291625 0.492980 0.304187 0.432389 0.290147 0.538793 0.377340 0.450123 0.372906 0.616380 0.505911 0.458251 0.488916 0.520320 0.588670 0.422044 0.550246 0.541749 0.624877 0.469335 0.624877 0.501108 0.825124 0.428694 0.812562 0.545443 1.000000 0.602340 0.874631 0.134611 0.458604 0.067536 0.092101 0.446459 0.192021 0.014117 0.004143
