0.582967 0.275033 0.580839 0.260141 0.570203 0.260141 0.523401 0.277160 0.527656 0.279287 0.500000 0.381400 0.504255 0.368636 0.555311 0.521805 0.406397 0.466494 0.648915 0.468622 0.495745 0.570734 0.468090 0.623918 0.527656 0.626046 0.421288 0.834526 0.663806 0.783470 0.285138 1.000000 0.617004 0.998332 0.145172 0.295243 0.027961 0.198116 0.545017 0.475563 0.005418 0.296579
0.572959 0.275223 0.570813 0.262348 0.557938 0.262348 0.517167 0.275223 0.512875 0.277369 0.510729 0.378223 0.491417 0.371786 0.564375 0.513412 0.388416 0.466203 0.643772 0.451182 0.472104 0.567058 0.472104 0.624995 0.525750 0.624995 0.392708 0.833142 0.648063 0.803100 0.233915 0.987643 0.656647 1.000000 0.138366 0.178951 0.066573 0.148652 0.591357 0.484306 0.002733 0.307546
0.567268 0.276840 0.565133 0.259756 0.552320 0.261891 0.518152 0.274704 0.509610 0.274704 0.522423 0.377209 0.486119 0.372938 0.567268 0.503203 0.381480 0.466900 0.633469 0.447680 0.473306 0.562997 0.475442 0.624927 0.516016 0.624927 0.398564 0.834206 0.627062 0.808580 0.221317 0.947388 0.663366 1.000000 0.207050 0.119507 0.052399 0.135517 0.613303 0.509864 0.010878 0.285166
0.567012 0.273969 0.562757 0.256950 0.552120 0.259077 0.511700 0.271842 0.511700 0.273969 0.520210 0.376082 0.484045 0.373954 0.564884 0.510105 0.392569 0.478195 0.630832 0.450539 0.492554 0.563289 0.486172 0.624982 0.509573 0.624982 0.432988 0.846226 0.620195 0.810061 0.228763 0.918556 0.641469 1.000000 0.316561 0.139757 0.031831 0.139223 0.631412 0.504826 0.005418 0.246574
0.566174 0.269966 0.561973 0.255261 0.549368 0.255261 0.522058 0.267865 0.513655 0.272067 0.515756 0.375004 0.486345 0.375004 0.549368 0.513655 0.414919 0.492647 0.620794 0.465337 0.507353 0.559872 0.490547 0.624996 0.507353 0.624996 0.465337 0.839274 0.606089 0.795158 0.261563 0.870785 0.595585 1.000000 0.413887 0.183584 0.005285 0.140671 0.613612 0.473535 0.002676 0.204634
0.570985 0.273156 0.568928 0.260811 0.554525 0.260811 0.533949 0.273156 0.513374 0.277271 0.515432 0.369860 0.486626 0.380148 0.519547 0.489198 0.441360 0.513888 0.587446 0.522119 0.548352 0.569442 0.492799 0.622938 0.505144 0.627053 0.505144 0.828693 0.601848 0.795772 0.313792 0.849268 0.552467 0.976836 0.484980 0.250418 0.047467 0.141838 0.345326 0.451440 0.002619 0.146591
0.585408 0.271150 0.581028 0.258010 0.570078 0.255820 0.528469 0.273340 0.524089 0.273340 0.506570 0.369698 0.506570 0.380648 0.508760 0.507665 0.480290 0.538324 0.591978 0.558034 0.605118 0.573363 0.486860 0.621542 0.500000 0.628112 0.554749 0.836158 0.591978 0.829588 0.353273 0.884336 0.495620 1.000000 0.522805 0.291482 0.122380 0.144769 0.321698 0.465460 0.016738 0.038801
0.557260 0.283624 0.550653 0.268208 0.548451 0.268208 0.482382 0.279219 0.526428 0.281422 0.473572 0.371716 0.522023 0.378323 0.469168 0.486236 0.517618 0.488438 0.513214 0.561114 0.539641 0.572125 0.482382 0.620576 0.522023 0.629385 0.546248 0.814378 0.552855 0.845211 0.425122 0.920089 0.453752 1.000000 0.372930 0.209982 0.090067 0.045167 0.181490 0.094634 0.005608 0.056163
0.558545 0.271571 0.550181 0.256935 0.541818 0.256935 0.497909 0.273662 0.502091 0.275753 0.474909 0.369843 0.516727 0.380297 0.504182 0.499477 0.571090 0.514113 0.591999 0.493205 0.625453 0.495296 0.514636 0.622839 0.493727 0.627021 0.596180 0.794291 0.485364 0.831927 0.583635 0.999197 0.293003 0.886290 0.160776 0.399344 0.091735 0.016602 0.452007 0.483245 0.010651 0.154297
0.561700 0.277136 0.557445 0.262243 0.546807 0.262243 0.512765 0.272881 0.504255 0.275008 0.485107 0.366494 0.512765 0.383515 0.519148 0.470746 0.563827 0.498404 0.593614 0.485639 0.610634 0.500532 0.510638 0.621804 0.491490 0.628187 0.585103 0.804776 0.523403 0.847328 0.525531 1.000000 0.319155 0.877114 0.215181 0.499937 0.091303 0.073642 0.336703 0.352416 0.002710 0.076997
0.576795 0.278620 0.570439 0.261672 0.561965 0.263790 0.500530 0.278620 0.521714 0.280738 0.464516 0.365477 0.532307 0.384543 0.388251 0.390899 0.559847 0.509533 0.369184 0.365477 0.619164 0.541310 0.492056 0.623931 0.511122 0.626049 0.553491 0.820949 0.587387 0.820949 0.479345 0.996782 0.394606 0.871792 0.223241 0.536645 0.062426 0.146576 0.397584 0.274419 0.004047 0.022509
0.574898 0.266622 0.568385 0.251425 0.557530 0.253596 0.509769 0.270964 0.516282 0.273135 0.505427 0.370828 0.507598 0.379512 0.514111 0.505427 0.509769 0.522795 0.596608 0.533650 0.600950 0.557530 0.483718 0.620488 0.503256 0.629172 0.496744 0.831071 0.627001 0.809362 0.409905 1.000000 0.438128 0.896200 0.161127 0.554376 0.047274 0.197086 0.374570 0.379319 0.016593 0.171887
0.585547 0.273583 0.581449 0.261289 0.573253 0.261289 0.524076 0.275632 0.534321 0.279730 0.487194 0.371936 0.515880 0.378083 0.530223 0.492828 0.487194 0.507172 0.638821 0.474387 0.597841 0.542005 0.472850 0.623966 0.524076 0.626015 0.485145 0.818623 0.661361 0.757153 0.374497 0.976398 0.528174 0.892388 0.214755 0.504858 0.038173 0.246769 0.444696 0.472522 0.003914 0.237211
0.578508 0.274624 0.576371 0.259670 0.563554 0.259670 0.531510 0.272488 0.520829 0.276760 0.505875 0.377165 0.499466 0.372892 0.542191 0.498932 0.448196 0.498932 0.638323 0.469024 0.542191 0.567292 0.475967 0.624972 0.518692 0.624972 0.433242 0.830053 0.659686 0.761692 0.315747 1.000000 0.589189 0.958229 0.124493 0.364523 0.027147 0.230666 0.503747 0.422823 0.006800 0.320276
0.559510 0.291979 0.559510 0.275127 0.546870 0.275127 0.519485 0.279340 0.502633 0.279340 0.508953 0.378347 0.477355 0.372028 0.542657 0.500527 0.407839 0.483674 0.624812 0.454183 0.504740 0.555297 0.489994 0.624812 0.523699 0.624812 0.426798 0.805975 0.652197 0.772270 0.296192 0.976604 0.641665 0.970285 0.101116 0.245081 0.082400 0.170450 0.577807 0.474660 0.017443 0.335003
0.562174 0.281853 0.560031 0.266846 0.547167 0.268990 0.517152 0.279709 0.506432 0.283997 0.506432 0.378331 0.482848 0.371899 0.551455 0.506968 0.412098 0.485528 0.630781 0.451225 0.510720 0.569142 0.482848 0.624885 0.527871 0.624885 0.409954 0.826416 0.650076 0.783537 0.253446 0.974349 0.682236 1.000000 0.148491 0.162445 0.080118 0.152861 0.587810 0.453422 0.013653 0.319395
0.568659 0.273102 0.564368 0.258083 0.553640 0.258083 0.510728 0.273102 0.508582 0.275248 0.510728 0.376091 0.484981 0.373946 0.547203 0.496245 0.420613 0.491954 0.622300 0.442605 0.517165 0.567050 0.482835 0.622836 0.521456 0.627127 0.429195 0.830960 0.641610 0.788048 0.246818 0.938240 0.675940 0.994026 0.250456 0.151584 0.044460 0.158608 0.603616 0.448530 0.005464 0.284444
0.558284 0.274086 0.554157 0.261707 0.541779 0.261707 0.508768 0.276149 0.500516 0.280275 0.494326 0.373117 0.492263 0.377243 0.521147 0.474211 0.432432 0.486590 0.589231 0.447390 0.477821 0.507221 0.488137 0.624820 0.525274 0.624820 0.457190 0.816692 0.620178 0.779556 0.267381 0.880650 0.642873 0.981743 0.345645 0.139543 0.043076 0.132931 0.536905 0.523568 0.017083 0.226025
0.557850 0.276488 0.553643 0.261762 0.543125 0.261762 0.507363 0.274384 0.496845 0.276488 0.501052 0.375359 0.480015 0.375359 0.528399 0.497370 0.442150 0.507889 0.614649 0.482645 0.536814 0.558376 0.501052 0.623589 0.517881 0.625693 0.496845 0.831850 0.608338 0.793985 0.309620 0.869716 0.599923 0.991727 0.430050 0.170526 0.006430 0.109204 0.483641 0.432627 0.024129 0.163419
0.558015 0.275459 0.553718 0.260418 0.542974 0.262567 0.506446 0.277608 0.504297 0.284054 0.495703 0.367854 0.484959 0.382895 0.530082 0.470992 0.482810 0.529008 0.611733 0.473141 0.598841 0.567685 0.508595 0.621402 0.510744 0.627849 0.545123 0.812638 0.590246 0.810489 0.409754 0.889992 0.545123 0.999576 0.394828 0.205250 0.043906 0.097301 0.389209 0.402264 0.024647 0.070607
0.572357 0.275254 0.570165 0.257713 0.559201 0.259905 0.513156 0.273061 0.515348 0.273061 0.491229 0.367345 0.504385 0.382693 0.515348 0.494518 0.515348 0.527408 0.600862 0.520830 0.624981 0.547142 0.495615 0.621692 0.508771 0.628270 0.581128 0.805874 0.583320 0.823415 0.410102 0.858498 0.500000 1.000000 0.543345 0.255783 0.132872 0.110472 0.345324 0.419243 0.005583 0.022204
0.560862 0.277908 0.556591 0.262959 0.545913 0.262959 0.509610 0.273637 0.505339 0.275772 0.494661 0.367599 0.496797 0.382547 0.516016 0.495729 0.526694 0.519220 0.592894 0.514949 0.616385 0.521355 0.513881 0.619588 0.494661 0.630266 0.612114 0.773345 0.522423 0.813919 0.458358 0.890797 0.417783 0.984760 0.473324 0.222685 0.156736 0.050499 0.369452 0.423872 0.010878 0.133212
0.562763 0.275846 0.558544 0.261078 0.545886 0.263188 0.499473 0.275846 0.499473 0.277956 0.497363 0.370782 0.501582 0.379220 0.526899 0.495253 0.564873 0.497363 0.590189 0.493144 0.615505 0.491034 0.512131 0.619725 0.488924 0.630273 0.623944 0.754745 0.482595 0.818035 0.522679 0.906642 0.366562 0.974152 0.407328 0.192726 0.201300 0.005309 0.436447 0.383036 0.001342 0.230887
0.553155 0.285189 0.546579 0.269845 0.540003 0.269845 0.474245 0.285189 0.509316 0.282997 0.478628 0.375059 0.513700 0.375059 0.522467 0.482464 0.575074 0.475889 0.614529 0.495616 0.634257 0.486848 0.515892 0.620557 0.491780 0.629325 0.638641 0.771802 0.458901 0.833176 0.618913 0.964693 0.327384 0.997573 0.249456 0.163875 0.169065 0.023529 0.331480 0.267666 0.009770 0.267916
0.547441 0.283690 0.542923 0.267876 0.536146 0.267876 0.479668 0.281431 0.497741 0.281431 0.475150 0.374054 0.511296 0.376313 0.536146 0.480233 0.597142 0.482492 0.590365 0.468937 0.603919 0.464419 0.524850 0.622557 0.488704 0.627075 0.637806 0.794250 0.423190 0.834914 0.660397 0.997570 0.289902 1.000000 0.150003 0.110916 0.122393 0.068599 0.399402 0.669378 0.017267 0.282425
0.544312 0.293210 0.539936 0.280081 0.533371 0.280081 0.474288 0.293210 0.498359 0.291022 0.485229 0.374176 0.498359 0.376364 0.550877 0.448576 0.590265 0.444200 0.623089 0.452953 0.642783 0.455141 0.531183 0.623636 0.485229 0.625824 0.627466 0.805261 0.421770 0.829332 0.675607 0.995639 0.270781 0.967192 0.076322 0.168242 0.097175 0.079479 0.250601 0.137014 0.020911 0.251377
0.538101 0.289384 0.529634 0.274567 0.523284 0.274567 0.466132 0.293617 0.493650 0.289384 0.468249 0.371937 0.521167 0.378287 0.510584 0.448140 0.574086 0.469307 0.578320 0.452373 0.584670 0.458723 0.516934 0.623830 0.493650 0.625946 0.610071 0.782585 0.442848 0.812220 0.650289 0.970976 0.267158 0.913824 0.101933 0.248353 0.108109 0.049527 0.318717 0.582369 0.013480 0.253632
0.546865 0.292779 0.544606 0.276969 0.537831 0.276969 0.474591 0.283745 0.508470 0.283745 0.463299 0.371828 0.522021 0.378604 0.528796 0.473462 0.578484 0.493789 0.598811 0.473462 0.601070 0.482496 0.479109 0.624784 0.535572 0.624784 0.490401 0.839346 0.610104 0.819019 0.287133 0.909360 0.623655 1.000000 0.411149 0.096119 0.003129 0.099123 0.317780 0.502506 0.018702 0.099889
0.556751 0.271849 0.549872 0.258091 0.540700 0.260384 0.494841 0.271849 0.501720 0.278728 0.478790 0.368154 0.515478 0.381912 0.533821 0.491975 0.549872 0.524076 0.604904 0.517197 0.620954 0.526369 0.481083 0.622674 0.524650 0.627260 0.517771 0.838214 0.614075 0.815284 0.325161 0.870315 0.577388 1.000000 0.501098 0.200536 0.050798 0.129418 0.258338 0.414177 0.007299 0.087646
0.557140 0.272629 0.552379 0.258344 0.540474 0.260725 0.500000 0.275010 0.500000 0.275010 0.507143 0.372625 0.495238 0.377387 0.545236 0.498810 0.523808 0.520237 0.602376 0.536903 0.604757 0.551188 0.507143 0.622613 0.490477 0.627375 0.566664 0.834509 0.580949 0.839270 0.514285 1.000000 0.366673 0.886887 0.170602 0.558845 0.087167 0.134511 0.219509 0.320920 0.003031 0.041283
0.569293 0.271983 0.564555 0.255400 0.555079 0.255400 0.495854 0.269614 0.517175 0.271983 0.486378 0.371482 0.519544 0.378589 0.505330 0.518360 0.517175 0.527836 0.611935 0.530205 0.616673 0.570478 0.484009 0.622596 0.510068 0.627334 0.529020 0.842913 0.621411 0.826330 0.462688 1.000000 0.422415 0.880817 0.179290 0.577307 0.067151 0.174498 0.423930 0.376171 0.007542 0.098230
0.575095 0.274142 0.568216 0.260384 0.559044 0.262677 0.508599 0.276435 0.524650 0.281021 0.487962 0.370447 0.517771 0.379619 0.529235 0.498854 0.490255 0.517197 0.616368 0.491975 0.579681 0.583694 0.471911 0.622674 0.522357 0.627260 0.501720 0.829042 0.657642 0.783182 0.398536 1.000000 0.515478 0.927640 0.214011 0.474934 0.065891 0.221586 0.426084 0.359310 0.007299 0.181818
0.556823 0.273834 0.550071 0.258082 0.543320 0.260332 0.493811 0.273834 0.509564 0.278335 0.509564 0.372852 0.480309 0.377353 0.525317 0.489873 0.444302 0.498875 0.599580 0.478621 0.541070 0.584390 0.525317 0.622647 0.484810 0.627148 0.561324 0.807180 0.439802 0.827434 0.552322 0.978211 0.316029 0.998464 0.078076 0.129042 0.041292 0.076096 0.505271 0.361315 0.012897 0.131700
0.470123 0.296607 0.479316 0.280519 0.467825 0.280519 0.483912 0.287414 0.536772 0.282818 0.483912 0.377045 0.545964 0.374747 0.398878 0.450588 0.412667 0.448290 0.419562 0.289712 0.419562 0.292011 0.458632 0.625253 0.511491 0.622955 0.336826 0.790725 0.401176 0.795322 0.242599 0.947005 0.272476 0.960794 0.029276 0.029199 0.169675 0.137289 0.767677 0.674515 0.038132 0.020766
0.559368 0.315021 0.556869 0.305022 0.549369 0.302522 0.499375 0.317520 0.526872 0.307522 0.496875 0.380013 0.499375 0.370015 0.549369 0.490001 0.534371 0.465004 0.601864 0.417509 0.591865 0.407510 0.494376 0.624986 0.509374 0.624986 0.586865 0.804966 0.626861 0.802466 0.556869 1.000000 0.646858 1.000000 0.197917 0.158219 0.154349 0.173654 0.658758 0.637640 0.004774 0.035029
0.556540 0.280058 0.554279 0.264227 0.540709 0.266489 0.518093 0.275535 0.504523 0.282320 0.511308 0.377308 0.481907 0.372784 0.533924 0.492650 0.414059 0.479080 0.606296 0.460987 0.484169 0.553713 0.497738 0.623823 0.509046 0.626085 0.479646 0.813798 0.604034 0.802490 0.341687 0.960803 0.658313 0.992466 0.209674 0.068641 0.012720 0.123251 0.569642 0.420889 0.008640 0.187450
0.552312 0.278086 0.550110 0.264870 0.536894 0.264870 0.521476 0.278086 0.503855 0.282491 0.519273 0.375001 0.479626 0.375001 0.523678 0.480727 0.413547 0.476322 0.602973 0.452093 0.506057 0.553414 0.530286 0.623897 0.470815 0.626100 0.602973 0.797905 0.442181 0.822133 0.627201 0.998343 0.248350 0.881604 0.087661 0.359071 0.111877 0.035004 0.597052 0.462810 0.001401 0.172120
0.547660 0.278681 0.547660 0.265533 0.530130 0.265533 0.532321 0.278681 0.490687 0.283064 0.516982 0.377289 0.473157 0.372906 0.514791 0.513148 0.418375 0.489044 0.569573 0.587651 0.514791 0.559164 0.534513 0.624903 0.475348 0.624903 0.576147 0.808970 0.457818 0.822118 0.576147 1.000000 0.271559 0.848413 0.070807 0.427137 0.048309 0.030988 0.206949 0.440143 0.012558 0.099027
0.564305 0.265177 0.561415 0.247837 0.546965 0.247837 0.509393 0.262287 0.500723 0.265177 0.515173 0.375002 0.483382 0.375002 0.529624 0.507948 0.445810 0.490607 0.598987 0.539739 0.468931 0.583091 0.509393 0.623553 0.492052 0.626443 0.474711 0.794070 0.480492 0.791180 0.489162 0.958807 0.492052 0.958807 0.091720 0.044219 0.056469 0.033273 0.328739 0.178002 0.001838 0.041569
0.559478 0.281313 0.557075 0.264491 0.542656 0.266894 0.513818 0.274104 0.501802 0.281313 0.504206 0.370230 0.489787 0.379842 0.516221 0.485581 0.470561 0.492791 0.566687 0.548063 0.494593 0.572095 0.506609 0.620158 0.499399 0.629770 0.540253 0.793185 0.561881 0.795588 0.513818 0.951793 0.533043 0.956599 0.113699 0.171118 0.058070 0.102469 0.183226 0.147324 0.007650 0.053575
0.563382 0.280235 0.561013 0.263649 0.546796 0.266019 0.523102 0.277866 0.506516 0.277866 0.497038 0.372643 0.506516 0.377382 0.556274 0.502962 0.570490 0.514809 0.636835 0.500592 0.648682 0.493484 0.489930 0.621433 0.506516 0.628542 0.520733 0.794402 0.622618 0.782554 0.497038 0.969739 0.525471 0.938937 0.098853 0.382554 0.065189 0.205615 0.373560 0.446068 0.004526 0.149518
0.571960 0.259426 0.563495 0.242495 0.555029 0.242495 0.495767 0.256604 0.512699 0.262248 0.459081 0.372306 0.529631 0.377949 0.405464 0.479541 0.580426 0.507760 0.529631 0.471075 0.591714 0.490829 0.476013 0.623462 0.535275 0.626284 0.459081 0.801246 0.583248 0.798424 0.413930 0.942345 0.650976 0.956455 0.068357 0.042367 0.051651 0.079281 0.669253 0.694107 0.014377 0.116738
0.572643 0.260980 0.569519 0.239108 0.557021 0.242233 0.494532 0.251606 0.513279 0.254731 0.485159 0.373460 0.519528 0.376584 0.469537 0.507811 0.603888 0.485940 0.413296 0.539056 0.578892 0.495313 0.488283 0.623416 0.507030 0.626540 0.475785 0.795261 0.475785 0.795261 0.432043 0.948359 0.425794 0.954608 0.065476 0.038480 0.027088 0.042384 0.301738 0.594953 0.005968 0.035177
0.405181 0.288813 0.412077 0.268126 0.408629 0.271573 0.432765 0.278469 0.501724 0.271573 0.477588 0.375012 0.525860 0.375012 0.463797 0.481898 0.512068 0.499138 0.432765 0.561201 0.439661 0.547409 0.474140 0.626712 0.522412 0.623264 0.429317 0.778422 0.498276 0.774974 0.439661 0.933579 0.529308 0.902548 0.112634 0.126171 0.087084 0.045799 0.077879 0.277610 0.004390 0.041225
0.557749 0.285173 0.555439 0.266693 0.541579 0.269003 0.506930 0.275933 0.500000 0.280553 0.516170 0.375262 0.467660 0.375262 0.548509 0.504620 0.412221 0.490760 0.610878 0.451491 0.506930 0.569299 0.530030 0.622428 0.486140 0.627048 0.597019 0.784126 0.525410 0.788746 0.594709 0.906554 0.513860 0.913484 0.131025 0.105225 0.107189 0.052515 0.646610 0.422073 0.020602 0.049184
0.560579 0.272830 0.558249 0.258851 0.544269 0.258851 0.520970 0.272830 0.500000 0.275160 0.504660 0.375348 0.476701 0.375348 0.530289 0.496505 0.406802 0.494175 0.614167 0.445246 0.504660 0.564074 0.497670 0.622322 0.520970 0.626982 0.451071 0.801728 0.628147 0.804058 0.355543 0.939195 0.677076 1.000000 0.112421 0.101058 0.071884 0.117818 0.608252 0.471821 0.023755 0.254140
0.554372 0.269621 0.549887 0.256168 0.538677 0.256168 0.509529 0.271863 0.505045 0.271863 0.509529 0.377243 0.489350 0.372759 0.540919 0.505045 0.426570 0.480381 0.614909 0.455718 0.514013 0.549887 0.484866 0.626120 0.516255 0.623878 0.451234 0.841364 0.612667 0.798764 0.437781 1.000000 0.659752 1.000000 0.025801 0.089682 0.017896 0.126398 0.610503 0.454312 0.001428 0.209710
0.553159 0.266441 0.548635 0.252869 0.537324 0.255131 0.503393 0.273227 0.503393 0.273227 0.514703 0.375020 0.480772 0.375020 0.535062 0.513007 0.431007 0.501697 0.600662 0.481338 0.528276 0.560510 0.496607 0.623848 0.507917 0.626111 0.467200 0.838745 0.607448 0.811601 0.421958 1.000000 0.605186 1.000000 0.034690 0.160186 0.020180 0.122484 0.596536 0.446047 0.005760 0.200052
0.555218 0.265761 0.550568 0.251811 0.538943 0.254136 0.515693 0.268086 0.501744 0.272736 0.513368 0.370384 0.480819 0.379684 0.531968 0.481982 0.448270 0.514531 0.608692 0.491281 0.548243 0.556380 0.497094 0.623804 0.508719 0.626129 0.499419 0.842349 0.606367 0.809800 0.313423 0.856299 0.564517 0.979522 0.479558 0.232492 0.023800 0.119657 0.409036 0.449200 0.007401 0.152154
0.565421 0.271028 0.558411 0.254673 0.551402 0.257009 0.495327 0.271028 0.509346 0.273364 0.504673 0.373832 0.495327 0.376168 0.525701 0.502336 0.492991 0.500000 0.598131 0.546729 0.598131 0.553738 0.500000 0.623832 0.500000 0.626168 0.560748 0.813084 0.581776 0.810748 0.530374 1.000000 0.532710 1.000000 0.150144 0.212554 0.104816 0.126802 0.273347 0.355605 0.000004 0.033884
