0.500000 0.276405 0.500000 0.253174 0.511615 0.253174 0.441923 0.264789 0.534846 0.264789 0.407077 0.380943 0.581307 0.369327 0.360616 0.508712 0.627769 0.485481 0.360616 0.624865 0.616153 0.555173 0.453539 0.624865 0.558077 0.624865 0.465154 0.799095 0.546461 0.822326 0.465154 0.961710 0.546461 1.000000 0.021189 0.018703 0.038723 0.010155 0.111017 0.173687 0.014794 0.039892
0.520343 0.276223 0.508719 0.264599 0.520343 0.264599 0.438970 0.276223 0.531968 0.264599 0.415720 0.380846 0.578467 0.369221 0.357597 0.497094 0.624966 0.485469 0.380846 0.566842 0.624966 0.531968 0.450595 0.624966 0.555218 0.624966 0.462220 0.822587 0.543593 0.810962 0.473844 1.000000 0.543593 0.996959 0.000003 0.019869 0.026465 0.008989 0.250000 0.121119 0.007402 0.038571
0.532609 0.288043 0.521739 0.266304 0.532609 0.266304 0.456522 0.277174 0.532609 0.277174 0.423913 0.375000 0.576087 0.375000 0.369565 0.505435 0.619565 0.483696 0.391304 0.581522 0.619565 0.559783 0.445652 0.625000 0.554348 0.625000 0.467391 0.831522 0.543478 0.809783 0.467391 1.000000 0.543478 0.983696 0.033383 0.018703 0.005773 0.008907 0.214251 0.121119 0.000009 0.052086
0.529884 0.288094 0.519017 0.266360 0.529884 0.266360 0.453815 0.277227 0.540751 0.277227 0.421214 0.375030 0.573352 0.375030 0.388613 0.494567 0.616820 0.494567 0.399480 0.592369 0.616820 0.559768 0.453815 0.624970 0.551618 0.624970 0.475549 0.831443 0.540751 0.820576 0.464682 1.000000 0.540751 1.000000 0.053252 0.017666 0.007902 0.009943 0.119974 0.111017 0.006919 0.051049
0.524451 0.277227 0.524451 0.255493 0.524451 0.255493 0.470116 0.266360 0.546185 0.266360 0.426648 0.375030 0.578786 0.375030 0.394047 0.494567 0.622254 0.494567 0.426648 0.570635 0.633121 0.548901 0.448382 0.624970 0.546185 0.624970 0.470116 0.831443 0.546185 0.820576 0.459249 1.000000 0.535318 0.994448 0.050121 0.019869 0.005773 0.041285 0.213632 0.048184 0.006919 0.033383
0.531242 0.284147 0.531242 0.261425 0.531242 0.261425 0.474438 0.261425 0.542603 0.261425 0.417635 0.375032 0.576685 0.375032 0.372192 0.488639 0.633488 0.500000 0.417635 0.568164 0.644849 0.568164 0.451717 0.624968 0.553963 0.624968 0.463078 0.818100 0.542603 0.829460 0.463078 0.977149 0.531242 1.000000 0.018703 0.001033 0.024437 0.011192 0.286368 0.083231 0.007234 0.036368
0.525562 0.278466 0.525562 0.267106 0.525562 0.267106 0.468758 0.267106 0.536922 0.267106 0.423315 0.369352 0.582365 0.380713 0.366512 0.494320 0.627808 0.505680 0.377872 0.562484 0.650529 0.573845 0.446037 0.619287 0.548283 0.630648 0.457397 0.812419 0.536922 0.823780 0.446037 0.982830 0.514201 1.000000 0.039892 0.016521 0.010155 0.024437 0.188368 0.008601 0.007234 0.037405
0.514201 0.278466 0.514201 0.267106 0.514201 0.267106 0.468758 0.267106 0.548283 0.267106 0.423315 0.369352 0.582365 0.380713 0.355151 0.482959 0.639169 0.517041 0.366512 0.562484 0.605087 0.551123 0.446037 0.619287 0.548283 0.630648 0.457397 0.801059 0.536922 0.823780 0.446037 0.948748 0.525562 1.000000 0.044306 0.000003 0.008989 0.024437 0.217188 0.375666 0.007234 0.038571
0.513295 0.279305 0.513295 0.268669 0.513295 0.268669 0.460115 0.268669 0.534567 0.268669 0.428208 0.375028 0.577110 0.375028 0.375028 0.481387 0.640926 0.502659 0.375028 0.566474 0.619654 0.523931 0.449480 0.619654 0.545203 0.630290 0.460115 0.800464 0.534567 0.821736 0.438844 0.949366 0.513295 1.000000 0.063870 0.017558 0.008907 0.021917 0.147584 0.397584 0.006771 0.036368
0.523931 0.284623 0.513295 0.273987 0.523931 0.273987 0.460115 0.284623 0.534567 0.273987 0.428208 0.380346 0.577110 0.369710 0.375028 0.486705 0.640926 0.486705 0.364392 0.582428 0.640926 0.539885 0.449480 0.624972 0.545203 0.624972 0.449480 0.784510 0.534567 0.816418 0.449480 0.933413 0.523931 1.000000 0.000003 0.000930 0.027610 0.021917 0.112360 0.158947 0.006771 0.017665
0.500000 0.295213 0.489362 0.273936 0.500000 0.273936 0.446809 0.284574 0.531915 0.284574 0.425532 0.380319 0.574468 0.369681 0.382979 0.497340 0.638298 0.486702 0.351064 0.582447 0.670213 0.539894 0.446809 0.625000 0.553191 0.625000 0.457447 0.795213 0.542553 0.816489 0.468085 0.965425 0.531915 1.000000 0.000003 0.000930 0.007741 0.008799 0.003182 0.013074 0.000009 0.037534
0.483696 0.288043 0.472826 0.277174 0.483696 0.277174 0.440217 0.288043 0.516304 0.277174 0.429348 0.375000 0.570652 0.375000 0.375000 0.494565 0.635870 0.483696 0.342391 0.581522 0.657609 0.527174 0.451087 0.625000 0.548913 0.625000 0.451087 0.820652 0.538043 0.831522 0.461957 1.000000 0.538043 1.000000 0.018703 0.016738 0.027610 0.010872 0.021599 0.024437 0.000009 0.016738
0.444162 0.284623 0.444162 0.273987 0.454797 0.273987 0.433526 0.284623 0.507977 0.273987 0.422890 0.380346 0.571792 0.369710 0.390982 0.497341 0.646244 0.476069 0.359074 0.571792 0.646244 0.539885 0.454797 0.624972 0.550520 0.624972 0.454797 0.805782 0.539885 0.827054 0.465433 0.997228 0.529249 1.000000 0.017666 0.001597 0.041285 0.009728 0.044130 0.194400 0.006771 0.016738
0.437554 0.297051 0.437554 0.286643 0.447962 0.286643 0.437554 0.286643 0.510408 0.286643 0.427147 0.380312 0.562446 0.369905 0.385516 0.505204 0.635299 0.484389 0.354293 0.578057 0.624892 0.546834 0.458369 0.630095 0.552038 0.619688 0.458369 0.827841 0.531223 0.827841 0.479185 1.000000 0.531223 1.000000 0.035223 0.031725 0.039584 0.018470 0.026465 0.232964 0.013255 0.031725
0.437554 0.297051 0.437554 0.276236 0.447962 0.276236 0.427147 0.286643 0.510408 0.276236 0.427147 0.380312 0.562446 0.369905 0.385516 0.505204 0.635299 0.484389 0.354293 0.578057 0.614484 0.546834 0.458369 0.630095 0.552038 0.619688 0.458369 0.827841 0.531223 0.817433 0.479185 1.000000 0.531223 1.000000 0.035223 0.033383 0.039584 0.020128 0.026465 0.282812 0.013255 0.033383
0.438954 0.290320 0.438954 0.279704 0.449571 0.279704 0.428337 0.290320 0.502654 0.279704 0.417721 0.385871 0.566354 0.364637 0.385871 0.513271 0.640671 0.481421 0.354020 0.576971 0.619438 0.534504 0.460187 0.630054 0.555738 0.619438 0.460187 0.831772 0.534504 0.799922 0.481421 1.000000 0.545121 0.937939 0.033383 0.061714 0.054810 0.024022 0.069604 0.301514 0.020290 0.037277
0.441796 0.286585 0.441796 0.264412 0.452882 0.264412 0.430709 0.275498 0.497228 0.264412 0.419623 0.386363 0.563747 0.364190 0.386363 0.508315 0.641353 0.475055 0.364190 0.597007 0.641353 0.552661 0.463969 0.630266 0.552661 0.619180 0.475055 0.818737 0.552661 0.796564 0.497228 1.000000 0.552661 0.951775 0.016521 0.000003 0.038547 0.013831 0.006771 0.194400 0.021189 0.018703
0.469512 0.286585 0.458426 0.264412 0.469512 0.264412 0.425166 0.275498 0.513858 0.264412 0.414080 0.386363 0.569291 0.364190 0.380820 0.519401 0.646896 0.475055 0.369734 0.597007 0.635810 0.541574 0.458426 0.630266 0.558204 0.619180 0.480599 0.807650 0.558204 0.785477 0.502772 0.985034 0.558204 0.940688 0.000003 0.000003 0.017666 0.013831 0.032812 0.246969 0.021189 0.039583
0.468200 0.290650 0.457600 0.280050 0.468200 0.280050 0.436400 0.290650 0.500000 0.280050 0.415200 0.386050 0.563600 0.364850 0.372800 0.523850 0.637800 0.470850 0.383400 0.587450 0.616600 0.545050 0.457600 0.629850 0.563600 0.619250 0.478800 0.788849 0.553000 0.778249 0.500000 0.947849 0.553000 0.926649 0.000003 0.021189 0.012618 0.021190 0.147584 0.282986 0.027025 0.063382
0.470804 0.290320 0.470804 0.269087 0.481421 0.269087 0.438954 0.279704 0.513271 0.269087 0.417721 0.385871 0.566354 0.364637 0.375254 0.523888 0.630054 0.481421 0.385871 0.576971 0.619438 0.534504 0.460187 0.630054 0.555738 0.619438 0.481421 0.821155 0.545121 0.799922 0.502654 1.000000 0.555738 0.969789 0.001843 0.038571 0.019587 0.005448 0.157848 0.221780 0.020290 0.053926
0.468822 0.290260 0.468822 0.267585 0.480160 0.267585 0.434810 0.278922 0.514172 0.267585 0.412136 0.380958 0.570858 0.369621 0.366787 0.517006 0.638882 0.482994 0.366787 0.607705 0.638882 0.528343 0.457485 0.630379 0.559521 0.619042 0.480160 0.845788 0.548184 0.823113 0.491497 1.000000 0.548184 1.000000 0.015717 0.017666 0.023866 0.003204 0.102416 0.172021 0.021669 0.051049
0.486493 0.294688 0.486493 0.273076 0.486493 0.273076 0.432463 0.294688 0.508104 0.283882 0.410851 0.381135 0.562134 0.370329 0.367628 0.521612 0.637775 0.478388 0.389239 0.618865 0.648581 0.532418 0.464881 0.629671 0.562134 0.618865 0.486493 0.856595 0.551328 0.813372 0.497299 1.000000 0.540522 1.000000 0.016393 0.000000 0.037913 0.017665 0.164620 0.131567 0.034464 0.047890
0.507797 0.297271 0.497401 0.276478 0.507797 0.276478 0.445419 0.286874 0.518194 0.276478 0.424626 0.380442 0.559779 0.370045 0.372644 0.515595 0.622157 0.474009 0.393437 0.619558 0.632554 0.536387 0.466212 0.629955 0.549383 0.619558 0.487005 0.827486 0.549383 0.806693 0.497401 1.000000 0.538986 0.983432 0.017481 0.018703 0.019185 0.013255 0.179708 0.119452 0.019869 0.033383
0.521719 0.282814 0.521719 0.261095 0.521719 0.261095 0.456563 0.271955 0.521719 0.271955 0.423985 0.380548 0.565156 0.369688 0.369688 0.500000 0.630312 0.478281 0.402266 0.608593 0.641171 0.532578 0.456563 0.630312 0.554297 0.619452 0.489141 0.825779 0.554297 0.814920 0.500000 1.000000 0.543437 0.999528 0.034903 0.018703 0.011282 0.013831 0.228573 0.109188 0.013831 0.052568
0.518225 0.291712 0.518225 0.270883 0.518225 0.270883 0.455739 0.281297 0.528640 0.281297 0.424496 0.375027 0.570297 0.375027 0.372424 0.500000 0.632784 0.479171 0.403667 0.604144 0.653612 0.541658 0.455739 0.624973 0.549468 0.624973 0.486982 0.822847 0.549468 0.812432 0.486982 1.000000 0.539054 1.000000 0.049848 0.016738 0.010265 0.026465 0.218439 0.069604 0.006630 0.049848
0.502604 0.281297 0.502604 0.260469 0.502604 0.260469 0.450532 0.270883 0.533847 0.270883 0.419288 0.375027 0.575504 0.375027 0.356802 0.489586 0.637991 0.489586 0.398460 0.552072 0.637991 0.552072 0.450532 0.624973 0.554676 0.624973 0.481775 0.822847 0.554676 0.812432 0.481775 0.999892 0.533847 0.989477 0.049848 0.037277 0.010265 0.026465 0.346114 0.158947 0.006630 0.049848
0.479167 0.291667 0.479167 0.270833 0.489583 0.270833 0.447917 0.281250 0.531250 0.281250 0.427083 0.375000 0.572917 0.375000 0.364583 0.489583 0.645833 0.489583 0.385417 0.572917 0.625000 0.562500 0.447917 0.625000 0.552083 0.625000 0.479167 0.802083 0.541667 0.812500 0.468750 0.979167 0.531250 0.989583 0.074302 0.001033 0.029135 0.008799 0.236926 0.268981 0.000009 0.073266
0.497283 0.277227 0.486416 0.266360 0.497283 0.266360 0.442948 0.277227 0.529884 0.266360 0.421214 0.375030 0.573352 0.375030 0.366879 0.494567 0.649421 0.494567 0.377746 0.570635 0.616820 0.559768 0.453815 0.624970 0.551618 0.624970 0.464682 0.820576 0.540751 0.820576 0.464682 1.000000 0.529884 1.000000 0.017666 0.000000 0.023620 0.009943 0.180967 0.327979 0.006919 0.035331
0.510417 0.281250 0.500000 0.270833 0.510417 0.270833 0.447917 0.281250 0.520833 0.270833 0.427083 0.375000 0.572917 0.375000 0.375000 0.489583 0.645833 0.479167 0.385417 0.572917 0.635417 0.531250 0.447917 0.625000 0.552083 0.625000 0.468750 0.802083 0.541667 0.812500 0.468750 0.968750 0.541667 1.000000 0.037277 0.017666 0.010812 0.008799 0.175383 0.257233 0.000009 0.054943
0.486982 0.291712 0.486982 0.270883 0.486982 0.281297 0.445324 0.281297 0.518225 0.281297 0.424496 0.375027 0.570297 0.375027 0.382838 0.489586 0.643198 0.489586 0.372424 0.572901 0.622369 0.520829 0.455739 0.624973 0.549468 0.624973 0.455739 0.791603 0.539054 0.802018 0.476568 0.937405 0.539054 0.979063 0.045167 0.018703 0.039583 0.007763 0.071434 0.367563 0.006630 0.018703
0.489804 0.288441 0.479609 0.268050 0.489804 0.268050 0.438826 0.288441 0.510196 0.278246 0.428631 0.380202 0.561174 0.370006 0.398044 0.492353 0.642738 0.461767 0.387848 0.573918 0.663129 0.512744 0.459218 0.624896 0.550978 0.624896 0.459218 0.788025 0.550978 0.808417 0.479609 0.961351 0.550978 1.000000 0.037277 0.000002 0.039583 0.012726 0.045167 0.110178 0.012985 0.000003
0.443924 0.298637 0.443924 0.288441 0.454120 0.288441 0.433729 0.288441 0.505098 0.278246 0.423533 0.380202 0.566271 0.370006 0.403142 0.482158 0.637640 0.482158 0.382751 0.563722 0.617249 0.553527 0.464315 0.624896 0.545880 0.624896 0.454120 0.798221 0.545880 0.808417 0.474511 0.971546 0.545880 0.991937 0.055980 0.000003 0.071271 0.025410 0.015146 0.268981 0.012985 0.018703
0.459218 0.298637 0.449022 0.278246 0.459218 0.278246 0.428631 0.288441 0.500000 0.278246 0.428631 0.380202 0.561174 0.370006 0.408240 0.482158 0.642738 0.471962 0.377653 0.573918 0.632543 0.553527 0.459218 0.624896 0.550978 0.624896 0.469413 0.808417 0.550978 0.828808 0.489804 0.991937 0.561174 1.000000 0.017558 0.015146 0.021917 0.012726 0.039583 0.254360 0.012985 0.017666
0.446529 0.293754 0.446529 0.273383 0.456714 0.273383 0.426159 0.283569 0.497454 0.273383 0.426159 0.385419 0.558564 0.365049 0.405789 0.487269 0.650229 0.466899 0.375234 0.568749 0.629859 0.548379 0.466899 0.629859 0.548379 0.619674 0.466899 0.813189 0.548379 0.823374 0.487269 0.996519 0.568749 1.000000 0.035224 0.033383 0.052569 0.012726 0.051367 0.311241 0.019464 0.000002
0.423723 0.304223 0.423723 0.283882 0.433893 0.283882 0.413553 0.294052 0.484745 0.283882 0.423723 0.385585 0.555936 0.365244 0.393212 0.497457 0.647469 0.456776 0.372872 0.578819 0.616958 0.517798 0.464404 0.629671 0.555936 0.619500 0.464404 0.822905 0.545766 0.822905 0.484745 1.000000 0.576277 1.000000 0.033383 0.065750 0.052569 0.015902 0.006771 0.397584 0.025927 0.015902
0.436554 0.304586 0.426403 0.284283 0.436554 0.284283 0.416251 0.294435 0.487311 0.284283 0.416251 0.385797 0.558370 0.365494 0.406100 0.507614 0.639581 0.467008 0.375646 0.578673 0.619279 0.517765 0.467008 0.629430 0.558370 0.619279 0.477159 0.832457 0.548219 0.802003 0.507614 1.000000 0.588825 0.954274 0.036666 0.100618 0.049477 0.017666 0.102416 0.335896 0.032368 0.033568
0.426440 0.290636 0.426440 0.279319 0.426440 0.279319 0.415123 0.279319 0.494342 0.268002 0.415123 0.381172 0.562243 0.369855 0.392489 0.505659 0.652779 0.460391 0.381172 0.584877 0.675413 0.516975 0.460391 0.630145 0.562243 0.618828 0.483025 0.822534 0.573560 0.799900 0.505659 0.992288 0.607511 0.958337 0.004915 0.047325 0.019972 0.019869 0.012082 0.128881 0.028858 0.017408
0.460391 0.279319 0.449074 0.268002 0.460391 0.268002 0.426440 0.279319 0.505659 0.268002 0.415123 0.381172 0.562243 0.369855 0.381172 0.505659 0.652779 0.471708 0.381172 0.584877 0.675413 0.539609 0.460391 0.630145 0.562243 0.618828 0.483025 0.799900 0.573560 0.788583 0.505659 0.958337 0.607511 0.947020 0.002974 0.046004 0.015057 0.021189 0.084751 0.128881 0.028858 0.021003
0.471508 0.287608 0.461148 0.277247 0.471508 0.277247 0.430066 0.287608 0.502590 0.277247 0.419705 0.380853 0.554393 0.370492 0.378263 0.494820 0.616557 0.474098 0.388623 0.567344 0.626917 0.567344 0.471508 0.629508 0.554393 0.619147 0.492230 0.805638 0.554393 0.774556 0.523311 1.000000 0.595836 0.909244 0.012571 0.095015 0.028103 0.000002 0.156184 0.136798 0.033038 0.037277
0.464404 0.283882 0.464404 0.273712 0.464404 0.273712 0.433893 0.283882 0.505085 0.273712 0.423723 0.385585 0.555936 0.365244 0.372872 0.507628 0.637298 0.456776 0.383042 0.548309 0.627128 0.507628 0.464404 0.629671 0.555936 0.619500 0.494915 0.812735 0.545766 0.761884 0.535596 1.000000 0.596617 0.883927 0.010264 0.148364 0.000002 0.022698 0.203645 0.294130 0.025927 0.075266
0.462900 0.295950 0.452300 0.274750 0.462900 0.274750 0.431100 0.285350 0.505300 0.274750 0.420500 0.380750 0.558300 0.370150 0.378100 0.507950 0.632500 0.476150 0.409900 0.560950 0.621900 0.539750 0.462900 0.624550 0.558300 0.624550 0.494700 0.815349 0.558300 0.794149 0.515900 0.995549 0.568900 0.953149 0.015291 0.021189 0.002241 0.000002 0.274437 0.246969 0.027025 0.052568
0.478800 0.280050 0.468200 0.258850 0.478800 0.269450 0.436400 0.269450 0.510600 0.269450 0.415200 0.386050 0.563600 0.364850 0.362200 0.502650 0.627200 0.470850 0.362200 0.534450 0.606000 0.523850 0.468200 0.629850 0.553000 0.619250 0.489400 0.820649 0.542400 0.788849 0.521200 1.000000 0.553000 0.979649 0.012171 0.037534 0.032914 0.006613 0.135800 0.293140 0.027025 0.055092
0.484745 0.283882 0.484745 0.273712 0.494915 0.273712 0.444064 0.273712 0.515255 0.273712 0.413553 0.385585 0.566107 0.365244 0.362702 0.507628 0.627128 0.477117 0.413553 0.538138 0.616958 0.548309 0.464404 0.629671 0.555936 0.619500 0.494915 0.833076 0.545766 0.802565 0.535596 1.000000 0.555936 0.975459 0.012519 0.036368 0.017986 0.004940 0.453645 0.204114 0.025927 0.065059
0.502599 0.286874 0.492203 0.266081 0.502599 0.266081 0.440221 0.276478 0.512995 0.276478 0.419428 0.380442 0.564977 0.370045 0.357050 0.505198 0.616959 0.494802 0.409032 0.536387 0.606563 0.567576 0.461014 0.629955 0.554581 0.619558 0.481806 0.817090 0.554581 0.785900 0.523392 1.000000 0.554581 0.952243 0.027610 0.000003 0.017345 0.013255 0.475563 0.170833 0.019869 0.035223
0.502712 0.283070 0.491865 0.261377 0.502712 0.261377 0.448479 0.272223 0.524405 0.272223 0.415939 0.380688 0.567791 0.369842 0.361707 0.500000 0.632870 0.489153 0.405093 0.575926 0.632870 0.575926 0.459326 0.630158 0.556944 0.619312 0.481019 0.814549 0.556944 0.814549 0.524405 1.000000 0.556944 0.998940 0.032328 0.000003 0.017534 0.013831 0.301049 0.158947 0.020730 0.037277
0.515293 0.288441 0.515293 0.268050 0.525489 0.268050 0.454120 0.278246 0.525489 0.278246 0.423533 0.380202 0.566271 0.370006 0.362359 0.492353 0.627445 0.492353 0.423533 0.543331 0.627445 0.553527 0.464315 0.624896 0.545880 0.624896 0.494902 0.808417 0.545880 0.798221 0.525489 0.981742 0.535685 0.971546 0.003031 0.018703 0.000002 0.025411 0.437805 0.147584 0.012985 0.052568
0.497283 0.277227 0.497283 0.266360 0.508150 0.266360 0.453815 0.266360 0.529884 0.266360 0.421214 0.375030 0.573352 0.375030 0.356012 0.483700 0.638554 0.483700 0.399480 0.559768 0.638554 0.548901 0.453815 0.624970 0.551618 0.624970 0.475549 0.798842 0.551618 0.798842 0.497283 0.972714 0.551618 0.972714 0.000003 0.000003 0.001701 0.027610 0.337270 0.172021 0.006919 0.039583
0.513018 0.291712 0.502604 0.270883 0.513018 0.270883 0.460946 0.281297 0.533847 0.281297 0.429703 0.375027 0.575504 0.375027 0.367216 0.479171 0.637991 0.489586 0.377631 0.552072 0.658820 0.552072 0.450532 0.624973 0.544261 0.624973 0.471360 0.802018 0.533847 0.802018 0.492189 0.979063 0.533847 0.979063 0.000003 0.018703 0.010812 0.020881 0.217188 0.056531 0.006630 0.055980
0.522954 0.293410 0.522954 0.273006 0.522954 0.273006 0.461743 0.283208 0.533156 0.283208 0.431137 0.375026 0.573964 0.375026 0.369925 0.466844 0.635176 0.487248 0.369925 0.548459 0.665782 0.548459 0.451541 0.619873 0.543358 0.630075 0.471945 0.793306 0.543358 0.803508 0.492349 0.966740 0.543358 0.997345 0.000003 0.000003 0.010812 0.038015 0.187167 0.011364 0.006496 0.037277
0.515625 0.291667 0.515625 0.270833 0.515625 0.270833 0.463542 0.281250 0.526042 0.281250 0.421875 0.375000 0.578125 0.375000 0.369792 0.479167 0.640625 0.489583 0.369792 0.562500 0.682292 0.562500 0.453125 0.625000 0.546875 0.625000 0.463542 0.770833 0.546875 0.802083 0.473958 0.906250 0.536458 0.979167 0.001734 0.018703 0.016886 0.039583 0.147584 0.006303 0.000009 0.022698
