0.491176 0.269118 0.514706 0.251471 0.473529 0.251471 0.538235 0.257353 0.444118 0.257353 0.602941 0.375000 0.397059 0.375000 0.655882 0.463235 0.350000 0.492647 0.614706 0.533824 0.450000 0.522059 0.561765 0.622059 0.438235 0.627941 0.538235 0.822059 0.450000 0.822059 0.526471 0.986765 0.473529 0.980882 0.014579 0.027548 0.015292 0.032099 0.340112 0.530066 0.000007 0.056545
0.500000 0.270349 0.517442 0.252907 0.476744 0.252907 0.540698 0.258721 0.447674 0.258721 0.604651 0.375000 0.395349 0.375000 0.645349 0.468023 0.348837 0.491279 0.610465 0.537791 0.453488 0.514535 0.563954 0.625000 0.436047 0.625000 0.540698 0.816860 0.447674 0.822674 0.523256 0.997093 0.470930 0.973837 0.007687 0.029887 0.012971 0.032665 0.278858 0.551514 0.000007 0.057098
0.501420 0.272742 0.518465 0.250016 0.478695 0.250016 0.546872 0.261379 0.450287 0.261379 0.603686 0.375008 0.399154 0.375008 0.637775 0.471593 0.348021 0.488637 0.603686 0.539770 0.455969 0.511363 0.558235 0.624992 0.438924 0.624992 0.541191 0.818161 0.444606 0.812480 0.524146 0.999968 0.467332 0.954516 0.001738 0.040859 0.029235 0.040577 0.255584 0.568550 0.003618 0.037656
0.504259 0.267181 0.521294 0.244467 0.481545 0.250145 0.549687 0.255824 0.453152 0.261502 0.600794 0.375073 0.407724 0.375073 0.640543 0.477286 0.356617 0.482964 0.606472 0.545428 0.453152 0.517036 0.555366 0.624927 0.436117 0.624927 0.538330 0.817997 0.441795 0.806640 0.526973 1.000000 0.458831 0.942924 0.008746 0.029639 0.029235 0.026073 0.265642 0.532812 0.010848 0.037958
0.511225 0.268492 0.528062 0.246043 0.488775 0.251655 0.550511 0.257268 0.455101 0.262880 0.601022 0.375126 0.410203 0.375126 0.634695 0.476148 0.354080 0.481760 0.606634 0.543495 0.449489 0.521046 0.550511 0.627680 0.438265 0.622068 0.539286 0.824111 0.438265 0.807274 0.528062 1.000000 0.455101 0.930745 0.000000 0.043140 0.044663 0.036017 0.228082 0.529880 0.014297 0.018169
0.516448 0.271101 0.532896 0.254654 0.494517 0.254654 0.554826 0.265619 0.461622 0.265619 0.604169 0.380753 0.412278 0.369788 0.637065 0.484923 0.357452 0.479440 0.604169 0.550714 0.439691 0.528784 0.549343 0.627470 0.434209 0.621988 0.538378 0.819362 0.439691 0.797431 0.532896 1.000000 0.456139 0.907083 0.009329 0.037449 0.051435 0.017666 0.244948 0.475563 0.020957 0.028113
0.519368 0.270350 0.535969 0.248215 0.497233 0.253749 0.563638 0.259282 0.469564 0.259282 0.602374 0.381025 0.419761 0.369957 0.641110 0.486166 0.347822 0.475098 0.602374 0.558104 0.430828 0.535969 0.547037 0.630043 0.430828 0.618975 0.530436 0.829257 0.436362 0.807122 0.524902 1.000000 0.452963 0.912263 0.017864 0.040488 0.043140 0.004778 0.269587 0.489592 0.028220 0.035824
0.523283 0.271280 0.539718 0.254845 0.501370 0.254845 0.567109 0.265802 0.473978 0.260323 0.599979 0.380847 0.419195 0.369890 0.649284 0.463021 0.353455 0.468500 0.610936 0.556153 0.430151 0.550674 0.545196 0.627371 0.435630 0.621893 0.534240 0.830069 0.435630 0.797199 0.523283 1.000000 0.452065 0.895809 0.000134 0.052568 0.052415 0.020730 0.296355 0.426195 0.024437 0.017189
0.516601 0.270350 0.533202 0.253749 0.494466 0.253749 0.560871 0.264816 0.466798 0.264816 0.599607 0.381025 0.422528 0.369957 0.638343 0.491699 0.345055 0.469564 0.610675 0.580239 0.405926 0.558104 0.544270 0.630043 0.433595 0.618975 0.527669 0.834791 0.428061 0.796055 0.511067 1.000000 0.433595 0.890128 0.000706 0.028646 0.043852 0.024082 0.203578 0.402131 0.028220 0.015808
0.520730 0.276117 0.537314 0.254005 0.498618 0.254005 0.564954 0.265061 0.470978 0.265061 0.603650 0.381148 0.421226 0.370092 0.642346 0.486180 0.349362 0.475124 0.609178 0.585684 0.393586 0.569100 0.542842 0.629908 0.432282 0.618852 0.537314 0.828915 0.432282 0.795747 0.515202 1.000000 0.437810 0.884195 0.026384 0.019869 0.067473 0.014138 0.214777 0.331008 0.031726 0.008839
0.523601 0.275794 0.539334 0.260060 0.502622 0.260060 0.560313 0.270549 0.476399 0.265304 0.597025 0.380685 0.423953 0.370196 0.644226 0.480333 0.355774 0.480333 0.602270 0.569491 0.392486 0.564246 0.544579 0.627181 0.434443 0.621937 0.534090 0.821231 0.429198 0.800253 0.518356 0.999548 0.439687 0.863188 0.010824 0.061928 0.049541 0.022614 0.280818 0.307716 0.026742 0.007830
0.522269 0.276003 0.543227 0.260284 0.506550 0.260284 0.564186 0.265524 0.475111 0.265524 0.600864 0.380797 0.422714 0.370317 0.642782 0.485591 0.354598 0.475111 0.600864 0.564186 0.380797 0.564186 0.543227 0.627063 0.433194 0.621823 0.537988 0.815692 0.427954 0.789493 0.517029 0.993841 0.443673 0.857609 0.028437 0.082136 0.064341 0.023199 0.277077 0.274519 0.030066 0.001106
0.523117 0.277816 0.543666 0.262405 0.507706 0.262405 0.564215 0.267542 0.476883 0.267542 0.600175 0.380560 0.420373 0.370286 0.641273 0.478167 0.358727 0.473030 0.600175 0.550088 0.374139 0.555225 0.543666 0.627146 0.435785 0.622008 0.543666 0.817222 0.435785 0.791536 0.523117 0.981612 0.451197 0.863457 0.039583 0.067193 0.071708 0.019464 0.292103 0.231019 0.026193 0.000001
0.523930 0.279591 0.539044 0.264477 0.503778 0.264477 0.559196 0.274553 0.478589 0.269515 0.594461 0.380349 0.423172 0.370273 0.634765 0.486146 0.357679 0.471032 0.589423 0.536525 0.367754 0.536525 0.544082 0.627208 0.438285 0.622170 0.539044 0.813611 0.443323 0.788421 0.518892 0.969787 0.453399 0.874066 0.032246 0.027634 0.055480 0.009433 0.349120 0.232056 0.022470 0.018244
0.522709 0.279221 0.537848 0.264081 0.502523 0.264081 0.558033 0.269128 0.472245 0.269128 0.593358 0.380148 0.416735 0.370055 0.638776 0.486122 0.351132 0.465937 0.583265 0.521447 0.371317 0.531540 0.547941 0.627421 0.441967 0.622375 0.542894 0.819184 0.447013 0.798998 0.517662 0.975622 0.462152 0.884787 0.042527 0.046508 0.049446 0.022633 0.448486 0.286017 0.012854 0.017467
0.521897 0.277168 0.537353 0.256560 0.501288 0.256560 0.557962 0.261712 0.470375 0.261712 0.594027 0.380212 0.413701 0.369908 0.645549 0.488408 0.346723 0.457495 0.583723 0.509016 0.367331 0.529625 0.552810 0.627516 0.439462 0.622364 0.542505 0.818147 0.454918 0.807842 0.521897 0.983016 0.470375 0.936647 0.022395 0.011551 0.035380 0.005903 0.539047 0.296393 0.009841 0.043654
0.512624 0.284135 0.532822 0.263937 0.497475 0.268987 0.553019 0.274036 0.467178 0.268987 0.588366 0.380075 0.416684 0.369976 0.638861 0.491163 0.351040 0.455817 0.573217 0.501262 0.366189 0.521460 0.553019 0.627499 0.441931 0.622450 0.542921 0.819379 0.457079 0.809280 0.522723 0.975913 0.477277 0.965814 0.024109 0.015094 0.028430 0.005973 0.587210 0.280000 0.006430 0.042490
0.512500 0.285000 0.532500 0.265000 0.492500 0.265000 0.552500 0.275000 0.462500 0.270000 0.587500 0.380000 0.412500 0.370000 0.642500 0.485000 0.357500 0.470000 0.577500 0.495000 0.382500 0.525000 0.552500 0.625000 0.447500 0.625000 0.542500 0.815000 0.462500 0.810000 0.527500 0.970000 0.482500 0.975000 0.013971 0.012642 0.028430 0.017666 0.604999 0.295860 0.000006 0.042490
0.508750 0.280011 0.523749 0.265012 0.488751 0.265012 0.548748 0.270011 0.458752 0.270011 0.588746 0.375006 0.413754 0.375006 0.643743 0.485001 0.353757 0.470001 0.573746 0.490000 0.378756 0.524999 0.553747 0.624994 0.443753 0.624994 0.543748 0.819984 0.463752 0.809985 0.523749 0.969977 0.478751 0.989976 0.025883 0.007814 0.027966 0.003737 0.624886 0.315109 0.003182 0.050588
0.506068 0.280350 0.520630 0.265788 0.486651 0.265788 0.544901 0.270642 0.457526 0.270642 0.583734 0.377433 0.413839 0.372579 0.637129 0.479370 0.360443 0.459953 0.569171 0.489078 0.379860 0.513349 0.554609 0.624994 0.447818 0.624994 0.540047 0.804597 0.467235 0.809451 0.525484 0.950222 0.481797 0.993909 0.005973 0.008305 0.011524 0.009210 0.608422 0.285626 0.003090 0.059136
0.502427 0.280381 0.516987 0.260967 0.483013 0.260967 0.541254 0.265821 0.453892 0.270674 0.584935 0.377450 0.410211 0.372597 0.643177 0.474519 0.366530 0.450252 0.565522 0.489080 0.376237 0.518200 0.555815 0.624976 0.449039 0.624976 0.541254 0.809408 0.463599 0.819115 0.526694 0.935598 0.483013 1.000000 0.011488 0.009555 0.012199 0.024761 0.613023 0.208266 0.006180 0.048906
0.495242 0.284680 0.514275 0.265646 0.476208 0.265646 0.538068 0.270405 0.452415 0.275163 0.580894 0.375091 0.409589 0.375091 0.642754 0.475018 0.366763 0.446467 0.561860 0.489293 0.376280 0.517844 0.557101 0.622530 0.452415 0.627289 0.542826 0.798593 0.466691 0.812868 0.528551 0.898520 0.480966 0.993690 0.019415 0.000644 0.004760 0.029105 0.620842 0.214213 0.012120 0.050190
0.494054 0.282389 0.513080 0.263363 0.475028 0.263363 0.536863 0.272876 0.451246 0.272876 0.579672 0.372763 0.408437 0.377520 0.641506 0.472650 0.370385 0.467894 0.570159 0.496433 0.384655 0.524972 0.560646 0.624858 0.451246 0.624858 0.546376 0.796093 0.470272 0.810363 0.527350 0.891223 0.479785 1.000000 0.036368 0.016631 0.002487 0.022018 0.574025 0.204833 0.015146 0.058998
0.493997 0.279101 0.513206 0.259893 0.474789 0.259893 0.537217 0.264695 0.450778 0.269497 0.580436 0.375144 0.407559 0.375144 0.642864 0.471187 0.364339 0.461583 0.580436 0.514406 0.378746 0.533615 0.561227 0.624856 0.450778 0.624856 0.546821 0.816942 0.465184 0.821744 0.532414 0.888974 0.484393 1.000000 0.039004 0.008475 0.000615 0.031302 0.490715 0.210417 0.015292 0.047078
0.490401 0.276813 0.504800 0.257615 0.471202 0.257615 0.528798 0.262414 0.447203 0.267214 0.581595 0.372808 0.404006 0.377607 0.643991 0.468802 0.360808 0.473602 0.591195 0.526398 0.380007 0.535998 0.562396 0.622393 0.452003 0.627192 0.552797 0.819181 0.466402 0.828780 0.533598 0.862378 0.485601 1.000000 0.117610 0.009835 0.008922 0.037777 0.419635 0.229614 0.018344 0.038213
0.488104 0.282301 0.507138 0.268025 0.469070 0.268025 0.530930 0.268025 0.445278 0.272784 0.578514 0.372711 0.411969 0.377470 0.645133 0.472639 0.359626 0.463122 0.592790 0.553533 0.378659 0.553533 0.559481 0.624909 0.450036 0.624909 0.559481 0.820006 0.469070 0.829523 0.530930 0.848557 0.497621 1.000000 0.250000 0.016728 0.023978 0.019065 0.369974 0.240657 0.012120 0.029525
0.489298 0.280011 0.503567 0.260985 0.470272 0.260985 0.527350 0.260985 0.441733 0.265742 0.579672 0.370385 0.408437 0.379898 0.646263 0.465515 0.356115 0.465515 0.598698 0.551133 0.370385 0.546376 0.560646 0.622480 0.451246 0.627237 0.565402 0.812741 0.470272 0.827010 0.522593 0.836523 0.503567 1.000000 0.346542 0.024922 0.031934 0.024327 0.355815 0.230209 0.015146 0.022268
0.486003 0.281885 0.504666 0.263222 0.467341 0.263222 0.527993 0.267888 0.444013 0.267888 0.574649 0.375196 0.411354 0.375196 0.649298 0.473173 0.360033 0.463842 0.607308 0.557153 0.369364 0.547822 0.560652 0.622471 0.453344 0.627137 0.560652 0.813759 0.467341 0.823091 0.523328 0.846418 0.500000 1.000000 0.271189 0.035288 0.017999 0.029871 0.354828 0.202271 0.017830 0.022698
0.488326 0.279360 0.502335 0.265351 0.469647 0.265351 0.525683 0.265351 0.446299 0.270020 0.577049 0.372752 0.413612 0.377422 0.651763 0.480154 0.352906 0.480154 0.609736 0.559538 0.371585 0.559538 0.558370 0.624913 0.450969 0.624913 0.563040 0.816368 0.464978 0.821037 0.521013 0.844386 0.502335 0.993814 0.320595 0.045083 0.031297 0.024989 0.348454 0.243443 0.011894 0.014936
0.489587 0.282491 0.503471 0.263980 0.471076 0.263980 0.526610 0.263980 0.443309 0.268608 0.582144 0.375048 0.410914 0.375048 0.651562 0.481489 0.360008 0.490744 0.614539 0.560162 0.387775 0.560162 0.559005 0.624952 0.447937 0.624952 0.563633 0.814693 0.466448 0.819321 0.526610 0.847088 0.498843 0.981296 0.278951 0.032609 0.037151 0.016592 0.323958 0.253061 0.008839 0.022461
0.488534 0.281000 0.506880 0.262655 0.470188 0.262655 0.529812 0.262655 0.442670 0.267241 0.580262 0.372728 0.415152 0.377314 0.644471 0.478215 0.360115 0.491974 0.612366 0.551597 0.396806 0.551597 0.557330 0.624979 0.447257 0.624979 0.561916 0.813021 0.461016 0.817607 0.538984 0.849712 0.493120 0.968958 0.185570 0.043836 0.036620 0.018335 0.305323 0.318047 0.005840 0.014936
0.495458 0.284234 0.509085 0.266064 0.472745 0.266064 0.531797 0.266064 0.450033 0.275149 0.577222 0.370540 0.413693 0.379625 0.645358 0.475017 0.359184 0.502271 0.613561 0.552238 0.413693 0.552238 0.559052 0.620375 0.450033 0.629460 0.559052 0.783903 0.468203 0.806616 0.549967 0.856583 0.495458 0.961059 0.039583 0.023066 0.023109 0.013444 0.308286 0.396956 0.011570 0.032533
0.494161 0.272286 0.508174 0.253601 0.475477 0.258273 0.531530 0.258273 0.447451 0.267615 0.582911 0.370378 0.410082 0.379720 0.643635 0.477812 0.358700 0.496497 0.610938 0.547878 0.414753 0.543207 0.559556 0.622615 0.447451 0.627286 0.554885 0.781431 0.461464 0.809458 0.545543 0.888866 0.489490 0.968274 0.018250 0.031163 0.020030 0.023250 0.302738 0.410800 0.008922 0.033797
0.497642 0.266551 0.511790 0.252403 0.478777 0.252403 0.535371 0.257119 0.450481 0.261835 0.582532 0.370306 0.412751 0.379738 0.639126 0.474061 0.356158 0.492926 0.610829 0.549519 0.431616 0.521223 0.558952 0.620262 0.445764 0.629694 0.558952 0.780610 0.459913 0.808907 0.544803 0.907946 0.483494 0.969256 0.035223 0.021399 0.029941 0.016721 0.273147 0.533383 0.006005 0.025078
0.502358 0.261835 0.516506 0.242970 0.483494 0.247686 0.544803 0.252403 0.455197 0.257119 0.591965 0.375022 0.412751 0.375022 0.629694 0.483494 0.356158 0.483494 0.606113 0.544803 0.426900 0.516506 0.554236 0.624978 0.441048 0.624978 0.549519 0.790043 0.455197 0.804191 0.540087 0.936243 0.483494 0.969256 0.011415 0.028964 0.038595 0.010804 0.223425 0.514088 0.006005 0.034170
0.503505 0.267534 0.522195 0.248843 0.484814 0.253515 0.545559 0.253515 0.461450 0.262861 0.587613 0.375005 0.414723 0.375005 0.624995 0.482477 0.358651 0.487150 0.606304 0.543222 0.433414 0.515186 0.554904 0.622658 0.442760 0.627331 0.545559 0.795548 0.452105 0.809566 0.531541 0.959092 0.480141 0.968437 0.010029 0.039290 0.024610 0.018914 0.201565 0.533383 0.002974 0.033498
0.506940 0.273304 0.520819 0.254798 0.488434 0.254798 0.548578 0.259424 0.460675 0.264051 0.590216 0.375086 0.419037 0.375086 0.617975 0.481494 0.358893 0.481494 0.599469 0.546265 0.437543 0.509253 0.548578 0.624914 0.442169 0.624914 0.543951 0.796093 0.446796 0.805346 0.530072 0.971899 0.474554 0.967272 0.016477 0.045882 0.043968 0.021229 0.169813 0.555755 0.011784 0.016761
0.510125 0.282878 0.528125 0.264878 0.492125 0.264878 0.546124 0.269378 0.465125 0.273878 0.586624 0.377377 0.424626 0.372877 0.613623 0.480875 0.366127 0.480875 0.595624 0.548374 0.447126 0.512375 0.546124 0.624873 0.442626 0.624873 0.541624 0.804871 0.451626 0.804871 0.528125 0.989369 0.478625 0.957869 0.015293 0.039698 0.043673 0.006794 0.164179 0.539958 0.014329 0.023858
0.515743 0.278477 0.529237 0.260485 0.493253 0.260485 0.551726 0.269481 0.466265 0.269481 0.587710 0.377431 0.425784 0.372933 0.610200 0.480884 0.367311 0.476386 0.596706 0.552851 0.443776 0.512369 0.547228 0.624818 0.439278 0.624818 0.542730 0.813731 0.443776 0.804735 0.533735 1.000000 0.475261 0.935176 0.007568 0.067435 0.044052 0.009080 0.127136 0.523749 0.017189 0.015533
0.519125 0.280628 0.537125 0.262628 0.501125 0.262628 0.555124 0.271628 0.469625 0.271628 0.586624 0.379627 0.424626 0.370627 0.609124 0.483125 0.370627 0.478625 0.600124 0.550624 0.447126 0.514625 0.546124 0.627123 0.442626 0.622623 0.541624 0.811621 0.442626 0.802621 0.537125 1.000000 0.474125 0.919620 0.000355 0.083714 0.043867 0.022698 0.110330 0.507577 0.014329 0.007762
0.519710 0.276625 0.537229 0.263485 0.502190 0.263485 0.550369 0.272245 0.471531 0.272245 0.585408 0.377363 0.427732 0.372983 0.611688 0.478100 0.370793 0.473721 0.598548 0.548179 0.449631 0.513140 0.545989 0.627017 0.440871 0.622637 0.541609 0.815353 0.440871 0.793453 0.537229 1.000000 0.471531 0.894191 0.000116 0.094042 0.042447 0.016737 0.140225 0.516171 0.016738 0.007402
0.521876 0.279052 0.535002 0.261551 0.504375 0.261551 0.548127 0.270302 0.473749 0.270302 0.587504 0.379682 0.429997 0.370931 0.613755 0.484687 0.364369 0.471561 0.600630 0.554690 0.438747 0.519688 0.543752 0.629069 0.438747 0.620318 0.543752 0.821578 0.438747 0.790951 0.539377 1.000000 0.464998 0.869705 0.007401 0.102416 0.055281 0.011164 0.136977 0.501145 0.022301 0.000001
0.529294 0.277586 0.542313 0.260226 0.507595 0.260226 0.555332 0.268906 0.472876 0.268906 0.585711 0.377401 0.429478 0.373061 0.620429 0.472876 0.364381 0.472876 0.603070 0.550993 0.429478 0.529294 0.542313 0.629109 0.442498 0.620429 0.546653 0.824400 0.438158 0.785341 0.537973 1.000000 0.459857 0.850438 0.021867 0.110791 0.061419 0.025112 0.180622 0.456650 0.019351 0.015447
0.527980 0.278314 0.540894 0.265400 0.510761 0.265400 0.558112 0.269704 0.476325 0.269704 0.583939 0.377319 0.428974 0.373015 0.631290 0.472020 0.368710 0.467716 0.609767 0.558112 0.424670 0.536589 0.545198 0.626985 0.441888 0.622681 0.549503 0.820692 0.441888 0.790560 0.536589 1.000000 0.450497 0.842215 0.029244 0.052569 0.056074 0.016450 0.225563 0.397584 0.016450 0.007072
0.529042 0.278420 0.546252 0.261210 0.511832 0.261210 0.559160 0.269815 0.477412 0.269815 0.589277 0.377378 0.425782 0.373076 0.640907 0.472034 0.356941 0.467731 0.615092 0.566689 0.404269 0.545176 0.546252 0.626924 0.438689 0.622622 0.546252 0.816235 0.438689 0.807630 0.533345 1.000000 0.442992 0.829143 0.022172 0.062833 0.054347 0.016450 0.243698 0.374761 0.019185 0.000001
0.532251 0.274243 0.545151 0.257043 0.510750 0.257043 0.562352 0.265643 0.476349 0.265643 0.592453 0.377446 0.424748 0.373146 0.644054 0.476349 0.351645 0.467749 0.622554 0.570952 0.390347 0.553752 0.545151 0.626854 0.437648 0.622554 0.545151 0.816060 0.437648 0.803159 0.532251 0.988065 0.437648 0.828960 0.023829 0.000003 0.059661 0.016449 0.224206 0.344011 0.021918 0.000001
0.529623 0.279945 0.542318 0.263018 0.512695 0.263018 0.559245 0.271482 0.474609 0.267250 0.588868 0.377277 0.423827 0.373045 0.648114 0.474609 0.356118 0.470377 0.622723 0.567709 0.377277 0.555014 0.546550 0.626955 0.440755 0.622723 0.542318 0.813155 0.436523 0.800459 0.533855 0.973964 0.440755 0.842777 0.009506 0.039303 0.046210 0.029124 0.258799 0.271448 0.016171 0.000347
0.528795 0.277108 0.541592 0.260044 0.511731 0.260044 0.558656 0.268576 0.473338 0.268576 0.592783 0.379489 0.422148 0.370957 0.648239 0.490402 0.349628 0.477604 0.626910 0.562922 0.370957 0.554390 0.545858 0.626910 0.439211 0.622644 0.541592 0.814608 0.430680 0.793279 0.533061 0.972446 0.439211 0.844470 0.009957 0.068471 0.052428 0.037449 0.238637 0.276332 0.019021 0.008670
0.529845 0.272966 0.542636 0.260175 0.512791 0.260175 0.559690 0.264439 0.478682 0.264439 0.593798 0.379555 0.423256 0.371028 0.644961 0.498934 0.355039 0.469089 0.615116 0.550097 0.372094 0.545833 0.546899 0.626841 0.436047 0.622577 0.542636 0.818700 0.431783 0.797383 0.534108 0.967925 0.453101 0.852809 0.011097 0.124637 0.052588 0.023933 0.296972 0.263074 0.021731 0.000675
0.530361 0.269036 0.543373 0.251687 0.508675 0.251687 0.560723 0.264699 0.473976 0.260362 0.595422 0.381807 0.421928 0.368795 0.647470 0.498916 0.352530 0.464217 0.599759 0.537952 0.365542 0.537952 0.547711 0.629036 0.434940 0.620361 0.543373 0.815542 0.430602 0.789518 0.534699 0.971686 0.456627 0.871927 0.010265 0.105524 0.053281 0.024610 0.414850 0.255752 0.022108 0.000758
