0.433066 0.280073 0.450995 0.265730 0.428285 0.265730 0.494024 0.275292 0.443823 0.278878 0.549006 0.368522 0.424699 0.382865 0.657774 0.447409 0.373303 0.498805 0.570520 0.500000 0.357765 0.404380 0.533467 0.619526 0.492828 0.629088 0.407965 0.788057 0.588449 0.819133 0.435456 0.991250 0.717537 0.947026 0.246552 0.103097 0.184067 0.062457 0.627603 0.815265 0.033543 0.352130
0.430788 0.285830 0.446235 0.270384 0.427224 0.270384 0.496138 0.272760 0.445047 0.277513 0.554359 0.371379 0.422471 0.379697 0.650602 0.447423 0.374944 0.499703 0.574558 0.499703 0.365438 0.421283 0.535348 0.623274 0.487821 0.625650 0.418907 0.802689 0.579311 0.816947 0.402272 1.000000 0.731398 0.895367 0.159071 0.206463 0.159266 0.059335 0.595435 0.841574 0.029543 0.325243
0.435302 0.285505 0.450456 0.270351 0.431805 0.270351 0.498251 0.272682 0.449291 0.277345 0.555372 0.372935 0.428307 0.377598 0.641636 0.459199 0.396833 0.506994 0.563532 0.500000 0.373518 0.455702 0.537886 0.623568 0.478434 0.625899 0.437633 0.801925 0.560035 0.815913 0.411987 1.000000 0.719741 0.841560 0.125723 0.320201 0.140828 0.065709 0.596766 0.788249 0.020794 0.292116
0.434734 0.280575 0.450090 0.265218 0.431190 0.265218 0.498523 0.267581 0.450090 0.272306 0.556407 0.375078 0.434734 0.375078 0.626103 0.481395 0.422921 0.510927 0.532781 0.501477 0.387482 0.493208 0.539869 0.623150 0.468991 0.626693 0.447728 0.799162 0.532781 0.825150 0.454816 1.000000 0.681623 0.814519 0.163611 0.423704 0.132320 0.055921 0.617238 0.619974 0.011283 0.252503
0.433263 0.276653 0.449873 0.260042 0.430890 0.261229 0.498517 0.263602 0.449873 0.268347 0.545975 0.375127 0.442754 0.375127 0.593432 0.504449 0.465297 0.509195 0.494958 0.506822 0.407161 0.525805 0.537669 0.625466 0.473602 0.624280 0.470042 0.820042 0.480720 0.810551 0.512754 1.000000 0.631398 0.797500 0.178223 0.515343 0.095919 0.027052 0.604286 0.464440 0.014356 0.118634
0.427483 0.270567 0.444546 0.254723 0.425046 0.255941 0.494516 0.260817 0.443327 0.266910 0.533516 0.375381 0.446984 0.375381 0.535954 0.514321 0.475015 0.510664 0.449421 0.476539 0.433577 0.547227 0.542048 0.625229 0.477453 0.624010 0.493297 0.814138 0.417733 0.804388 0.581048 1.000000 0.549360 0.843388 0.218811 0.510080 0.091255 0.140586 0.636623 0.334904 0.024854 0.021380
0.423679 0.276723 0.439242 0.261159 0.421284 0.262356 0.489525 0.265948 0.444031 0.270737 0.526638 0.377287 0.451214 0.373696 0.500299 0.514965 0.463186 0.500599 0.410510 0.452711 0.458397 0.531726 0.544596 0.623910 0.477553 0.625107 0.557765 0.815461 0.387763 0.777151 0.646357 0.981872 0.518257 0.870533 0.133871 0.472093 0.001293 0.203026 0.632804 0.078530 0.028237 0.191650
0.427591 0.284553 0.443022 0.269122 0.425217 0.270309 0.492878 0.272683 0.447770 0.277431 0.521367 0.377142 0.459641 0.373581 0.465576 0.504155 0.457267 0.488723 0.391980 0.422249 0.418095 0.469731 0.543920 0.622858 0.475072 0.626419 0.592589 0.812784 0.375361 0.775986 0.697048 0.969473 0.464389 0.935049 0.107318 0.349588 0.050714 0.206570 0.635251 0.637140 0.024205 0.267016
0.431804 0.289456 0.447289 0.273970 0.429421 0.275161 0.497320 0.277544 0.455628 0.281117 0.513997 0.376413 0.471113 0.374031 0.441333 0.491959 0.491364 0.484812 0.385347 0.405002 0.461584 0.478856 0.540203 0.622991 0.474687 0.626565 0.605719 0.821922 0.382965 0.792142 0.731986 0.943424 0.411553 0.989881 0.154849 0.206729 0.067568 0.165529 0.639226 0.620383 0.018970 0.262297
0.432147 0.288736 0.446369 0.273328 0.429776 0.274513 0.497333 0.276884 0.454666 0.281624 0.516297 0.376441 0.467703 0.374071 0.441628 0.494963 0.457036 0.496148 0.382368 0.406072 0.415554 0.454666 0.540001 0.622966 0.475999 0.626522 0.595706 0.826823 0.396590 0.798378 0.741487 0.881342 0.390664 1.000000 0.301176 0.129036 0.054394 0.148236 0.633883 0.722257 0.020386 0.222686
0.430800 0.284776 0.446047 0.269529 0.429627 0.270702 0.495308 0.273047 0.453085 0.277739 0.521112 0.373915 0.469505 0.376261 0.476542 0.505278 0.491790 0.517007 0.392095 0.434905 0.451912 0.529908 0.537532 0.623739 0.471851 0.626085 0.571546 0.832512 0.410861 0.811400 0.731058 0.830166 0.413207 1.000000 0.453273 0.104685 0.030516 0.104195 0.617024 0.450385 0.011949 0.152614
0.431838 0.279581 0.447182 0.264237 0.429478 0.265417 0.496754 0.267778 0.454264 0.272499 0.527442 0.372824 0.458985 0.377545 0.519180 0.513278 0.463706 0.508557 0.420035 0.482591 0.424757 0.523901 0.541605 0.624225 0.471968 0.625406 0.538064 0.831956 0.437740 0.813072 0.679699 0.796548 0.480230 1.000000 0.583404 0.120600 0.023339 0.074083 0.576845 0.392013 0.017291 0.052000
0.430271 0.276630 0.446817 0.261266 0.427907 0.261266 0.498818 0.265993 0.450362 0.269539 0.530728 0.369996 0.451544 0.380633 0.552001 0.507091 0.455090 0.520091 0.429089 0.507091 0.387724 0.510637 0.541365 0.622913 0.476363 0.626458 0.478727 0.814372 0.463363 0.822645 0.628822 0.795463 0.531910 1.000000 0.640537 0.134367 0.114024 0.053090 0.549002 0.552476 0.022591 0.079583
0.425564 0.273958 0.442578 0.256944 0.423134 0.258159 0.497266 0.263021 0.441363 0.267882 0.531293 0.368750 0.436502 0.383333 0.602995 0.489062 0.406120 0.519444 0.508203 0.517014 0.356293 0.481771 0.542231 0.619097 0.489974 0.628820 0.442578 0.780730 0.505773 0.831771 0.599349 0.888889 0.615148 1.000000 0.483627 0.153079 0.189762 0.043540 0.579800 0.636166 0.041119 0.200593
0.424068 0.277306 0.439675 0.261700 0.420467 0.262900 0.491296 0.266502 0.442076 0.272504 0.539317 0.368545 0.424068 0.384151 0.640159 0.462184 0.376048 0.507803 0.554923 0.511405 0.335231 0.445377 0.532113 0.619450 0.504502 0.627854 0.382050 0.763511 0.550121 0.819935 0.522509 0.872757 0.685778 0.980802 0.546079 0.148779 0.247360 0.027251 0.595090 0.697766 0.046789 0.330719
0.431806 0.287841 0.446960 0.272687 0.427143 0.272687 0.495920 0.275019 0.446960 0.279681 0.544880 0.369441 0.425978 0.382264 0.657953 0.439383 0.372355 0.495337 0.582182 0.502331 0.349041 0.427726 0.527394 0.622399 0.501749 0.625896 0.377018 0.757621 0.585679 0.804250 0.460949 0.942969 0.712742 0.949963 0.402221 0.088263 0.244906 0.044029 0.603012 0.753349 0.037190 0.406880
0.433919 0.289127 0.449191 0.273855 0.430394 0.273855 0.498532 0.276204 0.449191 0.279729 0.552571 0.371361 0.425695 0.379585 0.665350 0.438324 0.366956 0.493539 0.587815 0.504112 0.351684 0.407780 0.530251 0.623939 0.491483 0.625114 0.391626 0.774311 0.593689 0.809555 0.406899 0.996345 0.733488 0.916460 0.258928 0.131122 0.209011 0.077739 0.605479 0.792406 0.027707 0.398138
0.433672 0.287634 0.448800 0.272507 0.429018 0.272507 0.497673 0.273671 0.447636 0.278325 0.554691 0.372581 0.423199 0.378399 0.654765 0.447054 0.373162 0.497091 0.577964 0.506400 0.355708 0.424945 0.537237 0.623928 0.484873 0.625092 0.413890 0.789166 0.583783 0.813603 0.389454 1.000000 0.728075 0.868294 0.170310 0.230867 0.182045 0.075830 0.586942 0.797448 0.028187 0.357923
0.432570 0.281283 0.448707 0.266299 0.430264 0.266299 0.498271 0.269756 0.449859 0.274367 0.555904 0.374648 0.429112 0.375801 0.635437 0.466861 0.395684 0.499135 0.555904 0.503746 0.366868 0.464556 0.536309 0.623623 0.478676 0.625928 0.431417 0.797674 0.550141 0.814964 0.418738 1.000000 0.717276 0.826490 0.154328 0.363032 0.147640 0.052782 0.588319 0.694611 0.019090 0.287690
0.438247 0.278432 0.453113 0.262422 0.434816 0.263565 0.503431 0.265852 0.455400 0.269283 0.550317 0.375636 0.441678 0.374492 0.606353 0.489994 0.434816 0.492281 0.517154 0.501429 0.414232 0.524301 0.535451 0.624936 0.472554 0.624936 0.457688 0.804478 0.508005 0.811339 0.483990 0.997742 0.666962 0.788468 0.173158 0.485665 0.111143 0.020776 0.604439 0.163341 0.010194 0.189925
0.430655 0.273513 0.447322 0.258037 0.428274 0.258037 0.499702 0.261608 0.446131 0.267561 0.538988 0.374703 0.443750 0.375894 0.559226 0.516369 0.463988 0.509226 0.450893 0.496131 0.416370 0.549702 0.541369 0.624702 0.475893 0.624702 0.491369 0.829462 0.437798 0.815177 0.584226 0.937795 0.565178 0.846129 0.301798 0.486957 0.079266 0.103728 0.603954 0.323701 0.021996 0.013402
0.431745 0.272485 0.449707 0.258116 0.426956 0.259313 0.492815 0.272485 0.443720 0.270090 0.529936 0.379058 0.448510 0.371873 0.515567 0.515567 0.470064 0.503592 0.410191 0.465274 0.444917 0.563465 0.544306 0.625732 0.477248 0.623337 0.522752 0.834088 0.403007 0.788585 0.626929 1.000000 0.574242 0.835285 0.207783 0.549656 0.051333 0.170628 0.608360 0.178198 0.027478 0.101595
0.429407 0.283263 0.445743 0.268094 0.428241 0.268094 0.497083 0.272762 0.451577 0.276262 0.519253 0.377776 0.459745 0.373108 0.466746 0.500292 0.458578 0.488623 0.388569 0.426782 0.424740 0.479289 0.542589 0.623975 0.478414 0.625142 0.579927 0.811833 0.373400 0.766327 0.687275 0.967020 0.487748 0.887676 0.130174 0.444114 0.032371 0.227102 0.611328 0.582464 0.026773 0.266019
0.432730 0.290292 0.447939 0.276253 0.431560 0.276253 0.498245 0.279762 0.457298 0.280932 0.509944 0.378036 0.479526 0.372186 0.447939 0.500877 0.523983 0.480989 0.384763 0.416643 0.486546 0.500877 0.535683 0.623719 0.474847 0.626059 0.605878 0.814416 0.368384 0.775809 0.719360 0.944278 0.435069 0.955977 0.116338 0.309564 0.079044 0.190858 0.646373 0.468031 0.013410 0.308995
0.433913 0.289166 0.450289 0.273960 0.432744 0.275129 0.501755 0.277469 0.457307 0.282148 0.511112 0.376891 0.477191 0.373382 0.438592 0.497368 0.470173 0.496199 0.381278 0.411982 0.419877 0.484502 0.536845 0.623693 0.474852 0.626033 0.605856 0.820199 0.380108 0.790957 0.738029 0.895059 0.391805 0.999160 0.228462 0.183842 0.074435 0.163031 0.639354 0.554563 0.014898 0.273482
0.431643 0.286202 0.447932 0.271076 0.430479 0.271076 0.499127 0.275730 0.456077 0.280384 0.510763 0.375793 0.474693 0.374630 0.454913 0.504945 0.475857 0.501454 0.378121 0.428152 0.426989 0.489819 0.536360 0.622461 0.478184 0.627115 0.584065 0.827242 0.400228 0.805135 0.731833 0.855167 0.397900 1.000000 0.367696 0.127997 0.039938 0.135784 0.620082 0.577323 0.018528 0.204236
0.430707 0.284105 0.446742 0.269216 0.429562 0.269216 0.497137 0.272652 0.455905 0.276088 0.515462 0.374586 0.471939 0.375731 0.487974 0.515462 0.487974 0.513171 0.391766 0.457050 0.446742 0.526915 0.536078 0.624269 0.476521 0.625414 0.556694 0.833864 0.423835 0.812103 0.702151 0.810958 0.447887 1.000000 0.518510 0.123150 0.004986 0.093393 0.612349 0.434553 0.016048 0.118762
0.433897 0.280981 0.449784 0.266228 0.432762 0.266228 0.500851 0.269633 0.457728 0.273037 0.524682 0.369496 0.462267 0.380845 0.528087 0.494326 0.465672 0.515887 0.437302 0.493191 0.414605 0.510213 0.537165 0.623695 0.475885 0.625964 0.503121 0.817748 0.453189 0.810939 0.652916 0.789378 0.517873 1.000000 0.614861 0.143560 0.070900 0.056528 0.512658 0.543246 0.016624 0.016419
0.425059 0.273102 0.442831 0.256515 0.423874 0.257699 0.498519 0.262439 0.447571 0.265993 0.528140 0.370260 0.447571 0.380923 0.575534 0.501777 0.441646 0.518365 0.457049 0.515995 0.375295 0.492299 0.538804 0.621446 0.485486 0.627371 0.457049 0.805097 0.480746 0.829979 0.613449 0.833534 0.588567 1.000000 0.576066 0.178239 0.146820 0.056034 0.572080 0.605442 0.030975 0.125871
0.422992 0.274561 0.439452 0.259278 0.419465 0.259278 0.491182 0.263980 0.446506 0.267507 0.538210 0.369792 0.435925 0.381549 0.615805 0.475604 0.399479 0.508524 0.522926 0.515578 0.343045 0.452091 0.526453 0.621390 0.499412 0.627268 0.398303 0.780108 0.546440 0.824784 0.539386 0.860055 0.668711 0.990557 0.552105 0.127886 0.201346 0.006080 0.572043 0.661025 0.032992 0.290612
0.431908 0.282165 0.446912 0.267161 0.428446 0.267161 0.496538 0.271778 0.449220 0.275240 0.543856 0.369876 0.430754 0.381417 0.650032 0.452971 0.383436 0.496826 0.556551 0.509521 0.348814 0.425272 0.525390 0.622623 0.500000 0.626085 0.377666 0.766884 0.576170 0.810740 0.478072 0.943461 0.707737 0.957310 0.418351 0.108312 0.230560 0.036742 0.615453 0.732697 0.032383 0.378308
0.436385 0.283826 0.452505 0.268857 0.434083 0.270009 0.500864 0.273463 0.453656 0.276917 0.551525 0.370180 0.429477 0.380543 0.660908 0.445021 0.374210 0.495682 0.579158 0.502591 0.352334 0.417387 0.527346 0.623487 0.491652 0.625790 0.383421 0.770866 0.587218 0.810013 0.409903 0.990782 0.732294 0.919396 0.284373 0.142038 0.215933 0.073289 0.613697 0.770822 0.024212 0.398548
0.438738 0.285439 0.454844 0.269333 0.435287 0.269333 0.504314 0.273935 0.454844 0.276236 0.554934 0.371724 0.431835 0.378627 0.660777 0.449955 0.382366 0.501726 0.574492 0.500575 0.353604 0.430397 0.530775 0.624825 0.482455 0.624825 0.404224 0.796243 0.584846 0.813500 0.373162 1.000000 0.730955 0.867572 0.158852 0.228909 0.172134 0.093719 0.628511 0.756365 0.016853 0.360693
0.438958 0.280363 0.454932 0.264390 0.435535 0.264390 0.503993 0.267813 0.453791 0.273517 0.556478 0.371641 0.435535 0.378487 0.639769 0.465200 0.402447 0.503993 0.555337 0.498289 0.361372 0.464059 0.531377 0.623795 0.476610 0.626077 0.414998 0.797223 0.555337 0.815478 0.387614 1.000000 0.723060 0.822324 0.149543 0.361621 0.156549 0.073063 0.612650 0.663466 0.010171 0.313525
0.441955 0.273278 0.458046 0.258336 0.439656 0.259485 0.508621 0.262934 0.458046 0.267531 0.554597 0.373277 0.446552 0.376725 0.609769 0.489368 0.443104 0.507759 0.518965 0.491667 0.377587 0.512356 0.528161 0.624999 0.470690 0.624999 0.432759 0.811204 0.510919 0.822698 0.447702 1.000000 0.666090 0.789365 0.174450 0.503454 0.117404 0.033050 0.633161 0.469324 0.001465 0.214612
0.441934 0.274314 0.457952 0.259440 0.440790 0.259440 0.509439 0.264017 0.459096 0.269737 0.542620 0.372712 0.456808 0.377289 0.560927 0.505435 0.471682 0.511156 0.459096 0.479119 0.419051 0.538615 0.530034 0.625572 0.470538 0.624428 0.460240 0.816647 0.454520 0.810926 0.533467 0.985983 0.615846 0.796052 0.241394 0.556538 0.095646 0.044939 0.624128 0.382152 0.000724 0.084204
0.436188 0.271045 0.453914 0.254501 0.435006 0.255683 0.505908 0.261591 0.457459 0.267500 0.534269 0.373853 0.459822 0.376217 0.503545 0.503841 0.469276 0.508567 0.406645 0.454209 0.442097 0.565289 0.534269 0.625556 0.471639 0.624374 0.504727 0.819355 0.401919 0.800448 0.592173 1.000000 0.555540 0.838262 0.187576 0.543187 0.048152 0.135159 0.576793 0.164932 0.007524 0.071860
0.438963 0.278311 0.455086 0.263339 0.437812 0.263339 0.506910 0.269097 0.460844 0.274856 0.524184 0.373896 0.468906 0.376199 0.479271 0.509789 0.459693 0.495969 0.392898 0.437236 0.421689 0.494818 0.533397 0.623801 0.473512 0.626104 0.555278 0.819578 0.373320 0.775816 0.658925 0.984262 0.502303 0.892131 0.143377 0.454155 0.023699 0.193598 0.620784 0.485206 0.008799 0.223160
0.442431 0.284769 0.458632 0.270883 0.441274 0.270883 0.508389 0.276669 0.466732 0.280140 0.523432 0.375027 0.481775 0.375027 0.450532 0.496529 0.518804 0.487271 0.381102 0.409742 0.499132 0.509257 0.528061 0.623816 0.466732 0.626130 0.583605 0.819375 0.363745 0.783503 0.718992 0.954762 0.433174 0.966334 0.161912 0.299974 0.082166 0.165405 0.613202 0.333765 0.006631 0.272539
0.443929 0.289082 0.460199 0.273975 0.443929 0.273975 0.510168 0.279785 0.471819 0.279785 0.518303 0.379724 0.490413 0.370428 0.428822 0.487798 0.468333 0.480826 0.373042 0.395994 0.396284 0.436666 0.525275 0.623762 0.466009 0.626086 0.595000 0.828289 0.368394 0.800399 0.736775 0.923580 0.375367 1.000000 0.207050 0.172926 0.095490 0.132201 0.606078 0.612191 0.011099 0.267075
0.443895 0.286570 0.460090 0.272689 0.442738 0.271532 0.509833 0.276159 0.469345 0.278473 0.520244 0.377958 0.487854 0.372174 0.449679 0.499422 0.457777 0.499422 0.376801 0.410348 0.386055 0.436954 0.523714 0.623199 0.468188 0.626670 0.582711 0.832580 0.388369 0.816385 0.733095 0.870754 0.360606 1.000000 0.333447 0.086350 0.082919 0.102219 0.614200 0.654201 0.010312 0.214190
0.445134 0.286134 0.460810 0.271578 0.442895 0.271578 0.511197 0.274937 0.465289 0.279416 0.529113 0.373472 0.483204 0.376831 0.485444 0.504479 0.494401 0.519035 0.395867 0.437296 0.446254 0.532472 0.523514 0.625408 0.464169 0.624288 0.558225 0.831436 0.404824 0.809041 0.710506 0.825837 0.400345 1.000000 0.458568 0.092335 0.060202 0.074494 0.602416 0.438385 0.015689 0.152061
0.449203 0.284043 0.464747 0.269609 0.448093 0.269609 0.514712 0.272940 0.466968 0.277381 0.539139 0.371758 0.470299 0.378420 0.518043 0.506107 0.450313 0.502776 0.423666 0.466135 0.388135 0.463915 0.528036 0.624911 0.462527 0.624911 0.515822 0.825879 0.426997 0.807003 0.669046 0.798121 0.474740 1.000000 0.576367 0.136788 0.005369 0.051305 0.577945 0.627084 0.012019 0.042017
0.442506 0.275458 0.459668 0.259440 0.441362 0.260584 0.512300 0.265161 0.460812 0.269737 0.537471 0.369280 0.461957 0.380721 0.561499 0.502002 0.448227 0.520309 0.451659 0.493993 0.372712 0.495137 0.530606 0.623283 0.469966 0.626716 0.457380 0.806349 0.458524 0.825800 0.608409 0.823512 0.529462 1.000000 0.585102 0.132053 0.112518 0.028633 0.580177 0.571208 0.000724 0.102845
0.437725 0.274252 0.455023 0.258106 0.436571 0.259260 0.506920 0.265026 0.457330 0.268486 0.541517 0.368818 0.445797 0.381504 0.607252 0.491062 0.401974 0.508361 0.509226 0.515281 0.336239 0.461078 0.526525 0.621379 0.486161 0.628299 0.405434 0.788600 0.498847 0.823197 0.589953 0.933909 0.632623 0.991571 0.487163 0.193021 0.180625 0.030914 0.579950 0.592609 0.016159 0.220188
0.441826 0.275902 0.459020 0.259854 0.439534 0.259854 0.509457 0.265586 0.460167 0.270171 0.553015 0.371044 0.439534 0.379068 0.641279 0.468477 0.384512 0.497134 0.549577 0.504012 0.338661 0.438674 0.519773 0.623225 0.487677 0.626664 0.375342 0.773388 0.547284 0.818093 0.479654 0.932721 0.685984 0.975133 0.428318 0.134200 0.202090 0.034955 0.616620 0.649478 0.009488 0.339894
0.448140 0.282075 0.464010 0.267339 0.445873 0.267339 0.513886 0.270739 0.461743 0.274140 0.559228 0.371625 0.435671 0.378427 0.660114 0.457775 0.374459 0.491782 0.571697 0.504251 0.340453 0.423769 0.518420 0.624407 0.486681 0.625541 0.372192 0.769502 0.570564 0.815977 0.410733 0.980342 0.713391 0.948603 0.308789 0.129715 0.200292 0.067273 0.620981 0.694811 0.006495 0.383307
0.452518 0.283469 0.468536 0.267451 0.449085 0.267451 0.517734 0.270883 0.465103 0.275460 0.562356 0.372713 0.436500 0.377290 0.668763 0.453948 0.374715 0.492849 0.577230 0.497426 0.346111 0.420767 0.522311 0.624427 0.478833 0.625571 0.390733 0.792617 0.573798 0.820077 0.365562 1.000000 0.729403 0.903600 0.175734 0.198619 0.161095 0.090817 0.651293 0.723468 0.001457 0.355888
0.453614 0.283902 0.469169 0.269459 0.450281 0.269459 0.516943 0.273903 0.466946 0.277236 0.561385 0.372786 0.441393 0.377230 0.653602 0.461669 0.392507 0.497222 0.565829 0.493889 0.355842 0.442781 0.523610 0.624992 0.473613 0.624992 0.412505 0.799426 0.550275 0.812758 0.368064 1.000000 0.715820 0.846090 0.115147 0.313371 0.133202 0.082222 0.643871 0.688192 0.003536 0.303912
0.451886 0.278280 0.468768 0.262523 0.449635 0.262523 0.517164 0.267025 0.467642 0.271527 0.563308 0.372820 0.445133 0.377322 0.629712 0.480867 0.415870 0.504502 0.530669 0.490996 0.366349 0.470737 0.525042 0.624929 0.466517 0.624929 0.423748 0.801630 0.516038 0.824139 0.410243 1.000000 0.684861 0.816261 0.145609 0.437288 0.117737 0.050133 0.642971 0.618496 0.010749 0.243242
