0.581273 0.314298 0.586721 0.301585 0.572192 0.294321 0.566744 0.303401 0.521340 0.283424 0.541318 0.394209 0.470488 0.356070 0.550398 0.523156 0.357886 0.428716 0.621228 0.477752 0.446878 0.510443 0.501362 0.628493 0.486833 0.621228 0.426900 0.824637 0.563111 0.813741 0.259814 0.939055 0.592170 1.000000 0.193384 0.078573 0.061722 0.100485 0.659070 0.581156 0.015036 0.235572
0.581634 0.312105 0.587107 0.299336 0.570689 0.292039 0.567040 0.301160 0.519610 0.282918 0.539677 0.392371 0.466708 0.357711 0.550622 0.520066 0.353606 0.430680 0.623591 0.476285 0.448466 0.507297 0.506841 0.629520 0.486774 0.620399 0.444817 0.828360 0.559743 0.819239 0.264219 0.928692 0.577986 1.000000 0.242341 0.086132 0.052450 0.087686 0.644804 0.601355 0.008131 0.208199
0.580656 0.312099 0.585973 0.299691 0.570020 0.294373 0.564702 0.303236 0.518613 0.287282 0.534567 0.390096 0.470751 0.359961 0.543430 0.519499 0.366165 0.436185 0.621426 0.478728 0.453025 0.503545 0.506204 0.629403 0.488478 0.620540 0.454797 0.831485 0.559384 0.806668 0.279305 0.900619 0.555838 1.000000 0.301256 0.121163 0.041741 0.094238 0.631550 0.589561 0.006771 0.195150
0.580317 0.308233 0.585731 0.295599 0.569487 0.290184 0.565878 0.299209 0.518951 0.282965 0.535195 0.389452 0.468415 0.360574 0.535195 0.519402 0.369147 0.439988 0.612804 0.490524 0.464805 0.504963 0.508122 0.629499 0.488268 0.620475 0.470220 0.835254 0.562268 0.808181 0.291538 0.893010 0.533390 1.000000 0.342500 0.162076 0.022237 0.095264 0.613388 0.595300 0.004595 0.177519
0.583631 0.310682 0.589145 0.297816 0.572602 0.292302 0.567088 0.301492 0.519299 0.284950 0.532166 0.387880 0.471510 0.362147 0.521137 0.523894 0.379609 0.450373 0.602011 0.509190 0.477025 0.511028 0.524813 0.626824 0.471510 0.623148 0.554222 0.825332 0.489891 0.841875 0.510109 1.000000 0.309763 0.895178 0.114010 0.435106 0.056607 0.026686 0.583002 0.579228 0.004681 0.020130
0.589140 0.312805 0.592706 0.300326 0.580226 0.294977 0.567747 0.303891 0.528525 0.289629 0.533873 0.385900 0.480389 0.364507 0.517828 0.519611 0.405511 0.457213 0.596272 0.524959 0.501783 0.501783 0.503566 0.628362 0.482172 0.621231 0.508914 0.831602 0.558833 0.810208 0.337765 0.876172 0.487520 1.000000 0.427283 0.230964 0.047958 0.120459 0.516346 0.578251 0.018169 0.114294
0.589894 0.315847 0.595131 0.301883 0.581167 0.298392 0.567203 0.305374 0.532292 0.293156 0.528801 0.383923 0.485163 0.366468 0.516582 0.516582 0.431052 0.460726 0.588149 0.534038 0.523565 0.499127 0.502618 0.626550 0.483418 0.623059 0.525310 0.820303 0.544511 0.813321 0.364722 0.870924 0.455489 0.996601 0.439912 0.242824 0.071328 0.101065 0.453086 0.540644 0.017789 0.061789
0.592704 0.314592 0.596219 0.300533 0.583917 0.297018 0.566343 0.302290 0.536466 0.289989 0.529437 0.384889 0.485501 0.365558 0.517135 0.516695 0.453868 0.463973 0.582159 0.536027 0.554041 0.485062 0.506590 0.627413 0.478472 0.622141 0.561070 0.818971 0.532952 0.817214 0.381814 0.883996 0.427507 0.994713 0.477433 0.257315 0.118097 0.095407 0.437639 0.532946 0.019031 0.001513
0.587201 0.315669 0.592382 0.301855 0.578568 0.298401 0.564753 0.305308 0.533672 0.291494 0.523311 0.383012 0.492230 0.367471 0.495683 0.509066 0.473235 0.469350 0.559573 0.534967 0.569934 0.469350 0.511224 0.626485 0.473235 0.623031 0.569934 0.807795 0.493956 0.816428 0.397258 0.892406 0.404165 0.992558 0.454653 0.184045 0.115470 0.057590 0.446081 0.558672 0.019800 0.065705
0.581718 0.319802 0.585070 0.306392 0.573336 0.301363 0.559926 0.308068 0.528077 0.296335 0.516344 0.381824 0.494552 0.368414 0.486171 0.505867 0.479466 0.470665 0.544840 0.537716 0.578365 0.460608 0.514667 0.626557 0.474437 0.623205 0.578365 0.790831 0.472761 0.810946 0.439236 0.899788 0.360452 0.970190 0.406269 0.192680 0.119925 0.022236 0.417643 0.578887 0.013877 0.120587
0.578983 0.318876 0.582291 0.305644 0.570713 0.302335 0.554172 0.305644 0.529360 0.295719 0.516127 0.380078 0.494624 0.370153 0.494624 0.484286 0.497932 0.464437 0.560788 0.471053 0.585600 0.446242 0.516127 0.624884 0.473121 0.624884 0.587254 0.775407 0.446655 0.803527 0.474775 0.901119 0.330869 0.957358 0.372846 0.158563 0.140511 0.020010 0.627607 0.553975 0.013693 0.187328
0.582036 0.317128 0.585454 0.301746 0.575200 0.300037 0.556400 0.305164 0.529054 0.293201 0.520509 0.378655 0.494873 0.371819 0.498291 0.470946 0.506836 0.464109 0.559818 0.467527 0.594000 0.438473 0.517091 0.624763 0.467527 0.624763 0.590581 0.783708 0.428218 0.816181 0.489745 0.942653 0.303455 0.969998 0.317809 0.152451 0.142277 0.030192 0.592865 0.550019 0.019597 0.202328
0.581606 0.315630 0.585061 0.301813 0.574698 0.300086 0.555700 0.303540 0.528066 0.293178 0.515976 0.379533 0.498705 0.370898 0.484888 0.471071 0.514249 0.460708 0.553972 0.465889 0.597150 0.436528 0.515976 0.624784 0.469344 0.624784 0.593696 0.787133 0.417530 0.809586 0.522884 0.971935 0.286269 0.968481 0.258596 0.132764 0.142120 0.050363 0.628043 0.535783 0.018703 0.229131
0.580479 0.324217 0.583867 0.310663 0.572007 0.308969 0.551676 0.314051 0.529650 0.300497 0.495764 0.381823 0.511013 0.368269 0.422910 0.483481 0.521179 0.469926 0.487293 0.522449 0.600810 0.446206 0.516096 0.625801 0.477127 0.624107 0.592339 0.793536 0.411050 0.807091 0.556759 0.995157 0.275506 0.957883 0.191400 0.122758 0.109335 0.068390 0.524683 0.560426 0.008630 0.246107
0.576414 0.323529 0.578103 0.310019 0.566282 0.308331 0.547706 0.311708 0.522376 0.301576 0.505488 0.377568 0.500422 0.372502 0.491979 0.480580 0.510554 0.468759 0.569660 0.460315 0.593302 0.451872 0.517309 0.625809 0.476780 0.624121 0.579792 0.798059 0.397410 0.806502 0.578103 1.000000 0.258936 0.953421 0.113419 0.109930 0.095620 0.100835 0.622736 0.530698 0.007526 0.241422
0.579718 0.315571 0.583165 0.301782 0.572824 0.300058 0.548693 0.300058 0.526285 0.298335 0.503878 0.377622 0.502155 0.372451 0.488365 0.475869 0.515944 0.467251 0.571100 0.456909 0.598678 0.448291 0.517667 0.624102 0.476300 0.625825 0.576271 0.803360 0.403907 0.813702 0.603849 1.000000 0.252227 0.944698 0.057315 0.156179 0.082787 0.084702 0.621556 0.525731 0.007682 0.217647
0.576432 0.320955 0.578121 0.307442 0.566297 0.305753 0.547717 0.309131 0.522381 0.302375 0.500422 0.375006 0.502111 0.375006 0.495355 0.481420 0.512246 0.479731 0.578121 0.467907 0.595012 0.462840 0.515624 0.624994 0.481842 0.624994 0.566297 0.805728 0.412589 0.812484 0.596701 1.000000 0.243679 0.923965 0.039226 0.201681 0.067679 0.086873 0.566661 0.533373 0.003226 0.199638
0.580472 0.318510 0.580472 0.303101 0.568487 0.301389 0.544516 0.304813 0.523970 0.299676 0.496576 0.373300 0.506849 0.376724 0.491439 0.479454 0.501712 0.489727 0.580472 0.476030 0.594169 0.476030 0.510273 0.624988 0.486303 0.624988 0.565062 0.811615 0.424665 0.823600 0.594169 1.000000 0.241463 0.914345 0.046464 0.257823 0.073589 0.069503 0.527627 0.561275 0.004361 0.186681
0.579281 0.317572 0.579281 0.304628 0.569573 0.303010 0.538832 0.306246 0.529124 0.304628 0.482202 0.362876 0.521034 0.387145 0.493528 0.468045 0.511326 0.498787 0.577663 0.479371 0.501618 0.558652 0.504854 0.623372 0.491910 0.626608 0.564719 0.791642 0.441752 0.804586 0.579281 0.982565 0.268628 0.867688 0.084569 0.301306 0.081190 0.048913 0.423259 0.023563 0.004119 0.196238
0.588478 0.299480 0.588478 0.283474 0.576029 0.283474 0.542238 0.288809 0.533346 0.288809 0.488885 0.367061 0.519118 0.383067 0.465765 0.477325 0.528011 0.482660 0.540460 0.507558 0.602705 0.491552 0.503112 0.623158 0.488885 0.626714 0.568915 0.815230 0.451537 0.827679 0.560023 1.000000 0.266579 0.882811 0.118656 0.349301 0.087396 0.019190 0.443366 0.433938 0.010192 0.163549
0.589528 0.311861 0.587798 0.296291 0.577418 0.296291 0.542818 0.299751 0.532438 0.301481 0.497837 0.370682 0.499568 0.379332 0.492647 0.490052 0.499568 0.493512 0.558388 0.517733 0.560118 0.498702 0.511678 0.623263 0.490917 0.626723 0.568768 0.813564 0.482267 0.837785 0.539358 1.000000 0.298886 0.881035 0.138702 0.413236 0.075349 0.001916 0.386977 0.472783 0.003303 0.105812
0.588018 0.288937 0.586222 0.274566 0.575444 0.272770 0.543111 0.281751 0.528741 0.281751 0.507185 0.375158 0.505389 0.375158 0.483833 0.504491 0.485630 0.495509 0.553889 0.506287 0.564666 0.499102 0.503593 0.624842 0.483833 0.624842 0.559277 0.818841 0.503593 0.842192 0.503593 1.000000 0.318575 0.876322 0.179540 0.470793 0.093554 0.056270 0.548700 0.537339 0.016016 0.060117
0.560131 0.308879 0.561432 0.298478 0.553631 0.298478 0.532829 0.299778 0.535429 0.301078 0.492524 0.377787 0.521127 0.372586 0.447019 0.490899 0.473022 0.503900 0.476923 0.500000 0.515927 0.600111 0.488624 0.624813 0.497725 0.624813 0.521127 0.778230 0.538029 0.789931 0.374211 0.806833 0.502925 0.931647 0.505250 0.153499 0.071481 0.105657 0.527708 0.245300 0.017390 0.009752
0.582375 0.317168 0.580767 0.302703 0.567909 0.302703 0.548621 0.309132 0.527726 0.305917 0.521297 0.379854 0.484329 0.370210 0.506831 0.522904 0.440931 0.468256 0.580767 0.542192 0.500402 0.502009 0.513260 0.627379 0.481114 0.622557 0.493973 0.725425 0.474685 0.691672 0.466648 0.889371 0.463434 0.841152 0.009260 0.005612 0.051498 0.025471 0.450853 0.468319 0.007163 0.032304
0.591625 0.290450 0.588231 0.275179 0.576354 0.275179 0.555993 0.288754 0.533935 0.285360 0.535632 0.388862 0.481336 0.361714 0.530542 0.524603 0.489819 0.475397 0.613683 0.514422 0.589928 0.492365 0.516968 0.628105 0.466065 0.621318 0.574657 0.794388 0.457581 0.801175 0.415162 0.867348 0.427039 0.991212 0.469734 0.035720 0.131080 0.003700 0.550715 0.422847 0.021620 0.121302
0.592203 0.278366 0.588740 0.264514 0.578351 0.262783 0.552378 0.278366 0.535063 0.273172 0.529869 0.383989 0.488312 0.366673 0.536795 0.515584 0.431172 0.415156 0.625102 0.498268 0.502164 0.370136 0.490044 0.624669 0.491775 0.624669 0.483118 0.806478 0.600861 0.783968 0.413857 0.957120 0.451950 0.886128 0.125055 0.499726 0.040077 0.186854 0.544894 0.955926 0.023169 0.203246
0.585757 0.292579 0.585757 0.277371 0.572238 0.277371 0.531684 0.287509 0.526614 0.285819 0.513096 0.378758 0.506337 0.371999 0.518165 0.502112 0.442125 0.461557 0.626312 0.491974 0.504647 0.512251 0.502957 0.623777 0.477610 0.625467 0.595895 0.779237 0.479300 0.804584 0.472541 0.916110 0.359325 0.956665 0.404991 0.215611 0.184675 0.038925 0.516681 0.481135 0.024767 0.168509
0.582929 0.280407 0.579544 0.266868 0.567697 0.265176 0.540618 0.278715 0.522002 0.275330 0.523694 0.381953 0.489845 0.368414 0.549080 0.510578 0.391685 0.417494 0.635394 0.473344 0.471229 0.497038 0.498308 0.625663 0.488153 0.623970 0.552465 0.788136 0.557543 0.783059 0.433995 0.948916 0.403532 0.955686 0.304552 0.362796 0.135455 0.133027 0.567606 0.602416 0.017248 0.028503
0.579345 0.280759 0.576004 0.267395 0.565981 0.267395 0.545936 0.279088 0.520880 0.274077 0.539255 0.385994 0.472438 0.364279 0.550948 0.507934 0.388918 0.419403 0.629457 0.466174 0.470768 0.489560 0.527562 0.626534 0.460745 0.623193 0.599389 0.775200 0.427337 0.795245 0.524221 0.953934 0.297045 0.955605 0.269984 0.156140 0.158724 0.046683 0.625177 0.588744 0.014893 0.204311
0.574225 0.282870 0.572519 0.270926 0.560575 0.269219 0.540099 0.279457 0.514504 0.277751 0.531567 0.386956 0.471846 0.363067 0.548630 0.514930 0.374585 0.422789 0.623709 0.472272 0.458195 0.496161 0.511091 0.625841 0.485496 0.624135 0.548630 0.798180 0.565694 0.791355 0.458195 0.984170 0.504266 0.982464 0.212328 0.241338 0.095486 0.125716 0.622277 0.595445 0.004346 0.074076
0.580009 0.285472 0.580009 0.271404 0.565941 0.269646 0.546598 0.281955 0.518463 0.278438 0.534289 0.389219 0.478020 0.361084 0.553632 0.522860 0.372514 0.427904 0.629244 0.477140 0.456919 0.505275 0.483295 0.624848 0.504396 0.624848 0.407683 0.816517 0.597593 0.805966 0.263491 0.978292 0.588801 1.000000 0.112121 0.164099 0.051764 0.119545 0.627354 0.584123 0.015678 0.270876
0.578712 0.284320 0.576933 0.270089 0.564482 0.268310 0.544915 0.280762 0.516454 0.277204 0.532463 0.389269 0.473763 0.360808 0.550251 0.524459 0.367034 0.428403 0.624961 0.476431 0.455975 0.506671 0.489772 0.625851 0.504002 0.624072 0.406168 0.823298 0.591164 0.816183 0.247854 0.970939 0.608952 1.000000 0.133605 0.110368 0.070666 0.099175 0.640219 0.590582 0.007928 0.263072
0.578168 0.286694 0.576402 0.272562 0.564036 0.270795 0.541071 0.283161 0.516340 0.281395 0.528706 0.387385 0.475711 0.362654 0.546371 0.525173 0.371486 0.429781 0.620564 0.484543 0.458045 0.511041 0.493376 0.625864 0.502208 0.624097 0.413883 0.827246 0.585234 0.820180 0.244298 0.954434 0.617031 1.000000 0.175495 0.081608 0.072855 0.095343 0.618890 0.577914 0.005623 0.247166
0.574646 0.285611 0.572910 0.271723 0.560758 0.269987 0.536455 0.282139 0.515624 0.280403 0.526039 0.386296 0.477433 0.363728 0.538191 0.519963 0.376748 0.426222 0.616308 0.483509 0.458337 0.504340 0.494792 0.625856 0.501736 0.624120 0.423618 0.822018 0.578117 0.813338 0.248288 0.926174 0.607629 1.000000 0.218582 0.078756 0.069505 0.092502 0.610125 0.580100 0.004420 0.232916
0.574575 0.290259 0.571185 0.278395 0.559321 0.276700 0.537287 0.288564 0.515254 0.286869 0.522033 0.383477 0.479661 0.366529 0.535592 0.520762 0.384748 0.432629 0.613557 0.488560 0.466102 0.507203 0.496610 0.625845 0.501695 0.624150 0.442374 0.820755 0.572880 0.808891 0.264412 0.898720 0.588134 1.000000 0.282179 0.094008 0.053120 0.089913 0.593346 0.570195 0.002157 0.203459
0.574400 0.288922 0.572728 0.275547 0.559353 0.275547 0.539290 0.285578 0.515883 0.288922 0.515883 0.382549 0.489133 0.367502 0.527586 0.514629 0.403866 0.432706 0.606166 0.492894 0.482445 0.504598 0.489133 0.624975 0.505852 0.624975 0.462382 0.820588 0.572728 0.800525 0.280145 0.865729 0.567712 1.000000 0.379447 0.123748 0.008279 0.095218 0.557764 0.556330 0.006386 0.159119
0.577638 0.290549 0.575931 0.276898 0.562281 0.276898 0.540099 0.287136 0.517916 0.290549 0.514504 0.380984 0.488909 0.369040 0.512797 0.519196 0.418950 0.449237 0.592995 0.515783 0.519623 0.512371 0.495734 0.626695 0.500853 0.623282 0.483790 0.834866 0.572519 0.807565 0.290975 0.867287 0.541805 1.000000 0.428731 0.164312 0.006024 0.103115 0.517466 0.550038 0.004346 0.136302
0.582019 0.291764 0.578620 0.278165 0.568420 0.278165 0.541222 0.288364 0.525923 0.291764 0.512324 0.380158 0.495325 0.369959 0.512324 0.519549 0.449428 0.461753 0.590519 0.534848 0.554821 0.512749 0.493625 0.626641 0.498725 0.623242 0.512324 0.840827 0.570120 0.810229 0.328737 0.864625 0.519124 1.000000 0.486685 0.193459 0.051820 0.111826 0.438499 0.504134 0.009741 0.088380
0.582800 0.291088 0.579404 0.277500 0.569213 0.277500 0.540339 0.287691 0.526751 0.291088 0.514862 0.379409 0.497877 0.370916 0.509766 0.513588 0.469003 0.462634 0.579404 0.542462 0.564117 0.513588 0.494480 0.625687 0.492781 0.623988 0.535243 0.829503 0.560720 0.812519 0.348411 0.856679 0.489385 1.000000 0.516856 0.219800 0.089116 0.116503 0.386968 0.440534 0.016226 0.047262
0.587189 0.285217 0.583787 0.271607 0.571878 0.271607 0.544658 0.285217 0.531048 0.286918 0.517438 0.378786 0.502127 0.371981 0.498724 0.516587 0.500425 0.474056 0.570177 0.543807 0.593994 0.492770 0.491919 0.625467 0.488517 0.623766 0.541255 0.817709 0.556567 0.816007 0.372831 0.858539 0.449388 0.992938 0.504259 0.281663 0.112776 0.125484 0.427106 0.442472 0.024936 0.028330
0.585766 0.283063 0.582402 0.269610 0.572312 0.269610 0.542042 0.283063 0.531952 0.284745 0.516817 0.377237 0.506727 0.373874 0.494955 0.501682 0.530270 0.466366 0.560541 0.536997 0.610991 0.473093 0.496637 0.624444 0.479820 0.624444 0.575676 0.797658 0.535315 0.801021 0.404144 0.883423 0.422643 0.972553 0.488681 0.281926 0.162192 0.130979 0.398128 0.394196 0.030021 0.039336
0.578535 0.294101 0.575279 0.281079 0.565513 0.281079 0.536215 0.295728 0.528077 0.295728 0.513428 0.378739 0.508545 0.372228 0.498779 0.497559 0.537843 0.463378 0.552492 0.531739 0.615971 0.463378 0.502035 0.624516 0.475992 0.624516 0.585045 0.787283 0.493896 0.803559 0.430417 0.884942 0.399492 0.967953 0.470811 0.197653 0.164865 0.072572 0.358651 0.401006 0.028014 0.118394
0.576068 0.298500 0.572831 0.285553 0.563120 0.285553 0.524277 0.298500 0.522659 0.298500 0.509711 0.377805 0.509711 0.372950 0.521040 0.473295 0.545317 0.460347 0.597108 0.465203 0.619767 0.457111 0.504855 0.623813 0.475723 0.625431 0.590634 0.775949 0.470868 0.800226 0.472486 0.900571 0.354338 0.962073 0.404934 0.189793 0.169702 0.033754 0.496146 0.390685 0.024753 0.172260
0.574978 0.301020 0.571682 0.289485 0.561795 0.289485 0.532133 0.301020 0.523894 0.301020 0.502472 0.378470 0.510711 0.371878 0.485993 0.497116 0.561795 0.467455 0.566739 0.498764 0.627710 0.452624 0.509063 0.624002 0.477754 0.625650 0.598048 0.778902 0.443149 0.811859 0.492585 0.933802 0.322854 0.978294 0.356250 0.140725 0.157435 0.017379 0.537433 0.414204 0.016793 0.224465
0.572292 0.306948 0.569006 0.293804 0.559148 0.293804 0.529574 0.305305 0.523002 0.305305 0.496714 0.377597 0.514787 0.372668 0.495071 0.492607 0.569006 0.469605 0.585436 0.482749 0.626511 0.449889 0.509858 0.624046 0.478641 0.625689 0.598580 0.781774 0.426065 0.809705 0.527931 0.960860 0.306127 0.977290 0.282704 0.109141 0.146138 0.043418 0.539135 0.442808 0.014649 0.251684
0.570573 0.306962 0.565591 0.295338 0.557289 0.295338 0.524078 0.305301 0.522417 0.305301 0.489206 0.378365 0.517436 0.371723 0.475922 0.502906 0.577215 0.471356 0.568913 0.489622 0.623710 0.448108 0.510794 0.624126 0.482564 0.625786 0.593821 0.791840 0.412821 0.806785 0.560610 0.989445 0.289941 0.972840 0.199323 0.085715 0.118432 0.073652 0.578992 0.475563 0.008458 0.263391
0.567270 0.311063 0.563948 0.297775 0.553982 0.297775 0.519101 0.307741 0.519101 0.307741 0.487543 0.377503 0.515779 0.372520 0.499169 0.492110 0.577236 0.472179 0.592185 0.465535 0.620421 0.450586 0.510796 0.624989 0.485882 0.624989 0.588863 0.796070 0.406154 0.806036 0.590524 1.000000 0.274937 0.963829 0.133698 0.088773 0.106444 0.094520 0.556403 0.471691 0.004230 0.268305
0.565855 0.310404 0.562500 0.296981 0.554110 0.296981 0.515520 0.307048 0.518876 0.307048 0.481963 0.379195 0.518876 0.370806 0.485319 0.498322 0.579278 0.473155 0.582634 0.473155 0.619546 0.451343 0.508809 0.625838 0.490352 0.624160 0.584312 0.803690 0.406460 0.808723 0.612835 1.000000 0.262166 0.949662 0.083721 0.117945 0.093282 0.100114 0.571592 0.488308 0.001068 0.263592
0.564813 0.311873 0.561446 0.300089 0.553029 0.300089 0.515993 0.308506 0.517676 0.306823 0.482324 0.379211 0.515993 0.370794 0.500842 0.495370 0.573231 0.475169 0.590065 0.473485 0.618684 0.458334 0.509259 0.626681 0.492424 0.623314 0.576598 0.813545 0.414985 0.813545 0.620368 1.000000 0.248322 0.938121 0.041625 0.172625 0.075585 0.093434 0.526243 0.453241 0.002145 0.233152
0.565180 0.310648 0.561880 0.299097 0.551979 0.299097 0.515676 0.308998 0.518977 0.307347 0.485974 0.378303 0.515676 0.371702 0.510726 0.490512 0.568480 0.472360 0.588282 0.472360 0.614684 0.460809 0.504125 0.625822 0.494225 0.624172 0.571781 0.805686 0.428219 0.810637 0.619634 1.000000 0.254956 0.906344 0.038432 0.231064 0.091219 0.081314 0.504072 0.424195 0.002100 0.222815
