0.460069 0.262853 0.483783 0.251693 0.453442 0.246113 0.522494 0.272618 0.445421 0.259017 0.554230 0.378985 0.433564 0.371313 0.592243 0.521622 0.419265 0.482214 0.513427 0.496861 0.414732 0.518832 0.550743 0.626246 0.461464 0.623456 0.559461 0.819800 0.428333 0.804455 0.580386 0.989290 0.510288 0.892339 0.024771 0.296520 0.018818 0.092705 0.679796 0.001609 0.015547 0.071956
0.457622 0.266181 0.481987 0.252606 0.452401 0.248429 0.523756 0.277667 0.443003 0.265484 0.548469 0.381045 0.440218 0.369211 0.581189 0.522712 0.433953 0.473633 0.498695 0.491385 0.416201 0.508093 0.549166 0.626090 0.462147 0.623654 0.566569 0.819968 0.429080 0.805697 0.593719 0.988436 0.502524 0.926479 0.022364 0.231098 0.027593 0.084561 0.687772 0.132343 0.014408 0.085693
0.457344 0.264555 0.482779 0.252191 0.453812 0.246892 0.524816 0.281158 0.444274 0.262788 0.545658 0.380776 0.443214 0.369472 0.577451 0.518546 0.453105 0.472623 0.491610 0.488519 0.421665 0.503003 0.548484 0.625936 0.462643 0.623816 0.577805 0.815635 0.431203 0.811395 0.611364 0.995442 0.483485 0.972480 0.009921 0.152757 0.045143 0.077128 0.679301 0.285886 0.014172 0.101673
0.458002 0.269704 0.483235 0.258988 0.453509 0.252421 0.524023 0.284222 0.447632 0.266938 0.541998 0.381698 0.446595 0.368563 0.571725 0.519962 0.465261 0.478483 0.480816 0.491272 0.425856 0.505790 0.548911 0.626080 0.462496 0.623660 0.579675 0.812045 0.433806 0.812736 0.614932 0.991443 0.462496 0.995591 0.009586 0.097472 0.043182 0.067748 0.664717 0.360646 0.014529 0.100118
0.459693 0.268298 0.484311 0.257897 0.454492 0.250962 0.524878 0.282861 0.449984 0.265871 0.540827 0.379945 0.449638 0.370237 0.572033 0.513436 0.461773 0.477029 0.479803 0.504768 0.426060 0.499220 0.547068 0.625776 0.462467 0.624042 0.583128 0.801567 0.439929 0.806768 0.624042 0.978052 0.454492 1.000000 0.008111 0.062393 0.056321 0.055139 0.602926 0.359044 0.012143 0.103464
0.462842 0.263418 0.485341 0.250805 0.455683 0.248078 0.526931 0.275008 0.449206 0.265122 0.538180 0.381709 0.453979 0.368414 0.561020 0.508863 0.464547 0.476137 0.468638 0.503409 0.422276 0.493864 0.543294 0.626132 0.464547 0.623745 0.581133 0.801011 0.442389 0.814988 0.636358 0.940779 0.443070 1.000000 0.051950 0.037796 0.061170 0.049884 0.575344 0.404733 0.009985 0.104546
0.462722 0.266349 0.484901 0.253724 0.455897 0.250994 0.527212 0.276586 0.450779 0.264984 0.535743 0.382023 0.458968 0.368033 0.564747 0.511004 0.469887 0.474153 0.456238 0.493943 0.425187 0.489849 0.539496 0.626337 0.465793 0.623607 0.572595 0.794900 0.446684 0.817079 0.644251 0.904090 0.434059 1.000000 0.123144 0.013041 0.056827 0.039834 0.620049 0.425146 0.006735 0.093053
0.462925 0.265331 0.484794 0.252688 0.456774 0.249954 0.527166 0.275924 0.452673 0.262597 0.537075 0.383221 0.458482 0.366819 0.569196 0.512387 0.470442 0.471040 0.455749 0.486759 0.423970 0.486075 0.538101 0.626176 0.466342 0.623784 0.560312 0.787805 0.452332 0.812750 0.655307 0.868790 0.431487 1.000000 0.231818 0.006412 0.042127 0.033289 0.648303 0.436769 0.005656 0.067027
0.457864 0.268034 0.482495 0.256422 0.453290 0.249737 0.526478 0.276478 0.453290 0.259237 0.540200 0.382741 0.460327 0.367259 0.572924 0.516098 0.469476 0.467189 0.453642 0.485134 0.422326 0.480911 0.538793 0.625176 0.460679 0.624824 0.560609 0.787033 0.455401 0.826090 0.674613 0.854591 0.442382 1.000000 0.287073 0.009508 0.044494 0.008780 0.657439 0.438908 0.000673 0.050991
0.453758 0.263550 0.479769 0.251628 0.449422 0.244403 0.526734 0.272582 0.450145 0.253434 0.544075 0.383130 0.454841 0.366873 0.576228 0.519328 0.462428 0.468389 0.450145 0.491871 0.414379 0.480672 0.542991 0.625902 0.458093 0.624096 0.557442 0.815568 0.458093 0.833631 0.685331 0.838328 0.452674 1.000000 0.419733 0.007299 0.025627 0.004024 0.642045 0.444078 0.001383 0.024205
0.454245 0.261108 0.479674 0.248573 0.449231 0.242484 0.526951 0.269704 0.448873 0.253587 0.547008 0.383598 0.454603 0.366407 0.580675 0.518982 0.466781 0.461319 0.449589 0.490688 0.414848 0.473496 0.542352 0.626788 0.456036 0.623207 0.551664 0.819478 0.456752 0.828073 0.671289 0.809449 0.468930 1.000000 0.511251 0.015994 0.021464 0.000658 0.645251 0.467304 0.002054 0.014257
0.457977 0.255763 0.482041 0.241396 0.451512 0.238523 0.528015 0.267616 0.444328 0.252172 0.552080 0.389375 0.450793 0.360641 0.582609 0.524783 0.468034 0.452589 0.452949 0.496408 0.414158 0.467675 0.541664 0.627865 0.455463 0.622118 0.541664 0.825410 0.456899 0.832593 0.664141 0.806014 0.483478 1.000000 0.549992 0.039137 0.013894 0.003512 0.639164 0.472097 0.003658 0.002176
0.458281 0.253905 0.482685 0.240268 0.452181 0.236679 0.527543 0.268618 0.445362 0.250316 0.555894 0.390634 0.448951 0.359413 0.585680 0.532747 0.476943 0.458820 0.457564 0.502602 0.417011 0.473174 0.542616 0.628565 0.452539 0.621388 0.539027 0.832762 0.456487 0.837787 0.655660 0.804053 0.498834 1.000000 0.582419 0.064310 0.012152 0.001449 0.639323 0.512538 0.006168 0.011400
0.458852 0.257892 0.482922 0.245150 0.453543 0.240902 0.525043 0.274528 0.445756 0.256123 0.559377 0.392397 0.447880 0.357709 0.593003 0.541413 0.475134 0.470975 0.496372 0.520176 0.418501 0.481594 0.541679 0.628487 0.451065 0.621408 0.531060 0.830243 0.461684 0.841216 0.642911 0.813253 0.521503 1.000000 0.564722 0.083238 0.007080 0.011521 0.639508 0.516166 0.009240 0.032103
0.459565 0.259047 0.482970 0.246471 0.455023 0.242628 0.525589 0.274417 0.448386 0.260444 0.560522 0.384807 0.444543 0.365244 0.605586 0.524890 0.471093 0.485765 0.517554 0.523143 0.413802 0.489957 0.542357 0.626197 0.452578 0.623752 0.526637 0.827064 0.467250 0.845579 0.634232 0.817982 0.536767 1.000000 0.551667 0.102455 0.000950 0.011133 0.605386 0.545769 0.006450 0.045883
0.459225 0.260596 0.482967 0.248897 0.454752 0.244768 0.527700 0.272295 0.451655 0.262661 0.561765 0.378276 0.440988 0.371739 0.615100 0.508688 0.440644 0.504903 0.536646 0.525549 0.402105 0.503871 0.542496 0.625681 0.454752 0.624304 0.521506 0.825256 0.475053 0.828008 0.632304 0.842804 0.542496 0.995582 0.483355 0.090175 0.008612 0.014289 0.556189 0.507702 0.003506 0.064974
0.460550 0.258275 0.482703 0.244983 0.454756 0.243279 0.526669 0.266113 0.451007 0.262364 0.564841 0.373812 0.432944 0.376198 0.623802 0.497188 0.410791 0.524454 0.551890 0.519001 0.394091 0.502641 0.545414 0.622950 0.456801 0.627040 0.516104 0.813808 0.485089 0.832553 0.621076 0.859478 0.553935 0.983877 0.417881 0.092368 0.023734 0.013357 0.548165 0.744794 0.002821 0.092045
0.457571 0.258061 0.479426 0.243719 0.451424 0.242353 0.526892 0.263183 0.448351 0.258744 0.568552 0.374506 0.427179 0.375530 0.626262 0.505976 0.402934 0.525782 0.556259 0.518269 0.393373 0.504951 0.548063 0.623104 0.456205 0.626860 0.512208 0.810576 0.486597 0.831065 0.602700 0.888092 0.546014 0.986097 0.334689 0.069470 0.033977 0.010429 0.576330 0.812098 0.005436 0.107181
0.454511 0.255310 0.477039 0.240753 0.447925 0.239713 0.527294 0.260509 0.444113 0.258429 0.570270 0.374536 0.422278 0.375575 0.635429 0.505545 0.392818 0.520449 0.569231 0.513863 0.390392 0.501386 0.548435 0.624425 0.459016 0.625464 0.500260 0.814007 0.511004 0.807076 0.590719 0.966506 0.590026 0.947790 0.249631 0.074129 0.051467 0.042282 0.607121 0.895847 0.009489 0.167956
0.454150 0.255352 0.475950 0.240473 0.446883 0.239781 0.526818 0.258467 0.444115 0.258467 0.572841 0.375773 0.418162 0.374389 0.641010 0.505883 0.375254 0.507959 0.578031 0.510035 0.393248 0.499654 0.549656 0.625611 0.459341 0.624227 0.489446 0.814201 0.526126 0.784096 0.577339 0.965765 0.598101 0.943964 0.265646 0.008697 0.068915 0.073963 0.632663 0.736580 0.011458 0.224329
0.452172 0.253435 0.474273 0.239276 0.445265 0.238931 0.525382 0.260341 0.441812 0.260341 0.573037 0.376027 0.414186 0.374300 0.644175 0.505871 0.366185 0.505871 0.582361 0.511051 0.397610 0.494475 0.551972 0.625009 0.460805 0.624664 0.492575 0.813905 0.539886 0.783861 0.553353 0.992095 0.595484 0.958252 0.201606 0.048516 0.070108 0.088153 0.632928 0.722089 0.016275 0.243728
0.452412 0.251570 0.474949 0.237354 0.445477 0.237701 0.526611 0.260238 0.442357 0.261279 0.574806 0.376045 0.411845 0.374312 0.651086 0.506414 0.362609 0.505374 0.590062 0.508495 0.401096 0.491852 0.552963 0.624995 0.460386 0.624648 0.496446 0.812921 0.541521 0.784836 0.532159 1.000000 0.599077 0.957853 0.151398 0.047008 0.065131 0.088267 0.657665 0.721935 0.017005 0.242222
0.452765 0.253110 0.475054 0.239051 0.446593 0.238708 0.527175 0.260997 0.446250 0.260997 0.574153 0.376898 0.412303 0.373469 0.654392 0.502743 0.360867 0.504458 0.598156 0.501715 0.411274 0.485255 0.553236 0.624474 0.460309 0.625159 0.502143 0.819585 0.544320 0.776379 0.518945 1.000000 0.607071 0.943373 0.104900 0.046999 0.054694 0.101422 0.686498 0.734961 0.017254 0.242938
0.453355 0.255222 0.475106 0.241628 0.447238 0.241288 0.526084 0.263039 0.446558 0.262699 0.572643 0.377229 0.413593 0.373150 0.656247 0.496856 0.359217 0.497196 0.601531 0.501274 0.417671 0.483602 0.553272 0.624640 0.460492 0.624980 0.509091 0.822434 0.543416 0.764999 0.501274 1.000000 0.605269 0.922010 0.059345 0.050744 0.045080 0.111588 0.668511 0.704236 0.017534 0.240149
0.454394 0.255345 0.476557 0.242047 0.449279 0.240001 0.526682 0.263870 0.448938 0.260119 0.573397 0.377417 0.412453 0.372984 0.658301 0.488236 0.357214 0.492669 0.605790 0.501875 0.425751 0.482439 0.554301 0.624970 0.459849 0.624629 0.514407 0.826832 0.545095 0.761363 0.489856 1.000000 0.621475 0.900825 0.028677 0.017959 0.037605 0.118192 0.627208 0.684800 0.018027 0.239560
0.453728 0.258892 0.475762 0.245671 0.448982 0.243298 0.525594 0.267027 0.449999 0.262621 0.572714 0.376861 0.414404 0.373471 0.656784 0.482966 0.357454 0.487034 0.607630 0.500932 0.428303 0.482288 0.552374 0.625003 0.460507 0.624664 0.516441 0.826365 0.547628 0.755177 0.484237 1.000000 0.620512 0.880943 0.012027 0.020175 0.030178 0.129580 0.601737 0.669254 0.016409 0.243569
0.451585 0.259121 0.473825 0.245435 0.446110 0.242698 0.524464 0.265622 0.450900 0.259806 0.575446 0.377508 0.413947 0.372717 0.658248 0.486314 0.356465 0.484261 0.609319 0.502737 0.430029 0.484603 0.553205 0.624545 0.457401 0.625230 0.517279 0.816838 0.535071 0.754223 0.482037 1.000000 0.614110 0.862687 0.009515 0.027934 0.030213 0.118271 0.603979 0.649985 0.013509 0.231310
0.451089 0.260250 0.473399 0.246521 0.446284 0.242745 0.525914 0.264369 0.454521 0.258877 0.576370 0.378323 0.415736 0.371802 0.660806 0.485756 0.358072 0.482667 0.605202 0.508409 0.430495 0.490561 0.552687 0.624080 0.455208 0.625796 0.519736 0.807024 0.522825 0.761717 0.487815 1.000000 0.608291 0.845810 0.011142 0.105637 0.026143 0.097865 0.588883 0.618106 0.010053 0.203663
0.449641 0.259060 0.471869 0.244473 0.445821 0.241347 0.525353 0.264617 0.451378 0.258018 0.577101 0.379226 0.415258 0.370891 0.666705 0.491057 0.358996 0.485847 0.605580 0.511895 0.431582 0.495225 0.554179 0.624421 0.453462 0.625463 0.515629 0.808838 0.502084 0.782443 0.494443 1.000000 0.598981 0.841137 0.035764 0.231032 0.035924 0.048194 0.610436 0.603985 0.009730 0.161203
0.449700 0.260862 0.471674 0.246784 0.445237 0.244038 0.525236 0.264638 0.452104 0.260518 0.576737 0.378628 0.418456 0.371418 0.660856 0.497425 0.366268 0.485408 0.594934 0.518712 0.429786 0.501888 0.550986 0.625149 0.453820 0.624805 0.509442 0.813987 0.478198 0.795790 0.500515 1.000000 0.563003 0.850382 0.054671 0.272865 0.035800 0.000946 0.596699 0.555859 0.006120 0.114008
0.449410 0.261079 0.471176 0.246454 0.444308 0.244754 0.524232 0.264480 0.451110 0.261419 0.574907 0.379774 0.421522 0.370251 0.653811 0.501530 0.373227 0.484865 0.590212 0.519556 0.431385 0.509013 0.549740 0.624987 0.453831 0.624987 0.506207 0.811363 0.471176 0.798779 0.509608 1.000000 0.574567 0.833809 0.078624 0.364352 0.040484 0.008495 0.595117 0.501669 0.004547 0.104704
0.445997 0.262594 0.467222 0.247531 0.441547 0.246504 0.521995 0.264648 0.449078 0.262936 0.572317 0.379671 0.420665 0.370428 0.647972 0.511126 0.377189 0.490928 0.580533 0.521053 0.424773 0.520026 0.551778 0.624095 0.455240 0.625807 0.514121 0.810665 0.464483 0.805530 0.527472 1.000000 0.570606 0.826412 0.085527 0.421799 0.036709 0.026479 0.619706 0.435517 0.008936 0.079750
0.446360 0.266104 0.467547 0.251307 0.441652 0.249962 0.520010 0.268795 0.446360 0.266104 0.569446 0.379101 0.422483 0.371030 0.636369 0.518665 0.387845 0.490752 0.565746 0.516983 0.417102 0.523036 0.551286 0.626280 0.456786 0.623590 0.528417 0.821669 0.451069 0.808217 0.536825 0.989819 0.542878 0.857653 0.052988 0.352627 0.013743 0.052823 0.649903 0.324005 0.010278 0.027233
0.446089 0.267775 0.467420 0.253776 0.442090 0.252110 0.518748 0.270441 0.446756 0.266442 0.566076 0.378763 0.424091 0.371430 0.619071 0.510416 0.396428 0.488418 0.551744 0.513082 0.413426 0.520748 0.550745 0.626403 0.459088 0.623403 0.538413 0.814050 0.454422 0.797385 0.553078 0.978032 0.544412 0.900041 0.049280 0.237638 0.001203 0.052464 0.609213 0.227991 0.012522 0.012353
0.443194 0.267589 0.463944 0.253303 0.439452 0.251262 0.516327 0.267249 0.445915 0.263848 0.565990 0.380181 0.425166 0.369976 0.610210 0.514542 0.399654 0.486309 0.538437 0.510120 0.410879 0.517943 0.550683 0.627133 0.458161 0.622711 0.551363 0.818300 0.438772 0.797210 0.566670 0.975451 0.526192 0.870343 0.029774 0.313473 0.020838 0.076546 0.620793 0.177254 0.011263 0.036356
0.444704 0.271597 0.464410 0.255628 0.442666 0.254609 0.516733 0.271597 0.449121 0.266840 0.564979 0.380320 0.427716 0.369787 0.605750 0.515204 0.401894 0.481908 0.530324 0.503992 0.414805 0.519621 0.550030 0.626645 0.457275 0.623248 0.561921 0.818270 0.431114 0.803320 0.586044 0.971502 0.519112 0.888600 0.029975 0.300916 0.039022 0.082879 0.640408 0.177042 0.009302 0.065652
0.446969 0.275904 0.466529 0.259717 0.444608 0.258705 0.518127 0.274892 0.450004 0.270845 0.560956 0.379437 0.431793 0.370668 0.601088 0.512984 0.407175 0.480609 0.523522 0.498482 0.418641 0.515344 0.549153 0.625622 0.458098 0.624273 0.568713 0.805034 0.431119 0.798963 0.601762 0.962187 0.504637 0.904519 0.031413 0.242423 0.049816 0.081673 0.651752 0.171610 0.009233 0.083341
0.447542 0.279977 0.467255 0.263939 0.444201 0.262268 0.519045 0.278640 0.449213 0.274297 0.558806 0.378879 0.435179 0.371194 0.591551 0.511862 0.411790 0.470764 0.514702 0.493150 0.417136 0.506181 0.548783 0.625131 0.457232 0.624797 0.575513 0.794868 0.430836 0.798209 0.614606 0.955917 0.477279 0.942886 0.026081 0.146958 0.062669 0.075692 0.652871 0.121126 0.007659 0.097802
0.446415 0.278824 0.466667 0.263297 0.444389 0.260934 0.518987 0.278149 0.450803 0.272748 0.558480 0.380087 0.436626 0.369961 0.590209 0.514093 0.413673 0.465148 0.507510 0.489452 0.415361 0.501941 0.549028 0.625482 0.455866 0.624470 0.585483 0.794592 0.431225 0.799656 0.628014 0.963702 0.459917 0.975179 0.010844 0.096055 0.079837 0.068498 0.666182 0.089909 0.006233 0.112064
0.446974 0.279642 0.466984 0.264634 0.444973 0.261966 0.519676 0.278307 0.452977 0.272972 0.557695 0.380691 0.437636 0.369352 0.585709 0.512756 0.418293 0.469402 0.500000 0.483409 0.416626 0.500083 0.548691 0.625478 0.455978 0.624478 0.592379 0.792227 0.432633 0.800898 0.640069 0.947637 0.446640 0.989658 0.013212 0.065454 0.093268 0.064723 0.671544 0.043508 0.005945 0.123441
0.447037 0.281857 0.468222 0.266961 0.443726 0.262989 0.521847 0.279540 0.449685 0.270933 0.555943 0.382488 0.437768 0.367592 0.582093 0.511255 0.433465 0.463588 0.498676 0.480470 0.415590 0.489407 0.548991 0.626119 0.457298 0.623802 0.599968 0.799574 0.436113 0.804870 0.648297 0.941582 0.427506 1.000000 0.013428 0.023103 0.100067 0.061291 0.676312 0.178491 0.008008 0.128061
0.445780 0.280452 0.466134 0.265771 0.443111 0.262101 0.518852 0.277449 0.452454 0.269441 0.554553 0.383887 0.438773 0.366203 0.580912 0.510677 0.436438 0.466968 0.499833 0.483317 0.413082 0.487321 0.548214 0.626457 0.458459 0.623454 0.585917 0.800294 0.439774 0.809636 0.661992 0.937094 0.423425 1.000000 0.093561 0.006934 0.076303 0.056149 0.668839 0.264458 0.008497 0.099824
0.445527 0.276486 0.466007 0.261043 0.441163 0.259364 0.518046 0.273129 0.447542 0.267757 0.551955 0.387278 0.443177 0.362769 0.580492 0.513178 0.449221 0.458453 0.496223 0.484640 0.419005 0.485312 0.544568 0.626655 0.460300 0.623298 0.574113 0.790492 0.445527 0.812986 0.676175 0.870732 0.408933 1.000000 0.231133 0.029457 0.066608 0.045629 0.674887 0.288780 0.006198 0.081529
0.443601 0.278299 0.462909 0.262717 0.439197 0.261362 0.515412 0.273218 0.449359 0.267798 0.551318 0.387032 0.445972 0.362982 0.581804 0.518800 0.449698 0.460199 0.486281 0.487298 0.416841 0.486281 0.542172 0.625501 0.460538 0.624485 0.562158 0.783012 0.445295 0.820611 0.683085 0.854485 0.410744 1.000000 0.289912 0.027378 0.052375 0.042401 0.673771 0.298622 0.003449 0.064863
0.439252 0.276404 0.459416 0.259658 0.434468 0.258291 0.516148 0.268885 0.447113 0.265809 0.552375 0.389526 0.446429 0.360477 0.581766 0.523496 0.452581 0.450701 0.483339 0.488636 0.419772 0.480776 0.541780 0.625682 0.459416 0.624315 0.563311 0.790068 0.442328 0.825611 0.690104 0.829713 0.418747 1.000000 0.362085 0.010039 0.055726 0.042612 0.677091 0.285500 0.001522 0.068412
0.437286 0.274487 0.458046 0.257187 0.433479 0.255803 0.517906 0.267567 0.444206 0.262031 0.554583 0.388325 0.443514 0.361682 0.589876 0.527767 0.451126 0.453721 0.486765 0.502163 0.416179 0.483824 0.544895 0.627072 0.457008 0.622920 0.573614 0.814956 0.441784 0.828105 0.686759 0.817378 0.429673 1.000000 0.444906 0.004997 0.061191 0.040003 0.656384 0.299927 0.002423 0.071856
0.435313 0.270000 0.457401 0.253171 0.433209 0.250016 0.519459 0.267196 0.445480 0.258080 0.555922 0.388506 0.441273 0.361509 0.597995 0.523491 0.446532 0.454070 0.493163 0.512271 0.414977 0.482470 0.546806 0.627622 0.455999 0.622363 0.566090 0.823262 0.445130 0.833079 0.674428 0.806432 0.450038 1.000000 0.517781 0.024139 0.043403 0.034354 0.630113 0.284804 0.003571 0.047678
0.435036 0.269410 0.456191 0.253544 0.433273 0.250018 0.520009 0.264121 0.448787 0.259538 0.559851 0.385763 0.437152 0.364255 0.607097 0.519745 0.440678 0.459100 0.506611 0.518334 0.411061 0.478492 0.548216 0.625520 0.454781 0.624462 0.553505 0.820499 0.445614 0.842359 0.664216 0.799696 0.473115 1.000000 0.550489 0.058308 0.024067 0.034917 0.612380 0.327298 0.003816 0.022016
0.435285 0.268365 0.455813 0.251317 0.431458 0.249577 0.518440 0.260711 0.442939 0.259319 0.567499 0.384226 0.430066 0.365786 0.616209 0.520267 0.426587 0.468425 0.530618 0.526878 0.407450 0.494868 0.549058 0.625342 0.453377 0.624646 0.549058 0.822619 0.450594 0.848366 0.650654 0.797568 0.493389 1.000000 0.576952 0.081636 0.024297 0.032548 0.584909 0.188618 0.003102 0.003960
0.433193 0.266394 0.453261 0.248438 0.429672 0.247030 0.515580 0.259000 0.442347 0.257592 0.570856 0.383637 0.425799 0.366385 0.621908 0.519893 0.411364 0.468489 0.549731 0.532568 0.402914 0.505809 0.550084 0.625517 0.453261 0.624461 0.538817 0.821978 0.458542 0.842047 0.646906 0.821978 0.512059 1.000000 0.518234 0.086393 0.009035 0.026021 0.558776 0.026169 0.004258 0.025959
