0.456134 0.280672 0.456134 0.267430 0.466066 0.267430 0.462756 0.277362 0.538900 0.283983 0.432960 0.366748 0.562074 0.383301 0.386612 0.499172 0.641528 0.485930 0.432960 0.495862 0.565384 0.565384 0.459445 0.624975 0.545521 0.624975 0.456134 0.840165 0.489241 0.777263 0.525657 1.000000 0.548831 0.903066 0.101578 0.253493 0.037430 0.090913 0.629865 0.452933 0.006323 0.107784
0.458057 0.276027 0.458057 0.265961 0.468124 0.265961 0.464768 0.272671 0.541943 0.279382 0.427859 0.366623 0.568786 0.383400 0.380883 0.504194 0.645960 0.473996 0.434570 0.467285 0.575497 0.564592 0.454702 0.624989 0.548653 0.624989 0.461413 0.829668 0.468124 0.762560 0.545298 1.000000 0.518455 0.926975 0.100214 0.263132 0.022520 0.142109 0.796454 0.435006 0.004273 0.179006
0.461934 0.282361 0.465244 0.269121 0.471864 0.269121 0.468554 0.282361 0.544686 0.282361 0.425523 0.368424 0.567857 0.381664 0.379181 0.504138 0.643989 0.464416 0.432143 0.471037 0.594338 0.553789 0.458624 0.626611 0.547996 0.623301 0.465244 0.825217 0.465244 0.768945 0.554617 1.000000 0.485105 0.964241 0.112999 0.196729 0.029981 0.138365 0.782547 0.398159 0.008429 0.175076
0.470000 0.283333 0.470000 0.270000 0.480000 0.270000 0.473333 0.280000 0.550000 0.286667 0.426667 0.366667 0.573333 0.383333 0.376667 0.500000 0.650000 0.456667 0.416667 0.476667 0.606667 0.546667 0.453333 0.623333 0.546667 0.626667 0.470000 0.816667 0.460000 0.790000 0.563333 1.000000 0.460000 0.993333 0.107652 0.155283 0.005580 0.120539 0.782292 0.399905 0.000005 0.182656
0.480265 0.279624 0.480265 0.269757 0.490132 0.269757 0.476976 0.276335 0.552627 0.286203 0.430927 0.368432 0.572362 0.381589 0.378300 0.496711 0.651303 0.450662 0.421059 0.473686 0.611832 0.542759 0.453951 0.621700 0.542759 0.628278 0.467108 0.809184 0.480265 0.805895 0.490132 1.000000 0.559205 1.000000 0.015289 0.228811 0.006558 0.069676 0.781150 0.400070 0.004187 0.129993
0.560354 0.281218 0.553648 0.267806 0.563707 0.267806 0.483235 0.271159 0.553648 0.281218 0.436293 0.368395 0.573766 0.381807 0.379292 0.495809 0.660943 0.452220 0.419528 0.482397 0.624061 0.546104 0.453058 0.619869 0.536883 0.629928 0.469823 0.821048 0.489941 0.821048 0.449705 1.000000 0.597237 0.968580 0.055323 0.276816 0.005276 0.029691 0.736318 0.402890 0.012811 0.103129
0.567379 0.278731 0.560724 0.265422 0.567379 0.265422 0.484195 0.268749 0.554069 0.278731 0.437612 0.368570 0.577361 0.381879 0.377720 0.495009 0.660545 0.455081 0.424303 0.481700 0.623944 0.548247 0.450922 0.621448 0.534105 0.628103 0.470886 0.827744 0.487522 0.831071 0.437612 1.000000 0.610634 0.930892 0.077869 0.354947 0.013971 0.016457 0.729398 0.389444 0.019076 0.102520
0.558619 0.276255 0.548712 0.266348 0.561922 0.266348 0.482662 0.269650 0.561922 0.279558 0.439729 0.368725 0.578435 0.381935 0.383587 0.490918 0.664300 0.454591 0.429822 0.487616 0.627972 0.550363 0.449637 0.619716 0.532199 0.629623 0.476057 0.831076 0.485964 0.824471 0.433124 1.000000 0.552014 0.877311 0.099711 0.359383 0.027025 0.015418 0.659792 0.391866 0.023147 0.113743
0.504951 0.274717 0.501650 0.264814 0.511553 0.264814 0.475244 0.271416 0.557765 0.281319 0.438934 0.367141 0.580871 0.383645 0.379519 0.485971 0.669994 0.462865 0.422430 0.495874 0.627083 0.551988 0.448837 0.621306 0.531358 0.627908 0.468642 0.845764 0.498350 0.835862 0.429032 1.000000 0.600676 0.835862 0.086124 0.550107 0.015618 0.013552 0.575391 0.411536 0.025243 0.078121
0.508352 0.273648 0.505011 0.263625 0.515034 0.263625 0.474943 0.270307 0.558467 0.276989 0.434851 0.363855 0.588536 0.387242 0.378054 0.480789 0.678743 0.474107 0.424828 0.514199 0.628628 0.560973 0.441533 0.621111 0.535080 0.627793 0.461579 0.854980 0.501670 0.818229 0.424828 1.000000 0.541762 0.851639 0.079786 0.334139 0.018952 0.014323 0.446493 0.422570 0.029821 0.082498
0.504978 0.266017 0.501659 0.252741 0.511616 0.252741 0.478427 0.259379 0.558081 0.262698 0.438600 0.365584 0.584632 0.385498 0.388817 0.468470 0.680881 0.478427 0.431962 0.538167 0.621140 0.561400 0.441919 0.621140 0.534849 0.627778 0.461833 0.853464 0.518254 0.823594 0.428643 1.000000 0.538167 0.893291 0.073694 0.115497 0.023084 0.037597 0.319892 0.454217 0.029623 0.054129
0.489898 0.269338 0.486531 0.255869 0.496633 0.259236 0.479796 0.262603 0.557245 0.269338 0.439388 0.363623 0.580816 0.387195 0.382144 0.461276 0.678468 0.491582 0.409082 0.531990 0.604387 0.572398 0.442755 0.622907 0.537041 0.626275 0.449490 0.861988 0.516837 0.811478 0.432653 1.000000 0.570714 0.885559 0.031662 0.234740 0.004829 0.023056 0.284631 0.475563 0.025753 0.043552
0.445334 0.262543 0.448750 0.252293 0.452167 0.252293 0.465833 0.255709 0.551250 0.262543 0.438500 0.365042 0.578583 0.385542 0.383834 0.457292 0.670833 0.511958 0.404334 0.542708 0.592250 0.580291 0.441917 0.628124 0.541000 0.621291 0.445334 0.874123 0.544416 0.744291 0.445334 1.000000 0.541000 0.829707 0.004421 0.021565 0.000267 0.059161 0.245258 0.472835 0.021768 0.004418
0.456682 0.276614 0.453284 0.259626 0.463477 0.259626 0.456682 0.263024 0.545017 0.269819 0.436297 0.358154 0.575595 0.392129 0.392129 0.443092 0.670725 0.528029 0.392129 0.534824 0.575595 0.572197 0.449887 0.623160 0.538222 0.626557 0.439694 0.871178 0.511042 0.782843 0.470272 1.000000 0.473669 0.864383 0.056869 0.081988 0.029383 0.004488 0.152636 0.556040 0.015146 0.041736
0.471620 0.279449 0.471620 0.266475 0.474864 0.266475 0.478107 0.276205 0.546219 0.282692 0.445673 0.357290 0.565679 0.392968 0.409996 0.428645 0.646764 0.525947 0.390535 0.509730 0.555949 0.548651 0.452160 0.620006 0.536488 0.629736 0.413239 0.817854 0.487837 0.843801 0.478107 0.928129 0.481350 1.000000 0.231082 0.061911 0.069687 0.032088 0.072607 0.596315 0.014459 0.009305
0.472594 0.289884 0.472594 0.274658 0.481729 0.277703 0.475639 0.283794 0.545677 0.292929 0.448232 0.356878 0.563948 0.393419 0.420826 0.426916 0.621806 0.527406 0.396465 0.503045 0.533497 0.539587 0.454323 0.618761 0.533497 0.630942 0.414736 0.795380 0.496955 0.831922 0.496955 0.901961 0.509135 1.000000 0.279339 0.076517 0.077587 0.016662 0.020144 0.586124 0.015515 0.012936
0.467809 0.283515 0.464590 0.270638 0.474247 0.273857 0.467809 0.280295 0.545068 0.289953 0.448494 0.351116 0.567601 0.399403 0.429179 0.415498 0.622326 0.537825 0.387331 0.505633 0.532191 0.537825 0.448494 0.618302 0.535410 0.631179 0.390550 0.798573 0.519315 0.846860 0.454932 0.856517 0.545068 1.000000 0.365732 0.060988 0.098994 0.020218 0.045586 0.619841 0.020508 0.075283
0.469833 0.284863 0.466658 0.272161 0.476184 0.275337 0.473009 0.281688 0.546044 0.288039 0.453956 0.354723 0.565097 0.396004 0.441254 0.415057 0.609553 0.542075 0.393622 0.494443 0.520640 0.526197 0.447605 0.618286 0.533342 0.630987 0.384096 0.799286 0.536518 0.840567 0.447605 0.872322 0.574623 1.000000 0.335244 0.052427 0.099747 0.047578 0.105973 0.650290 0.024282 0.112238
0.459689 0.282637 0.459689 0.269990 0.462851 0.269990 0.475497 0.273152 0.541892 0.282637 0.462851 0.352193 0.567185 0.399618 0.443881 0.402779 0.595640 0.538730 0.393294 0.478659 0.516599 0.526084 0.443881 0.617771 0.526084 0.630418 0.380648 0.794823 0.545053 0.829602 0.424911 0.933936 0.589316 1.000000 0.207244 0.043935 0.086490 0.086321 0.072967 0.614724 0.038335 0.139412
0.455298 0.288254 0.458435 0.272570 0.461572 0.275707 0.474120 0.281981 0.539996 0.285118 0.467846 0.354131 0.565092 0.398048 0.452161 0.394911 0.587051 0.542349 0.398833 0.470199 0.502353 0.520390 0.442750 0.617636 0.524312 0.630184 0.383148 0.799581 0.555681 0.834087 0.414518 0.984662 0.612147 1.000000 0.154210 0.033779 0.070543 0.103944 0.079298 0.628817 0.042061 0.149357
0.454662 0.278878 0.457844 0.262970 0.461025 0.266151 0.473752 0.272514 0.543747 0.278878 0.464207 0.358418 0.566019 0.393416 0.426027 0.434777 0.581927 0.539770 0.391030 0.469775 0.502386 0.517499 0.441935 0.619311 0.527839 0.628855 0.378303 0.810208 0.556474 0.835661 0.400574 1.000000 0.629651 1.000000 0.138785 0.078285 0.075309 0.094968 0.102416 0.621365 0.038578 0.146212
0.454552 0.282165 0.457687 0.266493 0.460821 0.269628 0.470224 0.272762 0.539179 0.279031 0.470224 0.363657 0.564254 0.388732 0.416941 0.451418 0.579925 0.536045 0.395000 0.467090 0.498433 0.520373 0.442015 0.620671 0.523507 0.626940 0.382463 0.818133 0.551716 0.824402 0.391866 1.000000 0.642612 0.937238 0.107918 0.170685 0.058440 0.099093 0.128881 0.594211 0.044038 0.138404
0.456959 0.292957 0.456959 0.281083 0.459927 0.281083 0.468832 0.287020 0.534136 0.289988 0.474769 0.358261 0.557883 0.393881 0.465864 0.402786 0.575693 0.536362 0.406496 0.462153 0.492579 0.527457 0.445085 0.619477 0.522263 0.628382 0.391655 0.818357 0.540073 0.809452 0.394623 1.000000 0.649902 0.904440 0.088366 0.241817 0.047526 0.079193 0.187167 0.573558 0.041693 0.114752
0.455125 0.286276 0.458168 0.271064 0.461210 0.274106 0.470337 0.280191 0.540311 0.283233 0.470337 0.359292 0.561607 0.392758 0.452083 0.423181 0.582904 0.532705 0.406448 0.462731 0.494676 0.529663 0.445998 0.620933 0.522057 0.627018 0.394279 0.830854 0.528142 0.812600 0.391236 1.000000 0.646793 0.864320 0.072212 0.358721 0.047368 0.063671 0.184112 0.559042 0.040785 0.087325
0.457252 0.279513 0.460252 0.267513 0.466252 0.267513 0.469252 0.279513 0.541248 0.282513 0.460252 0.360508 0.562246 0.390506 0.442253 0.429504 0.592245 0.525499 0.400256 0.468502 0.505250 0.531498 0.448253 0.621493 0.529248 0.627493 0.406255 0.834481 0.529248 0.822481 0.397256 1.000000 0.616243 0.936475 0.048337 0.207496 0.047346 0.044038 0.180557 0.547687 0.028685 0.061970
0.457744 0.290904 0.460658 0.276333 0.466486 0.279247 0.469401 0.285076 0.539342 0.290904 0.457744 0.357931 0.562656 0.392902 0.454829 0.424959 0.594712 0.526957 0.405288 0.474501 0.513114 0.535699 0.449001 0.620212 0.530599 0.628955 0.411116 0.832950 0.516028 0.809636 0.408202 1.000000 0.623855 0.797980 0.051045 0.559893 0.045491 0.017350 0.236169 0.540740 0.026002 0.030482
0.455501 0.286260 0.455501 0.274589 0.458419 0.274589 0.467173 0.283343 0.531368 0.289178 0.455501 0.359209 0.560547 0.391307 0.449665 0.432158 0.601399 0.522614 0.400060 0.490517 0.519696 0.545958 0.452583 0.621824 0.531368 0.627660 0.411732 0.834834 0.505106 0.799819 0.417568 1.000000 0.595563 0.773557 0.069673 0.638124 0.056777 0.009085 0.198837 0.507423 0.020448 0.012130
0.456398 0.287904 0.456398 0.276080 0.459354 0.276080 0.465266 0.281992 0.533256 0.287904 0.450486 0.361805 0.559860 0.388409 0.441618 0.450486 0.613069 0.515519 0.397277 0.503695 0.536212 0.553948 0.456398 0.621937 0.533256 0.627849 0.423882 0.843640 0.515519 0.784519 0.441618 1.000000 0.598288 0.772695 0.074369 0.581050 0.053588 0.000658 0.189417 0.478608 0.013177 0.010473
0.455806 0.285125 0.455806 0.269885 0.461902 0.272933 0.461902 0.279029 0.535051 0.285125 0.443614 0.364370 0.562481 0.385705 0.410088 0.464949 0.629535 0.507620 0.385705 0.504572 0.550290 0.553338 0.455806 0.623439 0.538098 0.626487 0.425327 0.839838 0.486285 0.812407 0.464949 1.000000 0.477141 1.000000 0.103816 0.071604 0.059508 0.054390 0.073181 0.493495 0.007762 0.041975
0.457579 0.288652 0.457579 0.273501 0.463639 0.273501 0.463639 0.282592 0.536361 0.288652 0.436368 0.367434 0.560602 0.382584 0.387887 0.488637 0.636354 0.497727 0.400007 0.503788 0.560602 0.558329 0.460609 0.624991 0.542421 0.624991 0.442428 0.843157 0.493940 0.800735 0.500000 1.000000 0.496970 0.973450 0.110830 0.091262 0.056335 0.061850 0.335896 0.470449 0.003857 0.059214
0.451133 0.286692 0.454236 0.274282 0.457338 0.274282 0.460441 0.283590 0.534905 0.289795 0.429415 0.367361 0.559726 0.382875 0.376669 0.497673 0.640395 0.488365 0.410799 0.506981 0.572137 0.565931 0.463544 0.624882 0.547316 0.624882 0.457338 0.854479 0.494570 0.783118 0.519392 1.000000 0.528700 0.838965 0.098404 0.277025 0.050542 0.086107 0.537673 0.437517 0.013831 0.093816
0.449613 0.283723 0.452714 0.271320 0.455814 0.271320 0.458915 0.280622 0.533333 0.286824 0.424807 0.367443 0.561240 0.382947 0.368993 0.497674 0.644960 0.472868 0.415505 0.491473 0.579844 0.565891 0.465117 0.624805 0.548837 0.624805 0.468217 0.851160 0.486822 0.776742 0.539535 1.000000 0.545736 0.866664 0.094061 0.307973 0.045094 0.107043 0.671074 0.433037 0.017775 0.127713
0.449892 0.274901 0.452976 0.262567 0.456060 0.259484 0.468394 0.271818 0.536232 0.281069 0.425224 0.370491 0.563984 0.379742 0.363553 0.496916 0.647239 0.459914 0.403639 0.481499 0.594819 0.558587 0.465310 0.626425 0.545482 0.623342 0.474561 0.836106 0.465310 0.743600 0.557816 1.000000 0.533148 0.919362 0.097329 0.304416 0.035420 0.163038 0.761338 0.411447 0.013746 0.201201
0.455787 0.280487 0.458890 0.268076 0.461992 0.268076 0.471300 0.277384 0.542662 0.286692 0.424761 0.367361 0.564380 0.382875 0.365810 0.500776 0.645049 0.457338 0.399939 0.479057 0.601612 0.550418 0.461992 0.624882 0.548867 0.624882 0.468198 0.826555 0.474403 0.758296 0.567483 1.000000 0.517840 0.938251 0.143993 0.237434 0.035913 0.141666 0.812833 0.401708 0.013831 0.171833
0.463288 0.278164 0.466412 0.265666 0.469537 0.265666 0.472661 0.278164 0.550772 0.287537 0.425794 0.368773 0.569519 0.381271 0.366430 0.500000 0.650755 0.446884 0.403923 0.478129 0.613261 0.540618 0.460163 0.624978 0.544523 0.624978 0.478910 0.821818 0.466412 0.793698 0.563270 1.000000 0.482034 1.000000 0.102416 0.161724 0.012222 0.105480 0.803320 0.404855 0.005968 0.168237
0.473273 0.279106 0.476417 0.266528 0.482706 0.266528 0.476417 0.272817 0.548738 0.282250 0.426106 0.367149 0.570749 0.382871 0.363218 0.502358 0.652504 0.445759 0.407240 0.480347 0.617915 0.540091 0.460695 0.621846 0.542449 0.628134 0.454406 0.816799 0.492139 0.823088 0.460695 1.000000 0.583327 0.996030 0.019907 0.234843 0.053229 0.043824 0.786161 0.403154 0.004003 0.070126
0.513117 0.279325 0.510031 0.266980 0.519290 0.266980 0.479167 0.270066 0.550153 0.279325 0.426699 0.368830 0.571758 0.381175 0.368058 0.498457 0.655090 0.445989 0.408181 0.479939 0.624226 0.538580 0.457563 0.621911 0.543981 0.628084 0.463735 0.825611 0.482253 0.810179 0.451390 1.000000 0.593362 0.952152 0.028345 0.315405 0.028985 0.068372 0.772868 0.392000 0.001964 0.113675
0.517615 0.277408 0.511210 0.264597 0.520818 0.261394 0.475979 0.267800 0.556048 0.271003 0.427938 0.373491 0.581670 0.376694 0.367085 0.495196 0.668145 0.443952 0.408721 0.485588 0.626509 0.546440 0.453560 0.623306 0.536832 0.626509 0.472777 0.853905 0.459965 0.834688 0.475979 1.000000 0.562454 0.946785 0.021491 0.348344 0.006068 0.056056 0.719776 0.412414 0.012237 0.139052
0.529243 0.280279 0.522921 0.267633 0.532405 0.267633 0.478660 0.273956 0.554535 0.277117 0.431238 0.368800 0.579827 0.381445 0.374332 0.495258 0.668348 0.463643 0.415431 0.492096 0.630410 0.555326 0.450207 0.621716 0.538728 0.628039 0.466014 0.846179 0.488145 0.827211 0.421754 1.000000 0.567181 0.871471 0.084350 0.416673 0.001454 0.026598 0.659036 0.386670 0.014093 0.101546
0.491318 0.274281 0.488162 0.261653 0.497632 0.261653 0.472377 0.267967 0.551300 0.277437 0.437651 0.365831 0.579712 0.384773 0.374513 0.492108 0.671263 0.470009 0.418709 0.507892 0.623909 0.564717 0.450279 0.621541 0.532358 0.627855 0.459749 0.855153 0.478691 0.836212 0.418709 1.000000 0.620752 0.848839 0.071346 0.552025 0.002809 0.019003 0.538396 0.408947 0.022125 0.093142
0.497561 0.263389 0.497561 0.253632 0.507318 0.253632 0.474794 0.263389 0.556104 0.266642 0.439018 0.367465 0.585375 0.383727 0.370718 0.484551 0.679694 0.481299 0.429261 0.530085 0.627656 0.575618 0.442270 0.621151 0.533337 0.627656 0.455280 0.865080 0.478046 0.848818 0.419504 1.000000 0.432513 0.998427 0.065218 0.016062 0.012880 0.011075 0.457675 0.405086 0.031107 0.094940
0.470044 0.261970 0.470044 0.252255 0.476521 0.252255 0.466805 0.258732 0.547768 0.268447 0.434420 0.362364 0.583391 0.388272 0.376127 0.472473 0.677308 0.501619 0.418228 0.537243 0.609299 0.582582 0.444136 0.621444 0.538052 0.627921 0.447374 0.861093 0.505667 0.835185 0.427943 1.000000 0.515383 0.938817 0.030766 0.079092 0.007630 0.010181 0.338451 0.442636 0.022698 0.053638
0.505464 0.256483 0.502342 0.247117 0.514830 0.247117 0.471121 0.253361 0.552294 0.256483 0.436779 0.365753 0.574148 0.384485 0.389949 0.459414 0.670930 0.503122 0.421169 0.528098 0.596002 0.568684 0.449267 0.621759 0.539806 0.628003 0.449267 0.837178 0.496097 0.802835 0.446145 1.000000 0.458633 0.918350 0.004749 0.021850 0.015515 0.033383 0.283383 0.489007 0.013917 0.077979
0.513323 0.253530 0.506661 0.240208 0.519984 0.240208 0.466693 0.246869 0.546629 0.253530 0.430056 0.360112 0.579936 0.390088 0.383427 0.453371 0.669864 0.523315 0.400080 0.543299 0.579936 0.593259 0.446709 0.623235 0.543299 0.626565 0.436717 0.859712 0.533307 0.769784 0.446709 1.000000 0.569944 0.853051 0.027075 0.154113 0.033561 0.026755 0.205870 0.478580 0.012725 0.008730
0.465551 0.266069 0.465551 0.253251 0.471960 0.253251 0.462347 0.259660 0.539256 0.269273 0.436710 0.359000 0.568096 0.391046 0.391847 0.445523 0.651414 0.528841 0.391847 0.538454 0.561687 0.573704 0.452733 0.621772 0.542460 0.628181 0.417483 0.836476 0.487983 0.839681 0.487983 1.000000 0.471960 1.000000 0.169047 0.056882 0.071183 0.045966 0.152264 0.525524 0.006120 0.028447
0.494637 0.273981 0.491572 0.261723 0.503831 0.261723 0.470120 0.267852 0.546736 0.273981 0.439473 0.356727 0.571253 0.393503 0.402697 0.445602 0.641741 0.531413 0.396568 0.519154 0.555930 0.549801 0.448667 0.617223 0.540607 0.632547 0.424150 0.807232 0.506895 0.850137 0.473184 0.942077 0.513025 1.000000 0.151864 0.058150 0.052076 0.008340 0.098421 0.583207 0.013661 0.008081
0.483499 0.274483 0.480356 0.261910 0.489785 0.265053 0.467783 0.271339 0.543218 0.283912 0.436352 0.356203 0.571506 0.393920 0.404921 0.437924 0.631224 0.538503 0.392349 0.507072 0.546361 0.541646 0.448925 0.617081 0.543218 0.632796 0.411207 0.799380 0.521216 0.859099 0.483499 0.921961 0.543218 1.000000 0.234550 0.061700 0.080269 0.006670 0.059626 0.612898 0.010007 0.034091
0.466852 0.277985 0.466852 0.265651 0.476103 0.265651 0.466852 0.274901 0.547024 0.277985 0.442184 0.358157 0.568609 0.392076 0.411348 0.447580 0.617945 0.533919 0.392847 0.506167 0.534690 0.524668 0.448351 0.620258 0.540857 0.629509 0.386680 0.789853 0.537773 0.845357 0.454518 0.876192 0.577859 1.000000 0.323002 0.063824 0.118506 0.032490 0.008334 0.641773 0.013746 0.106470
0.457659 0.276749 0.457659 0.264431 0.466897 0.264431 0.463818 0.273669 0.540801 0.276749 0.448421 0.356811 0.568515 0.393763 0.433025 0.427636 0.608546 0.535412 0.392993 0.495381 0.528484 0.520016 0.445342 0.618554 0.537722 0.630871 0.380676 0.797155 0.556198 0.840266 0.442263 0.923408 0.605467 1.000000 0.255039 0.040667 0.106832 0.069122 0.101747 0.648146 0.021581 0.138590
0.450771 0.285931 0.453755 0.271013 0.456739 0.273996 0.468673 0.279963 0.534311 0.282947 0.456739 0.354552 0.564146 0.396322 0.450771 0.402289 0.596965 0.536548 0.397068 0.488812 0.513426 0.521631 0.447788 0.620088 0.531327 0.629038 0.382150 0.793133 0.555196 0.822969 0.420936 0.954245 0.614867 1.000000 0.190601 0.056035 0.104676 0.083576 0.137236 0.629429 0.026622 0.154382
