0.487763 0.292852 0.487763 0.278868 0.494756 0.278868 0.473779 0.289356 0.543702 0.289356 0.431825 0.369768 0.571671 0.380256 0.375886 0.464164 0.634602 0.499126 0.403856 0.481645 0.585656 0.467661 0.452802 0.624988 0.543702 0.624988 0.473779 0.789307 0.529717 0.827765 0.480771 0.967612 0.519229 1.000000 0.027940 0.006528 0.014313 0.014303 0.492474 0.836847 0.004453 0.062334
0.492133 0.292837 0.485140 0.278852 0.495629 0.278852 0.471155 0.285844 0.541083 0.289341 0.429198 0.373255 0.572551 0.376751 0.373255 0.478147 0.631990 0.492133 0.352276 0.495629 0.586536 0.460665 0.453672 0.624997 0.544579 0.624997 0.474651 0.796321 0.530594 0.817300 0.485140 0.967646 0.527097 1.000000 0.019320 0.017425 0.007934 0.012606 0.122900 0.844169 0.002225 0.061893
0.497359 0.290498 0.490317 0.276414 0.500880 0.276414 0.465670 0.283456 0.536091 0.283456 0.426938 0.375003 0.571301 0.375003 0.367081 0.480634 0.631159 0.487676 0.367081 0.484155 0.588906 0.470071 0.455107 0.624997 0.546654 0.624997 0.479754 0.804570 0.536091 0.815133 0.497359 0.987664 0.529049 0.991185 0.012905 0.004942 0.007702 0.013616 0.164104 0.781107 0.002243 0.061084
0.486705 0.291714 0.479615 0.277533 0.490250 0.277533 0.468979 0.288168 0.536339 0.284623 0.426435 0.376801 0.568247 0.373256 0.362620 0.490250 0.628517 0.490250 0.412254 0.468979 0.585973 0.483160 0.458343 0.624972 0.546975 0.624972 0.479615 0.809327 0.539885 0.805782 0.504432 0.993683 0.536339 0.968866 0.006028 0.005557 0.004137 0.014359 0.791980 0.703987 0.006771 0.049043
0.486610 0.291119 0.483040 0.280408 0.490181 0.280408 0.468757 0.287549 0.536599 0.287549 0.425910 0.376814 0.568734 0.373243 0.358068 0.494644 0.625864 0.491073 0.375921 0.451797 0.590158 0.491073 0.458045 0.626757 0.547311 0.623186 0.483040 0.812428 0.543740 0.801716 0.500893 0.998100 0.536599 0.940970 0.012080 0.009943 0.001896 0.020852 0.959380 0.643702 0.006819 0.048959
0.486710 0.291798 0.483167 0.277622 0.490254 0.277622 0.468991 0.284710 0.536325 0.288254 0.422921 0.376850 0.568220 0.373307 0.355587 0.493798 0.614290 0.486710 0.408745 0.461903 0.589483 0.511518 0.458360 0.624922 0.550500 0.624922 0.483167 0.809203 0.546956 0.787940 0.500886 1.000000 0.539869 0.922607 0.013736 0.009819 0.002574 0.015461 0.838307 0.372830 0.011283 0.049512
0.487600 0.291855 0.484057 0.277683 0.491143 0.277683 0.473428 0.284769 0.537200 0.284769 0.423828 0.376884 0.565544 0.373342 0.356513 0.497343 0.611601 0.486714 0.409656 0.447742 0.590344 0.518600 0.459257 0.624887 0.551372 0.624887 0.480514 0.819746 0.547829 0.794946 0.498229 1.000000 0.544286 0.926033 0.007215 0.001971 0.010580 0.011283 0.901236 0.309997 0.013537 0.041218
0.495570 0.293569 0.495570 0.279394 0.499114 0.279394 0.477851 0.286482 0.541641 0.290026 0.428237 0.378622 0.562904 0.371535 0.357359 0.499114 0.601886 0.481395 0.389254 0.424693 0.598342 0.523921 0.460131 0.626693 0.548728 0.623150 0.481395 0.828694 0.552272 0.771992 0.495570 1.000000 0.541641 0.935010 0.012540 0.028307 0.007319 0.025491 0.959628 0.135002 0.011283 0.025806
0.510559 0.295856 0.507039 0.281777 0.514079 0.281777 0.478882 0.288816 0.545757 0.292336 0.429605 0.376809 0.563355 0.373290 0.359211 0.500000 0.591513 0.485921 0.362731 0.426086 0.591513 0.538717 0.457763 0.626710 0.549276 0.623191 0.475362 0.834374 0.549276 0.774539 0.489441 1.000000 0.538717 0.947006 0.007348 0.019464 0.008804 0.017914 0.849897 0.077979 0.008964 0.026911
0.513013 0.296997 0.509543 0.283117 0.516483 0.283117 0.485252 0.290057 0.547714 0.293527 0.429730 0.373340 0.561595 0.376810 0.367267 0.484384 0.582416 0.480914 0.356857 0.456623 0.592826 0.543377 0.460961 0.626660 0.547714 0.623190 0.474842 0.831398 0.551184 0.775875 0.485252 1.000000 0.537304 0.956322 0.007089 0.031670 0.017499 0.025147 0.722701 0.010264 0.011048 0.014315
0.520831 0.291687 0.517359 0.277799 0.524303 0.277799 0.489584 0.284743 0.555550 0.295159 0.434034 0.371540 0.562494 0.378484 0.361125 0.482641 0.569438 0.489584 0.368068 0.458337 0.590269 0.545135 0.458337 0.624988 0.545135 0.624988 0.468753 0.833301 0.548606 0.788167 0.472225 1.000000 0.534719 0.965233 0.010929 0.031686 0.014527 0.029151 0.903725 0.094332 0.004420 0.009131
0.526909 0.291672 0.526909 0.277783 0.533853 0.277783 0.495660 0.284727 0.558158 0.295144 0.436633 0.371531 0.565103 0.378475 0.363719 0.479167 0.568575 0.489584 0.349830 0.440974 0.592880 0.541666 0.457466 0.624997 0.540798 0.624997 0.467883 0.826381 0.544270 0.798604 0.464411 1.000000 0.533853 0.972211 0.021423 0.025441 0.009655 0.037647 0.699458 0.129039 0.002213 0.010084
0.523116 0.287676 0.519691 0.273978 0.529965 0.273978 0.495719 0.284252 0.560786 0.294525 0.437501 0.369866 0.564211 0.380140 0.365585 0.472603 0.564211 0.489726 0.345038 0.448631 0.588183 0.534246 0.458049 0.623285 0.540239 0.626709 0.468323 0.818486 0.540239 0.797938 0.458049 1.000000 0.526540 0.965743 0.032640 0.025927 0.009014 0.030850 0.580037 0.157226 0.002178 0.016738
0.532531 0.287691 0.529107 0.277418 0.535956 0.277418 0.498288 0.284267 0.559926 0.291115 0.440074 0.369875 0.563350 0.380148 0.364739 0.469181 0.559926 0.493151 0.337344 0.441786 0.587321 0.541092 0.457196 0.623276 0.539380 0.626700 0.467469 0.811615 0.532531 0.804766 0.446923 0.999953 0.511985 0.972558 0.051933 0.026547 0.004128 0.018613 0.543418 0.174892 0.004361 0.029582
0.519688 0.294564 0.516264 0.280868 0.523112 0.280868 0.495720 0.287716 0.557351 0.294564 0.440937 0.366467 0.564199 0.383586 0.369034 0.458913 0.564199 0.500000 0.334795 0.438369 0.595014 0.547935 0.458057 0.623262 0.536807 0.626686 0.461481 0.801306 0.526536 0.808154 0.434089 0.951959 0.505992 0.982775 0.063370 0.019278 0.015069 0.017717 0.461604 0.181862 0.006540 0.024119
0.513788 0.290597 0.510341 0.276809 0.517235 0.276809 0.493106 0.287150 0.558598 0.294044 0.441402 0.366430 0.565492 0.383665 0.355227 0.456051 0.575833 0.500862 0.341440 0.449157 0.596515 0.545672 0.455189 0.621505 0.537917 0.628399 0.458636 0.793854 0.520682 0.814535 0.431061 0.921391 0.500000 1.000000 0.074146 0.005199 0.010824 0.006325 0.403824 0.109626 0.008779 0.035755
0.507858 0.289588 0.504365 0.275618 0.511350 0.275618 0.493888 0.289588 0.560243 0.293080 0.441504 0.366419 0.570720 0.383880 0.357688 0.453727 0.591673 0.502619 0.322765 0.453727 0.598658 0.555004 0.451981 0.621358 0.535796 0.628343 0.455473 0.785497 0.518335 0.816928 0.427534 0.921698 0.497381 1.000000 0.071172 0.003423 0.006301 0.015778 0.256495 0.013407 0.015569 0.036161
0.504487 0.287316 0.500897 0.272957 0.508077 0.276547 0.490129 0.287316 0.558331 0.290905 0.439874 0.366287 0.576279 0.384235 0.357313 0.459617 0.608586 0.517051 0.332186 0.481155 0.587048 0.506282 0.447053 0.621149 0.536793 0.628328 0.450643 0.771913 0.518845 0.829346 0.421926 0.929855 0.497308 1.000000 0.064826 0.002863 0.001381 0.022703 0.043901 0.723535 0.020581 0.035923
0.505382 0.287420 0.505382 0.273069 0.508970 0.273069 0.491030 0.283832 0.555612 0.287420 0.437213 0.366353 0.580727 0.384292 0.354692 0.463225 0.620193 0.520630 0.376219 0.484752 0.580727 0.502691 0.444388 0.621090 0.537672 0.628266 0.447976 0.768192 0.519733 0.836361 0.422861 0.947584 0.501794 1.000000 0.052038 0.002555 0.001194 0.028227 0.474589 0.725491 0.022861 0.035135
0.503584 0.291244 0.503584 0.276909 0.507168 0.276909 0.489249 0.287660 0.557341 0.291244 0.439076 0.366504 0.582427 0.384423 0.353065 0.466850 0.625433 0.517023 0.406821 0.502688 0.586011 0.488353 0.442659 0.620953 0.535838 0.628121 0.446243 0.760721 0.517919 0.843148 0.424740 0.954246 0.503584 1.000000 0.043383 0.007483 0.003677 0.033663 0.538396 0.799981 0.027412 0.034624
0.495549 0.293494 0.495549 0.279252 0.499110 0.279252 0.484868 0.286373 0.552517 0.289933 0.438582 0.368263 0.581000 0.382505 0.370933 0.460835 0.630847 0.514242 0.417219 0.507121 0.602363 0.489319 0.442143 0.621055 0.538275 0.628176 0.445703 0.770595 0.520473 0.848925 0.424340 0.966420 0.502670 1.000000 0.042165 0.001903 0.003093 0.029195 0.450879 0.843953 0.024959 0.033192
0.489303 0.289629 0.485738 0.275366 0.492869 0.275366 0.478606 0.286063 0.549919 0.289629 0.435819 0.368072 0.578443 0.382335 0.375204 0.464344 0.628362 0.507131 0.425122 0.507131 0.564181 0.478606 0.446516 0.621231 0.539222 0.628362 0.446516 0.781683 0.517828 0.845864 0.432253 0.977792 0.503566 1.000000 0.023109 0.011941 0.013442 0.019112 0.453302 0.754244 0.018169 0.031209
0.483943 0.289479 0.483943 0.275206 0.487511 0.275206 0.473239 0.285911 0.544602 0.289479 0.433989 0.367978 0.576715 0.382251 0.373331 0.467887 0.623101 0.503568 0.426853 0.500000 0.555306 0.500000 0.448262 0.621317 0.541034 0.628453 0.444694 0.792589 0.512489 0.838975 0.433989 0.978133 0.505352 1.000000 0.011713 0.032955 0.024544 0.002913 0.501666 0.632985 0.013633 0.036268
0.490260 0.291923 0.486718 0.274214 0.493802 0.277756 0.476093 0.284839 0.546928 0.288381 0.433592 0.369841 0.578804 0.380466 0.373383 0.472552 0.628388 0.500885 0.426509 0.476093 0.561095 0.500885 0.447759 0.621305 0.539845 0.628388 0.444218 0.798391 0.515052 0.830267 0.440676 0.979020 0.511511 1.000000 0.000139 0.033408 0.024279 0.010719 0.647584 0.624334 0.015789 0.032530
0.483828 0.285272 0.483828 0.270897 0.487422 0.270897 0.476640 0.281678 0.544922 0.281678 0.433515 0.371523 0.577266 0.378710 0.372421 0.475742 0.627579 0.497305 0.411952 0.446992 0.562891 0.497305 0.447890 0.623087 0.541328 0.626681 0.444296 0.813557 0.516172 0.820745 0.444296 0.993246 0.516172 0.996840 0.006005 0.041034 0.024174 0.004778 0.868925 0.627715 0.013732 0.035028
0.485738 0.284280 0.485738 0.270018 0.492869 0.273584 0.478606 0.280715 0.546353 0.284280 0.435819 0.373421 0.578443 0.376986 0.375204 0.476824 0.624796 0.498217 0.393032 0.473258 0.574878 0.483955 0.446516 0.623014 0.539222 0.626579 0.446516 0.804860 0.517828 0.808425 0.446516 0.990272 0.517828 0.958181 0.000001 0.037277 0.013634 0.012338 0.731606 0.704833 0.018169 0.037277
0.492964 0.285403 0.489446 0.271331 0.496482 0.271331 0.475374 0.281885 0.545734 0.281885 0.436676 0.373352 0.573878 0.376870 0.369834 0.478892 0.623130 0.500000 0.387424 0.510554 0.594986 0.510554 0.450748 0.623130 0.538698 0.626648 0.450748 0.799029 0.521108 0.799029 0.443712 0.992518 0.517590 0.915123 0.011570 0.022726 0.017914 0.012170 0.341123 0.506919 0.013442 0.032368
0.500879 0.288989 0.497362 0.274921 0.504396 0.274921 0.479778 0.285472 0.546598 0.288989 0.437576 0.373393 0.574733 0.376910 0.370756 0.485933 0.620452 0.507034 0.395374 0.510551 0.588801 0.517584 0.448126 0.623090 0.539565 0.626607 0.451643 0.805966 0.529014 0.791899 0.441093 1.000000 0.521980 0.904438 0.023156 0.000405 0.007321 0.024249 0.420554 0.505134 0.015678 0.026410
0.518474 0.285344 0.514956 0.274787 0.521993 0.274787 0.479766 0.281825 0.550145 0.285344 0.434020 0.373318 0.574778 0.376837 0.363641 0.489443 0.613486 0.500000 0.409387 0.500000 0.602929 0.535189 0.448096 0.623163 0.543107 0.626682 0.448096 0.816705 0.536069 0.792073 0.434020 1.000000 0.518474 0.911717 0.021547 0.032940 0.017914 0.026598 0.601243 0.189702 0.011203 0.013537
0.536193 0.294044 0.529299 0.280256 0.539640 0.283703 0.487936 0.290597 0.553428 0.294044 0.436231 0.373324 0.570663 0.376771 0.363845 0.490521 0.601685 0.490521 0.436231 0.476733 0.584451 0.535331 0.450019 0.624952 0.543087 0.624952 0.443125 0.821429 0.536193 0.776619 0.432784 1.000000 0.515511 0.921391 0.004738 0.030708 0.028588 0.020765 0.736032 0.201626 0.008779 0.003294
0.537927 0.297433 0.531032 0.280193 0.541375 0.283641 0.489656 0.287089 0.555167 0.290537 0.434489 0.373288 0.568959 0.376736 0.355186 0.490518 0.593095 0.493966 0.389666 0.524998 0.596543 0.580165 0.451729 0.624988 0.544823 0.624988 0.441385 0.824969 0.537927 0.783594 0.431041 1.000000 0.517240 0.949095 0.001305 0.025753 0.038218 0.017019 0.439318 0.051906 0.004390 0.002616
0.565911 0.308260 0.559063 0.294564 0.565911 0.294564 0.500856 0.294564 0.559063 0.297988 0.439225 0.373314 0.565911 0.376738 0.360475 0.482880 0.579606 0.500000 0.442649 0.465761 0.600150 0.571903 0.452921 0.623262 0.541943 0.626686 0.439225 0.825274 0.541943 0.787611 0.425529 1.000000 0.517976 0.965655 0.001679 0.042593 0.038971 0.030430 0.763750 0.053362 0.006540 0.021547
0.534234 0.292886 0.530810 0.279192 0.541080 0.279192 0.500000 0.286039 0.565044 0.292886 0.438379 0.371624 0.568467 0.378470 0.359642 0.481171 0.571891 0.494865 0.438379 0.481171 0.606125 0.563332 0.452073 0.624953 0.541080 0.624953 0.438379 0.830356 0.547927 0.799545 0.417839 1.000000 0.530810 0.984407 0.008111 0.041866 0.038379 0.047700 0.698371 0.138224 0.008718 0.033666
0.538748 0.295927 0.535304 0.282150 0.545637 0.282150 0.507750 0.289039 0.569746 0.295927 0.442309 0.368257 0.569746 0.382034 0.359646 0.471585 0.573191 0.499139 0.442309 0.475029 0.607633 0.564580 0.449197 0.623132 0.538748 0.626577 0.442309 0.829788 0.549081 0.802234 0.411310 1.000000 0.535304 0.991669 0.033864 0.041812 0.019207 0.058837 0.701521 0.144855 0.015355 0.029309
0.533126 0.293601 0.529728 0.280011 0.539921 0.283409 0.509343 0.290204 0.570498 0.300396 0.441393 0.368346 0.570498 0.381936 0.359853 0.466874 0.570498 0.497452 0.441393 0.439694 0.601076 0.551812 0.451585 0.623160 0.536523 0.626557 0.444790 0.823613 0.543318 0.799830 0.410815 1.000000 0.533126 0.976501 0.041782 0.030820 0.023511 0.056405 0.822476 0.163099 0.015146 0.023262
0.530534 0.293241 0.530534 0.279283 0.537513 0.279283 0.509596 0.286262 0.572409 0.296731 0.443294 0.366523 0.572409 0.383971 0.359544 0.464232 0.572409 0.502617 0.446784 0.443294 0.600326 0.554961 0.446784 0.621264 0.537513 0.628243 0.446784 0.820171 0.541003 0.809702 0.404908 1.000000 0.523555 1.000000 0.069605 0.034979 0.004361 0.051288 0.800539 0.155958 0.020007 0.006120
0.522916 0.292056 0.519521 0.278476 0.529706 0.281871 0.505941 0.292056 0.567051 0.298846 0.444831 0.366746 0.570446 0.383721 0.359956 0.465201 0.573841 0.509336 0.444831 0.455016 0.584026 0.553471 0.448226 0.621371 0.536496 0.628161 0.451621 0.794517 0.533101 0.804702 0.407486 0.943897 0.512731 0.991427 0.097685 0.028467 0.001999 0.037808 0.764480 0.063591 0.019464 0.012361
0.528789 0.286262 0.525300 0.275793 0.535768 0.275793 0.500872 0.286262 0.567175 0.293241 0.441549 0.363033 0.574154 0.387460 0.350820 0.453763 0.595092 0.520065 0.420612 0.474700 0.609050 0.547982 0.448528 0.621264 0.535768 0.628243 0.452018 0.802723 0.525300 0.820171 0.406653 0.935327 0.500872 1.000000 0.111043 0.022950 0.002481 0.032976 0.657226 0.097736 0.020007 0.023465
0.535521 0.292072 0.528590 0.278211 0.538986 0.281676 0.497401 0.288607 0.563245 0.292072 0.441954 0.364847 0.573641 0.385640 0.351852 0.451484 0.608296 0.517327 0.414230 0.503465 0.597899 0.541586 0.448884 0.621291 0.535521 0.628222 0.459281 0.787633 0.518194 0.822288 0.421161 0.901993 0.497401 1.000000 0.122285 0.006242 0.011268 0.021269 0.535098 0.210790 0.019869 0.048214
0.516426 0.294240 0.512968 0.280407 0.523343 0.283865 0.495677 0.290781 0.564840 0.294240 0.443805 0.363403 0.578673 0.387610 0.350435 0.453315 0.620171 0.522478 0.402307 0.501729 0.589048 0.515562 0.443805 0.619306 0.533717 0.629681 0.461096 0.757633 0.516426 0.830254 0.429972 0.889043 0.492219 1.000000 0.113609 0.011523 0.039583 0.031076 0.516977 0.664620 0.028659 0.066956
0.522619 0.295558 0.519139 0.281638 0.529579 0.285118 0.494780 0.288598 0.564378 0.295558 0.442582 0.365155 0.581777 0.386034 0.355586 0.455632 0.630495 0.521749 0.404304 0.507830 0.574817 0.521749 0.442582 0.619185 0.533059 0.629625 0.463461 0.751420 0.519139 0.827977 0.442582 0.911494 0.494780 1.000000 0.091133 0.012922 0.049848 0.040532 0.482788 0.609705 0.031064 0.072149
0.500000 0.289254 0.496488 0.275205 0.503512 0.275205 0.489463 0.285742 0.556199 0.292767 0.440289 0.363015 0.577273 0.387602 0.355990 0.454338 0.626447 0.524587 0.412189 0.500000 0.584298 0.510537 0.447314 0.619423 0.535124 0.629960 0.464876 0.788019 0.510537 0.844218 0.443801 0.949591 0.478925 1.000000 0.074324 0.008103 0.024319 0.018442 0.520086 0.712121 0.022379 0.069406
0.501742 0.293558 0.498258 0.279621 0.505226 0.279621 0.487805 0.286589 0.554006 0.293558 0.442510 0.363243 0.578396 0.387633 0.362372 0.457318 0.623691 0.516550 0.407667 0.509582 0.574912 0.520034 0.445994 0.621078 0.533100 0.628046 0.459931 0.795291 0.512195 0.833618 0.456447 0.972988 0.491289 1.000000 0.031651 0.001050 0.021110 0.027017 0.451891 0.584852 0.026649 0.057670
0.485849 0.295223 0.485849 0.281904 0.489178 0.281904 0.482519 0.291893 0.545784 0.295223 0.439233 0.365147 0.572421 0.385125 0.372639 0.455049 0.622367 0.514984 0.412595 0.491676 0.579081 0.518313 0.452552 0.621534 0.535794 0.628194 0.462541 0.817987 0.509157 0.831306 0.465870 1.000000 0.482519 1.000000 0.010587 0.001303 0.000361 0.006097 0.466769 0.592438 0.014843 0.057680
0.483971 0.299211 0.483971 0.285713 0.490720 0.285713 0.480596 0.292462 0.544713 0.295836 0.440101 0.366703 0.571710 0.383576 0.375983 0.457817 0.625704 0.511811 0.409729 0.501687 0.575085 0.508437 0.450225 0.623173 0.537964 0.626548 0.463723 0.802027 0.507593 0.832399 0.470472 0.984256 0.487345 1.000000 0.012195 0.015919 0.011420 0.002695 0.403904 0.648043 0.015044 0.070605
0.489941 0.296306 0.486588 0.282894 0.493294 0.282894 0.479882 0.292953 0.543589 0.296306 0.439646 0.366719 0.570413 0.383484 0.382645 0.457249 0.627414 0.510897 0.409469 0.497485 0.577119 0.497485 0.453058 0.621546 0.536883 0.628252 0.466470 0.802607 0.510059 0.819372 0.473176 0.987021 0.496647 1.000000 0.011965 0.021687 0.006799 0.001047 0.366032 0.716854 0.012811 0.067921
0.487590 0.295642 0.484280 0.282404 0.490899 0.282404 0.477661 0.292332 0.543850 0.295642 0.437948 0.368450 0.570326 0.381687 0.384997 0.457805 0.619967 0.510756 0.408163 0.507446 0.573635 0.504137 0.454495 0.623277 0.537231 0.626586 0.471042 0.795368 0.514065 0.808606 0.487590 0.967459 0.504137 0.974078 0.000000 0.021220 0.009873 0.002459 0.309264 0.662042 0.010537 0.070808
0.482147 0.288309 0.478746 0.274707 0.485547 0.274707 0.475345 0.284909 0.539958 0.288309 0.434537 0.369925 0.570564 0.380127 0.376726 0.468544 0.624974 0.505951 0.400531 0.509352 0.587567 0.499150 0.454941 0.621573 0.539958 0.628375 0.471945 0.795007 0.522954 0.808609 0.485547 0.958238 0.502550 0.961639 0.004642 0.012252 0.005354 0.009106 0.336864 0.687167 0.006495 0.061048
0.479310 0.285345 0.475862 0.271552 0.486207 0.275000 0.472414 0.281897 0.537931 0.285345 0.431034 0.371552 0.568965 0.378448 0.372414 0.485345 0.627586 0.506034 0.410345 0.523276 0.568965 0.495690 0.455172 0.623276 0.544828 0.626724 0.468966 0.806034 0.531034 0.806034 0.482759 0.961207 0.506897 0.933621 0.004244 0.035080 0.006451 0.006412 0.401418 0.692694 0.000005 0.048415
0.478742 0.286570 0.478742 0.272964 0.485545 0.272964 0.475341 0.283168 0.543366 0.286570 0.431124 0.371602 0.570577 0.378404 0.369901 0.490646 0.628398 0.500850 0.420920 0.524659 0.573978 0.511054 0.454933 0.623296 0.543366 0.626698 0.471939 0.803564 0.539965 0.789959 0.488946 0.966826 0.516156 0.905603 0.003094 0.058001 0.000001 0.028114 0.464034 0.581434 0.002166 0.036571
