0.418420 0.298393 0.433423 0.279639 0.407167 0.287141 0.482184 0.283390 0.425921 0.305895 0.523443 0.358407 0.459679 0.392164 0.605961 0.440925 0.504689 0.500938 0.485934 0.448426 0.459679 0.530944 0.545948 0.620964 0.470931 0.628466 0.617213 0.808505 0.422170 0.804754 0.786000 0.887272 0.388413 1.000000 0.245424 0.037711 0.088376 0.101042 0.730132 0.437719 0.021507 0.201489
0.418420 0.294643 0.433423 0.275888 0.407167 0.287141 0.482184 0.279639 0.418420 0.305895 0.523443 0.354656 0.459679 0.395915 0.613462 0.440925 0.515941 0.508439 0.493436 0.448426 0.459679 0.542197 0.545948 0.620964 0.470931 0.628466 0.602210 0.816007 0.422170 0.797253 0.778498 0.853515 0.407167 1.000000 0.343876 0.069011 0.062558 0.104909 0.736903 0.475563 0.021507 0.178912
0.415915 0.292149 0.431031 0.273254 0.408357 0.284591 0.483939 0.280812 0.423473 0.299707 0.525509 0.356394 0.457485 0.394185 0.619987 0.439534 0.502834 0.511337 0.506613 0.458430 0.453706 0.545349 0.548184 0.620931 0.468822 0.628490 0.585975 0.832561 0.419694 0.794770 0.759813 0.832561 0.442369 1.000000 0.443752 0.122653 0.029031 0.106835 0.717722 0.424812 0.021669 0.147693
0.415544 0.292700 0.430900 0.273505 0.404028 0.281183 0.480806 0.277344 0.419383 0.300378 0.526872 0.357961 0.457772 0.392511 0.626683 0.453933 0.500000 0.519194 0.511517 0.469289 0.442417 0.553744 0.546067 0.622845 0.469289 0.626683 0.549906 0.845500 0.404028 0.795595 0.734172 0.818628 0.480806 1.000000 0.540608 0.218208 0.017538 0.133002 0.714048 0.430396 0.019564 0.122847
0.401686 0.282087 0.417902 0.261816 0.393577 0.269924 0.474661 0.269924 0.409794 0.290195 0.531420 0.355062 0.450336 0.395604 0.632775 0.464526 0.490878 0.541556 0.507095 0.501014 0.421957 0.582098 0.547637 0.622640 0.470607 0.626694 0.511149 0.849675 0.434119 0.829404 0.705751 0.849675 0.543583 1.000000 0.550723 0.201949 0.069991 0.084539 0.647823 0.416992 0.023249 0.005966
0.400884 0.283376 0.417233 0.258852 0.392710 0.271114 0.470367 0.267027 0.409059 0.287463 0.535764 0.352859 0.445844 0.397819 0.637945 0.463215 0.478542 0.536785 0.519414 0.512262 0.404971 0.569483 0.543938 0.618530 0.474455 0.630792 0.474455 0.839242 0.458106 0.855591 0.678817 0.876027 0.588898 1.000000 0.540393 0.207259 0.106873 0.062005 0.612878 0.440434 0.023440 0.073973
0.403367 0.281033 0.415703 0.256361 0.391030 0.268697 0.473272 0.256361 0.403367 0.289257 0.539065 0.350938 0.436263 0.400283 0.650090 0.457851 0.465048 0.535981 0.534953 0.507196 0.386918 0.556541 0.547289 0.614110 0.477384 0.634670 0.448599 0.811489 0.481496 0.860833 0.650090 0.914290 0.629530 1.000000 0.497412 0.212488 0.157528 0.049494 0.627124 0.484625 0.031465 0.153370
0.397379 0.277312 0.413798 0.252683 0.385064 0.264998 0.467161 0.256788 0.401484 0.285522 0.545153 0.342990 0.426113 0.408667 0.660089 0.449716 0.450742 0.544127 0.545153 0.494869 0.376855 0.531813 0.545153 0.613909 0.483581 0.634434 0.422008 0.806837 0.520524 0.860200 0.590307 0.975136 0.655984 1.000000 0.430833 0.143225 0.180833 0.027710 0.642630 0.609818 0.036666 0.232463
0.402609 0.282361 0.418510 0.258510 0.390684 0.270435 0.470186 0.258510 0.402609 0.290311 0.545714 0.345963 0.426460 0.405590 0.660993 0.449317 0.450311 0.540745 0.553664 0.489068 0.382733 0.516894 0.541739 0.612298 0.486087 0.636149 0.418510 0.791179 0.545714 0.862732 0.533789 1.000000 0.692795 1.000000 0.348889 0.155696 0.187263 0.001350 0.654439 0.663600 0.035503 0.273923
0.409998 0.279782 0.425317 0.260633 0.398508 0.272123 0.475106 0.264463 0.409998 0.291272 0.551703 0.352550 0.425317 0.398508 0.662770 0.440637 0.444467 0.532554 0.567023 0.475106 0.387019 0.501915 0.536384 0.616811 0.486595 0.632131 0.417658 0.789155 0.578512 0.823624 0.452127 1.000000 0.716388 0.984479 0.234518 0.083113 0.173582 0.060798 0.676573 0.701126 0.029299 0.334464
0.416381 0.282400 0.431584 0.259594 0.404978 0.270997 0.480996 0.263395 0.416381 0.290001 0.549411 0.350815 0.427783 0.400227 0.667239 0.434435 0.442987 0.529457 0.576018 0.472444 0.385974 0.487647 0.538009 0.616877 0.484796 0.632081 0.435385 0.814523 0.583619 0.829726 0.416381 1.000000 0.728053 0.958956 0.128006 0.120082 0.138809 0.070833 0.677876 0.738687 0.029077 0.300027
0.416994 0.286951 0.431751 0.264816 0.405926 0.275884 0.479710 0.268505 0.420683 0.290640 0.549804 0.353356 0.428061 0.397626 0.667857 0.430828 0.442818 0.526746 0.575628 0.471409 0.391170 0.478787 0.542425 0.618975 0.479710 0.630043 0.442818 0.807122 0.575628 0.821879 0.391170 1.000000 0.730572 0.914108 0.087457 0.181512 0.146145 0.077979 0.683198 0.774437 0.028220 0.302568
0.420211 0.285396 0.434885 0.267054 0.409206 0.274391 0.486243 0.267054 0.420211 0.296401 0.555944 0.355096 0.427548 0.395449 0.669666 0.435802 0.445890 0.527513 0.574286 0.468818 0.394532 0.483492 0.541270 0.619225 0.475238 0.630230 0.449559 0.809984 0.566949 0.817321 0.401869 1.000000 0.728361 0.901695 0.081645 0.201604 0.124983 0.081288 0.697467 0.769491 0.021034 0.287726
0.418599 0.280772 0.433399 0.262272 0.407499 0.273372 0.485200 0.265972 0.418599 0.291872 0.559201 0.354773 0.429699 0.395474 0.677602 0.432474 0.448199 0.528675 0.570301 0.469475 0.388998 0.491675 0.540701 0.617477 0.470400 0.632277 0.451899 0.817279 0.551801 0.832080 0.425999 1.000000 0.725703 0.876480 0.100473 0.297283 0.110746 0.068966 0.709442 0.721736 0.014138 0.256271
0.414212 0.272185 0.429463 0.249309 0.402774 0.260747 0.486655 0.256934 0.414212 0.283624 0.559098 0.356067 0.429463 0.394195 0.688733 0.443761 0.456153 0.527643 0.570537 0.481889 0.391335 0.516204 0.543847 0.619150 0.467591 0.630588 0.452340 0.817415 0.524783 0.844105 0.475217 1.000000 0.711610 0.866982 0.165249 0.377910 0.119208 0.032404 0.711356 0.618433 0.014569 0.220946
0.407867 0.267747 0.423222 0.248553 0.396350 0.256230 0.480806 0.252391 0.411705 0.279264 0.553744 0.356042 0.430900 0.394430 0.672750 0.448175 0.461611 0.528792 0.549906 0.494242 0.392511 0.540308 0.542228 0.620925 0.473128 0.628603 0.453933 0.828225 0.511517 0.847420 0.523033 1.000000 0.688106 0.866614 0.215439 0.410255 0.114338 0.001509 0.676095 0.518959 0.019564 0.183450
0.406348 0.269248 0.421795 0.246077 0.394762 0.257662 0.475863 0.249938 0.410210 0.276972 0.545378 0.354211 0.433381 0.396693 0.661237 0.458484 0.468139 0.535723 0.533792 0.500965 0.398624 0.562757 0.549240 0.616824 0.472001 0.632272 0.472001 0.836955 0.456553 0.844679 0.572412 1.000000 0.653513 0.875575 0.237575 0.473582 0.112096 0.074831 0.664321 0.459921 0.027077 0.084306
0.406531 0.272871 0.421486 0.254178 0.395315 0.261655 0.477568 0.257916 0.410270 0.284088 0.537387 0.351385 0.436441 0.399989 0.638333 0.456070 0.485045 0.534583 0.514955 0.497196 0.421486 0.564493 0.552342 0.616836 0.473829 0.631791 0.514955 0.837421 0.428964 0.822466 0.612162 1.000000 0.627117 0.882286 0.191803 0.480234 0.071357 0.124460 0.641797 0.470300 0.033383 0.020115
0.403386 0.281490 0.421445 0.259820 0.392551 0.267043 0.472009 0.263432 0.410610 0.288714 0.533409 0.353725 0.446727 0.397066 0.623702 0.458465 0.493679 0.530700 0.493679 0.483747 0.439503 0.559594 0.547855 0.620993 0.472009 0.628217 0.540632 0.837697 0.410610 0.801580 0.663431 1.000000 0.569526 0.924379 0.197773 0.398935 0.027796 0.143024 0.665334 0.451592 0.025319 0.097741
0.401970 0.288510 0.416493 0.266726 0.391078 0.277618 0.470954 0.270357 0.409232 0.292141 0.521784 0.353863 0.452801 0.397432 0.616183 0.462785 0.496369 0.524507 0.485477 0.480939 0.452801 0.568076 0.550830 0.618906 0.474585 0.629798 0.576245 0.844011 0.398340 0.807704 0.721474 1.000000 0.529046 1.000000 0.175922 0.318804 0.001039 0.158636 0.683373 0.355137 0.032415 0.164668
0.405824 0.293337 0.419776 0.272409 0.398848 0.282873 0.475584 0.275897 0.412800 0.300313 0.527904 0.359609 0.454656 0.391000 0.611616 0.457272 0.496512 0.520056 0.479072 0.464248 0.458144 0.561912 0.548832 0.621207 0.468608 0.628183 0.608128 0.830487 0.405824 0.799095 0.740671 0.997910 0.482560 1.000000 0.125268 0.215942 0.062474 0.130762 0.708825 0.335998 0.022223 0.199944
0.411461 0.296275 0.421776 0.275645 0.401146 0.285960 0.476791 0.279083 0.414900 0.303152 0.528367 0.358166 0.452722 0.392550 0.610888 0.451003 0.493983 0.516332 0.483668 0.457880 0.459599 0.543840 0.552436 0.619484 0.466476 0.629799 0.631519 0.825788 0.411461 0.812034 0.765616 0.977077 0.435530 1.000000 0.114328 0.126460 0.087284 0.111756 0.714108 0.387640 0.024101 0.209844
0.410072 0.297237 0.423646 0.276876 0.399891 0.287057 0.477942 0.280270 0.416859 0.307418 0.528845 0.358321 0.454188 0.392256 0.606896 0.446552 0.494910 0.514422 0.481336 0.449946 0.454188 0.555145 0.549206 0.619622 0.467762 0.629802 0.630650 0.813052 0.420252 0.816446 0.779965 0.955580 0.399891 1.000000 0.130548 0.050481 0.102100 0.097509 0.721935 0.352416 0.021620 0.206193
0.412755 0.297559 0.426308 0.277230 0.402591 0.287394 0.477130 0.280618 0.412755 0.307723 0.527952 0.358545 0.450025 0.392427 0.612656 0.439861 0.494071 0.514400 0.487294 0.446637 0.453413 0.555057 0.551669 0.619432 0.470354 0.629596 0.626208 0.819332 0.422920 0.812556 0.792227 0.927752 0.392427 1.000000 0.202241 0.038243 0.084751 0.107964 0.739306 0.360307 0.028077 0.194356
0.413340 0.296392 0.426802 0.279565 0.403244 0.289661 0.477283 0.282930 0.413340 0.306488 0.527765 0.356970 0.450360 0.393989 0.618631 0.437740 0.490745 0.515144 0.497476 0.451201 0.453725 0.555529 0.551323 0.619472 0.470553 0.629569 0.608535 0.824763 0.423437 0.814667 0.783537 0.878610 0.420071 1.000000 0.318471 0.074856 0.058024 0.106557 0.733479 0.338586 0.027888 0.165854
0.408085 0.290637 0.425106 0.270211 0.397872 0.280424 0.476170 0.277020 0.411489 0.300850 0.523830 0.355318 0.448936 0.396170 0.629362 0.437021 0.496596 0.515319 0.503404 0.450638 0.452340 0.556171 0.554468 0.620852 0.472766 0.627660 0.591915 0.831917 0.421702 0.797874 0.779151 0.855747 0.455744 1.000000 0.403812 0.134966 0.019327 0.125426 0.756017 0.383845 0.034745 0.148666
0.408468 0.288967 0.422028 0.268627 0.398297 0.278797 0.476269 0.275407 0.411858 0.299138 0.527121 0.356769 0.452539 0.394060 0.632213 0.438131 0.493220 0.522883 0.503390 0.461862 0.449149 0.563564 0.550851 0.621195 0.469489 0.627976 0.567802 0.844941 0.422028 0.811040 0.754256 0.838161 0.500000 1.000000 0.487501 0.183163 0.004421 0.103773 0.732310 0.360090 0.025927 0.104815
0.400464 0.285348 0.414312 0.268037 0.390077 0.278423 0.469706 0.271499 0.403926 0.295734 0.528563 0.354590 0.452396 0.396136 0.639351 0.448068 0.497403 0.534621 0.511252 0.486151 0.438547 0.576167 0.549335 0.617713 0.469706 0.631561 0.538949 0.842751 0.431623 0.825441 0.729366 0.846214 0.535487 1.000000 0.508894 0.199379 0.039758 0.085102 0.684927 0.404370 0.024268 0.047058
0.395472 0.283105 0.412894 0.262199 0.385020 0.272652 0.465157 0.269168 0.402441 0.290074 0.531358 0.352790 0.447736 0.398085 0.642855 0.450349 0.489547 0.540940 0.517421 0.499129 0.419862 0.575783 0.548780 0.617594 0.472126 0.631531 0.503484 0.837102 0.451220 0.840586 0.705571 0.864976 0.576654 1.000000 0.521144 0.203746 0.085685 0.064862 0.653131 0.443049 0.026649 0.033048
0.392715 0.279274 0.410302 0.258168 0.382162 0.268721 0.463066 0.261686 0.396232 0.286309 0.536934 0.346107 0.431408 0.405905 0.653014 0.448116 0.463066 0.543090 0.533417 0.497362 0.389197 0.560678 0.551005 0.609924 0.480653 0.638064 0.459548 0.806906 0.494724 0.866705 0.670601 0.912433 0.642461 1.000000 0.490776 0.199728 0.155320 0.046971 0.646174 0.497790 0.040417 0.157923
0.391890 0.276632 0.406185 0.255188 0.381168 0.265910 0.463368 0.258762 0.395464 0.287353 0.538419 0.344536 0.420481 0.408866 0.667079 0.444605 0.449072 0.551821 0.549141 0.494639 0.377594 0.551821 0.549141 0.612578 0.491959 0.634021 0.424055 0.801994 0.520550 0.859176 0.599175 0.966393 0.667079 1.000000 0.445826 0.178416 0.198503 0.057643 0.661868 0.562833 0.052568 0.225982
0.393934 0.277261 0.408076 0.256048 0.383327 0.270190 0.464645 0.256048 0.397470 0.287868 0.545962 0.344437 0.418683 0.408076 0.669706 0.436360 0.446967 0.545962 0.556569 0.482322 0.376256 0.531820 0.545962 0.613137 0.489393 0.634350 0.418683 0.793449 0.549497 0.860624 0.528284 1.000000 0.697990 1.000000 0.337306 0.136649 0.195653 0.013768 0.673797 0.627234 0.045167 0.278296
0.398813 0.281193 0.412650 0.260437 0.384975 0.270815 0.468001 0.260437 0.398813 0.288112 0.547567 0.346922 0.416110 0.405731 0.672105 0.436866 0.443785 0.547567 0.561404 0.478379 0.378056 0.516432 0.547567 0.613295 0.488757 0.634052 0.419569 0.796644 0.575242 0.858913 0.488757 1.000000 0.730915 1.000000 0.273893 0.129627 0.193997 0.018819 0.686702 0.702151 0.046413 0.310872
0.408078 0.284952 0.421571 0.264712 0.394584 0.274832 0.475544 0.261339 0.408078 0.291699 0.549756 0.349045 0.418197 0.403018 0.674568 0.433377 0.438437 0.541323 0.566623 0.473857 0.381091 0.504217 0.546383 0.615535 0.485663 0.632402 0.431691 0.801067 0.586862 0.838173 0.441811 1.000000 0.735288 0.989972 0.187883 0.100934 0.172213 0.054437 0.696656 0.729061 0.040915 0.321732
0.410917 0.287509 0.423994 0.267895 0.397841 0.277702 0.476299 0.264625 0.414186 0.294047 0.551488 0.349622 0.420725 0.401927 0.669175 0.431349 0.437070 0.535960 0.571103 0.467309 0.384765 0.486924 0.541681 0.617687 0.486106 0.630764 0.443608 0.813833 0.584179 0.826909 0.404379 1.000000 0.744365 0.944596 0.100767 0.150725 0.135943 0.058998 0.694921 0.778363 0.035453 0.295167
0.414224 0.285961 0.427050 0.263515 0.401398 0.276341 0.478356 0.263515 0.414224 0.295581 0.548900 0.350092 0.423844 0.401398 0.670750 0.427050 0.439877 0.532867 0.571346 0.465529 0.388571 0.484769 0.545694 0.616238 0.481562 0.632271 0.449496 0.811840 0.571346 0.831079 0.414224 1.000000 0.744502 0.908037 0.102525 0.231850 0.141655 0.057046 0.703128 0.778363 0.034772 0.280515
0.411267 0.284274 0.427549 0.261480 0.398242 0.271249 0.479649 0.261480 0.414524 0.290787 0.554542 0.349399 0.424292 0.401499 0.675023 0.430805 0.437317 0.531748 0.570823 0.469880 0.385218 0.492673 0.544773 0.616411 0.476392 0.632692 0.450342 0.818298 0.548030 0.841091 0.440574 1.000000 0.736892 0.886679 0.127623 0.319218 0.127623 0.034838 0.696656 0.736558 0.026981 0.244655
0.411267 0.276133 0.427549 0.256596 0.398242 0.266365 0.482905 0.259852 0.411267 0.285902 0.554542 0.351027 0.424292 0.399871 0.678279 0.432433 0.453599 0.536633 0.564311 0.474764 0.391730 0.510583 0.548030 0.614783 0.473136 0.634320 0.443830 0.810157 0.535005 0.849232 0.473136 1.000000 0.720610 0.859001 0.191182 0.394040 0.148100 0.023843 0.701571 0.694047 0.026981 0.245180
0.404248 0.274124 0.423889 0.251209 0.397701 0.261029 0.479540 0.254482 0.407522 0.280671 0.551559 0.352689 0.423889 0.398519 0.679228 0.441076 0.459899 0.536009 0.558106 0.490179 0.394427 0.532736 0.548285 0.617849 0.476267 0.630943 0.453352 0.820810 0.515549 0.846999 0.515549 1.000000 0.702143 0.850272 0.217243 0.437167 0.135334 0.013305 0.684650 0.597438 0.031311 0.196513
0.403754 0.270490 0.420206 0.250747 0.393882 0.260618 0.476144 0.254037 0.403754 0.277071 0.545244 0.352751 0.426787 0.398818 0.663701 0.454756 0.466273 0.533727 0.538663 0.507404 0.403754 0.569923 0.555115 0.615989 0.472854 0.632441 0.489306 0.829870 0.456401 0.856193 0.594601 1.000000 0.660410 0.866065 0.228140 0.507973 0.106946 0.085333 0.646857 0.423585 0.035686 0.071652
0.399302 0.274438 0.415414 0.255104 0.392858 0.264771 0.473416 0.255104 0.405747 0.280882 0.537862 0.351773 0.431526 0.400108 0.644199 0.454888 0.473416 0.535446 0.515306 0.506445 0.415414 0.577336 0.557196 0.616004 0.473416 0.632115 0.518528 0.838344 0.431526 0.835121 0.624865 1.000000 0.634532 0.886679 0.198627 0.485607 0.078060 0.121634 0.633778 0.396449 0.039074 0.009964
0.399301 0.279087 0.414914 0.260353 0.389934 0.269720 0.471117 0.263475 0.402424 0.288455 0.530444 0.354026 0.439893 0.397740 0.633484 0.450822 0.483607 0.528883 0.499219 0.491413 0.433648 0.569474 0.555423 0.619433 0.474240 0.628801 0.542934 0.834882 0.414914 0.806780 0.677198 1.000000 0.586648 0.928555 0.211450 0.406082 0.048303 0.149389 0.666492 0.385228 0.037857 0.083984
0.401869 0.290254 0.416851 0.272275 0.392880 0.281265 0.470785 0.275272 0.407861 0.299243 0.524720 0.356174 0.449811 0.395127 0.620604 0.449062 0.491760 0.526967 0.488764 0.479025 0.446814 0.565920 0.551687 0.619855 0.473782 0.628844 0.575659 0.832598 0.407861 0.787652 0.713492 1.000000 0.545695 0.955449 0.183177 0.344132 0.003272 0.157773 0.683917 0.370754 0.032485 0.160954
0.402096 0.294402 0.417158 0.276327 0.396071 0.285364 0.474394 0.276327 0.411133 0.300426 0.525606 0.357663 0.447282 0.393812 0.618991 0.451048 0.495481 0.520334 0.483432 0.472135 0.450295 0.556483 0.552718 0.619744 0.474394 0.628781 0.600916 0.830614 0.402096 0.794465 0.748526 0.996298 0.507531 1.000000 0.160128 0.274998 0.038716 0.167537 0.700879 0.401081 0.034588 0.202498
0.407009 0.294362 0.422130 0.276217 0.394913 0.288314 0.473539 0.276217 0.410033 0.303434 0.521925 0.357868 0.446322 0.394157 0.618695 0.442542 0.500756 0.515120 0.485636 0.466735 0.455395 0.548385 0.558214 0.617939 0.473539 0.630036 0.627768 0.823578 0.410033 0.811481 0.781996 0.986878 0.434226 1.000000 0.137089 0.138503 0.059688 0.143733 0.713940 0.433188 0.040539 0.210986
0.411309 0.302989 0.422940 0.282634 0.399677 0.294265 0.475283 0.285542 0.417125 0.305897 0.521809 0.361147 0.452019 0.390226 0.614862 0.442569 0.501454 0.503635 0.486914 0.460016 0.454927 0.547254 0.553796 0.619951 0.472375 0.628675 0.629402 0.811873 0.420032 0.808966 0.783521 0.945637 0.396769 1.000000 0.153017 0.058214 0.080309 0.117047 0.728049 0.391110 0.033383 0.209392
0.414040 0.302076 0.428487 0.281850 0.402483 0.293408 0.477607 0.284740 0.416930 0.307855 0.523838 0.359864 0.448713 0.391647 0.619188 0.437878 0.500722 0.501445 0.497833 0.455214 0.463160 0.544786 0.555621 0.619910 0.471828 0.628578 0.630745 0.816389 0.425598 0.804832 0.795441 0.917518 0.388036 1.000000 0.208467 0.030997 0.077535 0.112608 0.736558 0.368114 0.035020 0.197899
0.412555 0.304492 0.426773 0.284585 0.404023 0.293117 0.477961 0.287429 0.423930 0.307335 0.523461 0.358523 0.452367 0.392648 0.620149 0.435305 0.503555 0.506398 0.497867 0.452367 0.460898 0.546211 0.551899 0.620149 0.472273 0.628680 0.614461 0.822055 0.423930 0.810680 0.790774 0.878931 0.406867 1.000000 0.305029 0.058814 0.061181 0.109425 0.742238 0.395570 0.030825 0.178288
0.408544 0.296603 0.423177 0.276117 0.399765 0.284896 0.478782 0.279043 0.417324 0.302456 0.522681 0.355134 0.452443 0.396106 0.628038 0.431225 0.508048 0.510243 0.505122 0.454638 0.461223 0.548289 0.551947 0.621453 0.472929 0.627306 0.592919 0.840947 0.417324 0.811681 0.786073 0.864359 0.431957 1.000000 0.402863 0.111722 0.023902 0.121368 0.740989 0.427114 0.031726 0.151979
0.403830 0.287532 0.421722 0.266658 0.391902 0.272622 0.469434 0.272622 0.412776 0.296478 0.523111 0.353136 0.454524 0.397866 0.642391 0.445578 0.505219 0.532057 0.511183 0.472416 0.448560 0.564859 0.549949 0.621517 0.472416 0.627481 0.552931 0.857095 0.412776 0.815347 0.764653 0.851131 0.493290 1.000000 0.504935 0.202675 0.027697 0.122601 0.725912 0.447927 0.028514 0.101877
