0.476573 0.258330 0.496301 0.245177 0.466709 0.243533 0.534113 0.258330 0.451913 0.255042 0.578502 0.370123 0.414100 0.379987 0.640974 0.509864 0.414100 0.542744 0.578502 0.593709 0.409168 0.667690 0.558774 0.618369 0.448624 0.631521 0.442048 0.684130 0.446980 0.876480 0.509453 0.886344 0.504521 1.000000 0.439105 0.089704 0.311446 0.045555 0.337651 0.012559 0.009421 0.334552
0.478828 0.245500 0.499568 0.233401 0.468457 0.231673 0.532407 0.250685 0.449446 0.247228 0.579072 0.369941 0.409693 0.380311 0.639565 0.515123 0.404508 0.537592 0.617096 0.634380 0.390681 0.658577 0.563517 0.617096 0.447717 0.632651 0.442532 0.648207 0.451174 0.897090 0.501296 0.852153 0.516851 1.000000 0.509182 0.090494 0.399878 0.043446 0.184942 0.025731 0.014309 0.424045
0.462710 0.238525 0.489346 0.224319 0.452056 0.220768 0.535514 0.249180 0.437850 0.240301 0.576356 0.368153 0.407663 0.382359 0.654488 0.517313 0.388130 0.536846 0.663366 0.668249 0.350840 0.630959 0.567477 0.616754 0.448504 0.632735 0.428971 0.607875 0.437850 0.888439 0.492897 0.835167 0.517757 1.000000 0.607647 0.121649 0.509013 0.064725 0.134886 0.080048 0.020362 0.507121
0.461895 0.244652 0.488174 0.232388 0.453135 0.228884 0.531973 0.255163 0.442623 0.246404 0.572268 0.367289 0.414592 0.383057 0.666874 0.505694 0.379553 0.542485 0.680890 0.654611 0.330498 0.528469 0.563509 0.617819 0.449631 0.631835 0.426856 0.612563 0.440871 0.894629 0.481166 0.838566 0.521462 1.000000 0.587306 0.123680 0.501111 0.055146 0.160987 0.519722 0.016738 0.501630
0.467485 0.256992 0.484598 0.243301 0.458928 0.239879 0.513691 0.260414 0.457217 0.255280 0.573587 0.369939 0.417856 0.380207 0.684823 0.482887 0.387053 0.520536 0.688246 0.635195 0.359671 0.469196 0.556474 0.616370 0.452083 0.633483 0.422990 0.645463 0.446949 0.888471 0.464062 0.847399 0.503423 1.000000 0.495563 0.091832 0.409624 0.049164 0.240418 0.775260 0.010896 0.425285
0.469813 0.260983 0.492970 0.249404 0.461542 0.247750 0.529360 0.270908 0.451618 0.262637 0.565750 0.370153 0.423498 0.380078 0.679883 0.479324 0.378837 0.520676 0.673267 0.629847 0.363950 0.428047 0.552518 0.619922 0.458234 0.629847 0.428460 0.687740 0.458234 0.849842 0.461542 0.907735 0.496278 1.000000 0.388266 0.052197 0.323907 0.043986 0.271055 0.851375 0.013693 0.340756
0.483119 0.270503 0.499196 0.259249 0.473473 0.257642 0.528134 0.270503 0.459004 0.267288 0.571542 0.370180 0.430066 0.379826 0.677649 0.482717 0.378620 0.518086 0.663180 0.622586 0.380228 0.413587 0.545819 0.622586 0.452573 0.627409 0.438104 0.757631 0.431673 0.825154 0.476689 0.995569 0.475081 1.000000 0.265486 0.097271 0.181986 0.062376 0.273453 0.891508 0.002048 0.180796
0.482604 0.269985 0.499613 0.259160 0.474872 0.257614 0.528994 0.273077 0.465594 0.269985 0.572291 0.370496 0.439307 0.379774 0.666616 0.484923 0.392917 0.517396 0.646514 0.621000 0.388278 0.429256 0.539818 0.624092 0.448585 0.625639 0.464048 0.803465 0.405288 0.828207 0.498067 1.000000 0.485697 0.993663 0.180184 0.211021 0.086683 0.079033 0.266128 0.879774 0.014772 0.060194
0.486959 0.264104 0.505370 0.253364 0.479287 0.251830 0.537590 0.271775 0.470081 0.265638 0.574413 0.371504 0.443999 0.379175 0.657264 0.494246 0.405642 0.517261 0.621976 0.627729 0.381093 0.457424 0.536056 0.626195 0.445533 0.623126 0.494630 0.833323 0.376490 0.801103 0.522247 1.000000 0.480821 0.945326 0.105973 0.317139 0.015252 0.119795 0.271265 0.789832 0.023463 0.054960
0.487604 0.265197 0.506563 0.254988 0.480312 0.253530 0.538648 0.273948 0.470103 0.268114 0.567816 0.374577 0.449685 0.376036 0.633444 0.501458 0.423434 0.502917 0.585316 0.618131 0.376765 0.494166 0.534272 0.629798 0.448227 0.619589 0.516772 0.831057 0.359264 0.750845 0.535731 1.000000 0.465728 0.870434 0.058167 0.421141 0.013987 0.187697 0.276478 0.494057 0.022301 0.161993
0.488572 0.268489 0.504792 0.258167 0.481199 0.256692 0.534284 0.274387 0.469402 0.267014 0.569674 0.374660 0.450233 0.376134 0.615387 0.508848 0.426639 0.501475 0.541657 0.592899 0.370605 0.554560 0.532810 0.631239 0.447283 0.617967 0.523962 0.834733 0.342587 0.712341 0.538708 1.000000 0.454656 0.837682 0.037366 0.498715 0.031592 0.262609 0.333716 0.199377 0.025373 0.252659
0.487741 0.256360 0.507662 0.247166 0.480080 0.244101 0.539841 0.268618 0.464756 0.259424 0.567423 0.374349 0.443304 0.375881 0.596537 0.518388 0.421851 0.509194 0.490806 0.561293 0.380478 0.607263 0.539841 0.631780 0.449433 0.617989 0.519920 0.844774 0.336041 0.674686 0.536776 1.000000 0.441771 0.817192 0.056148 0.555600 0.004290 0.360473 0.440777 0.076289 0.013661 0.322733
0.482977 0.257427 0.503095 0.248142 0.476787 0.245047 0.538688 0.269807 0.462860 0.262070 0.568091 0.371943 0.438099 0.378133 0.572733 0.506577 0.417982 0.511219 0.469050 0.477174 0.394769 0.614903 0.541783 0.631925 0.452027 0.617998 0.510833 0.843935 0.334416 0.647401 0.530950 1.000000 0.431909 0.803699 0.078112 0.599545 0.014042 0.440483 0.598930 0.022352 0.007882 0.375878
0.484992 0.276002 0.503002 0.266997 0.477488 0.263995 0.534519 0.285007 0.463980 0.276002 0.566036 0.375056 0.441468 0.375056 0.555531 0.483116 0.423458 0.505628 0.463980 0.412577 0.411451 0.613688 0.539021 0.633198 0.453474 0.616689 0.512007 0.841813 0.342413 0.648206 0.528516 1.000000 0.430962 0.808795 0.067862 0.572385 0.007802 0.427786 0.678117 0.008407 0.009556 0.370991
0.501102 0.277322 0.515801 0.267034 0.490814 0.267034 0.540787 0.277322 0.470236 0.275853 0.567244 0.368451 0.440840 0.381680 0.555486 0.455171 0.433491 0.509554 0.486404 0.372861 0.426142 0.608032 0.539318 0.631549 0.452598 0.618320 0.515801 0.834384 0.346771 0.672704 0.526089 1.000000 0.434960 0.827035 0.053232 0.514149 0.003079 0.364703 0.734844 0.005438 0.010294 0.312158
0.495654 0.304068 0.508692 0.292478 0.484065 0.292478 0.534768 0.289581 0.465232 0.291030 0.569536 0.370706 0.437707 0.379398 0.569536 0.453280 0.443502 0.492395 0.500000 0.354771 0.444951 0.567725 0.540563 0.631467 0.452194 0.618429 0.518833 0.831383 0.362377 0.718387 0.523179 1.000000 0.446399 0.871945 0.041697 0.392375 0.000753 0.252275 0.804347 0.010188 0.009224 0.198544
0.480097 0.288809 0.497789 0.275540 0.471251 0.274066 0.534646 0.281437 0.457983 0.278489 0.572977 0.369894 0.434394 0.380214 0.595091 0.471620 0.449137 0.501106 0.514006 0.371369 0.452086 0.573346 0.543491 0.627894 0.449137 0.621997 0.505160 0.829871 0.378371 0.773848 0.524326 1.000000 0.460931 0.933071 0.092169 0.291078 0.023478 0.158199 0.851656 0.025642 0.009387 0.079114
0.475602 0.282666 0.481607 0.269154 0.472599 0.267652 0.489115 0.281165 0.492117 0.282666 0.570192 0.366747 0.432060 0.383263 0.627247 0.494370 0.454581 0.494370 0.540164 0.423802 0.486112 0.500375 0.550674 0.623493 0.447074 0.626496 0.484610 0.800663 0.411040 0.820182 0.526651 0.958315 0.474100 1.000000 0.196561 0.165718 0.089456 0.078175 0.850594 0.376428 0.002868 0.055058
0.474324 0.265522 0.493959 0.253439 0.465263 0.251929 0.533227 0.273074 0.454690 0.267032 0.577027 0.369734 0.427504 0.380307 0.646502 0.499622 0.451670 0.510195 0.548330 0.467906 0.454690 0.609876 0.549841 0.620448 0.445628 0.629510 0.463752 0.745806 0.441097 0.860590 0.524165 0.925534 0.492448 1.000000 0.294769 0.092085 0.157170 0.029350 0.755811 0.048908 0.005770 0.185311
0.474227 0.260231 0.492971 0.247735 0.463293 0.247735 0.527335 0.263355 0.452359 0.261793 0.574196 0.369572 0.419556 0.380506 0.647610 0.499219 0.427366 0.517963 0.557013 0.517963 0.416432 0.611684 0.553889 0.619494 0.452359 0.630428 0.442987 0.710091 0.467979 0.878788 0.519525 0.880350 0.516401 1.000000 0.416447 0.055641 0.256164 0.021547 0.599067 0.055035 0.007956 0.301963
0.467785 0.246305 0.488725 0.235030 0.458120 0.235030 0.528994 0.257581 0.445234 0.255970 0.572484 0.368723 0.414630 0.381609 0.649801 0.504027 0.411408 0.518524 0.590203 0.592619 0.396911 0.599062 0.559598 0.616780 0.453288 0.632888 0.438791 0.663492 0.479060 0.885777 0.520940 0.848729 0.532215 1.000000 0.515425 0.046223 0.366036 0.016262 0.353748 0.049201 0.016414 0.414884
0.461106 0.241540 0.484526 0.229830 0.451068 0.228157 0.526348 0.251578 0.439358 0.248232 0.569843 0.368679 0.410919 0.382062 0.660178 0.502509 0.385826 0.539313 0.635085 0.632994 0.352369 0.557714 0.564824 0.616265 0.454414 0.632994 0.420957 0.636339 0.472816 0.887271 0.509619 0.837085 0.539731 1.000000 0.588255 0.068696 0.449418 0.031636 0.249472 0.289571 0.024519 0.478865
0.455038 0.249202 0.479788 0.237652 0.448438 0.234352 0.524337 0.262402 0.441838 0.254152 0.568887 0.369651 0.410488 0.381201 0.676136 0.483500 0.379139 0.533000 0.674486 0.625399 0.346139 0.475250 0.563937 0.617149 0.456688 0.631999 0.418738 0.630349 0.473188 0.886097 0.496288 0.831647 0.540837 1.000000 0.588192 0.074543 0.464777 0.037346 0.244202 0.769924 0.026290 0.491783
0.465331 0.264800 0.484241 0.253769 0.455875 0.252193 0.517335 0.271104 0.443268 0.266376 0.558307 0.370384 0.411751 0.381415 0.681226 0.458633 0.381809 0.521668 0.668619 0.606766 0.356595 0.428692 0.561459 0.617797 0.468482 0.630404 0.416479 0.658770 0.484241 0.866785 0.481089 0.849451 0.526790 1.000000 0.516321 0.042564 0.416384 0.050120 0.328823 0.848757 0.038215 0.433518
0.471766 0.266282 0.490589 0.256870 0.462354 0.253733 0.520392 0.275693 0.448237 0.267850 0.561175 0.368239 0.421571 0.382357 0.691366 0.440394 0.388631 0.525097 0.667838 0.586272 0.380788 0.413728 0.553332 0.620780 0.463923 0.628623 0.424708 0.710189 0.482746 0.852930 0.487451 0.917242 0.520392 1.000000 0.400302 0.025563 0.296762 0.027562 0.389813 0.905428 0.021986 0.333293
0.465322 0.264492 0.486662 0.255346 0.457700 0.253821 0.521722 0.276686 0.451603 0.269065 0.561354 0.366621 0.436359 0.383389 0.687873 0.430643 0.393678 0.520578 0.661960 0.572406 0.384532 0.391011 0.544587 0.622708 0.457700 0.627281 0.447030 0.770568 0.451603 0.833065 0.495808 1.000000 0.500381 1.000000 0.250049 0.085690 0.164836 0.037210 0.408436 0.881560 0.002913 0.176219
0.466264 0.266074 0.488508 0.257177 0.460333 0.254211 0.528546 0.282386 0.457367 0.274971 0.564135 0.366911 0.444021 0.383222 0.681283 0.438089 0.409914 0.527063 0.651626 0.573032 0.395086 0.429192 0.540409 0.623451 0.451435 0.626416 0.473679 0.807329 0.414363 0.835504 0.513717 1.000000 0.510751 0.952652 0.174101 0.275008 0.081456 0.065559 0.395071 0.878028 0.010386 0.054954
0.464393 0.264636 0.485757 0.254665 0.460120 0.253241 0.525637 0.277454 0.458696 0.273181 0.561245 0.370033 0.443028 0.380003 0.665218 0.455491 0.425937 0.513887 0.623914 0.579404 0.393178 0.479704 0.541305 0.627830 0.454423 0.622133 0.507121 0.821534 0.386057 0.777381 0.525637 1.000000 0.502849 0.885627 0.085714 0.394121 0.031028 0.147008 0.383431 0.716355 0.005440 0.076440
0.466529 0.261075 0.487893 0.251105 0.460832 0.248256 0.526349 0.272469 0.456559 0.265348 0.559108 0.372170 0.445165 0.377867 0.648839 0.478992 0.439468 0.503205 0.594716 0.604329 0.388193 0.544509 0.540592 0.629967 0.455135 0.619997 0.523501 0.833641 0.361131 0.738213 0.540592 1.000000 0.496439 0.832216 0.054258 0.520566 0.003826 0.226939 0.352143 0.269689 0.005440 0.187190
0.468758 0.245708 0.490555 0.236990 0.462946 0.234084 0.525429 0.266052 0.457134 0.255880 0.563210 0.375034 0.442603 0.375034 0.630052 0.500000 0.432431 0.513078 0.557397 0.595904 0.394651 0.611888 0.541413 0.632232 0.452774 0.617701 0.526882 0.837118 0.340886 0.693262 0.539960 1.000000 0.481836 0.796431 0.043268 0.609807 0.004374 0.324267 0.362713 0.092835 0.007401 0.288395
0.469880 0.250005 0.492470 0.239463 0.463856 0.237957 0.527108 0.263559 0.453314 0.254523 0.560240 0.373496 0.438254 0.376508 0.612950 0.513554 0.429218 0.518072 0.507530 0.572288 0.418676 0.617468 0.545180 0.631022 0.456326 0.618974 0.521084 0.846379 0.329822 0.661142 0.537650 1.000000 0.469880 0.789151 0.061157 0.661880 0.016874 0.421265 0.452775 0.013344 0.001916 0.362116
0.460394 0.247366 0.485003 0.236600 0.457318 0.235061 0.528070 0.265824 0.449627 0.253519 0.561909 0.370415 0.432708 0.379643 0.598823 0.511920 0.425017 0.533454 0.485003 0.507306 0.431170 0.631893 0.548066 0.631893 0.457318 0.618050 0.512689 0.853380 0.326579 0.641121 0.535761 1.000000 0.437322 0.798008 0.086705 0.640053 0.033579 0.477142 0.594124 0.035771 0.006855 0.393985
0.467922 0.262915 0.488570 0.252591 0.463497 0.251116 0.526916 0.274714 0.454648 0.265865 0.557889 0.367631 0.439899 0.382379 0.594760 0.491520 0.436949 0.513643 0.490045 0.453173 0.426625 0.609509 0.544615 0.631632 0.457598 0.618358 0.513643 0.842538 0.338133 0.656705 0.534291 1.000000 0.423676 0.818940 0.079797 0.555586 0.030422 0.424962 0.703814 0.026996 0.002817 0.354720
0.470992 0.270439 0.491047 0.260411 0.466694 0.258979 0.531157 0.283332 0.458099 0.276169 0.559808 0.370715 0.443774 0.379310 0.605648 0.485317 0.462396 0.481019 0.498209 0.425151 0.458099 0.458099 0.541185 0.631433 0.455234 0.618541 0.513967 0.839149 0.347795 0.697329 0.531157 1.000000 0.432314 0.859204 0.069903 0.451757 0.018776 0.313827 0.783612 0.998647 0.004561 0.257117
0.470726 0.270094 0.492146 0.260098 0.465014 0.258670 0.530702 0.281518 0.456446 0.275806 0.566401 0.371481 0.440738 0.378621 0.620665 0.485720 0.465014 0.494288 0.516422 0.432885 0.469298 0.544268 0.542126 0.629947 0.450734 0.619951 0.504998 0.827009 0.357915 0.744186 0.520706 1.000000 0.435027 0.908405 0.085543 0.343986 0.029468 0.217423 0.790477 0.038633 0.009092 0.144970
0.467283 0.261055 0.490810 0.252233 0.464342 0.247821 0.534923 0.278700 0.459931 0.265467 0.571683 0.369867 0.431993 0.380160 0.640794 0.496324 0.443756 0.509558 0.539334 0.468386 0.446697 0.602195 0.546686 0.625722 0.449638 0.624251 0.489339 0.809525 0.384939 0.799232 0.518748 0.993329 0.448167 0.984506 0.146768 0.217417 0.065265 0.135702 0.744737 0.018756 0.004681 0.016466
0.470546 0.255682 0.494713 0.245109 0.464504 0.242088 0.538517 0.270787 0.456952 0.261724 0.579299 0.368967 0.423722 0.381051 0.647270 0.500378 0.417680 0.529076 0.546069 0.507930 0.449399 0.607621 0.552111 0.622725 0.444868 0.627257 0.466015 0.761688 0.414659 0.829659 0.506797 0.952006 0.458462 1.000000 0.243754 0.113560 0.142586 0.074433 0.628233 0.135158 0.003847 0.129400
0.475153 0.255735 0.498089 0.241974 0.465979 0.241974 0.540902 0.263380 0.453746 0.257264 0.580657 0.370413 0.420107 0.379588 0.649464 0.504969 0.412462 0.527905 0.580657 0.582951 0.443043 0.636467 0.554663 0.619648 0.444572 0.630351 0.450688 0.702216 0.443043 0.871940 0.504205 0.908637 0.491973 1.000000 0.367115 0.078840 0.253290 0.032971 0.380596 0.103793 0.000972 0.284354
0.472957 0.243885 0.496818 0.231159 0.461821 0.229568 0.538179 0.251839 0.447504 0.248657 0.574767 0.372738 0.414098 0.377510 0.647942 0.512726 0.412507 0.530225 0.619308 0.628853 0.434778 0.655896 0.562040 0.619308 0.449095 0.630444 0.449095 0.655896 0.449095 0.886559 0.490455 0.856334 0.504772 1.000000 0.465055 0.081324 0.383867 0.043765 0.230271 0.059145 0.014183 0.400281
0.467833 0.239777 0.492577 0.224931 0.457935 0.224931 0.537116 0.246376 0.446388 0.243076 0.580005 0.373394 0.413397 0.376693 0.650937 0.525156 0.398550 0.538353 0.662485 0.673619 0.380405 0.676919 0.561860 0.620833 0.444739 0.629080 0.443089 0.609285 0.446388 0.886416 0.474431 0.823732 0.512372 1.000000 0.577045 0.086545 0.507549 0.037287 0.114464 0.012297 0.008402 0.532890
0.461228 0.233710 0.488496 0.220076 0.452707 0.218372 0.537920 0.243936 0.440777 0.235415 0.577117 0.370051 0.410101 0.380276 0.664034 0.523433 0.386241 0.531955 0.693007 0.671703 0.341931 0.647844 0.565188 0.617167 0.447594 0.632506 0.435664 0.593308 0.433960 0.884735 0.478271 0.831903 0.517469 1.000000 0.614234 0.122956 0.542631 0.064162 0.102680 0.066583 0.016281 0.540797
0.469688 0.242352 0.492627 0.230882 0.461496 0.227605 0.536865 0.250544 0.450027 0.242352 0.576189 0.371790 0.415619 0.378344 0.674496 0.496313 0.392681 0.525806 0.687604 0.645414 0.338611 0.568406 0.559804 0.619198 0.448388 0.630668 0.430365 0.617560 0.445111 0.886268 0.469688 0.828922 0.513927 1.000000 0.562580 0.098769 0.482980 0.045189 0.184812 0.238469 0.010432 0.499948
0.470156 0.252490 0.490848 0.238165 0.460605 0.238165 0.537007 0.252490 0.452647 0.252490 0.575208 0.371868 0.417629 0.378235 0.680260 0.478512 0.388979 0.526263 0.678669 0.624949 0.365103 0.499204 0.556108 0.621765 0.451055 0.628132 0.422404 0.667925 0.457422 0.849379 0.463789 0.879621 0.494031 1.000000 0.455636 0.040246 0.369903 0.033168 0.251066 0.709013 0.009121 0.403343
0.468363 0.253155 0.491798 0.242219 0.462114 0.240657 0.530856 0.264091 0.454302 0.257842 0.574600 0.367204 0.421494 0.382827 0.679275 0.470316 0.388685 0.529684 0.671463 0.617173 0.373062 0.442195 0.551166 0.621860 0.452740 0.628109 0.424619 0.753094 0.448053 0.815586 0.473050 1.000000 0.483986 1.000000 0.303680 0.058371 0.215003 0.048288 0.269309 0.873789 0.004973 0.236257
0.466486 0.258546 0.489336 0.244835 0.460392 0.243312 0.536561 0.267686 0.455822 0.260069 0.576169 0.366705 0.432972 0.383462 0.676711 0.473341 0.396411 0.535799 0.663001 0.613491 0.391841 0.442874 0.544178 0.621108 0.446682 0.628725 0.451252 0.781062 0.405551 0.855707 0.507617 0.991287 0.478673 1.000000 0.250908 0.177272 0.127707 0.074836 0.271681 0.909382 0.011641 0.110464
0.469835 0.256821 0.495159 0.244904 0.465366 0.241924 0.542826 0.267248 0.462387 0.259800 0.575598 0.368542 0.440043 0.381948 0.667954 0.486221 0.416209 0.529420 0.642630 0.618797 0.404292 0.459408 0.538358 0.624755 0.446002 0.624755 0.481752 0.830322 0.383438 0.821384 0.526441 1.000000 0.478773 0.985242 0.154151 0.265787 0.039586 0.105866 0.271884 0.895331 0.019928 0.012525
0.474753 0.255466 0.497836 0.242482 0.470425 0.241039 0.538231 0.268450 0.466097 0.264122 0.571413 0.367995 0.443014 0.382422 0.642104 0.494951 0.425702 0.518034 0.607480 0.616136 0.380979 0.490623 0.538231 0.627677 0.447342 0.621906 0.506492 0.838308 0.359339 0.770502 0.541116 1.000000 0.463212 0.917655 0.100175 0.365850 0.007152 0.175949 0.250307 0.634607 0.018379 0.122590
0.479575 0.258419 0.500704 0.247150 0.472532 0.247150 0.540146 0.271097 0.464080 0.266871 0.569727 0.373927 0.448585 0.376744 0.624664 0.509156 0.430273 0.504930 0.568319 0.614804 0.385196 0.572545 0.534512 0.630299 0.447176 0.619030 0.526060 0.838777 0.345754 0.720451 0.552824 1.000000 0.451402 0.854272 0.056449 0.462723 0.030555 0.248149 0.278789 0.142000 0.023337 0.237103
0.501412 0.256360 0.518361 0.247885 0.494350 0.243648 0.538135 0.271896 0.474577 0.264834 0.556496 0.369352 0.444916 0.380652 0.605931 0.509181 0.423730 0.517655 0.519774 0.589688 0.387007 0.613699 0.540960 0.632060 0.457628 0.617936 0.522599 0.839684 0.331924 0.665958 0.545197 1.000000 0.437854 0.814260 0.066187 0.581276 0.009274 0.400881 0.368954 0.067411 0.001798 0.355768
0.487542 0.252735 0.508683 0.242165 0.479992 0.239145 0.538883 0.272365 0.464892 0.261795 0.560023 0.369006 0.433182 0.381086 0.588713 0.515478 0.413552 0.516988 0.467912 0.547188 0.393921 0.622689 0.547943 0.631749 0.458852 0.618159 0.522273 0.855231 0.319931 0.649869 0.543413 1.000000 0.427142 0.818991 0.069295 0.608409 0.021778 0.462899 0.479857 0.012786 0.008653 0.392163
