0.484605 0.271793 0.502717 0.253681 0.470116 0.253681 0.535318 0.268171 0.455626 0.264548 0.571541 0.373218 0.423025 0.376841 0.618631 0.489133 0.386802 0.507245 0.593275 0.561580 0.430270 0.532601 0.553429 0.623159 0.452004 0.626782 0.546185 0.826010 0.466493 0.836877 0.557052 1.000000 0.506339 1.000000 0.028101 0.042048 0.011662 0.014824 0.229997 0.418154 0.006919 0.033281
0.490606 0.267962 0.509394 0.249174 0.475575 0.249174 0.539456 0.264204 0.453029 0.260447 0.573275 0.373178 0.419209 0.376935 0.625883 0.489666 0.385390 0.500939 0.610852 0.561063 0.445513 0.523486 0.554487 0.624943 0.453029 0.624943 0.550729 0.842890 0.471817 0.846648 0.550729 1.000000 0.501879 1.000000 0.005488 0.019066 0.018223 0.016229 0.201073 0.470550 0.009570 0.032399
0.488890 0.269470 0.507407 0.250953 0.474077 0.250953 0.533330 0.265766 0.451857 0.265766 0.574066 0.373162 0.422231 0.376865 0.629615 0.473151 0.385198 0.495371 0.607396 0.547217 0.444451 0.524997 0.551846 0.624986 0.451857 0.624986 0.548143 0.843481 0.466670 0.847184 0.544440 1.000000 0.496297 1.000000 0.000172 0.025627 0.022619 0.016639 0.254188 0.448828 0.004716 0.026584
0.488142 0.271040 0.506385 0.252796 0.473546 0.252796 0.535575 0.267392 0.455303 0.263743 0.572063 0.373206 0.422464 0.376854 0.630443 0.464425 0.385976 0.493615 0.615848 0.544697 0.433410 0.537400 0.553819 0.624970 0.451654 0.624970 0.542873 0.843896 0.462600 0.843896 0.535575 1.000000 0.491790 1.000000 0.004932 0.033625 0.007125 0.021375 0.238467 0.359137 0.006969 0.031805
0.488557 0.279935 0.506162 0.258809 0.474472 0.258809 0.534330 0.272893 0.453346 0.269372 0.573062 0.375003 0.425178 0.375003 0.622356 0.484155 0.386446 0.491197 0.611793 0.540492 0.449825 0.519366 0.551935 0.624997 0.449825 0.624997 0.541372 0.846822 0.456867 0.843301 0.530809 1.000000 0.485036 0.998227 0.001305 0.046985 0.011689 0.021017 0.194023 0.469291 0.002243 0.025411
0.490317 0.283456 0.507922 0.262330 0.472712 0.265851 0.536091 0.272893 0.451586 0.272893 0.578343 0.375003 0.419896 0.375003 0.624117 0.477113 0.384686 0.491197 0.620596 0.533450 0.423417 0.540492 0.553696 0.624997 0.448065 0.624997 0.539612 0.850343 0.455107 0.843301 0.529049 1.000000 0.486796 0.973580 0.003419 0.065687 0.011413 0.025451 0.154010 0.305642 0.002243 0.030133
0.496529 0.277863 0.513884 0.257038 0.479175 0.257038 0.538180 0.267451 0.451408 0.263980 0.583301 0.378519 0.423641 0.371577 0.628423 0.506942 0.388932 0.489587 0.614539 0.604127 0.420170 0.552063 0.548592 0.624952 0.444466 0.624952 0.534709 0.840147 0.447937 0.833205 0.524296 1.000000 0.486116 0.940802 0.004058 0.103232 0.024032 0.020799 0.152717 0.238637 0.008839 0.025812
0.497396 0.281255 0.514757 0.263895 0.480035 0.263895 0.539062 0.270839 0.452258 0.270839 0.577255 0.378475 0.424481 0.371531 0.618921 0.496528 0.393232 0.489584 0.622393 0.572915 0.400176 0.576387 0.549478 0.624997 0.448786 0.624997 0.535589 0.829853 0.448786 0.822909 0.528645 1.000000 0.476563 0.954850 0.010576 0.066048 0.014168 0.030430 0.093541 0.107780 0.002213 0.021547
0.492909 0.279278 0.510637 0.258003 0.475180 0.261549 0.539003 0.268640 0.450360 0.268640 0.578006 0.378558 0.425539 0.371467 0.638284 0.492022 0.393628 0.488476 0.627647 0.545208 0.393628 0.577120 0.549640 0.626760 0.446814 0.623215 0.535457 0.828868 0.446814 0.818230 0.528366 1.000000 0.468088 0.967152 0.011329 0.045167 0.013920 0.026836 0.218274 0.084751 0.004516 0.022301
0.497414 0.285350 0.511207 0.264661 0.476725 0.268109 0.538792 0.271557 0.452587 0.275005 0.573274 0.378451 0.428450 0.371555 0.618101 0.509483 0.400864 0.488793 0.618101 0.612928 0.393968 0.574998 0.549137 0.626721 0.449139 0.623273 0.538792 0.826716 0.456036 0.816372 0.524999 1.000000 0.473276 0.995678 0.006247 0.019149 0.014400 0.014740 0.104923 0.048148 0.002195 0.027813
0.496504 0.280616 0.510489 0.259639 0.479023 0.263135 0.538458 0.273624 0.451054 0.273624 0.573419 0.375012 0.430077 0.375012 0.622366 0.497378 0.402107 0.493882 0.590900 0.539332 0.391619 0.574293 0.545450 0.626736 0.451054 0.623240 0.541954 0.833009 0.454550 0.826017 0.527969 1.000000 0.475527 1.000000 0.016523 0.029100 0.029829 0.021348 0.325952 0.032273 0.004453 0.010882
0.490385 0.278852 0.507867 0.257873 0.472903 0.261369 0.535838 0.268362 0.444931 0.271859 0.570802 0.373255 0.430946 0.376751 0.616256 0.495629 0.402974 0.495629 0.560313 0.516608 0.388989 0.569054 0.546328 0.624997 0.451924 0.624997 0.539335 0.838278 0.455421 0.827789 0.532342 1.000000 0.476399 1.000000 0.000201 0.026238 0.020418 0.021348 0.499002 0.013645 0.002225 0.015921
0.490646 0.284869 0.507653 0.264461 0.473640 0.267862 0.534863 0.271264 0.446430 0.278066 0.568876 0.373302 0.432825 0.376704 0.606290 0.495748 0.405614 0.488946 0.555271 0.502551 0.395411 0.556971 0.545067 0.624997 0.453232 0.624997 0.541666 0.835877 0.460035 0.832475 0.534863 1.000000 0.477041 1.000000 0.005473 0.016032 0.024888 0.015672 0.552201 0.028312 0.002166 0.015566
0.491319 0.277778 0.508681 0.256944 0.473958 0.256944 0.532986 0.263889 0.442708 0.274306 0.567708 0.371528 0.432292 0.378472 0.616319 0.489583 0.407986 0.489583 0.550347 0.500000 0.390625 0.548611 0.546875 0.625000 0.453125 0.625000 0.546875 0.843750 0.463542 0.840278 0.536458 1.000000 0.480903 1.000000 0.016171 0.011075 0.026104 0.011445 0.574486 0.022503 0.000005 0.015390
0.486303 0.275706 0.503424 0.255160 0.469181 0.258584 0.530819 0.265433 0.438362 0.272282 0.565062 0.371587 0.431513 0.378436 0.609579 0.488015 0.407543 0.484591 0.544516 0.498288 0.390421 0.546229 0.547941 0.624988 0.455484 0.624988 0.544516 0.837297 0.465757 0.840721 0.530819 1.000000 0.486303 1.000000 0.017976 0.016579 0.016341 0.015704 0.566399 0.015554 0.004361 0.020280
0.484064 0.281085 0.500839 0.257599 0.467288 0.260954 0.524324 0.267665 0.437093 0.277730 0.561229 0.368315 0.433738 0.381735 0.598134 0.482386 0.410253 0.492451 0.531034 0.495806 0.393478 0.542777 0.547809 0.623297 0.457223 0.626652 0.544454 0.831309 0.467288 0.838019 0.541099 0.988995 0.494129 1.000000 0.001638 0.027046 0.011605 0.015283 0.536767 0.035882 0.006408 0.020280
0.487252 0.278189 0.500850 0.257793 0.466856 0.261193 0.524646 0.264592 0.439661 0.278189 0.565438 0.366574 0.426063 0.383571 0.606231 0.475354 0.402267 0.499150 0.548441 0.519547 0.388670 0.550141 0.551841 0.621528 0.456658 0.628327 0.551841 0.835690 0.473655 0.845888 0.548441 0.964867 0.504249 1.000000 0.008375 0.022576 0.016961 0.014766 0.406393 0.018321 0.010823 0.024817
0.492501 0.273379 0.505832 0.256715 0.469173 0.260048 0.525828 0.266713 0.442511 0.273379 0.572486 0.366693 0.422516 0.383357 0.609145 0.486669 0.389189 0.509998 0.552490 0.533327 0.385856 0.569986 0.552490 0.623309 0.452509 0.626641 0.559155 0.829934 0.469173 0.836599 0.552490 0.939912 0.509165 1.000000 0.029532 0.040838 0.035018 0.013837 0.375102 0.064243 0.006366 0.014945
0.501655 0.267466 0.511585 0.247605 0.478484 0.250915 0.531446 0.260845 0.445383 0.267466 0.574477 0.370079 0.418903 0.380009 0.610888 0.492552 0.379181 0.505793 0.571167 0.552134 0.385802 0.562064 0.554617 0.621646 0.452004 0.628266 0.557927 0.816942 0.471864 0.826872 0.557927 0.922865 0.511585 1.000000 0.005394 0.035468 0.030472 0.010467 0.279151 0.134641 0.008429 0.026331
0.500833 0.271793 0.514159 0.251805 0.480844 0.255136 0.530816 0.261799 0.444198 0.268462 0.577457 0.368406 0.414214 0.381732 0.617435 0.491671 0.374237 0.501666 0.587451 0.568295 0.384231 0.548307 0.554137 0.621599 0.454192 0.628262 0.557468 0.814825 0.470850 0.828151 0.564131 0.944753 0.514159 1.000000 0.010822 0.046143 0.034723 0.024708 0.218554 0.169609 0.010607 0.020977
0.505755 0.269782 0.518911 0.250049 0.482734 0.253338 0.535355 0.263204 0.449845 0.269782 0.574821 0.368447 0.420246 0.381602 0.617576 0.490133 0.377491 0.503289 0.594554 0.559199 0.397224 0.532888 0.551799 0.621687 0.453134 0.628264 0.551799 0.822306 0.472867 0.832172 0.564954 0.976881 0.512333 1.000000 0.027025 0.038896 0.028858 0.011484 0.209966 0.294717 0.006282 0.030709
0.509801 0.273770 0.519601 0.254169 0.486933 0.257436 0.535935 0.263970 0.450997 0.273770 0.575138 0.368509 0.418329 0.381576 0.620874 0.489383 0.375859 0.505717 0.591472 0.561254 0.424862 0.531852 0.552270 0.623324 0.454264 0.626591 0.545736 0.819335 0.470598 0.829136 0.555537 0.992479 0.513067 1.000000 0.028605 0.048266 0.017883 0.020740 0.238748 0.448964 0.008320 0.036221
0.505753 0.281368 0.515617 0.261642 0.482740 0.264930 0.535343 0.268217 0.449863 0.278081 0.571507 0.370136 0.420273 0.379999 0.614247 0.481918 0.380821 0.501644 0.594521 0.567398 0.433424 0.531233 0.551781 0.623289 0.456438 0.626576 0.541918 0.820550 0.469589 0.830413 0.545206 1.000000 0.505753 1.000000 0.021120 0.039153 0.008852 0.025847 0.188440 0.436730 0.010467 0.036410
0.508116 0.292225 0.521102 0.272746 0.488637 0.275993 0.537335 0.275993 0.452926 0.282486 0.569799 0.373387 0.426954 0.376634 0.608757 0.483768 0.387996 0.493507 0.595771 0.571423 0.446433 0.522725 0.547074 0.623366 0.456173 0.626613 0.540581 0.827894 0.472405 0.831141 0.543827 1.000000 0.504870 1.000000 0.015406 0.029137 0.018756 0.011828 0.154817 0.454833 0.004133 0.035311
0.506451 0.284695 0.519353 0.265342 0.487098 0.268568 0.535481 0.271793 0.451617 0.278244 0.570962 0.371785 0.425813 0.378236 0.606443 0.484679 0.387106 0.494355 0.590315 0.562092 0.458068 0.510483 0.548383 0.623377 0.454842 0.626602 0.541932 0.829811 0.467745 0.833037 0.532255 1.000000 0.496774 1.000000 0.006227 0.030855 0.018546 0.017169 0.162308 0.531282 0.004108 0.029812
0.507304 0.285755 0.520288 0.266278 0.487827 0.269524 0.536519 0.269524 0.452119 0.276017 0.572227 0.373401 0.422904 0.376647 0.611180 0.480523 0.390443 0.493508 0.598196 0.535708 0.461858 0.516231 0.549504 0.623353 0.455366 0.626599 0.543011 0.834352 0.465104 0.837598 0.526781 1.000000 0.497565 1.000000 0.016674 0.046951 0.019067 0.026428 0.184576 0.488189 0.006200 0.024472
0.507031 0.285942 0.516406 0.267192 0.485157 0.270317 0.535156 0.270317 0.453907 0.279692 0.575780 0.373440 0.425783 0.376565 0.613279 0.485938 0.391408 0.495313 0.578905 0.520312 0.466407 0.514062 0.547655 0.623435 0.450782 0.626560 0.541405 0.826556 0.463282 0.826556 0.516406 1.000000 0.497656 0.982803 0.029792 0.049062 0.025869 0.011857 0.352416 0.511712 0.001990 0.029660
0.507401 0.276321 0.517269 0.256584 0.490954 0.259874 0.520559 0.263163 0.451481 0.269742 0.579768 0.371713 0.421877 0.378292 0.619241 0.490132 0.372536 0.496711 0.602794 0.572367 0.441613 0.529605 0.546874 0.624997 0.451481 0.624997 0.533716 0.842098 0.451481 0.835519 0.517269 1.000000 0.477797 0.983542 0.005942 0.056003 0.021841 0.038015 0.165249 0.484203 0.002096 0.019268
0.500000 0.275346 0.516338 0.252472 0.480394 0.255740 0.542480 0.259008 0.450985 0.265543 0.581692 0.373377 0.421575 0.376645 0.624172 0.487746 0.375828 0.487746 0.611102 0.559635 0.424843 0.546565 0.549015 0.624989 0.447717 0.624989 0.532677 0.840657 0.444449 0.834122 0.516338 1.000000 0.470591 0.948491 0.001550 0.076501 0.017041 0.038357 0.170452 0.345476 0.004162 0.019095
0.503333 0.275020 0.519998 0.251689 0.483335 0.255022 0.546663 0.258355 0.450004 0.265021 0.583326 0.371678 0.420007 0.378344 0.613323 0.491667 0.373345 0.498333 0.599991 0.558328 0.420007 0.571660 0.549996 0.624989 0.446671 0.624989 0.536663 0.844969 0.443338 0.841636 0.516665 1.000000 0.480002 0.951627 0.011941 0.107313 0.022376 0.039175 0.140812 0.298454 0.004244 0.014371
0.500000 0.274349 0.516777 0.254217 0.483223 0.257572 0.536909 0.257572 0.453024 0.264283 0.583885 0.371656 0.419470 0.378367 0.617439 0.499161 0.372495 0.505872 0.593951 0.562914 0.409404 0.579691 0.550331 0.623311 0.446314 0.626666 0.536909 0.841412 0.442958 0.838057 0.520132 1.000000 0.479868 0.955496 0.006470 0.101981 0.022629 0.039331 0.194269 0.259944 0.004273 0.014511
0.508443 0.272043 0.515197 0.248403 0.494934 0.251780 0.505066 0.255157 0.501689 0.265288 0.427391 0.373357 0.579363 0.376734 0.373357 0.515197 0.626643 0.518574 0.393620 0.586117 0.599626 0.548969 0.447654 0.623266 0.545591 0.626643 0.454409 0.829272 0.535460 0.846157 0.454409 1.000000 0.525329 1.000000 0.010433 0.000700 0.015320 0.028075 0.204444 0.333714 0.008601 0.025113
0.504166 0.278378 0.517497 0.258382 0.484170 0.258382 0.537493 0.261714 0.454176 0.271712 0.577484 0.371692 0.427514 0.378358 0.614144 0.501666 0.390855 0.498334 0.547490 0.548324 0.384190 0.574985 0.544158 0.624975 0.450843 0.624975 0.534160 0.834933 0.460841 0.831600 0.524162 1.000000 0.467506 1.000000 0.000225 0.004958 0.026498 0.014631 0.393106 0.066784 0.006366 0.030536
0.501602 0.270909 0.514418 0.251684 0.479174 0.251684 0.536847 0.261296 0.450337 0.267705 0.578500 0.370235 0.427908 0.379847 0.607337 0.498398 0.392663 0.495194 0.556071 0.511214 0.386255 0.565684 0.546459 0.623357 0.447133 0.626561 0.543255 0.834826 0.453541 0.831622 0.536847 1.000000 0.469561 1.000000 0.005279 0.015671 0.035257 0.014810 0.492467 0.065535 0.008160 0.014766
0.505368 0.281446 0.517638 0.263041 0.483896 0.266109 0.532975 0.269176 0.453222 0.278378 0.569784 0.370401 0.431750 0.379604 0.594323 0.493098 0.407210 0.490031 0.545245 0.493098 0.385738 0.548312 0.545245 0.624998 0.453222 0.624998 0.545245 0.833583 0.456289 0.833583 0.539110 1.000000 0.474694 1.000000 0.010102 0.026028 0.030586 0.023101 0.562833 0.042756 0.001953 0.004681
0.509090 0.276532 0.521211 0.261381 0.490910 0.261381 0.530301 0.267441 0.454549 0.276532 0.566662 0.370464 0.430308 0.379554 0.596963 0.491667 0.409098 0.497727 0.542421 0.482577 0.393947 0.555299 0.548481 0.621961 0.454549 0.628021 0.548481 0.828006 0.463639 0.831036 0.545451 1.000000 0.481820 1.000000 0.005052 0.015511 0.022970 0.016713 0.630548 0.025378 0.003857 0.014243
0.513710 0.273018 0.522851 0.257784 0.492383 0.257784 0.531991 0.266924 0.455822 0.269971 0.568552 0.370513 0.422308 0.379654 0.592926 0.489336 0.404028 0.498477 0.541131 0.480196 0.391841 0.559411 0.553318 0.623393 0.455822 0.626440 0.553318 0.827525 0.464962 0.833618 0.553318 0.998142 0.486290 1.000000 0.000001 0.020114 0.019152 0.028930 0.620001 0.014243 0.011641 0.014034
0.505333 0.274495 0.517522 0.256211 0.487049 0.259258 0.529712 0.268400 0.456575 0.271448 0.569328 0.368963 0.423054 0.381153 0.599801 0.484763 0.395628 0.496953 0.547996 0.503047 0.383438 0.560947 0.551043 0.621895 0.456575 0.627989 0.554091 0.816926 0.465717 0.832163 0.554091 0.947963 0.487049 1.000000 0.004973 0.018409 0.027943 0.028721 0.473908 0.014112 0.009702 0.009270
0.505298 0.272175 0.517409 0.257037 0.487133 0.257037 0.532546 0.266119 0.453829 0.272175 0.568877 0.372085 0.420526 0.378140 0.605208 0.481078 0.390250 0.484105 0.562822 0.511353 0.378140 0.556767 0.553740 0.623374 0.456857 0.626401 0.559795 0.814111 0.465940 0.829249 0.559795 0.920077 0.493188 1.000000 0.010102 0.028897 0.029254 0.032010 0.404985 0.036017 0.013496 0.004142
0.503715 0.269675 0.512631 0.251844 0.482911 0.254816 0.527490 0.263732 0.450220 0.272647 0.566125 0.370721 0.420501 0.379637 0.601789 0.477711 0.390782 0.489598 0.569097 0.516346 0.381866 0.552009 0.554238 0.620363 0.459136 0.629279 0.560182 0.819482 0.471024 0.828398 0.560182 0.896752 0.503715 1.000000 0.009499 0.036912 0.024645 0.029893 0.325952 0.038855 0.017036 0.009482
0.505140 0.269441 0.513951 0.251818 0.484580 0.254755 0.522762 0.263566 0.449336 0.269441 0.569755 0.369301 0.417028 0.381049 0.605000 0.483846 0.384720 0.486783 0.575629 0.533776 0.375909 0.539650 0.555070 0.621888 0.458147 0.627762 0.560944 0.812797 0.472832 0.821608 0.566818 0.895035 0.511014 1.000000 0.012906 0.042768 0.028277 0.028500 0.264268 0.041825 0.016836 0.014277
0.505140 0.267972 0.513951 0.253287 0.484580 0.253287 0.522762 0.262098 0.452273 0.270909 0.569755 0.367832 0.417028 0.382517 0.613811 0.488252 0.378846 0.497063 0.587378 0.549930 0.378846 0.544056 0.555070 0.620420 0.458147 0.629231 0.555070 0.811329 0.472832 0.828951 0.575629 0.925874 0.513951 1.000000 0.056531 0.049604 0.018485 0.029206 0.240521 0.102416 0.016836 0.023363
0.505876 0.278187 0.514690 0.257621 0.488248 0.263497 0.526441 0.269373 0.450055 0.275249 0.567572 0.366324 0.420676 0.383952 0.614579 0.483841 0.379545 0.504407 0.596952 0.551414 0.400111 0.536724 0.552883 0.621924 0.458869 0.627800 0.535255 0.807013 0.476497 0.830517 0.573448 0.950972 0.517628 1.000000 0.112772 0.041995 0.011951 0.021844 0.202346 0.285135 0.014968 0.057834
0.509785 0.275704 0.518817 0.257640 0.491721 0.260651 0.530859 0.269683 0.452582 0.272693 0.569998 0.369035 0.422475 0.381078 0.615159 0.483441 0.380325 0.504516 0.600105 0.561719 0.419464 0.537634 0.551934 0.621933 0.455592 0.627954 0.524838 0.814616 0.470646 0.835691 0.554945 1.000000 0.515806 1.000000 0.090948 0.048109 0.021773 0.019421 0.180147 0.381204 0.009585 0.067497
0.510414 0.273874 0.519340 0.253046 0.492562 0.256021 0.531241 0.264948 0.456857 0.267923 0.569921 0.369085 0.424129 0.380986 0.608600 0.485123 0.391400 0.508926 0.584797 0.559507 0.444956 0.529753 0.549093 0.621989 0.456857 0.627940 0.525290 0.821338 0.471734 0.839190 0.534217 1.000000 0.510414 1.000000 0.051083 0.041410 0.011674 0.019562 0.200998 0.461660 0.007577 0.060207
0.513313 0.272945 0.522188 0.255195 0.495562 0.258153 0.534021 0.264070 0.457104 0.269987 0.572480 0.370571 0.424562 0.379446 0.607981 0.480031 0.392019 0.506656 0.607981 0.562865 0.454145 0.524407 0.548813 0.622033 0.454145 0.627950 0.531063 0.832077 0.468937 0.837994 0.516271 1.000000 0.501479 1.000000 0.002767 0.036293 0.003034 0.015338 0.099829 0.491133 0.003768 0.049215
0.515441 0.264710 0.524264 0.247063 0.494853 0.250004 0.536029 0.255887 0.459560 0.261769 0.577205 0.370590 0.421325 0.379414 0.606616 0.491177 0.391914 0.505882 0.597792 0.547058 0.462501 0.520588 0.550734 0.623527 0.450736 0.626468 0.530147 0.829406 0.465442 0.835288 0.497794 1.000000 0.497794 1.000000 0.019323 0.033514 0.001465 0.015338 0.125998 0.507353 0.001874 0.054105
0.520480 0.276134 0.528954 0.259185 0.500706 0.259185 0.537429 0.267659 0.463984 0.273309 0.574151 0.372177 0.427261 0.377827 0.599575 0.485170 0.390538 0.496469 0.591100 0.547316 0.449860 0.533192 0.545903 0.623586 0.452684 0.626410 0.526130 0.829797 0.458334 0.829797 0.486582 1.000000 0.492232 1.000000 0.033290 0.052016 0.005186 0.023602 0.113586 0.419106 0.001798 0.039269
0.522459 0.275408 0.530881 0.255757 0.500000 0.258564 0.542111 0.266986 0.463504 0.272601 0.581414 0.370860 0.427008 0.379282 0.609488 0.474733 0.384897 0.491578 0.603874 0.539304 0.435430 0.539304 0.544918 0.623525 0.446660 0.626333 0.522459 0.836887 0.443852 0.842502 0.480348 1.000000 0.494385 0.949183 0.033810 0.144946 0.012279 0.029400 0.111632 0.373292 0.010725 0.029250
0.517252 0.277100 0.528294 0.257778 0.497930 0.260538 0.539335 0.268819 0.464805 0.277100 0.580741 0.368192 0.428921 0.381994 0.600063 0.484128 0.387515 0.503450 0.583501 0.558658 0.423400 0.550377 0.544856 0.622146 0.445483 0.627667 0.517252 0.837455 0.428921 0.848496 0.478607 1.000000 0.486888 0.917506 0.023132 0.246219 0.004096 0.045255 0.122173 0.312389 0.012304 0.016759
