0.425409 0.301745 0.433261 0.286042 0.428026 0.286042 0.459433 0.293893 0.501309 0.293893 0.459433 0.372410 0.545801 0.377645 0.441112 0.487568 0.585060 0.511123 0.394002 0.521592 0.493457 0.537295 0.469902 0.626281 0.524864 0.623664 0.459433 0.833042 0.482988 0.822573 0.490840 1.000000 0.493457 1.000000 0.065314 0.083237 0.029222 0.039023 0.250683 0.502467 0.006666 0.049945
0.426433 0.298180 0.431642 0.282555 0.429037 0.282555 0.457683 0.292972 0.499349 0.290367 0.462891 0.373700 0.538411 0.376304 0.442058 0.490886 0.572265 0.514323 0.400392 0.519531 0.486328 0.527343 0.473308 0.626300 0.525390 0.623696 0.452475 0.826818 0.488932 0.821610 0.520182 1.000000 0.514974 1.000000 0.139174 0.100742 0.046072 0.041248 0.252283 0.528700 0.001659 0.025033
0.426024 0.298480 0.433677 0.283175 0.428575 0.285725 0.459186 0.295929 0.494898 0.293378 0.466838 0.375006 0.530611 0.375006 0.443880 0.494898 0.556120 0.507653 0.400515 0.520407 0.471940 0.517856 0.477042 0.627544 0.525509 0.622443 0.418372 0.811208 0.502551 0.818861 0.545916 0.941304 0.538263 1.000000 0.345270 0.095023 0.111275 0.030475 0.270523 0.522079 0.003249 0.061384
0.423719 0.296798 0.431411 0.281413 0.426283 0.281413 0.457052 0.291669 0.498077 0.291669 0.462180 0.376284 0.536538 0.373720 0.444232 0.494231 0.549358 0.481411 0.410899 0.514743 0.444232 0.494231 0.469872 0.627562 0.531410 0.622434 0.392950 0.809611 0.505769 0.819868 0.521154 0.871149 0.564743 1.000000 0.484804 0.138264 0.136995 0.034547 0.276333 0.499089 0.001632 0.086145
0.422445 0.300665 0.430136 0.285282 0.427573 0.285282 0.458338 0.295537 0.494231 0.295537 0.468593 0.375015 0.535252 0.375015 0.460902 0.492950 0.558326 0.475003 0.417317 0.505769 0.437828 0.475003 0.468593 0.626267 0.527561 0.623703 0.386552 0.800605 0.509614 0.818552 0.499359 0.928795 0.589092 0.990327 0.369716 0.167176 0.140006 0.019394 0.388217 0.572192 0.004896 0.110771
0.425883 0.307171 0.433420 0.294608 0.430908 0.294608 0.461057 0.299633 0.496231 0.299633 0.473619 0.377519 0.528893 0.372494 0.461057 0.505653 0.518843 0.490578 0.403271 0.478016 0.433420 0.475504 0.468595 0.626250 0.528893 0.623737 0.395734 0.792071 0.531405 0.812170 0.471107 0.937792 0.614316 0.985528 0.283724 0.137756 0.125350 0.004245 0.610892 0.528575 0.003200 0.136024
0.428126 0.302502 0.435626 0.290003 0.430626 0.290003 0.463125 0.297503 0.490625 0.297503 0.480625 0.377502 0.520625 0.372502 0.463125 0.505000 0.495625 0.487500 0.405626 0.470000 0.423126 0.462500 0.470625 0.627498 0.528125 0.622498 0.398126 0.784996 0.550624 0.807496 0.455626 0.959994 0.633123 0.979994 0.238369 0.103476 0.124594 0.028978 0.630630 0.537560 0.001592 0.175843
0.426430 0.305293 0.434041 0.292609 0.428967 0.292609 0.461947 0.297683 0.492389 0.297683 0.474631 0.378863 0.532980 0.371253 0.454336 0.498097 0.543127 0.470191 0.398524 0.465118 0.464483 0.477802 0.461947 0.627479 0.530443 0.622405 0.403598 0.799988 0.560885 0.810135 0.439115 0.990255 0.649677 0.982644 0.162560 0.100134 0.087592 0.054388 0.616219 0.501825 0.009692 0.154991
0.427870 0.301641 0.435598 0.288761 0.433022 0.288761 0.463935 0.293913 0.494848 0.293913 0.476815 0.381500 0.530913 0.368620 0.461359 0.492272 0.574707 0.451054 0.404685 0.463935 0.510304 0.492272 0.463935 0.628804 0.528337 0.621076 0.412413 0.816859 0.566978 0.811707 0.420141 1.000000 0.664870 0.968848 0.097515 0.113679 0.068556 0.066908 0.603453 0.474223 0.009841 0.148779
0.431230 0.304415 0.436277 0.291797 0.433754 0.291797 0.464038 0.296844 0.496845 0.296844 0.481703 0.377602 0.527130 0.372554 0.461514 0.488643 0.522082 0.473501 0.403469 0.450788 0.446372 0.465930 0.464038 0.627446 0.527130 0.622398 0.416088 0.814198 0.562461 0.806627 0.403469 1.000000 0.668455 0.945429 0.058811 0.147279 0.057531 0.060313 0.626703 0.515823 0.011249 0.140314
0.428967 0.305293 0.436578 0.290072 0.431504 0.292609 0.464483 0.295146 0.494926 0.297683 0.482242 0.378863 0.525369 0.371253 0.459410 0.487950 0.515221 0.472728 0.403598 0.454970 0.439115 0.462581 0.464483 0.627479 0.527906 0.622405 0.418819 0.820283 0.558349 0.807598 0.398524 1.000000 0.672509 0.931906 0.038802 0.184602 0.051327 0.048646 0.604210 0.510467 0.009692 0.125886
0.432128 0.301460 0.439740 0.288774 0.434666 0.288774 0.467650 0.293848 0.495560 0.293848 0.482874 0.380115 0.523470 0.369966 0.465113 0.504440 0.495560 0.479068 0.414368 0.466381 0.421979 0.458770 0.467650 0.628766 0.526007 0.621154 0.424517 0.819060 0.548842 0.808911 0.401681 1.000000 0.673168 0.918013 0.031368 0.232206 0.051487 0.035309 0.659666 0.505960 0.008077 0.109476
0.429232 0.301085 0.436883 0.288334 0.431782 0.288334 0.462385 0.293435 0.495537 0.293435 0.480236 0.380141 0.526139 0.369940 0.470035 0.512751 0.503188 0.479598 0.424132 0.489799 0.426682 0.471948 0.467485 0.627510 0.526139 0.622409 0.424132 0.821324 0.533790 0.808573 0.416481 1.000000 0.671500 0.908031 0.057322 0.287828 0.053655 0.013074 0.623146 0.466051 0.008118 0.083122
0.430136 0.298101 0.437828 0.285282 0.435264 0.285282 0.460902 0.292973 0.496795 0.292973 0.483976 0.377579 0.519869 0.372451 0.494231 0.487822 0.499359 0.475003 0.427573 0.492950 0.425009 0.472439 0.471157 0.626267 0.524997 0.623703 0.425009 0.821116 0.517306 0.813424 0.432700 1.000000 0.650623 0.882647 0.087099 0.360454 0.057632 0.019393 0.505088 0.448139 0.004896 0.061128
0.426170 0.293405 0.433941 0.280452 0.431351 0.280452 0.462437 0.288224 0.496114 0.290814 0.470209 0.373711 0.532382 0.376302 0.465028 0.485104 0.540153 0.503238 0.418398 0.490285 0.454666 0.503238 0.467618 0.624993 0.529791 0.624993 0.428760 0.819283 0.501295 0.806331 0.452075 1.000000 0.628231 0.855551 0.102968 0.431870 0.059552 0.046299 0.449982 0.519464 0.003298 0.013218
0.428117 0.293419 0.433298 0.277877 0.430708 0.280467 0.454021 0.288238 0.500648 0.288238 0.466973 0.373720 0.536913 0.376310 0.454021 0.477334 0.555045 0.500648 0.402214 0.492876 0.454021 0.498057 0.466973 0.624985 0.529142 0.624985 0.438479 0.819262 0.490286 0.808900 0.466973 0.995407 0.609443 0.852937 0.097404 0.453593 0.046355 0.056330 0.367643 0.554255 0.004948 0.019919
0.425732 0.313425 0.432978 0.298934 0.430563 0.301349 0.457130 0.303765 0.495773 0.306180 0.466791 0.376221 0.536832 0.373806 0.459545 0.494566 0.548908 0.506642 0.403996 0.501811 0.449885 0.513887 0.469206 0.627402 0.527171 0.622572 0.449885 0.808542 0.483697 0.791636 0.493358 0.965531 0.614118 0.844771 0.119818 0.456969 0.036886 0.067760 0.439250 0.505608 0.004613 0.046290
0.420922 0.309959 0.428575 0.294654 0.423473 0.294654 0.451533 0.302306 0.494898 0.299755 0.459186 0.373731 0.538263 0.376282 0.436228 0.480868 0.568874 0.501275 0.387761 0.501275 0.492347 0.519132 0.474491 0.626269 0.528060 0.623718 0.459186 0.817585 0.469389 0.794628 0.515305 0.991046 0.581628 0.871154 0.125010 0.414776 0.044679 0.092140 0.305953 0.503482 0.003249 0.079848
0.420449 0.304080 0.425708 0.288302 0.423079 0.290931 0.449376 0.296191 0.496713 0.296191 0.452006 0.375085 0.538789 0.375085 0.407300 0.488166 0.575607 0.498685 0.365223 0.490796 0.501972 0.524983 0.475674 0.627545 0.533530 0.622285 0.467785 0.814260 0.499343 0.785333 0.538789 1.000000 0.567717 0.911563 0.129113 0.223806 0.043196 0.059018 0.360291 0.482964 0.011722 0.052348
0.423151 0.295527 0.428640 0.281804 0.425896 0.281804 0.447853 0.290038 0.502745 0.290038 0.447853 0.372376 0.541169 0.377865 0.395705 0.487649 0.590572 0.495883 0.354536 0.476671 0.513723 0.528818 0.478043 0.627624 0.532935 0.622135 0.475299 0.827980 0.458831 0.789556 0.571360 1.000000 0.519212 0.951487 0.146668 0.246249 0.041836 0.121915 0.447724 0.497310 0.013982 0.128280
0.423570 0.294595 0.429030 0.280947 0.429030 0.280947 0.453596 0.286406 0.500000 0.291865 0.450867 0.373754 0.538215 0.376484 0.393544 0.485669 0.600996 0.493858 0.358059 0.469292 0.510919 0.523884 0.483622 0.624881 0.527296 0.624881 0.489081 0.832333 0.453596 0.796848 0.598267 1.000000 0.527296 0.960626 0.158855 0.263480 0.032911 0.114898 0.486966 0.553926 0.013906 0.137256
0.430013 0.294155 0.435502 0.280432 0.435502 0.280432 0.454714 0.288666 0.501372 0.291410 0.451969 0.373748 0.537052 0.376493 0.391588 0.478043 0.616646 0.483532 0.364142 0.458831 0.531563 0.527446 0.490394 0.623507 0.520585 0.626252 0.520585 0.832097 0.451969 0.799162 0.627624 1.000000 0.517840 0.961093 0.120000 0.243222 0.002834 0.099290 0.527352 0.551859 0.013982 0.166000
0.431858 0.292734 0.437536 0.278538 0.437536 0.281377 0.457411 0.284216 0.508518 0.289895 0.446054 0.372233 0.545428 0.377912 0.383590 0.480125 0.630606 0.477286 0.360876 0.454572 0.548267 0.528393 0.485804 0.622088 0.522714 0.627767 0.528393 0.823676 0.454572 0.815158 0.647641 1.000000 0.494321 1.000000 0.103762 0.173850 0.016054 0.082159 0.601655 0.548744 0.010848 0.177291
0.435395 0.298377 0.438235 0.281338 0.438235 0.281338 0.458113 0.287018 0.514909 0.289858 0.441075 0.372211 0.551826 0.377890 0.375760 0.482961 0.628499 0.474442 0.367241 0.457404 0.560345 0.525558 0.475152 0.624950 0.531947 0.624950 0.534787 0.826573 0.452434 0.818053 0.651217 1.000000 0.466633 1.000000 0.081170 0.145523 0.048877 0.098778 0.727974 0.508799 0.009041 0.215872
0.435410 0.299208 0.441026 0.285167 0.441026 0.285167 0.460684 0.287975 0.514041 0.290783 0.441026 0.372223 0.553357 0.377840 0.379244 0.478938 0.643222 0.467705 0.379244 0.439622 0.564590 0.521062 0.477534 0.622160 0.528083 0.627777 0.544932 0.818740 0.469109 0.824356 0.662880 0.987237 0.449451 1.000000 0.089263 0.062753 0.058969 0.060694 0.832952 0.560224 0.007152 0.197910
0.438568 0.298758 0.441393 0.287460 0.441393 0.284635 0.461164 0.287460 0.514828 0.290284 0.438568 0.372194 0.557195 0.377842 0.379255 0.479523 0.647578 0.465400 0.399026 0.417385 0.560020 0.524714 0.472462 0.623570 0.531775 0.626394 0.534600 0.826930 0.469637 0.829755 0.672998 0.968153 0.435744 1.000000 0.152391 0.043892 0.051732 0.061952 0.937354 0.565527 0.005394 0.188787
0.436791 0.296878 0.442473 0.285515 0.439632 0.282674 0.459518 0.285515 0.516335 0.288356 0.439632 0.373582 0.558948 0.376422 0.379974 0.481534 0.644174 0.470171 0.405541 0.413354 0.558948 0.529829 0.470881 0.623578 0.530539 0.626418 0.527698 0.830961 0.473722 0.828120 0.683946 0.958799 0.431109 1.000000 0.196606 0.023741 0.045536 0.051383 0.953498 0.540454 0.001808 0.172520
0.439254 0.298213 0.442047 0.287041 0.442047 0.287041 0.461598 0.289834 0.514663 0.292627 0.439254 0.373621 0.556556 0.376414 0.386189 0.482544 0.640343 0.474166 0.414118 0.423893 0.553763 0.527231 0.472769 0.624982 0.531420 0.624982 0.520249 0.828864 0.475562 0.820486 0.679444 0.934995 0.436461 1.000000 0.240004 0.029844 0.030636 0.056506 0.997162 0.550539 0.005334 0.161414
0.434717 0.297833 0.440333 0.283793 0.437525 0.283793 0.459988 0.289409 0.513337 0.292217 0.440333 0.373645 0.552648 0.376453 0.384175 0.485961 0.634076 0.483153 0.392599 0.460690 0.541416 0.530887 0.476835 0.623547 0.530185 0.626355 0.490874 0.828522 0.479643 0.808867 0.482451 1.000000 0.653731 0.915566 0.035802 0.410969 0.024400 0.057457 0.954833 0.556078 0.008939 0.107761
0.433144 0.292165 0.436051 0.277631 0.436051 0.277631 0.456398 0.283445 0.511627 0.286352 0.444771 0.373555 0.552322 0.376462 0.389542 0.486919 0.630805 0.489826 0.369195 0.484013 0.537788 0.539242 0.479653 0.623538 0.523254 0.626445 0.485466 0.829920 0.476746 0.815386 0.465119 1.000000 0.659873 0.905496 0.037822 0.431270 0.035166 0.039978 0.400865 0.537309 0.003701 0.085790
0.431619 0.292651 0.437501 0.275004 0.437501 0.275004 0.458089 0.283827 0.513970 0.286768 0.446324 0.372061 0.552205 0.377943 0.393384 0.498529 0.625733 0.495588 0.375737 0.498529 0.540440 0.539705 0.466912 0.624998 0.534558 0.624998 0.469853 0.833818 0.490441 0.824994 0.481618 1.000000 0.481618 1.000000 0.012707 0.055475 0.021369 0.046411 0.373809 0.525864 0.001874 0.073592
0.430988 0.292239 0.433894 0.277710 0.433894 0.277710 0.457140 0.286427 0.509444 0.286427 0.448423 0.373600 0.544313 0.376506 0.407742 0.498547 0.611145 0.501453 0.381591 0.510170 0.529784 0.536322 0.471669 0.626400 0.535595 0.623494 0.471669 0.829803 0.494915 0.821085 0.500726 1.000000 0.494915 1.000000 0.043929 0.064631 0.029188 0.053401 0.266685 0.527461 0.009251 0.064631
0.428151 0.301144 0.431054 0.283726 0.431054 0.283726 0.451375 0.295338 0.503629 0.292435 0.448472 0.373719 0.538465 0.376622 0.439763 0.481130 0.596525 0.507258 0.393315 0.524676 0.521047 0.539191 0.474599 0.626281 0.538465 0.623378 0.468793 0.832394 0.500726 0.823685 0.521047 1.000000 0.518144 1.000000 0.086943 0.086886 0.041776 0.059277 0.234512 0.505724 0.016641 0.050312
0.426573 0.295404 0.432277 0.281146 0.429425 0.281146 0.455089 0.292552 0.497861 0.292552 0.452237 0.372395 0.532080 0.378098 0.446534 0.475049 0.583407 0.509267 0.409464 0.514970 0.500713 0.523525 0.480752 0.626180 0.534931 0.623328 0.463643 0.822934 0.503564 0.820083 0.543486 1.000000 0.540634 1.000000 0.151944 0.111325 0.063225 0.054023 0.220550 0.564379 0.019982 0.022712
0.424581 0.299116 0.430219 0.282200 0.427400 0.282200 0.452775 0.293478 0.497885 0.296297 0.452775 0.369602 0.531718 0.380880 0.449955 0.476740 0.565552 0.510573 0.416122 0.516212 0.475330 0.519031 0.478150 0.626169 0.537357 0.623350 0.430219 0.806612 0.517621 0.823528 0.542996 0.944763 0.565552 1.000000 0.300563 0.108174 0.114022 0.038683 0.217188 0.551473 0.019757 0.051361
0.425730 0.295408 0.431336 0.281395 0.428533 0.281395 0.450954 0.292606 0.498599 0.292606 0.453757 0.371079 0.529428 0.379487 0.456559 0.491592 0.551849 0.511211 0.411717 0.511211 0.456559 0.508408 0.478980 0.626118 0.537835 0.623316 0.406112 0.797078 0.523822 0.819499 0.518217 0.878355 0.591085 1.000000 0.428572 0.132187 0.159630 0.033670 0.376127 0.563025 0.021427 0.105553
0.421559 0.292278 0.430275 0.274846 0.424465 0.277751 0.453517 0.289372 0.494190 0.286467 0.462232 0.376529 0.529052 0.373623 0.476758 0.484021 0.543578 0.472401 0.418654 0.507263 0.444801 0.478211 0.473853 0.626377 0.534863 0.623471 0.395412 0.803594 0.534863 0.832646 0.488379 0.919803 0.616208 1.000000 0.347417 0.133125 0.147435 0.007401 0.421637 0.527775 0.011099 0.132640
0.425877 0.298809 0.431524 0.281867 0.428701 0.281867 0.456938 0.293162 0.493647 0.293162 0.468233 0.375050 0.524708 0.375050 0.485175 0.487999 0.519060 0.482352 0.425877 0.510589 0.437172 0.471057 0.473880 0.626362 0.533179 0.623538 0.400463 0.795786 0.550121 0.824023 0.479528 0.945444 0.634833 0.999095 0.284868 0.116614 0.137311 0.015988 0.431535 0.526892 0.008989 0.156995
0.425439 0.285819 0.434211 0.271199 0.428363 0.271199 0.460526 0.285819 0.495614 0.282895 0.475146 0.382310 0.524854 0.367690 0.460526 0.516813 0.501462 0.484649 0.413743 0.484649 0.431287 0.467105 0.469298 0.627924 0.530702 0.622076 0.404971 0.812135 0.574561 0.829678 0.463450 0.990497 0.673977 1.000000 0.207790 0.093391 0.099364 0.058958 0.657250 0.515146 0.000005 0.173216
0.431698 0.305339 0.437162 0.291679 0.434430 0.291679 0.461751 0.299875 0.491804 0.297143 0.478143 0.379106 0.519125 0.370909 0.467215 0.493853 0.497268 0.480192 0.415306 0.471996 0.428966 0.466532 0.472679 0.627725 0.530053 0.622260 0.415306 0.799845 0.576498 0.808042 0.448091 0.985627 0.666657 0.971966 0.158016 0.082081 0.095422 0.064148 0.596630 0.500000 0.003478 0.180396
0.430867 0.298187 0.436454 0.287014 0.433660 0.287014 0.461593 0.295394 0.495112 0.292601 0.472766 0.379192 0.525838 0.370812 0.467179 0.485335 0.528631 0.476956 0.416901 0.465783 0.444833 0.468576 0.467179 0.627791 0.534217 0.622205 0.419694 0.814939 0.578909 0.806559 0.428074 1.000000 0.682260 0.962982 0.092730 0.110146 0.071944 0.065099 0.601321 0.540100 0.001778 0.154802
0.430172 0.294007 0.438551 0.282835 0.432965 0.282835 0.463689 0.291214 0.494414 0.291214 0.472069 0.380594 0.530724 0.369422 0.460896 0.481146 0.553069 0.467181 0.416206 0.464388 0.460896 0.478353 0.466483 0.629182 0.530724 0.620803 0.418999 0.819114 0.578207 0.805149 0.413413 1.000000 0.684346 0.942012 0.068755 0.129722 0.070827 0.080245 0.578977 0.533132 0.003556 0.158224
0.425982 0.296800 0.434362 0.282835 0.431569 0.282835 0.459500 0.291214 0.493017 0.291214 0.476258 0.377801 0.526535 0.372215 0.456707 0.486733 0.515362 0.481146 0.414810 0.469974 0.442741 0.481146 0.467879 0.629182 0.529328 0.620803 0.420396 0.821907 0.571225 0.807942 0.403637 1.000000 0.685743 0.930839 0.049283 0.168663 0.066286 0.066531 0.564588 0.467467 0.003556 0.147000
0.425566 0.294957 0.433993 0.283722 0.431184 0.283722 0.462081 0.292148 0.492978 0.289339 0.478934 0.379221 0.523875 0.370795 0.459272 0.502809 0.495787 0.480338 0.419949 0.485956 0.428375 0.469103 0.470507 0.629205 0.526684 0.620779 0.425566 0.828631 0.557581 0.811778 0.405905 1.000000 0.683977 0.912895 0.037901 0.234174 0.059828 0.047473 0.578662 0.472672 0.003576 0.121602
0.425892 0.287848 0.431705 0.270411 0.425892 0.270411 0.454954 0.282036 0.498547 0.282036 0.472391 0.377940 0.533421 0.372128 0.452048 0.508719 0.510172 0.491281 0.417174 0.485469 0.431705 0.473844 0.466579 0.627872 0.527609 0.622060 0.422986 0.831306 0.542140 0.822587 0.408455 1.000000 0.585733 0.976615 0.043483 0.064766 0.059792 0.030427 0.638046 0.508266 0.007401 0.090219
0.422515 0.282895 0.428363 0.268275 0.425439 0.268275 0.454678 0.279971 0.498538 0.279971 0.469298 0.376462 0.530702 0.373538 0.454678 0.490497 0.521930 0.493421 0.419591 0.490497 0.431287 0.490497 0.472222 0.625000 0.527778 0.625000 0.428363 0.829678 0.530702 0.820906 0.422515 1.000000 0.673977 0.888158 0.057550 0.355556 0.070938 0.008452 0.459412 0.487015 0.000005 0.071944
0.422059 0.286765 0.430882 0.269118 0.425000 0.269118 0.457353 0.280882 0.498529 0.280882 0.463235 0.375000 0.536765 0.375000 0.463235 0.492647 0.557353 0.507353 0.416176 0.495588 0.454412 0.495588 0.469118 0.625000 0.530882 0.625000 0.425000 0.830882 0.510294 0.819118 0.448529 1.000000 0.598529 0.866176 0.105589 0.377676 0.074681 0.026146 0.480131 0.585342 0.000005 0.033558
0.421722 0.303619 0.427215 0.287139 0.424469 0.289886 0.451935 0.295379 0.495880 0.295379 0.460174 0.375030 0.534332 0.375030 0.457428 0.487640 0.553558 0.506866 0.405243 0.498627 0.446442 0.506866 0.473907 0.624970 0.531586 0.624970 0.438202 0.819978 0.495880 0.811738 0.468414 0.990266 0.624970 0.830964 0.113536 0.513066 0.075116 0.056630 0.426190 0.546095 0.006994 0.002486
0.421123 0.314840 0.426471 0.298797 0.423797 0.301471 0.450535 0.304144 0.493316 0.301471 0.458556 0.376337 0.541444 0.373663 0.447861 0.480615 0.562834 0.504679 0.391711 0.504679 0.490642 0.507353 0.471925 0.627674 0.528075 0.622326 0.453209 0.817513 0.474599 0.798797 0.493316 0.983289 0.482620 0.953877 0.106840 0.110107 0.048197 0.076561 0.338586 0.539731 0.000005 0.062376
0.419746 0.301140 0.425427 0.286935 0.422586 0.286935 0.448154 0.295458 0.496449 0.292617 0.456677 0.375002 0.541903 0.375002 0.419746 0.491477 0.578834 0.502841 0.368610 0.497159 0.496449 0.519886 0.473722 0.627839 0.527698 0.622157 0.462359 0.832381 0.485085 0.801131 0.519176 1.000000 0.510653 0.963061 0.116992 0.124251 0.039092 0.056129 0.367041 0.524578 0.001808 0.056737
