0.623567 0.322184 0.627585 0.310129 0.611511 0.302092 0.603475 0.318166 0.563290 0.298074 0.539180 0.390498 0.519088 0.366387 0.470866 0.486940 0.430682 0.438719 0.535161 0.515069 0.539180 0.482922 0.503014 0.627585 0.438719 0.615530 0.551235 0.820470 0.366387 0.824488 0.551235 1.000000 0.157429 0.924949 0.077979 0.251276 0.126163 0.006749 0.564899 0.658579 0.074877 0.184054
0.619835 0.316253 0.627824 0.304269 0.607852 0.296280 0.603857 0.316253 0.559918 0.296280 0.539945 0.392148 0.515978 0.364187 0.472038 0.496006 0.428099 0.432093 0.523967 0.547934 0.527962 0.484022 0.503995 0.627824 0.440082 0.615841 0.555923 0.815566 0.392148 0.827550 0.519973 1.000000 0.172450 0.891462 0.134898 0.339013 0.134080 0.022362 0.434325 0.637952 0.071811 0.156771
0.623292 0.314068 0.627269 0.302136 0.607383 0.294182 0.603406 0.314068 0.559657 0.294182 0.539772 0.393611 0.511931 0.361794 0.472160 0.508949 0.416480 0.433383 0.527840 0.564629 0.519886 0.493040 0.503977 0.628263 0.444320 0.616332 0.559657 0.811213 0.424434 0.839053 0.484091 1.000000 0.201713 0.866893 0.196458 0.432071 0.142226 0.054297 0.418773 0.628603 0.066309 0.122387
0.619570 0.312246 0.623523 0.296435 0.607712 0.292482 0.595854 0.312246 0.552374 0.296435 0.544468 0.391300 0.504941 0.363631 0.469366 0.501976 0.406123 0.438733 0.524705 0.573125 0.520752 0.501976 0.504941 0.624511 0.445650 0.620558 0.544468 0.810289 0.453555 0.841911 0.441697 1.000000 0.248014 0.845863 0.209564 0.505243 0.120173 0.083556 0.400193 0.632659 0.063326 0.055367
0.625432 0.310323 0.629511 0.298085 0.613195 0.289927 0.605036 0.310323 0.560166 0.289927 0.543850 0.395983 0.507138 0.359272 0.478585 0.530593 0.401082 0.444932 0.547929 0.599938 0.511217 0.518356 0.498980 0.632570 0.450031 0.612175 0.531613 0.840604 0.498980 0.832445 0.392924 1.000000 0.262393 0.869157 0.242616 0.520602 0.109188 0.140295 0.393702 0.596569 0.065379 0.020077
0.636175 0.303070 0.644555 0.290500 0.623605 0.282120 0.619415 0.307260 0.569135 0.282120 0.552375 0.403630 0.506285 0.353350 0.502095 0.550280 0.393155 0.441340 0.585895 0.596370 0.506285 0.512570 0.485335 0.634080 0.456005 0.608940 0.493715 0.864531 0.552375 0.826821 0.351255 1.000000 0.321925 0.893861 0.217531 0.542444 0.101682 0.194385 0.445077 0.610718 0.075391 0.120987
0.641679 0.304934 0.645786 0.292614 0.629359 0.284401 0.617039 0.304934 0.571866 0.280294 0.555440 0.403494 0.506160 0.354214 0.518480 0.547226 0.387067 0.440454 0.604719 0.571866 0.506160 0.497947 0.469200 0.629359 0.469200 0.612933 0.444560 0.855225 0.596506 0.810052 0.313148 1.000000 0.395281 0.920931 0.169057 0.522223 0.081511 0.227699 0.491530 0.657339 0.079247 0.217120
0.632146 0.296148 0.640341 0.283855 0.619853 0.271562 0.615755 0.296148 0.558390 0.275660 0.566585 0.402684 0.488732 0.353513 0.517415 0.537902 0.369903 0.431366 0.603463 0.550195 0.488732 0.480537 0.476439 0.628048 0.468244 0.615755 0.431366 0.845217 0.599365 0.791949 0.267465 1.000000 0.435464 0.955851 0.177098 0.453645 0.055979 0.228463 0.565850 0.690494 0.071019 0.268785
0.630310 0.292319 0.638454 0.280102 0.614021 0.271958 0.614021 0.296391 0.552938 0.276030 0.569227 0.402268 0.483711 0.353402 0.524433 0.532577 0.361546 0.426701 0.609949 0.528505 0.483711 0.475567 0.475567 0.630310 0.471495 0.614021 0.402268 0.842063 0.601804 0.793197 0.235308 1.000000 0.475567 1.000000 0.140090 0.363525 0.017973 0.215062 0.620537 0.706860 0.067917 0.306227
0.622495 0.299825 0.630463 0.287874 0.610545 0.279907 0.602577 0.299825 0.554774 0.275923 0.566725 0.403398 0.483070 0.351611 0.526889 0.538840 0.355595 0.427299 0.606561 0.526889 0.479086 0.475103 0.475103 0.630463 0.475103 0.614528 0.383480 0.829642 0.602577 0.801757 0.216169 0.992969 0.530873 1.000000 0.116599 0.281608 0.015155 0.199915 0.638446 0.711883 0.063828 0.327508
0.618184 0.296133 0.626062 0.284315 0.606365 0.276436 0.594547 0.292194 0.551213 0.276436 0.563031 0.398559 0.480303 0.355225 0.535455 0.540379 0.354240 0.426135 0.610305 0.512803 0.468484 0.469469 0.480303 0.627047 0.476363 0.619168 0.369998 0.827959 0.582729 0.816141 0.200602 0.973719 0.602426 1.000000 0.114008 0.133169 0.049244 0.162356 0.673491 0.721500 0.055455 0.317426
0.608064 0.299310 0.615783 0.283872 0.596486 0.276154 0.588767 0.291591 0.546313 0.276154 0.561751 0.399655 0.476843 0.353342 0.538594 0.530875 0.357201 0.426671 0.608064 0.507719 0.469125 0.465265 0.488422 0.627361 0.472984 0.619642 0.384217 0.820332 0.569470 0.824191 0.198965 0.928396 0.615783 1.000000 0.174303 0.080383 0.058437 0.144908 0.658016 0.719278 0.049337 0.297901
0.606926 0.292034 0.610850 0.276338 0.595154 0.272414 0.587307 0.288110 0.540220 0.272414 0.563763 0.401903 0.473514 0.350892 0.540220 0.531391 0.351873 0.425446 0.606926 0.503924 0.465666 0.468609 0.497057 0.629488 0.465666 0.617717 0.395036 0.841379 0.563763 0.833531 0.194917 0.908085 0.599078 1.000000 0.254751 0.090633 0.052077 0.145159 0.681583 0.709575 0.047640 0.278633
0.608006 0.288943 0.615933 0.277052 0.596115 0.269125 0.588188 0.288943 0.540626 0.269125 0.560444 0.399921 0.473246 0.352359 0.528735 0.546571 0.354341 0.435593 0.600079 0.518827 0.473246 0.479192 0.497027 0.629805 0.469283 0.617914 0.421721 0.851762 0.576298 0.824017 0.203727 0.899324 0.564407 1.000000 0.327504 0.167124 0.018440 0.157193 0.685839 0.693732 0.043026 0.256561
0.613756 0.283562 0.617783 0.271481 0.597649 0.263428 0.593622 0.279535 0.545301 0.267455 0.553355 0.392284 0.480873 0.360070 0.521141 0.541274 0.364097 0.448659 0.593622 0.537248 0.492953 0.492953 0.496980 0.629863 0.468793 0.617783 0.452686 0.871469 0.589595 0.827174 0.223160 0.891603 0.525167 1.000000 0.414434 0.245732 0.016444 0.181475 0.585446 0.688027 0.043717 0.224281
0.617206 0.288628 0.621214 0.276607 0.605185 0.268592 0.593164 0.284621 0.549086 0.272599 0.553094 0.392811 0.488981 0.360755 0.521037 0.541072 0.384797 0.464938 0.589157 0.569122 0.517030 0.513023 0.492988 0.629228 0.464938 0.617206 0.484974 0.865644 0.561108 0.837595 0.260578 0.893694 0.460931 1.000000 0.449631 0.260513 0.068461 0.160725 0.443446 0.638983 0.053827 0.141757
0.621383 0.295105 0.625268 0.283452 0.609730 0.275684 0.594193 0.295105 0.555351 0.275684 0.543698 0.388327 0.497087 0.365022 0.508740 0.516508 0.411633 0.469897 0.570888 0.570888 0.539814 0.516508 0.493203 0.625268 0.466013 0.621383 0.500971 0.842786 0.543698 0.835018 0.306758 0.893282 0.407749 1.000000 0.430396 0.294068 0.078200 0.149413 0.355940 0.606614 0.052162 0.099654
0.618670 0.299026 0.622498 0.287542 0.607186 0.279886 0.603358 0.299026 0.553593 0.283714 0.545937 0.390900 0.503828 0.364103 0.503828 0.517226 0.423438 0.467461 0.565077 0.559335 0.545937 0.513398 0.496172 0.628241 0.454063 0.616756 0.553593 0.838785 0.522968 0.827300 0.339221 0.915346 0.366017 1.000000 0.475563 0.304582 0.150540 0.162582 0.410702 0.596216 0.063789 0.015926
0.608620 0.303754 0.615922 0.292800 0.601318 0.285498 0.594016 0.303754 0.550203 0.289149 0.539249 0.391380 0.502738 0.362171 0.473530 0.511866 0.433368 0.460751 0.535598 0.559330 0.553854 0.486308 0.502738 0.625050 0.455274 0.621399 0.575760 0.807605 0.462576 0.833162 0.404159 0.939044 0.312881 1.000000 0.413060 0.232752 0.170456 0.068615 0.451139 0.628656 0.053715 0.110147
0.610146 0.307695 0.613758 0.296861 0.599312 0.289639 0.588478 0.307695 0.548753 0.289639 0.534308 0.387145 0.501806 0.365477 0.472915 0.502708 0.436801 0.452150 0.530697 0.549656 0.555976 0.481040 0.509028 0.625495 0.454858 0.621883 0.581255 0.798840 0.429579 0.824119 0.444024 0.968573 0.277902 1.000000 0.342088 0.182807 0.159300 0.018060 0.438253 0.629127 0.046143 0.165249
0.602316 0.309481 0.609372 0.298896 0.591731 0.291840 0.584675 0.309481 0.542338 0.291840 0.535281 0.387100 0.503528 0.365931 0.471775 0.482359 0.447078 0.443550 0.528225 0.517641 0.552922 0.475303 0.510584 0.627013 0.450606 0.619956 0.581147 0.796363 0.394156 0.814004 0.503528 1.000000 0.245974 0.983354 0.241067 0.138699 0.158318 0.024733 0.509359 0.607379 0.049614 0.215778
0.598900 0.313782 0.606028 0.299526 0.588209 0.295962 0.584645 0.310218 0.541877 0.292398 0.534749 0.388626 0.499109 0.363678 0.484853 0.484853 0.445649 0.442085 0.549005 0.499109 0.549005 0.470597 0.516929 0.627412 0.449213 0.620284 0.573953 0.805611 0.374370 0.816303 0.556133 1.000000 0.213991 0.976682 0.123399 0.133901 0.122292 0.054968 0.582660 0.604804 0.043242 0.214680
0.600059 0.309710 0.603632 0.298989 0.585765 0.291842 0.582191 0.309710 0.539309 0.295416 0.528588 0.384754 0.500000 0.366886 0.467838 0.481239 0.424956 0.449077 0.535735 0.495533 0.542882 0.470518 0.517868 0.627754 0.453544 0.620606 0.567897 0.817150 0.374927 0.813577 0.592912 1.000000 0.196250 0.956518 0.046417 0.162077 0.096238 0.065503 0.612817 0.678292 0.036479 0.205351
0.594031 0.310164 0.601127 0.299519 0.583386 0.292423 0.576289 0.306616 0.537257 0.292423 0.526612 0.384679 0.501774 0.366938 0.469839 0.480484 0.427259 0.441453 0.530161 0.501774 0.540806 0.466291 0.515967 0.629514 0.455646 0.618869 0.562096 0.814027 0.381131 0.814027 0.601127 1.000000 0.182424 0.924026 0.022086 0.222970 0.091810 0.058455 0.562281 0.681450 0.036221 0.194078
0.596353 0.309095 0.599955 0.298290 0.585547 0.291086 0.578343 0.309095 0.538721 0.294688 0.527915 0.384737 0.499099 0.366727 0.477488 0.481990 0.437866 0.431563 0.535119 0.503602 0.538721 0.463980 0.517109 0.629671 0.455876 0.618865 0.567537 0.827780 0.394642 0.831381 0.585547 1.000000 0.182126 0.899819 0.053725 0.311534 0.093373 0.035256 0.538064 0.641914 0.034464 0.168637
0.596759 0.306482 0.600410 0.295528 0.582154 0.291877 0.578503 0.306482 0.534687 0.295528 0.527385 0.386810 0.501826 0.364902 0.476267 0.500000 0.425149 0.434277 0.534687 0.543815 0.527385 0.481744 0.516431 0.627795 0.454359 0.620493 0.574851 0.821313 0.421497 0.846872 0.541990 1.000000 0.198769 0.879734 0.137119 0.407487 0.107783 0.012563 0.430193 0.627542 0.037277 0.139210
0.596331 0.301781 0.600036 0.290666 0.585216 0.283256 0.577806 0.301781 0.537050 0.286961 0.529640 0.386997 0.500000 0.364767 0.470360 0.509263 0.411079 0.442572 0.529640 0.553723 0.522230 0.487032 0.514820 0.627823 0.455540 0.620413 0.577806 0.824190 0.451835 0.857535 0.496295 1.000000 0.225828 0.868650 0.208978 0.479385 0.118363 0.049837 0.438869 0.650070 0.037828 0.103773
0.602374 0.302765 0.606131 0.287738 0.591104 0.283981 0.587347 0.302765 0.538508 0.287738 0.534751 0.389173 0.497182 0.362875 0.478398 0.513149 0.403261 0.453039 0.542265 0.558231 0.519723 0.501878 0.512210 0.629611 0.455857 0.618341 0.568563 0.832481 0.493426 0.855022 0.452100 1.000000 0.264258 0.873807 0.244801 0.524075 0.116000 0.101156 0.440146 0.630101 0.040770 0.036138
0.608820 0.306016 0.612605 0.294661 0.597465 0.287091 0.589895 0.306016 0.544474 0.287091 0.536904 0.389287 0.495269 0.362792 0.483914 0.514194 0.396857 0.464988 0.552045 0.563400 0.525549 0.517979 0.510409 0.631531 0.457418 0.616390 0.540689 0.851064 0.525549 0.843494 0.404427 1.000000 0.302231 0.877559 0.236380 0.544589 0.078307 0.139934 0.428617 0.619661 0.041078 0.049144
0.617402 0.308401 0.621158 0.297130 0.606131 0.289616 0.594860 0.304644 0.549778 0.289616 0.538508 0.391051 0.493426 0.360997 0.489669 0.518784 0.391991 0.462431 0.568563 0.552596 0.523480 0.511271 0.500939 0.631490 0.467128 0.616462 0.508453 0.864415 0.561049 0.826846 0.373206 1.000000 0.339395 0.901983 0.215097 0.529620 0.059602 0.166304 0.487366 0.636798 0.040770 0.123387
0.619928 0.295083 0.623706 0.283751 0.608597 0.276197 0.604819 0.291306 0.551937 0.276197 0.551937 0.400847 0.483947 0.351742 0.510387 0.544383 0.378183 0.446174 0.597265 0.544383 0.506610 0.483947 0.491501 0.631260 0.472615 0.616151 0.480169 0.850342 0.597265 0.805015 0.313969 1.000000 0.408401 0.959883 0.223060 0.467073 0.065202 0.199327 0.589691 0.676945 0.045847 0.202143
0.616390 0.292768 0.623961 0.277628 0.605035 0.270058 0.605035 0.288983 0.548259 0.270058 0.559615 0.402535 0.472558 0.349544 0.525549 0.538797 0.366577 0.440385 0.601250 0.523657 0.495269 0.474451 0.491484 0.629638 0.476343 0.618283 0.427138 0.856742 0.605035 0.803751 0.268165 1.000000 0.461203 1.000000 0.151144 0.391087 0.004889 0.188605 0.640812 0.692068 0.041078 0.280973
0.617712 0.285802 0.625431 0.274224 0.606134 0.266505 0.606134 0.289662 0.544383 0.266505 0.567540 0.409304 0.471054 0.343693 0.540524 0.532805 0.351412 0.432460 0.602275 0.509649 0.486492 0.459476 0.486492 0.633150 0.474914 0.613853 0.401585 0.860856 0.609994 0.806824 0.235630 1.000000 0.505789 1.000000 0.136391 0.319718 0.003033 0.189853 0.682751 0.733984 0.049337 0.308009
0.612991 0.288381 0.616821 0.276890 0.597670 0.269230 0.597670 0.288381 0.540217 0.265400 0.570859 0.407117 0.467443 0.345834 0.547878 0.537345 0.348707 0.433929 0.601501 0.506703 0.482764 0.464571 0.490424 0.633100 0.471273 0.613949 0.390839 0.847591 0.593840 0.824610 0.210819 1.000000 0.563198 1.000000 0.122130 0.204473 0.029514 0.163184 0.720849 0.725289 0.048961 0.306091
0.606708 0.291306 0.614262 0.276197 0.591599 0.272419 0.595376 0.291306 0.534940 0.264865 0.568935 0.404624 0.466949 0.347965 0.546272 0.529274 0.342299 0.431065 0.602931 0.495278 0.470726 0.457506 0.493390 0.631260 0.470726 0.616151 0.383849 0.842787 0.576490 0.831456 0.202540 0.986324 0.602931 1.000000 0.134749 0.113160 0.049682 0.140859 0.729270 0.748202 0.045847 0.297440
0.601335 0.286071 0.608841 0.271058 0.586322 0.263552 0.593829 0.286071 0.526272 0.267305 0.571310 0.406171 0.462469 0.346121 0.541285 0.530025 0.338615 0.428690 0.593829 0.488741 0.466222 0.454962 0.503753 0.631360 0.462469 0.616347 0.391159 0.845289 0.567557 0.830277 0.192242 0.946624 0.597582 1.000000 0.195809 0.109121 0.061441 0.145342 0.787690 0.748202 0.043140 0.299556
0.605088 0.282318 0.616347 0.267305 0.590075 0.259799 0.593829 0.282318 0.533778 0.263552 0.571310 0.402418 0.462469 0.349874 0.548791 0.526272 0.346121 0.424937 0.601335 0.492494 0.462469 0.458715 0.500000 0.631360 0.466222 0.616347 0.417431 0.849042 0.571310 0.826524 0.203502 0.909093 0.571310 1.000000 0.297490 0.147584 0.019287 0.143101 0.739112 0.727679 0.043140 0.262985
0.604819 0.278085 0.612374 0.262976 0.585933 0.255422 0.593487 0.278085 0.533051 0.262976 0.570824 0.402735 0.465060 0.349853 0.544383 0.531163 0.351742 0.429176 0.601042 0.500944 0.476392 0.463172 0.506610 0.633149 0.457506 0.614262 0.446174 0.867340 0.574601 0.822012 0.219538 0.886226 0.529274 1.000000 0.393145 0.217415 0.006124 0.172465 0.720590 0.720849 0.045847 0.243764
0.609657 0.277851 0.621000 0.266507 0.594532 0.258944 0.598313 0.281632 0.537813 0.262726 0.560500 0.398851 0.473531 0.353476 0.522688 0.534977 0.363874 0.436664 0.590750 0.534977 0.492437 0.478258 0.503781 0.633290 0.462187 0.614383 0.469750 0.867728 0.568063 0.826134 0.254218 0.871509 0.484875 1.000000 0.448530 0.250000 0.029673 0.161414 0.586245 0.693819 0.043465 0.193469
0.613719 0.281021 0.621237 0.265984 0.598681 0.258465 0.602441 0.281021 0.542292 0.265984 0.561089 0.397559 0.482143 0.356207 0.523496 0.532894 0.380642 0.446430 0.579885 0.559209 0.512218 0.499060 0.500940 0.630635 0.455828 0.615598 0.485903 0.867471 0.542292 0.829878 0.286660 0.867471 0.425754 1.000000 0.479817 0.271745 0.060207 0.154263 0.447262 0.647584 0.055323 0.142264
0.613860 0.285135 0.621206 0.274117 0.599168 0.266771 0.602841 0.288808 0.544075 0.274117 0.551421 0.395322 0.492654 0.358593 0.500000 0.523874 0.411850 0.454089 0.562439 0.567949 0.536729 0.505509 0.507346 0.630388 0.448579 0.615696 0.562439 0.836070 0.500000 0.821379 0.334720 0.891164 0.360430 1.000000 0.507747 0.260114 0.142304 0.132021 0.425466 0.599201 0.056413 0.005328
0.615945 0.293777 0.623026 0.283156 0.601784 0.276075 0.605324 0.300857 0.548679 0.279615 0.548679 0.392905 0.495575 0.361043 0.492034 0.506196 0.424768 0.460171 0.559300 0.538058 0.552220 0.502655 0.509736 0.626566 0.446010 0.619486 0.584083 0.803582 0.456631 0.835445 0.368123 0.885009 0.325639 1.000000 0.511797 0.212494 0.179137 0.075955 0.506772 0.595015 0.056644 0.110927
0.610565 0.305236 0.613967 0.291628 0.596957 0.284824 0.593555 0.305236 0.545927 0.288226 0.542525 0.390286 0.498299 0.363070 0.481289 0.502551 0.437063 0.454924 0.539123 0.539973 0.556133 0.488944 0.511907 0.628425 0.447269 0.618219 0.586751 0.784917 0.420053 0.818937 0.423455 0.924398 0.270366 0.989036 0.416984 0.186811 0.182702 0.019934 0.476140 0.598581 0.052212 0.184899
0.611729 0.311246 0.618500 0.301088 0.601572 0.294317 0.598186 0.311246 0.550786 0.294317 0.544014 0.389117 0.503386 0.365417 0.472914 0.490689 0.445828 0.453446 0.530472 0.538089 0.564329 0.490689 0.506771 0.626118 0.445828 0.619347 0.588029 0.788633 0.388271 0.825876 0.466143 0.974848 0.235913 0.988391 0.332065 0.153221 0.197198 0.015563 0.475109 0.587396 0.060719 0.234098
0.612429 0.313182 0.615810 0.299657 0.598903 0.296276 0.598903 0.313182 0.548184 0.296276 0.541421 0.387571 0.507608 0.367283 0.467032 0.485629 0.446744 0.451816 0.527896 0.529586 0.561709 0.485629 0.507608 0.627645 0.443363 0.617501 0.585378 0.796710 0.368974 0.816998 0.514371 1.000000 0.206671 0.979301 0.239652 0.136391 0.181775 0.033609 0.507484 0.607580 0.062833 0.250844
0.611023 0.311007 0.614413 0.297447 0.597463 0.294057 0.597463 0.311007 0.546613 0.294057 0.539833 0.388977 0.505933 0.365247 0.458472 0.470337 0.441522 0.446607 0.522883 0.500848 0.560173 0.473727 0.512713 0.626278 0.441522 0.619498 0.573733 0.802558 0.343212 0.805948 0.573733 1.000000 0.173712 0.951718 0.106075 0.119461 0.142296 0.075476 0.609188 0.641625 0.058600 0.260527
0.610804 0.308454 0.617676 0.298147 0.597061 0.291275 0.603933 0.311890 0.542089 0.294711 0.542089 0.390913 0.504295 0.363427 0.456194 0.463065 0.439015 0.435579 0.514602 0.493987 0.555832 0.469937 0.514602 0.627983 0.439015 0.617676 0.566139 0.810081 0.342812 0.806645 0.593625 1.000000 0.150408 0.933769 0.047587 0.164258 0.124533 0.069890 0.622625 0.643045 0.059401 0.237682
0.612565 0.312968 0.619492 0.299114 0.598711 0.292187 0.605638 0.309505 0.546758 0.292187 0.543294 0.389166 0.501732 0.364922 0.477487 0.475755 0.435924 0.434193 0.536367 0.520781 0.553685 0.472292 0.512122 0.628151 0.442851 0.617761 0.564076 0.815183 0.356263 0.822110 0.584857 1.000000 0.155377 0.901772 0.056490 0.252252 0.127531 0.054748 0.499053 0.642240 0.057644 0.213822
0.615644 0.304905 0.622707 0.294312 0.601520 0.287250 0.608582 0.304905 0.548553 0.290781 0.545022 0.393184 0.502648 0.361403 0.470868 0.484993 0.417901 0.428495 0.530897 0.530897 0.545022 0.474399 0.509711 0.626238 0.442619 0.619175 0.566209 0.809856 0.375528 0.838105 0.555615 1.000000 0.153067 0.869885 0.109258 0.360179 0.142880 0.021825 0.508457 0.676541 0.061069 0.189669
0.612157 0.305950 0.619278 0.291708 0.597915 0.284587 0.601476 0.305950 0.544507 0.284587 0.548067 0.394964 0.498220 0.359358 0.483978 0.498220 0.405646 0.419888 0.540946 0.548067 0.523144 0.469735 0.512462 0.629960 0.441251 0.615718 0.572991 0.807987 0.391403 0.840032 0.508901 1.000000 0.167089 0.850714 0.189073 0.415249 0.152187 0.000001 0.448008 0.687960 0.059277 0.173927
