0.598022 0.296721 0.591487 0.283651 0.590554 0.282718 0.513070 0.294854 0.569082 0.297655 0.480396 0.376072 0.552278 0.376072 0.457057 0.488097 0.528006 0.477828 0.542009 0.512369 0.584019 0.503034 0.450522 0.621594 0.516804 0.626262 0.443987 0.812970 0.598022 0.791499 0.354367 0.995011 0.502801 0.973540 0.134754 0.298824 0.027675 0.190253 0.476794 0.439936 0.041721 0.156283
0.590517 0.304188 0.584975 0.291257 0.582204 0.290333 0.513855 0.302341 0.561884 0.303264 0.483374 0.376232 0.544335 0.375308 0.467673 0.492611 0.499076 0.462131 0.550800 0.535098 0.565579 0.500000 0.453818 0.621921 0.518473 0.626539 0.422414 0.798336 0.584051 0.796489 0.324508 0.974752 0.550800 0.991377 0.105198 0.171014 0.017966 0.149875 0.392288 0.488183 0.035353 0.173298
0.589043 0.313653 0.587207 0.297130 0.585371 0.298966 0.515605 0.302638 0.565175 0.305392 0.481641 0.376993 0.543144 0.374239 0.466953 0.475215 0.504590 0.458692 0.559668 0.491738 0.570683 0.504590 0.455020 0.623007 0.520195 0.625761 0.408204 0.802928 0.562422 0.814862 0.299884 0.955310 0.588125 0.992029 0.115676 0.024072 0.046718 0.098894 0.491109 0.443111 0.031609 0.150960
0.588450 0.312421 0.583807 0.298492 0.583807 0.298492 0.506732 0.305921 0.566163 0.306849 0.487232 0.377424 0.544805 0.374638 0.464945 0.479571 0.493732 0.466570 0.564306 0.470284 0.564306 0.509286 0.454730 0.621648 0.513233 0.626291 0.415729 0.804584 0.557806 0.812013 0.285723 0.935518 0.600522 0.990306 0.182005 0.000140 0.024749 0.114704 0.598040 0.488165 0.040903 0.141838
0.593432 0.311741 0.589714 0.295936 0.588784 0.296866 0.515340 0.301514 0.567402 0.304303 0.487449 0.374959 0.542300 0.376818 0.460489 0.478153 0.499535 0.469786 0.553456 0.499535 0.569261 0.507902 0.456770 0.621323 0.513480 0.626901 0.431669 0.808188 0.562753 0.814695 0.287569 0.903944 0.572980 0.993193 0.270804 0.063459 0.003068 0.118197 0.509384 0.477992 0.037968 0.124180
0.595714 0.309967 0.588280 0.296028 0.591067 0.295098 0.510222 0.299745 0.573411 0.301603 0.482344 0.373156 0.548321 0.378732 0.458183 0.489314 0.509293 0.482809 0.545534 0.518121 0.578987 0.511616 0.453537 0.620339 0.515797 0.627773 0.457254 0.806191 0.570624 0.818271 0.300209 0.879602 0.544604 0.997618 0.367176 0.135060 0.043295 0.130537 0.463878 0.489439 0.039143 0.082835
0.600484 0.302366 0.592864 0.287127 0.594769 0.287127 0.510953 0.294747 0.578577 0.296652 0.480475 0.373800 0.553814 0.378562 0.436662 0.490952 0.518573 0.490952 0.504286 0.504286 0.583340 0.516668 0.451901 0.621438 0.513811 0.626200 0.477617 0.814785 0.563338 0.815738 0.317605 0.869075 0.500476 0.996704 0.437971 0.187777 0.078656 0.132336 0.551946 0.476407 0.043795 0.039267
0.539906 0.286415 0.537898 0.271357 0.544926 0.272360 0.510792 0.276376 0.574039 0.282400 0.464612 0.372753 0.562996 0.378776 0.419435 0.484188 0.544926 0.491216 0.478667 0.526353 0.569020 0.554463 0.451561 0.621726 0.520831 0.626745 0.495733 0.820502 0.521835 0.832549 0.380282 0.910855 0.426463 0.967075 0.358232 0.197858 0.086275 0.055166 0.425679 0.166581 0.035223 0.068052
0.507361 0.315715 0.508377 0.303531 0.512438 0.302516 0.502285 0.304546 0.556098 0.306577 0.461671 0.371559 0.563205 0.379682 0.412934 0.469032 0.544929 0.497462 0.448471 0.527922 0.511423 0.553306 0.454563 0.623364 0.520561 0.625395 0.506346 0.802065 0.528683 0.809172 0.431210 0.958428 0.370290 0.907661 0.232363 0.336987 0.098761 0.068759 0.320410 0.123019 0.031726 0.075719
0.579402 0.297980 0.571071 0.282360 0.575237 0.283401 0.490888 0.288608 0.561699 0.296939 0.474227 0.364626 0.558575 0.387535 0.519004 0.457305 0.593981 0.503124 0.562741 0.403155 0.572113 0.417734 0.459648 0.618713 0.507550 0.629126 0.498178 0.816567 0.503384 0.826980 0.506508 1.000000 0.501302 1.000000 0.047161 0.003278 0.079464 0.059555 0.640473 0.985191 0.041886 0.067921
0.588060 0.302608 0.586081 0.285788 0.588060 0.285788 0.510884 0.290735 0.573218 0.294692 0.465370 0.375826 0.563324 0.375826 0.442613 0.488622 0.592017 0.496537 0.524736 0.502474 0.588060 0.494558 0.455475 0.623185 0.515831 0.625163 0.531662 0.791388 0.482190 0.815135 0.497032 0.984328 0.382257 0.919025 0.191907 0.188031 0.148102 0.004125 0.510180 0.721869 0.036614 0.191165
0.597868 0.296598 0.592757 0.278200 0.597868 0.281267 0.513032 0.282289 0.583558 0.290466 0.464992 0.378368 0.571293 0.374279 0.399577 0.496934 0.578448 0.497956 0.488501 0.536796 0.596846 0.520442 0.449661 0.623676 0.514054 0.623676 0.512010 0.812768 0.527342 0.825034 0.468059 1.000000 0.349493 0.909870 0.173700 0.379299 0.121251 0.092786 0.526339 0.199880 0.046364 0.080408
0.600878 0.296505 0.591933 0.281597 0.595909 0.282591 0.510436 0.292529 0.581000 0.294517 0.470681 0.378996 0.568080 0.374027 0.410055 0.497267 0.545221 0.485340 0.503479 0.520126 0.580007 0.512175 0.449810 0.620507 0.511429 0.626470 0.473662 0.817293 0.541246 0.819281 0.432914 0.997184 0.380239 0.893821 0.109302 0.410823 0.065836 0.119104 0.574394 0.355317 0.049552 0.010440
0.601856 0.304087 0.595239 0.288962 0.594294 0.290852 0.520560 0.298415 0.576333 0.301251 0.477076 0.375929 0.560263 0.376875 0.428866 0.488420 0.530013 0.478967 0.510162 0.512998 0.577278 0.514888 0.448718 0.620762 0.513943 0.626434 0.458171 0.804150 0.565935 0.792807 0.388218 0.966742 0.430757 0.910969 0.145721 0.367758 0.053100 0.154827 0.535429 0.384831 0.047720 0.080018
0.597968 0.304303 0.591261 0.290889 0.591261 0.289931 0.521318 0.299512 0.570183 0.302387 0.486826 0.376162 0.547188 0.376162 0.442752 0.487305 0.514611 0.476765 0.505030 0.531379 0.576890 0.507425 0.453291 0.621442 0.512695 0.626233 0.434129 0.811151 0.576890 0.792947 0.330651 0.979781 0.466705 0.962535 0.143149 0.300400 0.011207 0.160627 0.424134 0.454062 0.043442 0.149041
0.597612 0.301688 0.590962 0.289338 0.591912 0.287438 0.517812 0.298838 0.570062 0.300738 0.486463 0.371988 0.541562 0.379588 0.454163 0.480288 0.491213 0.472688 0.533962 0.517337 0.567212 0.503087 0.455113 0.619937 0.516862 0.628487 0.417113 0.797587 0.575762 0.796637 0.306913 0.969536 0.523512 0.993286 0.114341 0.189912 0.027043 0.138732 0.453901 0.536688 0.035758 0.174324
0.593047 0.307857 0.589326 0.294830 0.583743 0.293900 0.526984 0.303205 0.558620 0.302274 0.492556 0.372060 0.535358 0.379504 0.471155 0.479064 0.477669 0.467899 0.549315 0.500465 0.559550 0.502326 0.457198 0.619566 0.514888 0.628871 0.401370 0.791704 0.560481 0.803800 0.280408 0.948023 0.570716 0.991756 0.109799 0.063842 0.054661 0.107230 0.477762 0.557362 0.035616 0.180987
0.591699 0.303904 0.586997 0.290737 0.583235 0.290737 0.517399 0.300142 0.565365 0.302023 0.490125 0.372561 0.539031 0.379145 0.462850 0.475077 0.481660 0.470374 0.552198 0.497649 0.566306 0.506113 0.457207 0.619915 0.513637 0.628379 0.404538 0.792028 0.550317 0.804254 0.263462 0.934044 0.596402 0.981070 0.154416 0.015711 0.052413 0.097767 0.504004 0.551521 0.037207 0.159973
0.592640 0.304140 0.590759 0.290032 0.580413 0.290973 0.534328 0.298497 0.550317 0.302259 0.499530 0.372797 0.533388 0.379380 0.480720 0.480014 0.486363 0.476252 0.564425 0.501646 0.568187 0.509170 0.460028 0.621090 0.507054 0.626733 0.417706 0.796965 0.557841 0.800727 0.260641 0.902302 0.594521 0.976601 0.236785 0.024953 0.024950 0.124162 0.474783 0.522104 0.042034 0.165570
0.598205 0.299267 0.593403 0.283900 0.585720 0.284861 0.529053 0.294465 0.556906 0.296386 0.492557 0.373221 0.540579 0.378984 0.475269 0.489435 0.489675 0.485593 0.563629 0.509604 0.572273 0.512486 0.454139 0.621016 0.512726 0.626778 0.433970 0.806381 0.569392 0.814065 0.266852 0.888019 0.561708 0.994628 0.320858 0.107059 0.014462 0.129151 0.475573 0.541606 0.042314 0.128021
0.595905 0.294697 0.589158 0.281203 0.586266 0.282166 0.516868 0.291805 0.566025 0.295661 0.486988 0.371806 0.546747 0.380481 0.458072 0.489397 0.497590 0.495181 0.552531 0.512530 0.581447 0.514458 0.453253 0.620483 0.513012 0.627230 0.463855 0.804581 0.574700 0.802654 0.288432 0.874944 0.521687 0.983860 0.396891 0.198229 0.061232 0.150885 0.500301 0.556956 0.043084 0.089322
0.597596 0.292457 0.589847 0.277926 0.589847 0.279863 0.513320 0.286644 0.568535 0.290519 0.481353 0.367046 0.546255 0.384483 0.431949 0.476509 0.514288 0.507507 0.516226 0.505570 0.584035 0.513320 0.460041 0.617939 0.512351 0.630532 0.482321 0.797148 0.554974 0.807804 0.316674 0.876581 0.472634 0.978294 0.397043 0.218321 0.066345 0.118695 0.529252 0.554456 0.035223 0.035736
0.602138 0.293269 0.597227 0.276574 0.593299 0.278538 0.526516 0.285413 0.567764 0.291305 0.477412 0.368891 0.557943 0.383622 0.424379 0.481831 0.539284 0.501473 0.517678 0.505401 0.592317 0.522097 0.454824 0.619324 0.509821 0.628163 0.500000 0.795119 0.516696 0.822617 0.369382 0.891364 0.429289 0.984663 0.377932 0.168705 0.108701 0.073098 0.560973 0.431926 0.045167 0.068819
0.603295 0.295103 0.593619 0.280588 0.598457 0.282523 0.517176 0.290265 0.583943 0.295103 0.481373 0.370578 0.561687 0.383158 0.415574 0.468310 0.559752 0.498307 0.498790 0.499274 0.600392 0.501210 0.458150 0.619261 0.498790 0.627002 0.538464 0.782792 0.495888 0.818595 0.418477 0.946323 0.382674 0.986964 0.346807 0.183608 0.174955 0.075530 0.575229 0.482651 0.055100 0.150138
0.600560 0.300975 0.594042 0.286077 0.592180 0.287939 0.519553 0.292595 0.571696 0.296319 0.476722 0.371739 0.560522 0.381050 0.415269 0.462057 0.566109 0.493715 0.485102 0.514199 0.599629 0.493715 0.468342 0.620346 0.494413 0.626864 0.549349 0.764668 0.440409 0.813086 0.463687 0.933200 0.337055 0.970444 0.312493 0.095139 0.173531 0.006217 0.486024 0.484229 0.047598 0.252651
0.601972 0.299613 0.595332 0.285385 0.593435 0.285385 0.514703 0.292025 0.573515 0.294871 0.471068 0.372654 0.566875 0.380242 0.410360 0.458974 0.574463 0.492174 0.489091 0.508300 0.604818 0.483637 0.465377 0.621180 0.496680 0.625923 0.546006 0.780541 0.429331 0.811844 0.525137 0.968359 0.307913 0.970256 0.184319 0.097535 0.156384 0.022041 0.516951 0.565723 0.048498 0.259722
0.595033 0.298175 0.586393 0.283777 0.589273 0.284737 0.510559 0.293376 0.571994 0.296256 0.471202 0.373050 0.566235 0.379769 0.404967 0.461363 0.585433 0.492081 0.488481 0.492081 0.600792 0.469042 0.464483 0.620711 0.498080 0.626470 0.535517 0.795417 0.417446 0.813656 0.567195 0.977803 0.284976 0.967244 0.068185 0.097072 0.131558 0.043674 0.592642 0.758942 0.047846 0.252396
0.596872 0.299143 0.589024 0.283448 0.590986 0.284429 0.509565 0.291296 0.570386 0.295219 0.465420 0.372717 0.568424 0.379584 0.396751 0.467873 0.591967 0.493378 0.484059 0.493378 0.607663 0.463949 0.460515 0.620906 0.505641 0.626792 0.533108 0.803369 0.421276 0.818084 0.588043 0.987795 0.267261 0.951498 0.028376 0.140560 0.126818 0.053048 0.608506 0.779101 0.043224 0.252743
0.600362 0.304124 0.594544 0.286669 0.596484 0.289578 0.521818 0.294427 0.573211 0.300245 0.469455 0.372002 0.567393 0.380729 0.400607 0.477697 0.579999 0.495152 0.486909 0.501939 0.611029 0.482546 0.457819 0.621211 0.505333 0.626059 0.543151 0.797693 0.439395 0.819026 0.571272 0.982903 0.262912 0.916964 0.095395 0.233924 0.158210 0.025943 0.596607 0.587903 0.047088 0.248168
0.595561 0.295977 0.586005 0.281643 0.589828 0.281643 0.517201 0.290243 0.567849 0.295021 0.471332 0.372426 0.556381 0.379115 0.405394 0.475632 0.546825 0.486144 0.490444 0.491877 0.572627 0.488055 0.471332 0.619929 0.500956 0.628530 0.553514 0.784295 0.463687 0.817741 0.527713 0.975417 0.288810 0.869344 0.190297 0.346760 0.147584 0.007700 0.620890 0.504810 0.035358 0.209489
0.601378 0.290952 0.592668 0.277403 0.590733 0.278371 0.526857 0.288049 0.564602 0.289984 0.478466 0.372249 0.554923 0.379991 0.413623 0.486451 0.526857 0.492258 0.490080 0.513549 0.562666 0.507743 0.467820 0.620009 0.498790 0.627751 0.552988 0.789376 0.504597 0.822282 0.487176 0.975196 0.315874 0.852284 0.256657 0.459316 0.161979 0.080419 0.555955 0.448061 0.042640 0.138811
0.602138 0.292853 0.596398 0.279458 0.593527 0.280414 0.528465 0.288069 0.571521 0.293810 0.486366 0.371310 0.546644 0.380878 0.428001 0.482299 0.507415 0.490910 0.513156 0.517701 0.569607 0.520571 0.472014 0.621992 0.494977 0.625819 0.516026 0.810482 0.524638 0.813352 0.437569 0.985576 0.352414 0.850667 0.207110 0.482014 0.091222 0.116105 0.528689 0.467359 0.042152 0.023087
0.601683 0.308167 0.598859 0.293103 0.592268 0.293103 0.539544 0.297810 0.563081 0.299693 0.500000 0.371248 0.537660 0.381605 0.481170 0.482347 0.496234 0.488937 0.564023 0.509651 0.566847 0.527539 0.462339 0.618866 0.500000 0.628281 0.477404 0.812818 0.567789 0.806227 0.407732 0.970050 0.405849 0.869308 0.157445 0.497621 0.072718 0.164083 0.452113 0.458005 0.048134 0.091185
0.598849 0.307601 0.597006 0.291011 0.589633 0.292854 0.540784 0.296541 0.558296 0.301149 0.504839 0.372118 0.530646 0.380413 0.491014 0.471659 0.473502 0.474424 0.564747 0.486405 0.552766 0.515899 0.459677 0.620048 0.504839 0.627421 0.444930 0.799774 0.581338 0.785027 0.343546 0.969361 0.446773 0.909453 0.145452 0.406293 0.031294 0.176975 0.481096 0.520400 0.045333 0.169898
0.593643 0.307998 0.590050 0.293626 0.585559 0.294524 0.531663 0.299015 0.560408 0.303507 0.508309 0.371774 0.527172 0.380757 0.486751 0.464294 0.459803 0.469684 0.563102 0.477768 0.547832 0.511902 0.459803 0.619693 0.504716 0.627777 0.418483 0.789463 0.586457 0.775091 0.309794 0.947556 0.490344 0.939471 0.115719 0.329665 0.014494 0.190108 0.517269 0.564026 0.045329 0.237244
0.596844 0.303564 0.591350 0.288911 0.590434 0.289827 0.525413 0.296238 0.570287 0.301732 0.516255 0.372248 0.526329 0.381406 0.505266 0.463826 0.448487 0.471153 0.574866 0.472984 0.545560 0.508700 0.455813 0.619510 0.501603 0.626836 0.398119 0.790762 0.581276 0.786183 0.283646 0.948277 0.548308 0.976667 0.096605 0.202135 0.027124 0.179544 0.496372 0.609947 0.054485 0.251020
0.593075 0.296655 0.591241 0.281066 0.582988 0.282900 0.536221 0.289319 0.548142 0.295738 0.515130 0.374600 0.516047 0.377351 0.504126 0.457130 0.443605 0.468134 0.568316 0.470885 0.540806 0.498395 0.465613 0.621273 0.503209 0.626775 0.393170 0.789084 0.560063 0.796420 0.252869 0.934887 0.591241 0.985322 0.114160 0.050865 0.066659 0.119301 0.474999 0.618315 0.039801 0.232652
0.591998 0.298024 0.591064 0.282146 0.580790 0.284948 0.544365 0.289618 0.542497 0.296156 0.525685 0.373678 0.506071 0.378348 0.512609 0.457737 0.439757 0.473615 0.579856 0.471747 0.542497 0.502568 0.474315 0.622119 0.493929 0.625855 0.398662 0.794908 0.554639 0.795842 0.238949 0.917261 0.603206 0.986376 0.160552 0.029742 0.066463 0.124791 0.483742 0.606123 0.040542 0.240552
0.592915 0.301885 0.590235 0.286697 0.582194 0.288484 0.529483 0.294738 0.546458 0.299205 0.518762 0.370678 0.513401 0.381399 0.516081 0.463593 0.447289 0.476995 0.583088 0.480568 0.538417 0.512731 0.470517 0.620834 0.497320 0.627088 0.426740 0.789690 0.563432 0.789690 0.255204 0.857589 0.579514 0.963905 0.299279 0.093625 0.020103 0.143729 0.430203 0.573635 0.041065 0.203671
0.595433 0.293076 0.591762 0.278394 0.583504 0.281147 0.528446 0.289405 0.548634 0.297664 0.511011 0.365568 0.514682 0.385756 0.515600 0.446319 0.455954 0.487612 0.580751 0.456413 0.555057 0.513306 0.470636 0.619750 0.503671 0.628926 0.453201 0.795016 0.576163 0.793181 0.274264 0.831721 0.538540 0.965694 0.404039 0.200648 0.018583 0.146703 0.433007 0.585735 0.032772 0.163860
0.601567 0.292907 0.596908 0.277998 0.589453 0.279861 0.532613 0.290111 0.554045 0.296634 0.513045 0.366519 0.515841 0.385155 0.499068 0.470881 0.466455 0.501631 0.562431 0.507221 0.563363 0.527721 0.475773 0.619038 0.495341 0.629288 0.481364 0.801671 0.567090 0.803535 0.307117 0.829625 0.487887 0.969396 0.459107 0.266144 0.056387 0.151000 0.376626 0.543936 0.036861 0.114593
0.606065 0.290691 0.599480 0.276581 0.595717 0.278462 0.526105 0.285988 0.564674 0.295395 0.503528 0.363126 0.525164 0.388526 0.492239 0.476012 0.490358 0.517403 0.566555 0.505174 0.583488 0.520225 0.474366 0.617119 0.496943 0.631229 0.506350 0.796795 0.533630 0.815609 0.350192 0.852297 0.437678 0.977412 0.447373 0.232903 0.092463 0.099368 0.412696 0.574321 0.036612 0.006446
0.608537 0.285973 0.601974 0.271907 0.594472 0.274720 0.530709 0.285035 0.563528 0.293474 0.496015 0.364738 0.535398 0.387243 0.470697 0.482887 0.510080 0.517582 0.566341 0.503516 0.596348 0.504454 0.472573 0.616977 0.496015 0.631042 0.524145 0.780134 0.530709 0.801701 0.385368 0.880467 0.401308 0.977049 0.398197 0.266209 0.126950 0.114820 0.499574 0.609139 0.040102 0.033610
0.599514 0.290931 0.591482 0.276651 0.586127 0.278436 0.535254 0.287361 0.553104 0.293609 0.493306 0.363224 0.533469 0.388214 0.424583 0.449797 0.515619 0.497992 0.511156 0.486389 0.588804 0.486389 0.495091 0.618480 0.478134 0.630082 0.574524 0.757710 0.426369 0.815723 0.451359 0.902296 0.328193 0.962093 0.389619 0.101500 0.162804 0.014969 0.586279 0.601356 0.034157 0.251590
0.596384 0.290870 0.590107 0.277421 0.585625 0.278318 0.518380 0.288180 0.561417 0.291767 0.482516 0.368873 0.549761 0.383219 0.421548 0.454050 0.523760 0.497086 0.509414 0.469292 0.588314 0.477361 0.452032 0.620816 0.515690 0.627092 0.410789 0.802824 0.589211 0.767857 0.301405 0.960624 0.522863 0.942692 0.122007 0.268660 0.032603 0.197394 0.643075 0.665853 0.041212 0.224141
0.593674 0.288955 0.586520 0.274647 0.581154 0.275541 0.522133 0.288955 0.553432 0.294320 0.487257 0.366755 0.539124 0.384640 0.418399 0.454393 0.523027 0.491952 0.503353 0.469595 0.580260 0.474066 0.496199 0.620725 0.477420 0.627879 0.567740 0.783480 0.396937 0.800471 0.588308 0.971275 0.270846 0.954284 0.097100 0.079684 0.120621 0.059813 0.655620 0.643804 0.033652 0.270717
0.582855 0.293952 0.579367 0.280870 0.571517 0.283486 0.527037 0.290464 0.540119 0.297441 0.486045 0.369830 0.544480 0.382040 0.424122 0.457918 0.506105 0.493677 0.518315 0.482339 0.561051 0.484955 0.491278 0.622756 0.478196 0.625373 0.565412 0.790211 0.396213 0.798061 0.619486 0.966387 0.247074 0.930629 0.037869 0.127614 0.126078 0.056434 0.614287 0.655499 0.038964 0.273752
0.585637 0.294951 0.580407 0.281876 0.576921 0.282748 0.517650 0.291464 0.547286 0.294951 0.481042 0.371654 0.542927 0.379498 0.426130 0.464917 0.505448 0.491066 0.519394 0.486708 0.558617 0.488451 0.490630 0.623553 0.485400 0.625296 0.565590 0.791776 0.414799 0.803107 0.616144 0.973073 0.243961 0.905958 0.046870 0.207191 0.121321 0.047130 0.596322 0.618804 0.030566 0.253742
0.586256 0.291422 0.578434 0.277516 0.578434 0.279255 0.509777 0.289683 0.550624 0.294029 0.478490 0.371377 0.538457 0.379198 0.420262 0.467844 0.495872 0.489571 0.519337 0.485226 0.554100 0.489571 0.496741 0.623409 0.486312 0.626016 0.571482 0.789402 0.438513 0.811129 0.573220 0.978861 0.256876 0.869357 0.131748 0.320817 0.111658 0.014161 0.617582 0.617211 0.021594 0.215104
0.592093 0.295136 0.584418 0.282346 0.576744 0.284051 0.528139 0.293431 0.540930 0.301105 0.492326 0.367617 0.524729 0.382966 0.438605 0.476764 0.488062 0.497229 0.507674 0.504050 0.557984 0.500640 0.500000 0.620019 0.482946 0.629399 0.577597 0.780328 0.478682 0.815289 0.529845 0.964514 0.303877 0.853661 0.224241 0.423919 0.133819 0.046162 0.525826 0.583325 0.021731 0.150794
