0.566514 0.294725 0.566514 0.276376 0.552752 0.280963 0.516055 0.285550 0.506881 0.290138 0.479358 0.381881 0.520642 0.368119 0.525229 0.496560 0.548165 0.459862 0.603211 0.464450 0.603211 0.459862 0.465596 0.625000 0.534404 0.625000 0.415138 0.826835 0.603211 0.817661 0.268349 0.987385 0.603211 1.000000 0.157778 0.109188 0.059981 0.092152 0.503215 0.407226 0.000006 0.187167
0.575458 0.285416 0.570742 0.271267 0.556594 0.271267 0.523581 0.280699 0.504716 0.280699 0.466987 0.379738 0.528297 0.370306 0.528297 0.488210 0.570742 0.464629 0.608471 0.478777 0.617904 0.474061 0.466987 0.624978 0.537729 0.624978 0.443406 0.837204 0.603755 0.827772 0.273625 0.988121 0.584891 1.000000 0.233479 0.128411 0.035223 0.088407 0.373522 0.302568 0.006005 0.135414
0.565273 0.298554 0.565273 0.280548 0.547267 0.285049 0.524759 0.289551 0.502251 0.294053 0.479743 0.379583 0.529260 0.370580 0.529260 0.474116 0.515756 0.402091 0.601286 0.487621 0.475241 0.370580 0.461737 0.622668 0.529260 0.627170 0.457235 0.829741 0.583279 0.816236 0.290676 0.951284 0.547267 1.000000 0.292418 0.145835 0.016617 0.088586 0.287413 0.581536 0.011466 0.095504
0.573836 0.295531 0.569292 0.281899 0.555661 0.281899 0.505680 0.290987 0.510223 0.295531 0.469330 0.381862 0.537486 0.368231 0.478417 0.495456 0.546574 0.486369 0.569292 0.513631 0.587467 0.527263 0.464786 0.622682 0.528399 0.627225 0.478417 0.840782 0.573836 0.827151 0.305754 0.940745 0.514767 1.000000 0.352821 0.168871 0.025874 0.082299 0.411756 0.225563 0.008679 0.051266
0.565947 0.291747 0.561319 0.273236 0.547435 0.277863 0.505785 0.287119 0.505785 0.282491 0.478018 0.379676 0.528924 0.370420 0.445623 0.513884 0.519668 0.490744 0.561319 0.518511 0.593714 0.513884 0.478018 0.624952 0.515041 0.624952 0.519668 0.828577 0.538180 0.828577 0.385461 0.962784 0.413228 0.972040 0.314223 0.264099 0.064223 0.053362 0.562666 0.428026 0.008839 0.028206
0.553964 0.286541 0.558761 0.267353 0.534777 0.272150 0.534777 0.281744 0.491606 0.286541 0.510793 0.372884 0.505996 0.377681 0.515590 0.502398 0.501199 0.497602 0.592339 0.511992 0.592339 0.507195 0.486809 0.622319 0.496402 0.627116 0.520387 0.833380 0.529980 0.838177 0.342904 0.938911 0.438840 1.000000 0.379467 0.201225 0.080732 0.062456 0.448633 0.479342 0.021393 0.000000
0.561626 0.292605 0.561626 0.278384 0.542664 0.278384 0.514221 0.287865 0.509481 0.292605 0.495260 0.377933 0.528443 0.373193 0.447855 0.501185 0.533183 0.472742 0.590069 0.505926 0.613771 0.501185 0.476298 0.624437 0.500000 0.624437 0.523702 0.828277 0.533183 0.837757 0.390970 0.965750 0.409931 0.998933 0.317149 0.256929 0.097170 0.085004 0.606269 0.376854 0.030224 0.023612
0.552633 0.284572 0.557529 0.269884 0.533049 0.274780 0.542841 0.279676 0.484088 0.289468 0.552633 0.367806 0.459607 0.382494 0.542841 0.460831 0.366582 0.475520 0.616282 0.475520 0.440023 0.524480 0.518360 0.622402 0.469399 0.627298 0.533049 0.832934 0.533049 0.832934 0.395958 1.000000 0.386166 1.000000 0.232588 0.308271 0.064765 0.082822 0.470550 0.562833 0.015591 0.073376
0.539692 0.291034 0.549031 0.272355 0.521013 0.277025 0.549031 0.281695 0.478987 0.291034 0.553701 0.365748 0.455638 0.384427 0.563040 0.454471 0.362246 0.459141 0.614406 0.463810 0.432290 0.515176 0.521013 0.622578 0.469647 0.627248 0.563040 0.790685 0.469647 0.832712 0.469647 0.958792 0.348237 1.000000 0.239394 0.191002 0.118275 0.018344 0.409368 0.570447 0.011894 0.077979
0.538900 0.287821 0.548330 0.273676 0.515324 0.278391 0.553045 0.283106 0.472888 0.287821 0.562475 0.367977 0.444598 0.382123 0.576620 0.457564 0.350296 0.452849 0.609626 0.452849 0.421022 0.514145 0.524754 0.622592 0.468173 0.627308 0.515324 0.811196 0.505894 0.811196 0.435167 0.985655 0.397447 1.000000 0.121191 0.227131 0.030914 0.033888 0.495319 0.567865 0.009006 0.080303
0.541257 0.297155 0.545841 0.278819 0.518336 0.283403 0.550425 0.287987 0.472496 0.292571 0.559593 0.370500 0.449575 0.379668 0.596265 0.466765 0.353310 0.439261 0.610018 0.439261 0.422071 0.517190 0.522920 0.622624 0.467912 0.627208 0.555009 0.787650 0.449575 0.819739 0.545841 0.984765 0.321221 0.998518 0.075925 0.167978 0.107108 0.053759 0.736558 0.553690 0.011676 0.091355
0.540172 0.294676 0.544636 0.281285 0.517854 0.285748 0.540172 0.290212 0.473219 0.294676 0.558026 0.370556 0.446437 0.379483 0.598199 0.468755 0.348238 0.437510 0.598199 0.433046 0.415192 0.517854 0.526781 0.624980 0.468755 0.624980 0.526781 0.790132 0.459828 0.803523 0.540172 0.973139 0.334848 0.977602 0.023249 0.182300 0.038896 0.044760 0.876394 0.551257 0.005683 0.015902
0.533877 0.293233 0.543222 0.274543 0.515186 0.279215 0.547895 0.283888 0.468459 0.293233 0.561913 0.372669 0.440423 0.377342 0.603967 0.475468 0.346969 0.442760 0.603967 0.447432 0.417060 0.526868 0.538550 0.620322 0.459114 0.629667 0.538550 0.802557 0.459114 0.821248 0.575931 0.994137 0.309588 0.994137 0.061339 0.226974 0.029941 0.023535 0.876394 0.526742 0.002974 0.000001
0.539270 0.289372 0.544030 0.275092 0.520230 0.279852 0.534510 0.284612 0.467870 0.289372 0.553550 0.365531 0.439310 0.384571 0.596389 0.465490 0.344111 0.455970 0.577349 0.455970 0.415511 0.532130 0.529750 0.622569 0.477390 0.627329 0.524990 0.812968 0.463110 0.832007 0.563070 1.000000 0.306032 0.998606 0.069295 0.218469 0.021433 0.071699 0.776465 0.534903 0.009092 0.014215
0.532705 0.290924 0.537377 0.272236 0.514016 0.276908 0.528032 0.286252 0.467295 0.290924 0.556065 0.365678 0.439263 0.384366 0.565409 0.463791 0.350493 0.468463 0.518688 0.547889 0.425247 0.538545 0.528032 0.622642 0.476640 0.627314 0.471968 0.828214 0.542049 0.804853 0.313117 0.963704 0.560737 1.000000 0.190459 0.082835 0.050163 0.063771 0.191639 0.518865 0.005949 0.197111
0.529323 0.280715 0.539522 0.260316 0.503825 0.265416 0.539522 0.270516 0.457928 0.280715 0.559921 0.362309 0.432430 0.387808 0.585419 0.469402 0.340636 0.489801 0.549722 0.545897 0.427330 0.556096 0.534423 0.622392 0.473227 0.627491 0.498725 0.856976 0.534423 0.826378 0.320237 0.989567 0.539522 1.000000 0.248558 0.087253 0.016962 0.041349 0.213385 0.525455 0.009741 0.143085
0.540371 0.286790 0.540371 0.271651 0.530278 0.271651 0.484861 0.281744 0.510093 0.276697 0.454583 0.382671 0.555510 0.367532 0.368794 0.498738 0.595881 0.493692 0.459629 0.549202 0.535325 0.539110 0.469722 0.624898 0.520186 0.624898 0.540371 0.836846 0.535325 0.851986 0.520186 1.000000 0.368794 0.978145 0.133373 0.314819 0.082548 0.064607 0.541192 0.393749 0.012854 0.081227
0.557242 0.289245 0.552038 0.268430 0.546834 0.273634 0.484389 0.278838 0.520815 0.273634 0.463573 0.377710 0.546834 0.372506 0.390720 0.513010 0.572853 0.518213 0.494796 0.544232 0.588465 0.507806 0.468777 0.622290 0.520815 0.627494 0.536427 0.851258 0.567650 0.861665 0.500000 1.000000 0.406331 0.976149 0.146590 0.366375 0.084673 0.095201 0.564453 0.630919 0.013255 0.028612
0.558824 0.291667 0.558824 0.272059 0.544118 0.276961 0.514706 0.281863 0.509804 0.281863 0.480392 0.379902 0.519608 0.370098 0.436274 0.512255 0.534314 0.482843 0.573529 0.482843 0.593137 0.477941 0.490196 0.625000 0.509804 0.625000 0.553922 0.816176 0.573529 0.821078 0.465686 0.963235 0.455882 0.963235 0.274437 0.320082 0.089691 0.112260 0.669609 0.485179 0.000006 0.002392
0.563107 0.285194 0.558252 0.270631 0.548544 0.270631 0.504854 0.275485 0.519417 0.275485 0.470874 0.377427 0.529126 0.372573 0.480583 0.503641 0.543689 0.498786 0.577670 0.484223 0.592233 0.484223 0.470874 0.625000 0.529126 0.625000 0.519417 0.824029 0.611650 0.799757 0.461165 1.000000 0.500000 0.950243 0.173514 0.343615 0.076150 0.140432 0.538396 0.556207 0.000006 0.064282
0.567961 0.287621 0.563107 0.273058 0.553398 0.273058 0.504854 0.277913 0.519417 0.282767 0.466019 0.379854 0.533981 0.370146 0.529126 0.491505 0.582524 0.481796 0.592233 0.467233 0.601942 0.462379 0.466019 0.627427 0.533981 0.622573 0.495146 0.831311 0.621359 0.787621 0.402913 1.000000 0.548544 0.967233 0.196173 0.277584 0.045167 0.154985 0.453120 0.619452 0.000006 0.109818
0.563725 0.289216 0.563725 0.274510 0.549020 0.274510 0.504902 0.284314 0.509804 0.284314 0.470588 0.377451 0.529412 0.372549 0.509804 0.504902 0.549020 0.490196 0.583333 0.470588 0.593137 0.465686 0.465686 0.627451 0.534314 0.622549 0.465686 0.833333 0.622549 0.789216 0.362745 1.000000 0.583333 0.990196 0.157226 0.216323 0.006242 0.148744 0.543968 0.608846 0.000006 0.154985
0.561869 0.288408 0.561869 0.268610 0.547020 0.273559 0.497525 0.283458 0.507424 0.283458 0.477727 0.377499 0.517323 0.372550 0.512374 0.516086 0.537121 0.511136 0.581667 0.461641 0.586617 0.461641 0.467828 0.624976 0.537121 0.624976 0.443080 0.837805 0.626213 0.798209 0.329241 1.000000 0.616314 1.000000 0.129258 0.166347 0.024122 0.126286 0.634005 0.704833 0.006302 0.188048
0.566834 0.276800 0.561790 0.256623 0.546658 0.256623 0.496217 0.266711 0.501261 0.271756 0.465952 0.377681 0.521437 0.372637 0.526481 0.493695 0.546658 0.473519 0.587010 0.448298 0.597098 0.438210 0.465952 0.624841 0.546658 0.624841 0.425600 0.836692 0.627363 0.801384 0.309586 1.000000 0.637451 1.000000 0.117120 0.120969 0.059913 0.104759 0.551762 0.616421 0.016063 0.196397
0.556831 0.276384 0.551889 0.261559 0.537063 0.261559 0.502471 0.271443 0.487646 0.281326 0.487646 0.375220 0.497529 0.375220 0.512354 0.474056 0.507413 0.439463 0.576598 0.444405 0.571656 0.424638 0.482704 0.622309 0.532122 0.627251 0.428344 0.824922 0.606248 0.815039 0.304800 0.992943 0.630957 1.000000 0.118380 0.079085 0.077070 0.076254 0.559661 0.523602 0.018887 0.203107
0.556467 0.281341 0.551661 0.262118 0.537244 0.266924 0.493993 0.276535 0.489187 0.286147 0.489187 0.372649 0.503604 0.377455 0.527633 0.449540 0.493993 0.430317 0.585301 0.435123 0.527633 0.401483 0.474770 0.622545 0.532438 0.627351 0.431519 0.814773 0.599718 0.805162 0.301765 0.973361 0.623747 0.992584 0.147828 0.074554 0.052103 0.078576 0.430396 0.782812 0.009179 0.185589
0.545790 0.271051 0.545790 0.251250 0.525989 0.256200 0.501238 0.266101 0.471536 0.271051 0.516088 0.365106 0.481437 0.384907 0.535889 0.483912 0.530939 0.518563 0.580442 0.434409 0.575491 0.444310 0.516088 0.622519 0.486387 0.627469 0.555690 0.815579 0.476486 0.820529 0.555690 0.993788 0.308178 0.988837 0.064401 0.233691 0.064401 0.022804 0.714169 0.715073 0.003152 0.080710
0.550932 0.278080 0.546082 0.263528 0.526679 0.268378 0.492724 0.278080 0.478172 0.287781 0.502425 0.370243 0.507276 0.379945 0.531530 0.491511 0.546082 0.515765 0.580037 0.457556 0.580037 0.467258 0.478172 0.622481 0.512127 0.627331 0.473321 0.821360 0.575186 0.816509 0.303546 0.957180 0.555783 1.000000 0.277461 0.134142 0.022751 0.096176 0.619424 0.717014 0.012356 0.110178
0.552182 0.280350 0.552182 0.265788 0.537620 0.265788 0.503641 0.280350 0.489078 0.285204 0.474516 0.377433 0.527911 0.372579 0.489078 0.513349 0.571599 0.493932 0.571599 0.537620 0.581307 0.527911 0.469662 0.624994 0.527911 0.624994 0.484224 0.824014 0.581307 0.814306 0.324037 0.950222 0.547328 1.000000 0.310839 0.142652 0.029490 0.087506 0.374972 0.021408 0.003090 0.064257
0.533074 0.274607 0.533074 0.259908 0.513475 0.264808 0.518374 0.274607 0.464476 0.279507 0.533074 0.367704 0.459576 0.382404 0.557573 0.490200 0.464476 0.514700 0.557573 0.558798 0.528174 0.568598 0.537974 0.622496 0.469376 0.627396 0.552673 0.818490 0.488975 0.828289 0.503675 1.000000 0.322381 0.936086 0.101808 0.348150 0.017708 0.018231 0.062833 0.264681 0.009359 0.007128
0.570782 0.272210 0.560487 0.256766 0.560487 0.256766 0.478122 0.282505 0.534748 0.272210 0.478122 0.375166 0.534748 0.375166 0.431792 0.509009 0.581078 0.509009 0.545043 0.534748 0.606817 0.529600 0.472974 0.622260 0.514156 0.627408 0.529600 0.838468 0.555339 0.848764 0.375166 0.972311 0.483270 1.000000 0.354233 0.176609 0.088166 0.084478 0.534940 0.179148 0.016393 0.022984
0.569008 0.277049 0.563700 0.261124 0.563700 0.261124 0.484075 0.277049 0.547775 0.271741 0.478767 0.372600 0.537158 0.377908 0.415066 0.500000 0.553083 0.521233 0.537158 0.515925 0.611475 0.515925 0.473458 0.622092 0.510617 0.627400 0.547775 0.823809 0.547775 0.845043 0.420375 0.988368 0.441608 1.000000 0.322065 0.208041 0.119132 0.087562 0.606298 0.493635 0.020290 0.058534
0.566784 0.293228 0.561646 0.277816 0.556509 0.277816 0.489726 0.288091 0.530823 0.282953 0.474314 0.380560 0.546235 0.370286 0.392119 0.488441 0.551372 0.473030 0.469177 0.539813 0.618156 0.493578 0.469177 0.622008 0.510274 0.627146 0.535960 0.822359 0.546235 0.832633 0.469177 1.000000 0.412668 1.000000 0.212723 0.246148 0.109188 0.099421 0.520077 0.389083 0.026193 0.047270
0.565443 0.289827 0.560409 0.274724 0.555375 0.279758 0.489932 0.289827 0.530205 0.284792 0.464761 0.380440 0.555375 0.370372 0.374148 0.471054 0.600682 0.476088 0.449659 0.526429 0.630886 0.471054 0.474830 0.622077 0.505034 0.627111 0.580546 0.793236 0.489932 0.843577 0.515102 0.989566 0.369114 1.000000 0.278535 0.157137 0.162864 0.039460 0.548590 0.423687 0.025666 0.198291
0.552296 0.294383 0.547541 0.275366 0.542787 0.280121 0.490492 0.289629 0.514262 0.289629 0.466721 0.379958 0.547541 0.370449 0.371638 0.456024 0.599837 0.465532 0.442950 0.517828 0.609345 0.451270 0.471475 0.627173 0.514262 0.622419 0.466721 0.822094 0.576066 0.769798 0.347867 1.000000 0.542787 0.945701 0.173687 0.185912 0.013883 0.168193 0.557921 0.652773 0.018169 0.134156
0.547136 0.290244 0.547136 0.276103 0.532995 0.280816 0.504714 0.290244 0.500000 0.290244 0.457577 0.379803 0.551850 0.370375 0.368018 0.441080 0.613127 0.459934 0.448150 0.511784 0.589559 0.445793 0.485859 0.620197 0.504714 0.629625 0.575418 0.766320 0.443436 0.827597 0.580132 0.950151 0.339737 0.997288 0.166864 0.079061 0.137747 0.038298 0.578867 0.863023 0.012006 0.270571
0.539284 0.296438 0.534522 0.282153 0.524999 0.286914 0.482144 0.296438 0.496429 0.291676 0.444050 0.377387 0.558331 0.372625 0.363101 0.444050 0.610709 0.472620 0.429765 0.520237 0.548807 0.439288 0.486905 0.624994 0.510714 0.624994 0.572616 0.782130 0.444050 0.820224 0.605948 0.972598 0.329770 1.000000 0.103801 0.074569 0.104395 0.045379 0.509519 0.810815 0.003031 0.263687
0.535537 0.301480 0.530636 0.286775 0.525734 0.286775 0.462012 0.296578 0.506127 0.291677 0.432601 0.379908 0.564948 0.370104 0.354174 0.443630 0.609063 0.482844 0.417896 0.526959 0.520832 0.482844 0.481619 0.624994 0.520832 0.624994 0.569850 0.796554 0.442405 0.830866 0.618867 0.997525 0.314960 1.000000 0.075051 0.079119 0.088368 0.061306 0.490619 0.618726 0.003119 0.267059
0.512010 0.298226 0.516814 0.283814 0.492794 0.288618 0.521619 0.288618 0.449557 0.298226 0.555248 0.370288 0.435144 0.379896 0.598485 0.461567 0.343865 0.437546 0.560052 0.543237 0.401515 0.519217 0.536031 0.624908 0.473577 0.624908 0.502402 0.802661 0.516814 0.797857 0.420732 0.975610 0.487990 0.990022 0.080914 0.125372 0.035540 0.028452 0.280818 0.516344 0.012237 0.137497
0.516249 0.297510 0.521249 0.282511 0.501250 0.282511 0.501250 0.287511 0.476251 0.292510 0.451252 0.377506 0.546248 0.372506 0.351257 0.447503 0.596245 0.467502 0.416254 0.532498 0.556247 0.542498 0.481251 0.622494 0.521249 0.627494 0.561247 0.807485 0.476251 0.832483 0.596245 1.000000 0.331258 0.992475 0.074772 0.165576 0.091134 0.037675 0.513407 0.310172 0.003182 0.198700
0.526514 0.296728 0.521464 0.281577 0.516413 0.286627 0.476011 0.291677 0.501263 0.291677 0.440660 0.382582 0.556815 0.367431 0.349755 0.463386 0.592167 0.488637 0.420459 0.549240 0.551765 0.549240 0.476011 0.624994 0.526514 0.624994 0.556815 0.816903 0.491162 0.837104 0.582067 1.000000 0.329554 0.978511 0.089137 0.218621 0.080758 0.015291 0.487994 0.277502 0.003215 0.179422
0.528941 0.290836 0.523679 0.275050 0.523679 0.275050 0.460535 0.290836 0.523679 0.280312 0.444749 0.385552 0.560513 0.364504 0.355295 0.485530 0.586823 0.517101 0.434225 0.564459 0.539465 0.564459 0.465797 0.627603 0.528941 0.622341 0.528941 0.843345 0.544727 0.838083 0.360557 0.985419 0.534203 1.000000 0.367544 0.039987 0.063023 0.062033 0.482334 0.304347 0.006700 0.067383
0.550520 0.287282 0.539885 0.271328 0.545203 0.271328 0.460115 0.287282 0.529249 0.276646 0.444162 0.388323 0.550520 0.361733 0.369710 0.515954 0.603700 0.478728 0.449480 0.563815 0.577110 0.489364 0.470751 0.627631 0.534567 0.622313 0.534567 0.845666 0.561156 0.850984 0.518613 1.000000 0.406936 0.967979 0.115710 0.330266 0.055409 0.056311 0.496070 0.514681 0.006771 0.053785
0.550269 0.282622 0.539400 0.266318 0.539400 0.266318 0.468752 0.277187 0.528531 0.271753 0.452448 0.385876 0.544834 0.364138 0.392669 0.527172 0.582876 0.478262 0.490490 0.559779 0.604613 0.478262 0.468752 0.624993 0.533965 0.624993 0.528531 0.847806 0.582876 0.858674 0.474186 1.000000 0.447014 0.983667 0.177093 0.328930 0.061766 0.078930 0.524984 0.397584 0.003459 0.017761
0.559837 0.279268 0.554518 0.263311 0.549199 0.263311 0.485373 0.279268 0.527924 0.273949 0.464098 0.380326 0.533243 0.369688 0.421547 0.523935 0.527924 0.492022 0.543881 0.513297 0.597069 0.486703 0.474735 0.624993 0.527924 0.624993 0.538562 0.843066 0.597069 0.837747 0.469417 1.000000 0.469417 0.986675 0.210085 0.325586 0.076802 0.106654 0.619301 0.538268 0.003386 0.009391
0.569007 0.291678 0.563799 0.276054 0.558591 0.276054 0.485678 0.286470 0.537758 0.281262 0.464846 0.380215 0.537758 0.369799 0.470054 0.510416 0.542966 0.489584 0.579423 0.494792 0.605463 0.489584 0.464846 0.624993 0.532550 0.624993 0.506510 0.848939 0.631503 0.817691 0.423181 1.000000 0.527342 0.984349 0.185405 0.328814 0.058551 0.157501 0.532442 0.486169 0.003316 0.092455
0.567694 0.278694 0.562486 0.268279 0.562486 0.263072 0.473964 0.278694 0.541658 0.273487 0.458342 0.377631 0.536450 0.372424 0.515622 0.486982 0.593730 0.481775 0.583315 0.450532 0.598937 0.445324 0.463550 0.627576 0.541658 0.622369 0.468757 0.846279 0.630180 0.799414 0.380234 1.000000 0.567694 0.976459 0.138423 0.255584 0.000940 0.140953 0.503638 0.801244 0.006630 0.140006
0.557962 0.287473 0.552810 0.272016 0.547658 0.272016 0.475527 0.282321 0.527049 0.282321 0.460071 0.380212 0.532201 0.369908 0.506440 0.483255 0.537353 0.483255 0.583723 0.457495 0.594027 0.462647 0.465223 0.627516 0.542505 0.622364 0.444614 0.843908 0.630092 0.792386 0.341571 1.000000 0.599179 0.988169 0.120607 0.201266 0.036854 0.138433 0.467818 0.596559 0.009841 0.181643
0.554070 0.295037 0.549040 0.279948 0.544010 0.279948 0.493713 0.290007 0.508802 0.290007 0.453475 0.375513 0.523891 0.375513 0.508802 0.471079 0.549040 0.476109 0.584249 0.445930 0.589278 0.440900 0.473594 0.621972 0.549040 0.627002 0.433356 0.828192 0.624487 0.803043 0.332760 1.000000 0.629516 1.000000 0.092876 0.121119 0.087266 0.097156 0.435369 0.650832 0.028858 0.190220
0.549752 0.296017 0.544777 0.281092 0.534826 0.281092 0.495025 0.286067 0.500000 0.291042 0.470149 0.375620 0.504975 0.375620 0.524876 0.475124 0.529851 0.475124 0.579603 0.450248 0.574628 0.445273 0.480099 0.624380 0.544777 0.624380 0.435323 0.823387 0.619404 0.803486 0.315918 1.000000 0.639305 1.000000 0.112717 0.096141 0.083172 0.075164 0.475740 0.609188 0.031726 0.196112
