0.407440 0.301893 0.411218 0.285837 0.408384 0.287726 0.431052 0.295282 0.481110 0.295282 0.446164 0.373674 0.521723 0.378397 0.475443 0.466234 0.532113 0.485124 0.414996 0.504014 0.436719 0.491736 0.482055 0.624909 0.550058 0.623020 0.405551 0.795862 0.559503 0.820419 0.497167 0.971537 0.649230 1.000000 0.286953 0.130380 0.179107 0.021488 0.419712 0.508863 0.041000 0.149158
0.410703 0.303547 0.418125 0.288703 0.409776 0.289631 0.440392 0.301692 0.472863 0.297053 0.453380 0.375912 0.516468 0.375912 0.489563 0.466833 0.530384 0.497449 0.422764 0.498376 0.443175 0.567030 0.483068 0.626407 0.547084 0.621768 0.416270 0.798970 0.575844 0.798970 0.442247 0.995654 0.671403 0.972460 0.159362 0.109040 0.155113 0.011781 0.480127 0.321926 0.038485 0.168779
0.406634 0.301980 0.412279 0.286929 0.408516 0.287869 0.431093 0.301039 0.483773 0.296336 0.451788 0.375356 0.519520 0.376296 0.487536 0.464723 0.529868 0.476012 0.424508 0.491063 0.439559 0.455316 0.482832 0.625585 0.545860 0.622763 0.438619 0.818431 0.591014 0.806202 0.401931 1.000000 0.698255 0.968945 0.010137 0.108637 0.111027 0.042937 0.495116 0.604622 0.036612 0.148564
0.411292 0.310539 0.416850 0.294789 0.412218 0.295716 0.432600 0.304981 0.481702 0.301275 0.456688 0.373538 0.514129 0.378171 0.503011 0.456920 0.530805 0.479155 0.422409 0.504169 0.444644 0.487493 0.487261 0.625535 0.541922 0.622756 0.442791 0.809900 0.583613 0.802489 0.394615 0.990560 0.719802 0.935899 0.007613 0.180730 0.113770 0.036534 0.492642 0.521386 0.037242 0.147891
0.407396 0.303688 0.414010 0.289514 0.407396 0.291404 0.434799 0.303688 0.479211 0.296129 0.455588 0.375504 0.513229 0.376449 0.498110 0.471888 0.530238 0.488897 0.420625 0.509686 0.437634 0.503071 0.487716 0.624969 0.543467 0.623079 0.437634 0.813012 0.559531 0.812068 0.416845 0.998221 0.722062 0.911287 0.047273 0.298550 0.123623 0.011842 0.487792 0.499440 0.039807 0.109844
0.406891 0.305105 0.411582 0.290095 0.408767 0.291033 0.433159 0.299476 0.484755 0.295723 0.453797 0.376402 0.515714 0.375464 0.488508 0.477720 0.534476 0.482410 0.419087 0.519935 0.444416 0.507740 0.486632 0.625005 0.543857 0.623129 0.434097 0.814506 0.537290 0.807001 0.451921 0.994626 0.708967 0.871732 0.117480 0.396592 0.127881 0.047380 0.431150 0.468011 0.038917 0.074719
0.397100 0.296119 0.399979 0.281728 0.401897 0.282687 0.420127 0.292282 0.482490 0.289403 0.443153 0.377672 0.521827 0.374793 0.474815 0.485129 0.562124 0.484169 0.411492 0.515831 0.467139 0.506236 0.487287 0.624247 0.547732 0.623288 0.441234 0.811338 0.518949 0.808459 0.492085 0.992672 0.687810 0.854513 0.163852 0.464335 0.133203 0.082149 0.447505 0.539699 0.044735 0.027741
0.437971 0.285924 0.437971 0.269786 0.438979 0.270795 0.437971 0.278864 0.490418 0.276846 0.438979 0.376698 0.534797 0.374681 0.447048 0.494705 0.578167 0.487645 0.433936 0.547152 0.523702 0.555221 0.480332 0.626832 0.545891 0.621789 0.480332 0.832587 0.509582 0.814432 0.613468 0.936473 0.607416 0.938491 0.289083 0.271855 0.052152 0.073582 0.099710 0.332617 0.033451 0.059300
0.485943 0.303455 0.481853 0.291187 0.486965 0.292210 0.452206 0.295277 0.491055 0.293232 0.443005 0.380131 0.524792 0.371952 0.468563 0.495655 0.588177 0.478275 0.499233 0.539616 0.544216 0.541660 0.487988 0.626514 0.544216 0.621403 0.472652 0.809513 0.498211 0.804401 0.619869 0.921970 0.582043 0.979221 0.318968 0.220726 0.084093 0.103134 0.124597 0.364137 0.041117 0.051785
0.415187 0.305844 0.419363 0.287055 0.420406 0.289142 0.433976 0.299581 0.501827 0.294361 0.438152 0.383089 0.525835 0.369519 0.403705 0.504175 0.480950 0.481211 0.413099 0.462421 0.430845 0.466597 0.490344 0.627350 0.545668 0.620043 0.499739 0.827769 0.498695 0.819418 0.498695 1.000000 0.480950 1.000000 0.016603 0.044639 0.052097 0.098798 0.982223 0.468703 0.046013 0.088561
0.403412 0.295756 0.406430 0.280664 0.408442 0.281670 0.420516 0.291732 0.486920 0.288713 0.425547 0.377252 0.539239 0.375240 0.400393 0.493963 0.557349 0.491951 0.410455 0.481890 0.486920 0.509055 0.489939 0.626772 0.545276 0.620735 0.520123 0.816930 0.463779 0.799826 0.627778 0.939678 0.501006 0.993003 0.179072 0.196533 0.030283 0.143760 0.846426 0.473166 0.044986 0.186042
0.404085 0.295194 0.405102 0.278911 0.409173 0.279929 0.416297 0.289088 0.488551 0.290106 0.435632 0.373555 0.531293 0.378643 0.425456 0.495675 0.596424 0.488551 0.402049 0.519081 0.524170 0.540452 0.492622 0.624919 0.540452 0.622884 0.486516 0.824382 0.479392 0.811152 0.661555 0.898672 0.534346 1.000000 0.381979 0.188861 0.080709 0.111760 0.223535 0.472003 0.042235 0.090087
0.396323 0.298892 0.399321 0.282904 0.400321 0.283903 0.417309 0.292897 0.480264 0.290898 0.433297 0.373839 0.530229 0.378836 0.444289 0.480764 0.588188 0.494754 0.409314 0.518737 0.499251 0.530728 0.488258 0.625661 0.548216 0.621664 0.450285 0.822522 0.518237 0.813528 0.610172 0.906462 0.556210 1.000000 0.406769 0.113151 0.129055 0.072873 0.269535 0.525233 0.046607 0.011318
0.400154 0.298878 0.405873 0.283627 0.403967 0.285534 0.425890 0.295066 0.482128 0.293159 0.441141 0.376086 0.525974 0.376086 0.469736 0.477124 0.572680 0.484749 0.422077 0.507625 0.472596 0.506672 0.484034 0.626773 0.548851 0.621054 0.436375 0.796440 0.541225 0.798346 0.570774 0.909869 0.605088 0.960388 0.364037 0.133184 0.141108 0.043322 0.406574 0.560577 0.041992 0.073484
0.395051 0.297599 0.402789 0.282122 0.395051 0.284057 0.428906 0.293730 0.467596 0.291795 0.445349 0.376915 0.516927 0.375948 0.474367 0.479446 0.555618 0.485249 0.416331 0.504595 0.482105 0.521038 0.486942 0.625503 0.550782 0.621634 0.415364 0.791874 0.564323 0.810252 0.526600 0.956310 0.666854 0.981459 0.318645 0.148942 0.182097 0.020774 0.457632 0.464079 0.048215 0.152141
0.400208 0.301859 0.406941 0.287431 0.400208 0.287431 0.428102 0.298973 0.476194 0.293202 0.455995 0.377845 0.513706 0.373998 0.506973 0.464412 0.543524 0.473068 0.430987 0.501924 0.461766 0.506733 0.484851 0.626964 0.545447 0.621193 0.423292 0.798173 0.581998 0.802021 0.473309 0.994391 0.697420 0.973230 0.189313 0.125328 0.146573 0.022834 0.523440 0.468723 0.038672 0.173351
0.404578 0.304316 0.411954 0.291409 0.406422 0.292331 0.435003 0.306160 0.481100 0.297863 0.464505 0.378994 0.507837 0.372541 0.519822 0.463813 0.535495 0.470267 0.435003 0.508067 0.457129 0.503457 0.487554 0.626998 0.540105 0.621467 0.440534 0.799403 0.593578 0.792027 0.431315 0.981949 0.715275 0.943227 0.068688 0.119016 0.114249 0.055672 0.530881 0.460269 0.035288 0.181456
0.405046 0.299960 0.414470 0.286765 0.405988 0.286765 0.440860 0.297132 0.474789 0.290535 0.467249 0.380070 0.504005 0.371588 0.521913 0.466778 0.533222 0.467720 0.433320 0.508247 0.444630 0.495052 0.491753 0.626998 0.536992 0.621344 0.450284 0.804183 0.593541 0.796644 0.405046 0.981369 0.733969 0.931417 0.006389 0.157214 0.104666 0.057527 0.539695 0.498664 0.036681 0.172507
0.404516 0.296034 0.415861 0.283744 0.405462 0.283744 0.445168 0.296034 0.476365 0.291307 0.465021 0.378282 0.504727 0.373555 0.518908 0.473766 0.527416 0.479438 0.431932 0.504963 0.431932 0.491728 0.492437 0.625972 0.537815 0.622191 0.439496 0.799923 0.578467 0.800868 0.404516 0.973873 0.740127 0.902969 0.030876 0.249483 0.129132 0.029094 0.553921 0.526447 0.038613 0.165249
0.402780 0.295263 0.412358 0.280896 0.402780 0.281854 0.439178 0.291432 0.475575 0.289517 0.459292 0.378595 0.513889 0.372848 0.511973 0.478209 0.545497 0.482998 0.423852 0.508860 0.443009 0.500239 0.488027 0.625715 0.538792 0.622842 0.433431 0.802914 0.553160 0.804830 0.429599 0.985860 0.733232 0.875709 0.088471 0.355559 0.131983 0.006527 0.548294 0.535900 0.034213 0.120214
0.403898 0.294375 0.409649 0.279036 0.405815 0.279995 0.432656 0.291499 0.479629 0.289581 0.452788 0.377775 0.517974 0.373941 0.494967 0.484183 0.549609 0.479390 0.416360 0.518693 0.451829 0.503355 0.486340 0.625101 0.542899 0.623184 0.425946 0.789026 0.531395 0.800530 0.471002 0.972124 0.700113 0.861882 0.189162 0.409601 0.155280 0.052344 0.488447 0.516265 0.037313 0.091742
0.402939 0.290540 0.414443 0.276161 0.403898 0.277119 0.447036 0.292457 0.471002 0.287664 0.453746 0.380651 0.517016 0.371065 0.478671 0.502397 0.571657 0.473638 0.412525 0.520610 0.476753 0.492810 0.488257 0.627018 0.540981 0.621266 0.444160 0.801488 0.508388 0.792861 0.520850 0.972124 0.668479 0.857089 0.213252 0.438302 0.123102 0.090146 0.478747 0.592353 0.037313 0.019052
0.396102 0.287571 0.404883 0.272938 0.397078 0.273913 0.433174 0.285620 0.476099 0.284644 0.450734 0.380250 0.519999 0.371469 0.470245 0.505122 0.578533 0.470977 0.406834 0.514877 0.499512 0.507073 0.492683 0.628043 0.536584 0.620238 0.479025 0.813400 0.490732 0.792913 0.565851 0.984123 0.638042 0.883640 0.173171 0.406902 0.076793 0.103806 0.500747 0.532862 0.037350 0.059204
0.395647 0.294233 0.402506 0.279535 0.398586 0.280515 0.422103 0.289334 0.475014 0.286394 0.442679 0.381439 0.524986 0.370661 0.441699 0.500980 0.582797 0.471585 0.387808 0.504899 0.498530 0.504899 0.499510 0.628359 0.532825 0.619541 0.511268 0.824328 0.461296 0.792973 0.618071 0.995800 0.579857 0.956607 0.158241 0.324100 0.052932 0.134537 0.474282 0.545741 0.041286 0.143591
0.401690 0.298218 0.408259 0.284140 0.404505 0.285078 0.427968 0.294464 0.475833 0.292587 0.441108 0.381746 0.525575 0.370484 0.438292 0.491553 0.586579 0.456828 0.395120 0.493430 0.519005 0.507508 0.509620 0.628578 0.523698 0.619192 0.558423 0.812528 0.442046 0.766540 0.664476 0.973954 0.537776 0.933597 0.102474 0.326704 0.003633 0.158668 0.478009 0.490956 0.042548 0.243618
0.398366 0.293842 0.404146 0.279391 0.402219 0.280355 0.420523 0.294805 0.480251 0.291915 0.434973 0.380544 0.530346 0.371873 0.427267 0.490366 0.590074 0.468209 0.392586 0.476879 0.513005 0.509634 0.506262 0.627163 0.528419 0.620420 0.571770 0.815981 0.453277 0.787080 0.693153 0.979752 0.474471 0.977825 0.096730 0.170051 0.016728 0.132361 0.595757 0.519672 0.044300 0.241126
0.401096 0.294010 0.405909 0.278609 0.404946 0.280534 0.423235 0.294973 0.479064 0.293048 0.432861 0.379679 0.531043 0.372941 0.413609 0.494225 0.593610 0.463422 0.395321 0.464385 0.506016 0.491337 0.501203 0.626097 0.534893 0.621284 0.580134 0.815723 0.459813 0.796471 0.712006 0.964921 0.423235 0.985135 0.104852 0.067924 0.039435 0.133816 0.771974 0.594374 0.046121 0.254432
0.403091 0.297849 0.407853 0.283562 0.405948 0.285467 0.430711 0.299754 0.477380 0.295944 0.433569 0.379757 0.528811 0.373090 0.418330 0.490238 0.596433 0.460713 0.399282 0.465475 0.511667 0.495000 0.501191 0.625481 0.536430 0.621672 0.577384 0.808346 0.464046 0.796917 0.728819 0.934066 0.414520 0.977877 0.153784 0.039648 0.040185 0.134436 0.747656 0.586865 0.048083 0.250348
0.405028 0.302420 0.408846 0.288103 0.407892 0.289058 0.426981 0.300511 0.476615 0.295739 0.437481 0.380689 0.525294 0.372098 0.435572 0.493319 0.594017 0.463729 0.390711 0.474229 0.504295 0.499046 0.504295 0.625993 0.532930 0.621220 0.563474 0.814982 0.453707 0.793029 0.731464 0.905658 0.429845 0.977245 0.245856 0.096524 0.011949 0.147281 0.622668 0.585469 0.047573 0.234122
0.406513 0.296726 0.408431 0.282343 0.410348 0.282343 0.423772 0.295767 0.483220 0.290973 0.441990 0.379186 0.529245 0.372474 0.450620 0.494247 0.594446 0.472194 0.414184 0.490412 0.516780 0.503835 0.502397 0.626567 0.526368 0.621773 0.545545 0.819294 0.445826 0.786693 0.712383 0.874907 0.467879 0.976544 0.327476 0.181419 0.006128 0.140936 0.557212 0.561179 0.036706 0.214716
0.405326 0.292389 0.410131 0.277972 0.407248 0.277972 0.429355 0.289506 0.478374 0.285661 0.445694 0.378894 0.522587 0.373127 0.469723 0.492311 0.590830 0.479816 0.422626 0.507689 0.514898 0.521146 0.503364 0.626873 0.528354 0.621106 0.492791 0.817183 0.451461 0.787387 0.681179 0.848902 0.515859 0.969047 0.464571 0.246313 0.090398 0.145274 0.465992 0.522472 0.040494 0.120207
0.403094 0.298012 0.408865 0.283584 0.405017 0.283584 0.430025 0.294164 0.475232 0.289355 0.455034 0.380731 0.514668 0.371112 0.484851 0.497114 0.577188 0.482687 0.427140 0.527894 0.486775 0.510580 0.503126 0.626964 0.527172 0.621193 0.467538 0.819334 0.479080 0.812601 0.645480 0.857808 0.560837 0.989581 0.490449 0.216105 0.119626 0.094258 0.423875 0.567324 0.038672 0.020126
0.398193 0.303142 0.408443 0.289164 0.396329 0.289164 0.438263 0.298482 0.456901 0.293823 0.463424 0.380487 0.500699 0.372100 0.502563 0.482993 0.527723 0.480198 0.428013 0.526791 0.445718 0.511881 0.499767 0.627434 0.536110 0.619979 0.427081 0.800762 0.522132 0.797035 0.591091 0.877176 0.574317 0.958248 0.487610 0.124726 0.172906 0.070245 0.447020 0.460620 0.045838 0.101317
0.401131 0.301344 0.412142 0.288498 0.400213 0.287580 0.442422 0.300426 0.455268 0.294921 0.472702 0.379338 0.493806 0.372915 0.525922 0.473849 0.505735 0.478437 0.439669 0.516975 0.427741 0.493118 0.497477 0.626167 0.536015 0.621579 0.415812 0.780321 0.550696 0.800507 0.557119 0.910617 0.644289 0.962001 0.417969 0.141131 0.186915 0.027461 0.515662 0.476607 0.042772 0.181131
0.398652 0.302530 0.410468 0.289805 0.398652 0.287987 0.442282 0.300712 0.455916 0.294350 0.469550 0.381609 0.490456 0.371611 0.540448 0.467959 0.511362 0.467051 0.448644 0.512498 0.427738 0.477958 0.497728 0.627026 0.542266 0.619754 0.410468 0.776094 0.574988 0.792455 0.500454 0.946068 0.686789 0.956066 0.323558 0.131207 0.204961 0.005914 0.575042 0.527355 0.051141 0.228178
0.399232 0.300308 0.409378 0.284628 0.400154 0.284628 0.439816 0.293852 0.464720 0.290162 0.476710 0.381476 0.485934 0.371330 0.551422 0.469101 0.501614 0.462644 0.450884 0.505995 0.426903 0.467256 0.498847 0.626825 0.538509 0.620368 0.417679 0.790083 0.592928 0.795617 0.445350 0.983779 0.717447 0.956109 0.192031 0.114198 0.175506 0.029612 0.612779 0.534508 0.047742 0.242702
0.400569 0.298847 0.411566 0.284184 0.401485 0.284184 0.440891 0.294265 0.467467 0.289683 0.477548 0.382241 0.486712 0.370327 0.555443 0.468384 0.505957 0.456470 0.454637 0.505957 0.429894 0.452805 0.500458 0.626924 0.535282 0.620509 0.444557 0.801042 0.599431 0.791878 0.406984 0.982493 0.739643 0.935755 0.033891 0.131879 0.128603 0.052977 0.620444 0.585291 0.045662 0.212899
0.406800 0.299087 0.418591 0.286388 0.408614 0.284574 0.452153 0.299087 0.457595 0.293644 0.483900 0.380722 0.475736 0.372558 0.559186 0.467799 0.493877 0.463264 0.461223 0.510431 0.418591 0.474149 0.507483 0.627442 0.532881 0.619278 0.446710 0.789805 0.600003 0.787084 0.395008 0.973031 0.751482 0.895931 0.026461 0.180550 0.144340 0.048670 0.596268 0.517129 0.051619 0.235124
0.407752 0.298690 0.422293 0.286875 0.409569 0.283239 0.461374 0.298690 0.454103 0.290510 0.485004 0.381395 0.477733 0.371398 0.553168 0.474098 0.500454 0.467736 0.455012 0.513178 0.426838 0.479551 0.506816 0.627694 0.530446 0.619514 0.443197 0.797649 0.583160 0.793104 0.419567 0.978510 0.748571 0.863995 0.072660 0.277276 0.142130 0.027207 0.581205 0.523071 0.047622 0.207856
0.406006 0.290267 0.420035 0.276238 0.407876 0.274367 0.456510 0.291202 0.458381 0.282785 0.483633 0.382858 0.487374 0.368829 0.546296 0.487608 0.503273 0.470773 0.447157 0.517536 0.431258 0.486672 0.498597 0.626962 0.530396 0.621351 0.423776 0.792504 0.543490 0.801857 0.459316 0.977687 0.728673 0.837397 0.195478 0.416595 0.154610 0.030666 0.578278 0.480081 0.036999 0.158171
0.400495 0.288227 0.413731 0.274991 0.403331 0.273100 0.449657 0.289172 0.462892 0.280663 0.481801 0.383714 0.492200 0.367642 0.529072 0.500945 0.513945 0.481092 0.436421 0.529308 0.435475 0.511345 0.498818 0.627631 0.527181 0.621013 0.430748 0.799697 0.514890 0.796861 0.508272 0.970817 0.697356 0.833732 0.255313 0.458744 0.142083 0.065881 0.527445 0.443146 0.033163 0.097700
0.394451 0.287022 0.405735 0.273858 0.396332 0.271977 0.437705 0.287962 0.466854 0.277619 0.475317 0.386694 0.495063 0.365067 0.509168 0.515515 0.516690 0.483545 0.419839 0.525858 0.434884 0.509873 0.505407 0.629291 0.524213 0.618948 0.470616 0.809829 0.489422 0.789142 0.562765 0.971560 0.660556 0.840859 0.225449 0.470770 0.099878 0.100572 0.545101 0.458359 0.037801 0.003587
0.390341 0.281156 0.402657 0.268840 0.393183 0.267893 0.434868 0.285893 0.468973 0.276419 0.463289 0.386315 0.506868 0.365473 0.493605 0.506632 0.555185 0.470631 0.402657 0.506632 0.450973 0.483895 0.504974 0.628843 0.524869 0.619369 0.473710 0.805055 0.460447 0.782318 0.595922 0.979372 0.616764 0.874213 0.250525 0.450672 0.110073 0.142370 0.578569 0.596798 0.038087 0.063948
0.399390 0.288876 0.411094 0.276271 0.402991 0.275371 0.441705 0.290676 0.471415 0.286175 0.460611 0.386110 0.511929 0.365403 0.474116 0.498650 0.572250 0.449132 0.406592 0.492347 0.488521 0.478843 0.520032 0.630096 0.507428 0.618392 0.565948 0.817362 0.417396 0.763343 0.665883 0.965014 0.534437 0.901091 0.112859 0.401105 0.000488 0.171254 0.567639 0.590186 0.035033 0.253455
0.397963 0.283341 0.411448 0.269856 0.402458 0.270755 0.446509 0.286038 0.472580 0.286038 0.451004 0.382231 0.518430 0.369645 0.482469 0.489212 0.572370 0.457747 0.409650 0.481121 0.470782 0.472131 0.485166 0.626759 0.545400 0.621365 0.407852 0.763407 0.588552 0.807459 0.467186 0.940511 0.700028 0.958491 0.266794 0.129865 0.208077 0.038554 0.626276 0.630099 0.039015 0.236422
0.403877 0.289498 0.415315 0.276300 0.406517 0.277180 0.446989 0.293017 0.476024 0.289498 0.451389 0.381001 0.521776 0.370443 0.483063 0.483063 0.578966 0.454908 0.413555 0.471625 0.473385 0.475144 0.484823 0.626477 0.542013 0.622078 0.427633 0.780450 0.592164 0.795407 0.408276 0.964337 0.718861 0.945860 0.079819 0.133131 0.156291 0.064108 0.647701 0.629173 0.034234 0.202854
0.412880 0.293550 0.424986 0.283173 0.415474 0.281444 0.460439 0.298738 0.467357 0.291820 0.463034 0.384345 0.510593 0.367050 0.491569 0.480328 0.572852 0.458710 0.431904 0.484651 0.478598 0.474275 0.523563 0.625600 0.502810 0.623005 0.602252 0.795948 0.435363 0.784707 0.745795 0.929978 0.378292 0.959379 0.123161 0.025265 0.059495 0.116111 0.568958 0.637828 0.033643 0.263529
0.414139 0.296373 0.424416 0.286096 0.417564 0.284383 0.456106 0.299799 0.471522 0.293804 0.464670 0.382877 0.510920 0.368317 0.503212 0.478802 0.570873 0.465955 0.442402 0.488223 0.476661 0.480515 0.520341 0.626116 0.504068 0.622690 0.579438 0.798267 0.432981 0.784563 0.749020 0.897618 0.381593 0.960140 0.226051 0.041083 0.033639 0.123144 0.572682 0.626478 0.031129 0.236974
0.417990 0.298064 0.426511 0.284431 0.418842 0.285283 0.453776 0.295508 0.475078 0.295508 0.468261 0.379861 0.518532 0.370488 0.510864 0.479551 0.583288 0.467622 0.439291 0.475291 0.476782 0.477847 0.518532 0.627808 0.494675 0.621843 0.555170 0.813555 0.421398 0.779473 0.730693 0.866382 0.429919 0.965220 0.344953 0.153103 0.001683 0.108389 0.647477 0.656703 0.016823 0.200502
0.413094 0.296518 0.425719 0.283892 0.414777 0.283050 0.462755 0.297359 0.466121 0.294834 0.478747 0.379005 0.506523 0.371430 0.513257 0.486743 0.561234 0.474118 0.441712 0.506102 0.484639 0.498527 0.519991 0.628991 0.494739 0.620574 0.526724 0.816692 0.421511 0.769556 0.693382 0.852885 0.474538 0.950523 0.420515 0.236151 0.040633 0.130374 0.514555 0.557622 0.018765 0.156833
