0.486705 0.284623 0.486705 0.273987 0.486705 0.273987 0.454797 0.273987 0.529249 0.273987 0.422890 0.380346 0.571792 0.369710 0.369710 0.497341 0.646244 0.476069 0.390982 0.497341 0.603700 0.507977 0.454797 0.624972 0.550520 0.624972 0.465433 0.837690 0.529249 0.784510 0.486705 1.000000 0.550520 0.944048 0.014322 0.084385 0.025383 0.015727 0.635800 0.489567 0.006771 0.058095
0.486705 0.295259 0.486705 0.284623 0.486705 0.284623 0.454797 0.284623 0.529249 0.284623 0.422890 0.380346 0.571792 0.369710 0.369710 0.497341 0.635608 0.486705 0.359074 0.507977 0.593064 0.518613 0.454797 0.624972 0.550520 0.624972 0.465433 0.827054 0.539885 0.805782 0.476069 1.000000 0.539885 0.986592 0.000845 0.018703 0.024548 0.007763 0.114200 0.454114 0.006771 0.035440
0.507977 0.295259 0.497341 0.273987 0.507977 0.273987 0.465433 0.284623 0.539885 0.273987 0.422890 0.380346 0.571792 0.369710 0.348439 0.486705 0.635608 0.486705 0.359074 0.518613 0.582428 0.518613 0.454797 0.624972 0.550520 0.624972 0.465433 0.827054 0.529249 0.816418 0.476069 1.000000 0.529249 0.997228 0.000845 0.035224 0.024548 0.008759 0.296816 0.486926 0.006771 0.051961
0.494792 0.291667 0.494792 0.270833 0.494792 0.270833 0.463542 0.281250 0.536458 0.281250 0.421875 0.375000 0.578125 0.375000 0.348958 0.489583 0.640625 0.489583 0.369792 0.500000 0.578125 0.520833 0.453125 0.625000 0.546875 0.625000 0.463542 0.822917 0.526042 0.791667 0.473958 1.000000 0.536458 0.937500 0.001597 0.062281 0.022846 0.000002 0.532812 0.511363 0.000009 0.056321
0.489804 0.298637 0.489804 0.278246 0.500000 0.278246 0.469413 0.288441 0.540782 0.288441 0.428631 0.370006 0.581565 0.380202 0.357262 0.482158 0.632543 0.492353 0.398044 0.512744 0.591760 0.522940 0.449022 0.624896 0.540782 0.624896 0.469413 0.808417 0.540782 0.788025 0.479609 1.000000 0.530587 0.940959 0.019321 0.021189 0.009813 0.052569 0.475563 0.430967 0.012985 0.035223
0.518613 0.295259 0.507977 0.273987 0.518613 0.284623 0.476069 0.284623 0.539885 0.284623 0.422890 0.369710 0.582428 0.380346 0.348439 0.476069 0.635608 0.497341 0.380346 0.529249 0.614336 0.539885 0.444162 0.624972 0.550520 0.624972 0.465433 0.837690 0.529249 0.816418 0.476069 1.000000 0.529249 0.975956 0.014988 0.035223 0.005260 0.006063 0.366421 0.283383 0.006771 0.066949
0.521719 0.299103 0.510859 0.277384 0.521719 0.277384 0.478281 0.288244 0.554297 0.288244 0.423985 0.375118 0.586874 0.375118 0.347970 0.461992 0.652030 0.483711 0.337110 0.527148 0.652030 0.538008 0.445703 0.624882 0.543437 0.624882 0.467422 0.820350 0.532578 0.809490 0.467422 0.994098 0.521719 0.961521 0.035223 0.003995 0.007614 0.036108 0.176242 0.172021 0.013831 0.053926
0.535318 0.293527 0.524451 0.271793 0.535318 0.271793 0.470116 0.271793 0.546185 0.282660 0.426648 0.369596 0.578786 0.380463 0.350579 0.467399 0.643988 0.489133 0.328845 0.543468 0.654855 0.543468 0.448382 0.619537 0.546185 0.630404 0.459249 0.793409 0.535318 0.804276 0.459249 0.956414 0.524451 0.967281 0.019869 0.001321 0.007741 0.021417 0.121831 0.109188 0.006919 0.039737
0.534567 0.284623 0.523931 0.273987 0.534567 0.273987 0.470751 0.273987 0.555838 0.273987 0.428208 0.369710 0.577110 0.380346 0.364392 0.465433 0.651561 0.497341 0.332485 0.539885 0.630290 0.539885 0.449480 0.624972 0.545203 0.624972 0.449480 0.805782 0.534567 0.805782 0.460115 0.986592 0.534567 0.975956 0.018703 0.018703 0.026465 0.022583 0.058286 0.327979 0.006771 0.018703
0.521719 0.282814 0.521719 0.271955 0.532578 0.271955 0.467422 0.271955 0.554297 0.271955 0.423985 0.369688 0.586874 0.380548 0.369688 0.467422 0.662890 0.510859 0.326251 0.543437 0.608593 0.532578 0.445703 0.619452 0.543437 0.630312 0.434844 0.793201 0.532578 0.804061 0.456563 0.945232 0.554297 0.988669 0.065036 0.057145 0.047478 0.034942 0.003836 0.546972 0.013831 0.000003
0.505430 0.288244 0.505430 0.266525 0.516289 0.266525 0.461992 0.277384 0.548867 0.277384 0.429415 0.375118 0.581445 0.375118 0.375118 0.483711 0.657460 0.494570 0.331681 0.570585 0.646601 0.527148 0.440274 0.624882 0.548867 0.624882 0.440274 0.798631 0.548867 0.809490 0.461992 0.950661 0.559726 0.994098 0.045167 0.018703 0.013831 0.041285 0.000005 0.282812 0.013831 0.000003
0.481775 0.281297 0.471360 0.270883 0.481775 0.270883 0.450532 0.281297 0.533847 0.270883 0.429703 0.375027 0.575504 0.375027 0.388045 0.489586 0.637991 0.489586 0.346388 0.572901 0.606748 0.500000 0.450532 0.624973 0.544261 0.624973 0.440117 0.802018 0.544261 0.822847 0.450532 0.979063 0.554676 1.000000 0.037405 0.015902 0.045167 0.039584 0.036566 0.556531 0.006630 0.018703
0.463949 0.298114 0.454335 0.278887 0.463949 0.278887 0.444722 0.288501 0.521631 0.278887 0.435108 0.375023 0.569699 0.375023 0.396654 0.480773 0.636994 0.461546 0.348586 0.557682 0.598539 0.442318 0.454335 0.624977 0.540858 0.624977 0.425495 0.807635 0.540858 0.826863 0.415881 0.999908 0.560085 1.000000 0.033946 0.027610 0.074285 0.036566 0.066790 0.858000 0.006120 0.049848
0.455882 0.301471 0.455882 0.291667 0.465686 0.291667 0.446078 0.301471 0.524510 0.291667 0.436274 0.379902 0.563725 0.370098 0.387255 0.497549 0.602941 0.389706 0.348039 0.585784 0.553922 0.301471 0.455882 0.625000 0.544118 0.625000 0.436274 0.821078 0.553922 0.830882 0.426471 1.000000 0.563725 1.000000 0.015823 0.000002 0.057136 0.039583 0.007460 0.808998 0.000009 0.046872
0.464286 0.298469 0.464286 0.278061 0.474490 0.278061 0.443878 0.288265 0.525510 0.278061 0.433673 0.380102 0.566326 0.369898 0.392857 0.502551 0.617347 0.471939 0.352041 0.594388 0.596939 0.502551 0.454082 0.625000 0.545918 0.625000 0.433673 0.829082 0.556122 0.839286 0.423469 1.000000 0.566326 1.000000 0.014988 0.000757 0.058190 0.040557 0.030709 0.334751 0.000009 0.046872
0.443924 0.298637 0.443924 0.278246 0.454120 0.288441 0.433729 0.288441 0.515293 0.278246 0.423533 0.380202 0.566271 0.370006 0.382751 0.502549 0.637640 0.471962 0.341968 0.604505 0.566271 0.502549 0.454120 0.624896 0.556076 0.624896 0.443924 0.839003 0.545880 0.839003 0.433729 1.000000 0.566271 1.000000 0.000757 0.046872 0.054730 0.002420 0.018703 0.565519 0.012985 0.000002
0.456714 0.303939 0.456714 0.283569 0.466899 0.283569 0.426159 0.293754 0.507639 0.283569 0.415974 0.385419 0.568749 0.365049 0.375234 0.517824 0.660414 0.477084 0.354864 0.619674 0.599304 0.528009 0.456714 0.629859 0.558564 0.619674 0.446529 0.833559 0.548379 0.813189 0.446529 1.000000 0.568749 0.986334 0.015902 0.054015 0.068471 0.004014 0.032182 0.497132 0.019464 0.000845
0.486729 0.300937 0.476112 0.279704 0.497346 0.279704 0.433646 0.290320 0.518579 0.279704 0.412412 0.385871 0.571663 0.364637 0.359329 0.523888 0.667213 0.460187 0.369946 0.608821 0.635363 0.555738 0.454879 0.630054 0.561046 0.619438 0.454879 0.842388 0.561046 0.799922 0.454879 1.000000 0.571663 0.959172 0.000002 0.021189 0.054810 0.013255 0.156458 0.352416 0.020290 0.000002
0.486729 0.279704 0.476112 0.269087 0.486729 0.269087 0.433646 0.279704 0.518579 0.269087 0.412412 0.385871 0.571663 0.364637 0.348712 0.523888 0.667213 0.460187 0.380562 0.576971 0.635363 0.545121 0.454879 0.630054 0.561046 0.619438 0.454879 0.842388 0.550429 0.799922 0.454879 1.000000 0.561046 0.959172 0.000002 0.039892 0.054810 0.005448 0.309661 0.364200 0.020290 0.018703
0.475509 0.296725 0.465713 0.286928 0.475509 0.286928 0.436323 0.296725 0.524491 0.286928 0.426527 0.384892 0.563677 0.365300 0.357952 0.512245 0.642048 0.453467 0.406934 0.531838 0.622455 0.531838 0.455916 0.629802 0.553880 0.620006 0.455916 0.835526 0.534287 0.786544 0.455916 1.000000 0.553880 0.933490 0.000002 0.079469 0.038015 0.025040 0.536107 0.309277 0.012476 0.037277
0.473044 0.286806 0.463242 0.277004 0.473044 0.277004 0.453440 0.286806 0.531857 0.277004 0.424034 0.384826 0.571065 0.365222 0.345618 0.502451 0.629877 0.453440 0.404430 0.522055 0.610273 0.531857 0.453440 0.629877 0.551461 0.620075 0.453440 0.835720 0.531857 0.767106 0.453440 1.000000 0.541659 0.923938 0.000002 0.062061 0.038015 0.017755 0.584751 0.265146 0.006241 0.042192
0.492800 0.293612 0.483201 0.274414 0.492800 0.284013 0.444803 0.284013 0.521599 0.284013 0.425604 0.380007 0.559996 0.370408 0.358409 0.495200 0.617593 0.466402 0.406406 0.495200 0.617593 0.523999 0.464002 0.629592 0.550397 0.619993 0.464002 0.821581 0.540798 0.773584 0.464002 1.000000 0.531198 0.927174 0.000002 0.000003 0.048590 0.007632 0.668091 0.172021 0.018344 0.019869
0.512017 0.293307 0.502403 0.274080 0.512017 0.274080 0.463949 0.283694 0.531244 0.283694 0.425495 0.379830 0.569699 0.370216 0.367813 0.495193 0.617767 0.475966 0.396654 0.485580 0.588926 0.514420 0.454335 0.629784 0.550471 0.620170 0.454335 0.822056 0.531244 0.802829 0.454335 1.000000 0.512017 0.975874 0.000002 0.001843 0.036566 0.008945 0.750000 0.340633 0.006120 0.033383
0.520451 0.302305 0.511362 0.284127 0.520451 0.284127 0.465915 0.293216 0.538630 0.293216 0.429557 0.375021 0.565898 0.375021 0.365931 0.484094 0.611345 0.484094 0.429557 0.475004 0.593166 0.511362 0.456825 0.629524 0.547719 0.620435 0.465915 0.811312 0.520451 0.802223 0.456825 1.000000 0.502272 0.974921 0.030361 0.014010 0.018073 0.023858 0.713259 0.312833 0.005787 0.063295
0.509434 0.290094 0.509434 0.271226 0.509434 0.271226 0.462264 0.280660 0.537736 0.280660 0.433962 0.375000 0.566038 0.375000 0.367925 0.488208 0.613208 0.478774 0.424528 0.507075 0.603774 0.507075 0.452830 0.629717 0.547170 0.620283 0.462264 0.808962 0.537736 0.790094 0.452830 0.997642 0.509434 0.931604 0.032640 0.045167 0.006799 0.006771 0.565675 0.238216 0.000009 0.034403
0.507210 0.288501 0.507210 0.269273 0.507210 0.269273 0.468756 0.278887 0.536051 0.278887 0.430301 0.375023 0.574505 0.375023 0.363006 0.490386 0.612960 0.490386 0.411074 0.528841 0.593733 0.528841 0.449529 0.624977 0.545665 0.624977 0.459142 0.826863 0.526437 0.817249 0.449529 0.999908 0.487983 0.980680 0.032812 0.041833 0.009291 0.004839 0.453315 0.250000 0.006120 0.046872
0.507210 0.288501 0.507210 0.269273 0.516824 0.269273 0.468756 0.278887 0.545665 0.278887 0.430301 0.375023 0.574505 0.375023 0.363006 0.490386 0.622573 0.500000 0.420688 0.528841 0.622573 0.519227 0.449529 0.624977 0.545665 0.624977 0.468756 0.807635 0.526437 0.807635 0.449529 0.961453 0.497597 0.990294 0.072967 0.016464 0.008945 0.003183 0.480924 0.116875 0.006120 0.066767
0.524021 0.298226 0.514412 0.279010 0.533629 0.288618 0.475979 0.288618 0.543237 0.288618 0.427938 0.375092 0.581670 0.375092 0.360680 0.480783 0.629712 0.480783 0.399113 0.548041 0.629712 0.548041 0.447154 0.624908 0.543237 0.624908 0.456763 0.788248 0.524021 0.807465 0.437546 0.922764 0.485588 0.990022 0.063870 0.032665 0.005734 0.015206 0.345645 0.135800 0.012237 0.052086
0.511999 0.288813 0.502400 0.279213 0.521599 0.279213 0.473602 0.288813 0.550397 0.279213 0.435204 0.375208 0.579195 0.375208 0.358409 0.471202 0.627192 0.490401 0.377607 0.547997 0.617593 0.547997 0.444803 0.624792 0.540798 0.624792 0.454403 0.778383 0.521599 0.816781 0.425604 0.912775 0.492800 1.000000 0.087062 0.015668 0.007632 0.016864 0.292756 0.178234 0.018344 0.051594
0.522021 0.287133 0.512234 0.267559 0.522021 0.277346 0.473086 0.277346 0.551382 0.277346 0.433938 0.375216 0.580743 0.375216 0.365429 0.463299 0.629678 0.502447 0.385003 0.561169 0.590530 0.541595 0.443725 0.619891 0.541595 0.629678 0.453512 0.786270 0.531808 0.815631 0.424151 0.933075 0.502447 1.000000 0.081535 0.030656 0.005978 0.031852 0.273250 0.366875 0.018702 0.035440
0.502496 0.280395 0.492513 0.260431 0.512478 0.270413 0.462567 0.270413 0.552406 0.270413 0.432621 0.370233 0.582352 0.380215 0.372729 0.450090 0.642244 0.500000 0.352765 0.529946 0.592334 0.500000 0.442603 0.619785 0.542424 0.629767 0.452585 0.779497 0.532442 0.809443 0.432621 0.929228 0.512478 0.989120 0.062061 0.017558 0.007143 0.032836 0.126854 0.647584 0.019076 0.037534
0.500000 0.293539 0.489804 0.273148 0.500000 0.273148 0.459218 0.283344 0.540782 0.283344 0.428631 0.375104 0.581565 0.375104 0.377653 0.456669 0.642738 0.497451 0.347066 0.538233 0.612152 0.507647 0.449022 0.619798 0.540782 0.629994 0.449022 0.782928 0.530587 0.813514 0.438826 0.946057 0.520391 0.997035 0.019869 0.000000 0.026465 0.032836 0.063607 0.545167 0.012985 0.017666
0.486121 0.291809 0.476868 0.273304 0.486121 0.273304 0.449109 0.282557 0.523132 0.282557 0.430603 0.375086 0.578650 0.375086 0.393591 0.476868 0.634167 0.486121 0.365833 0.541638 0.587903 0.467615 0.449109 0.624914 0.541638 0.624914 0.449109 0.800720 0.523132 0.828478 0.439856 0.976525 0.504626 1.000000 0.016738 0.001241 0.023535 0.017958 0.017864 0.768703 0.011784 0.028858
0.477273 0.293182 0.468182 0.275000 0.486364 0.275000 0.450000 0.284091 0.522727 0.284091 0.431818 0.375000 0.568182 0.375000 0.395455 0.465909 0.640909 0.475000 0.368182 0.547727 0.622727 0.465909 0.459091 0.620455 0.540909 0.629545 0.459091 0.811364 0.522727 0.820455 0.468182 1.000000 0.513636 1.000000 0.015146 0.016969 0.035223 0.003749 0.018702 0.847736 0.000009 0.030224
0.474061 0.294848 0.464629 0.275983 0.474061 0.275983 0.436332 0.285416 0.521223 0.285416 0.436332 0.379738 0.568384 0.370306 0.398603 0.474061 0.643842 0.474061 0.370306 0.558952 0.643842 0.492926 0.455197 0.624978 0.540087 0.624978 0.445764 0.823056 0.521223 0.841920 0.455197 1.000000 0.502358 1.000000 0.031048 0.001241 0.039583 0.007613 0.018702 0.200152 0.006005 0.012463
0.467593 0.291667 0.458333 0.282407 0.476852 0.282407 0.439815 0.291667 0.513889 0.282407 0.430556 0.375000 0.569444 0.375000 0.412037 0.476852 0.643519 0.476852 0.375000 0.560185 0.634259 0.504630 0.458333 0.625000 0.541667 0.625000 0.449074 0.800926 0.523148 0.819444 0.458333 0.986111 0.523148 1.000000 0.032640 0.030224 0.051961 0.004997 0.075876 0.302568 0.000009 0.013487
0.475490 0.281863 0.475490 0.272059 0.485294 0.272059 0.436274 0.281863 0.514706 0.272059 0.426471 0.379902 0.573529 0.370098 0.406863 0.487745 0.642157 0.468137 0.367647 0.575980 0.642157 0.517157 0.455882 0.625000 0.544118 0.625000 0.446078 0.821078 0.524510 0.821078 0.455882 1.000000 0.524510 1.000000 0.032640 0.031725 0.053918 0.004839 0.075876 0.194400 0.000009 0.015823
0.483176 0.288501 0.473563 0.278887 0.483176 0.278887 0.435108 0.288501 0.512017 0.278887 0.425495 0.384637 0.569699 0.365409 0.396654 0.500000 0.646608 0.471159 0.367813 0.586522 0.608153 0.509614 0.454335 0.624977 0.550471 0.624977 0.454335 0.807635 0.521631 0.798022 0.463949 0.990294 0.531244 0.951840 0.016738 0.072437 0.038016 0.029033 0.024437 0.450152 0.006120 0.052568
0.480016 0.285172 0.470024 0.275180 0.490008 0.275180 0.440048 0.285172 0.519984 0.275180 0.420064 0.385092 0.569944 0.365108 0.390088 0.514988 0.649880 0.475020 0.370104 0.594924 0.629896 0.544964 0.460032 0.624900 0.549960 0.624900 0.460032 0.804756 0.529976 0.784772 0.460032 0.974620 0.539968 0.924660 0.000003 0.062281 0.052569 0.015146 0.005787 0.288738 0.012726 0.039583
0.471360 0.281297 0.471360 0.270883 0.481775 0.270883 0.440117 0.281297 0.523432 0.270883 0.419288 0.385442 0.575504 0.364613 0.367216 0.510414 0.648405 0.468757 0.367216 0.572901 0.617162 0.562486 0.450532 0.624973 0.554676 0.624973 0.440117 0.781189 0.544261 0.781189 0.450532 0.926991 0.544261 0.916576 0.043887 0.021190 0.062475 0.004221 0.125666 0.296816 0.006630 0.000003
0.485588 0.283814 0.475979 0.274205 0.485588 0.274205 0.437546 0.283814 0.514412 0.283814 0.418330 0.379896 0.572062 0.370288 0.370288 0.504804 0.639320 0.466371 0.360680 0.552846 0.610495 0.543237 0.456763 0.629712 0.552846 0.620103 0.447154 0.821877 0.533629 0.773836 0.466371 1.000000 0.552846 0.927568 0.043512 0.079167 0.064492 0.015146 0.054042 0.308600 0.012237 0.023681
0.504804 0.288618 0.495196 0.269401 0.504804 0.269401 0.447154 0.279010 0.524021 0.279010 0.418330 0.384701 0.572062 0.365484 0.360680 0.500000 0.639320 0.461567 0.379896 0.548041 0.610495 0.519217 0.456763 0.624908 0.552846 0.624908 0.456763 0.826681 0.543237 0.769032 0.466371 1.000000 0.552846 0.922764 0.013831 0.041058 0.050502 0.002345 0.268703 0.341984 0.012237 0.021189
0.512017 0.288501 0.502403 0.269273 0.512017 0.278887 0.454335 0.288501 0.531244 0.278887 0.425495 0.375023 0.569699 0.375023 0.367813 0.500000 0.636994 0.480773 0.367813 0.576909 0.608153 0.509614 0.454335 0.624977 0.550471 0.624977 0.463949 0.836476 0.540858 0.798022 0.463949 1.000000 0.550471 0.961453 0.014458 0.036368 0.022107 0.006771 0.137640 0.430396 0.006120 0.032124
0.509615 0.298077 0.509615 0.278846 0.509615 0.278846 0.461538 0.288462 0.528846 0.288462 0.432692 0.375000 0.567308 0.375000 0.375000 0.490385 0.634615 0.490385 0.423077 0.548077 0.605769 0.509615 0.451923 0.625000 0.548077 0.625000 0.461538 0.826923 0.548077 0.788462 0.461538 1.000000 0.538462 0.980769 0.015146 0.015902 0.009291 0.024437 0.368726 0.480924 0.000009 0.015146
0.536758 0.281905 0.536758 0.262301 0.536758 0.262301 0.468143 0.272103 0.536758 0.272103 0.428935 0.379925 0.575966 0.370123 0.360321 0.487747 0.634778 0.487747 0.428935 0.536758 0.595570 0.517154 0.448539 0.624976 0.546560 0.624976 0.458341 0.830819 0.546560 0.781809 0.458341 1.000000 0.546560 0.958245 0.015146 0.000003 0.010264 0.036566 0.482964 0.442751 0.006241 0.015146
0.530000 0.285000 0.520000 0.265000 0.530000 0.265000 0.470000 0.275000 0.540000 0.275000 0.420000 0.375000 0.580000 0.375000 0.360000 0.475000 0.640000 0.495000 0.430000 0.495000 0.600000 0.515000 0.450000 0.625000 0.550000 0.625000 0.460000 0.835000 0.550000 0.805000 0.450000 1.000000 0.540000 1.000000 0.029605 0.015902 0.022869 0.038015 0.583435 0.500000 0.000009 0.015146
0.545665 0.288501 0.536051 0.269273 0.545665 0.269273 0.468756 0.278887 0.536051 0.278887 0.430301 0.375023 0.574505 0.375023 0.353392 0.471159 0.632187 0.500000 0.420688 0.519227 0.593733 0.519227 0.449529 0.624977 0.545665 0.624977 0.459142 0.826863 0.545665 0.807635 0.449529 1.000000 0.536051 0.999908 0.030292 0.015902 0.009291 0.036566 0.517345 0.490056 0.006120 0.015146
0.555278 0.283694 0.545665 0.264467 0.545665 0.264467 0.478369 0.274080 0.545665 0.274080 0.430301 0.370216 0.574505 0.379830 0.363006 0.466352 0.641801 0.495193 0.411074 0.524034 0.612960 0.533648 0.449529 0.620170 0.545665 0.629784 0.468756 0.822056 0.545665 0.812442 0.459142 1.000000 0.536051 0.995101 0.046126 0.016738 0.005786 0.036566 0.415542 0.372924 0.006120 0.030224
0.552846 0.293422 0.543237 0.274205 0.543237 0.274205 0.475979 0.283814 0.543237 0.283814 0.427938 0.370288 0.581670 0.379896 0.351072 0.456763 0.639320 0.504804 0.379896 0.533629 0.639320 0.543237 0.447154 0.620103 0.543237 0.629712 0.466371 0.812269 0.543237 0.802661 0.456763 0.994826 0.533629 0.975610 0.048463 0.017666 0.007287 0.048590 0.345498 0.137640 0.012237 0.031725
0.544803 0.294848 0.535371 0.285416 0.544803 0.285416 0.469345 0.285416 0.544803 0.285416 0.431616 0.370306 0.573100 0.379738 0.356158 0.455197 0.639126 0.502358 0.365590 0.540087 0.657991 0.549519 0.450481 0.624978 0.544803 0.624978 0.469345 0.804191 0.544803 0.804191 0.459913 0.973972 0.535371 0.973972 0.051049 0.017665 0.009847 0.036566 0.266521 0.036107 0.006005 0.033383
