0.559276 0.279299 0.560521 0.264351 0.543496 0.265596 0.549310 0.272240 0.494083 0.278469 0.579207 0.371483 0.417263 0.378542 0.608689 0.452040 0.362451 0.479446 0.595817 0.487750 0.437610 0.506436 0.553878 0.622704 0.449652 0.627271 0.552217 0.818282 0.457126 0.812469 0.557199 1.000000 0.441347 0.955727 0.010497 0.047759 0.029283 0.028378 0.221800 0.548651 0.004494 0.015543
0.560842 0.282131 0.562500 0.267206 0.545916 0.268035 0.551306 0.274668 0.496580 0.279644 0.581571 0.372512 0.418221 0.377488 0.606861 0.458333 0.361837 0.478648 0.599399 0.497305 0.438122 0.509328 0.552964 0.623342 0.447243 0.626658 0.555866 0.821517 0.458437 0.811567 0.555866 1.000000 0.437293 0.931385 0.004660 0.074846 0.040808 0.017662 0.151443 0.540142 0.000248 0.014585
0.561628 0.281072 0.562858 0.266716 0.546041 0.267947 0.552194 0.274510 0.496001 0.279842 0.582136 0.372540 0.418889 0.377462 0.604696 0.461137 0.362696 0.476313 0.600594 0.497642 0.437757 0.507896 0.552194 0.622743 0.446781 0.627255 0.553014 0.817163 0.457445 0.815112 0.550963 1.000000 0.434065 0.906170 0.004591 0.098051 0.039255 0.017345 0.114980 0.537761 0.001306 0.016707
0.562345 0.282348 0.563562 0.267751 0.546531 0.268562 0.553830 0.275455 0.497466 0.280321 0.581809 0.373180 0.420421 0.376830 0.605734 0.459146 0.366489 0.474960 0.604517 0.494830 0.438263 0.506995 0.550586 0.622968 0.447184 0.627023 0.547747 0.812741 0.458943 0.809903 0.546125 1.000000 0.432586 0.879243 0.002190 0.136065 0.034823 0.013480 0.097247 0.526334 0.002840 0.025200
0.564341 0.278369 0.565167 0.263498 0.548230 0.264737 0.555253 0.270934 0.498244 0.276717 0.585822 0.374623 0.420168 0.375449 0.613500 0.460962 0.364398 0.473768 0.611435 0.500207 0.432974 0.507229 0.550295 0.622072 0.443714 0.627856 0.543273 0.803425 0.457760 0.817471 0.542860 1.000000 0.430908 0.865804 0.011714 0.184950 0.033070 0.006075 0.115485 0.519738 0.007627 0.035856
0.562474 0.278588 0.564968 0.264035 0.546673 0.264451 0.557068 0.272767 0.497609 0.274430 0.587006 0.375885 0.420271 0.374221 0.618190 0.463202 0.363722 0.477755 0.615696 0.505613 0.431497 0.511434 0.550000 0.621205 0.442724 0.628689 0.540852 0.805819 0.458524 0.827856 0.539605 1.000000 0.429418 0.849893 0.013929 0.318916 0.031898 0.002813 0.127890 0.512325 0.009265 0.040959
0.560017 0.277003 0.563369 0.261082 0.543259 0.261920 0.552057 0.271138 0.495077 0.271138 0.588926 0.377137 0.417568 0.372947 0.624539 0.470567 0.363521 0.478528 0.617416 0.520425 0.426366 0.522101 0.550381 0.622653 0.443125 0.627262 0.543259 0.803230 0.462816 0.822502 0.537393 1.000000 0.434745 0.845127 0.003584 0.316064 0.037020 0.000000 0.161085 0.457629 0.008270 0.044545
0.553189 0.277535 0.558147 0.262249 0.535838 0.262249 0.552363 0.273817 0.490808 0.272990 0.587478 0.377923 0.418099 0.372139 0.627551 0.479964 0.372243 0.478724 0.621354 0.527059 0.421404 0.530364 0.549884 0.622903 0.444539 0.627034 0.541622 0.805089 0.458998 0.823267 0.533359 0.996777 0.437929 0.830703 0.000714 0.415412 0.034043 0.009488 0.160758 0.371502 0.007101 0.037838
0.544900 0.275500 0.551521 0.261016 0.527106 0.261843 0.556073 0.270534 0.482412 0.272189 0.587938 0.378128 0.417028 0.371921 0.632217 0.484068 0.377715 0.480757 0.620630 0.532485 0.414959 0.534554 0.550694 0.623527 0.444340 0.626424 0.540348 0.807679 0.459238 0.821336 0.531658 0.991004 0.440202 0.835406 0.002787 0.321675 0.030080 0.009747 0.200789 0.303087 0.006323 0.042146
0.538284 0.276385 0.546539 0.261939 0.520535 0.262351 0.553969 0.272258 0.479259 0.274321 0.587403 0.378751 0.418582 0.371321 0.633632 0.486895 0.378132 0.476576 0.612168 0.528997 0.411978 0.532299 0.549428 0.624758 0.444586 0.625171 0.538284 0.807199 0.460684 0.810089 0.528790 0.982211 0.442523 0.848476 0.002168 0.168305 0.029330 0.004853 0.278658 0.290540 0.007621 0.047060
0.530518 0.275098 0.540449 0.260614 0.512724 0.261442 0.551208 0.270546 0.475482 0.274270 0.587623 0.378549 0.417963 0.371514 0.635210 0.486551 0.376997 0.474137 0.607486 0.519242 0.408860 0.529587 0.549553 0.625176 0.444861 0.624762 0.536311 0.810560 0.457275 0.807249 0.526380 0.982288 0.451895 0.861458 0.004309 0.053105 0.026053 0.012061 0.356001 0.286913 0.007114 0.044318
0.523249 0.274364 0.534873 0.259834 0.504982 0.261079 0.548573 0.270628 0.472600 0.274779 0.588013 0.377322 0.418215 0.372755 0.636586 0.491074 0.375454 0.471147 0.602543 0.513077 0.408251 0.527193 0.549403 0.625584 0.444369 0.624339 0.533212 0.809497 0.459730 0.800779 0.526985 0.980955 0.453918 0.881734 0.016395 0.050456 0.021159 0.005330 0.445814 0.299029 0.007929 0.055593
0.516206 0.274055 0.529087 0.259512 0.498338 0.260343 0.545293 0.270731 0.468835 0.274886 0.586846 0.376691 0.418556 0.373367 0.635463 0.500104 0.376172 0.472679 0.595572 0.506752 0.406921 0.529607 0.549864 0.626010 0.444734 0.623932 0.532411 0.811336 0.460525 0.798870 0.527841 0.982119 0.462602 0.914388 0.021370 0.022929 0.016987 0.004482 0.566884 0.286040 0.006878 0.058541
0.509137 0.269169 0.523839 0.255306 0.492334 0.255726 0.543583 0.269589 0.467129 0.272109 0.587271 0.377968 0.417980 0.372087 0.634739 0.506931 0.378073 0.469965 0.593572 0.503571 0.404118 0.526675 0.550304 0.627073 0.444445 0.622872 0.535601 0.814006 0.459988 0.796783 0.528460 0.979516 0.470070 0.955152 0.011258 0.008135 0.021910 0.005094 0.638191 0.260274 0.006686 0.053357
0.502209 0.270863 0.517780 0.256976 0.486218 0.257817 0.539662 0.271283 0.463915 0.273808 0.585532 0.376910 0.418466 0.373122 0.633085 0.502315 0.379750 0.470753 0.586374 0.502735 0.402475 0.528826 0.550604 0.626457 0.445398 0.623511 0.536296 0.811618 0.460127 0.800256 0.528300 0.981630 0.472752 0.981630 0.009589 0.004344 0.019717 0.007643 0.612502 0.238897 0.005091 0.051013
0.497791 0.271057 0.513783 0.257169 0.482219 0.258011 0.538192 0.269795 0.462439 0.274003 0.582802 0.377533 0.419933 0.372482 0.628254 0.502946 0.385003 0.471382 0.580698 0.497475 0.404362 0.531564 0.550397 0.626255 0.446868 0.623730 0.536930 0.811008 0.461177 0.807221 0.532300 0.977244 0.475906 1.000000 0.014299 0.001161 0.018078 0.009222 0.647134 0.207137 0.003484 0.047934
0.494304 0.272058 0.510759 0.256447 0.478693 0.256447 0.535230 0.270370 0.460129 0.272480 0.584173 0.377538 0.418359 0.372475 0.629318 0.507067 0.388824 0.475423 0.579954 0.497363 0.403591 0.531960 0.550419 0.626048 0.447049 0.623939 0.538606 0.810849 0.463504 0.815068 0.536918 0.969069 0.477849 1.000000 0.016926 0.005285 0.022650 0.008824 0.668537 0.170254 0.003224 0.047658
0.489764 0.275335 0.505893 0.261274 0.475290 0.262514 0.532774 0.273267 0.458748 0.277402 0.581988 0.378311 0.419460 0.371694 0.623344 0.500724 0.390097 0.472602 0.572890 0.499897 0.407880 0.534635 0.550144 0.626032 0.448409 0.623964 0.538564 0.803862 0.466192 0.811719 0.538151 0.944471 0.476531 1.000000 0.019762 0.013495 0.019997 0.006309 0.608923 0.179000 0.001843 0.050757
0.486031 0.277424 0.501643 0.263456 0.470419 0.264688 0.530403 0.275370 0.456039 0.279068 0.581347 0.376438 0.419063 0.373562 0.624075 0.495173 0.391948 0.472987 0.569022 0.503800 0.408381 0.532149 0.550534 0.625411 0.449055 0.624589 0.535744 0.795090 0.467132 0.812346 0.541906 0.919987 0.477814 1.000000 0.043370 0.013328 0.011519 0.007300 0.560473 0.170996 0.000514 0.058229
0.481805 0.275494 0.498664 0.261514 0.467414 0.262747 0.529091 0.275083 0.455078 0.277961 0.580900 0.375000 0.418483 0.375000 0.624897 0.486842 0.389700 0.474507 0.570210 0.511924 0.409026 0.530428 0.551295 0.625000 0.449322 0.625000 0.535259 0.793173 0.468647 0.812088 0.547183 0.903782 0.480160 1.000000 0.064445 0.014408 0.007258 0.006303 0.482419 0.195541 0.000781 0.063025
0.478315 0.274308 0.494759 0.259919 0.464748 0.261564 0.526413 0.271430 0.452827 0.276774 0.579445 0.374615 0.415417 0.375437 0.622610 0.481090 0.387051 0.475745 0.571634 0.518088 0.406373 0.533299 0.553957 0.624974 0.451182 0.624974 0.535046 0.799690 0.469270 0.811201 0.553545 0.886843 0.483659 1.000000 0.100896 0.008123 0.002028 0.014493 0.422753 0.190821 0.006543 0.065140
0.473993 0.269786 0.491054 0.255639 0.461094 0.256887 0.524343 0.268954 0.450275 0.273115 0.580518 0.373814 0.411576 0.376311 0.622129 0.479090 0.379952 0.480339 0.572611 0.528192 0.404919 0.539010 0.556383 0.624729 0.451523 0.625146 0.537242 0.802409 0.470664 0.813228 0.557631 0.876893 0.489389 1.000000 0.119211 0.002653 0.003637 0.018385 0.371158 0.222003 0.010069 0.066442
0.469846 0.267042 0.487017 0.252384 0.457701 0.253641 0.521778 0.264530 0.447650 0.269136 0.581247 0.372161 0.409120 0.378024 0.622290 0.483143 0.376454 0.486494 0.575803 0.545126 0.404095 0.544707 0.557376 0.624698 0.452257 0.625117 0.538948 0.806876 0.471522 0.807714 0.560726 0.865508 0.490368 1.000000 0.145290 0.003077 0.002092 0.021556 0.317583 0.234219 0.012267 0.065547
0.465612 0.268189 0.483013 0.253274 0.454425 0.254931 0.519473 0.265703 0.446967 0.270261 0.578720 0.371354 0.412165 0.378812 0.622224 0.487778 0.375290 0.491921 0.587007 0.555311 0.404707 0.546611 0.555933 0.624088 0.453182 0.625746 0.545989 0.798516 0.474727 0.805560 0.562976 0.858178 0.493785 0.987031 0.106420 0.004649 0.010496 0.014437 0.266832 0.257396 0.011608 0.056084
0.461096 0.270260 0.477886 0.255517 0.450858 0.256746 0.517200 0.267393 0.445124 0.271488 0.576990 0.371001 0.413182 0.379192 0.618351 0.486895 0.374278 0.493857 0.594599 0.556104 0.408677 0.544638 0.555285 0.623675 0.454543 0.626132 0.551190 0.792397 0.477067 0.801816 0.564704 0.859148 0.491810 0.972995 0.071308 0.013240 0.019551 0.012238 0.214350 0.293643 0.012517 0.048312
0.458992 0.271294 0.475722 0.256605 0.449199 0.257421 0.514893 0.268438 0.443487 0.271294 0.576099 0.370040 0.412068 0.380241 0.619759 0.483474 0.376160 0.494083 0.602214 0.551617 0.416148 0.538560 0.556105 0.623024 0.455728 0.626696 0.554473 0.793584 0.481026 0.802969 0.561818 0.863767 0.494491 0.963736 0.036237 0.018775 0.022059 0.010436 0.197169 0.330356 0.015072 0.048419
0.454756 0.274184 0.470879 0.260077 0.446292 0.260883 0.511588 0.270959 0.443067 0.274184 0.574869 0.370113 0.412838 0.380190 0.618400 0.478537 0.376965 0.491032 0.604696 0.545445 0.422108 0.527711 0.555925 0.623237 0.456368 0.626461 0.553507 0.798166 0.481358 0.802197 0.556731 0.879585 0.493450 0.956973 0.017000 0.020145 0.019378 0.010726 0.185833 0.382442 0.015659 0.049363
0.452136 0.276804 0.467453 0.262697 0.444075 0.263906 0.509371 0.272773 0.442463 0.276401 0.573458 0.370718 0.414248 0.379585 0.615377 0.474305 0.378376 0.489621 0.607719 0.541213 0.427146 0.520657 0.555320 0.623438 0.456973 0.626260 0.551290 0.797158 0.482769 0.802398 0.551290 0.899536 0.493652 0.957174 0.007384 0.023944 0.015422 0.008301 0.158673 0.419918 0.015659 0.053672
0.449082 0.278405 0.464561 0.263741 0.440528 0.265371 0.506925 0.272295 0.439306 0.276369 0.574136 0.369650 0.413643 0.380649 0.613649 0.470671 0.378612 0.491446 0.609983 0.535846 0.432381 0.514257 0.555806 0.623018 0.456414 0.626684 0.550918 0.797768 0.479633 0.801841 0.540734 0.933005 0.489816 0.961112 0.015022 0.021625 0.014087 0.012837 0.136563 0.469761 0.015565 0.050851
0.446464 0.279930 0.461993 0.264809 0.438699 0.266443 0.505721 0.272574 0.441560 0.276660 0.573561 0.370246 0.414179 0.380054 0.611159 0.472006 0.376581 0.496118 0.610750 0.539846 0.439516 0.510013 0.556397 0.622806 0.455863 0.626893 0.547815 0.799762 0.475480 0.806709 0.534329 0.961596 0.486922 0.967318 0.011039 0.011948 0.006173 0.018664 0.114574 0.530552 0.015617 0.050013
0.447539 0.279622 0.462674 0.264487 0.439767 0.266941 0.507261 0.272668 0.442221 0.277985 0.573937 0.370841 0.414405 0.379431 0.609524 0.471877 0.378817 0.496421 0.613615 0.538144 0.446721 0.502557 0.556347 0.623228 0.455311 0.626500 0.544076 0.802394 0.472082 0.805257 0.528941 0.986469 0.486399 0.972970 0.004345 0.002668 0.000374 0.022450 0.088174 0.565312 0.014849 0.051545
0.450741 0.281678 0.465336 0.265867 0.442227 0.268299 0.509933 0.273570 0.442632 0.279651 0.572774 0.370872 0.415874 0.379386 0.605613 0.472634 0.377764 0.499392 0.614533 0.528177 0.452363 0.497770 0.555341 0.623452 0.456011 0.626290 0.541151 0.801434 0.473850 0.802650 0.526555 0.993606 0.483175 0.960361 0.001192 0.013290 0.003390 0.019209 0.048680 0.604797 0.014459 0.057412
0.453825 0.282143 0.468878 0.267090 0.444875 0.269125 0.512408 0.274413 0.443247 0.279702 0.573433 0.371239 0.416397 0.378968 0.604759 0.473760 0.376121 0.502644 0.616557 0.528275 0.453011 0.498169 0.554718 0.623879 0.455452 0.625914 0.538038 0.811428 0.472539 0.804918 0.524613 1.000000 0.481896 0.951784 0.006961 0.010039 0.004699 0.019636 0.026552 0.618718 0.012953 0.058528
0.458280 0.280998 0.473785 0.265901 0.449304 0.267941 0.517443 0.272838 0.446040 0.278142 0.575381 0.371169 0.417887 0.378921 0.607206 0.472357 0.375045 0.500102 0.621078 0.526215 0.455016 0.494798 0.552940 0.624139 0.453792 0.625771 0.537435 0.812234 0.472969 0.801217 0.526011 1.000000 0.482761 0.938718 0.007823 0.012024 0.001984 0.011322 0.016751 0.629250 0.008573 0.060833
0.460793 0.280627 0.476353 0.265476 0.451375 0.267114 0.520985 0.272437 0.448509 0.277351 0.577902 0.370710 0.419027 0.379309 0.610250 0.471849 0.375624 0.502150 0.623762 0.525080 0.455470 0.495189 0.551286 0.624991 0.451785 0.624991 0.537364 0.817441 0.473896 0.797377 0.523852 1.000000 0.481267 0.925132 0.000716 0.022263 0.010210 0.001586 0.019405 0.635791 0.003911 0.063593
0.460177 0.279385 0.476147 0.264643 0.451577 0.266691 0.519963 0.272424 0.448711 0.276109 0.579749 0.371521 0.418818 0.378483 0.612508 0.471438 0.372545 0.496417 0.623155 0.525900 0.450758 0.498464 0.551084 0.624998 0.450349 0.624998 0.534295 0.815413 0.470005 0.793300 0.519963 1.000000 0.475738 0.905501 0.003978 0.020757 0.007851 0.003486 0.039397 0.610686 0.001823 0.065001
0.462124 0.281987 0.477965 0.266552 0.453189 0.268583 0.522644 0.273457 0.451970 0.277113 0.580321 0.372563 0.420289 0.377437 0.615658 0.470451 0.373985 0.488729 0.624187 0.527721 0.451970 0.501726 0.550264 0.624797 0.449127 0.625203 0.532798 0.812448 0.464561 0.799451 0.517770 1.000000 0.469842 0.892464 0.005105 0.010071 0.008212 0.008760 0.063212 0.572932 0.000776 0.057663
0.463149 0.279499 0.478899 0.264153 0.454668 0.265768 0.523322 0.270211 0.453457 0.273038 0.583092 0.374403 0.419937 0.375615 0.623476 0.470923 0.373091 0.481019 0.626707 0.526654 0.439726 0.508077 0.549168 0.624789 0.447803 0.625193 0.530188 0.814597 0.461534 0.809347 0.511611 1.000000 0.467187 0.889713 0.000534 0.001330 0.011139 0.011703 0.107706 0.510346 0.003856 0.055415
0.460663 0.274557 0.477507 0.259767 0.453268 0.260178 0.523109 0.269216 0.452857 0.270038 0.584734 0.376443 0.417526 0.373567 0.630336 0.470934 0.370691 0.477918 0.631157 0.530504 0.428618 0.522698 0.551456 0.624584 0.446284 0.625406 0.528861 0.806992 0.459431 0.811512 0.507498 1.000000 0.460663 0.880120 0.004666 0.016731 0.003204 0.013743 0.138734 0.424809 0.002876 0.061679
0.459573 0.271670 0.476486 0.257644 0.453385 0.257644 0.523101 0.267957 0.454210 0.267957 0.585392 0.378100 0.417083 0.371912 0.635307 0.474217 0.371706 0.477518 0.632007 0.534446 0.422034 0.536096 0.551153 0.625200 0.446372 0.624788 0.530114 0.804647 0.457098 0.809597 0.507425 0.993169 0.454210 0.877250 0.000979 0.032031 0.006678 0.018252 0.169888 0.355113 0.003153 0.055602
0.457645 0.271861 0.475042 0.257777 0.451845 0.257363 0.521851 0.267719 0.454331 0.267305 0.585228 0.378733 0.417050 0.371277 0.640736 0.481463 0.372727 0.475664 0.625823 0.541941 0.409594 0.536556 0.551261 0.625202 0.446460 0.624788 0.529721 0.800008 0.456402 0.813264 0.506938 0.984342 0.451431 0.876641 0.000000 0.041689 0.004567 0.019989 0.234638 0.301104 0.002902 0.055801
0.455029 0.275248 0.471791 0.260939 0.449714 0.260530 0.517988 0.270751 0.453803 0.269933 0.584218 0.378681 0.417008 0.371322 0.639001 0.482523 0.372038 0.471484 0.614062 0.535670 0.403926 0.532399 0.550694 0.626021 0.448079 0.623976 0.526574 0.800589 0.454212 0.805495 0.504497 0.971887 0.449306 0.875404 0.002910 0.033050 0.000821 0.028199 0.294176 0.287837 0.001564 0.054455
0.454647 0.277801 0.471692 0.263191 0.449777 0.261973 0.515118 0.274148 0.455865 0.272119 0.582488 0.377638 0.418121 0.372362 0.638088 0.484781 0.377131 0.464489 0.603591 0.527394 0.401076 0.522524 0.549208 0.625608 0.450183 0.624391 0.529728 0.805397 0.458705 0.805803 0.506189 0.962052 0.450994 0.877231 0.013118 0.049174 0.008110 0.025334 0.368987 0.257813 0.000776 0.049299
0.450450 0.279575 0.467171 0.265301 0.448003 0.264486 0.514477 0.275497 0.454936 0.275497 0.582991 0.379082 0.419048 0.370926 0.639269 0.484299 0.373373 0.461053 0.588700 0.521818 0.396618 0.520595 0.549142 0.627035 0.448819 0.622957 0.527935 0.804435 0.459830 0.800765 0.507137 0.969193 0.452082 0.898641 0.002098 0.044834 0.005317 0.017740 0.453159 0.267786 0.002596 0.057558
0.448223 0.278799 0.464971 0.265319 0.446998 0.263685 0.511540 0.277165 0.455168 0.275940 0.581393 0.378472 0.418811 0.371528 0.636948 0.488766 0.375511 0.460172 0.576899 0.510008 0.396752 0.515319 0.549939 0.626838 0.449857 0.623162 0.528697 0.804126 0.457210 0.799632 0.511132 0.969567 0.454759 0.922590 0.004286 0.019599 0.002142 0.025819 0.540299 0.261669 0.000246 0.051213
0.445003 0.279298 0.462145 0.265830 0.443779 0.264197 0.508673 0.277666 0.452758 0.275217 0.579281 0.378884 0.418066 0.371130 0.632339 0.493980 0.380109 0.458880 0.567037 0.503367 0.396026 0.513571 0.550711 0.627034 0.451941 0.622952 0.528264 0.801310 0.460104 0.794779 0.511530 0.965790 0.457247 0.946199 0.008503 0.021116 0.004291 0.027454 0.592051 0.220104 0.003378 0.055886
0.444041 0.278495 0.460666 0.265519 0.443230 0.263897 0.506894 0.277278 0.451745 0.274845 0.577856 0.378654 0.420116 0.371355 0.624894 0.495033 0.386865 0.459754 0.559609 0.495438 0.399841 0.512469 0.549877 0.626821 0.452151 0.623171 0.532846 0.800781 0.461477 0.796320 0.514598 0.962982 0.464721 0.962982 0.004597 0.010933 0.004674 0.023149 0.620288 0.191346 0.002581 0.048193
0.442090 0.278148 0.458403 0.264690 0.440459 0.263466 0.505302 0.275293 0.449839 0.274477 0.578301 0.377247 0.419660 0.372761 0.626423 0.496737 0.389482 0.463704 0.555055 0.488989 0.400901 0.517536 0.550569 0.626423 0.451470 0.623568 0.534664 0.800561 0.461257 0.801377 0.521206 0.963688 0.468598 0.982039 0.002793 0.004579 0.006288 0.022653 0.656292 0.168522 0.002596 0.046496
0.439547 0.279054 0.455913 0.265143 0.437910 0.264325 0.503785 0.274963 0.448548 0.274963 0.578661 0.378480 0.419907 0.371524 0.626123 0.494272 0.396176 0.466858 0.550020 0.485679 0.404359 0.525777 0.550020 0.627248 0.451412 0.622748 0.536517 0.803596 0.463687 0.802368 0.529562 0.958258 0.472689 0.994264 0.010018 0.006799 0.012163 0.017992 0.659611 0.121586 0.001822 0.046043
0.437045 0.277198 0.453861 0.263664 0.436635 0.262434 0.502666 0.275968 0.448939 0.273917 0.578539 0.378500 0.417769 0.371528 0.624474 0.492925 0.397673 0.469548 0.546960 0.484723 0.405876 0.524505 0.551881 0.626627 0.451810 0.623346 0.538347 0.797240 0.465344 0.804622 0.535066 0.944886 0.475597 0.999843 0.018125 0.007019 0.008870 0.019048 0.655071 0.111529 0.004701 0.048919
