0.535663 0.265961 0.549037 0.248129 0.517832 0.248129 0.562411 0.265961 0.477711 0.261503 0.589158 0.377408 0.424216 0.372950 0.615905 0.484397 0.357347 0.479939 0.620363 0.493313 0.419758 0.515603 0.544579 0.627050 0.442047 0.622592 0.531205 0.805366 0.468795 0.805366 0.486626 0.948018 0.419758 0.872234 0.072583 0.247664 0.032420 0.023555 0.069605 0.512558 0.017036 0.070082
0.535984 0.262734 0.544979 0.244742 0.513494 0.249240 0.558473 0.258236 0.477510 0.258236 0.589959 0.379680 0.423535 0.370684 0.616946 0.505622 0.351568 0.474137 0.621444 0.478635 0.410041 0.514618 0.544979 0.627067 0.441527 0.622569 0.531486 0.811482 0.473012 0.802486 0.482008 0.950918 0.428033 0.892445 0.085287 0.202729 0.033999 0.032448 0.880238 0.500719 0.017189 0.078395
0.533103 0.264969 0.546344 0.251728 0.515448 0.251728 0.559585 0.264969 0.475724 0.264969 0.590482 0.379726 0.427173 0.370898 0.621378 0.503310 0.356554 0.476828 0.612550 0.490069 0.413932 0.516551 0.541930 0.626895 0.440415 0.622481 0.528689 0.807858 0.480138 0.799030 0.480138 0.935856 0.436001 0.922615 0.092152 0.179635 0.038490 0.053709 0.890812 0.494416 0.022498 0.093696
0.533103 0.264969 0.546344 0.247314 0.515448 0.247314 0.559585 0.260555 0.475724 0.260555 0.590482 0.379726 0.427173 0.370898 0.630205 0.503310 0.352140 0.472414 0.612550 0.485655 0.409519 0.507724 0.541930 0.626895 0.440415 0.622481 0.524276 0.803444 0.480138 0.799030 0.480138 0.931442 0.449242 0.940270 0.073972 0.138997 0.030014 0.053709 0.848994 0.527010 0.022498 0.102172
0.532814 0.261551 0.541564 0.248426 0.510938 0.248426 0.559065 0.261551 0.475936 0.261551 0.594067 0.379682 0.423434 0.370931 0.633444 0.497812 0.353431 0.467186 0.607193 0.484687 0.401558 0.506563 0.541564 0.624693 0.440935 0.624693 0.519688 0.808452 0.480312 0.808452 0.475936 0.935333 0.462811 0.957209 0.067981 0.104470 0.029477 0.045275 0.750000 0.481878 0.022301 0.104910
0.526052 0.262280 0.539077 0.249254 0.508684 0.249254 0.552103 0.262280 0.473948 0.262280 0.591180 0.379512 0.421845 0.370828 0.634600 0.496744 0.352375 0.462008 0.599864 0.488060 0.400136 0.509769 0.543419 0.627001 0.443555 0.622659 0.513026 0.809362 0.482632 0.805020 0.469607 0.935278 0.473948 0.956987 0.053129 0.085362 0.008114 0.039820 0.690885 0.457244 0.016593 0.119762
0.526279 0.263485 0.539419 0.245966 0.508760 0.245966 0.552559 0.263485 0.473721 0.259105 0.591978 0.377363 0.421162 0.372983 0.640157 0.491240 0.355463 0.464961 0.600738 0.491240 0.394882 0.508760 0.543799 0.627017 0.443061 0.622637 0.508760 0.815353 0.478100 0.806593 0.451821 0.933610 0.482480 0.977409 0.084282 0.051753 0.002131 0.032062 0.627401 0.430694 0.016738 0.118464
0.524108 0.263304 0.532875 0.245770 0.502192 0.245770 0.546024 0.263304 0.467126 0.263304 0.589857 0.377268 0.418910 0.372885 0.638073 0.491233 0.353161 0.464934 0.594240 0.491233 0.392610 0.517533 0.546024 0.627115 0.445209 0.622732 0.506575 0.811212 0.480275 0.811212 0.449592 0.929560 0.493425 0.995309 0.075640 0.035853 0.011912 0.025167 0.627401 0.402264 0.011164 0.125744
0.518472 0.266384 0.531511 0.253345 0.501087 0.253345 0.544550 0.270730 0.466316 0.266384 0.588014 0.375042 0.418506 0.375042 0.635823 0.492394 0.353311 0.466316 0.592360 0.496740 0.392428 0.518472 0.544550 0.627131 0.448930 0.622784 0.509779 0.809677 0.483701 0.814024 0.453277 0.927029 0.501087 1.000000 0.082920 0.028391 0.005565 0.018353 0.591421 0.402264 0.008302 0.117162
0.517541 0.261002 0.530697 0.247846 0.495615 0.247846 0.543853 0.265387 0.460532 0.265387 0.587706 0.375019 0.416680 0.375019 0.635944 0.489037 0.350900 0.462725 0.600862 0.493422 0.390368 0.519734 0.548238 0.624981 0.447377 0.624981 0.508771 0.813548 0.482459 0.813548 0.451762 0.923180 0.508771 1.000000 0.086961 0.014421 0.015827 0.019655 0.587817 0.397584 0.005583 0.124226
0.517391 0.264130 0.526087 0.251087 0.495652 0.251087 0.543478 0.268478 0.460870 0.268478 0.586957 0.372826 0.413043 0.377174 0.634783 0.490217 0.352174 0.464130 0.595652 0.494565 0.391304 0.525000 0.552174 0.625000 0.447826 0.625000 0.513043 0.811957 0.482609 0.811957 0.447826 0.916304 0.508696 0.998913 0.112133 0.014421 0.022046 0.014165 0.587923 0.376262 0.000006 0.124226
0.516304 0.264139 0.524999 0.246749 0.494565 0.251096 0.538042 0.268487 0.459784 0.268487 0.585866 0.372831 0.411960 0.377179 0.633691 0.485870 0.351093 0.468479 0.594562 0.503261 0.394569 0.529347 0.551085 0.624995 0.451089 0.624995 0.516304 0.811945 0.485870 0.816292 0.446741 0.903246 0.511956 1.000000 0.148693 0.014109 0.014922 0.007402 0.494276 0.384599 0.002768 0.115800
0.511952 0.264211 0.524992 0.246825 0.494567 0.246825 0.538031 0.264211 0.459796 0.264211 0.581494 0.372869 0.411986 0.377216 0.633650 0.485874 0.351138 0.472835 0.594533 0.511952 0.398947 0.533684 0.555416 0.624958 0.451104 0.624958 0.529338 0.811850 0.490221 0.816197 0.451104 0.894431 0.511952 1.000000 0.197269 0.028206 0.011319 0.014375 0.450473 0.392380 0.008302 0.108353
0.514008 0.262940 0.522628 0.245699 0.492457 0.245699 0.535559 0.262940 0.457976 0.267250 0.582971 0.370694 0.414874 0.379315 0.626073 0.478449 0.350221 0.469829 0.591591 0.512931 0.401943 0.534481 0.552800 0.624995 0.449355 0.624995 0.531249 0.806023 0.488147 0.814644 0.445045 0.879296 0.505388 0.999981 0.238036 0.034698 0.000140 0.019838 0.371119 0.412208 0.002744 0.101940
0.510963 0.256616 0.524119 0.239075 0.493422 0.239075 0.537275 0.261002 0.458340 0.261002 0.585513 0.370634 0.410102 0.379405 0.629366 0.475881 0.348707 0.471496 0.594284 0.519734 0.405716 0.537275 0.554816 0.624981 0.449569 0.624981 0.541660 0.813548 0.489037 0.817934 0.449569 0.874942 0.502193 1.000000 0.290661 0.041525 0.016060 0.013500 0.340443 0.414469 0.005583 0.086395
0.509779 0.257691 0.522818 0.240306 0.492394 0.240306 0.535857 0.257691 0.457623 0.262037 0.579321 0.370696 0.414160 0.379389 0.622784 0.475008 0.348964 0.479355 0.596706 0.518472 0.405467 0.540204 0.553243 0.622784 0.453277 0.627131 0.544550 0.805331 0.492394 0.814024 0.453277 0.866180 0.496740 0.987877 0.297687 0.057719 0.017666 0.015827 0.297687 0.422168 0.008302 0.080821
0.514126 0.257691 0.522818 0.240306 0.492394 0.240306 0.535857 0.257691 0.457623 0.262037 0.579321 0.370696 0.414160 0.379389 0.622784 0.475008 0.348964 0.483701 0.601053 0.518472 0.409813 0.540204 0.553243 0.622784 0.453277 0.627131 0.553243 0.805331 0.496740 0.809677 0.453277 0.848794 0.492394 0.983531 0.369452 0.082359 0.032812 0.024555 0.273250 0.439592 0.008302 0.074403
0.513156 0.252231 0.526312 0.239075 0.491229 0.239075 0.539468 0.256616 0.456147 0.261002 0.578935 0.370634 0.416680 0.379405 0.622788 0.475881 0.350900 0.489037 0.605247 0.515348 0.421065 0.541660 0.552624 0.624981 0.451762 0.624981 0.557009 0.813548 0.486844 0.809163 0.473688 0.835475 0.491229 0.980189 0.425493 0.051753 0.040213 0.014745 0.258791 0.467188 0.005583 0.052511
0.516592 0.251116 0.525441 0.237842 0.494469 0.237842 0.538715 0.255541 0.459072 0.259965 0.578537 0.370580 0.419251 0.379429 0.618358 0.472346 0.352882 0.494469 0.605084 0.516592 0.423676 0.538715 0.551989 0.622783 0.450223 0.627207 0.569688 0.813041 0.485620 0.813041 0.481195 0.835164 0.481195 0.981176 0.451546 0.068287 0.062909 0.020329 0.211499 0.488757 0.002817 0.030387
0.516304 0.253270 0.529347 0.240227 0.494565 0.240227 0.542390 0.257618 0.459784 0.261966 0.577171 0.370657 0.420655 0.379352 0.611952 0.470653 0.359788 0.501087 0.611952 0.509782 0.433698 0.535868 0.551085 0.622821 0.451089 0.627169 0.577171 0.805423 0.481522 0.805423 0.490218 0.853248 0.464132 0.961939 0.385107 0.089050 0.077979 0.014931 0.106550 0.507577 0.002768 0.008659
0.518478 0.253270 0.527173 0.240227 0.496739 0.240227 0.540216 0.257618 0.457610 0.261966 0.579345 0.370657 0.418481 0.379352 0.609778 0.483696 0.361962 0.505435 0.614126 0.509782 0.444567 0.527173 0.553259 0.622821 0.448915 0.627169 0.579345 0.801076 0.479349 0.809771 0.496739 0.870638 0.457610 0.957591 0.323471 0.099046 0.079066 0.013672 0.031145 0.552233 0.002768 0.006315
0.518162 0.255351 0.526708 0.242531 0.496795 0.242531 0.539528 0.259624 0.462608 0.263898 0.577989 0.370731 0.424148 0.379278 0.603629 0.473292 0.372868 0.507478 0.612175 0.503205 0.462608 0.524572 0.548075 0.622859 0.449788 0.627132 0.586535 0.793793 0.475428 0.806613 0.509615 0.874986 0.449788 0.947633 0.311846 0.102416 0.108036 0.012356 0.010607 0.561206 0.002720 0.025279
0.521364 0.255378 0.529910 0.242559 0.500000 0.242559 0.538456 0.259650 0.461544 0.263923 0.576912 0.370745 0.427361 0.379291 0.598276 0.477567 0.380359 0.511750 0.611095 0.503205 0.474363 0.516023 0.547002 0.622845 0.448725 0.627118 0.589731 0.793761 0.470090 0.798033 0.512819 0.887764 0.440180 0.943311 0.296254 0.104215 0.115569 0.012210 0.084751 0.594078 0.005440 0.038396
0.520473 0.256475 0.529094 0.239234 0.498922 0.243544 0.537714 0.260785 0.464441 0.260785 0.576506 0.368539 0.425649 0.381470 0.593747 0.467674 0.391168 0.510775 0.615297 0.497845 0.485992 0.510775 0.550645 0.622840 0.447200 0.627150 0.593747 0.799558 0.460131 0.808178 0.520473 0.915933 0.429960 0.950414 0.255015 0.089232 0.108409 0.005153 0.142622 0.582952 0.002744 0.053452
0.523504 0.255342 0.532051 0.238248 0.502137 0.242521 0.540598 0.259615 0.463675 0.263889 0.574786 0.370726 0.425214 0.379274 0.587607 0.477564 0.395299 0.511752 0.613248 0.498932 0.489316 0.507479 0.549145 0.622863 0.450855 0.627137 0.591880 0.798077 0.450855 0.806624 0.532051 0.930556 0.425214 0.943376 0.211175 0.058998 0.108409 0.032812 0.240843 0.585150 0.000006 0.076150
0.520473 0.250009 0.529094 0.237079 0.498922 0.241389 0.537714 0.254319 0.464441 0.262940 0.576506 0.370694 0.425649 0.379315 0.585126 0.478449 0.399788 0.512931 0.615297 0.500000 0.498922 0.504310 0.550645 0.624995 0.447200 0.624995 0.585126 0.806023 0.442890 0.806023 0.542024 0.956880 0.417029 0.948259 0.148498 0.049672 0.092172 0.035428 0.277158 0.588466 0.002744 0.067490
0.521186 0.252119 0.529661 0.239407 0.500000 0.239407 0.538136 0.256356 0.461864 0.264831 0.572034 0.370763 0.427966 0.379237 0.580508 0.480932 0.402542 0.510593 0.610169 0.502119 0.508475 0.493644 0.550847 0.625000 0.449153 0.625000 0.576271 0.807203 0.436441 0.798729 0.555085 0.972458 0.411017 0.942797 0.084718 0.032350 0.070595 0.050622 0.278131 0.611357 0.000006 0.067380
0.521874 0.254175 0.530207 0.237509 0.501042 0.241676 0.538540 0.258342 0.463543 0.266675 0.571872 0.370838 0.430211 0.379171 0.571872 0.479167 0.409378 0.508333 0.609371 0.500000 0.513541 0.491667 0.546873 0.624996 0.451043 0.624996 0.571872 0.799990 0.434377 0.795823 0.563539 0.974984 0.405212 0.933318 0.060313 0.035578 0.076376 0.057868 0.338586 0.601403 0.002652 0.076124
0.520658 0.261396 0.528922 0.244870 0.500000 0.249001 0.537185 0.265528 0.462815 0.269660 0.570238 0.372951 0.433893 0.377083 0.570238 0.480375 0.409103 0.509296 0.603292 0.496901 0.512395 0.492770 0.545448 0.624983 0.450420 0.624983 0.566107 0.806776 0.429762 0.798513 0.570238 0.980306 0.396708 0.926595 0.028440 0.042674 0.067226 0.058906 0.352416 0.609500 0.005260 0.073734
0.520658 0.261396 0.528922 0.244870 0.504132 0.249001 0.537185 0.265528 0.466947 0.269660 0.570238 0.372951 0.433893 0.377083 0.570238 0.480375 0.413235 0.505165 0.603292 0.496901 0.516527 0.488638 0.545448 0.624983 0.450420 0.624983 0.561975 0.806776 0.425630 0.798513 0.574370 0.984438 0.388445 0.914200 0.006685 0.053827 0.060067 0.066357 0.352416 0.601403 0.005260 0.074025
0.525826 0.261372 0.529958 0.248976 0.505165 0.248976 0.538222 0.265504 0.467976 0.269636 0.567146 0.372938 0.434920 0.377070 0.567146 0.480373 0.414259 0.509297 0.600203 0.496901 0.521693 0.488637 0.546486 0.624996 0.451448 0.624996 0.563014 0.810940 0.426655 0.798544 0.575411 0.984488 0.385334 0.901846 0.005522 0.075952 0.054253 0.066357 0.352416 0.609812 0.002632 0.073387
0.525614 0.264352 0.529712 0.247959 0.505123 0.252057 0.537909 0.268450 0.468239 0.272549 0.566596 0.375004 0.435453 0.375004 0.570694 0.481558 0.414962 0.506147 0.603480 0.497951 0.521516 0.489754 0.546105 0.624996 0.451846 0.624996 0.558400 0.805318 0.435453 0.793023 0.566596 0.981541 0.382176 0.891380 0.006875 0.127060 0.047702 0.051800 0.340180 0.597927 0.002609 0.052626
0.524790 0.257265 0.533053 0.244870 0.504132 0.249001 0.537185 0.265528 0.466947 0.269660 0.570238 0.372951 0.433893 0.377083 0.566107 0.484506 0.409103 0.505165 0.603292 0.496901 0.516527 0.492770 0.545448 0.624983 0.450420 0.624983 0.557843 0.806776 0.438025 0.794381 0.561975 0.984438 0.376050 0.877015 0.014268 0.181583 0.052878 0.044439 0.409368 0.597422 0.005260 0.044919
0.527892 0.261372 0.536156 0.248976 0.507231 0.248976 0.540288 0.265504 0.470042 0.269636 0.569212 0.372938 0.432854 0.377070 0.569212 0.480373 0.412193 0.509297 0.606401 0.505165 0.515495 0.501033 0.548552 0.624996 0.449382 0.624996 0.560948 0.806808 0.441118 0.802676 0.556816 0.980356 0.379136 0.868789 0.029247 0.224941 0.047702 0.035984 0.312833 0.574748 0.002632 0.036464
0.526856 0.259330 0.535119 0.246935 0.506198 0.246935 0.543383 0.263462 0.469012 0.267594 0.572304 0.370885 0.431827 0.379149 0.564041 0.482440 0.407037 0.511362 0.601226 0.507230 0.510329 0.503099 0.547514 0.622917 0.448354 0.627049 0.564041 0.800579 0.444223 0.808842 0.547514 0.974109 0.378116 0.858422 0.059749 0.287934 0.060734 0.028422 0.336368 0.584409 0.005260 0.036758
0.529163 0.256284 0.537495 0.243786 0.508332 0.243786 0.545827 0.260450 0.470837 0.264616 0.570823 0.372934 0.433343 0.377100 0.566657 0.485419 0.404180 0.510415 0.604152 0.510415 0.508332 0.510415 0.545827 0.622900 0.450007 0.627066 0.566657 0.802041 0.454173 0.814540 0.537495 0.972851 0.383350 0.856201 0.090674 0.337819 0.068573 0.014117 0.324617 0.568550 0.005304 0.029775
0.530207 0.256258 0.538540 0.243759 0.509375 0.243759 0.546873 0.264592 0.471876 0.264592 0.571872 0.372921 0.430211 0.377088 0.567706 0.485417 0.401045 0.506250 0.605205 0.506250 0.496875 0.514583 0.546873 0.622912 0.451043 0.627079 0.567706 0.806239 0.455210 0.818739 0.530207 0.964567 0.384379 0.847905 0.110042 0.382585 0.067743 0.019546 0.350369 0.543081 0.002652 0.029098
0.530982 0.251077 0.539528 0.238257 0.509615 0.238257 0.552348 0.259624 0.471155 0.259624 0.573715 0.375005 0.428421 0.375005 0.569442 0.494658 0.389961 0.507478 0.603629 0.507478 0.483975 0.520298 0.548075 0.622859 0.449788 0.627132 0.565169 0.810886 0.458335 0.823706 0.518162 0.969000 0.389961 0.857893 0.120842 0.366247 0.061670 0.013080 0.397163 0.546800 0.002720 0.015027
0.526708 0.255351 0.539528 0.238257 0.509615 0.238257 0.548075 0.259624 0.471155 0.259624 0.573715 0.375005 0.428421 0.375005 0.573715 0.494658 0.381415 0.503205 0.607902 0.507478 0.475428 0.524572 0.548075 0.622859 0.449788 0.627132 0.556622 0.810886 0.471155 0.819433 0.505342 0.964727 0.398508 0.862166 0.116875 0.365970 0.047271 0.008312 0.385800 0.540734 0.002720 0.020764
0.528601 0.252128 0.541312 0.239416 0.511652 0.239416 0.549786 0.260602 0.473518 0.260602 0.575209 0.375004 0.426909 0.375004 0.583683 0.493644 0.376064 0.497881 0.609106 0.497881 0.469281 0.523304 0.545549 0.624996 0.452332 0.624996 0.549786 0.802955 0.486229 0.811430 0.498941 0.955492 0.409961 0.862275 0.109994 0.370082 0.045167 0.024990 0.424734 0.540135 0.002697 0.049672
0.530719 0.254246 0.539194 0.237298 0.509534 0.237298 0.551905 0.258483 0.471399 0.258483 0.577328 0.377123 0.424791 0.372886 0.594276 0.500000 0.369708 0.495763 0.611225 0.483051 0.458688 0.525423 0.547668 0.622877 0.450214 0.627114 0.543431 0.800837 0.492585 0.805074 0.488348 0.953374 0.416317 0.877105 0.102729 0.333495 0.030654 0.042677 0.706370 0.531726 0.002697 0.081980
0.529661 0.256356 0.542373 0.239407 0.508475 0.239407 0.550847 0.260593 0.470339 0.260593 0.576271 0.375000 0.423729 0.375000 0.601695 0.502119 0.364407 0.493644 0.610169 0.480932 0.453390 0.527542 0.546610 0.625000 0.453390 0.625000 0.542373 0.807203 0.495763 0.807203 0.487288 0.951271 0.423729 0.904661 0.108846 0.275340 0.030189 0.035143 0.816048 0.531726 0.000006 0.080134
0.527774 0.253241 0.540592 0.240423 0.510682 0.236150 0.549138 0.261787 0.467953 0.257514 0.579048 0.377155 0.425225 0.372882 0.600413 0.501068 0.361131 0.488250 0.608958 0.466885 0.442316 0.526706 0.544865 0.624982 0.450862 0.624982 0.540592 0.808716 0.497864 0.804443 0.480772 0.945448 0.438043 0.945448 0.123873 0.209251 0.036228 0.049276 0.867674 0.520602 0.005440 0.088937
0.527165 0.248998 0.540204 0.235959 0.509779 0.231613 0.553243 0.257691 0.470662 0.253345 0.583667 0.375042 0.422852 0.375042 0.605399 0.492394 0.353311 0.483701 0.614092 0.483701 0.431545 0.531511 0.544550 0.622784 0.448930 0.627131 0.531511 0.809677 0.496740 0.809677 0.479355 0.953107 0.453277 0.983531 0.088845 0.159515 0.027676 0.048724 0.691714 0.506609 0.008302 0.103707
0.523703 0.250037 0.536632 0.237108 0.506465 0.237108 0.549562 0.258657 0.467677 0.254347 0.584039 0.375019 0.420270 0.375019 0.609897 0.495690 0.347005 0.482761 0.618517 0.482761 0.424580 0.530168 0.545252 0.624981 0.450438 0.624981 0.519394 0.814608 0.497845 0.810299 0.467677 0.956829 0.471987 0.974067 0.067878 0.129566 0.005863 0.041487 0.745640 0.515479 0.005488 0.122858
0.523501 0.248968 0.536319 0.236150 0.506409 0.231877 0.549138 0.257514 0.467953 0.257514 0.583321 0.372882 0.420952 0.377155 0.617504 0.496795 0.352586 0.479704 0.621777 0.471158 0.420952 0.526706 0.544865 0.624982 0.450862 0.624982 0.519228 0.812988 0.497864 0.808716 0.459408 0.941175 0.489318 0.979631 0.095843 0.095621 0.005046 0.041487 0.861753 0.495453 0.005440 0.122858
0.520298 0.248941 0.533118 0.236121 0.503205 0.236121 0.545938 0.257487 0.464745 0.257487 0.580125 0.372868 0.422011 0.377141 0.622859 0.501068 0.349364 0.479702 0.614312 0.475428 0.413465 0.535255 0.545938 0.624995 0.451925 0.624995 0.511752 0.808749 0.494658 0.813023 0.460472 0.941223 0.498932 0.996777 0.059011 0.063734 0.015652 0.032903 0.999997 0.468871 0.002720 0.129686
0.523501 0.248968 0.532047 0.236150 0.502136 0.236150 0.544865 0.257514 0.463681 0.257514 0.583321 0.372882 0.420952 0.377155 0.626050 0.501068 0.352586 0.475431 0.608958 0.479704 0.408133 0.530978 0.544865 0.624982 0.450862 0.624982 0.506409 0.800170 0.497864 0.812988 0.459408 0.932629 0.510682 0.996722 0.039755 0.055807 0.020598 0.039747 0.887640 0.443469 0.005440 0.146761
0.520298 0.248941 0.528845 0.236121 0.498932 0.236121 0.541665 0.257487 0.460472 0.261761 0.584399 0.372868 0.417738 0.377141 0.627132 0.501068 0.349364 0.475428 0.605765 0.488248 0.400645 0.530982 0.545938 0.624995 0.451925 0.624995 0.498932 0.800203 0.494658 0.817296 0.456198 0.932676 0.520298 1.000000 0.015891 0.026465 0.035251 0.025975 0.774437 0.430744 0.002720 0.153040
0.519231 0.248932 0.527778 0.236111 0.497863 0.236111 0.540598 0.261752 0.459402 0.261752 0.583333 0.372863 0.416667 0.377137 0.630342 0.496795 0.348291 0.475427 0.604701 0.492521 0.403846 0.535256 0.549145 0.625000 0.450855 0.625000 0.502137 0.800214 0.493590 0.817308 0.450855 0.924145 0.523504 1.000000 0.041450 0.019385 0.040536 0.025975 0.667970 0.431686 0.000006 0.153040
