0.490630 0.289700 0.509370 0.277207 0.476055 0.275125 0.536438 0.287618 0.455233 0.283454 0.578082 0.377152 0.413590 0.372987 0.644711 0.481260 0.380275 0.458356 0.563506 0.500000 0.403179 0.504164 0.557260 0.624931 0.451069 0.624931 0.546849 0.799833 0.463562 0.816491 0.542685 0.914353 0.467726 0.999722 0.007355 0.013497 0.007762 0.026277 0.609026 0.266016 0.010607 0.039655
0.490276 0.292219 0.508700 0.277890 0.475947 0.275842 0.533265 0.288125 0.451381 0.286078 0.576254 0.376150 0.412486 0.374103 0.641762 0.474411 0.385874 0.458034 0.559878 0.503071 0.404298 0.505118 0.555784 0.623850 0.455476 0.625897 0.551689 0.791712 0.465711 0.814230 0.539407 0.892020 0.475947 0.994375 0.031022 0.000788 0.018485 0.036544 0.580000 0.216461 0.014340 0.025045
0.488702 0.288930 0.505136 0.272497 0.472268 0.272497 0.529786 0.284822 0.449672 0.282768 0.574979 0.375207 0.410642 0.375207 0.640713 0.467646 0.385992 0.459429 0.568816 0.508730 0.404479 0.510785 0.558545 0.623766 0.455835 0.625820 0.556491 0.796319 0.468160 0.816861 0.542111 0.880542 0.482539 0.987361 0.050037 0.006273 0.017225 0.036282 0.531512 0.200626 0.018319 0.024297
0.485381 0.282277 0.504177 0.269746 0.468673 0.267658 0.531327 0.282277 0.447788 0.280189 0.577273 0.372081 0.408107 0.378347 0.635751 0.470239 0.383046 0.474416 0.593981 0.516186 0.403930 0.526628 0.560566 0.622698 0.454054 0.626875 0.562654 0.800218 0.470761 0.816925 0.548035 0.877491 0.485381 0.990268 0.063262 0.001129 0.024934 0.030279 0.405877 0.202346 0.018624 0.024167
0.484671 0.273762 0.501586 0.258961 0.467756 0.258961 0.531187 0.271647 0.446612 0.271647 0.577703 0.368909 0.406439 0.381595 0.634792 0.468284 0.385295 0.485199 0.594618 0.527487 0.402210 0.544402 0.560788 0.622634 0.455069 0.626863 0.565017 0.802356 0.469870 0.815042 0.552331 0.865787 0.486785 0.975735 0.070321 0.008399 0.028678 0.037321 0.355754 0.152667 0.020204 0.017496
0.485721 0.271533 0.502644 0.256725 0.468797 0.256725 0.530145 0.267302 0.445527 0.269417 0.576685 0.366727 0.409565 0.383651 0.629571 0.466153 0.384180 0.495769 0.587262 0.542309 0.401103 0.550771 0.559761 0.622695 0.453989 0.626926 0.568223 0.802508 0.470913 0.808854 0.553415 0.859624 0.487836 0.967512 0.095715 0.004301 0.035983 0.027968 0.317021 0.165890 0.017516 0.014557
0.484728 0.269861 0.503686 0.255115 0.467875 0.255115 0.528965 0.267754 0.442597 0.267754 0.577415 0.366761 0.408892 0.383614 0.623759 0.457343 0.381507 0.497367 0.592161 0.533178 0.410999 0.554243 0.558456 0.621653 0.455236 0.627972 0.562670 0.790176 0.467875 0.802815 0.556350 0.872331 0.486834 0.956592 0.032393 0.016076 0.031588 0.036690 0.276197 0.227464 0.017443 0.015014
0.485770 0.273897 0.504743 0.259140 0.468904 0.259140 0.532150 0.269681 0.445714 0.271789 0.580638 0.366657 0.409875 0.383523 0.627018 0.446768 0.382469 0.497365 0.601720 0.524771 0.409875 0.537420 0.557448 0.621748 0.452039 0.628072 0.559556 0.794619 0.468904 0.805160 0.559556 0.893704 0.485770 0.959057 0.003882 0.004521 0.032740 0.024122 0.266876 0.266201 0.012082 0.026342
0.486764 0.277640 0.505824 0.262816 0.469823 0.260698 0.531236 0.275522 0.446528 0.271287 0.582061 0.366584 0.410527 0.383526 0.622298 0.449175 0.380879 0.497882 0.603238 0.523295 0.418997 0.527530 0.556649 0.622827 0.450763 0.627063 0.556649 0.798597 0.465587 0.802833 0.556649 0.929896 0.482529 0.959544 0.000001 0.007496 0.031465 0.025337 0.224418 0.370330 0.009439 0.026782
0.488878 0.276501 0.507944 0.261672 0.474049 0.261672 0.535484 0.274383 0.450745 0.272264 0.584209 0.367595 0.412613 0.382425 0.615986 0.450216 0.376599 0.501059 0.605394 0.518007 0.421087 0.520126 0.554551 0.623931 0.448627 0.626049 0.552432 0.801882 0.465575 0.804001 0.554551 0.965005 0.480404 0.958649 0.007922 0.000179 0.032877 0.016492 0.166212 0.464934 0.004047 0.034013
0.493144 0.281136 0.510020 0.266369 0.476268 0.264259 0.539554 0.276917 0.453063 0.272698 0.583854 0.367627 0.412982 0.382393 0.609168 0.452008 0.370791 0.500527 0.602840 0.519513 0.425639 0.511075 0.554321 0.622880 0.448844 0.627100 0.550101 0.810629 0.467830 0.804301 0.552211 0.996268 0.478377 0.954078 0.010769 0.011596 0.029514 0.012345 0.122528 0.548713 0.004029 0.041127
0.497925 0.283721 0.514522 0.269199 0.481328 0.267124 0.541492 0.281647 0.456433 0.277497 0.582985 0.370855 0.414941 0.379154 0.603731 0.455914 0.369299 0.495332 0.599582 0.520227 0.433612 0.503631 0.553940 0.623958 0.448135 0.626033 0.547716 0.810674 0.464732 0.806525 0.547716 1.000000 0.475105 0.939300 0.010606 0.004371 0.025762 0.013356 0.096657 0.578308 0.002642 0.039794
0.500517 0.284093 0.517045 0.269630 0.483988 0.269630 0.543905 0.279961 0.459195 0.275828 0.583160 0.370869 0.415807 0.379133 0.601755 0.457645 0.368286 0.492769 0.597623 0.523760 0.436467 0.505165 0.552169 0.622933 0.448864 0.627065 0.543905 0.810948 0.461261 0.808882 0.545971 1.000000 0.473657 0.930781 0.017264 0.010590 0.024958 0.020523 0.087062 0.568828 0.001313 0.035652
0.505040 0.286290 0.523185 0.272177 0.490927 0.270161 0.545363 0.284274 0.464718 0.280242 0.581653 0.372984 0.418347 0.377016 0.601815 0.453629 0.373992 0.485887 0.597782 0.520161 0.444556 0.504032 0.551411 0.622984 0.448589 0.627016 0.541331 0.806452 0.456653 0.808468 0.543347 0.991935 0.478831 0.897177 0.020932 0.063841 0.020847 0.024181 0.097247 0.543031 0.000004 0.031610
0.509694 0.282145 0.526020 0.267859 0.493367 0.267859 0.548469 0.280104 0.466837 0.276022 0.583163 0.371940 0.415817 0.378062 0.603571 0.459694 0.375001 0.482143 0.589285 0.531122 0.436225 0.518877 0.552551 0.622958 0.448470 0.627040 0.542347 0.808671 0.450511 0.806630 0.536224 0.984180 0.475000 0.890303 0.006372 0.087016 0.021156 0.037892 0.135566 0.446940 0.001300 0.021089
0.504132 0.275834 0.522726 0.261372 0.487604 0.261372 0.549585 0.271702 0.464877 0.269636 0.586774 0.375004 0.415292 0.375004 0.609500 0.467976 0.380169 0.486571 0.595038 0.538222 0.431821 0.536156 0.551651 0.624996 0.446283 0.624996 0.545453 0.806808 0.444217 0.798544 0.535123 0.976223 0.466943 0.881185 0.008538 0.089213 0.033583 0.043049 0.140944 0.353577 0.002632 0.007058
0.503676 0.266809 0.522584 0.252103 0.486870 0.250002 0.549895 0.264708 0.461660 0.260506 0.587709 0.376052 0.413341 0.373951 0.617121 0.478992 0.383930 0.485294 0.594012 0.548319 0.421744 0.544117 0.554096 0.623948 0.444853 0.626049 0.549895 0.802518 0.440652 0.810922 0.530987 0.964282 0.461660 0.880249 0.029549 0.100891 0.035411 0.046817 0.191002 0.264067 0.001339 0.000282
0.501055 0.267413 0.520041 0.252646 0.486287 0.250536 0.545357 0.267413 0.460972 0.261084 0.585440 0.377114 0.412450 0.372895 0.625523 0.486815 0.382916 0.480486 0.591769 0.547994 0.418779 0.543775 0.555905 0.623941 0.446204 0.626050 0.553796 0.799040 0.439876 0.805369 0.532699 0.957262 0.458862 0.885535 0.038358 0.085255 0.034073 0.053422 0.271989 0.249383 0.002686 0.007395
0.501064 0.269714 0.520210 0.256950 0.484045 0.252695 0.545738 0.267587 0.458517 0.261205 0.584030 0.378209 0.411715 0.371827 0.630832 0.490959 0.377677 0.476067 0.581903 0.544143 0.413842 0.535633 0.556375 0.624982 0.447880 0.624982 0.549993 0.803679 0.443625 0.805807 0.535101 0.958976 0.460644 0.910047 0.019066 0.059003 0.024161 0.052656 0.361984 0.274151 0.005418 0.003874
0.498923 0.273741 0.518316 0.258657 0.481684 0.256502 0.546329 0.269431 0.455826 0.265121 0.585117 0.377173 0.410574 0.372864 0.632523 0.495690 0.373941 0.471987 0.585117 0.534478 0.408419 0.528013 0.557104 0.624981 0.447206 0.624981 0.550639 0.803834 0.445051 0.810299 0.539865 0.967603 0.460135 0.954674 0.009411 0.036837 0.024331 0.049630 0.402844 0.288278 0.005488 0.007799
0.494100 0.276339 0.513409 0.261321 0.476937 0.259176 0.541300 0.269903 0.453337 0.263466 0.584208 0.377174 0.410428 0.372883 0.637844 0.495173 0.376101 0.467282 0.575626 0.525209 0.401847 0.518772 0.556318 0.623899 0.449046 0.626044 0.547736 0.806260 0.446901 0.814842 0.543445 0.965022 0.461919 0.980040 0.006367 0.032475 0.020862 0.051801 0.492637 0.258601 0.006829 0.011351
0.492618 0.276970 0.511600 0.262207 0.475746 0.260098 0.539017 0.272752 0.452547 0.268534 0.581198 0.378204 0.412475 0.371876 0.636032 0.494200 0.378731 0.462565 0.560107 0.513181 0.401930 0.508963 0.555889 0.624960 0.450438 0.624960 0.549562 0.804227 0.454656 0.816882 0.545344 0.953968 0.458874 0.998258 0.002264 0.000405 0.021304 0.040398 0.562584 0.260972 0.008057 0.018224
0.489678 0.279114 0.508257 0.264664 0.473163 0.262599 0.535094 0.274985 0.448391 0.270857 0.576381 0.376139 0.413297 0.374074 0.636247 0.489678 0.382332 0.462842 0.559866 0.506193 0.400911 0.508257 0.557802 0.623861 0.452520 0.625926 0.547480 0.799331 0.458713 0.819975 0.543351 0.935579 0.460777 1.000000 0.009060 0.006695 0.005127 0.039022 0.586672 0.230443 0.013146 0.028858
0.486125 0.278519 0.504625 0.262075 0.469681 0.262075 0.533402 0.274408 0.447071 0.272352 0.576568 0.375128 0.412127 0.375128 0.642344 0.482014 0.383350 0.461459 0.556013 0.500514 0.397738 0.502569 0.558068 0.623844 0.453237 0.625900 0.549846 0.800618 0.461459 0.825284 0.547791 0.919838 0.467626 1.000000 0.009307 0.002963 0.008838 0.038603 0.608404 0.209583 0.014399 0.027913
0.484277 0.279880 0.504565 0.263650 0.468047 0.263650 0.530938 0.277852 0.443702 0.273794 0.573542 0.373203 0.411242 0.377260 0.642520 0.478698 0.386897 0.464497 0.553255 0.503043 0.405156 0.509129 0.559341 0.622739 0.455875 0.626797 0.553255 0.799241 0.463990 0.829672 0.547168 0.908794 0.474133 1.000000 0.006696 0.004748 0.007125 0.043612 0.599574 0.210232 0.019385 0.023698
0.483066 0.277806 0.501539 0.261386 0.466645 0.261386 0.528223 0.273701 0.442014 0.271649 0.573380 0.372226 0.409173 0.378384 0.643169 0.472803 0.388647 0.470751 0.571328 0.511802 0.405067 0.517960 0.561065 0.622643 0.456382 0.626748 0.561065 0.807376 0.466645 0.832007 0.552854 0.899743 0.481013 1.000000 0.028220 0.009365 0.015642 0.043890 0.534779 0.176155 0.022232 0.015902
0.481532 0.275820 0.500000 0.259404 0.465116 0.259404 0.526676 0.271716 0.438440 0.267612 0.575924 0.370212 0.405608 0.380472 0.639535 0.468707 0.389192 0.483071 0.580028 0.513851 0.405608 0.530267 0.561560 0.622606 0.456908 0.626710 0.565664 0.805234 0.467168 0.821650 0.555404 0.883209 0.483584 1.000000 0.048796 0.011797 0.025247 0.048642 0.475950 0.157052 0.023536 0.009586
0.479811 0.270346 0.497981 0.256213 0.461640 0.254194 0.524227 0.266308 0.437413 0.264289 0.574701 0.367255 0.407129 0.383406 0.633250 0.464164 0.390977 0.490410 0.586814 0.526751 0.411167 0.546940 0.562587 0.621641 0.455583 0.627698 0.568644 0.799307 0.469716 0.809402 0.552492 0.871989 0.483849 0.983031 0.080452 0.001149 0.025994 0.037619 0.376178 0.156875 0.023156 0.013861
0.477588 0.267216 0.495925 0.252954 0.461288 0.252954 0.522412 0.263142 0.436838 0.263142 0.577425 0.365016 0.408313 0.385391 0.630400 0.464853 0.387938 0.501528 0.583537 0.544315 0.414425 0.554503 0.561125 0.621740 0.453138 0.627853 0.569275 0.799002 0.469438 0.805115 0.555012 0.874389 0.485738 0.972189 0.074142 0.001770 0.034808 0.029002 0.324893 0.202865 0.018169 0.014563
0.478013 0.267856 0.496421 0.253539 0.459605 0.253539 0.523010 0.261720 0.435061 0.263766 0.578233 0.363986 0.406427 0.386485 0.627321 0.460116 0.385973 0.501023 0.592551 0.537838 0.410517 0.543974 0.559826 0.621696 0.455514 0.627832 0.570052 0.797594 0.469832 0.805775 0.555735 0.883497 0.486194 0.963265 0.071054 0.007397 0.041184 0.038314 0.284182 0.221498 0.019544 0.007071
0.477002 0.271047 0.495400 0.254693 0.458604 0.256737 0.521975 0.262870 0.434074 0.266958 0.577169 0.363037 0.405455 0.387568 0.624187 0.450939 0.380924 0.504088 0.595568 0.534752 0.413631 0.534752 0.560816 0.620609 0.456560 0.628786 0.564904 0.796413 0.470870 0.810722 0.556727 0.908845 0.487224 0.964039 0.030510 0.008841 0.027585 0.041472 0.261082 0.326313 0.022141 0.017583
0.480389 0.275728 0.496480 0.259637 0.462286 0.261648 0.522628 0.269694 0.438149 0.273717 0.574925 0.364230 0.407978 0.386355 0.619176 0.442675 0.379818 0.503017 0.601073 0.519108 0.414012 0.527154 0.558834 0.619679 0.458263 0.629736 0.560845 0.792660 0.472343 0.810763 0.554811 0.929436 0.484412 0.955584 0.017735 0.001755 0.023726 0.040146 0.237511 0.379738 0.021786 0.021007
0.487874 0.279201 0.504042 0.263032 0.467663 0.263032 0.528295 0.273137 0.443411 0.273137 0.576800 0.364085 0.409053 0.386316 0.623284 0.440884 0.376716 0.501516 0.603073 0.519705 0.419158 0.519705 0.558610 0.620758 0.455537 0.628842 0.556589 0.802652 0.469684 0.808715 0.554568 0.962315 0.483832 0.960294 0.000500 0.004640 0.018983 0.035294 0.253146 0.458227 0.018022 0.028521
0.489890 0.282140 0.508088 0.265964 0.471693 0.265964 0.534372 0.276074 0.447430 0.276074 0.578854 0.365038 0.409014 0.385257 0.617271 0.443892 0.372620 0.504549 0.603117 0.518703 0.425189 0.516681 0.558635 0.621820 0.453496 0.627886 0.556613 0.811879 0.467649 0.807835 0.554591 0.997895 0.481803 0.955435 0.000000 0.005445 0.021626 0.032732 0.203820 0.522064 0.015452 0.028370
0.492505 0.283140 0.510493 0.269150 0.474517 0.269150 0.536476 0.277144 0.450532 0.277144 0.580448 0.367086 0.410558 0.383076 0.610428 0.445036 0.368585 0.500999 0.600435 0.510993 0.428546 0.510993 0.556463 0.622920 0.452531 0.626918 0.552466 0.812797 0.464523 0.802804 0.552466 1.000000 0.476515 0.940714 0.006700 0.005939 0.023054 0.032590 0.164740 0.556278 0.011454 0.028370
0.495607 0.288165 0.513179 0.272546 0.478036 0.272546 0.540512 0.280356 0.454607 0.280356 0.579560 0.368213 0.413606 0.381880 0.604941 0.446309 0.368701 0.493167 0.599084 0.510738 0.431178 0.508786 0.554179 0.622025 0.452654 0.627882 0.548322 0.815312 0.466321 0.807502 0.548322 1.000000 0.476083 0.920741 0.009643 0.003200 0.022082 0.025935 0.128881 0.544101 0.008701 0.033815
0.500483 0.290097 0.517854 0.274656 0.483111 0.274656 0.541016 0.286237 0.459950 0.284307 0.579618 0.369233 0.415556 0.380814 0.604710 0.442578 0.373093 0.486972 0.595060 0.515924 0.436788 0.513994 0.552596 0.622082 0.452229 0.627872 0.542946 0.811235 0.459950 0.809305 0.541016 0.996529 0.477321 0.905812 0.012911 0.043152 0.017664 0.033370 0.146566 0.493404 0.006144 0.029763
0.500965 0.289118 0.518338 0.273676 0.485523 0.273676 0.543431 0.283327 0.458499 0.281397 0.580106 0.372119 0.416033 0.377910 0.607130 0.451261 0.375497 0.486006 0.595548 0.524611 0.437266 0.522681 0.553082 0.623055 0.450778 0.626915 0.543431 0.804500 0.454639 0.810291 0.535710 0.991737 0.470081 0.891363 0.003795 0.053212 0.017233 0.037430 0.154588 0.443646 0.004915 0.023616
0.502930 0.285163 0.520507 0.269538 0.485352 0.269538 0.545897 0.279304 0.459962 0.275397 0.584958 0.373051 0.413089 0.376957 0.610348 0.457033 0.383793 0.486329 0.596677 0.533202 0.424807 0.531249 0.553709 0.623043 0.448244 0.626949 0.547850 0.806631 0.446291 0.800772 0.534179 0.982407 0.465821 0.876942 0.014553 0.083473 0.029428 0.048047 0.149983 0.318847 0.002487 0.006578
0.501976 0.278169 0.519762 0.262359 0.486166 0.262359 0.545453 0.276193 0.460476 0.272240 0.584978 0.376980 0.413046 0.373028 0.614621 0.471839 0.385379 0.481720 0.596835 0.541007 0.420951 0.544959 0.555334 0.624008 0.446642 0.625984 0.549406 0.801868 0.442690 0.795939 0.531620 0.969847 0.460476 0.869060 0.022972 0.083353 0.027409 0.049431 0.176527 0.242438 0.002516 0.003207
0.500980 0.277948 0.518627 0.264223 0.485295 0.264223 0.544116 0.275987 0.459805 0.274027 0.585292 0.377945 0.412748 0.372063 0.618624 0.475981 0.385298 0.477942 0.589213 0.544606 0.418630 0.544606 0.553920 0.624996 0.448041 0.624996 0.551959 0.797540 0.442159 0.801461 0.530391 0.954398 0.459805 0.866165 0.039878 0.095357 0.036588 0.054737 0.233203 0.228331 0.002497 0.006990
0.499020 0.279929 0.516665 0.264245 0.481375 0.264245 0.544112 0.274047 0.457848 0.274047 0.585284 0.377956 0.410795 0.372075 0.620573 0.477944 0.379427 0.472062 0.585284 0.536760 0.412756 0.538721 0.555875 0.624985 0.448046 0.624985 0.549994 0.797512 0.444125 0.799473 0.530388 0.948474 0.457848 0.883776 0.030262 0.058519 0.026869 0.053700 0.280021 0.244350 0.004993 0.003696
0.500000 0.285493 0.517712 0.271717 0.484256 0.269749 0.543295 0.279589 0.458673 0.277621 0.582654 0.377987 0.411442 0.372083 0.625949 0.482288 0.376019 0.470481 0.592494 0.523615 0.411442 0.529519 0.557071 0.625949 0.448833 0.623981 0.549199 0.801097 0.446865 0.801097 0.535423 0.950662 0.458673 0.917206 0.014939 0.035796 0.018429 0.050443 0.341856 0.282015 0.007518 0.010760
0.497048 0.286477 0.514760 0.272701 0.481304 0.270733 0.542311 0.280573 0.455721 0.276637 0.581670 0.377003 0.412426 0.373067 0.628901 0.489176 0.371099 0.463593 0.565926 0.516728 0.406522 0.518696 0.556087 0.624965 0.449817 0.624965 0.548215 0.798145 0.449817 0.802081 0.536407 0.949678 0.461625 0.947710 0.010294 0.025753 0.018267 0.046906 0.495579 0.318183 0.007518 0.014458
0.496080 0.288829 0.515679 0.273151 0.480402 0.273151 0.541156 0.280990 0.454924 0.279030 0.580353 0.377021 0.411808 0.373102 0.633268 0.490691 0.376531 0.463253 0.562714 0.506369 0.407888 0.514209 0.556835 0.623959 0.451005 0.625918 0.548995 0.798383 0.456884 0.804262 0.539196 0.943409 0.460804 0.955168 0.007178 0.002225 0.015927 0.038471 0.569078 0.294323 0.009983 0.024786
0.495083 0.289533 0.512785 0.273797 0.477380 0.271830 0.538356 0.283632 0.453776 0.279698 0.579663 0.376080 0.410502 0.374113 0.636705 0.486231 0.377064 0.460660 0.561960 0.501967 0.404601 0.509835 0.558026 0.623920 0.451809 0.625887 0.548191 0.797014 0.459677 0.812750 0.540323 0.942571 0.463611 0.991745 0.000879 0.006399 0.009652 0.038367 0.586050 0.279853 0.012526 0.031461
0.492256 0.290924 0.509679 0.275437 0.474833 0.275437 0.534846 0.283180 0.451603 0.281244 0.577436 0.376103 0.410949 0.374167 0.641320 0.480641 0.379975 0.459346 0.560013 0.496128 0.405141 0.507744 0.558077 0.623897 0.453539 0.625833 0.552269 0.798127 0.467090 0.811679 0.540654 0.927832 0.467090 0.995588 0.017823 0.023169 0.014211 0.030193 0.614696 0.263653 0.014795 0.033776
0.488914 0.292250 0.506266 0.276825 0.471561 0.276825 0.531331 0.286466 0.448424 0.282610 0.577605 0.375157 0.409863 0.375157 0.645088 0.479273 0.384798 0.461921 0.562180 0.496626 0.404078 0.513979 0.558324 0.623879 0.454208 0.625807 0.554468 0.797405 0.469633 0.816686 0.540972 0.916946 0.473489 1.000000 0.028714 0.019104 0.017554 0.030073 0.617376 0.202425 0.015964 0.032738
0.488522 0.292922 0.505739 0.277619 0.471306 0.277619 0.530607 0.287183 0.448350 0.285270 0.576518 0.373266 0.410091 0.377092 0.645385 0.472740 0.387135 0.470827 0.568866 0.503348 0.406265 0.520564 0.559302 0.623864 0.454089 0.625777 0.557389 0.794117 0.473219 0.813247 0.543998 0.901243 0.478957 0.998804 0.036007 0.022527 0.018258 0.023371 0.571632 0.193324 0.017058 0.035945
0.484534 0.288305 0.501933 0.274772 0.467134 0.274772 0.528999 0.282505 0.443935 0.280572 0.575398 0.371437 0.407202 0.379170 0.643063 0.466168 0.384003 0.477767 0.581198 0.510633 0.407202 0.537699 0.561865 0.622764 0.455534 0.626630 0.561865 0.796759 0.472934 0.814159 0.546399 0.891490 0.480667 0.993954 0.051514 0.015767 0.017123 0.031948 0.499061 0.191121 0.022172 0.029450
