0.519778 0.280068 0.535601 0.264245 0.503956 0.264245 0.554588 0.276903 0.469146 0.270574 0.579903 0.375003 0.418514 0.375003 0.633700 0.463608 0.364718 0.476266 0.611548 0.545885 0.412185 0.530063 0.551423 0.624997 0.450159 0.624997 0.545094 0.814867 0.469146 0.811703 0.522943 0.995243 0.478640 0.985750 0.028290 0.014914 0.025501 0.007819 0.257401 0.385573 0.002013 0.042866
0.521093 0.284379 0.536718 0.265630 0.505469 0.265630 0.555468 0.281254 0.471094 0.271879 0.580467 0.375002 0.421095 0.375002 0.627341 0.465626 0.367971 0.475001 0.605467 0.543749 0.414845 0.524999 0.549218 0.624998 0.449220 0.624998 0.539843 0.812494 0.467969 0.806244 0.521093 0.990615 0.474219 0.978116 0.017481 0.021242 0.023681 0.002849 0.238845 0.395177 0.001990 0.048714
0.527511 0.280699 0.543231 0.261835 0.511790 0.264979 0.558952 0.277555 0.477205 0.271267 0.584105 0.378166 0.420612 0.371878 0.624978 0.466201 0.367162 0.475633 0.606113 0.541659 0.417468 0.522795 0.549519 0.626550 0.445764 0.623406 0.540087 0.815195 0.464629 0.808907 0.514934 0.997553 0.467773 0.978688 0.027728 0.026366 0.028136 0.000519 0.216339 0.411683 0.006006 0.048162
0.528653 0.276346 0.541388 0.260428 0.512735 0.260428 0.560490 0.273163 0.477714 0.266795 0.585959 0.378224 0.420408 0.371857 0.620980 0.467367 0.366285 0.473735 0.601878 0.540592 0.420408 0.515122 0.547755 0.626551 0.445877 0.623368 0.535020 0.817572 0.458612 0.811205 0.509551 1.000000 0.458612 0.983123 0.022441 0.021547 0.027400 0.010576 0.200381 0.447634 0.008108 0.042737
0.528017 0.275867 0.544026 0.259857 0.512007 0.259857 0.563238 0.275867 0.479988 0.266261 0.588853 0.381529 0.422354 0.368722 0.617670 0.477587 0.367921 0.471183 0.601661 0.551230 0.415950 0.519211 0.547228 0.628076 0.441565 0.621672 0.534420 0.823393 0.451171 0.810585 0.505603 1.000000 0.451171 0.980286 0.028159 0.016171 0.032396 0.007959 0.160911 0.405442 0.014273 0.037014
0.528808 0.274335 0.541612 0.258330 0.509603 0.258330 0.560818 0.271134 0.477594 0.267933 0.589626 0.379965 0.423178 0.370363 0.612032 0.482395 0.365561 0.472792 0.602430 0.562418 0.419977 0.524007 0.544813 0.626436 0.442383 0.623236 0.532009 0.821693 0.445584 0.812090 0.500000 1.000000 0.439182 0.975337 0.033504 0.017870 0.036406 0.018735 0.106566 0.422741 0.016309 0.026237
0.530409 0.272735 0.543212 0.253529 0.511203 0.256730 0.562418 0.269534 0.479194 0.266333 0.588025 0.378365 0.424778 0.371963 0.613633 0.480794 0.363961 0.471192 0.604030 0.560818 0.411975 0.538411 0.546413 0.628037 0.440783 0.621635 0.527208 0.823293 0.440783 0.813690 0.491998 1.000000 0.431180 0.948129 0.029474 0.022698 0.021359 0.020377 0.115995 0.372455 0.016309 0.031209
0.528337 0.266828 0.544529 0.247397 0.508906 0.250635 0.560722 0.263589 0.476521 0.263589 0.593107 0.380175 0.424705 0.370460 0.619015 0.474092 0.359935 0.467615 0.606061 0.558293 0.405274 0.538862 0.544529 0.626302 0.437659 0.623063 0.525098 0.827089 0.437659 0.814135 0.486236 1.000000 0.418228 0.933959 0.037669 0.051172 0.031318 0.016309 0.134268 0.367563 0.022698 0.030709
0.528787 0.269703 0.541581 0.250512 0.509596 0.250512 0.560773 0.266505 0.477610 0.263306 0.592758 0.381653 0.423234 0.368859 0.621545 0.477610 0.359263 0.468014 0.605553 0.554376 0.397646 0.547978 0.544780 0.627943 0.439227 0.621545 0.525589 0.823055 0.442426 0.810261 0.484007 0.995777 0.413639 0.912615 0.043991 0.092665 0.030033 0.014725 0.158153 0.324831 0.020377 0.036603
0.526568 0.265717 0.542670 0.246395 0.507246 0.249615 0.561992 0.262497 0.478262 0.262497 0.590976 0.381651 0.423516 0.368769 0.626400 0.478262 0.355888 0.468601 0.607078 0.545890 0.388092 0.549111 0.545890 0.629620 0.439618 0.619959 0.523348 0.829284 0.442838 0.813182 0.481483 0.999964 0.407414 0.916234 0.040778 0.110696 0.021463 0.015072 0.200454 0.310644 0.018462 0.041091
0.525445 0.267022 0.541348 0.247938 0.506361 0.247938 0.563612 0.263841 0.477736 0.260661 0.592237 0.381523 0.420485 0.368801 0.630404 0.483302 0.356874 0.470580 0.611321 0.537372 0.385499 0.546914 0.547709 0.629609 0.439569 0.620067 0.522264 0.826805 0.449111 0.804541 0.480916 0.995376 0.407763 0.903139 0.035718 0.142844 0.015684 0.007680 0.222200 0.292008 0.016206 0.057296
0.526845 0.266290 0.539478 0.247341 0.507896 0.247341 0.558427 0.263132 0.476313 0.263132 0.593168 0.383145 0.422623 0.367354 0.631067 0.506316 0.353142 0.471576 0.605801 0.515791 0.381566 0.544215 0.545794 0.629488 0.438414 0.620013 0.520529 0.828457 0.454206 0.803191 0.476313 0.995843 0.413148 0.916887 0.041999 0.137680 0.020270 0.007505 0.480815 0.305893 0.020120 0.067578
0.523392 0.269200 0.538986 0.250487 0.504678 0.250487 0.560819 0.266081 0.476608 0.266081 0.592008 0.381481 0.423587 0.369006 0.626316 0.506238 0.354970 0.462573 0.588889 0.481287 0.379922 0.534308 0.545224 0.627876 0.439181 0.621638 0.520273 0.830605 0.464132 0.802535 0.473489 0.995907 0.420468 0.946005 0.048811 0.137671 0.020747 0.024006 0.772591 0.307960 0.019869 0.082610
0.522963 0.265012 0.538272 0.249704 0.504593 0.249704 0.556642 0.265012 0.477037 0.265012 0.593383 0.381358 0.421926 0.369111 0.627062 0.500765 0.357630 0.460963 0.593383 0.467086 0.382123 0.522198 0.544395 0.626296 0.440296 0.623235 0.526025 0.828370 0.470914 0.810000 0.477037 0.984519 0.452543 0.972272 0.067909 0.087604 0.033975 0.028751 0.837507 0.315519 0.019504 0.080580
0.517504 0.267119 0.532725 0.251898 0.499239 0.251898 0.550990 0.270163 0.471841 0.267119 0.590565 0.379754 0.423134 0.370622 0.627095 0.498478 0.359206 0.464992 0.578388 0.455859 0.380515 0.522831 0.544902 0.626334 0.441399 0.623290 0.526637 0.830296 0.468797 0.815075 0.474885 0.997727 0.462709 0.997727 0.066992 0.055774 0.029856 0.022197 0.823826 0.301885 0.017451 0.073597
0.511347 0.269282 0.526476 0.254153 0.493192 0.254153 0.547656 0.269282 0.465960 0.269282 0.593044 0.378211 0.420573 0.372160 0.629353 0.499244 0.357031 0.468985 0.574889 0.459908 0.375186 0.523450 0.547656 0.626327 0.438727 0.623302 0.520424 0.826030 0.468985 0.813927 0.478063 0.998501 0.468985 1.000000 0.033524 0.050107 0.014451 0.027137 0.791872 0.287277 0.017345 0.093247
0.504540 0.272237 0.519674 0.257104 0.486380 0.257104 0.543888 0.272237 0.462166 0.272237 0.592316 0.378173 0.419791 0.372120 0.634690 0.502270 0.359256 0.462922 0.574155 0.468976 0.371363 0.526484 0.546915 0.626367 0.440978 0.623340 0.519674 0.832186 0.471246 0.823105 0.477299 1.000000 0.477299 1.000000 0.031081 0.038222 0.015705 0.021083 0.764800 0.247080 0.015421 0.089751
0.504570 0.273018 0.519804 0.257784 0.486290 0.257784 0.541131 0.273018 0.461916 0.269971 0.592926 0.376607 0.416215 0.373560 0.632533 0.498477 0.361373 0.477149 0.571598 0.477149 0.376607 0.535038 0.550271 0.626440 0.440589 0.623393 0.525897 0.839712 0.474103 0.830572 0.486290 1.000000 0.486290 1.000000 0.032812 0.032068 0.017605 0.020092 0.707190 0.236894 0.011641 0.087270
0.501515 0.273501 0.516665 0.258351 0.483335 0.258351 0.537876 0.273501 0.459094 0.270471 0.589387 0.373494 0.413643 0.376524 0.634839 0.488637 0.362131 0.482577 0.568177 0.494697 0.380312 0.540149 0.553026 0.624991 0.443944 0.624991 0.528786 0.837096 0.474244 0.834066 0.492425 1.000000 0.489395 1.000000 0.025608 0.022450 0.009482 0.007185 0.590814 0.241289 0.003857 0.082034
0.499242 0.273489 0.514394 0.258338 0.484091 0.255308 0.535605 0.270459 0.456819 0.270459 0.587120 0.373487 0.411365 0.376517 0.626513 0.485606 0.362881 0.485606 0.568938 0.518939 0.384093 0.549242 0.553787 0.624998 0.447728 0.624998 0.532575 0.837115 0.475000 0.834085 0.496212 1.000000 0.493182 1.000000 0.031107 0.013272 0.010216 0.004967 0.440502 0.235541 0.001931 0.073011
0.496951 0.266786 0.512194 0.251543 0.478660 0.248494 0.536583 0.266786 0.457320 0.263737 0.585360 0.373485 0.411592 0.376534 0.634136 0.483233 0.362815 0.489330 0.576214 0.525913 0.384155 0.559447 0.554874 0.623466 0.448175 0.626515 0.542680 0.836865 0.475612 0.830768 0.503049 0.995390 0.493903 1.000000 0.059810 0.014490 0.020458 0.003749 0.430990 0.223960 0.003881 0.060673
0.496258 0.264260 0.511226 0.249292 0.478297 0.249292 0.532180 0.261266 0.454349 0.261266 0.583070 0.372027 0.412439 0.378014 0.627973 0.482787 0.367536 0.491768 0.586064 0.542658 0.391485 0.557625 0.556129 0.623483 0.448362 0.626477 0.550142 0.833030 0.478297 0.824049 0.499252 0.961752 0.493265 1.000000 0.110749 0.023797 0.024883 0.002164 0.317000 0.230689 0.005718 0.056957
0.499252 0.258342 0.511223 0.243378 0.478303 0.243378 0.529179 0.258342 0.451369 0.261334 0.583047 0.369071 0.409472 0.381041 0.627937 0.476807 0.364582 0.497755 0.598010 0.548631 0.397501 0.557609 0.559105 0.623448 0.448376 0.626440 0.565091 0.829942 0.475310 0.817971 0.508230 0.919722 0.493266 1.000000 0.188932 0.015171 0.039094 0.005578 0.251332 0.276935 0.009527 0.035247
0.498513 0.262056 0.510410 0.244211 0.480667 0.247185 0.528256 0.259082 0.450924 0.262056 0.581793 0.369131 0.409284 0.381028 0.632356 0.473231 0.361695 0.502974 0.608562 0.544614 0.403335 0.544614 0.557999 0.621946 0.450924 0.627895 0.569896 0.830147 0.477693 0.821224 0.525281 0.913427 0.489590 1.000000 0.174717 0.023612 0.048040 0.009394 0.246341 0.368433 0.011363 0.025626
0.505175 0.264156 0.517004 0.246413 0.484474 0.249370 0.531791 0.264156 0.451944 0.264156 0.582065 0.370619 0.410542 0.379491 0.629381 0.474124 0.360268 0.506654 0.620509 0.536227 0.401670 0.521440 0.558406 0.621988 0.448987 0.627903 0.576150 0.820126 0.478560 0.823084 0.531791 0.920674 0.487432 1.000000 0.160685 0.032475 0.058300 0.001014 0.181652 0.510653 0.009414 0.019435
0.510228 0.264034 0.521916 0.249423 0.489772 0.249423 0.533605 0.264034 0.454706 0.266956 0.583282 0.369233 0.407951 0.380921 0.627115 0.471509 0.361197 0.509497 0.627115 0.527030 0.413796 0.509497 0.559905 0.620540 0.448862 0.629306 0.577438 0.807559 0.475161 0.819248 0.539449 0.930291 0.481006 1.000000 0.125302 0.033531 0.059280 0.008166 0.128881 0.611017 0.011164 0.014040
0.512349 0.267540 0.521067 0.250106 0.492009 0.253011 0.535595 0.264634 0.454234 0.267540 0.582087 0.366336 0.410648 0.383770 0.625674 0.470942 0.364156 0.517434 0.625674 0.520340 0.416460 0.502906 0.558841 0.622041 0.448423 0.627853 0.573370 0.808009 0.471669 0.822538 0.538501 0.959108 0.471669 0.999789 0.097010 0.037828 0.053675 0.011046 0.125666 0.692795 0.009251 0.013010
0.516516 0.265901 0.525133 0.248667 0.493537 0.251539 0.536623 0.265901 0.456196 0.268774 0.582581 0.369307 0.410238 0.380796 0.622794 0.466968 0.367153 0.507181 0.628539 0.518670 0.430345 0.487074 0.559602 0.622076 0.447579 0.627821 0.573964 0.811653 0.470558 0.823142 0.539495 0.975379 0.461941 1.000000 0.090117 0.052423 0.052926 0.010478 0.089111 0.702638 0.009144 0.013209
0.515984 0.270411 0.527609 0.250068 0.495641 0.255880 0.542140 0.264599 0.457860 0.270411 0.577014 0.369221 0.417174 0.380846 0.620607 0.465126 0.370674 0.500000 0.623513 0.520343 0.446235 0.497094 0.556671 0.622060 0.449142 0.627872 0.568295 0.825493 0.466579 0.831306 0.547952 1.000000 0.452048 1.000000 0.054538 0.052035 0.043725 0.013749 0.119062 0.630669 0.007401 0.009048
0.514994 0.272236 0.526418 0.255100 0.495002 0.257956 0.540698 0.269380 0.460730 0.272236 0.577825 0.372195 0.415035 0.377907 0.614953 0.466442 0.372195 0.500714 0.620665 0.520706 0.446450 0.486434 0.557834 0.623521 0.449306 0.626377 0.563545 0.826295 0.460730 0.829151 0.543554 1.000000 0.443594 1.000000 0.042100 0.048138 0.034231 0.025716 0.086069 0.667312 0.009092 0.008949
0.521320 0.267683 0.533083 0.250039 0.500735 0.252980 0.550727 0.264743 0.462506 0.264743 0.580135 0.373549 0.415454 0.376490 0.615423 0.476474 0.368403 0.500000 0.615423 0.535289 0.453684 0.497059 0.556609 0.623510 0.447802 0.626451 0.556609 0.838183 0.462506 0.835242 0.547787 1.000000 0.433099 1.000000 0.014243 0.074948 0.029871 0.018586 0.105137 0.626830 0.005617 0.022379
0.521550 0.270130 0.533044 0.255763 0.504310 0.255763 0.547411 0.267257 0.466956 0.270130 0.581891 0.373572 0.415235 0.376445 0.610625 0.482760 0.372135 0.502873 0.616372 0.534480 0.452589 0.491380 0.556031 0.623555 0.446843 0.626428 0.556031 0.836185 0.461209 0.827565 0.550284 1.000000 0.438222 0.979853 0.009223 0.070385 0.032812 0.017336 0.046685 0.649749 0.003658 0.022698
0.525143 0.271555 0.536637 0.257188 0.505029 0.257188 0.551005 0.268682 0.470546 0.268682 0.579740 0.375002 0.418823 0.375002 0.605602 0.487069 0.378594 0.501437 0.617096 0.533045 0.467673 0.492816 0.553878 0.624998 0.447558 0.624998 0.553878 0.837638 0.464799 0.826144 0.548131 1.000000 0.436064 0.958326 0.008964 0.095355 0.032812 0.009212 0.005786 0.628765 0.001828 0.027217
0.525713 0.270729 0.539997 0.256444 0.508571 0.253588 0.554282 0.267872 0.474287 0.265015 0.579995 0.379294 0.417148 0.370723 0.608564 0.493572 0.377151 0.496429 0.614278 0.530712 0.477144 0.499286 0.554282 0.624992 0.448575 0.624992 0.554282 0.842121 0.462860 0.830693 0.542854 1.000000 0.434290 0.927829 0.018169 0.113122 0.033191 0.017074 0.029389 0.588964 0.003638 0.022070
0.527776 0.263905 0.539471 0.246362 0.507309 0.246362 0.557014 0.263905 0.475148 0.260981 0.580404 0.377932 0.422520 0.372085 0.609642 0.491960 0.378663 0.497807 0.624261 0.521197 0.475148 0.506579 0.551166 0.626453 0.445910 0.623530 0.554090 0.845737 0.457605 0.834041 0.542395 1.000000 0.434215 0.936374 0.022413 0.089193 0.041521 0.011859 0.067687 0.577979 0.003722 0.013422
0.525140 0.261530 0.539506 0.244291 0.507901 0.244291 0.553871 0.264403 0.476297 0.261530 0.579730 0.376455 0.424580 0.373582 0.605588 0.488507 0.375737 0.500000 0.625700 0.511493 0.467677 0.517239 0.550998 0.626418 0.444692 0.623545 0.553871 0.839030 0.456185 0.833284 0.530886 1.000000 0.427453 0.907985 0.042697 0.134299 0.040729 0.008132 0.156618 0.558361 0.005488 0.013123
0.525855 0.258684 0.540219 0.241448 0.508618 0.241448 0.557456 0.261557 0.474145 0.258684 0.580438 0.379342 0.425307 0.370724 0.609167 0.485636 0.373597 0.497127 0.629276 0.505746 0.462654 0.531601 0.548838 0.626403 0.445417 0.623531 0.551710 0.833245 0.462654 0.827500 0.525855 1.000000 0.425307 0.899320 0.048216 0.179471 0.044915 0.001567 0.165978 0.506043 0.007316 0.022415
0.524709 0.255814 0.539244 0.238372 0.504360 0.238372 0.556686 0.255814 0.472384 0.255814 0.579942 0.377907 0.420058 0.372093 0.606105 0.494186 0.364826 0.497093 0.623546 0.505814 0.449128 0.540698 0.553779 0.625000 0.446221 0.625000 0.550872 0.837209 0.463663 0.831395 0.518895 1.000000 0.422965 0.909884 0.049820 0.179100 0.029218 0.005976 0.242386 0.480494 0.000005 0.031196
0.520349 0.254360 0.534884 0.236919 0.502907 0.236919 0.555233 0.257267 0.468023 0.254360 0.584302 0.379360 0.415698 0.370640 0.616279 0.515988 0.351744 0.498547 0.616279 0.507267 0.427326 0.542151 0.555233 0.626454 0.444767 0.623546 0.546512 0.835756 0.462209 0.824128 0.511628 1.000000 0.421512 0.925872 0.045743 0.148729 0.024021 0.008818 0.926819 0.481019 0.000005 0.040865
0.518056 0.256605 0.532501 0.239271 0.497833 0.239271 0.555613 0.259493 0.468944 0.256605 0.593169 0.380830 0.414053 0.369274 0.627837 0.522389 0.347607 0.493500 0.607614 0.487722 0.414053 0.539723 0.552724 0.626392 0.440054 0.623503 0.544057 0.837287 0.468944 0.819953 0.509389 1.000000 0.434276 0.949957 0.045037 0.129430 0.038887 0.014036 0.908357 0.462873 0.009197 0.059551
0.513492 0.261398 0.527695 0.244355 0.493609 0.244355 0.550419 0.261398 0.468044 0.255717 0.590186 0.380699 0.414075 0.369337 0.632793 0.517043 0.351584 0.482957 0.598707 0.485798 0.405553 0.531245 0.553259 0.627822 0.442480 0.622141 0.541897 0.832338 0.473725 0.812455 0.504971 1.000000 0.448161 0.980044 0.046123 0.099982 0.029549 0.016182 0.832580 0.427726 0.005426 0.069463
0.507102 0.261379 0.524146 0.244335 0.490057 0.244335 0.549713 0.264220 0.467332 0.258538 0.586642 0.380690 0.416199 0.369327 0.637775 0.517044 0.345180 0.480115 0.589483 0.474433 0.404836 0.525567 0.552553 0.627833 0.444606 0.622151 0.541191 0.832365 0.481535 0.812480 0.504261 1.000000 0.461650 1.000000 0.045167 0.092729 0.025964 0.025388 0.844332 0.474205 0.003618 0.078669
0.503571 0.257861 0.523571 0.240719 0.486429 0.240719 0.549285 0.260718 0.463572 0.255004 0.589284 0.377859 0.412144 0.372145 0.637855 0.512143 0.346431 0.483572 0.583570 0.480715 0.400716 0.529285 0.554999 0.626427 0.443572 0.623569 0.540714 0.834995 0.480715 0.823566 0.503571 1.000000 0.477858 1.000000 0.039236 0.062693 0.021862 0.018865 0.777521 0.446827 0.001818 0.080217
0.502841 0.267061 0.519885 0.247175 0.485796 0.250016 0.545452 0.261379 0.463071 0.258538 0.588063 0.377849 0.409097 0.372167 0.633514 0.511363 0.352282 0.485796 0.579540 0.485796 0.397734 0.531248 0.556814 0.624992 0.446026 0.624992 0.542611 0.838046 0.480115 0.832365 0.505681 1.000000 0.485796 1.000000 0.042600 0.043021 0.018844 0.005694 0.745256 0.397584 0.003618 0.073050
0.500000 0.269721 0.516850 0.250063 0.480342 0.250063 0.542124 0.264104 0.457876 0.264104 0.584248 0.373627 0.410135 0.376436 0.629181 0.508425 0.356778 0.488767 0.578632 0.497192 0.398902 0.536508 0.556166 0.623564 0.449451 0.626373 0.542124 0.836994 0.480342 0.836994 0.502808 1.000000 0.491575 1.000000 0.048693 0.028689 0.014705 0.003312 0.672021 0.371285 0.007152 0.067266
0.497996 0.278898 0.511356 0.262867 0.479293 0.262867 0.532731 0.273554 0.455245 0.273554 0.578154 0.372416 0.412494 0.377759 0.620905 0.497996 0.359056 0.492652 0.567466 0.500668 0.399135 0.543419 0.556778 0.623577 0.452573 0.626248 0.548763 0.829315 0.481964 0.831987 0.495324 0.997646 0.500668 1.000000 0.085452 0.014737 0.014630 0.005734 0.588542 0.351300 0.011910 0.057563
0.492650 0.274813 0.508687 0.258776 0.473940 0.261449 0.530069 0.272140 0.449884 0.272140 0.578181 0.371035 0.415137 0.379054 0.623619 0.491313 0.361680 0.491313 0.559471 0.510023 0.401773 0.544770 0.554125 0.622283 0.452557 0.627628 0.554125 0.828091 0.481958 0.833437 0.495323 0.977770 0.497995 1.000000 0.119154 0.019414 0.030384 0.002392 0.524640 0.346296 0.008509 0.045167
0.491412 0.273405 0.504624 0.257550 0.472914 0.260192 0.528407 0.270762 0.449132 0.273405 0.575972 0.368535 0.412137 0.381748 0.620895 0.482163 0.364571 0.490091 0.562760 0.516516 0.404209 0.548226 0.557475 0.622216 0.454417 0.627501 0.557475 0.830974 0.480842 0.833617 0.491412 0.960457 0.491412 1.000000 0.150171 0.024067 0.023169 0.013645 0.449956 0.322164 0.015146 0.040588
0.490700 0.270155 0.506643 0.254212 0.472100 0.254212 0.527900 0.270155 0.448185 0.267498 0.578386 0.368470 0.410985 0.381756 0.620901 0.485386 0.365813 0.493357 0.578386 0.535872 0.400356 0.551815 0.557129 0.623558 0.453500 0.626216 0.565101 0.838789 0.482728 0.830818 0.496014 0.939762 0.493357 1.000000 0.202786 0.029064 0.038249 0.009643 0.333800 0.292308 0.013537 0.033383
0.489543 0.267988 0.505228 0.254917 0.471244 0.254917 0.526142 0.267988 0.447716 0.267988 0.575812 0.369943 0.411117 0.380399 0.622868 0.487582 0.364061 0.500654 0.583655 0.542481 0.405888 0.552938 0.560127 0.623522 0.452944 0.626136 0.567970 0.837888 0.481700 0.827431 0.494772 0.911086 0.492157 1.000000 0.261640 0.028207 0.031305 0.008499 0.318550 0.333502 0.016650 0.033527
