0.508974 0.271166 0.526922 0.253218 0.488462 0.253218 0.547433 0.268602 0.460258 0.271166 0.580765 0.376289 0.421799 0.373725 0.593585 0.483975 0.401287 0.514743 0.616661 0.548074 0.496154 0.440388 0.552561 0.624993 0.444875 0.624993 0.537178 0.850623 0.455131 0.853187 0.532050 1.000000 0.462822 1.000000 0.013812 0.001349 0.014274 0.014854 0.072277 0.757581 0.003264 0.035966
0.510896 0.269899 0.526279 0.254516 0.490386 0.254516 0.546789 0.269899 0.459620 0.272463 0.580119 0.377579 0.423727 0.372451 0.590374 0.485258 0.400653 0.513460 0.618576 0.546789 0.500641 0.433982 0.551917 0.626267 0.444237 0.623703 0.536534 0.857009 0.454493 0.854445 0.528843 1.000000 0.464748 1.000000 0.009405 0.008164 0.014754 0.011789 0.106573 0.765408 0.004896 0.035327
0.510726 0.274131 0.525868 0.256465 0.490536 0.256465 0.548581 0.271607 0.462776 0.276655 0.581389 0.377602 0.427444 0.372554 0.586436 0.486120 0.402208 0.511357 0.619244 0.546688 0.503155 0.435646 0.548581 0.624922 0.442586 0.624922 0.535962 0.859624 0.455205 0.857100 0.528391 1.000000 0.462776 0.980760 0.005312 0.002184 0.024882 0.001799 0.143222 0.762082 0.011249 0.034379
0.511134 0.273615 0.525979 0.256296 0.491340 0.258770 0.545772 0.271141 0.461651 0.276089 0.580410 0.377529 0.427012 0.372581 0.582884 0.478970 0.402271 0.506185 0.615048 0.540824 0.501237 0.434435 0.548246 0.624945 0.444331 0.624945 0.530927 0.857516 0.456702 0.859990 0.521030 1.000000 0.456702 0.954008 0.007954 0.016737 0.017489 0.005071 0.144874 0.757964 0.009452 0.040398
0.509186 0.274642 0.523883 0.257496 0.489589 0.259945 0.543479 0.272193 0.462645 0.279541 0.580222 0.377523 0.428351 0.372624 0.577773 0.480404 0.401406 0.509798 0.614516 0.541642 0.501837 0.443661 0.548378 0.624926 0.443048 0.624926 0.526333 0.857633 0.455296 0.860082 0.514085 1.000000 0.457745 0.938467 0.009947 0.006620 0.010681 0.001957 0.179598 0.747108 0.010918 0.046629
0.510462 0.274149 0.525231 0.256918 0.488307 0.261841 0.544924 0.271687 0.461230 0.279072 0.579386 0.377536 0.429229 0.372613 0.576925 0.483384 0.397229 0.512923 0.611387 0.540001 0.498154 0.456307 0.547386 0.623695 0.443999 0.626157 0.527693 0.864931 0.453845 0.860008 0.510462 1.000000 0.453845 0.928932 0.002202 0.013395 0.015222 0.005127 0.181449 0.734106 0.010972 0.039322
0.508080 0.271904 0.522996 0.254502 0.485705 0.259474 0.545371 0.271904 0.460845 0.279363 0.582661 0.378805 0.426040 0.371347 0.577689 0.485705 0.391235 0.515538 0.607522 0.540398 0.500621 0.468303 0.547857 0.624924 0.443442 0.624924 0.525482 0.866072 0.440956 0.843697 0.505594 1.000000 0.445928 0.903362 0.004376 0.030082 0.015268 0.025428 0.173741 0.705144 0.011081 0.025833
0.507497 0.271353 0.519991 0.253861 0.485007 0.256360 0.544980 0.268854 0.460018 0.278849 0.582463 0.378805 0.425034 0.371308 0.579964 0.488755 0.382553 0.513744 0.609951 0.541231 0.490005 0.476261 0.549978 0.623694 0.442526 0.626193 0.527488 0.871083 0.437528 0.866085 0.490005 1.000000 0.445025 0.883577 0.037416 0.135512 0.013122 0.028441 0.172482 0.699098 0.009547 0.022227
0.506442 0.260360 0.521903 0.244900 0.483251 0.250053 0.545094 0.260360 0.460060 0.270667 0.586322 0.378892 0.418832 0.371161 0.586322 0.492270 0.375027 0.515461 0.619820 0.546382 0.475521 0.492270 0.552824 0.623685 0.442023 0.626262 0.527056 0.881362 0.434292 0.894246 0.483251 1.000000 0.439446 0.878785 0.042079 0.906763 0.011564 0.038037 0.176442 0.666008 0.006562 0.022546
0.504375 0.265026 0.519373 0.247528 0.481877 0.252528 0.541870 0.265026 0.459380 0.272526 0.584365 0.380013 0.419384 0.370015 0.589365 0.497500 0.374389 0.507499 0.609363 0.549994 0.471878 0.504999 0.551869 0.624986 0.444381 0.624986 0.521873 0.864959 0.431883 0.877458 0.479377 1.000000 0.454380 0.852460 0.037309 0.782483 0.002394 0.046852 0.102321 0.608837 0.004774 0.023838
0.504396 0.259449 0.519470 0.244376 0.484298 0.246888 0.544593 0.261962 0.461688 0.269499 0.584789 0.380039 0.418979 0.369990 0.594839 0.500628 0.371246 0.508165 0.607400 0.553386 0.456663 0.520726 0.552130 0.623730 0.444102 0.626242 0.521982 0.859884 0.434053 0.872445 0.481786 1.000000 0.429028 0.857371 0.037562 0.884599 0.001992 0.044092 0.047938 0.559399 0.004798 0.027432
0.502512 0.258178 0.520099 0.240591 0.484925 0.243103 0.542711 0.258178 0.459801 0.265715 0.582910 0.381287 0.419602 0.368725 0.603010 0.516959 0.366841 0.501884 0.605522 0.529521 0.439702 0.527009 0.552761 0.624994 0.444726 0.624994 0.522612 0.851113 0.437189 0.856138 0.479901 1.000000 0.429652 0.863675 0.038052 0.239624 0.003013 0.041483 0.016016 0.514384 0.003200 0.031817
0.504419 0.257579 0.519570 0.242428 0.484217 0.244953 0.542297 0.260104 0.461490 0.267680 0.585226 0.381315 0.416036 0.368689 0.600378 0.510101 0.363007 0.500000 0.602903 0.520202 0.436238 0.535353 0.554924 0.623736 0.443814 0.626261 0.524621 0.853531 0.443814 0.848480 0.479167 1.000000 0.431188 0.878783 0.044258 0.125666 0.002148 0.034195 0.040702 0.479010 0.001605 0.041734
0.504464 0.258932 0.519770 0.243626 0.484056 0.246177 0.545280 0.261483 0.461097 0.269136 0.586096 0.381379 0.415180 0.368624 0.609055 0.529336 0.359058 0.498725 0.596300 0.514030 0.433037 0.542091 0.555484 0.626274 0.443241 0.623723 0.522321 0.863516 0.453444 0.835455 0.478954 1.000000 0.435588 0.886475 0.037218 0.122495 0.004625 0.019545 0.827860 0.460861 0.001623 0.059537
0.503846 0.260897 0.521795 0.242949 0.485897 0.245513 0.547436 0.260897 0.460256 0.266026 0.585897 0.381410 0.414103 0.368590 0.608974 0.537821 0.357692 0.494231 0.578205 0.496795 0.414103 0.537821 0.555128 0.627564 0.444872 0.622436 0.519231 0.863461 0.457692 0.832692 0.480769 1.000000 0.439744 0.909615 0.025211 0.092352 0.008486 0.019011 0.841795 0.424916 0.000005 0.067455
0.502577 0.262899 0.520617 0.244859 0.484537 0.247436 0.546389 0.262899 0.458765 0.265476 0.587624 0.381450 0.414953 0.368564 0.608242 0.538658 0.355678 0.489691 0.567007 0.484537 0.409799 0.536081 0.554121 0.628859 0.443302 0.621128 0.518040 0.873691 0.461342 0.816993 0.484537 1.000000 0.440725 0.938121 0.019216 0.082902 0.003730 0.006345 0.834265 0.419300 0.003282 0.075809
0.501904 0.268404 0.519670 0.253176 0.484137 0.253176 0.545050 0.268404 0.458757 0.270942 0.585659 0.380078 0.415610 0.369926 0.605963 0.532360 0.362311 0.486675 0.565354 0.479061 0.402920 0.534898 0.552664 0.628805 0.446067 0.621191 0.517132 0.864843 0.466371 0.811544 0.484137 1.000000 0.446067 0.956212 0.015272 0.078210 0.005580 0.004572 0.834948 0.359104 0.001614 0.081386
0.501275 0.269145 0.519132 0.253839 0.483419 0.253839 0.547191 0.269145 0.460461 0.269145 0.585455 0.378833 0.417096 0.371180 0.603311 0.529335 0.366078 0.480868 0.557395 0.468114 0.399240 0.536988 0.552293 0.628820 0.445156 0.621167 0.521683 0.860951 0.470665 0.815035 0.491072 1.000000 0.450258 0.983393 0.013075 0.080039 0.000209 0.006065 0.832757 0.308462 0.003249 0.083378
0.502564 0.272448 0.520512 0.254500 0.482052 0.257064 0.546151 0.269884 0.458977 0.269884 0.584611 0.377571 0.417953 0.372443 0.602559 0.523717 0.371802 0.475001 0.546151 0.444234 0.392313 0.528845 0.551279 0.626275 0.446157 0.623711 0.523076 0.857033 0.471796 0.823701 0.494872 1.000000 0.451285 1.000000 0.010214 0.073540 0.003694 0.005008 0.842438 0.250457 0.003264 0.079300
0.500622 0.277988 0.518035 0.263063 0.483209 0.263063 0.545397 0.275500 0.460821 0.275500 0.580223 0.377489 0.421021 0.372514 0.595148 0.516791 0.378733 0.469528 0.537935 0.439677 0.393658 0.521766 0.550372 0.626242 0.448384 0.623755 0.518035 0.840170 0.473259 0.822757 0.498134 1.000000 0.453359 1.000000 0.012039 0.071708 0.009740 0.005051 0.830792 0.219431 0.001584 0.087338
0.499387 0.280640 0.518995 0.265934 0.482231 0.265934 0.543504 0.278189 0.460172 0.278189 0.577818 0.376227 0.423408 0.373776 0.594974 0.513480 0.389094 0.464461 0.533701 0.432599 0.393996 0.518382 0.550857 0.626224 0.447917 0.623773 0.516544 0.834555 0.469976 0.829653 0.499387 1.000000 0.457721 1.000000 0.019779 0.054616 0.017766 0.002864 0.833213 0.144000 0.001562 0.085936
0.499390 0.281100 0.518902 0.266466 0.482317 0.266466 0.545731 0.278661 0.460366 0.278661 0.577438 0.376221 0.423781 0.373782 0.592072 0.510366 0.399391 0.464025 0.528658 0.425001 0.396952 0.517683 0.550609 0.624999 0.448171 0.624999 0.518902 0.834752 0.467683 0.832313 0.499390 0.990848 0.460366 1.000000 0.008171 0.042107 0.013559 0.000935 0.831215 0.069564 0.001553 0.077626
0.500610 0.281100 0.517683 0.264027 0.483537 0.264027 0.546951 0.278661 0.459147 0.276222 0.576219 0.376221 0.422562 0.373782 0.590853 0.507927 0.403050 0.466464 0.525000 0.420123 0.395733 0.522561 0.551829 0.624999 0.449391 0.624999 0.520122 0.839630 0.466464 0.839630 0.500610 0.968897 0.461586 1.000000 0.000998 0.033427 0.015578 0.008600 0.830391 0.024763 0.001553 0.071952
0.498810 0.283343 0.517856 0.266677 0.482144 0.266677 0.544046 0.280962 0.458335 0.278581 0.574997 0.376196 0.422623 0.373815 0.586901 0.507143 0.405957 0.464287 0.520237 0.416670 0.396433 0.516666 0.551188 0.626185 0.451193 0.623804 0.517856 0.847603 0.467859 0.842842 0.496429 0.952360 0.465478 1.000000 0.016662 0.028253 0.017336 0.012048 0.826723 0.000738 0.003031 0.071733
0.501803 0.280051 0.518630 0.265628 0.484976 0.265628 0.545072 0.280051 0.458534 0.277647 0.576321 0.373800 0.422477 0.376203 0.590744 0.510817 0.408054 0.472356 0.518630 0.417068 0.396035 0.520432 0.552283 0.626200 0.448919 0.623797 0.521033 0.866582 0.468149 0.849756 0.496995 0.933889 0.470553 1.000000 0.068038 0.022892 0.010925 0.006841 0.824669 0.030586 0.001533 0.068175
0.500607 0.280363 0.520022 0.263375 0.483618 0.263375 0.546718 0.277936 0.459349 0.275509 0.575841 0.375013 0.420518 0.375013 0.592830 0.513348 0.405957 0.472090 0.517595 0.440540 0.396249 0.525483 0.553999 0.627414 0.449641 0.622560 0.522449 0.874960 0.466630 0.853118 0.500607 0.921072 0.471484 1.000000 0.100461 0.015252 0.012874 0.013865 0.783678 0.009856 0.004636 0.063763
0.501838 0.278210 0.518993 0.263506 0.484683 0.263506 0.545951 0.278210 0.460176 0.273309 0.577810 0.376239 0.418514 0.373788 0.597416 0.518380 0.401359 0.474267 0.521444 0.454662 0.394007 0.530634 0.555754 0.626212 0.447922 0.623761 0.528796 0.878636 0.467528 0.861480 0.506739 0.866382 0.469979 1.000000 0.627549 0.022059 0.005853 0.011084 0.765779 0.012541 0.004681 0.060059
0.504353 0.271792 0.521764 0.256868 0.486942 0.256868 0.549124 0.276766 0.459582 0.269304 0.578971 0.376258 0.417298 0.373770 0.606331 0.525495 0.394912 0.475749 0.521764 0.458338 0.397399 0.530469 0.556586 0.627473 0.447145 0.622499 0.539175 0.886151 0.464556 0.868740 0.514302 0.851329 0.472018 1.000000 0.781176 0.008639 0.006898 0.015547 0.771348 0.083241 0.004750 0.043862
0.504310 0.271554 0.524014 0.256776 0.489532 0.254313 0.548645 0.274018 0.462439 0.269091 0.580664 0.377465 0.418104 0.372539 0.607757 0.520320 0.386085 0.480912 0.528941 0.468596 0.398400 0.525246 0.553571 0.626230 0.447661 0.623767 0.546182 0.877458 0.464902 0.862680 0.514162 0.838050 0.477217 1.000000 0.773453 0.002280 0.025172 0.014345 0.744521 0.177690 0.001566 0.032290
0.506707 0.265269 0.526217 0.253075 0.489635 0.250636 0.548166 0.272585 0.462809 0.265269 0.579870 0.377452 0.416472 0.372575 0.609135 0.516462 0.377452 0.489635 0.531094 0.467686 0.401840 0.535972 0.555482 0.626206 0.448176 0.623767 0.548166 0.867644 0.465248 0.857888 0.526217 0.818868 0.479880 0.999337 0.855759 0.009643 0.021464 0.016794 0.743856 0.256630 0.004659 0.032812
0.507281 0.259720 0.526698 0.247585 0.490292 0.245158 0.548541 0.269428 0.463594 0.262147 0.580093 0.376219 0.417480 0.373792 0.611645 0.512135 0.373792 0.492719 0.550968 0.492719 0.400490 0.526698 0.555823 0.626208 0.446604 0.623781 0.548541 0.859206 0.466021 0.849498 0.529125 0.827654 0.478156 0.987841 0.814459 0.000544 0.020864 0.009604 0.671189 0.324044 0.003090 0.037258
0.508084 0.255600 0.527985 0.243162 0.490672 0.240675 0.547885 0.265550 0.463309 0.258088 0.582710 0.375002 0.416046 0.375002 0.620023 0.509328 0.368783 0.506841 0.555348 0.514303 0.411071 0.529229 0.555348 0.626242 0.445896 0.623755 0.552860 0.862558 0.463309 0.855095 0.523010 0.827732 0.475747 0.994397 0.771087 0.004432 0.031181 0.014102 0.561808 0.454583 0.001584 0.027264
0.511139 0.257426 0.528465 0.242574 0.491337 0.240099 0.548267 0.264851 0.461634 0.259901 0.582921 0.373762 0.417079 0.376238 0.622525 0.507426 0.372525 0.512376 0.568069 0.517327 0.426980 0.524752 0.555693 0.626238 0.444307 0.623762 0.548267 0.858911 0.464109 0.858911 0.538366 0.856436 0.476485 0.992574 0.567824 0.002650 0.024040 0.008132 0.534442 0.529542 0.000004 0.036897
0.508621 0.259236 0.528325 0.246921 0.491379 0.244458 0.545566 0.269089 0.461823 0.261699 0.584975 0.375000 0.415025 0.375000 0.621921 0.505542 0.375616 0.515394 0.577586 0.527709 0.444581 0.520320 0.555419 0.623768 0.444581 0.626232 0.545566 0.838054 0.464286 0.855296 0.538177 0.860222 0.481527 0.988301 0.087792 0.013719 0.023018 0.009963 0.440208 0.564411 0.000004 0.041939
0.508621 0.259236 0.525862 0.246921 0.491379 0.244458 0.548030 0.266626 0.461823 0.259236 0.584975 0.375000 0.415025 0.375000 0.621921 0.505542 0.380542 0.515394 0.582512 0.532635 0.439655 0.505542 0.555419 0.623768 0.444581 0.626232 0.545566 0.828202 0.466749 0.855296 0.538177 0.875000 0.483990 0.995690 0.034519 0.008187 0.022314 0.006568 0.396078 0.629232 0.000004 0.046037
0.507812 0.265628 0.527043 0.251205 0.490986 0.248801 0.546274 0.268032 0.464544 0.265628 0.584735 0.376203 0.416467 0.373800 0.618388 0.496394 0.387621 0.513221 0.591946 0.534855 0.450121 0.491587 0.553485 0.623797 0.445313 0.626200 0.541466 0.808891 0.466947 0.842544 0.531851 0.888217 0.478967 0.986773 0.017755 0.005262 0.019323 0.004495 0.278615 0.671016 0.001533 0.052366
0.508084 0.263063 0.525497 0.248137 0.490672 0.248137 0.547885 0.265550 0.460821 0.263063 0.587685 0.377489 0.413558 0.372514 0.617536 0.496891 0.388683 0.514303 0.600123 0.541666 0.455846 0.484453 0.555348 0.623755 0.443409 0.626242 0.535447 0.820270 0.463309 0.847633 0.527985 0.924746 0.473259 1.000000 0.009427 0.010103 0.009436 0.008741 0.196038 0.688406 0.001584 0.060660
0.510572 0.265550 0.527985 0.250625 0.490672 0.250625 0.547885 0.268038 0.463309 0.265550 0.585198 0.377489 0.416046 0.372514 0.617536 0.494403 0.393658 0.514303 0.607586 0.549129 0.465796 0.479478 0.555348 0.623755 0.443409 0.626242 0.532960 0.810320 0.460821 0.847633 0.525497 0.957084 0.470771 1.000000 0.021844 0.006552 0.000397 0.009212 0.143145 0.693011 0.001584 0.063000
0.510256 0.266026 0.528205 0.248077 0.492308 0.248077 0.548718 0.266026 0.461538 0.266026 0.584615 0.378846 0.415385 0.371154 0.610256 0.494231 0.394872 0.517308 0.617949 0.555769 0.479487 0.471154 0.556410 0.625000 0.443590 0.625000 0.530769 0.825000 0.456410 0.848077 0.525641 1.000000 0.464103 1.000000 0.031623 0.005376 0.004273 0.016950 0.030021 0.703332 0.000005 0.058861
0.510204 0.269145 0.528060 0.251288 0.492347 0.251288 0.548467 0.269145 0.461737 0.266594 0.584179 0.378833 0.418372 0.371180 0.604586 0.491072 0.395414 0.516581 0.619892 0.557395 0.487246 0.457910 0.553569 0.626269 0.443880 0.623718 0.528060 0.830340 0.454084 0.848196 0.522958 1.000000 0.461737 1.000000 0.031209 0.001558 0.000388 0.017585 0.014943 0.730815 0.003249 0.054042
0.510729 0.271537 0.528400 0.256391 0.490533 0.256391 0.551120 0.271537 0.462764 0.271537 0.583938 0.380089 0.422373 0.369991 0.599085 0.491164 0.397129 0.513884 0.621805 0.556800 0.485484 0.453298 0.551120 0.624960 0.442569 0.624960 0.525876 0.834489 0.452667 0.849636 0.520827 1.000000 0.460240 1.000000 0.030110 0.000457 0.004242 0.010864 0.062935 0.746609 0.008037 0.052463
0.512557 0.270833 0.530137 0.255764 0.494977 0.255764 0.552740 0.270833 0.464840 0.270833 0.582877 0.381335 0.424657 0.368778 0.595434 0.489326 0.399543 0.509418 0.625571 0.557135 0.492466 0.446632 0.550228 0.624943 0.442237 0.624943 0.525114 0.843437 0.452283 0.850971 0.522603 1.000000 0.462329 1.000000 0.032399 0.006046 0.005981 0.007673 0.096278 0.745392 0.009595 0.050565
0.513470 0.271009 0.530614 0.256315 0.493877 0.256315 0.552656 0.271009 0.466937 0.271009 0.582045 0.381219 0.427752 0.368973 0.589392 0.486530 0.400812 0.503674 0.626129 0.552656 0.493877 0.444895 0.547757 0.626129 0.442446 0.623679 0.525716 0.848996 0.454692 0.851446 0.518368 1.000000 0.462039 0.978799 0.019448 0.001245 0.012896 0.001245 0.139243 0.742142 0.012476 0.048476
0.512793 0.271562 0.529849 0.254505 0.493299 0.254505 0.551779 0.271562 0.466496 0.271562 0.583456 0.381212 0.427509 0.369029 0.585893 0.485989 0.400705 0.503046 0.624880 0.551779 0.498172 0.442129 0.546906 0.624880 0.442129 0.624880 0.524976 0.858801 0.451876 0.853927 0.512793 1.000000 0.456749 0.968451 0.009886 0.000001 0.017639 0.004632 0.162880 0.740641 0.013966 0.043291
0.515010 0.271848 0.529420 0.257439 0.493396 0.257439 0.551034 0.271848 0.466978 0.274250 0.582255 0.379920 0.428552 0.370314 0.582255 0.485590 0.399733 0.504803 0.620680 0.548032 0.498199 0.447165 0.546231 0.624883 0.442962 0.624883 0.522215 0.865043 0.452568 0.860240 0.507805 1.000000 0.454970 0.949099 0.006972 0.004384 0.014751 0.005012 0.175597 0.735767 0.013765 0.044710
0.515148 0.270957 0.529691 0.253991 0.493335 0.253991 0.551504 0.270957 0.466674 0.273381 0.585437 0.380025 0.427894 0.370330 0.583013 0.484246 0.396385 0.506059 0.621792 0.547263 0.495758 0.455161 0.546657 0.624822 0.440013 0.624822 0.522420 0.867195 0.449708 0.862348 0.505453 1.000000 0.454555 0.942331 0.002488 0.006283 0.018284 0.002160 0.182998 0.723281 0.016981 0.044710
0.513339 0.273229 0.527892 0.256252 0.493937 0.258677 0.552145 0.270804 0.467258 0.273229 0.583675 0.379945 0.426027 0.370243 0.581249 0.489086 0.389646 0.510914 0.620055 0.552145 0.503638 0.464832 0.547294 0.624906 0.443004 0.624906 0.520616 0.867441 0.440579 0.850464 0.503638 1.000000 0.450280 0.918374 0.004443 0.048590 0.012057 0.024612 0.182670 0.702841 0.012356 0.031451
0.512245 0.269785 0.529389 0.252641 0.492653 0.252641 0.553880 0.267336 0.465713 0.269785 0.585718 0.379994 0.424078 0.370198 0.583269 0.485305 0.384892 0.514695 0.615108 0.544084 0.495102 0.473060 0.548982 0.624904 0.441222 0.624904 0.522042 0.867365 0.436323 0.855119 0.502449 1.000000 0.438773 0.904101 0.001517 0.022674 0.012170 0.028164 0.165417 0.699269 0.012476 0.028452
0.509848 0.264266 0.524620 0.249494 0.487690 0.251956 0.549240 0.266728 0.463070 0.269189 0.586169 0.379979 0.421217 0.370131 0.588631 0.488306 0.379363 0.515387 0.615713 0.542469 0.487690 0.478458 0.549240 0.626176 0.443374 0.623714 0.522158 0.879760 0.433527 0.874836 0.485228 1.000000 0.438451 0.882222 0.040537 0.199643 0.013527 0.040219 0.140351 0.693879 0.009406 0.021390
0.508372 0.262603 0.525115 0.248252 0.489236 0.248252 0.549034 0.264995 0.465317 0.267387 0.584913 0.379807 0.419871 0.370239 0.592088 0.485051 0.379209 0.511362 0.608832 0.532889 0.482061 0.485051 0.549034 0.623781 0.446182 0.626173 0.515547 0.862972 0.429439 0.867756 0.482061 0.989743 0.465317 0.824701 0.037928 0.800884 0.002197 0.054635 0.085498 0.669016 0.006091 0.022250
