0.442409 0.276036 0.459473 0.260678 0.438996 0.258972 0.508959 0.269210 0.461179 0.262384 0.526023 0.375007 0.471418 0.375007 0.570389 0.509812 0.485069 0.516637 0.481656 0.596838 0.420226 0.578068 0.534554 0.627553 0.468005 0.622434 0.493601 0.830614 0.428758 0.822082 0.626700 0.786248 0.447528 1.000000 0.665764 0.091625 0.074097 0.057396 0.354296 0.289187 0.003258 0.001564
0.436452 0.271823 0.456924 0.256469 0.436452 0.254763 0.508103 0.266705 0.455218 0.261587 0.523457 0.377595 0.470572 0.372477 0.595109 0.497014 0.485926 0.510662 0.528575 0.604492 0.398920 0.565254 0.531987 0.626670 0.473984 0.623258 0.472278 0.812624 0.453512 0.826272 0.620699 0.771680 0.497867 1.000000 0.684578 0.100461 0.109796 0.036321 0.348462 0.356855 0.007604 0.066909
0.429925 0.262690 0.450560 0.248933 0.431644 0.247214 0.502150 0.262690 0.448841 0.257531 0.522785 0.374467 0.459159 0.376186 0.612206 0.477645 0.452280 0.494841 0.558897 0.598019 0.364579 0.548150 0.531383 0.622094 0.486673 0.627253 0.429925 0.787179 0.467757 0.831890 0.588131 0.785459 0.533103 1.000000 0.678872 0.128509 0.186460 0.064085 0.360005 0.307718 0.023010 0.146072
0.432096 0.263608 0.450769 0.251725 0.432096 0.248329 0.500000 0.263608 0.450769 0.258515 0.527162 0.373953 0.447374 0.377348 0.630716 0.462228 0.428700 0.492785 0.584880 0.581061 0.343820 0.519947 0.528859 0.620106 0.496605 0.628594 0.401539 0.759310 0.493210 0.834005 0.579788 0.788169 0.589973 1.000000 0.684725 0.153969 0.238012 0.066852 0.392478 0.350369 0.032478 0.230556
0.431685 0.262420 0.450831 0.248496 0.431685 0.248496 0.503046 0.260679 0.450831 0.255458 0.537856 0.373813 0.438647 0.377294 0.649249 0.450395 0.402096 0.500870 0.609217 0.575712 0.325514 0.495649 0.527413 0.620966 0.496084 0.627928 0.377729 0.742802 0.537856 0.847232 0.530894 0.821125 0.628363 1.000000 0.632069 0.106856 0.269092 0.011795 0.406707 0.430131 0.029961 0.342446
0.437861 0.265105 0.457252 0.252765 0.436098 0.251002 0.510136 0.263342 0.451963 0.259816 0.548918 0.370874 0.434335 0.379688 0.659976 0.446675 0.399079 0.506611 0.624719 0.568309 0.330329 0.487220 0.529527 0.621194 0.487220 0.628245 0.362060 0.739302 0.557732 0.836257 0.496034 0.845071 0.652924 1.000000 0.591755 0.049672 0.279870 0.037301 0.399163 0.501261 0.021338 0.408510
0.443039 0.269064 0.460701 0.253167 0.441272 0.253167 0.513688 0.265531 0.455402 0.261999 0.557845 0.373272 0.435974 0.376804 0.663819 0.442156 0.395350 0.509273 0.635559 0.562260 0.337064 0.473948 0.529585 0.624079 0.476597 0.625845 0.360025 0.730053 0.559611 0.818366 0.469532 0.899613 0.654988 0.954366 0.504724 0.065092 0.286477 0.078116 0.390093 0.578719 0.007871 0.451778
0.445285 0.270909 0.463079 0.254895 0.443506 0.254895 0.516459 0.263792 0.457740 0.263792 0.566281 0.372332 0.434609 0.377670 0.669483 0.441726 0.388346 0.511121 0.644572 0.552046 0.342083 0.471975 0.527135 0.623220 0.471975 0.626779 0.359876 0.735319 0.580516 0.824286 0.429271 0.939944 0.667704 0.955958 0.416127 0.026223 0.262785 0.112557 0.382261 0.617315 0.001130 0.472003
0.443997 0.267475 0.461918 0.251346 0.442205 0.251346 0.515681 0.262098 0.458334 0.260306 0.567652 0.373209 0.431452 0.376793 0.673386 0.439517 0.383065 0.511201 0.646504 0.547043 0.341847 0.471774 0.531810 0.624103 0.469086 0.625895 0.363352 0.745966 0.573028 0.826611 0.390234 0.984316 0.678762 0.957434 0.336403 0.064267 0.255488 0.104369 0.399687 0.632934 0.001144 0.452753
0.441758 0.264791 0.461471 0.248662 0.439966 0.248662 0.515233 0.261207 0.456094 0.257623 0.567203 0.374107 0.431005 0.375899 0.676519 0.449374 0.384412 0.508512 0.637093 0.558690 0.339610 0.479839 0.533153 0.624997 0.468639 0.624997 0.371867 0.761194 0.561826 0.832877 0.359323 1.000000 0.685479 0.943985 0.260766 0.132851 0.233845 0.086413 0.418243 0.573668 0.002282 0.410924
0.439750 0.264395 0.459533 0.250006 0.439750 0.248208 0.515287 0.260798 0.455936 0.258999 0.567444 0.375903 0.430757 0.374104 0.678952 0.455037 0.387593 0.507194 0.623198 0.566545 0.339033 0.491007 0.535071 0.625896 0.466727 0.624098 0.391190 0.794956 0.540467 0.839919 0.348026 1.000000 0.684348 0.910061 0.168441 0.250818 0.183452 0.059310 0.451126 0.502588 0.002291 0.329242
0.438403 0.261705 0.458186 0.245518 0.436604 0.245518 0.513938 0.256309 0.454589 0.254511 0.573287 0.376806 0.429411 0.373209 0.675799 0.466729 0.393441 0.502698 0.603861 0.572837 0.341286 0.517085 0.535520 0.626791 0.461783 0.623194 0.400635 0.806637 0.512140 0.846203 0.355674 1.000000 0.681194 0.878575 0.147379 0.369085 0.157104 0.029699 0.460438 0.328076 0.003434 0.275524
0.436432 0.261620 0.457049 0.247876 0.432996 0.246158 0.512026 0.258184 0.446740 0.254748 0.563568 0.376730 0.432996 0.373294 0.642598 0.484967 0.395199 0.503866 0.572158 0.572588 0.309296 0.534791 0.537797 0.625847 0.465639 0.624129 0.414097 0.789062 0.487974 0.833731 0.390045 1.000000 0.654625 0.857784 0.175153 0.420583 0.173623 0.007401 0.416288 0.300315 0.004376 0.240226
0.443837 0.257614 0.464107 0.242412 0.440459 0.240723 0.516469 0.257614 0.452283 0.254236 0.558696 0.379229 0.443837 0.370784 0.641462 0.489021 0.418501 0.490710 0.553629 0.565030 0.366139 0.559963 0.533360 0.629216 0.464107 0.620771 0.432014 0.794748 0.421879 0.777857 0.420190 1.000000 0.457350 0.938322 0.159302 0.152841 0.142720 0.109344 0.478546 0.139797 0.003226 0.091280
0.441698 0.255748 0.461132 0.241614 0.439931 0.239848 0.519434 0.252215 0.452298 0.248681 0.561836 0.379420 0.439931 0.370586 0.614838 0.520759 0.436397 0.501325 0.505300 0.570228 0.381628 0.568461 0.538868 0.628530 0.459365 0.621463 0.455831 0.815805 0.434631 0.817572 0.477032 1.000000 0.475266 1.000000 0.161488 0.098314 0.103581 0.064545 0.479175 0.209217 0.002252 0.092910
0.442111 0.259234 0.461407 0.243446 0.438603 0.243446 0.519296 0.255726 0.450882 0.253972 0.549118 0.378521 0.447374 0.371504 0.584202 0.529383 0.454390 0.506578 0.449128 0.546925 0.410535 0.546925 0.538593 0.627619 0.464916 0.622356 0.477195 0.834616 0.459653 0.831108 0.529822 1.000000 0.524559 1.000000 0.168533 0.104741 0.078341 0.030246 0.531624 0.279776 0.004468 0.083760
0.445287 0.266419 0.465489 0.252952 0.443604 0.251268 0.519360 0.263053 0.457072 0.261369 0.542928 0.379211 0.458755 0.370794 0.549662 0.529040 0.458755 0.512205 0.423402 0.518939 0.425086 0.586277 0.536194 0.628364 0.462122 0.621630 0.497475 0.820279 0.372899 0.771459 0.576598 1.000000 0.519360 0.776509 0.185905 0.659995 0.054769 0.175239 0.539707 0.135800 0.002145 0.107597
0.435567 0.260739 0.457904 0.246993 0.433849 0.243557 0.511168 0.259021 0.445876 0.253866 0.536942 0.379296 0.463058 0.370704 0.512887 0.523625 0.464777 0.506443 0.382302 0.480670 0.425258 0.568299 0.528351 0.628436 0.471649 0.621564 0.518041 0.834622 0.468213 0.808849 0.626289 1.000000 0.598797 0.994416 0.185285 0.201030 0.004931 0.016737 0.548590 0.184996 0.000004 0.010063
0.440589 0.270142 0.461895 0.257031 0.442228 0.253753 0.512702 0.271781 0.458617 0.261948 0.525813 0.376672 0.468451 0.373394 0.484840 0.511063 0.463534 0.507785 0.375033 0.445506 0.442228 0.566786 0.525813 0.627425 0.479923 0.622509 0.552035 0.827373 0.504507 0.809345 0.668398 0.992903 0.635620 0.971597 0.153525 0.174695 0.041509 0.026995 0.577125 0.098666 0.007304 0.000118
0.445272 0.273736 0.464876 0.260667 0.443638 0.257400 0.515520 0.272103 0.461609 0.263934 0.528589 0.378291 0.476312 0.371757 0.463242 0.499183 0.464876 0.500817 0.378291 0.420767 0.432203 0.526956 0.528589 0.631511 0.466510 0.618441 0.585768 0.812848 0.360321 0.729531 0.698491 0.977849 0.456708 0.835720 0.093549 0.477431 0.097227 0.230180 0.579535 0.257092 0.006240 0.340048
0.443925 0.270340 0.463716 0.257145 0.443925 0.255496 0.516493 0.273638 0.463716 0.265392 0.521440 0.379191 0.486806 0.370945 0.447223 0.489692 0.462067 0.489692 0.374656 0.398982 0.401044 0.461655 0.526388 0.629880 0.465365 0.619984 0.605553 0.808001 0.336723 0.704097 0.727599 0.974577 0.425783 0.867374 0.068149 0.474622 0.126843 0.288338 0.596962 0.571714 0.010502 0.448800
0.445029 0.263366 0.467361 0.247906 0.441593 0.246188 0.518896 0.263366 0.462207 0.258213 0.534357 0.373309 0.470797 0.376744 0.439875 0.478097 0.422697 0.472944 0.376315 0.400794 0.371161 0.414537 0.534357 0.627550 0.460490 0.622397 0.620249 0.809642 0.340240 0.720314 0.761113 0.974555 0.376315 0.919584 0.084720 0.339477 0.140295 0.269122 0.547406 0.622285 0.006563 0.422765
0.445951 0.261846 0.467908 0.246645 0.445951 0.244956 0.523646 0.261846 0.466219 0.258468 0.528714 0.380079 0.467908 0.369944 0.434128 0.479732 0.353054 0.432439 0.395280 0.369944 0.265224 0.339542 0.538848 0.626678 0.464530 0.623300 0.618232 0.807404 0.341231 0.743221 0.778691 0.930704 0.344609 0.956039 0.159705 0.259473 0.118668 0.250177 0.650046 0.417541 0.004302 0.386163
0.429099 0.278280 0.448771 0.261887 0.425820 0.260247 0.501230 0.275001 0.476639 0.270083 0.481557 0.376640 0.519262 0.373361 0.407787 0.481557 0.575000 0.468443 0.296313 0.373361 0.509426 0.532377 0.476639 0.625819 0.522541 0.624180 0.330739 0.756966 0.584836 0.806146 0.306149 0.970079 0.753687 0.884834 0.230369 0.256196 0.260654 0.100830 0.550183 0.422802 0.001046 0.371926
0.431667 0.273333 0.453333 0.258333 0.431667 0.256667 0.505000 0.273333 0.468333 0.271667 0.490000 0.380000 0.510000 0.370000 0.455000 0.513333 0.500000 0.446667 0.360000 0.445000 0.390000 0.418333 0.485000 0.626667 0.515000 0.623333 0.348333 0.785000 0.490000 0.803333 0.405000 0.948333 0.696667 0.915000 0.332961 0.386243 0.220212 0.050210 0.616773 0.538959 0.000004 0.182735
0.433599 0.278524 0.451746 0.263677 0.433599 0.262027 0.502887 0.273575 0.459994 0.278524 0.501237 0.379158 0.492989 0.370909 0.481441 0.521034 0.431949 0.397305 0.374208 0.501237 0.385757 0.303270 0.530932 0.626616 0.474842 0.623317 0.563927 0.839431 0.384107 0.794888 0.747046 0.824583 0.328016 1.000000 0.476792 0.074013 0.010945 0.131998 0.513980 0.484576 0.007352 0.203805
0.426423 0.278851 0.444817 0.262129 0.424751 0.262129 0.498328 0.268818 0.454850 0.267146 0.508361 0.377511 0.489967 0.372494 0.506689 0.521321 0.513378 0.522993 0.396323 0.549748 0.476589 0.584864 0.528427 0.630014 0.473245 0.619981 0.548494 0.852417 0.389635 0.808940 0.709025 0.815628 0.349502 1.000000 0.543066 0.081429 0.003398 0.111127 0.416054 0.219874 0.002128 0.161244
0.429131 0.282987 0.446748 0.268573 0.430732 0.266972 0.494795 0.281386 0.461162 0.271776 0.501201 0.380683 0.507607 0.369472 0.526826 0.513613 0.589287 0.470371 0.451553 0.584082 0.539639 0.433535 0.518818 0.627325 0.472373 0.622520 0.515615 0.829122 0.403505 0.806700 0.670967 0.784279 0.403505 1.000000 0.594504 0.113897 0.027750 0.069858 0.321107 0.919800 0.011218 0.108845
0.435559 0.277174 0.452640 0.264752 0.435559 0.263199 0.499224 0.277174 0.458851 0.267857 0.510093 0.378106 0.489907 0.371894 0.548913 0.500776 0.514752 0.508540 0.477484 0.598602 0.454193 0.592391 0.525621 0.626553 0.474379 0.623447 0.482143 0.803571 0.426242 0.795807 0.626553 0.767857 0.461957 0.996118 0.653837 0.142851 0.096532 0.067065 0.298309 0.256347 0.000004 0.010025
0.429618 0.270167 0.448705 0.257442 0.431209 0.255852 0.498012 0.271757 0.453477 0.263804 0.512327 0.375142 0.475744 0.375142 0.580720 0.489661 0.480516 0.518291 0.523461 0.608952 0.383493 0.558055 0.526642 0.624858 0.485287 0.624858 0.440752 0.798227 0.450296 0.817313 0.615712 0.769597 0.502783 1.000000 0.698043 0.138785 0.164641 0.069408 0.313820 0.386798 0.015194 0.089164
0.427103 0.268235 0.446120 0.255557 0.428688 0.252388 0.495246 0.269820 0.455628 0.263481 0.511093 0.375996 0.474645 0.374411 0.604591 0.471079 0.473060 0.501189 0.564973 0.596272 0.370053 0.545561 0.522186 0.621627 0.492076 0.627966 0.417595 0.775344 0.466721 0.822886 0.585575 0.780099 0.552296 1.000000 0.681171 0.172856 0.204543 0.063024 0.344882 0.366550 0.018169 0.149002
0.429823 0.270294 0.446696 0.258023 0.431357 0.256489 0.495782 0.271828 0.457433 0.265692 0.514189 0.376135 0.466637 0.374601 0.620030 0.449764 0.446696 0.480442 0.586284 0.581682 0.351592 0.511121 0.515723 0.623098 0.503451 0.626166 0.380737 0.742744 0.520325 0.802568 0.551003 0.799500 0.613894 0.983571 0.666736 0.121516 0.271129 0.015899 0.386249 0.341397 0.024437 0.299507
0.431281 0.269496 0.450129 0.255359 0.431281 0.253788 0.500393 0.266354 0.453271 0.264784 0.527095 0.374734 0.450129 0.376305 0.641758 0.435993 0.415573 0.498822 0.610344 0.572646 0.333896 0.509817 0.520812 0.622909 0.501963 0.626051 0.360598 0.737573 0.545944 0.808255 0.517671 0.806685 0.676314 0.974753 0.670332 0.136062 0.294217 0.010252 0.415741 0.369900 0.029039 0.377665
0.435043 0.272453 0.452365 0.256706 0.433468 0.256706 0.502756 0.267729 0.453939 0.267729 0.537400 0.368511 0.438192 0.382683 0.660228 0.428350 0.405123 0.499213 0.625584 0.555903 0.348433 0.475592 0.523227 0.620466 0.501181 0.628340 0.345284 0.713374 0.567319 0.815731 0.472836 0.831478 0.710619 0.974778 0.609069 0.125436 0.328947 0.028103 0.440116 0.537649 0.031127 0.454833
0.439638 0.270467 0.457112 0.256171 0.436462 0.256171 0.504765 0.267290 0.458700 0.265702 0.546065 0.370540 0.436462 0.380071 0.673142 0.424548 0.395161 0.503971 0.636608 0.545271 0.352273 0.464260 0.520650 0.623106 0.496823 0.626283 0.341154 0.720002 0.590542 0.799425 0.455523 0.894733 0.727150 0.964625 0.526919 0.062012 0.310514 0.081394 0.465622 0.635347 0.022265 0.500360
0.438560 0.271395 0.456114 0.255436 0.436964 0.255436 0.505585 0.266607 0.459306 0.266607 0.553461 0.370337 0.435368 0.379912 0.684321 0.426192 0.393876 0.502793 0.638041 0.541093 0.355576 0.456513 0.521544 0.624077 0.489627 0.625673 0.347596 0.723020 0.585378 0.794833 0.406643 0.932076 0.749750 0.936864 0.423002 0.109216 0.295551 0.094786 0.493468 0.676286 0.014228 0.499333
0.436208 0.268354 0.453751 0.254001 0.434613 0.252406 0.503190 0.263570 0.456940 0.263570 0.554224 0.370422 0.431423 0.379991 0.681808 0.429430 0.389958 0.499601 0.632369 0.541066 0.356467 0.466110 0.525517 0.623996 0.488836 0.625591 0.361252 0.737228 0.576551 0.804210 0.366036 0.958906 0.767928 0.893519 0.314762 0.215715 0.272011 0.072204 0.494811 0.643779 0.018285 0.453195
0.436568 0.268728 0.453903 0.254544 0.434992 0.252968 0.504334 0.264000 0.457055 0.264000 0.556341 0.372741 0.433416 0.377469 0.676114 0.443659 0.400320 0.497242 0.619379 0.547673 0.360921 0.481482 0.527973 0.624895 0.482270 0.624895 0.378257 0.749396 0.568948 0.806131 0.351466 0.968455 0.767520 0.840802 0.240450 0.302977 0.243528 0.079947 0.488780 0.535306 0.013046 0.421188
0.430359 0.266261 0.447969 0.251852 0.427157 0.250251 0.499200 0.259857 0.451171 0.261458 0.556834 0.373525 0.431959 0.376727 0.667300 0.458375 0.407945 0.496798 0.601661 0.562437 0.339104 0.500000 0.532820 0.626475 0.478387 0.623273 0.387133 0.772162 0.563238 0.802580 0.342306 0.994695 0.755352 0.805782 0.186727 0.354005 0.219871 0.081442 0.470633 0.422373 0.014273 0.390690
0.434106 0.268771 0.451678 0.252797 0.430911 0.252797 0.502796 0.262381 0.456470 0.262381 0.561901 0.375799 0.437301 0.374202 0.660942 0.478035 0.424521 0.495607 0.582667 0.573881 0.389378 0.527556 0.536342 0.624999 0.464457 0.624999 0.405352 0.783146 0.542731 0.819887 0.359026 1.000000 0.729631 0.789535 0.156502 0.429675 0.187658 0.087236 0.462933 0.231763 0.001014 0.341759
0.434128 0.267068 0.451588 0.252783 0.432541 0.251195 0.503968 0.260719 0.453176 0.262306 0.557935 0.376590 0.440477 0.373415 0.642061 0.497222 0.434128 0.495635 0.546824 0.576586 0.384923 0.557539 0.537301 0.624204 0.464286 0.625791 0.418256 0.792454 0.521428 0.825787 0.380161 1.000000 0.708726 0.774994 0.143077 0.495708 0.169542 0.058645 0.472695 0.197258 0.002021 0.284592
0.432821 0.261005 0.450735 0.246348 0.432821 0.246348 0.504479 0.256119 0.455621 0.256119 0.556593 0.378263 0.445849 0.371749 0.618480 0.513436 0.442592 0.500407 0.512622 0.580208 0.396992 0.578579 0.533793 0.629066 0.463764 0.620923 0.439335 0.811467 0.457250 0.814724 0.436078 1.000000 0.483307 0.977583 0.147584 0.061197 0.123240 0.033541 0.457541 0.160035 0.003109 0.141403
0.433197 0.255329 0.451230 0.242215 0.433197 0.240575 0.503689 0.253690 0.454508 0.250411 0.549590 0.379919 0.449590 0.370083 0.588934 0.529098 0.465984 0.514344 0.454508 0.576639 0.420082 0.593032 0.533197 0.627458 0.467623 0.622540 0.462705 0.825818 0.446312 0.829097 0.487295 1.000000 0.487295 1.000000 0.144172 0.095073 0.087638 0.055424 0.473878 0.204108 0.001046 0.075962
0.430329 0.256972 0.448362 0.242219 0.430329 0.240579 0.500820 0.255333 0.451640 0.253694 0.540163 0.379921 0.458198 0.370085 0.551638 0.538934 0.469673 0.514344 0.413936 0.538934 0.405740 0.550409 0.535245 0.625817 0.466394 0.624178 0.484427 0.820895 0.390986 0.811059 0.527049 1.000000 0.515573 0.850402 0.142122 0.524716 0.074753 0.132345 0.522931 0.361781 0.002088 0.040963
0.433561 0.260403 0.453492 0.245454 0.433561 0.245454 0.504983 0.258742 0.455153 0.253759 0.541525 0.379994 0.461797 0.370028 0.526576 0.539448 0.468441 0.514534 0.393697 0.516195 0.403663 0.529482 0.534881 0.627480 0.461797 0.622497 0.523254 0.833442 0.365460 0.788596 0.594676 1.000000 0.519932 0.793579 0.121868 0.657034 0.009407 0.167299 0.525391 0.442432 0.004230 0.149348
0.435087 0.263067 0.452938 0.248461 0.435087 0.246839 0.503246 0.264690 0.452938 0.256576 0.529211 0.383156 0.464298 0.366928 0.488640 0.529211 0.449692 0.500000 0.373419 0.465921 0.371796 0.478903 0.534079 0.629826 0.472412 0.620089 0.532457 0.821320 0.350700 0.772635 0.618467 0.951147 0.509737 0.808338 0.188945 0.644071 0.008979 0.224562 0.573643 0.549392 0.008266 0.211666
0.437506 0.262521 0.457504 0.247522 0.439172 0.244189 0.509166 0.255855 0.459170 0.252522 0.527498 0.382510 0.475835 0.367512 0.460837 0.519165 0.455837 0.500833 0.362512 0.430839 0.392510 0.470836 0.529164 0.629155 0.467503 0.620823 0.560828 0.837470 0.335848 0.760810 0.629155 0.947460 0.480835 0.822471 0.128924 0.612242 0.045865 0.229772 0.588501 0.593419 0.004244 0.288255
0.440185 0.266843 0.459716 0.250567 0.441813 0.248940 0.513428 0.263588 0.464599 0.260333 0.528076 0.379149 0.480875 0.371011 0.445068 0.504476 0.458089 0.504476 0.363687 0.400308 0.409260 0.470296 0.528076 0.626547 0.462972 0.623292 0.588298 0.825117 0.329507 0.738853 0.726646 0.940678 0.453206 0.873946 0.184760 0.508841 0.093730 0.250294 0.602685 0.640574 0.011400 0.366576
0.441305 0.262723 0.459621 0.247737 0.441305 0.247737 0.514570 0.259392 0.466282 0.254397 0.522895 0.379280 0.487928 0.370954 0.429649 0.502498 0.461286 0.502498 0.373036 0.390936 0.411333 0.472526 0.524560 0.627380 0.464617 0.622385 0.594495 0.823863 0.331408 0.742273 0.659434 0.947080 0.408003 0.930429 0.045545 0.389795 0.106710 0.237310 0.644317 0.608413 0.013785 0.375584
0.438123 0.264376 0.457793 0.249624 0.439762 0.247985 0.515162 0.261098 0.469266 0.256180 0.516801 0.380754 0.487297 0.369280 0.418454 0.498771 0.456153 0.495492 0.370919 0.393867 0.410258 0.464349 0.528275 0.628261 0.467627 0.621705 0.618427 0.838069 0.328302 0.747918 0.772504 0.962643 0.359445 0.962643 0.154397 0.311554 0.114436 0.240953 0.643433 0.612770 0.005218 0.394887
