0.415283 0.285046 0.430456 0.274931 0.415283 0.274931 0.470918 0.290104 0.440572 0.285046 0.501264 0.376085 0.465860 0.376085 0.546784 0.502529 0.486091 0.512644 0.496207 0.613799 0.465860 0.618857 0.536669 0.623914 0.496207 0.623914 0.486091 0.795877 0.475976 0.816108 0.647939 0.765531 0.536669 0.998187 0.650051 0.135800 0.136220 0.072167 0.245793 0.106729 0.041980 0.057670
0.402170 0.268372 0.419434 0.256862 0.402170 0.251108 0.459717 0.279881 0.430943 0.274127 0.500000 0.377712 0.448207 0.377712 0.528774 0.544599 0.471226 0.527335 0.425188 0.613656 0.413679 0.625165 0.557547 0.625165 0.494245 0.619411 0.517264 0.855355 0.390660 0.809317 0.632359 1.000000 0.574812 0.855355 0.216560 0.580968 0.127879 0.218860 0.367180 0.217843 0.066425 0.103801
0.405093 0.264088 0.421363 0.258665 0.405093 0.258665 0.453902 0.291204 0.448479 0.280358 0.481019 0.383400 0.464749 0.372553 0.486442 0.524405 0.475595 0.508135 0.367130 0.573214 0.377977 0.556944 0.551521 0.627447 0.502712 0.616600 0.578637 0.828107 0.367130 0.735912 0.703372 1.000000 0.546098 0.833531 0.150996 0.611343 0.046763 0.319411 0.388631 0.377827 0.069604 0.313046
0.408005 0.276776 0.424239 0.271364 0.413416 0.265953 0.467531 0.298422 0.462120 0.293010 0.462120 0.379594 0.494588 0.374183 0.445885 0.509470 0.581172 0.455355 0.332244 0.531116 0.581172 0.547351 0.543292 0.628523 0.500000 0.617700 0.624464 0.823337 0.348478 0.709695 0.754340 0.980270 0.472943 0.882863 0.094393 0.524683 0.025330 0.333385 0.400504 0.260265 0.055400 0.451979
0.449754 0.294830 0.455337 0.283665 0.455337 0.283665 0.449754 0.294830 0.505583 0.294830 0.438589 0.378573 0.533497 0.372990 0.421840 0.506979 0.589326 0.479064 0.326932 0.523727 0.583743 0.579556 0.472086 0.624218 0.555828 0.624218 0.321349 0.735875 0.617240 0.808452 0.382760 0.948023 0.773560 0.970355 0.386753 0.142000 0.340202 0.074196 0.403115 0.171880 0.035616 0.399478
0.370191 0.278304 0.381859 0.266636 0.370191 0.272470 0.422698 0.289972 0.434366 0.289972 0.434366 0.383318 0.516044 0.371650 0.416864 0.517502 0.591887 0.500000 0.317684 0.546673 0.574385 0.581677 0.486873 0.622516 0.562717 0.622516 0.335187 0.762535 0.603555 0.826710 0.341021 1.000000 0.801915 0.925890 0.270488 0.289583 0.331508 0.004282 0.367661 0.237078 0.063561 0.325559
0.388989 0.286409 0.400230 0.269547 0.394610 0.275167 0.439576 0.286409 0.456439 0.286409 0.456439 0.381963 0.507026 0.370721 0.439576 0.511242 0.591338 0.466275 0.349643 0.567450 0.591338 0.544967 0.529509 0.623658 0.507026 0.623658 0.585717 0.820387 0.394610 0.781041 0.799308 0.865353 0.360885 0.994632 0.345366 0.147584 0.004867 0.197432 0.280907 0.230131 0.046685 0.286017
0.395090 0.287419 0.406133 0.270855 0.395090 0.276376 0.455827 0.287419 0.455827 0.287419 0.466871 0.375765 0.505522 0.375765 0.466871 0.513804 0.549694 0.519325 0.400612 0.613192 0.505522 0.624235 0.522086 0.624235 0.505522 0.624235 0.555216 0.823012 0.422698 0.795404 0.753993 0.795404 0.400612 0.999703 0.491360 0.109171 0.017036 0.143450 0.187167 0.221869 0.035223 0.196018
0.411502 0.281610 0.422921 0.264482 0.411502 0.270191 0.457179 0.281610 0.451469 0.281610 0.514274 0.378672 0.457179 0.372963 0.548531 0.527120 0.474307 0.521411 0.525693 0.658440 0.462888 0.647020 0.542822 0.624182 0.485726 0.624182 0.519983 0.824016 0.451469 0.806887 0.702688 0.766921 0.485726 1.000000 0.632632 0.110170 0.073068 0.095015 0.127002 0.065424 0.036428 0.022777
0.397568 0.295137 0.408950 0.278065 0.397568 0.278065 0.448784 0.289446 0.437403 0.289446 0.477237 0.380497 0.471547 0.374806 0.534144 0.500000 0.505691 0.511381 0.517072 0.613813 0.454475 0.596741 0.528453 0.625194 0.522763 0.619503 0.471547 0.807295 0.482928 0.795913 0.573978 0.989395 0.625194 0.801604 0.259510 0.557965 0.162086 0.136366 0.188856 0.250000 0.065675 0.025720
0.405952 0.290849 0.417182 0.274005 0.405952 0.274005 0.462100 0.290849 0.439641 0.285234 0.490174 0.375071 0.456485 0.380686 0.580011 0.492982 0.473330 0.515441 0.602470 0.616507 0.405952 0.571589 0.523863 0.622122 0.529478 0.622122 0.394723 0.756877 0.551937 0.813024 0.551937 0.801795 0.653003 0.987083 0.654643 0.130175 0.286368 0.056175 0.149995 0.318441 0.068441 0.280505
0.395322 0.293435 0.412070 0.282269 0.395322 0.282269 0.445567 0.299017 0.445567 0.293435 0.479064 0.377177 0.451150 0.382760 0.596304 0.455337 0.462316 0.516749 0.618636 0.583743 0.367407 0.555828 0.518144 0.617240 0.551641 0.622823 0.356242 0.700983 0.590721 0.801474 0.518144 0.834971 0.713544 0.968959 0.627997 0.132860 0.399424 0.057641 0.258023 0.402131 0.090050 0.416607
0.396932 0.298159 0.414110 0.280981 0.396932 0.280981 0.454192 0.292433 0.442740 0.292433 0.494274 0.372597 0.448466 0.384049 0.625972 0.452761 0.442740 0.510020 0.643150 0.584458 0.345398 0.532924 0.511452 0.618814 0.545808 0.624540 0.345398 0.693252 0.631698 0.807772 0.459918 0.882209 0.786299 0.956647 0.539294 0.116478 0.388030 0.017103 0.284666 0.411983 0.073558 0.505385
0.388142 0.286587 0.399917 0.268926 0.388142 0.274813 0.441128 0.280700 0.447015 0.280700 0.494113 0.374896 0.452902 0.380783 0.629519 0.445543 0.441128 0.504415 0.653068 0.569175 0.352819 0.516190 0.505887 0.622160 0.547098 0.622160 0.352819 0.710469 0.629519 0.804665 0.388142 0.940071 0.812024 0.910635 0.382025 0.197523 0.348582 0.016593 0.287016 0.427583 0.067978 0.468461
0.405357 0.279659 0.417187 0.261913 0.411272 0.261913 0.446763 0.279659 0.482254 0.279659 0.494085 0.374302 0.458594 0.380217 0.641965 0.445284 0.440848 0.498521 0.647880 0.581334 0.363951 0.522182 0.500000 0.622740 0.547322 0.622740 0.369866 0.746959 0.612389 0.800196 0.346205 0.959906 0.825336 0.853433 0.222178 0.310153 0.264979 0.000231 0.343719 0.357592 0.060617 0.369270
0.400705 0.282144 0.418489 0.264359 0.400705 0.264359 0.465914 0.276215 0.430345 0.276215 0.519266 0.371065 0.436273 0.382921 0.631899 0.448129 0.430345 0.507410 0.631899 0.584475 0.359208 0.566691 0.531122 0.620043 0.513338 0.625971 0.400705 0.774173 0.590403 0.809741 0.365136 0.987584 0.809741 0.797885 0.170967 0.390795 0.238681 0.028658 0.308998 0.263712 0.056912 0.349930
0.407105 0.284198 0.424255 0.272764 0.407105 0.272764 0.475704 0.278481 0.429971 0.284198 0.532871 0.369947 0.441405 0.381380 0.601470 0.484279 0.452838 0.512862 0.590037 0.610045 0.418538 0.575745 0.532871 0.621478 0.492854 0.627195 0.435688 0.770110 0.555737 0.792977 0.412822 0.987342 0.744385 0.758677 0.150942 0.441848 0.184325 0.049727 0.200879 0.186557 0.032812 0.299726
0.416642 0.285025 0.434191 0.273326 0.410793 0.267476 0.475139 0.279176 0.440041 0.279176 0.521936 0.372770 0.451740 0.378620 0.592132 0.489763 0.469289 0.519011 0.545335 0.618455 0.445891 0.624305 0.539485 0.624305 0.486838 0.624305 0.516087 0.799795 0.463440 0.805644 0.691576 0.741298 0.480989 1.000000 0.644609 0.068860 0.064364 0.086014 0.283038 0.109188 0.033578 0.001348
0.461771 0.281328 0.474004 0.269095 0.455654 0.262978 0.492354 0.275211 0.480121 0.269095 0.492354 0.379195 0.474004 0.373079 0.486237 0.519879 0.486237 0.501529 0.394487 0.562696 0.406720 0.562696 0.541288 0.629980 0.492354 0.617746 0.596338 0.813481 0.351670 0.727847 0.718672 0.990865 0.529054 0.837947 0.099406 0.611808 0.031435 0.312456 0.347186 0.321510 0.042964 0.381401
0.416642 0.293800 0.422492 0.282100 0.416642 0.282100 0.451740 0.287950 0.510237 0.287950 0.457590 0.375695 0.516087 0.375695 0.463440 0.504387 0.557034 0.498538 0.352296 0.539485 0.533635 0.568733 0.498538 0.627230 0.527786 0.621380 0.516087 0.773471 0.445891 0.750073 0.703275 0.925562 0.574583 0.902164 0.244796 0.403931 0.013351 0.195542 0.417094 0.204833 0.033578 0.218411
0.416044 0.291664 0.428482 0.279226 0.422263 0.279226 0.453358 0.285445 0.484453 0.285445 0.472015 0.378730 0.503110 0.372511 0.459577 0.503110 0.577737 0.484453 0.347635 0.534204 0.596394 0.583956 0.527985 0.627489 0.496891 0.621270 0.621270 0.801621 0.360073 0.745650 0.814059 0.938438 0.397387 0.950876 0.146994 0.322395 0.086101 0.257190 0.382029 0.128169 0.031725 0.421694
0.414390 0.294535 0.426842 0.275856 0.414390 0.275856 0.457973 0.288309 0.489104 0.288309 0.464199 0.375476 0.514009 0.375476 0.457973 0.506226 0.601176 0.487548 0.358354 0.562262 0.594950 0.568488 0.526461 0.624524 0.495330 0.624524 0.626081 0.817537 0.370806 0.761501 0.837772 0.873573 0.358354 0.979418 0.265966 0.216684 0.073685 0.211025 0.321755 0.234854 0.027781 0.386518
0.432428 0.301890 0.438570 0.283461 0.432428 0.283461 0.450856 0.289604 0.493857 0.289604 0.469285 0.375605 0.506143 0.375605 0.463142 0.510750 0.567572 0.492321 0.383284 0.584466 0.567572 0.529179 0.530715 0.627466 0.493857 0.621323 0.604430 0.817898 0.401713 0.774897 0.807148 0.805612 0.377141 0.983757 0.401705 0.134744 0.041413 0.156119 0.248267 0.154214 0.031336 0.289583
0.401937 0.297648 0.414390 0.285196 0.401937 0.285196 0.445521 0.291422 0.464199 0.285196 0.482878 0.378589 0.495330 0.372363 0.501557 0.515566 0.538914 0.503113 0.445521 0.615185 0.507783 0.584054 0.526461 0.627637 0.495330 0.621411 0.570045 0.826876 0.426842 0.801971 0.763057 0.777066 0.426842 1.000000 0.511840 0.115401 0.013405 0.115401 0.206238 0.219291 0.027781 0.183952
0.419377 0.295343 0.431781 0.276737 0.425579 0.276737 0.456588 0.289141 0.475193 0.282939 0.493798 0.375965 0.475193 0.375965 0.543412 0.506202 0.487597 0.518605 0.518605 0.636438 0.462790 0.642640 0.531009 0.624035 0.500000 0.624035 0.506202 0.816289 0.475193 0.822490 0.686052 0.754271 0.512403 1.000000 0.646544 0.102416 0.088240 0.071309 0.175771 0.090443 0.039583 0.001263
0.401106 0.296032 0.413468 0.277489 0.401106 0.277489 0.456734 0.283670 0.450553 0.283670 0.493819 0.376383 0.469096 0.376383 0.561809 0.506181 0.493819 0.518543 0.574170 0.629798 0.432011 0.580351 0.524723 0.623617 0.512362 0.623617 0.438191 0.790500 0.512362 0.809043 0.611255 0.765777 0.574170 0.994468 0.697432 0.102416 0.191848 0.055146 0.121863 0.304810 0.047393 0.152264
0.387035 0.280261 0.399415 0.267881 0.380845 0.267881 0.442744 0.280261 0.442744 0.280261 0.486073 0.373108 0.448934 0.385488 0.578921 0.472146 0.424174 0.515475 0.622249 0.589753 0.318947 0.571183 0.529402 0.620702 0.535592 0.620702 0.387035 0.738309 0.523212 0.800207 0.572731 0.806397 0.659388 0.954954 0.668356 0.251628 0.335370 0.134278 0.127375 0.285102 0.083714 0.258306
0.381956 0.272110 0.401630 0.258994 0.381956 0.258994 0.440978 0.278668 0.440978 0.278668 0.486884 0.377038 0.440978 0.383596 0.591812 0.468850 0.414746 0.501639 0.657391 0.567219 0.316377 0.534429 0.519674 0.619683 0.552464 0.619683 0.349167 0.718053 0.598370 0.809864 0.500000 0.868886 0.742645 0.980372 0.583435 0.148144 0.376191 0.065040 0.084022 0.327979 0.093173 0.408827
0.385434 0.280549 0.404797 0.267640 0.391888 0.267640 0.443524 0.287004 0.462887 0.280549 0.501614 0.377366 0.449978 0.377366 0.624248 0.435456 0.417706 0.487091 0.669429 0.551636 0.327344 0.493546 0.501614 0.622634 0.546795 0.622634 0.340253 0.693633 0.624248 0.796904 0.411252 0.913084 0.792063 0.938902 0.467658 0.143340 0.368058 0.013453 0.241130 0.386249 0.062027 0.501183
0.392942 0.279194 0.406325 0.265812 0.392942 0.265812 0.446471 0.285885 0.433089 0.285885 0.500000 0.372869 0.433089 0.386251 0.640513 0.426398 0.426398 0.493309 0.687351 0.566911 0.346105 0.506691 0.520073 0.620440 0.546838 0.620440 0.352796 0.734188 0.627131 0.807790 0.359487 0.968377 0.814482 0.894775 0.319005 0.232759 0.335665 0.015044 0.281725 0.427563 0.086245 0.438794
0.386886 0.275461 0.407145 0.268708 0.393639 0.261955 0.440911 0.282214 0.447664 0.275461 0.494935 0.376757 0.434158 0.383510 0.657009 0.424028 0.413898 0.498312 0.670515 0.545583 0.326109 0.538830 0.521947 0.619867 0.548960 0.619867 0.386886 0.754928 0.602984 0.815705 0.353121 0.977779 0.819082 0.835965 0.202135 0.384567 0.285223 0.058246 0.374442 0.306760 0.091538 0.335679
0.400577 0.253217 0.414780 0.239014 0.400577 0.239014 0.457390 0.260319 0.428983 0.267420 0.521305 0.373945 0.428983 0.381047 0.627830 0.480470 0.421882 0.515979 0.649135 0.629605 0.372170 0.565690 0.535508 0.622504 0.514203 0.622504 0.421882 0.785842 0.578118 0.814249 0.386373 1.000000 0.791169 0.821351 0.144132 0.386977 0.211639 0.005583 0.204833 0.233262 0.063720 0.295886
0.412671 0.274960 0.432824 0.261525 0.419389 0.261525 0.479847 0.274960 0.452977 0.268242 0.513435 0.375724 0.459694 0.375724 0.607482 0.496641 0.473130 0.510076 0.573894 0.637711 0.432824 0.597405 0.533588 0.624276 0.493282 0.624276 0.466412 0.805651 0.513435 0.798934 0.466412 1.000000 0.741834 0.772063 0.112906 0.500710 0.138659 0.006189 0.284819 0.169365 0.034279 0.149473
0.404240 0.282063 0.424052 0.268855 0.404240 0.268855 0.450469 0.282063 0.424052 0.282063 0.496698 0.374521 0.450469 0.381125 0.556135 0.513208 0.470281 0.519812 0.509906 0.625479 0.457073 0.618875 0.542927 0.618875 0.509906 0.625479 0.483490 0.797187 0.483490 0.810395 0.668406 0.777374 0.542927 0.995311 0.636391 0.144161 0.161934 0.121119 0.253215 0.087360 0.067780 0.057249
0.413635 0.301360 0.427453 0.287542 0.406726 0.287542 0.448181 0.287542 0.434362 0.294451 0.503455 0.377361 0.448181 0.377361 0.524182 0.529364 0.461999 0.522455 0.441272 0.612275 0.420544 0.619184 0.551819 0.626093 0.496545 0.619184 0.524182 0.826460 0.385998 0.771187 0.627820 1.000000 0.600184 0.812642 0.200177 0.639296 0.104760 0.262985 0.293140 0.159105 0.061970 0.156523
0.420767 0.289274 0.434254 0.275788 0.420767 0.269045 0.467970 0.282531 0.454483 0.282531 0.494943 0.376936 0.461226 0.376936 0.494943 0.525287 0.461226 0.511801 0.393794 0.572490 0.387051 0.572490 0.548888 0.626435 0.494943 0.619692 0.582605 0.815246 0.360078 0.727584 0.710726 0.977083 0.521915 0.821989 0.156905 0.617132 0.011532 0.329152 0.361017 0.281726 0.056097 0.341471
0.412671 0.288395 0.426106 0.274960 0.412671 0.274960 0.459694 0.288395 0.466412 0.281677 0.473130 0.382442 0.500000 0.369007 0.459694 0.516794 0.587329 0.476488 0.345495 0.550382 0.600764 0.563817 0.533588 0.630993 0.493282 0.617558 0.614199 0.805651 0.338777 0.711605 0.768705 0.960157 0.446259 0.886263 0.112360 0.501549 0.061688 0.317351 0.377221 0.168598 0.034279 0.463591
0.403114 0.278545 0.416955 0.264704 0.403114 0.264704 0.451557 0.278545 0.451557 0.278545 0.465398 0.382352 0.513841 0.368511 0.451557 0.513841 0.603807 0.472318 0.333909 0.541523 0.603807 0.576125 0.527682 0.631489 0.493080 0.617648 0.617648 0.811421 0.340829 0.721455 0.783739 0.922148 0.375432 0.935989 0.165249 0.360419 0.069605 0.283053 0.393058 0.227302 0.026465 0.457101
0.406574 0.282006 0.420415 0.268165 0.413494 0.268165 0.434256 0.288926 0.482699 0.282006 0.461937 0.385812 0.517301 0.365051 0.461937 0.517301 0.593426 0.475778 0.358131 0.551903 0.579585 0.565744 0.524222 0.628028 0.496540 0.621108 0.614188 0.814881 0.365051 0.745676 0.814881 0.884085 0.351210 0.967131 0.251469 0.238732 0.062718 0.232848 0.397584 0.240304 0.026465 0.401434
0.415768 0.291252 0.423093 0.283928 0.423093 0.276603 0.430417 0.291252 0.503662 0.283928 0.459715 0.379146 0.518311 0.371822 0.459715 0.518311 0.540285 0.496338 0.371822 0.576907 0.430417 0.547609 0.510987 0.628178 0.510987 0.620854 0.591556 0.833264 0.379146 0.781993 0.803966 0.855237 0.364497 1.000000 0.348034 0.197767 0.054523 0.208915 0.312833 0.416617 0.028014 0.337429
0.398473 0.307633 0.405598 0.286259 0.405598 0.286259 0.419847 0.300508 0.483969 0.293384 0.469720 0.386005 0.512468 0.364631 0.491094 0.514249 0.555216 0.492875 0.441221 0.592621 0.491094 0.564122 0.519593 0.628245 0.498219 0.621120 0.540967 0.841986 0.419847 0.799238 0.740459 0.806362 0.426972 1.000000 0.524523 0.142206 0.032906 0.114276 0.232964 0.335679 0.022698 0.163667
0.396014 0.279478 0.410357 0.265135 0.403185 0.265135 0.439043 0.279478 0.460557 0.279478 0.489243 0.379878 0.474900 0.372707 0.532272 0.508964 0.482071 0.501793 0.503586 0.616536 0.453386 0.616536 0.532272 0.623708 0.503586 0.623708 0.503586 0.817337 0.474900 0.824508 0.690044 0.781480 0.525100 1.000000 0.607292 0.125914 0.102416 0.081388 0.185369 0.095645 0.045813 0.001645
0.433205 0.280278 0.447267 0.266216 0.433205 0.266216 0.482422 0.280278 0.475391 0.273247 0.524609 0.378713 0.461329 0.371682 0.559764 0.519336 0.475391 0.505273 0.559764 0.645895 0.412111 0.575584 0.524609 0.624802 0.489453 0.624802 0.461329 0.786518 0.468360 0.786518 0.580858 0.955264 0.580858 0.941202 0.314899 0.241438 0.118726 0.076509 0.077979 0.266646 0.017914 0.077440
0.396414 0.278783 0.410460 0.257714 0.403437 0.257714 0.438551 0.278783 0.487710 0.271760 0.452596 0.384124 0.501756 0.370079 0.494733 0.503511 0.480687 0.496489 0.515801 0.594808 0.368323 0.538625 0.501756 0.622899 0.543892 0.622899 0.375346 0.728240 0.515801 0.784422 0.557938 0.840605 0.649234 0.938924 0.603261 0.281561 0.343489 0.107378 0.035808 0.333231 0.058449 0.224048
0.407453 0.285872 0.421970 0.271355 0.407453 0.264096 0.465522 0.285872 0.458263 0.278613 0.501815 0.372975 0.458263 0.380233 0.610693 0.452819 0.436487 0.503629 0.625211 0.576215 0.327609 0.525405 0.501815 0.619767 0.538108 0.627025 0.334867 0.706870 0.603435 0.808490 0.458263 0.888334 0.748607 0.968179 0.537016 0.124860 0.346929 0.010394 0.261313 0.381567 0.051049 0.456923
0.428929 0.281319 0.428929 0.266740 0.436218 0.266740 0.436218 0.281319 0.516401 0.281319 0.428929 0.383370 0.538269 0.368791 0.443507 0.514579 0.633031 0.456264 0.494533 0.587472 0.654899 0.565604 0.472665 0.623919 0.560137 0.623919 0.348746 0.711392 0.633031 0.784286 0.385192 0.915494 0.786108 0.922784 0.360595 0.130102 0.361596 0.108583 0.159177 0.199893 0.041886 0.440146
0.435949 0.290056 0.443066 0.275822 0.435949 0.268705 0.464416 0.282939 0.492883 0.282939 0.500000 0.375457 0.478650 0.375457 0.620985 0.460858 0.485766 0.418157 0.649452 0.574726 0.507117 0.375457 0.492883 0.624543 0.528467 0.624543 0.357665 0.731295 0.606751 0.781112 0.336314 0.937681 0.784670 0.859396 0.254465 0.220475 0.278185 0.084751 0.226368 0.799848 0.027217 0.434860
0.419672 0.280923 0.441579 0.266317 0.419672 0.266317 0.470790 0.273620 0.463487 0.273620 0.529210 0.375856 0.441579 0.375856 0.638749 0.463487 0.412369 0.492697 0.646052 0.594934 0.361251 0.507303 0.514605 0.624144 0.514605 0.624144 0.383159 0.770195 0.587631 0.806708 0.324738 0.981970 0.799406 0.814011 0.147584 0.367909 0.214560 0.030066 0.267558 0.333435 0.037277 0.354381
0.430268 0.272452 0.444948 0.257772 0.430268 0.257772 0.474309 0.272452 0.474309 0.272452 0.533031 0.375216 0.452288 0.375216 0.613774 0.492660 0.422927 0.500000 0.606434 0.617444 0.371546 0.566062 0.525691 0.624784 0.488990 0.624784 0.415587 0.786270 0.562392 0.793610 0.371546 0.991797 0.767919 0.764249 0.123290 0.414620 0.181123 0.084070 0.210417 0.136858 0.018703 0.321030
0.422927 0.279792 0.437608 0.265112 0.422927 0.265112 0.481649 0.272452 0.444948 0.272452 0.533031 0.375216 0.452288 0.375216 0.606434 0.507340 0.459629 0.492660 0.562392 0.624784 0.422927 0.566062 0.533031 0.624784 0.481649 0.624784 0.444948 0.808291 0.503670 0.793610 0.430268 0.999137 0.709197 0.742228 0.118013 0.536694 0.142450 0.004007 0.275615 0.167452 0.018703 0.183736
