0.580067 0.327626 0.585685 0.308361 0.560000 0.313980 0.588094 0.303545 0.512642 0.315585 0.589699 0.376589 0.450033 0.376589 0.632241 0.471304 0.327224 0.436789 0.615384 0.452843 0.341672 0.556388 0.513445 0.624615 0.446823 0.622207 0.425953 0.812441 0.531906 0.800401 0.328830 0.968160 0.533512 1.000000 0.038754 0.139329 0.043817 0.145957 0.898833 0.393191 0.050804 0.280556
0.578946 0.327825 0.584500 0.308783 0.559904 0.314337 0.586881 0.303229 0.512298 0.314337 0.586881 0.375431 0.448030 0.377018 0.622585 0.469850 0.329809 0.441286 0.609890 0.463502 0.345678 0.558714 0.516265 0.624569 0.448824 0.622982 0.433749 0.811818 0.529754 0.803091 0.325842 0.952256 0.532134 1.000000 0.076418 0.130807 0.044207 0.133397 0.762662 0.384258 0.044596 0.266546
0.577642 0.326784 0.583160 0.307866 0.558724 0.313384 0.584736 0.302348 0.511430 0.313384 0.584736 0.374866 0.447582 0.377231 0.613113 0.477338 0.330134 0.444232 0.606019 0.473397 0.349840 0.560103 0.517735 0.624739 0.449947 0.623163 0.439699 0.810765 0.526406 0.805247 0.326192 0.943978 0.527983 1.000000 0.098198 0.124152 0.043042 0.123485 0.747407 0.388602 0.041264 0.252977
0.574562 0.324917 0.580027 0.306960 0.555043 0.312425 0.581588 0.301494 0.508979 0.313206 0.581588 0.371762 0.444176 0.379569 0.602669 0.447495 0.332529 0.452179 0.608134 0.492778 0.354390 0.564607 0.523032 0.623944 0.451203 0.624725 0.451984 0.808201 0.516005 0.808201 0.328625 0.926875 0.515225 1.000000 0.139014 0.109281 0.044522 0.098950 0.048183 0.377587 0.032863 0.225217
0.573243 0.322964 0.577943 0.304164 0.553659 0.310430 0.579509 0.299464 0.507442 0.312781 0.579509 0.370748 0.441641 0.380148 0.595960 0.451433 0.331972 0.456916 0.606927 0.504700 0.356256 0.569718 0.527025 0.623769 0.451824 0.625335 0.461224 0.807855 0.509792 0.810205 0.329622 0.916740 0.504308 1.000000 0.170706 0.105286 0.044170 0.083505 0.000605 0.373095 0.026962 0.205992
0.570187 0.318421 0.574918 0.299495 0.550471 0.305804 0.575707 0.294763 0.501577 0.308958 0.575707 0.367316 0.438488 0.383088 0.585170 0.450909 0.333602 0.469047 0.602520 0.517941 0.365147 0.582607 0.531545 0.623615 0.454260 0.625981 0.479496 0.811306 0.505520 0.811306 0.333602 0.902785 0.488959 1.000000 0.235622 0.111748 0.031793 0.065255 0.044735 0.367710 0.018084 0.172003
0.569453 0.315254 0.574216 0.296997 0.550403 0.303347 0.574216 0.292235 0.501984 0.306523 0.573422 0.367642 0.440072 0.382723 0.581360 0.455748 0.335296 0.474005 0.603585 0.527980 0.369428 0.588305 0.532147 0.624024 0.454359 0.625612 0.491666 0.812937 0.502778 0.813731 0.339265 0.900250 0.481347 1.000000 0.267201 0.113506 0.016384 0.061485 0.066416 0.364241 0.017189 0.147380
0.569328 0.313150 0.573278 0.294189 0.548786 0.301299 0.574068 0.291818 0.500593 0.306040 0.570118 0.366874 0.442918 0.383466 0.571698 0.465632 0.342580 0.484594 0.598560 0.544639 0.390774 0.594413 0.533775 0.623645 0.453189 0.626015 0.516394 0.813260 0.497432 0.812470 0.358381 0.887526 0.461879 1.000000 0.331050 0.130627 0.015658 0.060689 0.099230 0.380386 0.016606 0.103257
0.568821 0.313790 0.571967 0.295700 0.549158 0.301993 0.571180 0.292554 0.501180 0.307498 0.567248 0.366488 0.444550 0.383791 0.566461 0.467949 0.348594 0.489185 0.591630 0.549748 0.401291 0.594580 0.535000 0.623681 0.453202 0.626041 0.529495 0.813233 0.493315 0.814020 0.365898 0.879301 0.447696 1.000000 0.368584 0.141500 0.030460 0.055557 0.097483 0.382674 0.015027 0.076163
0.571182 0.314496 0.574319 0.294886 0.550788 0.301946 0.568829 0.294886 0.502941 0.308221 0.564122 0.369402 0.452742 0.381168 0.557063 0.470586 0.360186 0.496470 0.581379 0.550592 0.433132 0.590595 0.529610 0.624323 0.453526 0.625107 0.535885 0.821201 0.480979 0.810219 0.386854 0.872185 0.431563 0.993763 0.405219 0.130579 0.052976 0.045842 0.116089 0.425169 0.021488 0.036724
0.573929 0.315079 0.577083 0.295365 0.553426 0.301673 0.570775 0.295365 0.504534 0.308770 0.563677 0.369491 0.456431 0.381319 0.555003 0.472006 0.367322 0.501183 0.578660 0.551652 0.447757 0.589503 0.528192 0.624201 0.451700 0.624989 0.545540 0.818190 0.474568 0.815036 0.394922 0.877334 0.428831 0.997986 0.409289 0.116099 0.072454 0.044300 0.118775 0.438625 0.025631 0.009728
0.576956 0.316687 0.580113 0.296166 0.555645 0.303269 0.575377 0.295376 0.507498 0.310373 0.561170 0.369570 0.460930 0.381409 0.542227 0.476124 0.385158 0.507696 0.566695 0.549528 0.480662 0.577153 0.526441 0.623721 0.451459 0.625300 0.565117 0.812362 0.467244 0.824201 0.412783 0.880241 0.422255 1.000000 0.430937 0.104525 0.107596 0.037565 0.158420 0.471869 0.028175 0.039158
0.576097 0.319319 0.579219 0.299026 0.555804 0.306831 0.574536 0.297465 0.508195 0.312294 0.558926 0.370830 0.463708 0.380196 0.544097 0.476976 0.392684 0.506634 0.564390 0.550341 0.494146 0.569853 0.526146 0.622926 0.451220 0.626048 0.572975 0.806339 0.459805 0.825070 0.434049 0.894533 0.402050 0.999898 0.399523 0.115286 0.120730 0.029877 0.130079 0.485545 0.028858 0.065848
0.579437 0.319970 0.582514 0.299966 0.558664 0.307660 0.575590 0.297658 0.511733 0.313815 0.557894 0.369978 0.469418 0.381518 0.537891 0.472303 0.405561 0.501539 0.554817 0.561549 0.516349 0.548470 0.523273 0.623098 0.449415 0.625406 0.585591 0.794665 0.444798 0.815438 0.465571 0.896221 0.384019 0.983928 0.387367 0.102469 0.154172 0.018318 0.121112 0.528096 0.034845 0.118633
0.577835 0.322740 0.580865 0.303045 0.558140 0.309863 0.574048 0.300015 0.511173 0.315923 0.555867 0.371222 0.471782 0.380312 0.530869 0.470457 0.414968 0.498485 0.549049 0.541664 0.527839 0.535603 0.522536 0.623476 0.449814 0.624991 0.587683 0.786342 0.439209 0.811340 0.470267 0.896940 0.374820 0.973450 0.380634 0.102253 0.162936 0.010407 0.158121 0.541516 0.035277 0.139215
0.576819 0.325087 0.581337 0.307012 0.558744 0.313037 0.579078 0.303999 0.510544 0.316803 0.552719 0.372534 0.470628 0.378559 0.521841 0.465168 0.421675 0.495293 0.555731 0.505837 0.543681 0.511862 0.527112 0.622571 0.449541 0.626337 0.594894 0.781480 0.427700 0.809346 0.488703 0.915536 0.358413 0.971267 0.341579 0.090894 0.160819 0.010784 0.323558 0.583430 0.029770 0.166143
0.575563 0.325925 0.580041 0.308013 0.557652 0.313238 0.579295 0.304282 0.511381 0.317715 0.551682 0.372942 0.471827 0.378166 0.523322 0.464737 0.430034 0.493097 0.556906 0.496828 0.555413 0.499813 0.527053 0.622954 0.449438 0.625939 0.595713 0.778185 0.420332 0.806544 0.497948 0.922968 0.350926 0.969985 0.321609 0.076967 0.163812 0.022175 0.352612 0.593981 0.029976 0.183417
0.576473 0.329607 0.580928 0.311788 0.559396 0.316985 0.576473 0.306591 0.513364 0.319955 0.551229 0.374154 0.474014 0.377124 0.519304 0.464733 0.436149 0.487749 0.551972 0.487749 0.553457 0.486265 0.525986 0.622876 0.448771 0.625846 0.598004 0.779534 0.407193 0.806262 0.517819 0.942874 0.334433 0.968118 0.282421 0.062380 0.169357 0.039901 0.412495 0.609002 0.032196 0.209258
0.577298 0.329277 0.581747 0.311481 0.559503 0.317413 0.578781 0.306291 0.514273 0.318896 0.550605 0.373765 0.474234 0.377472 0.515015 0.464224 0.438643 0.486468 0.549864 0.487210 0.552830 0.480536 0.526137 0.622899 0.449024 0.625864 0.597318 0.780832 0.402311 0.806783 0.527620 0.951369 0.325940 0.971389 0.258283 0.057846 0.165948 0.048234 0.433717 0.616984 0.031679 0.215215
0.577973 0.329492 0.582397 0.311797 0.560277 0.316958 0.579447 0.308110 0.514562 0.318433 0.547742 0.375944 0.476221 0.375207 0.514562 0.472534 0.440092 0.486544 0.549217 0.490230 0.547742 0.479908 0.526360 0.623687 0.449677 0.625162 0.593457 0.782950 0.395115 0.803596 0.546267 0.964334 0.314009 0.968020 0.207936 0.051406 0.154325 0.060784 0.455042 0.619477 0.030558 0.221380
0.579234 0.329454 0.583626 0.312619 0.561667 0.317011 0.580698 0.309691 0.516286 0.319206 0.547760 0.376299 0.476028 0.374835 0.514822 0.473650 0.440894 0.486825 0.548492 0.494144 0.547760 0.480237 0.526533 0.623701 0.449678 0.625165 0.591678 0.781804 0.396245 0.802299 0.555080 0.967721 0.309874 0.964061 0.186277 0.062852 0.151652 0.059873 0.429802 0.616364 0.030334 0.217664
0.580595 0.330806 0.584961 0.313341 0.563129 0.316979 0.580595 0.310430 0.517283 0.319163 0.547120 0.378108 0.476531 0.373014 0.515828 0.482171 0.439418 0.489448 0.548575 0.506913 0.549303 0.483626 0.526744 0.624076 0.449606 0.624803 0.585689 0.784901 0.403760 0.801638 0.563129 0.974107 0.302607 0.943543 0.149600 0.116376 0.138135 0.046837 0.387016 0.615069 0.030158 0.192573
0.581545 0.330553 0.585904 0.313845 0.564837 0.317477 0.580092 0.310939 0.518343 0.320383 0.547402 0.377773 0.476935 0.373414 0.519070 0.479477 0.438432 0.489648 0.558298 0.494007 0.549581 0.488921 0.526334 0.624043 0.449329 0.624770 0.582998 0.786770 0.409374 0.803479 0.562657 0.977829 0.298952 0.937147 0.140422 0.149761 0.133824 0.035196 0.473573 0.603900 0.031035 0.176676
0.585264 0.326905 0.589665 0.310036 0.568394 0.313703 0.583063 0.307835 0.520720 0.316637 0.547858 0.378980 0.478180 0.372379 0.522187 0.483864 0.437840 0.490465 0.563260 0.508068 0.552992 0.505134 0.525121 0.624687 0.448842 0.623953 0.578663 0.791914 0.420237 0.809517 0.549325 0.983345 0.292616 0.924669 0.147039 0.217650 0.128004 0.011731 0.406905 0.564451 0.033212 0.147317
0.587099 0.325432 0.590798 0.308419 0.569346 0.312117 0.584880 0.306939 0.521266 0.315076 0.548635 0.378690 0.478364 0.372772 0.522006 0.487425 0.433242 0.494822 0.564908 0.523670 0.548635 0.520711 0.524225 0.624269 0.448776 0.624269 0.576743 0.794399 0.425106 0.815110 0.537540 0.986720 0.291961 0.917928 0.159316 0.251409 0.126842 0.002005 0.353160 0.542465 0.034443 0.134587
0.587643 0.323226 0.591364 0.305363 0.569779 0.309829 0.585410 0.303874 0.520655 0.312806 0.549683 0.378305 0.476740 0.373095 0.518422 0.492929 0.423894 0.500372 0.554893 0.545031 0.537029 0.542054 0.525120 0.623928 0.448456 0.624672 0.574245 0.792886 0.440269 0.820426 0.521399 0.984918 0.299594 0.898578 0.175546 0.325280 0.121791 0.022331 0.279151 0.512909 0.033706 0.103371
0.587860 0.321101 0.592347 0.303903 0.569914 0.307642 0.587860 0.301660 0.519815 0.310633 0.550473 0.377930 0.475698 0.373444 0.520563 0.497570 0.420365 0.501309 0.559446 0.553651 0.529536 0.551408 0.525050 0.623939 0.448779 0.624687 0.572905 0.795921 0.448031 0.822840 0.512338 0.985850 0.304464 0.893129 0.184651 0.353879 0.119167 0.032774 0.270951 0.493055 0.033383 0.087589
0.590842 0.317176 0.595403 0.299692 0.571837 0.304253 0.590842 0.297411 0.521665 0.306533 0.552073 0.377230 0.474534 0.374190 0.530787 0.498860 0.413719 0.505701 0.584000 0.537629 0.515584 0.574878 0.523946 0.623530 0.449448 0.625050 0.569557 0.804454 0.469213 0.825739 0.493538 0.989939 0.317936 0.889594 0.202417 0.404108 0.114802 0.062973 0.354724 0.447981 0.033941 0.047360
0.589663 0.316503 0.594213 0.299064 0.571465 0.303613 0.590421 0.297547 0.520662 0.305888 0.552509 0.376405 0.472893 0.374889 0.530520 0.496967 0.408441 0.504550 0.587388 0.533363 0.502464 0.581133 0.524454 0.623595 0.450145 0.625111 0.563883 0.804817 0.479717 0.823773 0.484266 0.986039 0.325792 0.882917 0.199956 0.430267 0.104166 0.075895 0.376207 0.429264 0.032398 0.021156
0.587739 0.316031 0.592268 0.296408 0.568116 0.301691 0.583965 0.297162 0.519812 0.306974 0.558304 0.378675 0.473773 0.373392 0.532643 0.490377 0.397543 0.498679 0.600570 0.520567 0.479811 0.587739 0.519812 0.623212 0.448111 0.624722 0.552266 0.806615 0.494151 0.817181 0.459432 0.979452 0.347730 0.879071 0.212644 0.447447 0.105446 0.107128 0.438753 0.411374 0.040954 0.018991
0.590021 0.315199 0.593828 0.296167 0.570228 0.300735 0.584693 0.296167 0.519984 0.306825 0.559570 0.379147 0.473545 0.373056 0.529119 0.494861 0.389043 0.494861 0.605247 0.516939 0.466694 0.589260 0.518461 0.623518 0.448423 0.624279 0.549674 0.811554 0.504758 0.815361 0.450707 0.983604 0.357831 0.884637 0.218517 0.451014 0.105410 0.122984 0.492063 0.412172 0.042289 0.038899
0.590294 0.315785 0.594112 0.297459 0.571204 0.302804 0.589530 0.295168 0.521571 0.305858 0.564332 0.376872 0.468884 0.375345 0.539134 0.494464 0.376490 0.489119 0.619310 0.507445 0.448267 0.588385 0.519281 0.625037 0.447503 0.622746 0.547533 0.813643 0.524626 0.804480 0.437577 0.989268 0.376490 0.890001 0.225386 0.461090 0.104493 0.155189 0.516101 0.416384 0.042417 0.080419
0.589149 0.315224 0.593721 0.296175 0.570100 0.301509 0.590673 0.293889 0.519811 0.305319 0.567815 0.376181 0.466474 0.376181 0.544956 0.493523 0.367419 0.484380 0.620390 0.498095 0.436757 0.586483 0.519049 0.624581 0.446663 0.623057 0.542670 0.815071 0.528193 0.798308 0.426852 0.984226 0.386468 0.901173 0.230375 0.438757 0.100975 0.164092 0.541973 0.425858 0.043795 0.099334
0.591230 0.314845 0.595850 0.295598 0.571214 0.301757 0.590460 0.290209 0.518862 0.304067 0.569674 0.375665 0.462661 0.376435 0.568134 0.496536 0.355648 0.476519 0.628954 0.482678 0.420318 0.584301 0.515782 0.622025 0.451883 0.625875 0.525021 0.803716 0.543498 0.799097 0.415699 0.957691 0.408000 0.965390 0.212698 0.372486 0.084722 0.168600 0.575364 0.432667 0.041286 0.138683
0.593876 0.315295 0.597684 0.295491 0.573311 0.301585 0.587783 0.292445 0.523041 0.306155 0.577119 0.378514 0.462869 0.374705 0.591591 0.491241 0.355473 0.470676 0.631959 0.468391 0.418692 0.577310 0.513900 0.623771 0.446112 0.623010 0.484195 0.821044 0.551984 0.786769 0.416407 0.996228 0.422500 0.955860 0.069950 0.390704 0.032727 0.204133 0.623311 0.438208 0.051134 0.230258
0.589263 0.315371 0.594603 0.296298 0.570952 0.301638 0.585448 0.291720 0.519836 0.305453 0.577819 0.378694 0.459565 0.374117 0.601470 0.490845 0.346651 0.464142 0.631224 0.456513 0.400819 0.574767 0.509155 0.625120 0.453461 0.622069 0.471772 0.825771 0.563323 0.781521 0.379457 0.995904 0.468720 0.956232 0.099613 0.350008 0.027867 0.199871 0.706541 0.430687 0.047777 0.250670
0.588344 0.314898 0.592933 0.295776 0.569222 0.301130 0.585285 0.290422 0.518740 0.304190 0.579930 0.379148 0.458314 0.373794 0.607466 0.487762 0.342052 0.460991 0.631178 0.451047 0.394828 0.572664 0.508796 0.625441 0.452960 0.621617 0.467492 0.828900 0.566927 0.778418 0.369587 0.997174 0.485850 0.961990 0.103978 0.332446 0.025746 0.206936 0.738435 0.435698 0.048886 0.263813
0.585021 0.318622 0.590311 0.298973 0.565372 0.305018 0.584265 0.292171 0.514737 0.307286 0.579731 0.377570 0.458056 0.375302 0.610716 0.485641 0.337893 0.458434 0.627343 0.448610 0.387772 0.572551 0.507935 0.625453 0.454278 0.621675 0.457301 0.827992 0.568395 0.777357 0.353764 0.989721 0.517004 0.979896 0.103281 0.280439 0.011759 0.206225 0.776792 0.438517 0.048297 0.279322
0.582994 0.319677 0.589030 0.300061 0.564131 0.306096 0.582239 0.294025 0.513581 0.307605 0.579976 0.377018 0.455485 0.375509 0.611664 0.482647 0.334767 0.457749 0.626000 0.447940 0.384563 0.571676 0.509054 0.625245 0.455485 0.622227 0.451713 0.825185 0.567904 0.779161 0.349857 0.986645 0.527916 0.986645 0.090239 0.258469 0.000317 0.197865 0.782544 0.440805 0.045303 0.286768
0.579514 0.324291 0.583962 0.305015 0.560238 0.310205 0.579514 0.302791 0.509823 0.311687 0.576548 0.374705 0.451995 0.376929 0.612135 0.475534 0.334856 0.459224 0.618808 0.452551 0.381563 0.570432 0.512789 0.626036 0.458668 0.622329 0.446805 0.818056 0.559496 0.782469 0.341528 0.970782 0.543186 0.984127 0.086750 0.204555 0.026274 0.170212 0.802060 0.431629 0.036422 0.284222
0.579546 0.322625 0.585577 0.303021 0.560696 0.309053 0.578792 0.297743 0.510179 0.309807 0.577284 0.375404 0.450614 0.376158 0.611213 0.479454 0.331484 0.461358 0.621015 0.455326 0.380493 0.575210 0.513195 0.624973 0.458908 0.623465 0.443828 0.822518 0.565220 0.791604 0.338270 0.980855 0.551648 1.000000 0.079675 0.199760 0.027479 0.168799 0.776834 0.431767 0.035594 0.286962
0.577478 0.323491 0.581194 0.304911 0.557412 0.310114 0.575248 0.302682 0.506875 0.313087 0.575248 0.372542 0.447419 0.378488 0.611665 0.469901 0.332967 0.464698 0.602747 0.446118 0.382761 0.576921 0.518022 0.625972 0.459310 0.622999 0.449649 0.825148 0.554439 0.796906 0.324049 0.961896 0.550723 1.000000 0.131224 0.165052 0.034568 0.143860 0.999712 0.427436 0.028901 0.264586
0.575971 0.322918 0.580408 0.303694 0.556008 0.309609 0.574493 0.300737 0.505730 0.311827 0.573753 0.371717 0.446580 0.379111 0.593717 0.451570 0.334194 0.466358 0.604068 0.453049 0.385950 0.576526 0.519778 0.625325 0.459889 0.623847 0.455452 0.824219 0.551572 0.798341 0.323103 0.949914 0.548614 1.000000 0.158639 0.158555 0.032819 0.136699 0.376854 0.429674 0.025918 0.253560
0.573809 0.324135 0.578183 0.304452 0.554127 0.310284 0.572351 0.301536 0.503827 0.312471 0.569435 0.368602 0.443322 0.381724 0.585472 0.424004 0.340536 0.474304 0.598594 0.472117 0.395939 0.578547 0.524967 0.625202 0.462275 0.624473 0.469565 0.823483 0.542463 0.801614 0.325957 0.927727 0.537360 1.000000 0.213409 0.143206 0.032108 0.110503 0.004940 0.422109 0.016250 0.222034
0.573083 0.323473 0.577447 0.303838 0.553449 0.308929 0.571629 0.300929 0.503272 0.311837 0.566539 0.368559 0.443642 0.381648 0.580355 0.428189 0.343289 0.478366 0.598535 0.483456 0.402919 0.581628 0.527270 0.624533 0.462549 0.625260 0.478548 0.822331 0.536723 0.806332 0.329472 0.916866 0.531633 1.000000 0.243231 0.131655 0.028423 0.099100 0.028682 0.422566 0.012966 0.200632
0.569080 0.321979 0.573409 0.302499 0.550322 0.308271 0.566194 0.298892 0.499820 0.310435 0.560423 0.367431 0.442103 0.382582 0.569802 0.446792 0.346869 0.486473 0.595053 0.508116 0.412522 0.584592 0.534450 0.623551 0.463025 0.626437 0.499820 0.819789 0.523628 0.806803 0.339655 0.889771 0.509920 1.000000 0.313276 0.124518 0.023430 0.075936 0.086889 0.423876 0.003215 0.158780
0.571709 0.320457 0.574599 0.300949 0.552201 0.307452 0.563761 0.298059 0.500903 0.310342 0.557981 0.366698 0.444548 0.383315 0.561594 0.451953 0.351344 0.490246 0.594829 0.516256 0.422872 0.586340 0.534138 0.623187 0.463333 0.626800 0.513908 0.818264 0.519688 0.812484 0.350622 0.883290 0.500903 1.000000 0.346475 0.123801 0.003389 0.069286 0.138367 0.431881 0.003220 0.126688
0.572825 0.313180 0.576485 0.294150 0.554527 0.300005 0.570629 0.289027 0.502562 0.302933 0.557455 0.367341 0.447668 0.382711 0.556723 0.470541 0.362767 0.498353 0.591855 0.532021 0.444009 0.591306 0.534766 0.622778 0.460111 0.627169 0.547208 0.814539 0.517932 0.813807 0.368622 0.881142 0.478409 1.000000 0.406997 0.156698 0.048825 0.079441 0.167507 0.430218 0.006524 0.075004
0.573660 0.311635 0.577325 0.292579 0.555337 0.299176 0.571461 0.288181 0.503298 0.301374 0.554604 0.369537 0.451260 0.380531 0.544343 0.482410 0.368438 0.503665 0.585387 0.538113 0.454192 0.590151 0.534082 0.623866 0.460055 0.626065 0.559001 0.816628 0.514292 0.815163 0.380165 0.873065 0.467384 1.000000 0.443622 0.161952 0.066553 0.077514 0.230993 0.437121 0.007467 0.047988
0.578598 0.312289 0.580817 0.292316 0.558625 0.298974 0.570461 0.290837 0.506103 0.302673 0.551967 0.372209 0.460978 0.378127 0.533474 0.489089 0.384784 0.509802 0.577858 0.550488 0.479472 0.589694 0.529035 0.623723 0.458019 0.625942 0.571201 0.820495 0.499445 0.826413 0.407717 0.870058 0.451362 1.000000 0.473495 0.140603 0.096135 0.068664 0.249189 0.443888 0.016490 0.002329
