0.537605 0.287711 0.537605 0.268302 0.523048 0.273154 0.503639 0.278007 0.489082 0.282859 0.518196 0.370201 0.474525 0.379905 0.513344 0.491508 0.503639 0.510918 0.576424 0.486656 0.576424 0.481804 0.527901 0.622521 0.479378 0.627373 0.615242 0.797204 0.489082 0.836023 0.547310 0.981592 0.392036 1.000000 0.259944 0.165626 0.135347 0.008553 0.537163 0.551514 0.009268 0.132789
0.558097 0.281209 0.548208 0.266375 0.548208 0.266375 0.459208 0.281209 0.533375 0.276264 0.449319 0.385042 0.538319 0.365264 0.503708 0.488875 0.553153 0.469097 0.582819 0.474042 0.587764 0.469097 0.464153 0.627319 0.548208 0.622375 0.464153 0.844875 0.632264 0.800375 0.370208 1.000000 0.597653 1.000000 0.141154 0.193000 0.019464 0.128195 0.405409 0.454833 0.015745 0.140432
0.554486 0.283267 0.544800 0.268737 0.544800 0.268737 0.472152 0.283267 0.515740 0.278424 0.452779 0.380131 0.530270 0.370444 0.506054 0.496368 0.564172 0.486681 0.573859 0.476995 0.588388 0.467308 0.467308 0.627134 0.549643 0.622291 0.443092 0.840235 0.627134 0.816019 0.360758 1.000000 0.631977 1.000000 0.086406 0.113718 0.054720 0.096682 0.451788 0.624442 0.021599 0.157136
0.551740 0.290690 0.542332 0.276579 0.537629 0.276579 0.485889 0.285986 0.495296 0.285986 0.452964 0.375354 0.528222 0.375354 0.509407 0.478834 0.565850 0.478834 0.570554 0.469427 0.579961 0.469427 0.471778 0.624646 0.547036 0.624646 0.438853 0.826900 0.617590 0.812790 0.340077 1.000000 0.641108 1.000000 0.112954 0.076484 0.075345 0.090222 0.389643 0.576150 0.023978 0.165568
0.556443 0.290690 0.551740 0.276579 0.551740 0.276579 0.462371 0.285986 0.523518 0.290690 0.443557 0.375354 0.537629 0.375354 0.490593 0.450612 0.584665 0.478834 0.565850 0.431798 0.589368 0.450612 0.467075 0.624646 0.551740 0.624646 0.452964 0.826900 0.617590 0.817493 0.330670 0.986823 0.655219 1.000000 0.185636 0.041907 0.052112 0.086742 0.400171 0.811632 0.023978 0.126912
0.560011 0.290551 0.550597 0.276430 0.555304 0.276430 0.461169 0.285844 0.527064 0.285844 0.447049 0.375272 0.536477 0.375272 0.484703 0.464700 0.583544 0.474113 0.578838 0.455286 0.597665 0.450579 0.470583 0.624728 0.545891 0.624728 0.465876 0.822411 0.616492 0.812997 0.329381 0.954199 0.644732 0.996560 0.248006 0.065610 0.037518 0.102194 0.404872 0.686516 0.020990 0.121778
0.555197 0.291213 0.550397 0.276813 0.545597 0.276813 0.464002 0.286413 0.526398 0.281613 0.444803 0.377607 0.540798 0.372808 0.416005 0.396806 0.579195 0.488001 0.435204 0.324811 0.574396 0.555197 0.468802 0.627192 0.545597 0.622393 0.478401 0.838380 0.607993 0.833580 0.334410 0.948773 0.636792 1.000000 0.306258 0.042855 0.016054 0.085324 0.770119 0.125114 0.018344 0.076986
0.534447 0.289752 0.534447 0.275498 0.515442 0.280250 0.510691 0.280250 0.477431 0.285001 0.539199 0.375277 0.444172 0.375277 0.562955 0.489309 0.406161 0.370525 0.567707 0.551077 0.434669 0.289752 0.543950 0.622347 0.472680 0.627099 0.596215 0.817153 0.477431 0.836159 0.586712 0.997705 0.325388 0.940688 0.100173 0.315519 0.077315 0.028649 0.040942 0.568417 0.021189 0.076202
0.517272 0.299648 0.521878 0.281224 0.503454 0.285830 0.521878 0.285830 0.466608 0.290436 0.535695 0.377946 0.438973 0.373340 0.558724 0.488485 0.406733 0.368735 0.567936 0.543755 0.438973 0.299648 0.554118 0.622054 0.471214 0.626660 0.590965 0.806286 0.494243 0.824709 0.558724 0.985912 0.346857 0.916825 0.119364 0.359040 0.038855 0.003449 0.012811 0.593816 0.032309 0.025986
0.534889 0.283193 0.534889 0.263256 0.519936 0.268240 0.509968 0.273225 0.480064 0.273225 0.534889 0.372906 0.445175 0.377890 0.549841 0.507476 0.475080 0.507476 0.589713 0.507476 0.574761 0.507476 0.544857 0.622110 0.475080 0.627094 0.574761 0.841409 0.524920 0.841409 0.529904 1.000000 0.365430 0.951059 0.117165 0.381019 0.030414 0.034718 0.464777 0.427808 0.025411 0.029593
0.543643 0.285525 0.538655 0.265574 0.528680 0.270561 0.498753 0.275549 0.488777 0.275549 0.538655 0.370317 0.443887 0.380293 0.538655 0.500000 0.418948 0.519951 0.593521 0.495012 0.548631 0.509976 0.533668 0.619707 0.483790 0.629683 0.553619 0.824207 0.548631 0.839170 0.428924 0.973841 0.473814 1.000000 0.252099 0.212423 0.037322 0.045046 0.528858 0.580685 0.022245 0.064591
0.547020 0.283458 0.537121 0.268610 0.542071 0.273559 0.472778 0.283458 0.537121 0.278509 0.452980 0.382449 0.551970 0.367600 0.408434 0.501237 0.566819 0.466591 0.512374 0.506187 0.591566 0.481439 0.467828 0.624976 0.527222 0.624976 0.542071 0.798209 0.561869 0.818007 0.482677 0.971442 0.467828 0.986291 0.234018 0.218739 0.109417 0.087044 0.599054 0.280586 0.006302 0.072350
0.512253 0.294157 0.517154 0.274553 0.487747 0.279454 0.531857 0.279454 0.453440 0.284355 0.556362 0.367673 0.438737 0.382376 0.575966 0.465693 0.365222 0.465693 0.600471 0.460792 0.424034 0.524505 0.531857 0.622525 0.473044 0.627427 0.551461 0.803863 0.522055 0.818566 0.492648 0.985201 0.419133 1.000000 0.134107 0.230571 0.064792 0.035621 0.500000 0.480131 0.006241 0.045618
0.533309 0.296576 0.523792 0.282301 0.533309 0.287059 0.466691 0.291818 0.528551 0.287059 0.447657 0.382228 0.561860 0.367953 0.376280 0.463122 0.609444 0.467880 0.442899 0.529740 0.590411 0.448847 0.466691 0.624909 0.523792 0.624909 0.571377 0.781938 0.480966 0.843798 0.542826 0.977035 0.390556 1.000000 0.233421 0.082801 0.162253 0.014684 0.480131 0.891463 0.012120 0.248668
0.524034 0.293307 0.519227 0.278887 0.514420 0.283694 0.480773 0.283694 0.509614 0.288501 0.442318 0.379830 0.562488 0.370216 0.365409 0.461546 0.610556 0.471159 0.437512 0.533648 0.562488 0.432705 0.466352 0.624977 0.528841 0.624977 0.572102 0.783601 0.471159 0.836476 0.576909 0.985487 0.379830 1.000000 0.179590 0.066256 0.156060 0.042952 0.490357 0.856240 0.006120 0.271918
0.514852 0.293317 0.504951 0.278465 0.514852 0.278465 0.455446 0.288366 0.514852 0.283416 0.435644 0.382426 0.564356 0.367574 0.356436 0.456683 0.613861 0.476485 0.425743 0.530941 0.564356 0.451733 0.465347 0.625000 0.534653 0.625000 0.564356 0.803218 0.470297 0.827970 0.594059 1.000000 0.376238 1.000000 0.115161 0.060573 0.122631 0.061169 0.499293 0.783383 0.000006 0.259150
0.495050 0.288408 0.485151 0.278509 0.500000 0.278509 0.450505 0.293357 0.519798 0.283458 0.430707 0.382449 0.564344 0.367600 0.351514 0.451742 0.613839 0.476490 0.410909 0.525985 0.549495 0.451742 0.465353 0.624976 0.539596 0.624976 0.559394 0.813057 0.470303 0.832856 0.603940 1.000000 0.356464 0.996190 0.075391 0.091335 0.102416 0.071903 0.485966 0.752675 0.006302 0.250000
0.516082 0.288460 0.506185 0.273615 0.521030 0.278563 0.451754 0.293408 0.516082 0.283511 0.431961 0.382478 0.560617 0.367633 0.352788 0.456702 0.615048 0.476496 0.417116 0.530927 0.540824 0.491340 0.466599 0.624945 0.540824 0.624945 0.560617 0.812981 0.476496 0.832774 0.605152 1.000000 0.347839 0.996068 0.075391 0.116863 0.102416 0.071110 0.487567 0.584751 0.009452 0.243131
0.477500 0.285000 0.472500 0.275000 0.482500 0.275000 0.442500 0.285000 0.512500 0.275000 0.432500 0.380000 0.567500 0.370000 0.347500 0.460000 0.607500 0.485000 0.407500 0.540000 0.542500 0.540000 0.462500 0.625000 0.537500 0.625000 0.557500 0.815000 0.482500 0.835000 0.597500 1.000000 0.347500 0.990000 0.084751 0.146547 0.108800 0.044259 0.464476 0.383015 0.000006 0.229119
0.466599 0.288460 0.461651 0.273615 0.471547 0.273615 0.441857 0.283511 0.511134 0.273615 0.431961 0.382478 0.560617 0.367633 0.352788 0.471547 0.600203 0.486392 0.422064 0.550720 0.550720 0.545772 0.466599 0.624945 0.540824 0.624945 0.550720 0.812981 0.506185 0.822877 0.580410 1.000000 0.362684 0.966378 0.087648 0.194854 0.088734 0.030708 0.460108 0.323558 0.009452 0.189047
0.455446 0.290842 0.450495 0.275990 0.460396 0.275990 0.440594 0.285891 0.509901 0.275990 0.445545 0.384901 0.554455 0.365099 0.361386 0.483911 0.589109 0.483911 0.415842 0.548267 0.554455 0.558168 0.470297 0.627475 0.529703 0.622525 0.524752 0.815594 0.534653 0.820545 0.386139 0.944307 0.539604 0.998762 0.351475 0.000879 0.057322 0.038469 0.447783 0.229317 0.000006 0.081735
0.508750 0.287511 0.498750 0.272511 0.503750 0.272511 0.448753 0.282511 0.513749 0.277511 0.438753 0.382506 0.558747 0.367507 0.368757 0.507500 0.593745 0.492500 0.438753 0.547498 0.538748 0.547498 0.468752 0.627494 0.533748 0.622494 0.533748 0.817484 0.543748 0.827484 0.518749 0.997475 0.423754 0.937478 0.131387 0.279346 0.066139 0.046622 0.497244 0.336901 0.003182 0.089408
0.503741 0.285525 0.513716 0.265574 0.483790 0.270561 0.513716 0.270561 0.448875 0.280537 0.553619 0.365330 0.428924 0.385281 0.578558 0.485037 0.369070 0.509976 0.553619 0.579805 0.443887 0.529927 0.543643 0.619707 0.473814 0.629683 0.563594 0.814231 0.543643 0.814231 0.478802 0.958877 0.458851 0.958877 0.201306 0.283915 0.045010 0.057321 0.147288 0.559498 0.022245 0.082609
0.503822 0.288540 0.508917 0.268159 0.483440 0.273254 0.514012 0.273254 0.452867 0.283445 0.554776 0.364972 0.432486 0.385353 0.575157 0.477071 0.381532 0.512739 0.549680 0.487261 0.463058 0.522929 0.549680 0.619742 0.463058 0.629933 0.590444 0.813368 0.503822 0.823559 0.488535 0.961135 0.468154 1.000000 0.258227 0.125565 0.072413 0.026465 0.436130 0.581536 0.016226 0.000128
0.521683 0.290827 0.511479 0.275522 0.521683 0.275522 0.455359 0.285725 0.536988 0.280624 0.440054 0.387761 0.557395 0.362252 0.414545 0.515305 0.557395 0.474491 0.542090 0.489796 0.588006 0.484695 0.460461 0.627544 0.542090 0.622443 0.491072 0.836717 0.608413 0.801005 0.429851 1.000000 0.552293 0.979567 0.148670 0.210131 0.019229 0.131905 0.625666 0.397584 0.003249 0.066949
0.534748 0.287653 0.524452 0.272210 0.534748 0.272210 0.452383 0.282505 0.529600 0.277357 0.436939 0.385461 0.550191 0.364870 0.426644 0.509009 0.545043 0.472974 0.550191 0.483270 0.586226 0.478122 0.462678 0.627408 0.550191 0.622260 0.467826 0.838468 0.617113 0.797286 0.390609 1.000000 0.586226 0.987754 0.124637 0.167420 0.025974 0.116247 0.591844 0.475563 0.016393 0.108485
0.541523 0.279410 0.531142 0.263839 0.536332 0.263839 0.453287 0.284601 0.525952 0.274220 0.437716 0.383217 0.541523 0.367646 0.427335 0.512976 0.551903 0.481834 0.536332 0.487024 0.577855 0.481834 0.468858 0.627163 0.551903 0.621973 0.448097 0.845158 0.619378 0.814016 0.365051 1.000000 0.614188 1.000000 0.093699 0.115925 0.070641 0.094565 0.599813 0.471142 0.026465 0.137774
0.541098 0.282953 0.530823 0.267542 0.535960 0.267542 0.453765 0.282953 0.520549 0.277816 0.443491 0.380560 0.535960 0.370286 0.438354 0.514127 0.520549 0.488441 0.546235 0.488441 0.577058 0.473030 0.469177 0.627146 0.551372 0.622008 0.438354 0.837771 0.618156 0.822359 0.356158 1.000000 0.633567 1.000000 0.086871 0.077339 0.079292 0.082952 0.586639 0.626036 0.026193 0.148670
0.540681 0.294052 0.535596 0.278797 0.535596 0.278797 0.459319 0.283882 0.515255 0.283882 0.444064 0.380500 0.535596 0.370329 0.454234 0.512713 0.555936 0.487287 0.555936 0.482202 0.581362 0.466947 0.469489 0.624586 0.550851 0.624586 0.438978 0.838161 0.611873 0.827991 0.342361 1.000000 0.642384 1.000000 0.109411 0.041601 0.078205 0.073698 0.568336 0.659967 0.025927 0.137941
0.544857 0.298145 0.539873 0.283193 0.534889 0.283193 0.465111 0.288177 0.514952 0.288177 0.440191 0.377890 0.539873 0.372906 0.450159 0.502492 0.564793 0.487540 0.549841 0.482556 0.584729 0.467604 0.470096 0.622110 0.549841 0.627094 0.455143 0.831441 0.604666 0.826457 0.340510 0.990932 0.639554 1.000000 0.175673 0.025906 0.061482 0.072947 0.537422 0.681862 0.025411 0.108121
0.548398 0.307618 0.538718 0.293099 0.543558 0.293099 0.466121 0.293099 0.524199 0.297939 0.437083 0.370536 0.543558 0.380215 0.461282 0.462492 0.567757 0.486691 0.543558 0.472171 0.577437 0.491530 0.466121 0.622205 0.553238 0.627045 0.461282 0.820636 0.596796 0.815796 0.345127 0.970670 0.625835 1.000000 0.201942 0.023603 0.044328 0.059716 0.380814 0.281282 0.024674 0.079954
0.549066 0.295778 0.543762 0.279865 0.543762 0.279865 0.464195 0.285169 0.527848 0.285169 0.437673 0.375345 0.543762 0.375345 0.453586 0.497348 0.570284 0.502652 0.559675 0.492043 0.602111 0.486739 0.469499 0.624655 0.549066 0.624655 0.480108 0.858051 0.607415 0.847442 0.342192 0.990663 0.612720 1.000000 0.270699 0.073376 0.025958 0.074764 0.474617 0.582204 0.023660 0.067077
0.540258 0.287024 0.535063 0.271440 0.535063 0.276635 0.462340 0.287024 0.519480 0.281829 0.441561 0.375331 0.540258 0.375331 0.441561 0.453249 0.555841 0.484416 0.550647 0.453249 0.587009 0.484416 0.472729 0.624669 0.545452 0.624669 0.488312 0.848034 0.587009 0.837645 0.348060 0.957120 0.576620 1.000000 0.311755 0.079508 0.017412 0.054708 0.500000 0.454833 0.023169 0.039167
0.525777 0.272076 0.525777 0.255795 0.504070 0.261222 0.509497 0.266649 0.466083 0.272076 0.542058 0.364331 0.444376 0.386038 0.498643 0.483720 0.406388 0.516280 0.569191 0.489146 0.525777 0.500000 0.547484 0.619389 0.466083 0.630243 0.580045 0.825606 0.487790 0.852740 0.542058 1.000000 0.335840 0.955849 0.107834 0.341181 0.043076 0.002738 0.586580 0.633474 0.017283 0.018891
0.551937 0.276812 0.540707 0.265583 0.540707 0.265583 0.467715 0.276812 0.523863 0.271197 0.445256 0.383493 0.546322 0.366649 0.377878 0.512633 0.580011 0.473330 0.478945 0.540707 0.613699 0.501404 0.478945 0.624929 0.529478 0.624929 0.540707 0.855135 0.546322 0.855135 0.462100 1.000000 0.411567 1.000000 0.214710 0.260524 0.039305 0.043979 0.566826 0.181494 0.010725 0.060186
0.508514 0.281476 0.514190 0.264448 0.491486 0.270124 0.519866 0.270124 0.457430 0.275800 0.559598 0.366615 0.429051 0.383643 0.582301 0.468782 0.360939 0.508514 0.605005 0.480134 0.440402 0.548246 0.542570 0.622033 0.468782 0.627709 0.548246 0.837720 0.531218 0.843395 0.434726 1.000000 0.434726 1.000000 0.200554 0.245132 0.029564 0.038323 0.282812 0.511363 0.014458 0.081316
0.491669 0.288941 0.508331 0.272278 0.475006 0.277833 0.530548 0.272278 0.447235 0.277833 0.563873 0.366700 0.430573 0.383362 0.608307 0.472229 0.347260 0.488892 0.602752 0.455567 0.430573 0.544433 0.541656 0.622192 0.463898 0.627746 0.536102 0.822143 0.530548 0.822143 0.452789 1.000000 0.447235 1.000000 0.126960 0.230803 0.018770 0.061997 0.975563 0.525556 0.007072 0.113977
0.500000 0.294545 0.510743 0.278431 0.489257 0.278431 0.505371 0.278431 0.494629 0.283802 0.451658 0.375115 0.559085 0.375115 0.354973 0.471800 0.628913 0.466429 0.430172 0.536257 0.575199 0.466429 0.467772 0.622199 0.521486 0.627570 0.559085 0.783340 0.510743 0.842425 0.516114 0.976710 0.414058 1.000000 0.233709 0.131681 0.143374 0.031160 0.524437 0.707808 0.013682 0.180007
0.503901 0.294549 0.503901 0.278945 0.498700 0.278945 0.477895 0.284147 0.514304 0.284147 0.441486 0.377770 0.571518 0.372569 0.358265 0.460990 0.633933 0.466192 0.425882 0.533808 0.576719 0.445387 0.462291 0.622230 0.524706 0.627431 0.566316 0.767866 0.472693 0.845885 0.540310 0.960314 0.389473 1.000000 0.240187 0.062081 0.170406 0.016582 0.488216 0.798184 0.016564 0.271834
0.514024 0.298564 0.508924 0.283265 0.503825 0.283265 0.473227 0.288364 0.508924 0.288364 0.442629 0.380158 0.565021 0.369959 0.361034 0.451553 0.636416 0.466852 0.427330 0.543347 0.585419 0.426055 0.463028 0.624941 0.529323 0.624941 0.559921 0.777931 0.473227 0.818728 0.559921 0.966618 0.391632 0.997216 0.179708 0.046794 0.153243 0.045415 0.470287 0.916912 0.009741 0.269399
0.505154 0.297723 0.500000 0.282263 0.500000 0.282263 0.458772 0.292570 0.515461 0.287416 0.438157 0.380180 0.566996 0.369873 0.355701 0.447176 0.633992 0.467790 0.402083 0.534786 0.582457 0.421408 0.463925 0.622397 0.530921 0.627550 0.556689 0.777003 0.463925 0.828538 0.587610 0.977991 0.371161 1.000000 0.123431 0.035223 0.138285 0.058141 0.437797 0.924264 0.006562 0.274437
0.501288 0.295201 0.506440 0.274592 0.480679 0.279745 0.521897 0.279745 0.449766 0.290049 0.557962 0.367331 0.434310 0.382788 0.624940 0.454918 0.351875 0.444614 0.573418 0.424005 0.393092 0.527049 0.527049 0.624940 0.480679 0.624940 0.475527 0.815571 0.542505 0.794962 0.351875 0.980440 0.583723 0.970136 0.120811 0.037459 0.046007 0.050793 0.879828 0.442751 0.009841 0.195040
0.504070 0.285642 0.509497 0.269362 0.487790 0.274789 0.504070 0.274789 0.449802 0.285642 0.552911 0.367044 0.433522 0.383324 0.612606 0.453872 0.346694 0.448446 0.542058 0.464726 0.384681 0.540701 0.531204 0.622102 0.482363 0.627529 0.536631 0.822893 0.482363 0.828320 0.580045 1.000000 0.357547 1.000000 0.062927 0.193752 0.035626 0.062833 0.643124 0.419501 0.017283 0.008601
0.504064 0.285945 0.504064 0.269687 0.487807 0.275107 0.487807 0.275107 0.449873 0.285945 0.547417 0.367232 0.433616 0.383489 0.579932 0.464776 0.346910 0.459357 0.487807 0.524386 0.384844 0.551482 0.531160 0.621930 0.487807 0.627349 0.536579 0.822438 0.487807 0.827857 0.569094 1.000000 0.374005 0.995849 0.045441 0.189525 0.028891 0.069604 0.419609 0.395523 0.024173 0.008601
0.501402 0.285451 0.501402 0.268623 0.484575 0.274232 0.490184 0.274232 0.450920 0.279842 0.540666 0.363979 0.445311 0.386415 0.557494 0.476161 0.349956 0.476161 0.478966 0.560298 0.389220 0.560298 0.523839 0.621999 0.490184 0.627608 0.546275 0.829537 0.507011 0.835146 0.574321 1.000000 0.378001 0.992201 0.009649 0.244645 0.055009 0.032798 0.286421 0.398626 0.017864 0.008525
0.490307 0.281216 0.501385 0.264600 0.473691 0.264600 0.518001 0.264600 0.440458 0.275678 0.556773 0.364299 0.423841 0.386454 0.590006 0.475075 0.340759 0.486153 0.562312 0.552619 0.401686 0.563697 0.545695 0.619085 0.473691 0.630162 0.545695 0.824021 0.534618 0.818483 0.401686 0.956953 0.540156 1.000000 0.262726 0.090760 0.013831 0.035377 0.201962 0.433127 0.024708 0.099600
0.488809 0.283178 0.500000 0.266391 0.472023 0.271987 0.511191 0.266391 0.444046 0.277582 0.550359 0.367109 0.427260 0.383895 0.589527 0.479017 0.343328 0.501399 0.561550 0.551758 0.416069 0.557353 0.544763 0.618903 0.477618 0.630093 0.539168 0.831529 0.539168 0.831529 0.511191 1.000000 0.421664 0.954628 0.040963 0.336992 0.001301 0.030170 0.224042 0.488717 0.028535 0.102768
0.502900 0.282505 0.508700 0.265106 0.479701 0.270906 0.514500 0.270906 0.450701 0.276706 0.555099 0.363703 0.427502 0.386903 0.578298 0.485500 0.357904 0.514500 0.520299 0.526099 0.433302 0.555099 0.543499 0.618897 0.473901 0.630497 0.555099 0.827692 0.549299 0.833492 0.485500 0.972688 0.468101 0.984288 0.160116 0.270429 0.032124 0.053289 0.365513 0.501721 0.022172 0.095537
0.504070 0.291069 0.514924 0.269362 0.482363 0.274789 0.520350 0.274789 0.449802 0.285642 0.552911 0.367044 0.433522 0.383324 0.552911 0.470153 0.379254 0.508140 0.585472 0.470153 0.466083 0.513567 0.542058 0.622102 0.471509 0.627529 0.574618 0.812039 0.520350 0.812039 0.498643 0.974843 0.460656 1.000000 0.193025 0.179298 0.067579 0.033248 0.500000 0.610679 0.017283 0.028327
0.501357 0.293783 0.512210 0.277502 0.479650 0.277502 0.523064 0.277502 0.452516 0.288356 0.550198 0.364331 0.436235 0.386038 0.550198 0.472866 0.403675 0.510854 0.582758 0.472866 0.485076 0.494573 0.550198 0.619389 0.463369 0.630243 0.599039 0.798473 0.479650 0.825606 0.539344 0.955849 0.414528 1.000000 0.200152 0.131602 0.084751 0.008758 0.500000 0.644060 0.017283 0.058286
