0.468032 0.293660 0.479657 0.282036 0.456407 0.282036 0.514531 0.282036 0.444782 0.282036 0.561030 0.375034 0.433158 0.375034 0.584280 0.502906 0.433158 0.479657 0.491281 0.433158 0.421533 0.479657 0.549405 0.619154 0.456407 0.630779 0.572655 0.828400 0.444782 0.828400 0.630779 0.991146 0.456407 1.000000 0.073965 0.036368 0.050370 0.047560 0.762082 0.500000 0.007402 0.053926
0.471620 0.295666 0.482972 0.272962 0.460268 0.272962 0.517028 0.284314 0.437564 0.284314 0.562436 0.375129 0.426213 0.375129 0.585139 0.500000 0.426213 0.488648 0.494324 0.454592 0.414861 0.500000 0.551084 0.624871 0.460268 0.624871 0.573787 0.817854 0.448916 0.829206 0.653251 0.965429 0.448916 1.000000 0.119950 0.017666 0.051735 0.060806 0.704833 0.250000 0.014458 0.054943
0.465909 0.289773 0.477273 0.267045 0.454545 0.278409 0.511364 0.278409 0.443182 0.289773 0.568182 0.369318 0.431818 0.380682 0.602273 0.505682 0.431818 0.494318 0.488636 0.460227 0.420455 0.494318 0.545455 0.619318 0.454545 0.630682 0.568182 0.823864 0.454545 0.835227 0.659091 0.948864 0.454545 1.000000 0.164929 0.000003 0.064081 0.028858 0.699098 0.500000 0.000010 0.035224
0.469452 0.291718 0.480560 0.280610 0.458344 0.280610 0.513885 0.280610 0.436127 0.291718 0.558319 0.369477 0.436127 0.380585 0.613861 0.491669 0.436127 0.491669 0.491669 0.480560 0.413910 0.491669 0.547211 0.624969 0.458344 0.624969 0.569427 0.824920 0.447235 0.824920 0.669403 0.924895 0.469452 1.000000 0.214777 0.052889 0.049054 0.046523 0.664658 0.500000 0.007072 0.052889
0.480119 0.278466 0.491479 0.267106 0.457397 0.267106 0.514201 0.267106 0.434676 0.278466 0.559644 0.369352 0.434676 0.380713 0.627808 0.482959 0.434676 0.494320 0.525562 0.482959 0.411955 0.517041 0.548283 0.619287 0.457397 0.630648 0.571004 0.835141 0.457397 0.835141 0.684611 0.914666 0.491479 1.000000 0.272216 0.055600 0.047842 0.028858 0.672021 0.250000 0.007234 0.033383
0.472250 0.286322 0.494450 0.264122 0.461149 0.264122 0.516650 0.275222 0.438949 0.286322 0.561051 0.364023 0.427849 0.386223 0.638752 0.475025 0.427849 0.508325 0.549951 0.508325 0.405649 0.519425 0.549951 0.619327 0.461149 0.630427 0.561051 0.830230 0.461149 0.830230 0.683153 0.885730 0.505550 1.000000 0.347463 0.073558 0.030569 0.043140 0.580200 0.352416 0.014138 0.016738
0.472852 0.277384 0.483711 0.266525 0.451133 0.266525 0.516289 0.266525 0.429415 0.277384 0.570585 0.364259 0.418555 0.385977 0.635741 0.472852 0.396837 0.516289 0.548867 0.505430 0.407696 0.483711 0.548867 0.624882 0.461992 0.624882 0.548867 0.820350 0.472852 0.820350 0.657460 0.863787 0.516289 0.994098 0.378881 0.060313 0.026465 0.039583 0.557821 0.950152 0.013831 0.017666
0.470116 0.277227 0.480983 0.266360 0.448382 0.266360 0.513584 0.277227 0.437515 0.277227 0.567919 0.364163 0.426648 0.385897 0.643988 0.451099 0.394047 0.505433 0.578786 0.483700 0.426648 0.483700 0.546185 0.624970 0.459249 0.624970 0.524451 0.809709 0.480983 0.820576 0.643988 0.885778 0.524451 0.994448 0.356881 0.042756 0.010812 0.007918 0.581227 0.771918 0.006919 0.072500
0.478743 0.279455 0.489371 0.268826 0.457485 0.268826 0.510629 0.279455 0.446857 0.279455 0.563772 0.364484 0.425599 0.385742 0.648802 0.438885 0.414971 0.502657 0.585029 0.470771 0.383085 0.460142 0.542515 0.619573 0.468114 0.630201 0.510629 0.800260 0.489371 0.810889 0.574401 0.959690 0.585029 0.938433 0.176719 0.167556 0.029135 0.017534 0.623606 0.766309 0.013537 0.092877
0.472852 0.282814 0.494570 0.271955 0.461992 0.271955 0.516289 0.282814 0.440274 0.282814 0.570585 0.369688 0.418555 0.380548 0.635741 0.434844 0.407696 0.489141 0.581445 0.478281 0.364259 0.489141 0.548867 0.619452 0.461992 0.630312 0.516289 0.804061 0.494570 0.814920 0.570585 0.977809 0.570585 0.977809 0.152011 0.083383 0.027990 0.000793 0.535223 0.468274 0.013831 0.111200
0.476112 0.285012 0.497346 0.274395 0.465496 0.274395 0.518579 0.285012 0.444262 0.285012 0.561046 0.369946 0.423029 0.380562 0.645980 0.433646 0.401796 0.486729 0.592896 0.486729 0.369946 0.507963 0.550429 0.624746 0.465496 0.624746 0.507963 0.805230 0.497346 0.815847 0.561046 0.996330 0.561046 0.985714 0.159803 0.061632 0.060303 0.002241 0.545167 0.250000 0.020290 0.126127
0.476112 0.285012 0.497346 0.263779 0.465496 0.274395 0.518579 0.285012 0.444262 0.285012 0.561046 0.369946 0.423029 0.380562 0.614129 0.433646 0.391179 0.476112 0.592896 0.369946 0.369946 0.518579 0.550429 0.624746 0.465496 0.624746 0.518579 0.815847 0.497346 0.826463 0.529196 1.000000 0.571663 0.985714 0.069306 0.089135 0.039313 0.004962 0.881274 0.045167 0.020290 0.102416
0.476069 0.273987 0.497341 0.263351 0.465433 0.263351 0.529249 0.273987 0.444162 0.273987 0.571792 0.369710 0.422890 0.380346 0.561156 0.444162 0.390982 0.476069 0.518613 0.369710 0.390982 0.486705 0.550520 0.624972 0.454797 0.624972 0.518613 0.816418 0.497341 0.827054 0.497341 1.000000 0.571792 0.954684 0.020843 0.102043 0.026104 0.024763 0.789583 0.102416 0.006771 0.118617
0.481775 0.270883 0.502604 0.260469 0.471360 0.260469 0.523432 0.270883 0.450532 0.270883 0.565090 0.375027 0.429703 0.375027 0.617162 0.416685 0.388045 0.468757 0.606748 0.364613 0.388045 0.406270 0.544261 0.624973 0.460946 0.624973 0.523432 0.822847 0.492189 0.812432 0.481775 1.000000 0.575504 0.916576 0.036221 0.162208 0.006918 0.012985 0.777610 0.866875 0.006630 0.085952
0.487248 0.278107 0.497450 0.267905 0.466844 0.267905 0.528055 0.278107 0.456642 0.278107 0.568863 0.380127 0.436238 0.369925 0.619873 0.431137 0.395430 0.461743 0.609671 0.369925 0.405632 0.431137 0.538257 0.624974 0.456642 0.624974 0.517853 0.808609 0.487248 0.808609 0.487248 1.000000 0.568863 0.890225 0.014625 0.197432 0.004361 0.027158 0.802568 0.969291 0.006496 0.087792
0.476568 0.281297 0.497396 0.260469 0.466153 0.260469 0.528640 0.270883 0.455739 0.270883 0.570297 0.375027 0.434910 0.375027 0.591126 0.447928 0.414081 0.479171 0.539054 0.395856 0.414081 0.468757 0.539054 0.624973 0.455739 0.624973 0.518225 0.833261 0.476568 0.822847 0.486982 1.000000 0.570297 0.916576 0.015668 0.216617 0.007857 0.006918 0.838586 0.937167 0.006630 0.065109
0.487248 0.278107 0.507651 0.267905 0.466844 0.267905 0.538257 0.278107 0.456642 0.278107 0.568863 0.380127 0.436238 0.369925 0.640277 0.482147 0.405632 0.471945 0.599469 0.431137 0.436238 0.461743 0.538257 0.624974 0.456642 0.624974 0.507651 0.829013 0.466844 0.818811 0.487248 1.000000 0.548459 0.910629 0.014010 0.214560 0.007811 0.008673 0.979623 0.695190 0.006496 0.064131
0.467558 0.285386 0.487522 0.265422 0.457576 0.265422 0.527451 0.275404 0.447594 0.275404 0.577361 0.375224 0.437612 0.375224 0.637253 0.495009 0.407666 0.504991 0.577361 0.475045 0.417648 0.475045 0.537433 0.624776 0.447594 0.624776 0.507487 0.814435 0.467558 0.824417 0.497505 1.000000 0.517469 0.964165 0.033110 0.077462 0.000657 0.019000 0.750000 0.969776 0.019076 0.081573
0.470000 0.285000 0.490000 0.265000 0.460000 0.265000 0.530000 0.275000 0.450000 0.275000 0.570000 0.375000 0.430000 0.375000 0.630000 0.505000 0.410000 0.505000 0.540000 0.495000 0.410000 0.485000 0.550000 0.625000 0.450000 0.625000 0.520000 0.825000 0.450000 0.825000 0.520000 1.000000 0.530000 0.925000 0.047393 0.214777 0.021983 0.025411 0.672863 0.951410 0.000009 0.047393
0.470024 0.275180 0.490008 0.255196 0.460032 0.255196 0.519984 0.265188 0.450040 0.275180 0.569944 0.375100 0.440048 0.375100 0.599920 0.504996 0.420064 0.504996 0.509992 0.465028 0.400080 0.465028 0.539968 0.624900 0.450040 0.624900 0.529976 0.824740 0.440048 0.814748 0.539968 1.000000 0.500000 0.934652 0.033568 0.164321 0.022113 0.029464 0.705317 0.803827 0.012726 0.000845
0.451018 0.286928 0.470611 0.267336 0.441222 0.267336 0.509796 0.277132 0.441222 0.277132 0.568575 0.375096 0.441222 0.375096 0.588168 0.502449 0.431425 0.502449 0.500000 0.453467 0.402036 0.463264 0.539186 0.629802 0.451018 0.620006 0.539186 0.825730 0.421629 0.815934 0.558778 1.000000 0.470611 0.962880 0.035223 0.149810 0.036566 0.060119 0.710004 0.770730 0.012476 0.047393
0.451541 0.273006 0.471945 0.252603 0.441339 0.252603 0.512752 0.273006 0.441339 0.273006 0.563762 0.375026 0.441339 0.375026 0.584166 0.497450 0.441339 0.497450 0.482147 0.446440 0.431137 0.487248 0.543358 0.630075 0.451541 0.619873 0.563762 0.834114 0.431137 0.823912 0.584166 1.000000 0.451541 1.000000 0.001655 0.065109 0.057136 0.044981 0.700152 0.750000 0.006496 0.063451
0.451018 0.277132 0.460814 0.267336 0.441222 0.267336 0.509796 0.277132 0.441222 0.277132 0.568575 0.375096 0.441222 0.375096 0.558778 0.502449 0.441222 0.492653 0.470611 0.433874 0.431425 0.473060 0.539186 0.629802 0.451018 0.620006 0.568575 0.825730 0.431425 0.825730 0.597964 1.000000 0.441222 1.000000 0.000123 0.046126 0.083960 0.042950 0.685979 0.852416 0.012476 0.077617
0.444722 0.288501 0.463949 0.269273 0.444722 0.269273 0.512017 0.278887 0.444722 0.278887 0.560085 0.375023 0.444722 0.375023 0.569699 0.500000 0.454335 0.500000 0.473563 0.442318 0.425495 0.471159 0.540858 0.624977 0.454335 0.624977 0.579312 0.826863 0.435108 0.826863 0.627380 1.000000 0.435108 1.000000 0.021996 0.030224 0.084350 0.042461 0.696458 0.774437 0.006120 0.090137
0.447115 0.288462 0.466346 0.269231 0.437500 0.269231 0.514423 0.288462 0.447115 0.278846 0.552885 0.375000 0.447115 0.375000 0.572115 0.500000 0.437500 0.490385 0.475962 0.442308 0.437500 0.480769 0.543269 0.625000 0.456731 0.625000 0.581731 0.826923 0.447115 0.836538 0.639423 1.000000 0.427885 1.000000 0.042503 0.017266 0.072149 0.026695 0.720611 0.973535 0.000009 0.074371
0.447736 0.293216 0.465915 0.275037 0.438646 0.275037 0.502272 0.293216 0.447736 0.284127 0.556809 0.375021 0.447736 0.375021 0.565898 0.493183 0.438646 0.475004 0.465915 0.438646 0.438646 0.438646 0.538630 0.629524 0.456825 0.620435 0.574988 0.811312 0.447736 0.811312 0.647703 0.974921 0.438646 1.000000 0.070292 0.000684 0.085531 0.026930 0.683384 0.971142 0.005787 0.077979
0.441819 0.297444 0.459058 0.280205 0.441819 0.280205 0.502155 0.297444 0.450438 0.297444 0.553871 0.375019 0.450438 0.375019 0.571110 0.495690 0.459058 0.495690 0.476297 0.452593 0.450438 0.512929 0.536632 0.624981 0.459058 0.624981 0.571110 0.805989 0.450438 0.805989 0.648685 0.943900 0.450438 0.995616 0.103186 0.015146 0.081830 0.026118 0.680967 0.170281 0.005488 0.075059
0.440909 0.293182 0.459091 0.275000 0.440909 0.275000 0.513636 0.284091 0.450000 0.284091 0.550000 0.375000 0.450000 0.375000 0.595455 0.493182 0.459091 0.493182 0.486364 0.465909 0.450000 0.520455 0.540909 0.629545 0.459091 0.620455 0.577273 0.829545 0.450000 0.820455 0.668182 0.956818 0.459091 1.000000 0.140182 0.028289 0.068612 0.026242 0.694854 0.126854 0.000009 0.071708
0.441964 0.294643 0.459821 0.276786 0.433036 0.276786 0.504464 0.285714 0.441964 0.285714 0.558036 0.375000 0.441964 0.375000 0.602679 0.491071 0.450893 0.482143 0.495536 0.473214 0.424107 0.473214 0.540179 0.625000 0.459821 0.625000 0.566964 0.821429 0.459821 0.821429 0.674107 0.928571 0.468750 1.000000 0.206860 0.014458 0.065838 0.022698 0.669443 0.628881 0.000009 0.043140
0.456140 0.291667 0.473684 0.274123 0.447368 0.274123 0.517544 0.282895 0.447368 0.282895 0.561404 0.370614 0.438596 0.379386 0.622807 0.484649 0.429825 0.484649 0.517544 0.484649 0.412281 0.493421 0.543860 0.625000 0.456140 0.625000 0.561404 0.817982 0.464912 0.809211 0.675439 0.905702 0.491228 1.000000 0.262428 0.027994 0.050776 0.007552 0.657226 0.325952 0.000008 0.013711
0.446429 0.294643 0.464286 0.276786 0.437500 0.276786 0.508929 0.285714 0.446429 0.285714 0.562500 0.375000 0.437500 0.375000 0.642857 0.482143 0.428571 0.491071 0.526786 0.500000 0.410714 0.508929 0.544643 0.625000 0.455357 0.625000 0.544643 0.830357 0.464286 0.830357 0.669643 0.919643 0.508929 1.000000 0.302568 0.064148 0.022698 0.008866 0.656243 0.225563 0.000009 0.013831
0.449569 0.291699 0.467110 0.274158 0.449569 0.274158 0.510963 0.282928 0.440799 0.282928 0.563587 0.370634 0.432028 0.379405 0.660063 0.467110 0.423257 0.493422 0.563587 0.493422 0.405716 0.493422 0.546046 0.624981 0.458340 0.624981 0.537275 0.817934 0.475881 0.826704 0.651293 0.914410 0.528504 1.000000 0.290923 0.065164 0.007458 0.006364 0.665249 0.475563 0.005583 0.042068
0.454748 0.288824 0.471987 0.271586 0.446129 0.271586 0.515084 0.280205 0.437509 0.280205 0.566800 0.366399 0.428890 0.383638 0.652995 0.452593 0.411651 0.495690 0.575420 0.478451 0.394412 0.478451 0.540942 0.624981 0.463368 0.624981 0.515084 0.805989 0.489226 0.814608 0.618517 0.935280 0.549562 0.986997 0.259944 0.064027 0.013442 0.002029 0.647584 0.701410 0.005488 0.088307
0.450438 0.293134 0.467677 0.275895 0.441819 0.275895 0.510774 0.275895 0.441819 0.284515 0.562491 0.370709 0.433200 0.379328 0.665924 0.456903 0.407341 0.482761 0.683162 0.465522 0.364244 0.465522 0.545252 0.620672 0.459058 0.629291 0.502155 0.801679 0.484916 0.810299 0.588349 0.965448 0.571110 0.974067 0.228617 0.109047 0.052485 0.012356 0.073559 0.543140 0.005488 0.119570
0.446463 0.290312 0.464308 0.272466 0.437540 0.272466 0.508923 0.272466 0.428617 0.281389 0.571383 0.370618 0.419694 0.379541 0.669535 0.450924 0.384003 0.486616 0.598152 0.486616 0.384003 0.477693 0.544614 0.620459 0.464308 0.629382 0.500000 0.807839 0.491077 0.825685 0.571383 1.000000 0.562460 1.000000 0.185420 0.077979 0.040428 0.013108 0.634142 0.897584 0.011363 0.117543
0.454011 0.291955 0.471531 0.274435 0.445251 0.274435 0.506570 0.283195 0.436491 0.283195 0.567888 0.370793 0.418972 0.379553 0.664246 0.432112 0.383933 0.484670 0.585408 0.493430 0.392692 0.484670 0.550369 0.624827 0.462771 0.624827 0.497810 0.808783 0.506570 0.826303 0.550369 1.000000 0.559129 1.000000 0.169813 0.020448 0.066668 0.011889 0.609188 0.602416 0.016738 0.156723
0.462771 0.291955 0.480290 0.274435 0.445251 0.274435 0.515330 0.283195 0.436491 0.283195 0.567888 0.370793 0.418972 0.379553 0.664246 0.432112 0.375173 0.484670 0.594168 0.493430 0.418972 0.484670 0.550369 0.624827 0.462771 0.624827 0.506570 0.817543 0.506570 0.826303 0.506570 1.000000 0.594168 0.983979 0.071135 0.093277 0.049217 0.011889 0.590794 0.625666 0.016738 0.139272
0.463411 0.289075 0.480629 0.280466 0.454802 0.280466 0.515066 0.280466 0.437583 0.289075 0.566721 0.375167 0.420365 0.375167 0.661422 0.435431 0.385928 0.469868 0.592549 0.487086 0.368710 0.495695 0.549503 0.624833 0.463411 0.624833 0.515066 0.822844 0.515066 0.814235 0.489239 1.000000 0.601158 0.977810 0.015227 0.069464 0.032892 0.030404 0.614772 0.076150 0.016450 0.139561
0.470850 0.295947 0.487507 0.279289 0.454192 0.279289 0.520822 0.287618 0.445863 0.287618 0.570794 0.370905 0.420877 0.379234 0.662410 0.437535 0.387562 0.479178 0.579123 0.479178 0.412549 0.479178 0.545808 0.620766 0.462521 0.629095 0.512493 0.812327 0.512493 0.803998 0.479178 1.000000 0.604109 0.937257 0.004308 0.103129 0.023085 0.036017 0.652264 0.602416 0.010607 0.143396
0.467231 0.301336 0.483615 0.284952 0.450846 0.284952 0.516385 0.293144 0.442654 0.293144 0.565539 0.375067 0.426269 0.375067 0.663846 0.440606 0.418077 0.473375 0.581923 0.481567 0.450846 0.481567 0.549154 0.620837 0.459038 0.629029 0.508192 0.809260 0.500000 0.809260 0.483615 1.000000 0.606500 0.915760 0.030122 0.178865 0.046948 0.030288 0.665249 0.448486 0.010433 0.139272
0.465730 0.302445 0.481857 0.278255 0.449603 0.286318 0.522175 0.286318 0.441540 0.286318 0.570555 0.375016 0.425413 0.375016 0.659253 0.455651 0.441540 0.463714 0.578619 0.471778 0.514111 0.447587 0.546365 0.624984 0.457667 0.624984 0.506048 0.810444 0.481857 0.810444 0.481857 1.000000 0.594746 0.891078 0.030122 0.261283 0.037429 0.000433 0.702313 0.512355 0.005134 0.109423
0.469266 0.293061 0.485658 0.276669 0.452875 0.276669 0.518440 0.284865 0.444680 0.284865 0.567614 0.375017 0.428288 0.375017 0.657766 0.465169 0.420093 0.481560 0.592201 0.465169 0.493853 0.456973 0.543027 0.620885 0.461071 0.629081 0.510245 0.817580 0.477462 0.825776 0.502049 1.000000 0.592201 0.899536 0.038738 0.291673 0.020843 0.014382 0.750000 0.626854 0.005218 0.079033
0.461699 0.286318 0.477825 0.270191 0.453635 0.270191 0.518143 0.270191 0.445572 0.278255 0.574587 0.375016 0.429445 0.375016 0.639095 0.479841 0.405254 0.495968 0.558460 0.471778 0.429445 0.447587 0.542333 0.624984 0.453635 0.624984 0.502016 0.810444 0.485889 0.818507 0.574587 0.899142 0.542333 0.971713 0.286412 0.059792 0.027291 0.021860 0.707323 0.915249 0.005134 0.120706
0.464286 0.295635 0.480159 0.279762 0.448413 0.279762 0.519841 0.279762 0.440476 0.287698 0.567460 0.375000 0.432540 0.375000 0.623016 0.501984 0.416667 0.486111 0.535714 0.494048 0.408730 0.486111 0.543651 0.621032 0.456349 0.628968 0.519841 0.811508 0.456349 0.811508 0.551587 0.986111 0.583333 0.882936 0.096833 0.336901 0.008875 0.029755 0.660132 0.454833 0.000008 0.039583
0.455084 0.300806 0.470707 0.277371 0.447272 0.285182 0.509764 0.277371 0.439461 0.285182 0.556634 0.378921 0.439461 0.371109 0.595691 0.511717 0.431649 0.480471 0.509764 0.472660 0.408214 0.488283 0.541011 0.628891 0.462895 0.621079 0.525388 0.816368 0.447272 0.808556 0.564445 0.980410 0.556634 0.902295 0.100867 0.300902 0.006596 0.056219 0.726853 0.374886 0.004973 0.000002
0.443208 0.306907 0.458352 0.291762 0.435636 0.291762 0.503786 0.284190 0.435636 0.291762 0.549220 0.375057 0.443208 0.375057 0.579509 0.511358 0.450780 0.488642 0.488642 0.458352 0.420491 0.488642 0.541648 0.624943 0.465925 0.624943 0.541648 0.806677 0.435636 0.791533 0.587081 0.973268 0.518931 0.912689 0.084751 0.248963 0.009642 0.086107 0.737696 0.521189 0.009643 0.057249
0.446994 0.306907 0.462139 0.291762 0.431849 0.291762 0.500000 0.284190 0.431849 0.291762 0.545434 0.375057 0.446994 0.375057 0.553006 0.503786 0.454566 0.496214 0.469711 0.450780 0.462139 0.564364 0.545434 0.624943 0.462139 0.624943 0.553006 0.806677 0.431849 0.799105 0.613584 0.980840 0.500000 0.950551 0.093295 0.189409 0.013255 0.074078 0.699098 0.015355 0.009643 0.068065
0.438491 0.302017 0.453868 0.286639 0.430802 0.286639 0.500000 0.278951 0.423113 0.286639 0.546132 0.371215 0.446179 0.378903 0.538443 0.494233 0.453868 0.494233 0.446179 0.425035 0.438491 0.478856 0.546132 0.624941 0.461557 0.624941 0.569198 0.817158 0.430802 0.809469 0.638396 0.986308 0.469245 0.993997 0.085590 0.117948 0.038016 0.072437 0.684964 0.771189 0.009791 0.090584
0.442417 0.306136 0.457772 0.290780 0.427061 0.290780 0.503839 0.283103 0.427061 0.290780 0.542228 0.367558 0.442417 0.382914 0.542228 0.498081 0.457772 0.505758 0.450094 0.428980 0.450094 0.521114 0.549906 0.620925 0.465450 0.628603 0.588295 0.812870 0.442417 0.812870 0.657395 0.989459 0.450094 1.000000 0.055893 0.051820 0.053190 0.069338 0.704833 0.187167 0.019564 0.102416
0.448916 0.307017 0.456484 0.284314 0.433780 0.284314 0.501892 0.276746 0.426213 0.291882 0.547300 0.367561 0.441348 0.382697 0.539732 0.496216 0.426213 0.496216 0.464052 0.428105 0.373237 0.488648 0.547300 0.624871 0.464052 0.624871 0.592707 0.806502 0.441348 0.814070 0.675955 0.965429 0.433780 1.000000 0.075610 0.025290 0.077979 0.067770 0.714560 0.502975 0.014459 0.115995
