0.557366 0.296865 0.561800 0.282454 0.547389 0.278020 0.542955 0.285780 0.505265 0.273586 0.537412 0.385546 0.466467 0.364484 0.602815 0.493072 0.354508 0.450948 0.631636 0.403282 0.450948 0.495289 0.491963 0.626093 0.504157 0.623876 0.404391 0.820083 0.666000 0.758007 0.251416 0.974167 0.622768 0.947562 0.113874 0.351094 0.075536 0.233789 0.727189 0.653502 0.004940 0.414694
0.558573 0.298064 0.563035 0.284675 0.548532 0.279097 0.539606 0.286907 0.506136 0.274634 0.542953 0.386202 0.463741 0.363888 0.612125 0.494422 0.356636 0.453142 0.637785 0.396243 0.451468 0.501116 0.490517 0.627187 0.502789 0.622724 0.404610 0.831354 0.652289 0.790075 0.221640 0.930649 0.684644 1.000000 0.214958 0.184853 0.058577 0.184424 0.737594 0.629780 0.008524 0.358862
0.557552 0.296650 0.560841 0.282399 0.547686 0.278014 0.537820 0.284591 0.504933 0.274725 0.540012 0.388733 0.465469 0.361327 0.600305 0.500548 0.364616 0.453410 0.636480 0.415042 0.458891 0.496163 0.495067 0.628807 0.499452 0.621133 0.431486 0.834898 0.621133 0.806396 0.237453 0.855726 0.678137 1.000000 0.370708 0.104402 0.036343 0.143583 0.715187 0.628938 0.006980 0.280237
0.557668 0.295613 0.560887 0.279519 0.548012 0.277373 0.536210 0.280592 0.504023 0.275228 0.521190 0.382517 0.476128 0.367497 0.565179 0.506974 0.389223 0.466204 0.629553 0.441527 0.490076 0.484443 0.495440 0.627139 0.507242 0.622847 0.480420 0.830990 0.602730 0.805240 0.309829 0.800948 0.631698 1.000000 0.532074 0.110593 0.009971 0.114923 0.644487 0.672837 0.003415 0.176931
0.561421 0.297735 0.562480 0.281850 0.550831 0.279732 0.534946 0.283968 0.508472 0.277614 0.501059 0.372922 0.492587 0.377158 0.542359 0.506354 0.438579 0.484115 0.623901 0.489410 0.544477 0.483056 0.492587 0.623901 0.513767 0.626019 0.530710 0.825107 0.591072 0.813458 0.368686 0.796514 0.545536 0.989249 0.615205 0.205195 0.070345 0.097490 0.469667 0.652025 0.008091 0.064910
0.571351 0.298822 0.572424 0.282727 0.562768 0.280581 0.539163 0.284873 0.523068 0.278436 0.489807 0.373928 0.509120 0.376074 0.498391 0.521995 0.510193 0.506974 0.582081 0.553111 0.602467 0.478004 0.495172 0.624999 0.505901 0.624999 0.565987 0.805255 0.560622 0.812765 0.464056 0.941519 0.462983 1.000000 0.323585 0.234426 0.112354 0.094380 0.368263 0.594224 0.001368 0.028889
0.572470 0.292436 0.573563 0.278216 0.562625 0.274934 0.536372 0.281498 0.522151 0.272746 0.486053 0.376665 0.509025 0.373383 0.434641 0.494804 0.537465 0.511212 0.507931 0.549498 0.631539 0.455424 0.511212 0.624976 0.493710 0.624976 0.634821 0.778119 0.493710 0.814217 0.457612 0.849221 0.375571 1.000000 0.594701 0.170473 0.184016 0.019351 0.426584 0.605609 0.006268 0.216158
0.574310 0.298021 0.574310 0.283494 0.564253 0.280142 0.535200 0.287964 0.522908 0.274554 0.464800 0.382947 0.524025 0.367303 0.401106 0.487987 0.603364 0.496927 0.483797 0.565091 0.653649 0.419823 0.517320 0.624316 0.493854 0.625434 0.667059 0.765115 0.452508 0.829927 0.559784 0.900327 0.315062 1.000000 0.473280 0.135870 0.191592 0.026465 0.434636 0.641218 0.014233 0.323293
0.566075 0.308356 0.564978 0.294099 0.555108 0.291906 0.530981 0.298486 0.515628 0.285326 0.460794 0.380737 0.523304 0.369770 0.381833 0.479437 0.614328 0.487114 0.445440 0.552915 0.646132 0.400477 0.523304 0.624199 0.492597 0.625295 0.660389 0.774443 0.433377 0.828180 0.614328 0.958685 0.271069 0.968555 0.313410 0.182625 0.155431 0.052331 0.441898 0.678009 0.020261 0.325832
0.564856 0.305432 0.564856 0.291019 0.554878 0.287694 0.529379 0.296563 0.513858 0.283259 0.456208 0.378603 0.527162 0.371951 0.374168 0.465078 0.622506 0.483925 0.452882 0.542683 0.649113 0.397450 0.522727 0.625832 0.493902 0.623614 0.642462 0.793238 0.432927 0.837584 0.670178 1.000000 0.234478 0.900777 0.157451 0.313503 0.113968 0.046543 0.493883 0.680463 0.021189 0.285999
0.564353 0.304457 0.563248 0.290095 0.553305 0.287885 0.525686 0.294514 0.513533 0.284571 0.466028 0.375162 0.521267 0.375162 0.392009 0.476800 0.609648 0.497790 0.481495 0.539772 0.642791 0.414933 0.516848 0.625943 0.495857 0.623734 0.625115 0.804915 0.445038 0.844687 0.669305 1.000000 0.245075 0.853525 0.109093 0.413980 0.109533 0.039534 0.505168 0.680097 0.016183 0.245134
0.563591 0.289071 0.563591 0.274309 0.553371 0.270902 0.527253 0.277716 0.511356 0.269767 0.460256 0.375373 0.520440 0.375373 0.406885 0.478708 0.582895 0.507097 0.500000 0.508233 0.637402 0.443506 0.519304 0.625195 0.500000 0.624059 0.615826 0.805747 0.475018 0.848898 0.640808 1.000000 0.285381 0.806883 0.122566 0.534179 0.082389 0.009120 0.554018 0.633507 0.024604 0.191493
0.555328 0.285782 0.555328 0.269893 0.543978 0.267623 0.524685 0.272163 0.498581 0.269893 0.495177 0.370902 0.483827 0.379981 0.500851 0.496879 0.521280 0.515038 0.591645 0.478720 0.609804 0.467371 0.525820 0.621721 0.495177 0.627396 0.591645 0.819199 0.509931 0.846437 0.551923 1.000000 0.345366 0.805579 0.162250 0.598871 0.063720 0.006817 0.548504 0.571119 0.026765 0.081008
0.563145 0.289056 0.563145 0.273614 0.552116 0.272511 0.528953 0.274717 0.507997 0.273614 0.492555 0.369573 0.498070 0.380603 0.516820 0.495312 0.507997 0.512960 0.597338 0.478768 0.597338 0.490900 0.504688 0.624361 0.504688 0.625464 0.539983 0.825102 0.555425 0.809661 0.471598 1.000000 0.409832 0.819587 0.169812 0.563887 0.040254 0.076956 0.503826 0.553225 0.011940 0.030156
0.570327 0.287096 0.570327 0.271712 0.558240 0.269514 0.537361 0.272811 0.514285 0.272811 0.505494 0.372807 0.496703 0.377203 0.552745 0.488187 0.457144 0.491484 0.636258 0.442035 0.541757 0.493682 0.489011 0.625545 0.508791 0.624446 0.509890 0.813449 0.625270 0.782681 0.403300 0.994761 0.432970 0.889271 0.204392 0.540879 0.055953 0.186435 0.536979 0.597809 0.002798 0.166761
0.560767 0.286899 0.561877 0.272470 0.549668 0.270250 0.535239 0.276909 0.505272 0.271360 0.511931 0.381240 0.476415 0.369031 0.576306 0.494450 0.403161 0.476692 0.630691 0.422307 0.491953 0.505549 0.493063 0.624309 0.518591 0.625419 0.455326 0.821872 0.652889 0.766377 0.334347 0.996127 0.540789 0.899565 0.133095 0.465002 0.035417 0.190403 0.629809 0.590154 0.014844 0.302378
0.553852 0.284590 0.555004 0.269615 0.542333 0.267311 0.534270 0.275375 0.497408 0.268463 0.523902 0.383656 0.472066 0.366377 0.597626 0.487329 0.369545 0.461987 0.631031 0.407846 0.473218 0.502304 0.488193 0.624408 0.515839 0.625560 0.420229 0.827146 0.657526 0.783373 0.258960 0.972289 0.603385 0.963073 0.163779 0.326025 0.056087 0.179620 0.676591 0.643041 0.005134 0.335835
0.555841 0.287051 0.558156 0.273163 0.543111 0.269691 0.533852 0.277793 0.499132 0.267377 0.532695 0.384267 0.470199 0.365750 0.605606 0.488427 0.369511 0.461808 0.640326 0.406256 0.463255 0.496528 0.485244 0.627306 0.511863 0.622677 0.419276 0.832154 0.639169 0.800906 0.246834 0.910852 0.672732 1.000000 0.264549 0.148458 0.037794 0.146259 0.678346 0.644582 0.003684 0.296600
0.550979 0.285715 0.554435 0.271890 0.538306 0.267282 0.530242 0.275346 0.495680 0.266130 0.530242 0.385945 0.470334 0.364056 0.587845 0.493088 0.379321 0.460830 0.638537 0.420507 0.479551 0.494240 0.492224 0.629032 0.507200 0.620967 0.442684 0.837557 0.616647 0.806451 0.253745 0.846773 0.676555 1.000000 0.410241 0.088327 0.024861 0.124318 0.648917 0.637823 0.000736 0.243929
0.552399 0.281765 0.554703 0.265643 0.540883 0.262188 0.530518 0.269097 0.497121 0.264491 0.513244 0.378503 0.479846 0.371593 0.560461 0.492514 0.417658 0.471785 0.641075 0.449904 0.527063 0.485605 0.491363 0.627255 0.515547 0.622649 0.472937 0.838004 0.613436 0.797697 0.286372 0.816123 0.633014 1.000000 0.509403 0.135708 0.000199 0.117339 0.529795 0.636823 0.008799 0.190062
0.555123 0.291850 0.555123 0.276492 0.545250 0.274298 0.524408 0.278686 0.505759 0.275395 0.481626 0.370832 0.503565 0.379607 0.521117 0.502468 0.491498 0.488208 0.606680 0.493692 0.578159 0.477238 0.484917 0.624232 0.529892 0.625329 0.518923 0.814008 0.605583 0.803038 0.365347 0.789875 0.558414 0.980748 0.606054 0.210754 0.052305 0.094194 0.439760 0.575302 0.018866 0.071730
0.561071 0.288623 0.559955 0.273007 0.551032 0.270776 0.518684 0.278584 0.510876 0.273007 0.481874 0.375628 0.509760 0.374512 0.487451 0.517289 0.530954 0.505019 0.581149 0.545176 0.623536 0.463748 0.491913 0.624372 0.516453 0.625488 0.564417 0.799497 0.575571 0.809536 0.456219 0.886502 0.457334 0.954544 0.409370 0.316672 0.112106 0.090445 0.395397 0.582237 0.010654 0.026014
0.562033 0.287515 0.560911 0.274041 0.549683 0.271796 0.527227 0.280778 0.509263 0.272918 0.478948 0.380705 0.511508 0.369477 0.425055 0.500842 0.575507 0.500842 0.495790 0.544630 0.640628 0.443580 0.508140 0.624348 0.501403 0.625470 0.620418 0.775922 0.503649 0.820833 0.468843 0.899428 0.392494 1.000000 0.485307 0.170706 0.164981 0.016217 0.457786 0.585284 0.012155 0.199279
0.564237 0.287546 0.563059 0.273402 0.552451 0.271044 0.527699 0.280474 0.508840 0.271044 0.454621 0.379481 0.526520 0.371231 0.390973 0.484383 0.618456 0.490276 0.477016 0.572783 0.657352 0.410127 0.518269 0.625823 0.500589 0.623465 0.659709 0.783764 0.452264 0.835625 0.548915 0.905166 0.328504 1.000000 0.467941 0.108238 0.151990 0.038679 0.419293 0.646860 0.024034 0.303761
0.555470 0.292565 0.554314 0.279853 0.542758 0.276386 0.521957 0.286787 0.501156 0.277542 0.453775 0.379237 0.532358 0.371148 0.372881 0.464753 0.636364 0.473998 0.444530 0.545647 0.652543 0.388482 0.521957 0.623074 0.491911 0.626541 0.646764 0.781395 0.435285 0.833398 0.586672 0.959361 0.285054 0.983629 0.316152 0.164948 0.125708 0.035056 0.471892 0.688704 0.017666 0.297549
0.554520 0.300564 0.551130 0.287005 0.540961 0.285875 0.514972 0.293785 0.500282 0.285875 0.458474 0.378531 0.529661 0.371751 0.379378 0.468926 0.631356 0.475706 0.450565 0.542373 0.642656 0.395480 0.514972 0.624859 0.496893 0.624859 0.622317 0.792091 0.443785 0.832769 0.624577 1.000000 0.256214 0.919775 0.178241 0.282148 0.109879 0.038623 0.473837 0.708958 0.015112 0.261250
0.558479 0.287646 0.557297 0.273469 0.545483 0.272288 0.515949 0.281739 0.504135 0.273469 0.465149 0.379794 0.526581 0.370343 0.395447 0.480212 0.624636 0.484937 0.486414 0.536918 0.645901 0.403422 0.507679 0.626704 0.500591 0.623160 0.611641 0.818088 0.471056 0.849986 0.641176 1.000000 0.280853 0.881883 0.116752 0.405896 0.104100 0.008606 0.515704 0.693481 0.010532 0.199611
0.554766 0.284684 0.551307 0.270848 0.542083 0.268542 0.519024 0.275460 0.498271 0.273154 0.474058 0.375768 0.512106 0.374615 0.427940 0.488759 0.585896 0.494523 0.516718 0.519889 0.632014 0.434569 0.517871 0.624808 0.495965 0.624808 0.592814 0.810436 0.498271 0.834648 0.591661 1.000000 0.319561 0.831189 0.123861 0.509658 0.066709 0.024005 0.516002 0.615688 0.017625 0.118642
0.561640 0.294344 0.560504 0.278437 0.550278 0.278437 0.519600 0.280710 0.509374 0.280710 0.484377 0.368199 0.511646 0.381833 0.493467 0.505681 0.532098 0.517043 0.585501 0.496591 0.620723 0.478412 0.499148 0.624984 0.504829 0.624984 0.565049 0.827231 0.561640 0.823823 0.519600 1.000000 0.380981 0.826095 0.173824 0.584582 0.081976 0.097508 0.510322 0.583060 0.005063 0.011679
0.572945 0.291908 0.571814 0.277206 0.561636 0.277206 0.532232 0.279468 0.520922 0.282861 0.489256 0.364288 0.516399 0.385776 0.510744 0.483036 0.522053 0.512440 0.603480 0.488691 0.614790 0.493214 0.479078 0.623272 0.515268 0.626664 0.527708 0.816661 0.609135 0.787257 0.463245 1.000000 0.481340 0.901481 0.183115 0.436200 0.090921 0.169864 0.423633 0.550868 0.007200 0.089953
0.575883 0.301601 0.573675 0.285045 0.564845 0.283941 0.530629 0.287252 0.524007 0.288356 0.480960 0.370033 0.518488 0.379967 0.473234 0.416391 0.494205 0.432947 0.601269 0.388797 0.529525 0.372241 0.477649 0.626103 0.522903 0.623896 0.494205 0.812637 0.639900 0.757450 0.389349 0.984822 0.526214 0.826986 0.202292 0.554263 0.032294 0.223236 0.620136 0.969067 0.000701 0.200818
0.564910 0.292460 0.564910 0.278795 0.553522 0.275379 0.530747 0.284489 0.512526 0.278795 0.510249 0.377868 0.494306 0.372174 0.591101 0.492883 0.408899 0.462136 0.638929 0.412031 0.493167 0.498577 0.476086 0.623841 0.519359 0.626118 0.435091 0.820846 0.661704 0.749104 0.320075 0.985967 0.545551 0.899421 0.128356 0.482596 0.021377 0.241882 0.634931 0.611816 0.005800 0.338489
0.562793 0.286505 0.562793 0.270957 0.552028 0.268565 0.529303 0.275741 0.511362 0.270957 0.505382 0.373817 0.498206 0.376209 0.568773 0.462324 0.532891 0.475481 0.632163 0.410894 0.591498 0.447972 0.479069 0.623791 0.517343 0.626183 0.415679 0.829512 0.656084 0.772101 0.276937 0.980214 0.623791 0.976626 0.141709 0.291825 0.061762 0.217656 0.519124 0.532697 0.004569 0.337122
0.559297 0.282477 0.559297 0.266745 0.547196 0.263115 0.531464 0.271585 0.502420 0.266745 0.529043 0.385339 0.478217 0.364767 0.598022 0.490621 0.380196 0.451897 0.635536 0.403491 0.469746 0.493042 0.485478 0.627368 0.507261 0.622527 0.418920 0.835512 0.635536 0.797998 0.254341 0.929903 0.657319 1.000000 0.235733 0.170060 0.041826 0.165219 0.685965 0.631609 0.009246 0.299448
0.560293 0.292163 0.561453 0.275930 0.551017 0.273611 0.533625 0.279409 0.510435 0.274771 0.516233 0.383762 0.491884 0.366370 0.573047 0.500870 0.407241 0.462607 0.631021 0.405792 0.500000 0.495072 0.480289 0.627253 0.511595 0.622615 0.461737 0.837119 0.613629 0.796537 0.290134 0.859149 0.639138 1.000000 0.431293 0.129955 0.018587 0.144445 0.681926 0.622456 0.010336 0.196947
0.566281 0.298066 0.565158 0.284585 0.556171 0.282339 0.529209 0.289079 0.520221 0.283462 0.496630 0.376705 0.507864 0.373335 0.547183 0.513762 0.486519 0.477813 0.626946 0.495787 0.564035 0.487923 0.474161 0.624980 0.521345 0.624980 0.514604 0.808096 0.595490 0.808096 0.426978 0.849663 0.588750 1.000000 0.428203 0.133011 0.097919 0.105427 0.458072 0.522863 0.005722 0.053273
0.563745 0.299301 0.563745 0.284826 0.553724 0.283712 0.530342 0.287053 0.515867 0.283712 0.498051 0.373902 0.505846 0.376129 0.509186 0.510856 0.511413 0.497495 0.583787 0.518650 0.590468 0.478566 0.488030 0.623315 0.508072 0.626655 0.552611 0.802580 0.565972 0.807034 0.521434 0.976278 0.522547 0.988526 0.166594 0.173621 0.122846 0.096037 0.441042 0.560216 0.004962 0.011196
0.570849 0.288322 0.569692 0.275598 0.559281 0.273285 0.526893 0.281382 0.519953 0.274441 0.491035 0.378545 0.517640 0.371605 0.437827 0.491903 0.551184 0.508097 0.504916 0.531231 0.629841 0.454888 0.495662 0.622611 0.495662 0.627238 0.595139 0.778767 0.540774 0.819252 0.467901 0.922199 0.450551 0.998542 0.411527 0.221856 0.174514 0.100750 0.470920 0.612609 0.011048 0.107096
0.573432 0.293160 0.572262 0.280288 0.562900 0.277947 0.534815 0.286139 0.523112 0.276777 0.480984 0.376247 0.527793 0.373907 0.410769 0.471037 0.602688 0.500293 0.473962 0.561145 0.657690 0.419546 0.502048 0.621997 0.489175 0.627849 0.642476 0.751894 0.475132 0.830300 0.470451 0.815087 0.367471 1.000000 0.650336 0.155958 0.235178 0.025994 0.397615 0.639379 0.011178 0.284439
0.571261 0.302572 0.572429 0.289722 0.561915 0.287385 0.533878 0.293227 0.524532 0.282713 0.460281 0.372665 0.540887 0.377338 0.386683 0.457944 0.627335 0.484813 0.432244 0.547897 0.663550 0.397197 0.502336 0.620326 0.496495 0.629671 0.663550 0.744156 0.429907 0.835277 0.579438 0.855136 0.335282 0.994153 0.497944 0.071290 0.237967 0.044264 0.375870 0.659620 0.001487 0.391205
0.563523 0.310016 0.563523 0.295965 0.554156 0.293623 0.516686 0.297136 0.516686 0.290111 0.462823 0.376759 0.538933 0.373247 0.369148 0.449357 0.627924 0.480972 0.423011 0.540690 0.654856 0.390811 0.509660 0.624997 0.488583 0.624997 0.646659 0.766680 0.423011 0.832252 0.615044 0.954029 0.288354 0.950516 0.297864 0.173066 0.185290 0.034704 0.459745 0.687830 0.002235 0.342187
0.565728 0.309859 0.565728 0.296948 0.556338 0.294601 0.518779 0.298122 0.517606 0.289906 0.462441 0.380282 0.537559 0.369718 0.377934 0.462441 0.624413 0.481221 0.444836 0.544601 0.651408 0.394366 0.505869 0.626761 0.494131 0.623239 0.624413 0.792253 0.435446 0.834507 0.645540 0.992958 0.289906 0.919014 0.164475 0.246303 0.142345 0.032244 0.472013 0.693430 0.000003 0.284103
0.569193 0.309422 0.570386 0.295106 0.559649 0.292720 0.527438 0.296299 0.520281 0.286755 0.465404 0.383386 0.528631 0.366685 0.404562 0.495526 0.607368 0.494333 0.484491 0.550403 0.650315 0.414404 0.502386 0.627947 0.503579 0.621982 0.603789 0.810472 0.467790 0.834332 0.632421 1.000000 0.297194 0.889209 0.117536 0.347786 0.113642 0.022012 0.466722 0.667128 0.007596 0.214563
0.565396 0.299374 0.567763 0.286354 0.555927 0.282803 0.527520 0.287538 0.516867 0.280436 0.473072 0.379861 0.515683 0.370392 0.436380 0.506510 0.565396 0.505326 0.513316 0.542019 0.632863 0.442594 0.500296 0.623690 0.510949 0.626057 0.573681 0.811888 0.551192 0.826091 0.564212 0.995351 0.560661 1.000000 0.134762 0.046458 0.082955 0.069089 0.452123 0.626070 0.014322 0.055153
0.574587 0.303067 0.575766 0.286557 0.565153 0.284199 0.529776 0.287736 0.523880 0.283019 0.490861 0.372642 0.508550 0.377359 0.513266 0.502358 0.517983 0.514151 0.584021 0.454010 0.611144 0.483491 0.492040 0.623820 0.508550 0.626179 0.553361 0.806603 0.565153 0.807782 0.505012 0.987027 0.500295 0.994102 0.186373 0.202804 0.101538 0.096176 0.636368 0.579288 0.000754 0.006857
0.582610 0.292401 0.582610 0.276432 0.570326 0.273975 0.543301 0.278888 0.529789 0.276432 0.500307 0.373475 0.517505 0.377160 0.550671 0.511056 0.499079 0.492630 0.631746 0.461920 0.621918 0.469290 0.469597 0.625297 0.512591 0.624068 0.508906 0.826754 0.625604 0.792359 0.448714 1.000000 0.485566 0.823068 0.165070 0.619520 0.099966 0.194571 0.561734 0.610136 0.022698 0.126898
0.580131 0.295085 0.582578 0.280404 0.569121 0.275511 0.550770 0.281627 0.526303 0.277957 0.509175 0.377051 0.505505 0.373381 0.580131 0.498165 0.435773 0.473697 0.649863 0.423539 0.525079 0.503058 0.472474 0.625396 0.512845 0.624173 0.460240 0.830923 0.651087 0.757521 0.361147 0.992409 0.512845 0.839487 0.156269 0.585376 0.027778 0.246421 0.592096 0.592249 0.018702 0.274659
0.569056 0.294070 0.572772 0.280444 0.559147 0.275489 0.545521 0.284160 0.518270 0.271773 0.538089 0.384493 0.476155 0.365913 0.601262 0.488542 0.378300 0.453859 0.642138 0.396880 0.463769 0.500929 0.481110 0.628513 0.504645 0.621081 0.417938 0.827940 0.664435 0.746187 0.311411 0.987730 0.566579 0.897306 0.089519 0.471476 0.024630 0.253168 0.692789 0.606723 0.018147 0.386209
0.567765 0.297642 0.570263 0.282653 0.557772 0.280155 0.539035 0.286400 0.519049 0.275158 0.537786 0.387579 0.471582 0.362597 0.612733 0.485011 0.365407 0.445039 0.645210 0.391326 0.457842 0.491256 0.481575 0.628660 0.509056 0.621165 0.411625 0.824772 0.652705 0.771060 0.301702 0.940940 0.626474 0.980912 0.132150 0.282812 0.036145 0.197416 0.685065 0.642259 0.011931 0.352288
0.566311 0.296419 0.568790 0.282785 0.556395 0.279066 0.535325 0.286503 0.515493 0.275348 0.532846 0.384420 0.478309 0.365829 0.599776 0.489774 0.375434 0.447633 0.644397 0.409210 0.473352 0.493493 0.479549 0.627354 0.509296 0.622397 0.428731 0.825668 0.628284 0.797160 0.308504 0.896317 0.656792 1.000000 0.251042 0.146448 0.011105 0.152015 0.658849 0.646737 0.014208 0.270121
