0.485636 0.260121 0.502873 0.248630 0.474145 0.248630 0.531601 0.260121 0.462654 0.260121 0.589057 0.375033 0.416689 0.375033 0.623531 0.507182 0.393706 0.495691 0.554583 0.484200 0.405197 0.581875 0.548838 0.627840 0.445417 0.622094 0.548838 0.817445 0.451162 0.800208 0.548838 1.000000 0.479890 0.926611 0.000001 0.060870 0.050219 0.026583 0.683643 0.102105 0.007316 0.010264
0.484723 0.269459 0.495834 0.258348 0.468058 0.258348 0.529165 0.269459 0.456947 0.269459 0.584717 0.375008 0.418061 0.375008 0.618048 0.502778 0.401395 0.491667 0.545830 0.469446 0.401395 0.580551 0.551386 0.624992 0.445837 0.624992 0.551386 0.813869 0.451392 0.797204 0.551386 0.986081 0.479168 0.930529 0.000001 0.055115 0.042193 0.024959 0.718867 0.045167 0.003536 0.010264
0.481743 0.273891 0.492978 0.257038 0.464890 0.257038 0.526684 0.268273 0.453655 0.273891 0.582860 0.375008 0.419949 0.375008 0.622183 0.504213 0.397478 0.492978 0.537919 0.470507 0.391861 0.582860 0.549154 0.627801 0.448037 0.622183 0.554772 0.818800 0.448037 0.807565 0.554772 0.998564 0.470507 0.959241 0.009359 0.046816 0.051552 0.036017 0.715161 0.040044 0.003576 0.009359
0.477273 0.272727 0.494318 0.255682 0.465909 0.255682 0.522727 0.267045 0.448864 0.272727 0.579545 0.375000 0.420455 0.375000 0.625000 0.500000 0.397727 0.488636 0.534091 0.471591 0.397727 0.573864 0.551136 0.625000 0.448864 0.625000 0.556818 0.823864 0.448864 0.818182 0.562500 1.000000 0.465909 0.994318 0.000547 0.030708 0.045109 0.036017 0.707429 0.062833 0.000007 0.009092
0.475000 0.269444 0.491667 0.258333 0.463889 0.258333 0.525000 0.269444 0.452778 0.269444 0.580556 0.375000 0.419444 0.375000 0.625000 0.497222 0.402778 0.497222 0.536111 0.463889 0.402778 0.586111 0.552778 0.625000 0.447222 0.625000 0.563889 0.825000 0.452778 0.825000 0.563889 1.000000 0.463889 1.000000 0.017665 0.009329 0.052889 0.026384 0.725218 0.043140 0.000007 0.008825
0.472534 0.273406 0.489014 0.256927 0.461548 0.256927 0.521973 0.267913 0.450561 0.267913 0.576905 0.372284 0.417602 0.377777 0.631836 0.493134 0.406616 0.498627 0.538452 0.471161 0.406616 0.586518 0.554932 0.624970 0.450561 0.624970 0.560425 0.817231 0.456055 0.822724 0.565918 1.000000 0.456055 1.000000 0.000001 0.008839 0.036702 0.033353 0.709358 0.028858 0.006994 0.000243
0.467749 0.270214 0.483875 0.254089 0.456999 0.259464 0.516125 0.270214 0.446249 0.270214 0.575251 0.372341 0.419373 0.377716 0.629002 0.485218 0.408623 0.495969 0.532251 0.469093 0.408623 0.592721 0.553751 0.624971 0.451624 0.624971 0.564501 0.813100 0.451624 0.823850 0.569876 0.979728 0.451624 1.000000 0.007904 0.000001 0.045194 0.041285 0.694031 0.028858 0.006844 0.018169
0.467749 0.270214 0.483875 0.254089 0.456999 0.259464 0.516125 0.270214 0.446249 0.270214 0.575251 0.372341 0.419373 0.377716 0.629002 0.485218 0.408623 0.495969 0.532251 0.469093 0.408623 0.598096 0.553751 0.624971 0.451624 0.624971 0.564501 0.813100 0.451624 0.823850 0.569876 0.979728 0.451624 1.000000 0.007904 0.000001 0.045194 0.041285 0.694031 0.028858 0.006844 0.018169
0.465457 0.271483 0.481400 0.260855 0.454828 0.260855 0.513286 0.271483 0.444199 0.271483 0.571744 0.372456 0.417628 0.377770 0.630201 0.484057 0.417628 0.500000 0.534543 0.473428 0.406999 0.606287 0.555801 0.622230 0.454828 0.627544 0.561115 0.813546 0.454828 0.818860 0.571744 0.988919 0.449514 1.000000 0.010428 0.008375 0.029130 0.047062 0.688812 0.031725 0.013537 0.008839
0.464523 0.280567 0.480290 0.259543 0.448755 0.264799 0.506570 0.270055 0.432987 0.275311 0.569640 0.369917 0.417220 0.380429 0.632711 0.480290 0.422476 0.501314 0.548617 0.475035 0.417220 0.601176 0.559129 0.622199 0.454011 0.627455 0.564385 0.811411 0.454011 0.816667 0.574896 0.974343 0.454011 1.000000 0.011667 0.000001 0.022095 0.047062 0.685118 0.030569 0.016738 0.008839
0.465457 0.279455 0.481400 0.263512 0.449514 0.263512 0.513286 0.274141 0.438885 0.274141 0.571744 0.369799 0.417628 0.380427 0.640830 0.476085 0.422942 0.502657 0.555801 0.481400 0.444199 0.571744 0.555801 0.624887 0.454828 0.624887 0.561115 0.800260 0.465457 0.816203 0.582372 0.949062 0.460142 1.000000 0.035524 0.025825 0.029511 0.030404 0.663597 0.081184 0.013537 0.008023
0.459278 0.274669 0.475567 0.258380 0.448418 0.258380 0.508144 0.269240 0.437559 0.274669 0.573300 0.366974 0.415840 0.383262 0.643886 0.475567 0.415840 0.508144 0.551582 0.491856 0.421270 0.589589 0.557011 0.622167 0.453848 0.627597 0.562441 0.806775 0.459278 0.823064 0.578730 0.931657 0.464707 1.000000 0.031926 0.000879 0.029649 0.040282 0.627866 0.021189 0.013831 0.000512
0.461197 0.272727 0.477827 0.256097 0.450111 0.256097 0.511087 0.261640 0.433481 0.267183 0.577605 0.366962 0.405765 0.383592 0.649668 0.472284 0.405765 0.505543 0.572062 0.500000 0.422394 0.555432 0.560976 0.621952 0.455654 0.627495 0.560976 0.810422 0.455654 0.838138 0.583149 0.932374 0.472284 1.000000 0.057249 0.025078 0.020730 0.064223 0.581814 0.102416 0.021189 0.000001
0.462558 0.267026 0.479199 0.250385 0.445917 0.250385 0.512481 0.261479 0.434823 0.261479 0.579045 0.361325 0.407088 0.389060 0.645609 0.472265 0.401541 0.511094 0.567951 0.516641 0.423729 0.533282 0.562404 0.622034 0.451464 0.627581 0.562404 0.827273 0.457011 0.838367 0.579045 0.927119 0.473652 1.000000 0.052568 0.017378 0.020290 0.050176 0.506772 0.264459 0.017666 0.008375
0.462558 0.261479 0.484746 0.244838 0.451464 0.250385 0.518028 0.261479 0.434823 0.261479 0.579045 0.361325 0.407088 0.389060 0.651156 0.466718 0.395994 0.527735 0.579045 0.527735 0.412635 0.527735 0.562404 0.622034 0.451464 0.627581 0.567951 0.832820 0.457011 0.838367 0.579045 0.899384 0.479199 1.000000 0.044194 0.025904 0.028665 0.050176 0.467467 0.525411 0.017666 0.000131
0.463924 0.258572 0.486125 0.241921 0.452824 0.247472 0.513875 0.253022 0.436174 0.258572 0.580476 0.364023 0.408424 0.386223 0.647077 0.469475 0.380673 0.530525 0.591576 0.536075 0.413974 0.524975 0.563826 0.619327 0.447274 0.630427 0.563826 0.830230 0.452824 0.841330 0.580476 0.924581 0.480575 1.000000 0.055600 0.036793 0.020730 0.041845 0.400451 0.613044 0.014138 0.008375
0.467065 0.262592 0.483532 0.246124 0.450597 0.251613 0.516468 0.257103 0.434130 0.262592 0.582338 0.361398 0.406684 0.388844 0.637230 0.460203 0.379237 0.531563 0.604295 0.531563 0.428640 0.520585 0.560381 0.619390 0.450597 0.630369 0.560381 0.827980 0.461576 0.844448 0.571360 0.948743 0.483532 1.000000 0.028858 0.019912 0.027025 0.040940 0.299054 0.630080 0.013982 0.016309
0.472852 0.263810 0.489141 0.247521 0.456563 0.252951 0.521719 0.258380 0.440274 0.263810 0.581445 0.361544 0.407696 0.388692 0.630312 0.459278 0.375118 0.529863 0.608593 0.519004 0.423985 0.508144 0.559726 0.622167 0.451133 0.627597 0.559726 0.828494 0.461992 0.839353 0.565156 0.975095 0.483711 1.000000 0.011784 0.019912 0.026465 0.040940 0.258601 0.705317 0.013831 0.016309
0.472114 0.268944 0.488049 0.247697 0.456179 0.253009 0.519919 0.258320 0.434932 0.263632 0.583658 0.364553 0.403063 0.385800 0.620840 0.460163 0.371193 0.529214 0.604905 0.502656 0.440244 0.492033 0.562412 0.619512 0.450867 0.630135 0.551789 0.816043 0.466802 0.837289 0.557100 0.996638 0.482737 1.000000 0.026549 0.002782 0.009275 0.037064 0.232259 0.726831 0.016915 0.041627
0.474499 0.267808 0.490605 0.251703 0.458393 0.251703 0.522817 0.257071 0.436919 0.267808 0.581871 0.364443 0.404708 0.385917 0.619451 0.461078 0.367127 0.530869 0.608714 0.498658 0.442288 0.482552 0.560397 0.622135 0.453025 0.627504 0.544291 0.826142 0.469131 0.836879 0.549659 1.000000 0.485236 1.000000 0.034170 0.001318 0.001383 0.038396 0.206644 0.762609 0.017097 0.049515
0.480081 0.268944 0.496016 0.253009 0.464146 0.253009 0.522574 0.263632 0.442900 0.268944 0.581003 0.364553 0.405718 0.385800 0.618184 0.465474 0.357914 0.523902 0.607561 0.497344 0.448211 0.481409 0.559756 0.619512 0.453523 0.630135 0.543821 0.821354 0.469458 0.837289 0.549133 1.000000 0.485393 1.000000 0.033917 0.000127 0.001383 0.037064 0.214777 0.746081 0.016915 0.049515
0.480495 0.273744 0.496099 0.258140 0.464891 0.258140 0.522105 0.268543 0.449287 0.268543 0.579320 0.367367 0.407677 0.382971 0.615729 0.466192 0.360866 0.518205 0.605326 0.492198 0.449287 0.481796 0.558514 0.622230 0.454489 0.627431 0.542911 0.825080 0.470093 0.835483 0.537709 1.000000 0.490898 1.000000 0.016481 0.007897 0.001492 0.036395 0.233479 0.730409 0.016564 0.048266
0.484549 0.274676 0.500000 0.254075 0.469098 0.259225 0.525751 0.269526 0.453648 0.269526 0.577254 0.367381 0.412446 0.382832 0.618456 0.460085 0.355793 0.516738 0.603005 0.490987 0.453648 0.480687 0.556653 0.619744 0.453648 0.630044 0.536052 0.825754 0.474249 0.836055 0.520601 1.000000 0.494850 1.000000 0.009553 0.000000 0.005798 0.020843 0.280709 0.739761 0.013118 0.063451
0.486112 0.274001 0.501263 0.258851 0.470961 0.258851 0.531564 0.274001 0.455810 0.274001 0.582067 0.369956 0.415408 0.380057 0.607318 0.476011 0.354805 0.506313 0.602268 0.491162 0.455810 0.476011 0.551765 0.622468 0.450760 0.627519 0.536614 0.824478 0.470961 0.829529 0.521464 1.000000 0.501263 1.000000 0.002161 0.023874 0.014187 0.013442 0.176819 0.735224 0.003215 0.055554
0.492500 0.275000 0.507500 0.260000 0.472500 0.260000 0.532500 0.270000 0.457500 0.275000 0.582500 0.370000 0.417500 0.380000 0.607500 0.485000 0.352500 0.505000 0.597500 0.490000 0.457500 0.480000 0.552500 0.620000 0.447500 0.630000 0.537500 0.830000 0.472500 0.835000 0.517500 1.000000 0.512500 0.975000 0.006159 0.049958 0.015318 0.000617 0.420554 0.727039 0.000006 0.061325
0.492424 0.268939 0.507576 0.253788 0.477273 0.253788 0.532828 0.268939 0.457071 0.268939 0.583333 0.369949 0.416667 0.380051 0.608586 0.481061 0.351010 0.501263 0.547980 0.491162 0.452020 0.486111 0.553030 0.622475 0.446970 0.627525 0.537879 0.839646 0.472222 0.839646 0.522727 1.000000 0.507576 0.930556 0.000000 0.080342 0.015844 0.001077 0.518566 0.705409 0.000006 0.059888
0.492500 0.272500 0.507500 0.257500 0.472500 0.257500 0.532500 0.267500 0.457500 0.272500 0.587500 0.372500 0.412500 0.377500 0.602500 0.497500 0.347500 0.497500 0.582500 0.477500 0.442500 0.497500 0.552500 0.622500 0.447500 0.627500 0.537500 0.842500 0.472500 0.842500 0.517500 1.000000 0.517500 0.872500 0.007187 0.275986 0.022606 0.007429 0.788015 0.658016 0.000006 0.058517
0.493750 0.267512 0.508750 0.252512 0.473751 0.252512 0.533748 0.262512 0.458752 0.267512 0.588746 0.372506 0.413754 0.377506 0.608745 0.497500 0.343758 0.492500 0.593745 0.472501 0.443753 0.497500 0.553747 0.622494 0.443753 0.627494 0.533748 0.842483 0.473751 0.847483 0.513749 1.000000 0.523749 0.892480 0.000640 0.223598 0.015417 0.005124 0.878481 0.658146 0.003182 0.071998
0.493812 0.271051 0.508663 0.256200 0.474011 0.256200 0.533414 0.266101 0.459160 0.271051 0.587867 0.375006 0.414608 0.375006 0.602718 0.503713 0.345305 0.488862 0.597767 0.493812 0.439359 0.508663 0.553215 0.622519 0.444310 0.627469 0.538364 0.840330 0.469061 0.840330 0.513613 1.000000 0.533414 0.919534 0.014348 0.180341 0.022606 0.000422 0.888983 0.608000 0.003152 0.058517
0.495050 0.266089 0.509901 0.251238 0.475248 0.251238 0.539604 0.261139 0.460396 0.266089 0.589109 0.375000 0.410891 0.375000 0.618812 0.483911 0.346535 0.483911 0.599010 0.508663 0.435644 0.523515 0.554455 0.622525 0.445545 0.627475 0.539604 0.835396 0.465347 0.840347 0.509901 1.000000 0.529703 0.909653 0.020968 0.208691 0.022104 0.013893 0.299527 0.536760 0.000006 0.051697
0.491337 0.266101 0.506188 0.246300 0.471536 0.251250 0.540840 0.256200 0.456685 0.261150 0.585392 0.375006 0.412133 0.375006 0.629944 0.488862 0.347780 0.478961 0.590342 0.513613 0.431934 0.533414 0.555690 0.622519 0.446785 0.627469 0.540840 0.835380 0.466586 0.845280 0.511138 1.000000 0.516088 0.894783 0.020968 0.221142 0.015844 0.014560 0.440918 0.493635 0.003152 0.051029
0.493812 0.263625 0.508663 0.248775 0.474011 0.248775 0.538364 0.258675 0.464111 0.263625 0.587867 0.377481 0.414608 0.372531 0.632419 0.501238 0.350255 0.471536 0.597767 0.506188 0.419558 0.525989 0.553215 0.624994 0.444310 0.624994 0.543315 0.837855 0.464111 0.832904 0.523514 1.000000 0.478961 0.887357 0.015429 0.054527 0.029481 0.007052 0.564827 0.471481 0.003152 0.045018
0.493812 0.263625 0.508663 0.248775 0.474011 0.248775 0.538364 0.258675 0.459160 0.263625 0.587867 0.377481 0.414608 0.372531 0.632419 0.501238 0.350255 0.471536 0.597767 0.506188 0.419558 0.525989 0.553215 0.624994 0.444310 0.624994 0.543315 0.837855 0.464111 0.832904 0.523514 1.000000 0.478961 0.887357 0.015429 0.054527 0.029481 0.007052 0.564827 0.471481 0.003152 0.045018
0.486251 0.262512 0.501250 0.247513 0.471251 0.247513 0.536248 0.257512 0.456252 0.262512 0.591245 0.377506 0.411254 0.372506 0.641243 0.507500 0.351257 0.467502 0.576246 0.502500 0.406255 0.522499 0.556247 0.627494 0.441253 0.622494 0.546248 0.842483 0.456252 0.822484 0.521249 1.000000 0.471251 0.902480 0.023833 0.035169 0.029481 0.014187 0.641312 0.429309 0.003182 0.038623
0.486779 0.266838 0.506009 0.252415 0.472357 0.252415 0.539662 0.262030 0.457935 0.266838 0.587736 0.377410 0.414667 0.372602 0.640619 0.502404 0.366593 0.463944 0.578121 0.492789 0.409860 0.516826 0.554084 0.627398 0.443512 0.622590 0.544469 0.843734 0.453127 0.824504 0.525239 1.000000 0.477165 0.901424 0.016819 0.081265 0.028455 0.021420 0.675990 0.372489 0.003060 0.029284
0.484525 0.270249 0.498810 0.251202 0.470239 0.255963 0.532141 0.260725 0.455954 0.270249 0.584520 0.379767 0.413099 0.370244 0.646422 0.498810 0.375006 0.465478 0.579758 0.494048 0.413099 0.513095 0.555950 0.627375 0.446431 0.622613 0.551188 0.836890 0.451193 0.817843 0.532141 1.000000 0.479763 0.932123 0.023724 0.070217 0.029333 0.034037 0.675334 0.335896 0.003031 0.014995
0.481481 0.275463 0.495370 0.261574 0.462963 0.261574 0.527778 0.270833 0.449074 0.275463 0.583333 0.377315 0.416667 0.372685 0.643519 0.497685 0.384259 0.465278 0.569444 0.493056 0.421296 0.516204 0.550926 0.627315 0.449074 0.622685 0.550926 0.826389 0.453704 0.817130 0.537037 1.000000 0.472222 0.956019 0.023249 0.034615 0.041034 0.033456 0.667452 0.307319 0.000006 0.007577
0.477805 0.272206 0.491823 0.258188 0.463787 0.258188 0.524532 0.267534 0.449769 0.272206 0.580604 0.375005 0.417060 0.375005 0.646022 0.491823 0.393696 0.482477 0.561913 0.491823 0.421732 0.543222 0.552568 0.627331 0.449769 0.622658 0.547895 0.823584 0.454441 0.818911 0.543222 1.000000 0.468459 0.991801 0.000000 0.018175 0.027646 0.034222 0.662493 0.205777 0.002974 0.015154
0.469626 0.274533 0.488318 0.260514 0.460280 0.260514 0.521028 0.269860 0.446262 0.274533 0.581776 0.377336 0.418224 0.372664 0.647196 0.484813 0.399533 0.470794 0.558411 0.494159 0.418224 0.512850 0.553738 0.625000 0.446262 0.625000 0.553738 0.825935 0.455607 0.816589 0.549065 1.000000 0.464953 1.000000 0.007402 0.001053 0.035882 0.019708 0.640665 0.193038 0.000006 0.015515
0.467598 0.277816 0.486113 0.263929 0.458340 0.263929 0.518515 0.273187 0.444454 0.273187 0.578690 0.375021 0.416681 0.375021 0.652752 0.481485 0.407423 0.486113 0.555546 0.490742 0.421310 0.527773 0.555546 0.624979 0.449083 0.624979 0.555546 0.824018 0.458340 0.824018 0.550917 1.000000 0.476856 1.000000 0.007402 0.011670 0.029389 0.026239 0.663245 0.128881 0.005894 0.014794
0.469330 0.277355 0.482961 0.263724 0.455698 0.263724 0.514767 0.272812 0.446611 0.277355 0.573836 0.372775 0.419348 0.377318 0.651080 0.472737 0.414804 0.490912 0.551117 0.481825 0.419348 0.504544 0.555661 0.622682 0.451155 0.627225 0.555661 0.808976 0.455698 0.827151 0.560205 0.958920 0.464786 1.000000 0.009643 0.006598 0.023109 0.033063 0.680555 0.115142 0.008679 0.007234
0.464786 0.277355 0.482961 0.259180 0.451155 0.263724 0.514767 0.272812 0.442067 0.277355 0.573836 0.372775 0.419348 0.377318 0.646536 0.477281 0.405717 0.486369 0.542030 0.481825 0.396629 0.536350 0.555661 0.622682 0.451155 0.627225 0.551117 0.808976 0.455698 0.831695 0.564749 0.945289 0.460242 1.000000 0.039488 0.000000 0.015347 0.033223 0.679639 0.017666 0.008679 0.014834
0.468755 0.276821 0.482146 0.263431 0.455364 0.263431 0.513391 0.272358 0.441974 0.276821 0.575881 0.375020 0.419656 0.375020 0.647298 0.477682 0.406265 0.486609 0.544636 0.477682 0.392874 0.549099 0.553563 0.624980 0.450901 0.624980 0.553563 0.807987 0.455364 0.830305 0.566954 0.924040 0.464291 1.000000 0.036566 0.007540 0.028345 0.032664 0.693469 0.029178 0.005683 0.006918
0.466835 0.280005 0.484523 0.266739 0.453569 0.266739 0.515477 0.275583 0.444725 0.275583 0.572963 0.372867 0.418193 0.377289 0.648137 0.478995 0.404927 0.487839 0.550853 0.483417 0.382817 0.554170 0.555275 0.624922 0.453569 0.624922 0.555275 0.806224 0.457991 0.828334 0.568541 0.894664 0.466835 1.000000 0.047393 0.007219 0.022301 0.038249 0.681715 0.064401 0.011263 0.006918
0.464308 0.281389 0.482154 0.263544 0.455386 0.263544 0.513384 0.272466 0.442001 0.276928 0.575845 0.370618 0.415233 0.379541 0.647228 0.482154 0.401848 0.491077 0.549076 0.486616 0.388464 0.571383 0.557999 0.624920 0.450924 0.624920 0.562460 0.812301 0.459847 0.834608 0.566922 0.888145 0.473231 1.000000 0.011125 0.007193 0.029878 0.032440 0.666759 0.014553 0.011363 0.005959
0.462875 0.273878 0.480875 0.260378 0.449376 0.260378 0.512375 0.273878 0.440376 0.273878 0.575374 0.368377 0.413376 0.381877 0.651873 0.480875 0.399876 0.498875 0.548374 0.494375 0.395376 0.575374 0.557374 0.624873 0.453876 0.624873 0.561874 0.813871 0.458376 0.831871 0.570874 0.876870 0.476375 1.000000 0.037590 0.019008 0.029878 0.045650 0.648802 0.017864 0.014329 0.000650
0.462539 0.272962 0.480702 0.254799 0.448916 0.259339 0.507946 0.268421 0.435294 0.272962 0.576058 0.368318 0.412590 0.381940 0.648710 0.481837 0.403509 0.504541 0.553354 0.500000 0.408049 0.509082 0.557895 0.622601 0.453457 0.627141 0.566976 0.822394 0.457998 0.831476 0.576058 0.867802 0.480702 1.000000 0.048374 0.025965 0.037156 0.045496 0.621305 0.273536 0.014459 0.007385
0.463825 0.263109 0.477828 0.244438 0.449821 0.249106 0.510503 0.258441 0.435818 0.263109 0.580520 0.365801 0.407811 0.384472 0.650537 0.477828 0.393807 0.524506 0.561848 0.510503 0.407811 0.519838 0.561848 0.622530 0.449821 0.627198 0.571184 0.827913 0.459157 0.837249 0.580520 0.879259 0.487164 1.000000 0.042790 0.026279 0.037568 0.040414 0.565447 0.634142 0.014864 0.000295
0.465008 0.260890 0.479005 0.242227 0.451012 0.246893 0.516329 0.256224 0.437015 0.260890 0.581647 0.363532 0.404356 0.386860 0.646965 0.475506 0.395025 0.536158 0.567651 0.517496 0.409021 0.522161 0.562985 0.620138 0.451012 0.629470 0.572316 0.830089 0.460343 0.844086 0.581647 0.886076 0.493002 1.000000 0.038431 0.036388 0.037247 0.046644 0.513106 0.769869 0.017830 0.000309
0.465960 0.263987 0.479576 0.245832 0.447805 0.250371 0.515885 0.259448 0.438727 0.263987 0.579427 0.363839 0.406956 0.386532 0.633892 0.468229 0.384263 0.531771 0.574889 0.513616 0.411495 0.513616 0.561273 0.622545 0.452344 0.627084 0.565811 0.826787 0.461421 0.835864 0.574889 0.890329 0.493192 1.000000 0.038095 0.037536 0.029373 0.045530 0.444357 0.736504 0.017345 0.006758
