0.446858 0.290384 0.466048 0.272670 0.432096 0.275623 0.507381 0.277099 0.426192 0.288908 0.569380 0.365669 0.414382 0.384859 0.647617 0.426192 0.407002 0.508857 0.618093 0.505905 0.401097 0.581189 0.553142 0.623998 0.463096 0.625474 0.492619 0.815900 0.516238 0.784900 0.488191 1.000000 0.569380 0.864613 0.090427 0.084751 0.077265 0.038833 0.403323 0.007002 0.020689 0.199663
0.451396 0.289750 0.469070 0.272076 0.435195 0.275022 0.510310 0.276495 0.429303 0.288278 0.573643 0.366339 0.413102 0.384013 0.648758 0.429671 0.408683 0.507732 0.608991 0.515097 0.413102 0.576957 0.554496 0.624088 0.458760 0.625561 0.494109 0.818504 0.514728 0.794939 0.467597 1.000000 0.581007 0.821450 0.056815 0.277296 0.072259 0.042118 0.415707 0.031653 0.016886 0.197447
0.453006 0.287035 0.472400 0.267641 0.439579 0.272116 0.514173 0.273608 0.432120 0.284051 0.576831 0.367596 0.415709 0.382515 0.651425 0.436222 0.409742 0.516784 0.612636 0.515292 0.409742 0.649560 0.551470 0.625690 0.455990 0.624198 0.493287 0.824109 0.488811 0.783829 0.472400 1.000000 0.566388 0.822617 0.059944 0.287869 0.059615 0.011979 0.408427 0.014138 0.009499 0.155341
0.456473 0.280507 0.475819 0.262650 0.441593 0.267114 0.515997 0.270090 0.437128 0.281995 0.579985 0.369792 0.420759 0.380209 0.651413 0.448661 0.407366 0.497768 0.596354 0.518601 0.390997 0.548363 0.545759 0.625744 0.453497 0.624255 0.489211 0.816219 0.468378 0.795386 0.490699 0.997766 0.565104 0.816219 0.094469 0.404863 0.049546 0.014837 0.446538 0.063492 0.000950 0.119470
0.456752 0.281192 0.474344 0.263600 0.442091 0.267998 0.516860 0.269464 0.436227 0.282658 0.578434 0.372087 0.425965 0.377951 0.648804 0.460050 0.428897 0.495235 0.579900 0.511362 0.417168 0.574402 0.543248 0.627180 0.452353 0.622782 0.500733 0.813368 0.462616 0.811902 0.509529 0.964371 0.512461 0.850019 0.089981 0.274937 0.027830 0.016921 0.511030 0.054772 0.005601 0.088715
0.456373 0.278169 0.474120 0.260422 0.441584 0.266338 0.517007 0.266338 0.435669 0.281126 0.577641 0.372817 0.428275 0.377253 0.650106 0.480775 0.431232 0.495563 0.564331 0.510352 0.417922 0.573944 0.543627 0.627183 0.450458 0.622747 0.512570 0.810564 0.448979 0.810564 0.528838 0.951057 0.518486 0.825353 0.090094 0.435776 0.011087 0.031191 0.582473 0.061498 0.007533 0.050894
0.453587 0.282918 0.472591 0.263914 0.440430 0.268300 0.516446 0.271223 0.434583 0.282918 0.573457 0.372090 0.430198 0.377937 0.637778 0.494884 0.436045 0.497807 0.550068 0.502193 0.421427 0.576746 0.545682 0.626448 0.450663 0.623525 0.529602 0.810639 0.431659 0.800406 0.548606 0.934895 0.506213 0.836952 0.076027 0.388991 0.006903 0.060533 0.627124 0.073801 0.004654 0.006349
0.450790 0.287357 0.469469 0.268679 0.436423 0.274426 0.514009 0.275863 0.432112 0.287357 0.568606 0.370690 0.430676 0.379311 0.621767 0.494253 0.445043 0.502874 0.524066 0.491379 0.432112 0.571839 0.548491 0.624999 0.452227 0.624999 0.544181 0.797413 0.426365 0.791665 0.571480 0.920975 0.492457 0.877872 0.077168 0.257203 0.017169 0.076853 0.638687 0.095845 0.000914 0.041046
0.448840 0.292228 0.465545 0.274131 0.434919 0.281092 0.507309 0.279700 0.430743 0.295013 0.561601 0.367402 0.430743 0.382715 0.607540 0.484339 0.446056 0.502436 0.514269 0.432831 0.425174 0.563689 0.553248 0.626333 0.454409 0.623549 0.572737 0.819836 0.425174 0.785033 0.569953 0.959046 0.461369 0.931204 0.038318 0.134273 0.042217 0.088187 0.779761 0.145076 0.009750 0.088960
0.444438 0.295685 0.461317 0.277399 0.430371 0.283025 0.504923 0.283025 0.427558 0.297092 0.558376 0.366017 0.428964 0.384304 0.601982 0.482769 0.445844 0.509495 0.504923 0.420876 0.420525 0.593893 0.555562 0.624840 0.457097 0.624840 0.576662 0.810517 0.427558 0.797857 0.596355 0.968061 0.438811 0.983534 0.003565 0.073095 0.039477 0.090887 0.794474 0.135434 0.016126 0.089844
0.445510 0.295133 0.463909 0.276734 0.431357 0.282395 0.506369 0.280980 0.428526 0.295133 0.558736 0.364483 0.431357 0.385713 0.604026 0.480539 0.449756 0.511676 0.506369 0.418265 0.421450 0.588104 0.553074 0.623487 0.456833 0.626317 0.577135 0.811724 0.437018 0.808893 0.613933 0.973070 0.438434 1.000000 0.030909 0.036700 0.047423 0.067989 0.799127 0.159075 0.012617 0.074877
0.448871 0.294064 0.465914 0.277021 0.434669 0.282702 0.508521 0.281282 0.431828 0.294064 0.559650 0.365076 0.436089 0.384960 0.612200 0.477276 0.461653 0.507101 0.511362 0.436089 0.463074 0.562491 0.549709 0.624982 0.454552 0.624982 0.548288 0.812455 0.446031 0.811034 0.613620 0.832338 0.460233 1.000000 0.408370 0.036043 0.009758 0.039006 0.762855 0.057515 0.005426 0.012157
0.449443 0.296705 0.465109 0.278192 0.435202 0.283888 0.509257 0.283888 0.432354 0.295281 0.560526 0.366488 0.433778 0.383577 0.618915 0.478994 0.452292 0.507477 0.522074 0.486115 0.429505 0.567290 0.551981 0.625680 0.453716 0.624255 0.543436 0.827906 0.449443 0.815089 0.604674 0.816513 0.485047 1.000000 0.571993 0.063373 0.002952 0.033434 0.629019 0.163072 0.007254 0.006318
0.452197 0.292146 0.470610 0.273733 0.439450 0.279399 0.511685 0.280815 0.433784 0.290730 0.561258 0.365798 0.436617 0.384211 0.629245 0.472026 0.440866 0.503187 0.542845 0.493272 0.395542 0.530098 0.548511 0.626412 0.453614 0.623579 0.538596 0.827538 0.459279 0.811958 0.603750 0.803459 0.511685 0.983339 0.628359 0.084890 0.000000 0.012994 0.604468 0.340809 0.002706 0.025249
0.451009 0.283505 0.469741 0.266214 0.438041 0.270537 0.510086 0.274860 0.432278 0.284946 0.564840 0.365636 0.433719 0.384368 0.639767 0.462176 0.433719 0.502522 0.560518 0.506844 0.393374 0.541426 0.546109 0.624998 0.455332 0.624998 0.515850 0.829605 0.468300 0.818078 0.602304 0.825283 0.527377 0.965050 0.562638 0.100310 0.023786 0.007167 0.546714 0.255787 0.001835 0.068082
0.450969 0.281389 0.470139 0.265168 0.437698 0.269592 0.511428 0.274016 0.431799 0.284338 0.567464 0.366916 0.427375 0.383137 0.654466 0.455393 0.433274 0.501106 0.579260 0.520276 0.389035 0.560090 0.545344 0.626448 0.459817 0.623499 0.496682 0.826995 0.476038 0.812249 0.604329 0.869759 0.543870 0.962659 0.455406 0.107570 0.048709 0.015416 0.520737 0.220735 0.006572 0.103060
0.453119 0.283540 0.470699 0.265960 0.438468 0.271820 0.511720 0.274750 0.431143 0.287935 0.567392 0.365582 0.422353 0.384628 0.659690 0.447625 0.422353 0.509157 0.590833 0.522342 0.371076 0.553108 0.545416 0.624895 0.464839 0.624895 0.478024 0.810955 0.492675 0.803630 0.565927 0.960389 0.555672 0.936949 0.279868 0.091333 0.083704 0.006532 0.505718 0.274437 0.013061 0.159792
0.460391 0.285752 0.479115 0.268468 0.445988 0.272789 0.516564 0.277110 0.437346 0.288632 0.569856 0.366410 0.422943 0.383694 0.659156 0.439866 0.411420 0.500360 0.597222 0.526286 0.386935 0.556533 0.546811 0.625668 0.460391 0.624228 0.477675 0.807149 0.518004 0.799948 0.539609 0.967025 0.554012 0.897890 0.233501 0.011295 0.087638 0.051686 0.478821 0.099510 0.009171 0.216707
0.464548 0.283634 0.482091 0.267553 0.448467 0.270477 0.520102 0.273401 0.439695 0.285096 0.575655 0.368426 0.422152 0.381584 0.658985 0.435675 0.407533 0.495614 0.616589 0.513157 0.397299 0.558477 0.547878 0.624264 0.454315 0.625726 0.490863 0.815777 0.521563 0.802620 0.509868 1.000000 0.571269 0.885950 0.122662 0.055559 0.057680 0.073946 0.443233 0.010779 0.002792 0.207744
0.465809 0.285295 0.483456 0.269119 0.449633 0.273530 0.523162 0.275001 0.440809 0.288236 0.580514 0.369118 0.418750 0.380883 0.656985 0.439706 0.396692 0.491177 0.618749 0.514706 0.380515 0.557353 0.548162 0.626470 0.452574 0.623529 0.496691 0.824999 0.502573 0.789705 0.489338 1.000000 0.590808 0.872057 0.070280 0.167940 0.040940 0.048946 0.412796 0.013480 0.000934 0.173779
0.470849 0.283703 0.488123 0.267868 0.455013 0.272187 0.528432 0.272187 0.447815 0.286583 0.584575 0.371518 0.426222 0.378716 0.653675 0.444936 0.403188 0.489563 0.617685 0.509717 0.390232 0.548586 0.541388 0.624883 0.447815 0.624883 0.499640 0.814908 0.488123 0.790435 0.491003 1.000000 0.587454 0.829303 0.055490 0.305252 0.015097 0.048172 0.401772 0.003567 0.013751 0.144860
0.467957 0.281040 0.487895 0.265374 0.453716 0.266798 0.526346 0.276767 0.443747 0.283888 0.581888 0.370760 0.423809 0.379305 0.648822 0.457632 0.410992 0.494660 0.596129 0.525990 0.406719 0.557321 0.543436 0.624255 0.450867 0.625680 0.507833 0.810817 0.475078 0.796575 0.502136 0.997378 0.520650 0.886296 0.050308 0.104802 0.012107 0.009976 0.418001 0.013554 0.007254 0.104820
0.465625 0.276921 0.482813 0.259734 0.451302 0.264030 0.520052 0.269760 0.441276 0.282650 0.583073 0.371452 0.422656 0.378614 0.646093 0.465983 0.411198 0.498926 0.590234 0.517546 0.412630 0.581999 0.545833 0.623535 0.448438 0.626399 0.507161 0.812597 0.455599 0.816894 0.514323 0.967284 0.510026 0.824055 0.078949 0.446395 0.017537 0.021039 0.449893 0.035711 0.007295 0.076184
0.461459 0.280642 0.478749 0.261912 0.447052 0.267675 0.520531 0.269116 0.439848 0.282083 0.579603 0.372852 0.423999 0.377174 0.642997 0.480910 0.419677 0.496758 0.570958 0.516929 0.400947 0.573119 0.547906 0.626428 0.448492 0.623546 0.523413 0.816610 0.448492 0.809406 0.537820 0.959246 0.521972 0.829577 0.072814 0.414721 0.001187 0.031541 0.521298 0.065064 0.004586 0.040770
0.458572 0.282146 0.475715 0.265004 0.444287 0.269289 0.517143 0.272147 0.437144 0.285003 0.575713 0.373573 0.425716 0.376431 0.637141 0.496429 0.431430 0.496429 0.555713 0.512143 0.412859 0.552142 0.548571 0.626427 0.450001 0.623569 0.538571 0.814995 0.431430 0.800709 0.562856 0.952135 0.497143 0.844994 0.072653 0.344491 0.017174 0.064429 0.586901 0.117563 0.001818 0.016385
0.454417 0.286684 0.471510 0.268166 0.438747 0.275289 0.514245 0.273864 0.434474 0.289533 0.572648 0.372153 0.425927 0.377851 0.623930 0.496083 0.438747 0.498932 0.534187 0.494658 0.428776 0.575853 0.551281 0.625710 0.450143 0.624286 0.554130 0.800921 0.424503 0.792374 0.578346 0.951916 0.475784 0.893512 0.045443 0.197556 0.031936 0.079363 0.629938 0.074612 0.001815 0.053360
0.451879 0.292629 0.468496 0.274627 0.436646 0.281551 0.510040 0.278781 0.432492 0.295399 0.568200 0.370177 0.426953 0.379870 0.612513 0.486498 0.443570 0.497577 0.526657 0.453264 0.425568 0.565431 0.554353 0.624977 0.450494 0.624977 0.576509 0.802229 0.424183 0.786996 0.597281 0.947631 0.453264 0.936552 0.005584 0.112375 0.056866 0.081723 0.733421 0.127191 0.006172 0.090827
0.449403 0.295893 0.464548 0.277994 0.434259 0.284878 0.507228 0.282125 0.430128 0.298646 0.563676 0.367485 0.428752 0.382630 0.606356 0.481758 0.443896 0.503786 0.515489 0.426687 0.413607 0.565741 0.554039 0.624943 0.453534 0.624943 0.580197 0.801170 0.427375 0.797040 0.611863 0.945732 0.435636 0.978775 0.021734 0.062474 0.058816 0.080457 0.787215 0.184325 0.009643 0.094922
0.448724 0.295930 0.465243 0.276658 0.433583 0.284917 0.506539 0.280788 0.429453 0.297306 0.560223 0.366133 0.430829 0.384028 0.607025 0.477631 0.448724 0.503785 0.517551 0.421194 0.422570 0.562976 0.553340 0.623543 0.455607 0.626296 0.565729 0.794233 0.434959 0.803869 0.624920 0.909861 0.433583 0.995206 0.127538 0.034558 0.031572 0.069289 0.805627 0.179652 0.011394 0.059910
0.449598 0.297011 0.464788 0.279059 0.433027 0.285964 0.504833 0.281821 0.430266 0.297011 0.561449 0.364674 0.433027 0.385387 0.613922 0.472382 0.455121 0.497238 0.510357 0.451669 0.470311 0.511047 0.550402 0.624279 0.455121 0.625660 0.551783 0.798270 0.437170 0.798270 0.629112 0.818983 0.449598 0.998497 0.414168 0.052717 0.016063 0.062173 0.707135 0.203069 0.007033 0.035512
0.449008 0.293876 0.467681 0.275203 0.434644 0.280949 0.507900 0.279512 0.428898 0.292440 0.565356 0.365696 0.428898 0.384370 0.628558 0.471990 0.440389 0.502155 0.538065 0.492100 0.410225 0.568229 0.553865 0.627122 0.451881 0.622812 0.540937 0.823909 0.441826 0.799490 0.627122 0.808108 0.477736 1.000000 0.578597 0.072812 0.006898 0.048682 0.601148 0.167277 0.007316 0.002787
0.451869 0.287360 0.469110 0.270119 0.437501 0.274429 0.509339 0.274429 0.433191 0.287360 0.569683 0.363508 0.428880 0.386496 0.638647 0.465518 0.431754 0.498563 0.556752 0.497126 0.415950 0.556034 0.549568 0.626435 0.451869 0.623561 0.529454 0.830454 0.451869 0.798846 0.611349 0.788788 0.502155 0.977004 0.681091 0.087567 0.006978 0.030770 0.571978 0.093584 0.001828 0.031282
0.452469 0.284311 0.469753 0.267028 0.438066 0.271349 0.507202 0.274229 0.430864 0.285752 0.567695 0.362089 0.425103 0.388015 0.642592 0.451389 0.417902 0.506121 0.572016 0.504681 0.374692 0.550771 0.551852 0.625668 0.455350 0.624228 0.510082 0.825873 0.462552 0.811470 0.582098 0.810030 0.524486 0.948301 0.634401 0.123058 0.046360 0.028302 0.516280 0.225397 0.009171 0.077707
0.450716 0.283968 0.468503 0.266181 0.435894 0.272110 0.507041 0.272110 0.427001 0.286932 0.569293 0.362525 0.419590 0.387722 0.653780 0.444046 0.409214 0.506299 0.590044 0.510746 0.375124 0.544837 0.554471 0.627841 0.456645 0.621912 0.484807 0.822011 0.419590 0.780509 0.552989 0.870924 0.502594 0.927248 0.411564 0.236922 0.091885 0.123012 0.498450 0.202755 0.014158 0.036589
0.454214 0.283557 0.470863 0.265394 0.437564 0.271448 0.510217 0.271448 0.428483 0.288098 0.573787 0.363777 0.414861 0.386481 0.661576 0.442484 0.405779 0.509082 0.604059 0.519677 0.389130 0.572652 0.549570 0.625628 0.461782 0.624114 0.473891 0.817854 0.473891 0.796663 0.554111 0.943482 0.548056 0.928346 0.300278 0.140971 0.090031 0.039752 0.471177 0.058000 0.014459 0.141688
0.457376 0.286880 0.473684 0.267606 0.441068 0.273536 0.512231 0.272054 0.430690 0.288362 0.574499 0.363974 0.415864 0.386212 0.656041 0.436620 0.404003 0.509266 0.601186 0.521127 0.392143 0.577465 0.547813 0.624907 0.461824 0.624907 0.475167 0.811712 0.516679 0.804299 0.525574 0.973313 0.568569 0.936248 0.214303 0.024805 0.085617 0.033912 0.451613 0.024224 0.012273 0.212519
0.460917 0.287994 0.478615 0.270296 0.444694 0.276196 0.516961 0.273246 0.435845 0.289469 0.578903 0.366160 0.418147 0.383858 0.654119 0.434002 0.401924 0.498894 0.606925 0.522491 0.394550 0.575585 0.546457 0.627204 0.456493 0.622779 0.490414 0.827780 0.515486 0.792384 0.503687 1.000000 0.578903 0.907420 0.107762 0.053823 0.047365 0.055895 0.422352 0.014082 0.003755 0.193278
0.460566 0.287950 0.478423 0.270093 0.445685 0.276046 0.517113 0.274558 0.436757 0.289438 0.581100 0.366818 0.417412 0.383187 0.652527 0.439733 0.401043 0.502232 0.607885 0.521577 0.396579 0.585564 0.546874 0.627230 0.454614 0.622766 0.494792 0.832583 0.490328 0.793894 0.491816 1.000000 0.587052 0.887642 0.074643 0.189483 0.037467 0.016455 0.405666 0.026459 0.001894 0.144554
0.466478 0.284503 0.484160 0.265348 0.450270 0.272715 0.523944 0.269768 0.442902 0.285976 0.587304 0.369965 0.423747 0.380279 0.655084 0.445113 0.398698 0.499632 0.610880 0.512893 0.395751 0.590988 0.541626 0.627825 0.447323 0.621931 0.500368 0.825272 0.478266 0.785488 0.495948 1.000000 0.581410 0.850321 0.058700 0.261859 0.009762 0.028561 0.417559 0.055585 0.014075 0.125086
0.463834 0.282276 0.481369 0.264742 0.447761 0.270586 0.519361 0.269125 0.441916 0.283738 0.586578 0.371412 0.421459 0.378718 0.649411 0.450318 0.406846 0.502922 0.596807 0.513151 0.405385 0.622744 0.544202 0.625666 0.447761 0.624205 0.503288 0.815626 0.472602 0.809781 0.509133 0.999742 0.555892 0.825855 0.077629 0.396961 0.014959 0.008381 0.435925 0.033395 0.010234 0.109884
0.464344 0.280664 0.480191 0.261936 0.448498 0.269139 0.519088 0.267699 0.442735 0.284986 0.582476 0.371424 0.422566 0.378627 0.644423 0.457862 0.406719 0.505402 0.585357 0.506843 0.398075 0.629296 0.546460 0.624975 0.448498 0.624975 0.514766 0.806494 0.465785 0.812256 0.523410 0.956319 0.516207 0.830985 0.073367 0.357498 0.010110 0.004084 0.477556 0.017412 0.006420 0.084323
0.458457 0.278685 0.474633 0.259568 0.443752 0.266921 0.517279 0.266921 0.436400 0.283097 0.580512 0.371329 0.421694 0.378681 0.648156 0.475736 0.418753 0.490442 0.576100 0.506617 0.411400 0.571321 0.548160 0.625730 0.449634 0.624260 0.526102 0.816899 0.451105 0.809547 0.540807 0.955129 0.527572 0.815429 0.070302 0.473037 0.003694 0.033534 0.554112 0.020483 0.002810 0.039093
0.455672 0.283445 0.473112 0.266004 0.441138 0.271818 0.513807 0.270364 0.433871 0.287805 0.577756 0.372102 0.425150 0.377915 0.641706 0.489826 0.436778 0.492733 0.558862 0.507267 0.419337 0.546508 0.548689 0.626445 0.448405 0.623538 0.539968 0.818292 0.433871 0.799398 0.567583 0.938924 0.502180 0.843000 0.086091 0.345414 0.021762 0.056293 0.592348 0.131953 0.003701 0.011788
0.453797 0.291190 0.469556 0.271133 0.438038 0.279729 0.512536 0.273998 0.432307 0.294055 0.572707 0.371419 0.428009 0.378582 0.628581 0.488897 0.439470 0.493195 0.539756 0.497493 0.415115 0.540473 0.549785 0.626432 0.449499 0.623567 0.556948 0.802649 0.429442 0.791188 0.588467 0.925858 0.481017 0.894339 0.066786 0.185492 0.041468 0.065759 0.610604 0.183144 0.000913 0.050840
0.452113 0.296834 0.467606 0.277116 0.435212 0.285567 0.508451 0.278525 0.430987 0.299651 0.569013 0.368664 0.429579 0.381340 0.618308 0.481338 0.449297 0.498239 0.514084 0.463029 0.425353 0.560210 0.550703 0.624998 0.450705 0.624998 0.571830 0.799643 0.428170 0.789784 0.601407 0.950345 0.461972 0.943303 0.023369 0.112247 0.061017 0.070792 0.686629 0.170550 0.001795 0.081580
0.452169 0.299601 0.467531 0.280049 0.436808 0.288428 0.508030 0.281446 0.431222 0.300997 0.565287 0.366633 0.431222 0.383391 0.614165 0.476958 0.450773 0.504888 0.515013 0.419701 0.417257 0.569127 0.551322 0.623591 0.452169 0.626384 0.573666 0.796759 0.432618 0.795362 0.632320 0.951772 0.438204 0.985288 0.074295 0.046025 0.058129 0.064039 0.799445 0.203858 0.004445 0.077513
0.451870 0.298823 0.467105 0.279433 0.435250 0.289128 0.505886 0.280818 0.431094 0.301594 0.565443 0.366690 0.433865 0.383311 0.611149 0.476108 0.450485 0.501039 0.516967 0.420707 0.418629 0.557825 0.548823 0.622922 0.451870 0.627077 0.566828 0.789126 0.440790 0.797437 0.655470 0.902699 0.439405 0.991342 0.176604 0.018400 0.054968 0.044143 0.795205 0.207373 0.000878 0.055024
0.451203 0.298494 0.466650 0.280239 0.435757 0.287260 0.505968 0.281643 0.431544 0.298494 0.564945 0.365897 0.430140 0.384152 0.619710 0.472618 0.452607 0.496489 0.521414 0.445937 0.432948 0.545637 0.552307 0.624274 0.452607 0.625678 0.553712 0.804014 0.446991 0.799802 0.657624 0.812440 0.455416 1.000000 0.471761 0.023428 0.018043 0.039790 0.735282 0.183952 0.006258 0.012751
0.453621 0.297844 0.469199 0.279434 0.436627 0.286515 0.507435 0.282267 0.432379 0.299260 0.566913 0.365820 0.428130 0.384230 0.627808 0.469199 0.438043 0.501770 0.540006 0.493273 0.413969 0.581075 0.552752 0.624975 0.452205 0.624975 0.545671 0.817572 0.456453 0.803411 0.627808 0.793498 0.489025 0.990343 0.602453 0.047334 0.005678 0.024148 0.584259 0.120598 0.006311 0.019274
0.455003 0.288585 0.470716 0.271443 0.439290 0.277157 0.509285 0.275729 0.433576 0.290014 0.570710 0.362866 0.426433 0.387150 0.640705 0.462860 0.425005 0.511428 0.563567 0.492858 0.402149 0.598565 0.549282 0.625706 0.453574 0.624278 0.530712 0.824265 0.469288 0.802837 0.599279 0.785696 0.509285 0.965684 0.692782 0.048725 0.003789 0.008336 0.576342 0.077993 0.003638 0.057623
