0.417135 0.294944 0.436798 0.278090 0.417135 0.278090 0.487360 0.286517 0.442416 0.286517 0.529494 0.370787 0.470506 0.379213 0.630618 0.480337 0.490169 0.514045 0.512640 0.539326 0.431180 0.550562 0.523876 0.623595 0.476124 0.626405 0.442416 0.806180 0.470506 0.828652 0.627809 0.839888 0.566011 0.994382 0.576330 0.175249 0.126507 0.016073 0.589691 0.369654 0.000005 0.124739
0.418011 0.301075 0.431452 0.284946 0.415323 0.284946 0.482527 0.290323 0.442204 0.295699 0.530914 0.370968 0.469086 0.379032 0.630376 0.475806 0.477151 0.510753 0.517473 0.521505 0.399194 0.543011 0.512097 0.626344 0.487903 0.623656 0.404570 0.784946 0.509409 0.795699 0.568548 0.881720 0.595430 0.948925 0.519935 0.123250 0.166232 0.015146 0.619202 0.394578 0.000005 0.229228
0.419842 0.297566 0.436145 0.281263 0.419842 0.281263 0.485055 0.289415 0.447014 0.289415 0.536683 0.370932 0.460600 0.379083 0.645372 0.463317 0.479621 0.504076 0.533965 0.512228 0.414407 0.528531 0.512228 0.626351 0.490490 0.623634 0.395387 0.778516 0.550269 0.794820 0.501359 0.933398 0.650806 0.952419 0.399441 0.073809 0.178056 0.068229 0.644071 0.433869 0.003459 0.315381
0.422815 0.299866 0.439209 0.283473 0.417351 0.283473 0.488388 0.288938 0.444673 0.291670 0.543032 0.370904 0.458334 0.379100 0.655052 0.461066 0.474727 0.510246 0.540300 0.507514 0.417351 0.526639 0.512978 0.627730 0.485656 0.622266 0.400958 0.786198 0.562158 0.786198 0.431012 0.985649 0.676910 0.931005 0.243475 0.074324 0.158788 0.103367 0.661855 0.450998 0.001739 0.334851
0.426247 0.294448 0.442637 0.280790 0.423516 0.280790 0.491805 0.286253 0.448100 0.288985 0.551900 0.370932 0.453563 0.379127 0.663895 0.461075 0.472684 0.504780 0.549169 0.499317 0.415321 0.523901 0.516390 0.627702 0.478147 0.622239 0.415321 0.797060 0.557363 0.788865 0.385273 0.996466 0.693943 0.900861 0.123658 0.140119 0.127521 0.109181 0.681862 0.445653 0.006957 0.312525
0.429000 0.295875 0.445385 0.279490 0.426269 0.279490 0.494538 0.287682 0.453577 0.290413 0.554615 0.369606 0.453577 0.380529 0.663846 0.465183 0.467231 0.508875 0.549154 0.503413 0.415346 0.527990 0.521846 0.626298 0.469961 0.623567 0.426269 0.801068 0.538231 0.795606 0.379846 0.994953 0.704808 0.863876 0.084489 0.255944 0.118879 0.098820 0.668773 0.421376 0.010432 0.279542
0.433766 0.289570 0.450325 0.275771 0.431007 0.273012 0.500000 0.284051 0.455844 0.284051 0.555195 0.369602 0.455844 0.380641 0.651785 0.468953 0.472403 0.507589 0.549675 0.507589 0.422727 0.540706 0.522078 0.626258 0.466883 0.623498 0.433766 0.800121 0.516558 0.800121 0.414448 0.990543 0.695941 0.827719 0.117416 0.364140 0.108752 0.072811 0.630375 0.354119 0.014060 0.236868
0.423850 0.282127 0.440772 0.268025 0.423850 0.268025 0.491539 0.276486 0.452054 0.279307 0.553587 0.372379 0.460515 0.378019 0.649479 0.482373 0.463335 0.507756 0.531024 0.524678 0.418210 0.552882 0.519743 0.626211 0.466156 0.623391 0.429491 0.798253 0.491539 0.798253 0.466156 0.987217 0.666401 0.806714 0.214787 0.438724 0.111591 0.038570 0.619044 0.256919 0.017964 0.199669
0.430662 0.283667 0.444530 0.269799 0.430662 0.269799 0.494453 0.280893 0.458397 0.280893 0.541602 0.375192 0.472265 0.375192 0.633128 0.486133 0.483359 0.500000 0.513867 0.538829 0.444530 0.552697 0.519414 0.627581 0.466718 0.622034 0.466718 0.788444 0.441756 0.777350 0.533282 0.965948 0.613714 0.802312 0.214967 0.504837 0.072856 0.043572 0.587133 0.230355 0.017666 0.050044
0.429206 0.289006 0.443087 0.275125 0.429206 0.275125 0.490283 0.286230 0.456968 0.289006 0.537479 0.372293 0.470850 0.377846 0.620766 0.486119 0.487507 0.497224 0.518046 0.533315 0.456968 0.555525 0.526374 0.627707 0.465297 0.622154 0.509717 0.799833 0.393115 0.772071 0.587451 0.969184 0.543032 0.802610 0.167686 0.578867 0.016878 0.135600 0.563980 0.197719 0.010607 0.112125
0.424466 0.294789 0.440509 0.281420 0.424466 0.284094 0.488637 0.289442 0.453878 0.292115 0.526069 0.372328 0.472594 0.377676 0.592913 0.484626 0.491310 0.497995 0.472594 0.511363 0.456551 0.535427 0.531417 0.626335 0.469920 0.623661 0.542112 0.797456 0.379012 0.746654 0.646388 0.941839 0.512700 0.866973 0.179230 0.469345 0.013168 0.199147 0.601300 0.287337 0.001701 0.222475
0.427265 0.299648 0.440490 0.286424 0.424620 0.286424 0.488098 0.294358 0.456359 0.294358 0.527772 0.376350 0.477518 0.373706 0.591249 0.484792 0.498678 0.487437 0.469584 0.500661 0.456359 0.511241 0.530416 0.627617 0.464294 0.622327 0.570090 0.791601 0.382302 0.746638 0.673242 0.942361 0.459004 0.910622 0.115443 0.324863 0.072208 0.168684 0.627288 0.395452 0.006736 0.261158
0.426613 0.300996 0.442480 0.287773 0.426613 0.287773 0.487438 0.295706 0.458348 0.298351 0.527107 0.372399 0.479505 0.377688 0.593221 0.483471 0.505950 0.483471 0.468926 0.494050 0.460992 0.496694 0.527107 0.626279 0.466282 0.623634 0.574709 0.784953 0.394878 0.761152 0.704294 0.914537 0.408101 0.954206 0.157226 0.174211 0.092774 0.135346 0.643879 0.486926 0.008419 0.245217
0.431278 0.302426 0.447137 0.289210 0.431278 0.289210 0.494714 0.297139 0.462996 0.297139 0.529074 0.373790 0.481498 0.376433 0.595153 0.482159 0.510573 0.492731 0.470926 0.490088 0.462996 0.516520 0.526431 0.624888 0.462996 0.624888 0.571365 0.796692 0.415420 0.783476 0.716737 0.881272 0.383702 0.968496 0.250842 0.038732 0.084777 0.069113 0.654004 0.430396 0.013465 0.174200
0.432987 0.304817 0.445999 0.291805 0.430385 0.291805 0.492843 0.299612 0.461614 0.299612 0.529277 0.375083 0.479831 0.375083 0.594338 0.484385 0.505856 0.489590 0.466819 0.489590 0.451204 0.507807 0.524073 0.624917 0.466819 0.624917 0.563109 0.791473 0.422577 0.781063 0.721858 0.843522 0.393951 0.965836 0.325870 0.038958 0.079912 0.071321 0.657919 0.468718 0.011600 0.161166
0.432892 0.304657 0.446181 0.288710 0.432892 0.288710 0.491362 0.296683 0.462127 0.296683 0.525913 0.373758 0.483389 0.376415 0.597672 0.477409 0.512624 0.485382 0.472758 0.496013 0.454154 0.498671 0.523255 0.626242 0.467443 0.623585 0.541859 0.801653 0.424919 0.783049 0.717270 0.814941 0.422261 0.966432 0.442297 0.078339 0.036985 0.062445 0.645689 0.512301 0.011847 0.116587
0.427215 0.294006 0.443695 0.277526 0.424469 0.277526 0.490387 0.291259 0.446442 0.291259 0.531586 0.373657 0.473907 0.376403 0.619477 0.478027 0.495880 0.491760 0.515106 0.513733 0.457428 0.513733 0.526093 0.629090 0.468414 0.620850 0.504120 0.824098 0.427215 0.780152 0.712861 0.804871 0.484894 0.975160 0.564951 0.172095 0.028871 0.073405 0.617860 0.394663 0.006994 0.044841
0.424725 0.294893 0.441299 0.278318 0.421962 0.281081 0.491022 0.289368 0.446824 0.289368 0.524171 0.372240 0.477210 0.377764 0.615330 0.477210 0.502072 0.502072 0.518646 0.529696 0.444062 0.554557 0.524171 0.623617 0.474448 0.626379 0.477210 0.805935 0.463398 0.805935 0.665053 0.828034 0.540745 0.977203 0.542968 0.154589 0.080245 0.016027 0.569312 0.328735 0.001758 0.060681
0.423801 0.294798 0.439843 0.278756 0.421127 0.278756 0.487969 0.289451 0.442517 0.292124 0.530747 0.372334 0.471927 0.377681 0.616304 0.473932 0.485295 0.497995 0.506684 0.530078 0.426475 0.540773 0.522726 0.626330 0.474600 0.623656 0.493316 0.781401 0.429148 0.778727 0.586893 0.936472 0.576199 0.834874 0.232487 0.474657 0.049612 0.094215 0.572109 0.335071 0.003405 0.031095
0.423684 0.298684 0.439474 0.285526 0.423684 0.285526 0.486842 0.296053 0.447368 0.293421 0.528947 0.372368 0.471053 0.377632 0.628947 0.475000 0.484211 0.496053 0.515789 0.522368 0.434211 0.527632 0.526316 0.625000 0.473684 0.625000 0.521053 0.775000 0.405263 0.764474 0.631579 0.922368 0.563158 0.880263 0.215997 0.443762 0.007849 0.148558 0.619675 0.355914 0.000005 0.134008
0.424060 0.294358 0.440189 0.280917 0.424060 0.280917 0.485887 0.291670 0.450942 0.288982 0.536962 0.375002 0.461694 0.375002 0.644487 0.471775 0.477823 0.501344 0.531586 0.512097 0.410620 0.517473 0.512769 0.627686 0.488575 0.622310 0.399867 0.772846 0.561155 0.786286 0.485887 0.939510 0.660616 0.936822 0.362081 0.053211 0.180033 0.098177 0.657550 0.465440 0.001711 0.343057
0.432495 0.292139 0.448536 0.278772 0.429822 0.278772 0.493985 0.284119 0.451209 0.286792 0.544780 0.369669 0.459230 0.380363 0.646372 0.460567 0.469924 0.500668 0.542107 0.497995 0.411108 0.503342 0.534087 0.623647 0.461903 0.626321 0.579535 0.781381 0.416455 0.784054 0.689147 0.912380 0.437842 0.968523 0.132482 0.126039 0.102692 0.092757 0.657961 0.513761 0.005106 0.178595
0.433819 0.292677 0.450026 0.279170 0.433819 0.276469 0.498649 0.287274 0.458130 0.287274 0.547272 0.371014 0.460831 0.379118 0.652622 0.465559 0.460831 0.506078 0.544571 0.500675 0.404104 0.511480 0.509454 0.627636 0.482442 0.622233 0.425715 0.795115 0.558078 0.776206 0.393299 0.984205 0.685038 0.862647 0.093542 0.164386 0.101010 0.117122 0.667166 0.469776 0.010320 0.292926
0.438204 0.291775 0.457012 0.278341 0.438204 0.278341 0.502687 0.286401 0.459698 0.289088 0.548362 0.369691 0.459698 0.380439 0.650459 0.463729 0.462385 0.504030 0.542988 0.501343 0.416710 0.517464 0.518807 0.627622 0.473132 0.622248 0.432831 0.791515 0.545675 0.786142 0.403276 0.976902 0.706882 0.834503 0.103462 0.274586 0.117469 0.114975 0.655907 0.415866 0.010265 0.286424
0.434617 0.286825 0.450963 0.273204 0.434617 0.273204 0.500000 0.284101 0.459136 0.284101 0.551761 0.374002 0.467309 0.376726 0.644387 0.480249 0.472757 0.496595 0.527243 0.507492 0.440066 0.532010 0.513621 0.627360 0.467309 0.621912 0.434617 0.790817 0.505449 0.793541 0.445514 0.978792 0.687975 0.798990 0.161743 0.420897 0.095751 0.069604 0.655499 0.251733 0.024304 0.212916
0.430113 0.274807 0.449879 0.260689 0.430113 0.260689 0.497882 0.274807 0.449879 0.274807 0.548709 0.373638 0.458350 0.376462 0.636245 0.480940 0.458350 0.497882 0.520472 0.526120 0.418818 0.545886 0.520472 0.624950 0.472469 0.624950 0.444231 0.791550 0.483764 0.794374 0.497882 0.977917 0.653188 0.797198 0.225834 0.473506 0.100996 0.003122 0.599385 0.219291 0.008989 0.157801
0.432337 0.279750 0.448907 0.265941 0.432337 0.265941 0.498619 0.279750 0.451669 0.276988 0.540045 0.376411 0.465478 0.373650 0.614613 0.492405 0.476525 0.492405 0.484810 0.533832 0.443384 0.550402 0.526237 0.627731 0.468240 0.622208 0.484810 0.793437 0.435099 0.774104 0.570425 0.956380 0.603566 0.804484 0.231971 0.511588 0.060507 0.071915 0.583527 0.194775 0.007033 0.009601
0.427487 0.282462 0.444062 0.268650 0.427487 0.268650 0.491022 0.279700 0.446824 0.279700 0.532458 0.373621 0.466161 0.376383 0.598755 0.489641 0.477210 0.497928 0.474448 0.520027 0.444062 0.558701 0.532458 0.627760 0.468923 0.622236 0.524171 0.801791 0.391576 0.754830 0.609805 0.945435 0.524171 0.804553 0.186265 0.553891 0.015146 0.171668 0.588937 0.187805 0.001758 0.152945
0.431023 0.291768 0.446641 0.278754 0.431023 0.281357 0.490890 0.289165 0.457052 0.291768 0.519522 0.372458 0.472670 0.377664 0.589800 0.484383 0.501301 0.494794 0.477875 0.505206 0.470067 0.536441 0.532536 0.627542 0.475272 0.622336 0.574183 0.791524 0.386774 0.729055 0.657475 0.924272 0.501301 0.846185 0.099201 0.466801 0.062941 0.223763 0.619921 0.281145 0.009944 0.299544
0.436856 0.296098 0.450011 0.285574 0.436856 0.285574 0.494738 0.293467 0.465797 0.293467 0.523679 0.375028 0.481583 0.375028 0.584192 0.485530 0.513155 0.485530 0.471059 0.501315 0.471059 0.538149 0.528941 0.627603 0.465797 0.622341 0.592085 0.785463 0.392129 0.753891 0.694694 0.924906 0.452642 0.922275 0.080811 0.272311 0.114488 0.142203 0.615347 0.303362 0.006700 0.283612
0.434199 0.296614 0.450151 0.283321 0.434199 0.283321 0.495347 0.296614 0.460785 0.293956 0.524592 0.373715 0.482054 0.376373 0.585741 0.477402 0.513958 0.480060 0.466102 0.490695 0.458127 0.503988 0.529910 0.626285 0.463444 0.623626 0.588400 0.791120 0.402295 0.769851 0.723990 0.897466 0.404954 0.955956 0.179754 0.130624 0.101837 0.102163 0.634386 0.466134 0.008464 0.234614
0.436540 0.300461 0.452241 0.289993 0.436540 0.289993 0.496729 0.300461 0.462709 0.297844 0.522898 0.373734 0.483644 0.376351 0.588321 0.483644 0.520281 0.483644 0.470560 0.491495 0.460092 0.517664 0.525515 0.624957 0.467943 0.624957 0.583087 0.787205 0.420839 0.779355 0.737484 0.868329 0.392053 0.962538 0.237471 0.044642 0.105221 0.074179 0.649715 0.440985 0.008331 0.202793
0.436519 0.299087 0.452226 0.285998 0.436519 0.285998 0.496728 0.296469 0.462697 0.296469 0.517670 0.375002 0.483639 0.375002 0.596203 0.477095 0.525523 0.482330 0.481021 0.492801 0.470550 0.513743 0.528141 0.626307 0.470550 0.623689 0.556936 0.796462 0.423430 0.770284 0.727091 0.827875 0.420813 0.958763 0.388527 0.094573 0.040107 0.082256 0.665575 0.453184 0.001669 0.152356
0.432854 0.299228 0.446150 0.283272 0.430195 0.285932 0.491357 0.296568 0.456787 0.296568 0.520609 0.373686 0.483380 0.376346 0.595068 0.480056 0.517950 0.482715 0.483380 0.501330 0.480721 0.509307 0.525928 0.628973 0.470084 0.620995 0.517950 0.812460 0.419558 0.759275 0.712074 0.801823 0.462106 0.953400 0.531255 0.180189 0.020461 0.094226 0.634487 0.402592 0.005080 0.097678
0.431323 0.292595 0.447805 0.278859 0.434070 0.278859 0.497253 0.289848 0.458794 0.289848 0.524724 0.375008 0.478023 0.375008 0.607136 0.479397 0.502747 0.493132 0.491759 0.528844 0.461541 0.550821 0.524724 0.624992 0.472529 0.624992 0.491759 0.803553 0.458794 0.792565 0.675814 0.803553 0.524724 0.965631 0.558111 0.141891 0.058111 0.019038 0.583842 0.263106 0.003497 0.032078
0.424335 0.291747 0.438218 0.277863 0.421558 0.277863 0.485422 0.288970 0.452102 0.288970 0.524296 0.372271 0.468762 0.377825 0.607597 0.483340 0.471539 0.502777 0.490976 0.541651 0.424335 0.544427 0.521519 0.624952 0.485422 0.624952 0.440995 0.799884 0.465985 0.808214 0.604821 0.916506 0.621481 0.860972 0.440398 0.429516 0.133821 0.055061 0.557249 0.276941 0.008839 0.103685
0.422991 0.298020 0.439203 0.284510 0.422991 0.284510 0.485139 0.292616 0.450012 0.292616 0.525670 0.373678 0.468926 0.376380 0.620242 0.479059 0.463522 0.503378 0.504053 0.530398 0.387864 0.543909 0.509457 0.627673 0.495947 0.622269 0.409481 0.778989 0.531074 0.781691 0.566201 0.865455 0.606732 0.927603 0.525371 0.083231 0.165562 0.034194 0.600373 0.329915 0.006882 0.254885
0.431174 0.296196 0.447211 0.282832 0.428501 0.282832 0.492650 0.293523 0.447211 0.293523 0.532742 0.371035 0.460576 0.379054 0.631637 0.467258 0.463248 0.493986 0.530069 0.523387 0.401773 0.520715 0.535415 0.624955 0.471267 0.624955 0.556798 0.779980 0.399100 0.771962 0.658366 0.929659 0.497995 0.897585 0.146147 0.357544 0.040279 0.159091 0.593658 0.376854 0.008509 0.188890
0.437179 0.292206 0.453747 0.278399 0.434417 0.278399 0.500690 0.292206 0.456508 0.289445 0.544872 0.372286 0.462031 0.377809 0.655327 0.466173 0.462031 0.502071 0.539350 0.515878 0.404042 0.518639 0.528304 0.626333 0.464792 0.623572 0.555918 0.789254 0.417849 0.794777 0.691225 0.924562 0.462031 0.971505 0.196557 0.163164 0.074173 0.088761 0.646872 0.411414 0.008791 0.138628
0.435099 0.290797 0.454431 0.279750 0.435099 0.276988 0.501381 0.290797 0.457193 0.290797 0.542807 0.373650 0.462716 0.376411 0.653278 0.464788 0.454431 0.492405 0.545569 0.511737 0.401958 0.520023 0.506904 0.627731 0.487572 0.622208 0.413005 0.787913 0.564901 0.790675 0.396434 0.992283 0.697466 0.906669 0.143020 0.134212 0.124090 0.104898 0.649584 0.323088 0.007033 0.305750
0.437866 0.280747 0.457863 0.266463 0.437866 0.266463 0.506428 0.280747 0.457863 0.277890 0.552135 0.372162 0.452150 0.377875 0.660691 0.463577 0.452150 0.503571 0.549278 0.506428 0.397872 0.529281 0.520711 0.626410 0.475004 0.623553 0.423583 0.800670 0.543565 0.800670 0.386445 1.000000 0.712112 0.849234 0.104214 0.293140 0.122714 0.088037 0.660342 0.359188 0.005456 0.279420
0.440398 0.281699 0.457632 0.270210 0.440398 0.267337 0.506463 0.281699 0.463377 0.278827 0.552421 0.373615 0.454760 0.376488 0.655826 0.474149 0.449015 0.508617 0.540931 0.514362 0.403057 0.560320 0.523697 0.626385 0.469122 0.623512 0.431781 0.795855 0.517952 0.807344 0.420292 0.994049 0.698912 0.815962 0.139758 0.402211 0.122173 0.064157 0.647316 0.217467 0.009144 0.240833
0.429616 0.281667 0.446853 0.267303 0.432489 0.267303 0.498564 0.281667 0.458344 0.278794 0.547401 0.379342 0.458344 0.370724 0.639331 0.491382 0.461217 0.491382 0.512928 0.522982 0.429616 0.554583 0.518673 0.629276 0.475581 0.620658 0.420998 0.793026 0.484200 0.795899 0.475581 0.988377 0.653695 0.795899 0.257926 0.484358 0.134771 0.006276 0.640739 0.155161 0.007316 0.186840
0.439582 0.289554 0.455874 0.278693 0.439582 0.275977 0.502037 0.289554 0.464021 0.284124 0.537337 0.379164 0.472167 0.371017 0.616085 0.493211 0.483029 0.490496 0.493890 0.523081 0.439582 0.552951 0.521045 0.628983 0.469451 0.620836 0.472167 0.783762 0.447728 0.762039 0.548199 0.943972 0.610654 0.783762 0.238408 0.506397 0.076634 0.045130 0.616044 0.222327 0.012104 0.048775
0.432911 0.291670 0.449860 0.274721 0.432911 0.274721 0.495057 0.288845 0.455509 0.286020 0.531779 0.379239 0.469633 0.370765 0.608049 0.500706 0.492232 0.486582 0.472458 0.523305 0.449860 0.523305 0.528954 0.630648 0.469633 0.619348 0.509181 0.814260 0.390538 0.763414 0.605224 0.978100 0.545903 0.814260 0.202921 0.559143 0.030572 0.159820 0.625904 0.334036 0.001798 0.125672
0.428473 0.290281 0.445140 0.276392 0.428473 0.276392 0.492361 0.287503 0.453473 0.287503 0.528472 0.376391 0.470139 0.373613 0.600693 0.495833 0.497917 0.490278 0.461806 0.501389 0.450695 0.520833 0.534027 0.629165 0.467362 0.620831 0.547916 0.804162 0.384030 0.745830 0.653470 0.959715 0.514583 0.870828 0.164566 0.444086 0.018215 0.183591 0.660382 0.391596 0.001768 0.212377
0.431151 0.297463 0.447193 0.284094 0.431151 0.284094 0.492647 0.294789 0.455215 0.292115 0.524732 0.377676 0.476605 0.372328 0.586229 0.489973 0.511363 0.479278 0.471257 0.495321 0.476605 0.519385 0.532754 0.629009 0.465910 0.620988 0.591576 0.797456 0.385697 0.735959 0.685158 0.931144 0.455215 0.912427 0.087458 0.313355 0.096786 0.180220 0.644683 0.327325 0.001701 0.300845
0.439895 0.301652 0.453251 0.288295 0.437223 0.288295 0.498664 0.296309 0.463937 0.298981 0.528049 0.376450 0.482636 0.373779 0.594833 0.483304 0.512021 0.480633 0.479965 0.493989 0.461265 0.512689 0.528049 0.627557 0.461265 0.622214 0.592162 0.790510 0.399824 0.761125 0.715044 0.905378 0.407838 0.950791 0.141410 0.145998 0.119316 0.105242 0.648282 0.406114 0.013609 0.251872
0.438557 0.299468 0.454762 0.285964 0.438557 0.288665 0.497974 0.294066 0.465565 0.296767 0.527683 0.375089 0.481770 0.375089 0.595202 0.483120 0.511478 0.480419 0.479069 0.493923 0.462864 0.512829 0.527683 0.626261 0.462864 0.623560 0.578997 0.799110 0.411550 0.782906 0.735642 0.877433 0.379141 0.963857 0.260556 0.042756 0.091860 0.074996 0.648282 0.400339 0.012038 0.191029
0.438534 0.304245 0.451896 0.290883 0.438534 0.290883 0.497328 0.298900 0.467931 0.298900 0.524052 0.376401 0.483965 0.373728 0.593535 0.477953 0.518707 0.480625 0.478621 0.493987 0.470603 0.518039 0.524052 0.624936 0.467931 0.624936 0.558793 0.798643 0.419827 0.785281 0.735173 0.841402 0.393103 0.967006 0.361462 0.046296 0.062833 0.072483 0.646872 0.389607 0.010210 0.155607
