0.458380 0.280011 0.470272 0.268120 0.470272 0.268120 0.458380 0.280011 0.529728 0.280011 0.410815 0.375142 0.577293 0.375142 0.351359 0.494054 0.612967 0.494054 0.327576 0.553511 0.624858 0.589185 0.458380 0.624858 0.553511 0.624858 0.482163 0.815119 0.505946 0.803228 0.529728 1.000000 0.517837 0.969706 0.038396 0.105650 0.020329 0.052728 0.026465 0.053190 0.015146 0.122536
0.470272 0.280011 0.470272 0.256229 0.470272 0.256229 0.458380 0.268120 0.529728 0.268120 0.410815 0.375142 0.577293 0.375142 0.363250 0.494054 0.624858 0.494054 0.327576 0.541619 0.636750 0.589185 0.458380 0.624858 0.553511 0.624858 0.482163 0.815119 0.505946 0.803228 0.541619 0.981597 0.505946 0.981597 0.069605 0.082952 0.020329 0.052728 0.083714 0.081536 0.015146 0.122536
0.479173 0.291726 0.479173 0.279824 0.479173 0.279824 0.455370 0.279824 0.538680 0.279824 0.419666 0.375035 0.574384 0.375035 0.360159 0.505951 0.621989 0.494049 0.360159 0.565458 0.633891 0.577359 0.455370 0.624965 0.550581 0.624965 0.479173 0.803485 0.526778 0.803485 0.514877 0.970105 0.538680 0.958203 0.025001 0.066630 0.002974 0.011968 0.135800 0.075952 0.007577 0.084385
0.478132 0.287566 0.478132 0.262574 0.478132 0.262574 0.453140 0.275070 0.540612 0.275070 0.415651 0.375039 0.578101 0.375039 0.353171 0.500000 0.640581 0.500000 0.365667 0.574977 0.628085 0.574977 0.453140 0.624961 0.553108 0.624961 0.465636 0.824898 0.528116 0.837395 0.503124 0.999844 0.528116 1.000000 0.047325 0.037277 0.027525 0.005551 0.200152 0.200152 0.007956 0.057145
0.469548 0.289884 0.469548 0.277703 0.469548 0.277703 0.457368 0.277703 0.530452 0.277703 0.420826 0.375148 0.566994 0.375148 0.372103 0.496955 0.640077 0.496955 0.372103 0.582219 0.640077 0.557858 0.457368 0.618761 0.554813 0.630942 0.445187 0.777110 0.542632 0.801471 0.481729 0.911097 0.542632 0.984180 0.109188 0.022698 0.071830 0.007552 0.121119 0.172021 0.015515 0.001734
0.455370 0.279824 0.467271 0.267923 0.467271 0.267923 0.455370 0.267923 0.526778 0.267923 0.419666 0.375035 0.574384 0.375035 0.372060 0.494049 0.633891 0.482148 0.372060 0.577359 0.610088 0.517852 0.455370 0.624965 0.550581 0.624965 0.455370 0.767781 0.538680 0.815387 0.467271 0.898697 0.538680 0.993908 0.028858 0.019869 0.045167 0.010355 0.121119 0.348581 0.007577 0.019869
0.460227 0.284091 0.460227 0.272727 0.460227 0.272727 0.460227 0.272727 0.528409 0.272727 0.426136 0.375000 0.573864 0.375000 0.380682 0.488636 0.619318 0.488636 0.380682 0.568182 0.619318 0.545455 0.448864 0.625000 0.551136 0.625000 0.460227 0.795455 0.551136 0.818182 0.471591 0.965909 0.551136 1.000000 0.000003 0.000003 0.007669 0.028858 0.121119 0.121119 0.000010 0.021189
0.456407 0.287848 0.456407 0.264599 0.456407 0.276223 0.444782 0.276223 0.526156 0.276223 0.421533 0.380846 0.572655 0.369221 0.386659 0.497094 0.619154 0.485469 0.375034 0.555218 0.619154 0.520343 0.456407 0.624966 0.549405 0.624966 0.456407 0.810962 0.549405 0.810962 0.456407 0.985334 0.572655 0.985334 0.000003 0.042192 0.045167 0.028858 0.029941 0.121119 0.007402 0.000003
0.434395 0.275070 0.446892 0.262574 0.446892 0.262574 0.446892 0.262574 0.521868 0.262574 0.421899 0.375039 0.571853 0.375039 0.384411 0.500000 0.634333 0.487504 0.396907 0.524992 0.621837 0.524992 0.446892 0.624961 0.559356 0.624961 0.459388 0.824898 0.559356 0.824898 0.459388 1.000000 0.584349 1.000000 0.019869 0.037277 0.011857 0.015902 0.240357 0.263831 0.007956 0.019869
0.455599 0.291872 0.455599 0.269672 0.455599 0.269672 0.444499 0.280772 0.522200 0.269672 0.422299 0.380673 0.566601 0.369573 0.400099 0.502775 0.633202 0.480575 0.433399 0.513875 0.666502 0.524975 0.455599 0.624877 0.555501 0.624877 0.455599 0.813579 0.555501 0.813579 0.477800 0.991182 0.599901 0.991182 0.039583 0.077979 0.043140 0.013831 0.454833 0.032812 0.014138 0.000003
0.454879 0.295629 0.454879 0.274395 0.444262 0.274395 0.444262 0.285012 0.507963 0.274395 0.423029 0.380562 0.561046 0.369946 0.401796 0.507963 0.635363 0.465496 0.412412 0.539813 0.645980 0.518579 0.465496 0.624746 0.550429 0.624746 0.465496 0.815847 0.550429 0.805230 0.497346 0.985714 0.603513 0.964480 0.058998 0.102416 0.054810 0.013255 0.154985 0.147584 0.020290 0.000003
0.454879 0.295629 0.454879 0.285012 0.454879 0.285012 0.444262 0.295629 0.518579 0.285012 0.423029 0.380562 0.561046 0.369946 0.401796 0.507963 0.635363 0.476112 0.412412 0.592896 0.603513 0.518579 0.465496 0.624746 0.550429 0.624746 0.465496 0.805230 0.550429 0.794613 0.486729 0.975097 0.561046 0.964480 0.039583 0.019869 0.054810 0.013255 0.092152 0.399233 0.020290 0.000003
0.451271 0.294255 0.451271 0.283426 0.451271 0.283426 0.440442 0.294255 0.516243 0.283426 0.418785 0.380884 0.559558 0.370056 0.397127 0.510829 0.646187 0.456685 0.397127 0.554143 0.613701 0.521657 0.462100 0.629944 0.559558 0.619116 0.472928 0.814032 0.548729 0.803204 0.494586 0.998120 0.559558 0.976463 0.018575 0.038571 0.036108 0.018703 0.052569 0.397584 0.027610 0.037405
0.449571 0.290320 0.449571 0.279704 0.460187 0.279704 0.438954 0.279704 0.513271 0.279704 0.417721 0.385871 0.566354 0.364637 0.385871 0.513271 0.640671 0.460187 0.396487 0.566354 0.630054 0.513271 0.460187 0.630054 0.555738 0.619438 0.481421 0.821155 0.545121 0.799922 0.502654 0.991022 0.566354 0.969789 0.004361 0.058286 0.019587 0.005448 0.140812 0.273250 0.020290 0.053926
0.459478 0.283882 0.459478 0.273076 0.459478 0.273076 0.448672 0.283882 0.513507 0.273076 0.416254 0.381135 0.556731 0.370329 0.383836 0.510806 0.653984 0.456776 0.394642 0.554030 0.643178 0.521612 0.470284 0.629671 0.556731 0.618865 0.481090 0.791760 0.545925 0.780954 0.513507 0.964654 0.556731 0.932237 0.037809 0.043887 0.046948 0.021189 0.155958 0.321271 0.034464 0.042379
0.465620 0.291073 0.455041 0.280494 0.465620 0.280494 0.444462 0.280494 0.518513 0.280494 0.412727 0.386280 0.560827 0.365123 0.370412 0.502645 0.634877 0.460330 0.370412 0.534380 0.634877 0.534380 0.465620 0.629588 0.560827 0.619009 0.486777 0.798846 0.560827 0.788267 0.518513 0.978682 0.571406 0.946946 0.016016 0.021189 0.028554 0.000002 0.111017 0.210417 0.033736 0.039583
0.494700 0.285350 0.484100 0.274750 0.494700 0.274750 0.452300 0.285350 0.526500 0.274750 0.420500 0.380750 0.558300 0.370150 0.367500 0.507950 0.621900 0.465550 0.378100 0.507950 0.621900 0.550350 0.462900 0.624550 0.558300 0.624550 0.494700 0.804749 0.558300 0.783549 0.515900 0.974349 0.558300 0.931949 0.016016 0.000003 0.000793 0.000002 0.625666 0.187167 0.027025 0.055600
0.484100 0.295950 0.484100 0.274750 0.494700 0.274750 0.462900 0.285350 0.526500 0.285350 0.420500 0.380750 0.558300 0.370150 0.367500 0.497350 0.621900 0.465550 0.399300 0.507950 0.611300 0.550350 0.462900 0.624550 0.558300 0.624550 0.484100 0.794149 0.547700 0.794149 0.515900 0.963749 0.547700 0.953149 0.019415 0.019869 0.015227 0.019869 0.533383 0.226751 0.027025 0.059452
0.486442 0.293916 0.486442 0.272223 0.497288 0.283070 0.464749 0.283070 0.540674 0.283070 0.421363 0.380688 0.562367 0.369842 0.356284 0.500000 0.616600 0.467460 0.388823 0.510846 0.627447 0.554233 0.464749 0.630158 0.551521 0.619312 0.486442 0.803703 0.540674 0.803703 0.518981 0.988094 0.540674 0.977247 0.016016 0.018703 0.015227 0.004871 0.556531 0.121831 0.020730 0.058286
0.508150 0.298961 0.508150 0.277227 0.508150 0.288094 0.464682 0.288094 0.540751 0.288094 0.421214 0.375030 0.573352 0.375030 0.356012 0.494567 0.616820 0.483700 0.399480 0.516300 0.627687 0.570635 0.453815 0.624970 0.551618 0.624970 0.486416 0.798842 0.540751 0.787975 0.508150 0.983581 0.540751 0.961847 0.021721 0.021189 0.017712 0.006420 0.511363 0.081536 0.006919 0.080187
0.502840 0.295507 0.502840 0.272786 0.502840 0.272786 0.468758 0.272786 0.536922 0.284147 0.423315 0.375032 0.571004 0.375032 0.355151 0.488639 0.616447 0.500000 0.400594 0.500000 0.616447 0.590886 0.457397 0.624968 0.548283 0.624968 0.480119 0.818100 0.525562 0.806739 0.514201 0.999871 0.525562 0.977149 0.021721 0.039583 0.005864 0.010725 0.594042 0.111017 0.007234 0.076860
0.497283 0.298961 0.497283 0.288094 0.508150 0.288094 0.464682 0.288094 0.540751 0.288094 0.421214 0.375030 0.573352 0.375030 0.356012 0.494567 0.605953 0.494567 0.410347 0.505433 0.595086 0.581502 0.453815 0.624970 0.551618 0.624970 0.475549 0.798842 0.519017 0.798842 0.508150 0.972714 0.508150 0.961847 0.019415 0.037809 0.001701 0.031388 0.596114 0.124334 0.006919 0.098582
0.485469 0.282036 0.485469 0.258786 0.497094 0.270411 0.462220 0.270411 0.543593 0.270411 0.415720 0.375034 0.578467 0.375034 0.357597 0.491281 0.624966 0.502906 0.415720 0.514531 0.613341 0.572655 0.450595 0.619154 0.555218 0.630779 0.462220 0.805150 0.520343 0.793525 0.508719 0.979522 0.508719 0.956272 0.063084 0.044495 0.025299 0.038335 0.526465 0.163586 0.007402 0.087062
0.472826 0.288043 0.472826 0.277174 0.472826 0.277174 0.472826 0.277174 0.538043 0.277174 0.429348 0.375000 0.570652 0.375000 0.375000 0.494565 0.603261 0.505435 0.418478 0.516304 0.603261 0.570652 0.451087 0.625000 0.548913 0.625000 0.461957 0.798913 0.516304 0.809783 0.494565 0.961957 0.494565 0.983696 0.042964 0.016016 0.007741 0.027990 0.488216 0.077979 0.000009 0.075468
0.490856 0.283601 0.490856 0.259218 0.503048 0.259218 0.466473 0.271409 0.551814 0.271409 0.417707 0.368941 0.588388 0.381133 0.356750 0.503048 0.624963 0.503048 0.368941 0.588388 0.624963 0.576197 0.442090 0.624963 0.551814 0.624963 0.454282 0.795644 0.527431 0.795644 0.478665 0.941942 0.503048 0.929750 0.029871 0.012082 0.007525 0.002225 0.180967 0.092774 0.007762 0.067865
0.491479 0.289827 0.491479 0.267106 0.502840 0.267106 0.468758 0.267106 0.548283 0.278466 0.423315 0.369352 0.582365 0.380713 0.377872 0.494320 0.627808 0.505680 0.400594 0.551123 0.605087 0.551123 0.446037 0.619287 0.548283 0.630648 0.434676 0.789698 0.525562 0.823780 0.457397 0.937387 0.525562 1.000000 0.069779 0.037277 0.050047 0.005864 0.232136 0.258601 0.007234 0.016088
0.480119 0.284147 0.480119 0.261425 0.491479 0.261425 0.468758 0.272786 0.548283 0.272786 0.423315 0.375032 0.582365 0.375032 0.366512 0.488639 0.627808 0.500000 0.389233 0.534082 0.616447 0.556804 0.446037 0.624968 0.548283 0.624968 0.434676 0.738575 0.548283 0.818100 0.446037 0.852182 0.536922 1.000000 0.063451 0.016738 0.060583 0.043140 0.295167 0.173850 0.007234 0.031726
0.474438 0.284147 0.474438 0.261425 0.485799 0.261425 0.463078 0.272786 0.553963 0.272786 0.417635 0.375032 0.588045 0.375032 0.372192 0.488639 0.633488 0.500000 0.394913 0.534082 0.610767 0.556804 0.440356 0.624968 0.553963 0.624968 0.417635 0.761296 0.542603 0.818100 0.428996 0.886264 0.542603 1.000000 0.081426 0.018703 0.081426 0.024437 0.268703 0.232136 0.007234 0.033866
0.463898 0.297272 0.463898 0.275056 0.475006 0.275056 0.452789 0.286164 0.530548 0.275056 0.430573 0.375031 0.574982 0.375031 0.386139 0.497223 0.619415 0.497223 0.397248 0.552765 0.586090 0.563873 0.441681 0.619415 0.552765 0.630523 0.430573 0.797149 0.552765 0.841582 0.452789 0.974883 0.563873 1.000000 0.059452 0.015146 0.034327 0.027610 0.173850 0.258601 0.007072 0.019869
0.455556 0.286111 0.455556 0.275000 0.466667 0.275000 0.455556 0.275000 0.533333 0.275000 0.422222 0.375000 0.577778 0.375000 0.388889 0.497222 0.622222 0.486111 0.444444 0.530556 0.611111 0.552778 0.444444 0.619444 0.555556 0.630556 0.433333 0.808333 0.555556 0.830556 0.455556 0.986111 0.577778 1.000000 0.058286 0.033383 0.047560 0.027610 0.412730 0.173687 0.000009 0.018703
0.459249 0.288094 0.459249 0.266360 0.470116 0.277227 0.448382 0.277227 0.535318 0.277227 0.426648 0.375030 0.578786 0.375030 0.383180 0.494567 0.622254 0.494567 0.383180 0.559768 0.611387 0.581502 0.448382 0.624970 0.546185 0.624970 0.437515 0.798842 0.535318 0.798842 0.448382 0.961847 0.557052 0.972714 0.041058 0.059452 0.047478 0.021417 0.111017 0.150601 0.006919 0.000003
0.451717 0.272786 0.451717 0.250065 0.463078 0.261425 0.451717 0.261425 0.531242 0.261425 0.417635 0.375032 0.576685 0.375032 0.383553 0.500000 0.633488 0.488639 0.406274 0.522721 0.588045 0.522721 0.451717 0.624968 0.553963 0.624968 0.440356 0.829460 0.553963 0.806739 0.451717 1.000000 0.565324 0.943067 0.036368 0.026465 0.060806 0.028858 0.334751 0.442751 0.007234 0.017666
0.438949 0.280772 0.438949 0.269672 0.450049 0.269672 0.438949 0.280772 0.516650 0.269672 0.416749 0.380673 0.572151 0.369573 0.372348 0.513875 0.638752 0.491675 0.383448 0.524975 0.583251 0.513875 0.450049 0.624877 0.561051 0.624877 0.450049 0.824679 0.538851 0.780279 0.472250 1.000000 0.549951 0.902381 0.035224 0.074025 0.043140 0.031336 0.352416 0.537828 0.014138 0.045167
0.451133 0.282814 0.451133 0.261095 0.451133 0.261095 0.440274 0.271955 0.516289 0.271955 0.418555 0.380548 0.570585 0.369688 0.364259 0.521719 0.646601 0.478281 0.396837 0.521719 0.581445 0.500000 0.451133 0.630312 0.559726 0.619452 0.461992 0.804061 0.548867 0.760623 0.483711 0.999528 0.548867 0.890935 0.015355 0.024437 0.021417 0.010606 0.616875 0.591984 0.013831 0.044306
0.434810 0.273254 0.446148 0.261916 0.446148 0.261916 0.434810 0.273254 0.514172 0.261916 0.412136 0.386627 0.570858 0.363952 0.355449 0.522675 0.650219 0.477325 0.366787 0.556687 0.627545 0.545349 0.457485 0.624710 0.559521 0.624710 0.457485 0.806108 0.548184 0.760758 0.468822 0.987505 0.548184 0.885469 0.019869 0.026465 0.059913 0.012634 0.228082 0.296816 0.021669 0.026465
0.450196 0.286951 0.450196 0.264816 0.450196 0.264816 0.439129 0.275884 0.516601 0.275884 0.416994 0.386558 0.560871 0.364423 0.361657 0.519368 0.649411 0.464031 0.361657 0.552571 0.627276 0.541503 0.461264 0.630043 0.560871 0.618975 0.472331 0.818190 0.538736 0.784987 0.483399 1.000000 0.571939 0.873527 0.001033 0.156393 0.038547 0.042192 0.125666 0.319883 0.028220 0.060895
0.463969 0.286585 0.463969 0.264412 0.463969 0.264412 0.452882 0.275498 0.530488 0.275498 0.419623 0.386363 0.563747 0.364190 0.364190 0.519401 0.641353 0.463969 0.375277 0.563747 0.630266 0.552661 0.463969 0.630266 0.552661 0.619180 0.475055 0.818737 0.541574 0.774391 0.486142 1.000000 0.563747 0.896342 0.000003 0.079947 0.038547 0.008866 0.203645 0.250000 0.021189 0.041400
0.489371 0.300712 0.478743 0.279455 0.489371 0.279455 0.457485 0.279455 0.531886 0.279455 0.425599 0.385742 0.563772 0.364484 0.361827 0.502657 0.627544 0.470771 0.383085 0.577058 0.606287 0.598315 0.457485 0.630201 0.553143 0.619573 0.478743 0.810889 0.542515 0.779003 0.510629 1.000000 0.553143 0.938433 0.015291 0.042379 0.004007 0.007934 0.247533 0.224589 0.013537 0.058466
0.489371 0.295398 0.489371 0.284769 0.500000 0.284769 0.457485 0.284769 0.531886 0.284769 0.425599 0.380427 0.563772 0.369799 0.351198 0.497343 0.616915 0.486714 0.372456 0.561115 0.595658 0.582372 0.457485 0.624887 0.553143 0.624887 0.468114 0.826832 0.542515 0.805575 0.500000 1.000000 0.542515 0.996891 0.033110 0.018703 0.024548 0.005448 0.282812 0.205404 0.013537 0.035440
0.497283 0.293527 0.497283 0.271793 0.508150 0.282660 0.464682 0.282660 0.540751 0.282660 0.421214 0.380463 0.573352 0.369596 0.345145 0.489133 0.605953 0.489133 0.366879 0.500000 0.605953 0.597803 0.453815 0.630404 0.551618 0.619537 0.464682 0.815143 0.529884 0.793409 0.497283 1.000000 0.529884 0.989015 0.033866 0.039583 0.022583 0.011973 0.546817 0.084751 0.006919 0.058286
0.547872 0.305851 0.547872 0.284574 0.547872 0.284574 0.473404 0.284574 0.547872 0.284574 0.430851 0.380319 0.569149 0.369681 0.356383 0.486702 0.611702 0.486702 0.377660 0.518617 0.622340 0.561170 0.452128 0.625000 0.547872 0.625000 0.473404 0.816489 0.537234 0.805851 0.505319 1.000000 0.537234 1.000000 0.014625 0.018703 0.007614 0.007763 0.381567 0.065850 0.000009 0.053926
0.540751 0.298961 0.529884 0.277227 0.540751 0.277227 0.475549 0.277227 0.551618 0.288094 0.421214 0.375030 0.573352 0.375030 0.366879 0.494567 0.605953 0.494567 0.399480 0.538034 0.616820 0.570635 0.453815 0.624970 0.551618 0.624970 0.475549 0.809709 0.540751 0.809709 0.497283 0.994448 0.540751 0.983581 0.000003 0.018703 0.004007 0.008907 0.340633 0.039584 0.006919 0.055980
0.530548 0.291718 0.519440 0.269501 0.530548 0.269501 0.475006 0.269501 0.552765 0.280610 0.419464 0.369477 0.574982 0.380585 0.363922 0.491669 0.619415 0.502777 0.419464 0.524994 0.630523 0.580536 0.452789 0.624969 0.552765 0.624969 0.475006 0.836028 0.530548 0.836028 0.519440 1.000000 0.530548 1.000000 0.032665 0.033383 0.007902 0.004524 0.463779 0.065850 0.007072 0.066767
0.538043 0.288043 0.538043 0.277174 0.548913 0.277174 0.472826 0.277174 0.548913 0.288043 0.429348 0.364130 0.570652 0.385870 0.364130 0.483696 0.614130 0.505435 0.418478 0.527174 0.625000 0.570652 0.451087 0.625000 0.548913 0.625000 0.472826 0.820652 0.527174 0.820652 0.494565 1.000000 0.516304 1.000000 0.002056 0.018486 0.008759 0.006365 0.444170 0.058449 0.000009 0.070447
0.566667 0.302778 0.555556 0.280556 0.566667 0.280556 0.477778 0.280556 0.555556 0.291667 0.422222 0.369444 0.577778 0.380556 0.355556 0.491667 0.622222 0.502778 0.400000 0.547222 0.633333 0.591667 0.444444 0.625000 0.555556 0.625000 0.455556 0.791667 0.533333 0.802778 0.477778 0.947222 0.522222 0.958333 0.023978 0.016886 0.006420 0.010725 0.373724 0.071434 0.000009 0.060773
0.508719 0.287848 0.508719 0.264599 0.508719 0.264599 0.473844 0.276223 0.555218 0.276223 0.415720 0.369221 0.578467 0.380846 0.357597 0.497094 0.624966 0.520343 0.392471 0.566842 0.624966 0.590092 0.450595 0.624966 0.555218 0.624966 0.438970 0.799338 0.543593 0.799338 0.462220 0.962084 0.531968 0.915585 0.066357 0.010536 0.064329 0.009034 0.283383 0.102416 0.007402 0.000003
0.491850 0.282660 0.480983 0.271793 0.491850 0.271793 0.470116 0.282660 0.546185 0.282660 0.426648 0.369596 0.578786 0.380463 0.372313 0.489133 0.633121 0.510867 0.394047 0.554335 0.611387 0.554335 0.448382 0.619537 0.546185 0.630404 0.437515 0.782542 0.535318 0.804276 0.459249 0.923813 0.524451 0.967281 0.069779 0.001321 0.048799 0.021417 0.238216 0.273250 0.006919 0.001321
0.486982 0.286505 0.486982 0.276090 0.486982 0.276090 0.466153 0.276090 0.539054 0.276090 0.424496 0.369820 0.580712 0.380234 0.382838 0.484378 0.632784 0.505207 0.414081 0.546865 0.611955 0.578108 0.445324 0.619766 0.549468 0.630180 0.445324 0.786396 0.528640 0.807225 0.466153 0.932198 0.528640 0.973855 0.045167 0.037277 0.026465 0.002306 0.258601 0.214251 0.006630 0.037277
0.487502 0.285043 0.487502 0.275045 0.497501 0.275045 0.467506 0.275045 0.537493 0.275045 0.427514 0.375025 0.577484 0.375025 0.387522 0.485003 0.627475 0.495001 0.417516 0.504999 0.587483 0.574985 0.447510 0.624975 0.547490 0.624975 0.457509 0.794941 0.547490 0.834933 0.467506 0.944911 0.547490 1.000000 0.002487 0.000002 0.006709 0.038015 0.423850 0.273250 0.006365 0.018703
0.484375 0.281250 0.473958 0.260417 0.484375 0.260417 0.463542 0.270833 0.536458 0.270833 0.421875 0.375000 0.578125 0.375000 0.380208 0.479167 0.630208 0.500000 0.401042 0.520833 0.619792 0.593750 0.453125 0.625000 0.546875 0.625000 0.453125 0.812500 0.546875 0.833333 0.473958 1.000000 0.557292 1.000000 0.035224 0.016738 0.039583 0.039583 0.268703 0.160889 0.000009 0.000002
