0.556386 0.278485 0.564441 0.262375 0.536248 0.262375 0.564441 0.270430 0.487917 0.266402 0.540275 0.375146 0.471807 0.375146 0.512083 0.516110 0.403339 0.500000 0.572496 0.556386 0.500000 0.568468 0.528193 0.624854 0.459725 0.624854 0.560413 0.810121 0.483890 0.826231 0.495972 1.000000 0.330843 0.850397 0.155274 0.488167 0.070200 0.053405 0.375666 0.463492 0.015390 0.016795
0.554521 0.273987 0.562451 0.262092 0.534695 0.262092 0.566416 0.266057 0.487113 0.266057 0.538660 0.377081 0.471253 0.373116 0.514869 0.511895 0.391950 0.488105 0.578311 0.543616 0.475218 0.567407 0.526765 0.626884 0.463323 0.622919 0.550555 0.809280 0.506939 0.813246 0.471253 0.995642 0.352299 0.829106 0.169348 0.539174 0.056432 0.081810 0.408016 0.449942 0.012625 0.030422
0.554601 0.268202 0.562843 0.255840 0.533997 0.255840 0.566964 0.264081 0.488668 0.264081 0.550480 0.379465 0.468063 0.371224 0.529876 0.515453 0.373284 0.482486 0.595810 0.531937 0.455701 0.573145 0.521634 0.626716 0.459822 0.622595 0.546360 0.824517 0.521634 0.816275 0.443338 1.000000 0.356801 0.841000 0.200998 0.550943 0.076552 0.108768 0.469886 0.459443 0.023633 0.058752
0.556723 0.276201 0.564974 0.259699 0.536097 0.259699 0.569099 0.263825 0.490718 0.263825 0.552598 0.375209 0.461841 0.375209 0.544347 0.490718 0.362833 0.474217 0.581475 0.519595 0.424713 0.560849 0.523721 0.626854 0.461841 0.622729 0.540222 0.820745 0.544347 0.795993 0.420587 1.000000 0.375209 0.849622 0.212517 0.543727 0.063393 0.141463 0.312281 0.447432 0.018394 0.114438
0.557528 0.275118 0.565896 0.258383 0.540792 0.258383 0.570079 0.266751 0.490586 0.262567 0.561712 0.379714 0.461299 0.371347 0.570079 0.513597 0.352520 0.467575 0.595182 0.496862 0.411093 0.567987 0.515689 0.626561 0.461299 0.622377 0.503138 0.844121 0.570079 0.777180 0.398542 1.000000 0.398542 0.869224 0.152560 0.538214 0.040329 0.194977 0.667298 0.437555 0.029340 0.213320
0.563839 0.267366 0.572495 0.250054 0.542199 0.250054 0.572495 0.258710 0.490262 0.258710 0.572495 0.379896 0.451309 0.371240 0.594136 0.514066 0.343107 0.462129 0.611448 0.475114 0.395044 0.566003 0.516230 0.626596 0.459965 0.622268 0.481606 0.851656 0.572495 0.786735 0.377732 1.000000 0.425341 0.912249 0.116660 0.466212 0.022787 0.180030 0.815973 0.425193 0.030355 0.239592
0.560206 0.278187 0.568657 0.257062 0.539081 0.257062 0.568657 0.265512 0.492606 0.261287 0.572882 0.379587 0.446131 0.371137 0.598232 0.502113 0.340506 0.455637 0.615132 0.464087 0.395431 0.569713 0.517956 0.624638 0.463031 0.624638 0.471481 0.840114 0.589782 0.776739 0.361631 1.000000 0.441906 0.928839 0.102265 0.466659 0.002567 0.199953 0.801934 0.428056 0.024231 0.288761
0.553869 0.271849 0.562319 0.254949 0.536969 0.254949 0.566544 0.259174 0.486269 0.259174 0.579219 0.381700 0.439793 0.369024 0.617244 0.516900 0.329943 0.449300 0.617244 0.457750 0.384868 0.546475 0.524294 0.626751 0.456694 0.622526 0.456694 0.825326 0.587669 0.770401 0.342618 1.000000 0.482044 0.947852 0.070749 0.401636 0.034258 0.209543 0.912730 0.462876 0.024231 0.335176
0.552018 0.273200 0.560341 0.256554 0.535372 0.256554 0.564503 0.260716 0.485435 0.260716 0.576987 0.381398 0.435497 0.368914 0.618602 0.510404 0.331461 0.447982 0.614440 0.447982 0.389721 0.547857 0.522888 0.626925 0.464628 0.622763 0.447982 0.801706 0.597794 0.772576 0.331461 1.000000 0.506242 0.968165 0.036368 0.370651 0.059848 0.194929 0.921863 0.461231 0.015902 0.360179
0.551693 0.269534 0.560309 0.252302 0.530154 0.252302 0.564617 0.256610 0.478461 0.256610 0.577540 0.381536 0.431075 0.368613 0.633541 0.510769 0.327689 0.450460 0.616310 0.437537 0.379382 0.553847 0.525847 0.627080 0.465538 0.622772 0.426768 0.816622 0.594771 0.786468 0.310457 1.000000 0.530154 1.000000 0.015632 0.300515 0.087270 0.169824 0.943399 0.434431 0.010972 0.366041
0.547627 0.275625 0.560327 0.258691 0.530693 0.258691 0.560327 0.267158 0.479891 0.258691 0.577261 0.377229 0.433323 0.372995 0.632297 0.508467 0.335952 0.457665 0.611129 0.436498 0.390988 0.555035 0.522226 0.627005 0.467190 0.622771 0.429089 0.813278 0.589962 0.783644 0.302084 0.999552 0.560327 1.000000 0.042899 0.247080 0.078551 0.164597 0.964659 0.435927 0.013480 0.355080
0.543763 0.272643 0.552303 0.255565 0.526685 0.255565 0.556572 0.264104 0.479719 0.255565 0.577920 0.375114 0.432754 0.375114 0.633425 0.498933 0.338822 0.464776 0.607808 0.426349 0.385788 0.558707 0.526685 0.627021 0.462641 0.622751 0.437023 0.827692 0.573651 0.793535 0.283317 0.985668 0.569381 1.000000 0.111887 0.188954 0.069883 0.145234 0.973858 0.404985 0.013595 0.317219
0.541312 0.271195 0.549786 0.254246 0.524364 0.254246 0.554024 0.262720 0.469281 0.258483 0.575209 0.372886 0.426909 0.377123 0.621818 0.500000 0.337930 0.474577 0.621818 0.461866 0.380301 0.559320 0.532838 0.627114 0.465044 0.622877 0.448095 0.826259 0.562498 0.805074 0.278610 0.953374 0.579446 1.000000 0.167104 0.133233 0.075494 0.107340 0.888132 0.383125 0.002697 0.284405
0.543789 0.268239 0.552333 0.251150 0.522429 0.255422 0.552333 0.255422 0.471163 0.259694 0.573694 0.370769 0.432714 0.379313 0.620687 0.498932 0.343000 0.486116 0.620687 0.456211 0.389993 0.575830 0.535245 0.627095 0.458347 0.622823 0.462619 0.844972 0.552333 0.810795 0.270375 0.947502 0.582238 1.000000 0.241625 0.109352 0.055023 0.114200 0.888132 0.375979 0.008160 0.250000
0.539958 0.268450 0.548154 0.252057 0.519467 0.252057 0.548154 0.260254 0.466190 0.264352 0.572743 0.370906 0.429306 0.379102 0.601431 0.469263 0.351439 0.489754 0.609627 0.493853 0.404716 0.571719 0.535859 0.624996 0.462091 0.624996 0.474386 0.825809 0.544056 0.805318 0.294064 0.887282 0.572743 1.000000 0.300860 0.096216 0.048673 0.093607 0.012082 0.378656 0.002609 0.230358
0.539583 0.266667 0.543750 0.250000 0.518750 0.250000 0.547917 0.258333 0.464583 0.258333 0.568750 0.366667 0.431250 0.383333 0.593750 0.466667 0.356250 0.500000 0.614583 0.508333 0.422917 0.583333 0.539583 0.625000 0.460417 0.625000 0.497917 0.841667 0.539583 0.808333 0.306250 0.870833 0.556250 1.000000 0.391455 0.107835 0.024688 0.091521 0.069604 0.396639 0.000006 0.190228
0.542367 0.262746 0.546604 0.245799 0.521183 0.245799 0.550840 0.254273 0.466107 0.254273 0.567787 0.368663 0.436450 0.381373 0.584734 0.487290 0.360190 0.508473 0.627100 0.559314 0.427976 0.584734 0.538130 0.627100 0.457633 0.622864 0.521183 0.847408 0.529657 0.817751 0.339006 0.851644 0.529657 1.000000 0.468162 0.112681 0.011931 0.084830 0.124086 0.403318 0.005394 0.137118
0.540288 0.261372 0.548552 0.244843 0.523760 0.248976 0.552684 0.257240 0.470042 0.253108 0.560948 0.368806 0.441118 0.381202 0.569212 0.484505 0.375004 0.505165 0.606401 0.563014 0.453514 0.575411 0.540288 0.624996 0.457646 0.624996 0.560948 0.827468 0.515495 0.806808 0.375004 0.835732 0.494835 1.000000 0.518231 0.126914 0.057983 0.076509 0.118114 0.423624 0.002632 0.065688
0.546212 0.257387 0.554614 0.240583 0.525207 0.240583 0.554614 0.253186 0.474793 0.253186 0.567217 0.370817 0.436984 0.379219 0.563016 0.484246 0.386571 0.517855 0.592424 0.568268 0.483196 0.576670 0.542011 0.627083 0.453788 0.622882 0.575620 0.832936 0.504201 0.811931 0.399174 0.816132 0.466391 1.000000 0.581739 0.134582 0.082723 0.061035 0.118951 0.436969 0.005350 0.031438
0.550168 0.253430 0.554438 0.236352 0.528820 0.236352 0.558707 0.253430 0.473315 0.249161 0.567246 0.368710 0.443428 0.381518 0.558707 0.505337 0.400732 0.526685 0.592864 0.586460 0.511741 0.569381 0.537359 0.624886 0.451967 0.624886 0.597134 0.825558 0.486124 0.838366 0.413540 0.817018 0.434888 1.000000 0.606946 0.124060 0.129121 0.039337 0.146722 0.474178 0.013595 0.041650
0.551756 0.261287 0.560206 0.248611 0.534856 0.248611 0.560206 0.261287 0.484156 0.257062 0.564431 0.371137 0.454581 0.379587 0.555981 0.506338 0.425006 0.531688 0.589782 0.578163 0.543306 0.548588 0.530631 0.624638 0.450356 0.624638 0.610907 0.806314 0.471481 0.831664 0.416556 0.852789 0.412331 1.000000 0.557723 0.113116 0.174630 0.037856 0.159875 0.515964 0.024231 0.100069
0.552337 0.264486 0.560710 0.247738 0.531402 0.247738 0.560710 0.260299 0.481159 0.256112 0.556523 0.369159 0.464411 0.381719 0.535589 0.503140 0.435103 0.532449 0.569084 0.565944 0.556523 0.536636 0.527215 0.624561 0.451850 0.624561 0.623514 0.792038 0.451850 0.829720 0.451850 0.875776 0.372299 1.000000 0.521642 0.111509 0.202473 0.016449 0.205295 0.550159 0.026686 0.166105
0.555804 0.273740 0.559862 0.257506 0.535512 0.257506 0.563921 0.265623 0.482751 0.265623 0.547687 0.371143 0.466518 0.379260 0.535512 0.501015 0.442167 0.525365 0.559862 0.557833 0.551746 0.529424 0.531453 0.622769 0.454342 0.626827 0.632915 0.776991 0.434050 0.821634 0.498985 0.890628 0.352880 1.000000 0.461259 0.085923 0.205734 0.017396 0.158636 0.540785 0.018096 0.218264
0.553384 0.274377 0.557413 0.258261 0.533239 0.258261 0.557413 0.266319 0.480862 0.266319 0.545326 0.367044 0.464746 0.383159 0.537268 0.491942 0.452659 0.524174 0.577558 0.512087 0.565471 0.508058 0.533239 0.620870 0.456688 0.628927 0.629935 0.769942 0.416399 0.814261 0.509065 0.919014 0.319703 1.000000 0.400027 0.071869 0.198310 0.057705 0.372924 0.572384 0.012828 0.251301
0.552538 0.281918 0.560468 0.262092 0.536677 0.262092 0.556503 0.270022 0.481166 0.270022 0.540643 0.369151 0.469270 0.381046 0.524782 0.492070 0.465305 0.511895 0.580294 0.503965 0.572364 0.492070 0.532712 0.622919 0.457375 0.626884 0.627876 0.765664 0.401863 0.817211 0.544608 0.940130 0.306700 1.000000 0.328911 0.057249 0.197111 0.074944 0.473653 0.567929 0.012625 0.277502
0.554548 0.277841 0.558515 0.261972 0.534712 0.261972 0.558515 0.269906 0.483140 0.269906 0.534712 0.369085 0.471238 0.380986 0.514877 0.500000 0.471238 0.515869 0.562482 0.507934 0.574384 0.484131 0.534712 0.622981 0.459337 0.626948 0.633891 0.769765 0.395863 0.813403 0.574384 0.964154 0.296685 0.999858 0.283703 0.051163 0.189144 0.089054 0.495296 0.595015 0.007577 0.293588
0.553143 0.280539 0.561016 0.264793 0.537397 0.264793 0.561016 0.272666 0.486222 0.272666 0.533460 0.367142 0.470476 0.382889 0.525587 0.473428 0.474413 0.512794 0.596445 0.457682 0.580699 0.477365 0.537397 0.623016 0.458667 0.626953 0.631873 0.776541 0.403555 0.811969 0.600381 0.981240 0.285460 0.969430 0.224187 0.112681 0.170701 0.076762 0.593140 0.592774 0.005012 0.267749
0.550388 0.285853 0.558140 0.270349 0.534884 0.270349 0.558140 0.278101 0.484496 0.274225 0.527132 0.371124 0.472868 0.378876 0.519380 0.487403 0.480620 0.510659 0.600775 0.475775 0.589147 0.483527 0.538760 0.623062 0.461240 0.626938 0.620155 0.789729 0.406977 0.809108 0.624031 0.995155 0.271318 0.956395 0.138604 0.144774 0.129928 0.077242 0.566357 0.559277 0.000006 0.236761
0.557685 0.284641 0.561531 0.273104 0.542303 0.269258 0.549994 0.276949 0.488463 0.276949 0.511537 0.369246 0.484617 0.380783 0.526920 0.480772 0.484617 0.511537 0.599988 0.484617 0.592297 0.492309 0.503846 0.623062 0.500000 0.626908 0.523074 0.803810 0.576914 0.803810 0.461543 0.973021 0.534611 0.980712 0.144753 0.205262 0.043379 0.110679 0.439633 0.556248 0.004896 0.096812
0.559608 0.282718 0.567300 0.267335 0.544226 0.267335 0.551917 0.271181 0.490386 0.271181 0.513460 0.367323 0.482694 0.382706 0.524997 0.482694 0.478849 0.513460 0.598065 0.494231 0.586528 0.501923 0.509614 0.621140 0.494231 0.628831 0.540380 0.801887 0.555763 0.805733 0.505769 0.967252 0.505769 0.967252 0.119341 0.202097 0.058489 0.091640 0.418427 0.543334 0.004896 0.052884
0.557692 0.284615 0.565385 0.269231 0.542308 0.269231 0.557692 0.276923 0.488462 0.276923 0.519231 0.369231 0.480769 0.380769 0.511538 0.492308 0.473077 0.511538 0.580769 0.519231 0.576923 0.519231 0.530769 0.623077 0.469231 0.626923 0.600000 0.807692 0.438462 0.826923 0.646154 1.000000 0.276923 0.900000 0.043325 0.316182 0.099742 0.033680 0.401810 0.495167 0.000006 0.162790
0.556812 0.289797 0.564387 0.270860 0.541662 0.270860 0.556812 0.278435 0.488638 0.278435 0.518937 0.373121 0.477275 0.376908 0.503787 0.501894 0.469700 0.509469 0.571961 0.535981 0.571961 0.535981 0.530300 0.623092 0.473488 0.626879 0.590899 0.808677 0.446976 0.823826 0.624986 1.000000 0.287903 0.869276 0.047895 0.368821 0.086005 0.037771 0.389693 0.437422 0.004823 0.143057
0.550746 0.286678 0.558264 0.271642 0.535710 0.271642 0.554505 0.275401 0.483085 0.275401 0.520674 0.373135 0.475567 0.376894 0.505638 0.500940 0.445495 0.504699 0.562023 0.546047 0.550746 0.542288 0.531951 0.624986 0.471808 0.624986 0.584577 0.805417 0.460531 0.824211 0.595854 1.000000 0.302654 0.850524 0.072669 0.429433 0.076091 0.013176 0.322500 0.464371 0.004785 0.108333
0.551756 0.271491 0.559569 0.255867 0.532226 0.255867 0.559569 0.263679 0.481446 0.263679 0.532226 0.373051 0.469727 0.376957 0.524413 0.478516 0.426760 0.494141 0.543944 0.482422 0.532226 0.544921 0.532226 0.623043 0.465821 0.626949 0.571287 0.822256 0.473634 0.826162 0.559569 1.000000 0.321295 0.841786 0.079630 0.479943 0.061632 0.017449 0.460703 0.469035 0.002487 0.049155
0.549025 0.276982 0.556716 0.261602 0.529800 0.261602 0.556716 0.269292 0.479813 0.269292 0.525955 0.373111 0.468278 0.376956 0.518264 0.492310 0.406756 0.492310 0.564406 0.561522 0.502884 0.557677 0.533645 0.623044 0.472123 0.626889 0.564406 0.819146 0.502884 0.822991 0.518264 1.000000 0.345234 0.826836 0.123086 0.541765 0.039736 0.044631 0.207675 0.465871 0.007344 0.000001
0.543813 0.278139 0.551270 0.259496 0.525169 0.259496 0.554999 0.270682 0.476695 0.270682 0.528898 0.375087 0.461780 0.375087 0.528898 0.505593 0.383477 0.486949 0.629574 0.554067 0.469238 0.561524 0.536355 0.624913 0.472967 0.624913 0.554999 0.803893 0.521440 0.807622 0.480424 0.990330 0.361104 0.803893 0.154157 0.589949 0.023539 0.068305 0.357167 0.466572 0.011871 0.049510
0.549799 0.269795 0.553558 0.254762 0.531007 0.258520 0.553558 0.266037 0.482147 0.269795 0.534766 0.375032 0.459597 0.375032 0.534766 0.487785 0.373153 0.480268 0.576108 0.547920 0.452080 0.555437 0.527249 0.626847 0.478389 0.623089 0.542282 0.811011 0.549799 0.788460 0.452080 0.983899 0.388186 0.811011 0.178998 0.585623 0.035426 0.105685 0.191714 0.476655 0.007179 0.103826
0.551993 0.267030 0.559992 0.251032 0.531996 0.251032 0.563992 0.259031 0.480003 0.263030 0.555993 0.383015 0.448007 0.367017 0.559992 0.522997 0.356018 0.479003 0.603987 0.495001 0.428009 0.562992 0.527996 0.630983 0.468004 0.618985 0.527996 0.850955 0.579990 0.786963 0.420010 1.000000 0.400013 0.838957 0.178472 0.597648 0.035787 0.161957 0.671303 0.444455 0.005093 0.187167
0.554413 0.272029 0.561918 0.257018 0.535650 0.257018 0.565671 0.264523 0.486866 0.268276 0.558166 0.380854 0.456845 0.369597 0.584434 0.515949 0.359277 0.467165 0.606950 0.463412 0.430577 0.560980 0.516887 0.628527 0.468103 0.621022 0.483113 0.831168 0.599444 0.744858 0.404308 1.000000 0.445587 0.819911 0.083752 0.614896 0.000000 0.245116 0.809988 0.456860 0.019124 0.311928
0.558514 0.264026 0.562351 0.248679 0.539329 0.248679 0.562351 0.260189 0.489448 0.260189 0.570025 0.379135 0.447242 0.371462 0.612231 0.513429 0.339807 0.455875 0.612231 0.448201 0.416546 0.540288 0.516307 0.628538 0.466427 0.620865 0.474100 0.839572 0.612231 0.743648 0.366665 1.000000 0.470263 0.854920 0.120893 0.565613 0.004694 0.252780 0.903071 0.522869 0.022002 0.340050
0.553342 0.264488 0.561394 0.248384 0.533213 0.244359 0.561394 0.260462 0.484903 0.256436 0.573472 0.381237 0.440619 0.369160 0.621782 0.518116 0.327895 0.449677 0.613730 0.445651 0.400360 0.558375 0.517110 0.626814 0.468800 0.622788 0.452696 0.840184 0.621782 0.759667 0.335947 1.000000 0.492955 0.912649 0.082651 0.490449 0.021513 0.232442 0.927223 0.489735 0.017950 0.360990
0.548362 0.268266 0.556422 0.252145 0.528211 0.248115 0.560452 0.260205 0.479849 0.256175 0.572543 0.381110 0.435517 0.369020 0.628965 0.514106 0.330733 0.449623 0.608814 0.445593 0.391186 0.546347 0.520151 0.626950 0.471789 0.622920 0.431487 0.824428 0.620905 0.763976 0.326703 1.000000 0.524181 0.953393 0.020955 0.409121 0.067492 0.213672 0.963338 0.469093 0.010264 0.393168
0.547479 0.270356 0.551355 0.254852 0.528100 0.254852 0.555231 0.266480 0.477714 0.262604 0.566858 0.378880 0.435079 0.371128 0.624996 0.502907 0.338183 0.452521 0.601741 0.440893 0.404073 0.553293 0.520348 0.626934 0.477714 0.623058 0.419576 0.809099 0.621120 0.750961 0.318804 0.987388 0.551355 0.964133 0.002917 0.368846 0.101841 0.214807 0.974673 0.461935 0.002467 0.429008
0.544568 0.270376 0.552319 0.254874 0.525191 0.250999 0.552319 0.266501 0.474809 0.262625 0.567821 0.378891 0.436054 0.371140 0.629829 0.495156 0.343042 0.452525 0.602701 0.437023 0.397299 0.549413 0.521315 0.626923 0.474809 0.623047 0.428303 0.809071 0.610452 0.754814 0.308163 0.964092 0.579448 0.987345 0.059584 0.296805 0.091283 0.206023 0.983024 0.433683 0.004935 0.404894
0.540038 0.263679 0.547850 0.248055 0.520507 0.248055 0.547850 0.259773 0.469727 0.259773 0.567381 0.376957 0.430666 0.373051 0.629879 0.494141 0.340825 0.462892 0.606442 0.439455 0.411136 0.560545 0.524413 0.626949 0.477540 0.623043 0.430666 0.818350 0.598630 0.771476 0.278327 0.955064 0.602536 1.000000 0.122215 0.212513 0.090794 0.158820 0.972923 0.448633 0.002487 0.362792
0.540698 0.266473 0.548450 0.250969 0.521318 0.250969 0.548450 0.258721 0.470930 0.262597 0.567829 0.375000 0.432171 0.375000 0.622093 0.495155 0.346899 0.468023 0.602713 0.468023 0.408915 0.572674 0.529070 0.626938 0.470930 0.623062 0.439922 0.824612 0.587209 0.793605 0.273256 0.929264 0.618217 1.000000 0.186670 0.145315 0.086268 0.141146 0.937594 0.406451 0.000006 0.325341
0.538128 0.270279 0.541941 0.251215 0.519064 0.255028 0.538128 0.262653 0.469498 0.262653 0.557192 0.373224 0.431370 0.377037 0.587694 0.476170 0.351301 0.472357 0.591507 0.514298 0.408493 0.556239 0.534315 0.624869 0.477123 0.624869 0.465685 0.815509 0.576256 0.792632 0.290296 0.895578 0.618197 1.000000 0.253686 0.109202 0.081136 0.111774 0.059965 0.412873 0.014569 0.279878
0.535826 0.260839 0.543572 0.245346 0.520334 0.245346 0.539699 0.256965 0.469984 0.256965 0.562937 0.373157 0.427380 0.377030 0.609414 0.485476 0.349919 0.477730 0.609414 0.450618 0.408015 0.555191 0.539699 0.624906 0.469984 0.624906 0.477730 0.834051 0.566810 0.810813 0.303442 0.876655 0.617160 1.000000 0.331997 0.081468 0.062392 0.098664 0.875114 0.413547 0.012331 0.244535
0.535118 0.261980 0.542922 0.246372 0.511706 0.246372 0.542922 0.258078 0.464882 0.261980 0.562431 0.371235 0.425863 0.379039 0.593647 0.468784 0.347823 0.488294 0.613157 0.492196 0.414157 0.570235 0.542922 0.624863 0.468784 0.624863 0.496098 0.835569 0.558529 0.808255 0.304902 0.866785 0.593647 1.000000 0.378881 0.098977 0.045167 0.089840 0.122561 0.414048 0.014910 0.214468
0.538989 0.255071 0.542988 0.239075 0.514996 0.239075 0.542988 0.255071 0.463011 0.255071 0.562982 0.371037 0.431020 0.379035 0.586975 0.487004 0.351043 0.495001 0.598971 0.506998 0.431020 0.570980 0.538989 0.626963 0.467009 0.622965 0.514996 0.846900 0.550985 0.810910 0.323051 0.866894 0.566981 1.000000 0.432374 0.113245 0.004833 0.087125 0.107080 0.450339 0.007638 0.168341
