0.456802 0.302067 0.455385 0.289319 0.463883 0.289319 0.451136 0.296401 0.523370 0.290736 0.424226 0.372883 0.578607 0.377133 0.377487 0.476276 0.633844 0.507436 0.414311 0.540012 0.551696 0.500354 0.449720 0.622159 0.547447 0.627825 0.483712 0.785038 0.544615 0.848774 0.490794 0.959248 0.533284 1.000000 0.052558 0.010714 0.033048 0.035281 0.301911 0.654999 0.003608 0.069571
0.453174 0.298259 0.451765 0.286993 0.458807 0.285585 0.446132 0.294035 0.519364 0.288401 0.420783 0.375717 0.575697 0.374308 0.385575 0.486973 0.637662 0.499648 0.417966 0.537672 0.561614 0.505281 0.453174 0.623579 0.550347 0.626396 0.482748 0.791168 0.544714 0.839051 0.498240 0.951716 0.533447 1.000000 0.024981 0.007673 0.014237 0.023471 0.278524 0.622614 0.004483 0.064030
0.449192 0.296063 0.447781 0.284773 0.454838 0.283361 0.442136 0.291829 0.514113 0.286184 0.416732 0.379332 0.573389 0.370864 0.385683 0.503528 0.639721 0.492238 0.439313 0.540223 0.567744 0.510585 0.454838 0.624902 0.555042 0.624902 0.481653 0.805552 0.545162 0.825311 0.509879 0.977734 0.536694 1.000000 0.004815 0.000881 0.002092 0.007270 0.386977 0.579760 0.012582 0.062585
0.447311 0.288521 0.444424 0.275529 0.453085 0.275529 0.440093 0.282747 0.515157 0.278416 0.412666 0.382351 0.575786 0.367916 0.385238 0.519488 0.645076 0.486286 0.445867 0.522375 0.570012 0.526706 0.454528 0.626310 0.557020 0.623423 0.481956 0.808197 0.551246 0.819745 0.515157 0.978535 0.542585 0.977091 0.013635 0.008145 0.006453 0.013978 0.547687 0.511347 0.014709 0.056999
0.446248 0.287144 0.443382 0.275676 0.451982 0.275676 0.437648 0.284277 0.513617 0.279977 0.410414 0.386047 0.572386 0.364546 0.386047 0.533684 0.646921 0.477783 0.450548 0.539418 0.589586 0.540851 0.457715 0.628287 0.559485 0.621120 0.480649 0.811759 0.555185 0.800292 0.507884 0.998098 0.548018 0.909229 0.006610 0.013274 0.021799 0.008354 0.523847 0.420154 0.021918 0.047221
0.450902 0.287713 0.448076 0.277823 0.457966 0.276410 0.439599 0.286300 0.515895 0.280649 0.409928 0.386615 0.572411 0.364009 0.384496 0.533556 0.648707 0.472802 0.445250 0.532143 0.589365 0.544859 0.457966 0.629633 0.559695 0.619743 0.479160 0.824612 0.551217 0.780812 0.507418 1.000000 0.549804 0.898082 0.009166 0.012903 0.027657 0.000917 0.561953 0.413969 0.022506 0.051201
0.468475 0.291661 0.465734 0.282067 0.473958 0.279325 0.450657 0.288920 0.520560 0.283437 0.412278 0.384865 0.571274 0.365676 0.386236 0.524672 0.646660 0.460251 0.453398 0.516448 0.591834 0.538378 0.460251 0.630212 0.556197 0.619247 0.479440 0.835809 0.549343 0.752200 0.509595 1.000000 0.547973 0.904342 0.016130 0.013526 0.031841 0.002512 0.597405 0.408988 0.020957 0.046016
0.476519 0.294624 0.473873 0.285364 0.483133 0.284041 0.457999 0.291978 0.525465 0.288010 0.415667 0.384579 0.566474 0.366059 0.386564 0.514221 0.635264 0.457337 0.452707 0.511575 0.584994 0.539355 0.463290 0.630634 0.554568 0.618728 0.477842 0.830387 0.540017 0.736463 0.505622 1.000000 0.545308 0.900499 0.018138 0.049408 0.037709 0.024155 0.583018 0.380593 0.022758 0.062290
0.479800 0.298333 0.477151 0.287736 0.486423 0.286412 0.461256 0.294359 0.528810 0.290385 0.418870 0.381781 0.568547 0.368536 0.381781 0.510265 0.628153 0.461256 0.445361 0.510265 0.584442 0.543380 0.459931 0.629478 0.552652 0.620206 0.477151 0.841410 0.539406 0.755313 0.498344 1.000000 0.540731 0.924859 0.003890 0.033594 0.026486 0.011030 0.589452 0.337554 0.016029 0.056913
0.486779 0.301026 0.482813 0.290450 0.492067 0.289127 0.466948 0.295738 0.534374 0.293094 0.420675 0.379029 0.571393 0.371097 0.379690 0.503305 0.621632 0.471575 0.443150 0.507271 0.580647 0.545612 0.457693 0.628903 0.550239 0.620971 0.478847 0.841759 0.542307 0.761112 0.498678 1.000000 0.539663 0.925050 0.003841 0.012865 0.015287 0.008885 0.581531 0.308515 0.010102 0.049528
0.491121 0.295094 0.488389 0.284166 0.499317 0.282800 0.471996 0.290996 0.538932 0.288264 0.421453 0.375690 0.575815 0.374324 0.373641 0.501366 0.623626 0.486340 0.441943 0.506830 0.575815 0.549177 0.452872 0.628408 0.549860 0.621577 0.478826 0.846974 0.543030 0.784136 0.500683 1.000000 0.544396 0.941230 0.007577 0.016135 0.001745 0.019925 0.590304 0.335448 0.003478 0.050990
0.495179 0.290302 0.492425 0.279283 0.502066 0.279283 0.475897 0.284793 0.543386 0.284793 0.423558 0.372942 0.579196 0.377074 0.371220 0.494146 0.623271 0.496901 0.442841 0.505165 0.569555 0.554749 0.449728 0.627747 0.547518 0.622238 0.477274 0.838478 0.543386 0.793026 0.500689 1.000000 0.537876 0.944532 0.006823 0.003869 0.008797 0.033204 0.581163 0.350407 0.003507 0.049074
0.495463 0.287112 0.492671 0.275944 0.502443 0.275944 0.475919 0.280132 0.544323 0.281528 0.424268 0.372267 0.583410 0.377851 0.365636 0.493718 0.622498 0.511866 0.436831 0.507678 0.562470 0.552350 0.446603 0.626337 0.545719 0.623545 0.471731 0.827359 0.541531 0.796648 0.494067 1.000000 0.527571 0.957186 0.000898 0.019910 0.011672 0.040754 0.581531 0.401465 0.009777 0.047283
0.503141 0.286414 0.500349 0.275246 0.508725 0.273850 0.479409 0.278038 0.549209 0.280830 0.424966 0.370173 0.582712 0.379945 0.363542 0.487436 0.620404 0.526524 0.419382 0.527920 0.557585 0.544672 0.447301 0.625639 0.545021 0.624243 0.469637 0.823869 0.539437 0.804326 0.491973 0.962072 0.529665 0.980220 0.015287 0.007798 0.007955 0.038859 0.453910 0.490596 0.009777 0.045582
0.493664 0.284241 0.490849 0.274385 0.500704 0.272977 0.473954 0.280017 0.547164 0.281425 0.424678 0.368714 0.582362 0.381385 0.348652 0.477122 0.620375 0.532030 0.403559 0.544701 0.566875 0.533437 0.445796 0.623543 0.547164 0.626358 0.469730 0.807976 0.542941 0.816424 0.485217 0.937503 0.541533 1.000000 0.003199 0.004715 0.014759 0.038351 0.411866 0.570304 0.008964 0.048150
0.485196 0.291017 0.482441 0.280000 0.492081 0.280000 0.472801 0.284131 0.541659 0.286885 0.423224 0.368137 0.581596 0.381909 0.347480 0.463161 0.618780 0.523756 0.392926 0.532019 0.549922 0.522379 0.448012 0.621534 0.547168 0.628420 0.472801 0.786792 0.544413 0.819844 0.486573 0.924508 0.545790 1.000000 0.015668 0.006937 0.016353 0.039591 0.399907 0.587970 0.006137 0.051973
0.482906 0.298163 0.481591 0.287644 0.489481 0.287644 0.473702 0.291589 0.539447 0.291589 0.428996 0.369168 0.580209 0.381002 0.364566 0.461211 0.618341 0.511177 0.413217 0.533530 0.551281 0.479619 0.448719 0.620313 0.542077 0.629517 0.485536 0.750488 0.549966 0.829382 0.494740 0.916165 0.546021 1.000000 0.070070 0.018381 0.062789 0.061022 0.382899 0.730711 0.011722 0.075177
0.471037 0.295629 0.469735 0.283914 0.476243 0.283914 0.464528 0.289120 0.530916 0.290422 0.426778 0.371129 0.579080 0.378940 0.366899 0.463552 0.619433 0.502603 0.412459 0.527336 0.551744 0.466155 0.450209 0.621060 0.543933 0.628871 0.477545 0.746026 0.549140 0.834544 0.491864 0.916552 0.547838 1.000000 0.041885 0.009952 0.038796 0.052528 0.380424 0.757628 0.007460 0.060494
0.462794 0.301243 0.460183 0.289494 0.468016 0.289494 0.456267 0.296021 0.525457 0.294716 0.423630 0.373044 0.577675 0.376960 0.379244 0.472259 0.624672 0.500979 0.414492 0.536227 0.543733 0.486619 0.452351 0.621082 0.546344 0.628915 0.477154 0.758156 0.548955 0.836484 0.491514 0.923950 0.547650 1.000000 0.029481 0.005832 0.020289 0.043384 0.294211 0.671193 0.001662 0.052979
0.453720 0.299012 0.449753 0.287112 0.457687 0.287112 0.448431 0.293723 0.521157 0.291078 0.418018 0.375705 0.575370 0.374383 0.383639 0.482810 0.633551 0.497355 0.412729 0.539669 0.559503 0.501322 0.453720 0.622973 0.552892 0.626940 0.473554 0.773714 0.551569 0.838506 0.489422 0.925777 0.542313 1.000000 0.008548 0.011425 0.003999 0.026267 0.249397 0.623629 0.008419 0.043633
0.447112 0.294810 0.444435 0.284098 0.452468 0.282759 0.440418 0.289454 0.515398 0.284098 0.413639 0.379162 0.574310 0.371128 0.382844 0.507699 0.638579 0.491632 0.420334 0.547867 0.563599 0.507699 0.455146 0.624185 0.556904 0.625524 0.472552 0.787534 0.546193 0.827702 0.489958 0.929460 0.536820 1.000000 0.005054 0.000957 0.019624 0.004897 0.313879 0.588765 0.015349 0.050639
0.447958 0.289480 0.443929 0.278736 0.451987 0.277393 0.439899 0.285451 0.513766 0.280079 0.409010 0.382149 0.570173 0.368719 0.383492 0.517795 0.644040 0.486905 0.427812 0.541970 0.570173 0.520481 0.458702 0.625237 0.562115 0.623894 0.477504 0.790430 0.547342 0.815947 0.497650 0.936820 0.540627 0.970396 0.007455 0.010606 0.028109 0.014389 0.400241 0.542008 0.026536 0.060512
0.454390 0.286141 0.447633 0.272627 0.457093 0.273978 0.438173 0.283438 0.512500 0.279384 0.407091 0.383442 0.574665 0.367225 0.377360 0.534799 0.643586 0.486148 0.427362 0.552367 0.586828 0.552367 0.457093 0.626694 0.561151 0.622640 0.478715 0.799673 0.548988 0.795619 0.498986 0.975355 0.543583 0.901028 0.003016 0.006033 0.024948 0.005516 0.454189 0.392753 0.023249 0.061928
0.445646 0.284931 0.444303 0.272852 0.449672 0.272852 0.441619 0.279563 0.515434 0.276878 0.406725 0.385587 0.570459 0.365456 0.373173 0.537243 0.649642 0.480875 0.430883 0.539927 0.593275 0.562742 0.460409 0.629847 0.562407 0.619110 0.476514 0.812370 0.546302 0.782844 0.499329 0.993552 0.546302 0.888869 0.011860 0.031209 0.040850 0.021107 0.554512 0.383335 0.029090 0.059222
0.457145 0.285727 0.454508 0.275178 0.461101 0.273859 0.447915 0.281771 0.523076 0.280452 0.408357 0.384622 0.571864 0.366162 0.372755 0.529669 0.650980 0.470331 0.437366 0.524394 0.594280 0.559997 0.459783 0.629883 0.559997 0.619334 0.474287 0.826355 0.536262 0.752513 0.498022 1.000000 0.546811 0.896241 0.014063 0.079459 0.042333 0.041229 0.602543 0.386243 0.025210 0.079596
0.466461 0.294375 0.463953 0.284345 0.471476 0.283091 0.455176 0.290614 0.527897 0.288106 0.415054 0.383396 0.569273 0.367096 0.377440 0.516300 0.640740 0.462386 0.446400 0.506269 0.588080 0.552660 0.460192 0.630396 0.555481 0.619112 0.472730 0.836021 0.532912 0.725686 0.495298 1.000000 0.537928 0.884920 0.015203 0.076448 0.038148 0.049023 0.633769 0.372924 0.019968 0.085811
0.476047 0.294509 0.473526 0.284423 0.481090 0.283163 0.462180 0.288205 0.530256 0.286945 0.418056 0.380235 0.568077 0.370150 0.376453 0.507564 0.637414 0.464701 0.449573 0.500000 0.594551 0.541602 0.459658 0.629850 0.554209 0.619765 0.469744 0.844166 0.532778 0.738269 0.492436 1.000000 0.535299 0.910982 0.021139 0.061598 0.037600 0.039285 0.633334 0.363267 0.017666 0.071919
0.485727 0.297007 0.483190 0.286858 0.492071 0.285589 0.467965 0.290664 0.537744 0.289395 0.422292 0.378204 0.571999 0.371861 0.377887 0.505075 0.630359 0.473357 0.448935 0.500000 0.596104 0.548211 0.455278 0.629408 0.550431 0.620527 0.473040 0.848894 0.535207 0.757547 0.493339 1.000000 0.536475 0.922479 0.004520 0.037672 0.015857 0.007684 0.629865 0.302717 0.007270 0.060927
0.491835 0.296506 0.488067 0.286456 0.498116 0.285200 0.471737 0.291481 0.542081 0.290225 0.422747 0.375642 0.573484 0.374386 0.376270 0.498744 0.622474 0.483670 0.449126 0.496232 0.589814 0.552758 0.454151 0.628126 0.549617 0.621845 0.474249 0.839157 0.533288 0.771326 0.499372 1.000000 0.533288 0.930856 0.006622 0.034636 0.009164 0.004030 0.625883 0.274705 0.004798 0.064860
0.491814 0.295655 0.489295 0.285579 0.499370 0.284320 0.475441 0.289358 0.544710 0.289358 0.423804 0.372481 0.576196 0.377519 0.375945 0.497166 0.617758 0.493388 0.447733 0.497166 0.578715 0.556360 0.451511 0.626889 0.548489 0.623111 0.470403 0.837217 0.532116 0.780542 0.500630 1.000000 0.528338 0.935453 0.016653 0.025224 0.006017 0.002775 0.616660 0.286287 0.000003 0.061500
0.498731 0.292579 0.497463 0.282430 0.506343 0.279893 0.482239 0.283699 0.549476 0.287505 0.423882 0.371234 0.582461 0.378846 0.373137 0.494291 0.621788 0.508246 0.442912 0.506977 0.568506 0.564066 0.447986 0.626228 0.545671 0.623691 0.467016 0.826671 0.535522 0.782269 0.502537 1.000000 0.526641 0.920550 0.029784 0.000000 0.000157 0.027130 0.567250 0.336516 0.008077 0.050473
0.498705 0.285694 0.496115 0.275334 0.505180 0.274040 0.481871 0.276629 0.550501 0.280514 0.423601 0.368567 0.582874 0.381516 0.366625 0.492878 0.623016 0.522661 0.435255 0.522661 0.562155 0.556328 0.446909 0.624958 0.546616 0.624958 0.461153 0.808834 0.532373 0.786821 0.489641 0.961633 0.522013 0.948684 0.034064 0.007596 0.004248 0.019123 0.506470 0.427361 0.008245 0.052548
0.493337 0.283111 0.492004 0.272450 0.500000 0.271117 0.478678 0.275115 0.550641 0.280446 0.422706 0.368401 0.585290 0.381727 0.354741 0.492337 0.629267 0.530984 0.412045 0.552307 0.559969 0.546976 0.444029 0.624270 0.547975 0.625602 0.461353 0.810841 0.533316 0.808176 0.484008 0.944106 0.527986 0.994747 0.024128 0.016411 0.003010 0.022825 0.402432 0.519015 0.010183 0.054976
0.484744 0.286097 0.482148 0.274412 0.489938 0.273114 0.475656 0.278307 0.548363 0.280904 0.421125 0.369192 0.584717 0.380877 0.353611 0.483446 0.627563 0.523695 0.399054 0.547065 0.563944 0.527590 0.445794 0.622369 0.548363 0.627563 0.463971 0.776872 0.536678 0.824911 0.480849 0.915795 0.530187 1.000000 0.001207 0.008627 0.006361 0.027749 0.367316 0.573309 0.007440 0.056102
0.476685 0.294206 0.475441 0.283015 0.481659 0.281771 0.474198 0.286745 0.541345 0.286745 0.424459 0.370057 0.581136 0.380005 0.358555 0.469535 0.625901 0.511813 0.400833 0.540413 0.557510 0.508083 0.448085 0.621238 0.546319 0.628699 0.472955 0.750559 0.541345 0.826411 0.486633 0.918427 0.536371 1.000000 0.034596 0.000214 0.030623 0.036270 0.357445 0.621560 0.007125 0.068481
0.469992 0.291492 0.467517 0.280355 0.474942 0.280355 0.465042 0.285304 0.533101 0.285304 0.425444 0.370688 0.578887 0.379350 0.363572 0.469683 0.625909 0.503094 0.404408 0.535267 0.543001 0.491957 0.450193 0.620650 0.545476 0.629312 0.473704 0.750581 0.543001 0.837202 0.487316 0.926297 0.535576 1.000000 0.032374 0.008067 0.025569 0.038506 0.355075 0.658097 0.005515 0.060772
0.461800 0.298609 0.459355 0.286385 0.466690 0.287608 0.459355 0.291275 0.527810 0.292497 0.425128 0.370731 0.577928 0.379288 0.372565 0.470968 0.631714 0.501528 0.408014 0.540645 0.544923 0.494194 0.450798 0.621323 0.546146 0.628658 0.476469 0.761900 0.544923 0.836466 0.489915 0.922035 0.540034 1.000000 0.030827 0.005751 0.024999 0.038479 0.303543 0.658777 0.003890 0.059365
0.450751 0.296457 0.449504 0.286482 0.455738 0.285235 0.451997 0.291469 0.523066 0.290222 0.419580 0.371266 0.577926 0.378747 0.382175 0.479739 0.631540 0.499688 0.408359 0.547067 0.548003 0.493454 0.451997 0.621877 0.550496 0.628111 0.478181 0.777729 0.545509 0.842564 0.493142 0.917373 0.536781 1.000000 0.019006 0.005547 0.012034 0.027473 0.223756 0.656531 0.003176 0.060383
0.440019 0.286803 0.436290 0.274372 0.441262 0.274372 0.444991 0.283074 0.517093 0.284317 0.416399 0.372579 0.575520 0.377552 0.381592 0.489433 0.637677 0.494406 0.412670 0.547861 0.555630 0.494406 0.452450 0.623692 0.555630 0.626178 0.478556 0.777840 0.540713 0.833781 0.497203 0.913341 0.535740 1.000000 0.009870 0.014927 0.008013 0.002578 0.247758 0.655607 0.010290 0.076234
0.446480 0.291831 0.443990 0.279385 0.450214 0.279385 0.445235 0.284363 0.517425 0.283119 0.415363 0.377713 0.569701 0.372734 0.386736 0.505912 0.638157 0.490976 0.417853 0.545741 0.570945 0.504667 0.458926 0.624154 0.556010 0.625399 0.480086 0.783470 0.542318 0.809608 0.502489 0.924116 0.534850 0.960211 0.008252 0.007843 0.013663 0.006382 0.281036 0.603082 0.019028 0.065644
0.446339 0.281227 0.441258 0.268526 0.448879 0.269796 0.436178 0.278687 0.514924 0.277416 0.410776 0.380294 0.574618 0.370133 0.381564 0.522544 0.643203 0.493332 0.429827 0.542866 0.573348 0.527624 0.456499 0.625422 0.558107 0.624151 0.480631 0.791803 0.546676 0.807045 0.512383 0.942944 0.535245 0.911192 0.020066 0.014928 0.012852 0.000793 0.437617 0.516433 0.018608 0.065716
0.440838 0.281984 0.438223 0.268910 0.444761 0.268910 0.438223 0.275447 0.514055 0.275447 0.408152 0.383965 0.570275 0.366968 0.376774 0.535628 0.648721 0.488560 0.434301 0.555239 0.583349 0.556547 0.459142 0.628456 0.562430 0.620611 0.476139 0.806268 0.544126 0.795809 0.502288 0.982773 0.542819 0.900404 0.016482 0.029157 0.035113 0.023294 0.460359 0.426140 0.027501 0.063470
0.443714 0.280152 0.442389 0.266908 0.449011 0.266908 0.437092 0.274855 0.513906 0.273530 0.405307 0.384779 0.572179 0.366237 0.370873 0.538407 0.655615 0.480134 0.433119 0.538407 0.588072 0.555624 0.458282 0.629790 0.564233 0.619195 0.470201 0.824474 0.539069 0.774147 0.499338 1.000000 0.540394 0.913208 0.028466 0.054276 0.048316 0.041248 0.570185 0.433584 0.028705 0.070708
0.453916 0.287641 0.452671 0.275186 0.458898 0.273940 0.443952 0.281413 0.516192 0.280168 0.410323 0.383545 0.568503 0.367353 0.379186 0.526778 0.646970 0.469485 0.443952 0.510587 0.584695 0.541725 0.460144 0.630156 0.561030 0.618946 0.467617 0.828192 0.533629 0.741006 0.495018 1.000000 0.537365 0.900431 0.033747 0.077751 0.051445 0.060840 0.646117 0.434991 0.026992 0.082298
0.470407 0.290735 0.467991 0.279864 0.476446 0.278656 0.453497 0.288319 0.523554 0.284695 0.414844 0.382534 0.568245 0.368039 0.385855 0.515400 0.643134 0.465877 0.454704 0.500906 0.586363 0.538350 0.460744 0.630149 0.556166 0.619278 0.467991 0.830657 0.532009 0.732819 0.490941 1.000000 0.538048 0.906754 0.027574 0.077778 0.046841 0.051439 0.634426 0.419469 0.021547 0.078231
0.515073 0.280365 0.505229 0.269291 0.518764 0.269291 0.460933 0.279134 0.534760 0.287748 0.415407 0.381262 0.574135 0.368957 0.383415 0.514150 0.641809 0.467393 0.457242 0.495693 0.586439 0.547372 0.457242 0.629812 0.553217 0.619969 0.479390 0.842680 0.537221 0.745475 0.496616 1.000000 0.534760 0.920198 0.004692 0.035869 0.020079 0.013887 0.653178 0.384465 0.013320 0.073352
0.518993 0.286788 0.509190 0.274534 0.522669 0.274534 0.465077 0.283112 0.538599 0.288013 0.418514 0.378690 0.577810 0.371337 0.379302 0.507352 0.637853 0.476718 0.451598 0.487746 0.586388 0.547789 0.452824 0.628663 0.550852 0.621310 0.478556 0.836973 0.538599 0.756100 0.498162 1.000000 0.536148 0.917847 0.007592 0.024036 0.004295 0.005339 0.678456 0.364349 0.004681 0.067980
0.530247 0.285494 0.520370 0.273148 0.533951 0.273148 0.468519 0.281790 0.545062 0.284259 0.419136 0.375617 0.580864 0.374383 0.374691 0.501543 0.635185 0.487963 0.447531 0.485494 0.584568 0.550926 0.450000 0.627469 0.550000 0.622531 0.478395 0.833642 0.538889 0.773148 0.504321 1.000000 0.538889 0.923765 0.002275 0.023439 0.004749 0.015949 0.677033 0.357536 0.000003 0.067004
0.533353 0.287101 0.523378 0.274632 0.537094 0.274632 0.468517 0.280867 0.545822 0.285854 0.418643 0.371886 0.583227 0.378121 0.367522 0.500312 0.630607 0.504052 0.442333 0.496571 0.575746 0.556420 0.447321 0.626243 0.550809 0.623750 0.472258 0.830726 0.537094 0.780852 0.504676 1.000000 0.535847 0.926734 0.012650 0.024998 0.002891 0.014051 0.636488 0.371947 0.002382 0.066346
0.519490 0.281770 0.511822 0.268990 0.523325 0.268990 0.473480 0.279214 0.547608 0.281770 0.421079 0.368679 0.587228 0.381459 0.362288 0.495207 0.637073 0.520769 0.430026 0.520769 0.583394 0.560389 0.442807 0.624292 0.548886 0.625570 0.469646 0.822392 0.542496 0.789162 0.500320 1.000000 0.533549 0.951477 0.010430 0.005099 0.015873 0.037164 0.523596 0.406979 0.010580 0.055292
