0.579476 0.285928 0.579476 0.270546 0.564093 0.270546 0.543583 0.285928 0.528201 0.285928 0.533329 0.378223 0.492309 0.373095 0.507691 0.511537 0.446162 0.496154 0.528201 0.614086 0.492309 0.598704 0.507691 0.624341 0.466671 0.624341 0.512819 0.808930 0.497436 0.783292 0.461544 0.998646 0.348740 0.767910 0.092862 0.593668 0.041878 0.093224 0.123308 0.248799 0.032700 0.052016
0.595535 0.288967 0.595535 0.271857 0.584128 0.271857 0.544203 0.283264 0.544203 0.283264 0.544203 0.374521 0.504278 0.380225 0.527092 0.522814 0.481463 0.534222 0.567017 0.608368 0.572721 0.602665 0.498574 0.619775 0.452945 0.625479 0.567017 0.790883 0.487167 0.847919 0.395910 0.882140 0.373095 1.000000 0.465161 0.210004 0.179670 0.114265 0.175549 0.341984 0.062121 0.072529
0.595011 0.292823 0.589733 0.276988 0.579176 0.282267 0.531670 0.292823 0.552784 0.298102 0.536949 0.377278 0.510557 0.377278 0.521114 0.509237 0.500000 0.514516 0.605568 0.567299 0.616125 0.556743 0.500000 0.620083 0.452495 0.625362 0.626681 0.736208 0.420824 0.815384 0.463051 0.820662 0.304700 0.984292 0.612167 0.139146 0.311901 0.020612 0.346301 0.413420 0.060856 0.316399
0.584756 0.290128 0.579375 0.279366 0.573993 0.279366 0.509417 0.290128 0.530943 0.295510 0.498655 0.370848 0.536324 0.381611 0.407172 0.473093 0.547087 0.494619 0.434079 0.575339 0.660094 0.526907 0.504036 0.618389 0.460985 0.629152 0.649332 0.704490 0.380266 0.812117 0.530943 0.871311 0.240351 0.973557 0.526177 0.095047 0.322800 0.038213 0.314243 0.381190 0.044683 0.461974
0.608229 0.294501 0.602749 0.278061 0.597269 0.278061 0.520550 0.289021 0.558910 0.294501 0.476710 0.376701 0.564390 0.376701 0.410951 0.475340 0.569870 0.502740 0.410951 0.573980 0.673989 0.519180 0.438350 0.623299 0.520550 0.623299 0.378071 0.798658 0.663029 0.721939 0.219152 0.957577 0.613709 0.924697 0.144609 0.383201 0.056270 0.363252 0.187167 0.436321 0.052568 0.412640
0.604855 0.370569 0.598302 0.357462 0.604855 0.357462 0.513107 0.337802 0.585195 0.331248 0.460679 0.383676 0.585195 0.370569 0.395145 0.495085 0.604855 0.495085 0.447572 0.554066 0.703158 0.521299 0.427912 0.626154 0.526214 0.619601 0.382038 0.848972 0.683497 0.776884 0.152666 0.953828 0.690051 1.000000 0.298884 0.241840 0.021875 0.324025 0.400550 0.367200 0.058742 0.314631
0.602749 0.291761 0.597269 0.280801 0.586309 0.280801 0.536990 0.291761 0.547950 0.297241 0.493150 0.373961 0.547950 0.379441 0.410951 0.478080 0.547950 0.505480 0.410951 0.549320 0.635629 0.565760 0.493150 0.620559 0.465750 0.626039 0.608229 0.773998 0.399991 0.823318 0.635629 0.987717 0.208192 0.845238 0.164245 0.361362 0.204833 0.000001 0.212723 0.308286 0.052568 0.307249
0.603650 0.300993 0.598122 0.289937 0.592594 0.289937 0.537314 0.295465 0.548370 0.295465 0.493090 0.372856 0.531786 0.378384 0.465450 0.511056 0.526258 0.522112 0.531786 0.588448 0.598122 0.610560 0.498618 0.621616 0.476506 0.627144 0.576010 0.792983 0.432282 0.831679 0.592594 1.000000 0.244331 0.804039 0.110588 0.478697 0.127953 0.001825 0.288396 0.229425 0.031726 0.202806
0.600491 0.305996 0.600491 0.289248 0.589326 0.289248 0.550246 0.289248 0.550246 0.289248 0.522331 0.372990 0.505583 0.378573 0.477669 0.518144 0.466503 0.518144 0.511166 0.629801 0.505583 0.640967 0.505583 0.624218 0.466503 0.624218 0.539080 0.808452 0.483251 0.819618 0.505583 1.000000 0.293435 0.780538 0.108422 0.591848 0.078438 0.077437 0.187789 0.184958 0.035616 0.030032
0.598748 0.302505 0.592763 0.284551 0.592763 0.284551 0.520946 0.284551 0.550870 0.290536 0.526931 0.374321 0.520946 0.380306 0.485038 0.517954 0.455115 0.511969 0.538901 0.595755 0.497008 0.607725 0.479054 0.619694 0.473069 0.625679 0.502992 0.829158 0.550870 0.811204 0.431176 1.000000 0.353375 0.787266 0.147238 0.664790 0.097560 0.187733 0.283085 0.278858 0.061339 0.090173
0.593072 0.293811 0.593072 0.276628 0.575889 0.276628 0.547252 0.288083 0.535797 0.288083 0.541524 0.379723 0.501432 0.373995 0.507159 0.517182 0.415520 0.494273 0.581617 0.574457 0.398337 0.614550 0.478522 0.620277 0.478522 0.626005 0.432702 0.803557 0.598799 0.757737 0.335335 0.986836 0.426975 0.797829 0.077462 0.662575 0.003556 0.264399 0.369265 0.152264 0.054966 0.313520
0.599033 0.301933 0.593292 0.284710 0.587551 0.284710 0.507176 0.296192 0.547364 0.301933 0.541623 0.382308 0.524400 0.376567 0.524400 0.531576 0.409578 0.468424 0.621998 0.566022 0.375132 0.600469 0.449766 0.623433 0.484212 0.617692 0.398096 0.801406 0.627739 0.715290 0.277534 0.979379 0.472730 0.841593 0.099585 0.592281 0.025918 0.362481 0.428566 0.203996 0.085071 0.399853
0.615810 0.294437 0.615810 0.282856 0.598439 0.282856 0.569486 0.294437 0.557905 0.288646 0.540534 0.392875 0.517372 0.363923 0.546324 0.520267 0.378399 0.433409 0.656344 0.531848 0.355237 0.566591 0.447885 0.624496 0.494209 0.618706 0.372609 0.809792 0.656344 0.705563 0.222055 0.966136 0.540534 0.890860 0.121165 0.521260 0.001710 0.372310 0.452158 0.297606 0.074403 0.466283
0.597022 0.288044 0.597022 0.270132 0.585081 0.270132 0.549257 0.282073 0.543287 0.282073 0.549257 0.389544 0.501493 0.365661 0.567169 0.514926 0.364169 0.431338 0.668669 0.526868 0.334316 0.568662 0.453728 0.622397 0.495522 0.622397 0.364169 0.807486 0.656728 0.723898 0.185051 0.932869 0.608963 0.944810 0.162150 0.388915 0.019526 0.328536 0.417556 0.289863 0.065069 0.464585
0.595597 0.279975 0.589527 0.261767 0.577388 0.261767 0.516692 0.279975 0.528831 0.279975 0.559179 0.383159 0.486343 0.371020 0.559179 0.510622 0.346742 0.443856 0.638084 0.528831 0.328533 0.583458 0.462065 0.625945 0.492413 0.619875 0.371020 0.820174 0.625945 0.753408 0.158583 0.868731 0.644154 0.971915 0.288945 0.223535 0.018408 0.242238 0.427808 0.305643 0.058286 0.389527
0.590761 0.278305 0.590761 0.260451 0.572906 0.266402 0.566955 0.272354 0.525294 0.278305 0.566955 0.385433 0.471730 0.367578 0.566955 0.510415 0.376506 0.462803 0.632422 0.558028 0.358651 0.599688 0.489585 0.623494 0.471730 0.623494 0.406263 0.819895 0.596712 0.778234 0.197959 0.802041 0.632422 0.986538 0.399502 0.162222 0.027692 0.216264 0.299848 0.208714 0.049454 0.343979
0.589403 0.281622 0.589403 0.269897 0.571816 0.269897 0.565953 0.275759 0.519053 0.275759 0.554228 0.381284 0.466291 0.369559 0.542503 0.510259 0.390078 0.498534 0.583541 0.574747 0.407666 0.627510 0.507328 0.627510 0.472153 0.621647 0.436978 0.815110 0.565953 0.785797 0.249378 0.762347 0.595266 1.000000 0.473070 0.123606 0.054287 0.157848 0.209253 0.213024 0.026155 0.279450
0.581114 0.282195 0.581114 0.264170 0.563088 0.264170 0.551072 0.270178 0.515021 0.270178 0.545063 0.378330 0.472962 0.372321 0.533046 0.522532 0.406870 0.492489 0.557080 0.624675 0.448928 0.606649 0.521029 0.624675 0.460945 0.624675 0.539055 0.810936 0.478971 0.810936 0.509013 1.000000 0.310735 0.744843 0.077186 0.649863 0.061665 0.045855 0.100023 0.272420 0.022970 0.000001
0.604321 0.288243 0.598093 0.269559 0.591865 0.269559 0.529584 0.282015 0.554496 0.282015 0.535812 0.375437 0.523356 0.381665 0.517127 0.512456 0.517127 0.518684 0.598093 0.556053 0.610550 0.556053 0.492215 0.618335 0.448618 0.624563 0.641690 0.730441 0.405021 0.823863 0.473530 0.848776 0.280458 0.998251 0.599977 0.128881 0.351698 0.026465 0.385913 0.393340 0.076056 0.363718
0.610370 0.287033 0.604152 0.268379 0.591716 0.268379 0.554408 0.287033 0.554408 0.287033 0.517100 0.374085 0.529536 0.380303 0.417611 0.492227 0.529536 0.510882 0.405175 0.579280 0.635242 0.535754 0.498445 0.616588 0.454919 0.629024 0.647678 0.722294 0.367867 0.815565 0.541972 0.890181 0.212417 0.977233 0.482692 0.104777 0.328264 0.046209 0.177616 0.426442 0.059728 0.442809
0.612281 0.289874 0.605865 0.270626 0.599449 0.270626 0.535288 0.283458 0.554537 0.283458 0.483960 0.373283 0.554537 0.379699 0.419799 0.495188 0.554537 0.508020 0.419799 0.585013 0.663610 0.546516 0.445464 0.623509 0.516040 0.623509 0.362055 0.815991 0.670026 0.745414 0.188821 0.957144 0.618697 0.963560 0.152209 0.360406 0.081570 0.336695 0.154214 0.392000 0.049211 0.417007
0.610875 0.290921 0.604539 0.278250 0.598204 0.278250 0.541182 0.290921 0.547518 0.290921 0.503168 0.373286 0.534846 0.379621 0.401796 0.487329 0.528511 0.506336 0.408132 0.595036 0.648889 0.569693 0.503168 0.620379 0.458818 0.626714 0.629882 0.772436 0.363782 0.829457 0.636218 0.994186 0.154703 0.873807 0.212050 0.293939 0.221142 0.044512 0.250000 0.361688 0.048590 0.360669
0.587425 0.296008 0.587425 0.277603 0.581290 0.283738 0.526074 0.289873 0.538344 0.289873 0.507669 0.375765 0.519939 0.375765 0.495399 0.504601 0.526074 0.510736 0.569020 0.565952 0.611965 0.578222 0.507669 0.621168 0.464723 0.627303 0.587425 0.780680 0.397237 0.823626 0.624235 0.989273 0.194780 0.817491 0.091984 0.404252 0.147584 0.036609 0.309082 0.273557 0.035223 0.252975
0.583538 0.308623 0.583538 0.290397 0.571387 0.290397 0.541009 0.296472 0.534934 0.296472 0.522783 0.375453 0.498481 0.375453 0.516708 0.503038 0.474179 0.509113 0.553160 0.582019 0.534934 0.600245 0.516708 0.624547 0.462028 0.624547 0.553160 0.806811 0.431651 0.818962 0.571387 1.000000 0.243312 0.782509 0.033975 0.511519 0.070595 0.003084 0.152786 0.244416 0.027107 0.112170
0.577522 0.301544 0.577522 0.282939 0.571320 0.282939 0.515504 0.289141 0.534110 0.289141 0.534110 0.369764 0.496899 0.382167 0.608530 0.351158 0.441083 0.487597 0.639539 0.282939 0.459689 0.624035 0.490697 0.624035 0.478294 0.624035 0.484496 0.803885 0.490697 0.816289 0.310847 0.816289 0.453487 0.965130 0.466330 0.098487 0.042855 0.044945 0.286221 0.198125 0.039583 0.031480
0.592783 0.285134 0.599294 0.265600 0.579761 0.265600 0.566739 0.278623 0.534183 0.272111 0.540694 0.376289 0.495117 0.376289 0.514650 0.519533 0.423495 0.506511 0.560228 0.584644 0.410472 0.636733 0.495117 0.623711 0.469072 0.623711 0.469072 0.832066 0.553717 0.806022 0.390939 1.000000 0.358384 0.779977 0.089298 0.680552 0.018403 0.171743 0.251649 0.128334 0.045753 0.177943
0.604934 0.294831 0.604934 0.276037 0.592404 0.276037 0.579875 0.288566 0.548551 0.288566 0.561081 0.382537 0.504699 0.376272 0.554816 0.520360 0.404463 0.470243 0.661316 0.576743 0.360610 0.595537 0.485904 0.620595 0.448316 0.620595 0.529757 0.796007 0.536022 0.764684 0.348081 0.915036 0.354346 0.889978 0.393359 0.481869 0.175343 0.246241 0.359474 0.153098 0.084751 0.096069
0.614531 0.281044 0.607794 0.274307 0.601057 0.274307 0.540423 0.287781 0.567371 0.287781 0.533686 0.382101 0.526948 0.375364 0.587582 0.503369 0.432629 0.483157 0.702113 0.530317 0.378732 0.570740 0.446103 0.624636 0.493263 0.617899 0.412418 0.820012 0.661690 0.725693 0.257464 0.995177 0.520211 0.887383 0.176189 0.547593 0.055960 0.362711 0.293317 0.053213 0.077979 0.373129
0.534922 0.292128 0.528271 0.278824 0.534922 0.278824 0.468403 0.285476 0.548226 0.285476 0.441796 0.371951 0.574834 0.378603 0.355321 0.438470 0.601442 0.498337 0.315410 0.538248 0.714524 0.491685 0.441796 0.624723 0.541574 0.624723 0.368625 0.797673 0.661309 0.711198 0.208979 0.957318 0.594790 0.910755 0.122599 0.403318 0.127401 0.343658 0.170167 0.449098 0.021189 0.428302
0.601630 0.277792 0.601630 0.264012 0.587850 0.264012 0.574069 0.277792 0.539618 0.277792 0.574069 0.394925 0.477607 0.360474 0.580959 0.512058 0.346694 0.436266 0.670532 0.518948 0.291573 0.567179 0.470717 0.629191 0.477607 0.615410 0.353584 0.822115 0.636081 0.746323 0.146879 0.911687 0.636081 0.987479 0.196153 0.280224 0.041432 0.280224 0.456860 0.206099 0.066274 0.453911
0.598911 0.281355 0.598911 0.267473 0.585028 0.267473 0.557264 0.281355 0.550323 0.281355 0.571146 0.392413 0.487853 0.364649 0.585028 0.517353 0.342090 0.420177 0.682204 0.545117 0.307385 0.538176 0.467030 0.628410 0.473971 0.614528 0.376796 0.829702 0.605852 0.774173 0.168563 0.850525 0.640557 0.996289 0.334133 0.170439 0.001887 0.237442 0.376191 0.293089 0.075836 0.353918
0.590655 0.278594 0.597628 0.257673 0.576708 0.264647 0.569734 0.271620 0.527894 0.271620 0.569734 0.383195 0.465133 0.369248 0.562761 0.515690 0.360531 0.487797 0.618548 0.564504 0.353558 0.641212 0.500000 0.627265 0.465133 0.620292 0.437239 0.836468 0.576708 0.801601 0.221063 0.822521 0.597628 1.000000 0.427734 0.146739 0.004190 0.175597 0.287927 0.215673 0.044539 0.268371
0.557411 0.280486 0.550657 0.266977 0.543903 0.266977 0.503377 0.280486 0.510131 0.280486 0.537149 0.375046 0.469606 0.375046 0.537149 0.510131 0.395308 0.503377 0.564166 0.597937 0.429080 0.638463 0.516886 0.624954 0.476360 0.624954 0.483114 0.807320 0.537149 0.807320 0.266977 0.780303 0.530394 1.000000 0.481297 0.112681 0.032533 0.093815 0.095015 0.245027 0.008601 0.160702
0.580299 0.291565 0.580299 0.271063 0.566631 0.271063 0.546129 0.284731 0.539295 0.284731 0.546129 0.380406 0.498292 0.373572 0.518793 0.517085 0.429952 0.503417 0.525627 0.612760 0.470956 0.612760 0.498292 0.626428 0.457288 0.619594 0.511959 0.817778 0.498292 0.797276 0.436786 1.000000 0.341111 0.776775 0.141852 0.613478 0.083829 0.124761 0.085531 0.268414 0.056860 0.049494
0.581105 0.361220 0.588315 0.339591 0.573896 0.339591 0.552268 0.325173 0.552268 0.310754 0.530640 0.375638 0.494593 0.375638 0.537849 0.519826 0.480174 0.505407 0.588315 0.599129 0.566687 0.599129 0.516221 0.620757 0.458546 0.627966 0.617152 0.764944 0.480174 0.829829 0.408081 0.808201 0.379243 1.000000 0.629459 0.191201 0.213103 0.079142 0.164493 0.272498 0.032182 0.160425
0.573894 0.291754 0.567176 0.278319 0.560459 0.278319 0.513435 0.285036 0.533588 0.285036 0.526870 0.372365 0.500000 0.379083 0.526870 0.513435 0.506718 0.513435 0.600764 0.567176 0.607482 0.567176 0.513435 0.620917 0.459694 0.627635 0.641070 0.721681 0.426106 0.815728 0.486565 0.835881 0.291754 0.970233 0.584670 0.171580 0.304466 0.005075 0.299848 0.328139 0.034279 0.343525
0.569885 0.280118 0.556249 0.266482 0.556249 0.266482 0.481250 0.286936 0.528977 0.286936 0.528977 0.368753 0.494886 0.382389 0.535795 0.505114 0.508523 0.518750 0.624429 0.552840 0.638065 0.552840 0.522159 0.621020 0.453978 0.627838 0.658519 0.709655 0.372162 0.805107 0.549431 0.893742 0.215347 0.955104 0.486816 0.119433 0.325135 0.085071 0.326871 0.386366 0.030430 0.454174
0.594473 0.281313 0.594473 0.267317 0.580477 0.267317 0.538489 0.281313 0.538489 0.281313 0.503499 0.365289 0.524493 0.386283 0.440517 0.491253 0.538489 0.526242 0.489503 0.575228 0.636460 0.547236 0.510497 0.617216 0.461511 0.631212 0.657454 0.729184 0.370538 0.820157 0.622464 0.946121 0.195588 0.946121 0.343658 0.158534 0.283916 0.062718 0.315675 0.401081 0.035715 0.435589
0.590988 0.303752 0.583852 0.289479 0.583852 0.289479 0.483943 0.282343 0.555306 0.296615 0.476807 0.367978 0.533897 0.382251 0.412580 0.496432 0.548170 0.510704 0.441125 0.589204 0.640942 0.546386 0.512489 0.617749 0.476807 0.632022 0.640942 0.760475 0.384035 0.824702 0.648078 0.981701 0.177082 0.888929 0.222998 0.261381 0.188095 0.071305 0.242599 0.347902 0.013633 0.376095
0.597965 0.304071 0.590840 0.282696 0.590840 0.289821 0.505344 0.289821 0.555216 0.296946 0.498219 0.368193 0.519593 0.382442 0.483969 0.496438 0.533842 0.524936 0.562341 0.546311 0.619339 0.581934 0.512468 0.617558 0.469720 0.631807 0.619339 0.781426 0.426972 0.838423 0.640713 1.000000 0.213231 0.845548 0.154197 0.424453 0.165783 0.002109 0.354828 0.281107 0.022698 0.248893
0.580283 0.300183 0.573147 0.285911 0.573147 0.285911 0.487511 0.293047 0.551738 0.293047 0.487511 0.371546 0.523193 0.378683 0.444694 0.514273 0.508920 0.514273 0.516057 0.592772 0.566011 0.599908 0.501784 0.621317 0.487511 0.628453 0.580283 0.806861 0.458966 0.842543 0.573147 1.000000 0.266286 0.813998 0.138007 0.504624 0.109231 0.002976 0.327627 0.220550 0.013633 0.169593
0.607518 0.288608 0.600229 0.274029 0.592939 0.274029 0.512756 0.281319 0.563782 0.281319 0.498178 0.368791 0.534625 0.383370 0.469020 0.500000 0.512756 0.514579 0.520046 0.609341 0.527335 0.631209 0.483599 0.623919 0.483599 0.623919 0.534625 0.820732 0.512756 0.828022 0.490888 1.000000 0.323233 0.798864 0.150351 0.593757 0.098916 0.111701 0.208587 0.092152 0.041886 0.035580
0.546762 0.299095 0.539835 0.285239 0.539835 0.285239 0.477485 0.292167 0.539835 0.292167 0.519051 0.375300 0.498268 0.375300 0.525979 0.513856 0.456701 0.513856 0.595257 0.583133 0.463629 0.631627 0.498268 0.624700 0.484413 0.624700 0.512124 0.790966 0.553690 0.777110 0.422063 0.950304 0.422063 0.915666 0.190220 0.377640 0.052929 0.153465 0.234098 0.111476 0.022069 0.109335
0.547502 0.298118 0.540716 0.284546 0.540716 0.284546 0.486428 0.291332 0.533930 0.291332 0.540716 0.379550 0.493214 0.372764 0.554288 0.508482 0.418569 0.474553 0.628933 0.542412 0.418569 0.589914 0.500000 0.623843 0.466070 0.623843 0.567859 0.759562 0.486428 0.773134 0.425355 0.861351 0.337137 0.915639 0.450152 0.300541 0.200152 0.077419 0.330817 0.201410 0.043334 0.104444
0.590513 0.282768 0.583272 0.261045 0.576031 0.268286 0.510862 0.282768 0.539826 0.275527 0.547067 0.384143 0.496379 0.369661 0.568790 0.507241 0.387764 0.456554 0.677406 0.521723 0.366040 0.586893 0.460174 0.623098 0.496379 0.623098 0.387764 0.804124 0.655683 0.709991 0.250184 0.963428 0.539826 0.891017 0.105631 0.522271 0.010102 0.341053 0.402208 0.232655 0.055600 0.462172
0.573026 0.288225 0.565723 0.273620 0.565723 0.273620 0.485395 0.288225 0.558421 0.288225 0.456185 0.368554 0.573026 0.383159 0.375856 0.463487 0.602236 0.500000 0.346646 0.573026 0.682564 0.485395 0.441579 0.624144 0.529210 0.624144 0.361251 0.784801 0.653354 0.704472 0.215199 0.916247 0.616841 0.908944 0.119154 0.373441 0.129414 0.374442 0.140583 0.479270 0.037277 0.464777
0.487384 0.285521 0.501802 0.271102 0.480174 0.271102 0.530640 0.278312 0.480174 0.285521 0.559477 0.364824 0.465755 0.386452 0.595524 0.299940 0.350406 0.458546 0.566687 0.206218 0.328777 0.581105 0.480174 0.624362 0.494593 0.624362 0.364824 0.804596 0.631571 0.739712 0.191799 0.876690 0.653199 0.948783 0.193116 0.244405 0.086824 0.238821 0.256430 0.266592 0.032182 0.458435
0.492567 0.278870 0.507433 0.256571 0.485134 0.264004 0.522299 0.271437 0.485134 0.271437 0.559464 0.375498 0.462835 0.375498 0.581762 0.479559 0.366207 0.464694 0.641226 0.516724 0.343908 0.598486 0.485134 0.628218 0.492567 0.620785 0.395939 0.814042 0.618927 0.776877 0.195249 0.828908 0.670958 0.992432 0.334014 0.141225 0.051397 0.178221 0.254999 0.210157 0.028430 0.359067
0.559552 0.271397 0.559552 0.256029 0.544184 0.256029 0.521131 0.263713 0.505763 0.263713 0.551868 0.378975 0.459658 0.371291 0.582604 0.501921 0.375133 0.478869 0.644077 0.571078 0.367449 0.594131 0.513447 0.624867 0.475027 0.624867 0.428922 0.816970 0.582604 0.793918 0.206082 0.793918 0.628709 1.000000 0.400870 0.110791 0.082605 0.161128 0.153318 0.190795 0.014680 0.312337
0.567164 0.285448 0.567164 0.270522 0.552239 0.270522 0.552239 0.277985 0.500000 0.277985 0.544776 0.367537 0.455224 0.382463 0.544776 0.494403 0.388060 0.516791 0.567164 0.561567 0.440298 0.643657 0.522388 0.621269 0.477612 0.628731 0.485075 0.800373 0.552239 0.815298 0.298507 0.755597 0.559702 1.000000 0.509597 0.108882 0.037366 0.092261 0.102416 0.271918 0.000008 0.186498
