0.553354 0.274390 0.550305 0.262195 0.553354 0.259146 0.486281 0.268293 0.541159 0.268293 0.440549 0.378049 0.559451 0.371951 0.364329 0.487805 0.583841 0.475610 0.440549 0.533537 0.589939 0.548781 0.464939 0.625000 0.535061 0.625000 0.516768 0.841463 0.553354 0.835366 0.525915 1.000000 0.428354 0.832317 0.060348 0.535372 0.043470 0.058196 0.521189 0.047094 0.000005 0.047197
0.552018 0.277178 0.545807 0.264756 0.552018 0.264756 0.483696 0.270967 0.545807 0.274073 0.440219 0.379661 0.561334 0.370344 0.368791 0.497671 0.576862 0.469721 0.446430 0.541148 0.592390 0.550465 0.461957 0.624998 0.536490 0.624998 0.511646 0.845490 0.564440 0.842385 0.511646 1.000000 0.446430 0.829963 0.070553 0.574086 0.042422 0.071659 0.510756 0.011139 0.001979 0.029851
0.558092 0.277979 0.554908 0.265246 0.558092 0.265246 0.488063 0.274796 0.545359 0.277979 0.443500 0.383021 0.564458 0.367106 0.376655 0.510345 0.574007 0.468965 0.459415 0.545359 0.596289 0.558092 0.456232 0.624937 0.535810 0.624937 0.510345 0.847754 0.580373 0.850937 0.503979 1.000000 0.459415 0.844571 0.085478 0.578708 0.059098 0.097194 0.526485 0.048224 0.010134 0.013865
0.557453 0.281832 0.551242 0.269410 0.557453 0.269410 0.482919 0.278727 0.545031 0.281832 0.439441 0.384317 0.560559 0.365683 0.383540 0.511646 0.563665 0.458851 0.464286 0.539596 0.591615 0.552019 0.458075 0.626553 0.541925 0.623447 0.498447 0.837733 0.588509 0.828416 0.489130 1.000000 0.464286 0.840839 0.074809 0.539409 0.035691 0.094105 0.525606 0.082167 0.000005 0.011007
0.562898 0.281470 0.556447 0.268568 0.562898 0.265342 0.479034 0.281470 0.546770 0.278244 0.440328 0.387913 0.562898 0.362108 0.388719 0.520160 0.556447 0.455649 0.469357 0.539513 0.595153 0.552415 0.453230 0.626602 0.543545 0.623377 0.479034 0.852390 0.601604 0.829811 0.462906 1.000000 0.498387 0.874969 0.059932 0.455996 0.019032 0.110806 0.543457 0.143037 0.004108 0.051049
0.562897 0.281055 0.559712 0.271501 0.559712 0.268317 0.486465 0.281055 0.540604 0.277871 0.445065 0.386149 0.556527 0.363856 0.397295 0.523089 0.546974 0.459396 0.483281 0.539012 0.594743 0.564489 0.457803 0.628182 0.540604 0.621813 0.480096 0.851107 0.604297 0.809707 0.435511 1.000000 0.511942 0.905247 0.098260 0.348638 0.014988 0.123656 0.548551 0.167525 0.002029 0.072307
0.562500 0.278846 0.556090 0.266026 0.559295 0.266026 0.485577 0.278846 0.543269 0.278846 0.443910 0.384615 0.556090 0.365385 0.392628 0.522436 0.543269 0.458333 0.479167 0.538462 0.591346 0.554487 0.456731 0.628205 0.543269 0.621795 0.459936 0.855769 0.607372 0.807692 0.405449 1.000000 0.536859 0.923077 0.083579 0.280307 0.012255 0.121600 0.555102 0.191213 0.000005 0.101215
0.563729 0.275707 0.557108 0.262464 0.560419 0.262464 0.480964 0.272396 0.543866 0.272396 0.441237 0.381646 0.553797 0.368403 0.391578 0.524002 0.557108 0.467722 0.484275 0.543866 0.586903 0.553797 0.457790 0.626631 0.547176 0.623320 0.444547 0.861684 0.606767 0.818646 0.381646 1.000000 0.547176 0.987487 0.067617 0.202257 0.039389 0.102522 0.539644 0.095469 0.006323 0.112170
0.567641 0.287528 0.564458 0.274796 0.567641 0.271613 0.494430 0.284345 0.545359 0.281162 0.449866 0.389387 0.542176 0.360739 0.405303 0.526261 0.519894 0.437134 0.497613 0.545359 0.574007 0.535810 0.462599 0.628120 0.545359 0.621754 0.440317 0.847754 0.605838 0.815923 0.370289 1.000000 0.567641 1.000000 0.066064 0.157943 0.049143 0.092232 0.535250 0.250000 0.010134 0.128296
0.569531 0.286666 0.563210 0.277184 0.566371 0.274024 0.490518 0.283505 0.544247 0.280345 0.449432 0.390962 0.537926 0.359357 0.408345 0.523704 0.518963 0.428889 0.503161 0.542667 0.569531 0.523704 0.465234 0.628001 0.547408 0.621680 0.433629 0.839755 0.601136 0.823952 0.357777 1.000000 0.575852 1.000000 0.065426 0.120471 0.068350 0.071142 0.532714 0.240709 0.016103 0.129803
0.571151 0.281803 0.564827 0.272316 0.567989 0.269154 0.488932 0.281803 0.545853 0.278641 0.450985 0.389320 0.539528 0.360860 0.406713 0.522136 0.520555 0.430430 0.498419 0.534785 0.561664 0.518974 0.463634 0.626491 0.545853 0.623329 0.428849 0.838364 0.596449 0.832039 0.343467 1.000000 0.583800 1.000000 0.084814 0.093371 0.068758 0.068037 0.558787 0.223111 0.012082 0.127503
0.572080 0.289126 0.565946 0.279925 0.569013 0.276857 0.495399 0.286059 0.547542 0.286059 0.455525 0.390346 0.541408 0.359673 0.412583 0.519170 0.519937 0.427153 0.507668 0.534507 0.572080 0.519170 0.461659 0.626524 0.541408 0.623457 0.434054 0.828963 0.590484 0.828963 0.338969 0.997662 0.593551 1.000000 0.120233 0.070257 0.051406 0.074617 0.551514 0.262161 0.003905 0.117757
0.572064 0.293774 0.565931 0.281507 0.568998 0.278441 0.495400 0.287641 0.547532 0.287641 0.455535 0.388837 0.538332 0.361238 0.406470 0.517633 0.519933 0.431769 0.501533 0.536032 0.578197 0.526832 0.464735 0.624962 0.541399 0.624962 0.440202 0.827355 0.584330 0.839622 0.329806 0.971484 0.593530 1.000000 0.169663 0.049200 0.050791 0.059132 0.555002 0.256251 0.007810 0.101229
0.569784 0.289114 0.566717 0.279912 0.569784 0.276845 0.493098 0.286047 0.551379 0.286047 0.456289 0.387272 0.542177 0.362733 0.401075 0.513037 0.526840 0.433283 0.496166 0.537576 0.578986 0.528374 0.462424 0.626531 0.539110 0.623464 0.450154 0.825914 0.582054 0.838184 0.321322 0.936342 0.591256 1.000000 0.254874 0.049002 0.027724 0.066578 0.551291 0.227803 0.001953 0.082397
0.575623 0.282683 0.569255 0.269946 0.572439 0.269946 0.499204 0.276315 0.553334 0.279499 0.454626 0.384575 0.540598 0.365470 0.394128 0.508756 0.524677 0.445074 0.483283 0.546966 0.581991 0.537414 0.464179 0.626569 0.540598 0.623385 0.464179 0.843090 0.578807 0.849459 0.314524 0.925878 0.591544 1.000000 0.339161 0.035381 0.012559 0.053295 0.515421 0.239652 0.006081 0.053295
0.571853 0.287566 0.568729 0.275070 0.571853 0.271946 0.496876 0.281318 0.553108 0.281318 0.456264 0.384411 0.537488 0.365667 0.390659 0.503124 0.531240 0.446892 0.484380 0.543736 0.581225 0.540612 0.465636 0.624961 0.540612 0.624961 0.475008 0.837395 0.571853 0.846767 0.318807 0.884255 0.574977 1.000000 0.421260 0.039927 0.001642 0.040705 0.530543 0.180396 0.007956 0.030506
0.571539 0.277520 0.565250 0.268086 0.568395 0.264942 0.492925 0.274376 0.549527 0.277520 0.452045 0.381292 0.546383 0.368713 0.376575 0.497642 0.530660 0.453617 0.470913 0.541666 0.584118 0.544810 0.461479 0.626570 0.540094 0.623425 0.477202 0.837258 0.568395 0.843547 0.326261 0.859270 0.549527 1.000000 0.477615 0.067920 0.011474 0.048560 0.544181 0.227059 0.002002 0.016992
0.567642 0.283839 0.561760 0.272075 0.564701 0.269134 0.494118 0.280897 0.547056 0.280897 0.455885 0.380891 0.547056 0.369127 0.382361 0.483825 0.535292 0.451474 0.464708 0.533821 0.582347 0.545585 0.461767 0.624991 0.535292 0.624991 0.485295 0.810273 0.558819 0.819096 0.344128 0.813214 0.526469 1.000000 0.533575 0.090193 0.032536 0.053020 0.523744 0.192751 0.003745 0.001805
0.571625 0.280553 0.565529 0.268362 0.568577 0.268362 0.492380 0.277505 0.550290 0.280553 0.455806 0.378085 0.550290 0.371989 0.370465 0.484761 0.547242 0.463426 0.452758 0.542670 0.586864 0.551814 0.458854 0.624963 0.535051 0.624963 0.489332 0.826123 0.556386 0.829170 0.346082 0.826123 0.507620 1.000000 0.547865 0.106694 0.043935 0.052288 0.519587 0.144748 0.007762 0.014729
0.571853 0.276632 0.565605 0.264136 0.568729 0.264136 0.490628 0.273508 0.549984 0.276632 0.453140 0.379725 0.553108 0.370353 0.359419 0.476570 0.556232 0.467198 0.434395 0.542174 0.590597 0.548422 0.459388 0.626523 0.534364 0.623399 0.496876 0.835833 0.546860 0.838957 0.343799 0.838957 0.487504 1.000000 0.549917 0.106390 0.048356 0.041968 0.515972 0.117136 0.007956 0.037981
0.573621 0.277536 0.570420 0.264732 0.573621 0.264732 0.493598 0.274335 0.554416 0.277536 0.451986 0.376765 0.560818 0.373564 0.355959 0.469591 0.567219 0.472792 0.426379 0.540012 0.602430 0.552815 0.455187 0.626436 0.532009 0.623236 0.500000 0.837697 0.538411 0.850501 0.352758 0.860104 0.464790 1.000000 0.518464 0.112783 0.062453 0.045530 0.505395 0.111434 0.016309 0.057570
0.570665 0.276226 0.564384 0.266804 0.567525 0.263664 0.495289 0.279367 0.551821 0.279367 0.454460 0.376728 0.558103 0.373588 0.350818 0.461527 0.573806 0.474089 0.423053 0.530622 0.605213 0.540044 0.457601 0.624842 0.529836 0.624842 0.501570 0.822705 0.520414 0.844690 0.379084 0.866675 0.445038 1.000000 0.459900 0.094367 0.065576 0.022026 0.538798 0.092126 0.016002 0.083238
0.570488 0.279241 0.564291 0.269946 0.567389 0.269946 0.489930 0.282340 0.551898 0.282340 0.452750 0.375291 0.564291 0.375291 0.353602 0.455848 0.582881 0.480635 0.415569 0.517816 0.613865 0.533307 0.455848 0.623160 0.527111 0.626258 0.514717 0.793570 0.517816 0.830751 0.403176 0.877226 0.431061 1.000000 0.401043 0.108248 0.101897 0.032358 0.532812 0.113653 0.021714 0.120335
0.566920 0.284954 0.560905 0.272924 0.560905 0.272924 0.488721 0.284954 0.545866 0.284954 0.455637 0.375183 0.557897 0.375183 0.353378 0.450374 0.584966 0.486466 0.413531 0.516542 0.615042 0.531580 0.464660 0.621809 0.521805 0.627824 0.515790 0.781214 0.506767 0.823320 0.416538 0.886481 0.425561 1.000000 0.339440 0.094288 0.087159 0.020730 0.533038 0.111215 0.017241 0.123237
0.567301 0.281070 0.560814 0.268097 0.564057 0.264853 0.486216 0.274583 0.547840 0.274583 0.447295 0.375129 0.564057 0.375129 0.337019 0.452971 0.602978 0.508108 0.398644 0.524326 0.615952 0.530812 0.466755 0.621628 0.521893 0.628114 0.538110 0.822719 0.499189 0.855153 0.398644 0.975159 0.401887 1.000000 0.344399 0.100530 0.083459 0.020843 0.531097 0.074617 0.014459 0.140262
0.568063 0.274802 0.561341 0.261358 0.564702 0.261358 0.487396 0.271441 0.551258 0.268080 0.450423 0.375637 0.574786 0.375637 0.336143 0.456305 0.615120 0.520167 0.400006 0.530250 0.615120 0.530250 0.450423 0.621002 0.524368 0.627724 0.514285 0.836116 0.500840 0.869727 0.416811 1.000000 0.389922 1.000000 0.233121 0.116734 0.091860 0.031983 0.531097 0.086627 0.032151 0.122710
0.567370 0.268041 0.560548 0.257807 0.563959 0.257807 0.488914 0.268041 0.546903 0.268041 0.451391 0.373787 0.570782 0.377198 0.332000 0.455655 0.615127 0.523878 0.389990 0.530700 0.611716 0.530700 0.458213 0.622802 0.519614 0.626213 0.533259 0.851350 0.478680 0.875228 0.471858 1.000000 0.376345 1.000000 0.193763 0.085779 0.092270 0.012647 0.518085 0.241036 0.028268 0.152850
0.555126 0.273648 0.548444 0.263625 0.555126 0.263625 0.488307 0.273648 0.555126 0.273648 0.448215 0.373878 0.575172 0.377219 0.331280 0.454061 0.611923 0.520881 0.394759 0.524222 0.605241 0.520881 0.454897 0.624452 0.521716 0.624452 0.528398 0.854980 0.481625 0.865003 0.494989 1.000000 0.374713 1.000000 0.145407 0.107913 0.089760 0.015212 0.542770 0.579719 0.029821 0.150815
0.505850 0.273511 0.502507 0.263482 0.512536 0.263482 0.479106 0.273511 0.559338 0.273511 0.445676 0.373802 0.576053 0.377145 0.328671 0.457377 0.602797 0.517551 0.395531 0.524237 0.596111 0.524237 0.452362 0.624527 0.525908 0.624527 0.515879 0.858537 0.479106 0.865223 0.519222 1.000000 0.352072 1.000000 0.079883 0.142701 0.075880 0.002526 0.552568 0.309913 0.027702 0.145497
0.552709 0.283308 0.542669 0.269921 0.556055 0.269921 0.482430 0.276615 0.559402 0.276615 0.445618 0.373666 0.572788 0.377013 0.328487 0.460677 0.602908 0.500837 0.398765 0.527609 0.599561 0.530956 0.452311 0.624661 0.529283 0.624661 0.512550 0.862269 0.495817 0.855576 0.532629 1.000000 0.348566 1.000000 0.052197 0.204187 0.070547 0.009542 0.554389 0.111175 0.023457 0.124846
0.568587 0.290934 0.561976 0.274407 0.568587 0.274407 0.489257 0.277712 0.552060 0.281018 0.442982 0.373569 0.571892 0.376874 0.337209 0.466120 0.601641 0.492563 0.416539 0.538838 0.598335 0.535533 0.456204 0.621473 0.528922 0.628084 0.509090 0.859461 0.502479 0.859461 0.542144 1.000000 0.350431 0.961929 0.025675 0.275020 0.052644 0.017705 0.535020 0.104553 0.018950 0.105826
0.562829 0.286692 0.559726 0.274282 0.559726 0.274282 0.491468 0.280487 0.547316 0.283590 0.444928 0.376669 0.565931 0.373567 0.351848 0.463544 0.587650 0.491468 0.426312 0.528700 0.587650 0.544213 0.460441 0.624882 0.528700 0.624882 0.510084 0.838965 0.513186 0.829658 0.544213 1.000000 0.370464 0.891711 0.021480 0.345384 0.052661 0.022748 0.532161 0.057986 0.013831 0.096598
0.557609 0.277794 0.551624 0.265823 0.554616 0.265823 0.488777 0.274801 0.542646 0.277794 0.446880 0.376552 0.560602 0.373560 0.357100 0.472318 0.578558 0.487281 0.431917 0.529179 0.572572 0.550127 0.464836 0.624944 0.527682 0.624944 0.509726 0.828446 0.512719 0.819468 0.536660 1.000000 0.381041 0.846402 0.026605 0.411340 0.046138 0.017010 0.532875 0.080072 0.009527 0.093546
0.553015 0.279610 0.546956 0.267493 0.553015 0.267493 0.486368 0.273551 0.546956 0.276581 0.446985 0.376551 0.559074 0.373522 0.365191 0.479551 0.577250 0.476522 0.443956 0.534081 0.568162 0.552257 0.465162 0.624963 0.528779 0.624963 0.507574 0.830963 0.528779 0.827934 0.528779 1.000000 0.392456 0.843081 0.031495 0.464777 0.041381 0.038167 0.520881 0.093615 0.007715 0.064631
0.557772 0.272035 0.551526 0.259544 0.557772 0.259544 0.489070 0.268912 0.548404 0.272035 0.445351 0.375088 0.564018 0.375088 0.370404 0.487509 0.573386 0.475018 0.448474 0.537474 0.582754 0.559333 0.457842 0.624912 0.532789 0.624912 0.507807 0.843509 0.548404 0.843509 0.514053 1.000000 0.423491 0.837263 0.062029 0.538600 0.055625 0.062281 0.505949 0.005467 0.011931 0.048830
0.556113 0.282283 0.550127 0.267320 0.556113 0.267320 0.487281 0.273305 0.544142 0.276298 0.448376 0.381041 0.559105 0.369071 0.379545 0.494763 0.559105 0.461843 0.457354 0.536660 0.577061 0.548631 0.460347 0.626440 0.532171 0.623448 0.508230 0.829942 0.559105 0.826949 0.499252 1.000000 0.430420 0.817971 0.088468 0.564058 0.058043 0.075464 0.516023 0.064941 0.009527 0.031673
0.559507 0.287263 0.553556 0.272386 0.559507 0.272386 0.488099 0.281312 0.547606 0.281312 0.446444 0.382474 0.559507 0.367597 0.389912 0.501488 0.556532 0.456857 0.467271 0.534217 0.580334 0.549093 0.458345 0.626452 0.535704 0.623477 0.508926 0.822825 0.577359 0.813899 0.488099 1.000000 0.455370 0.822825 0.114393 0.545301 0.064730 0.098076 0.513753 0.090997 0.007577 0.011694
0.562126 0.290695 0.553251 0.278862 0.562126 0.275903 0.485208 0.284778 0.547334 0.287737 0.446749 0.385363 0.556209 0.364654 0.402374 0.506656 0.550292 0.450447 0.473375 0.533282 0.582834 0.548074 0.458583 0.627950 0.538459 0.622033 0.497042 0.823202 0.588751 0.802494 0.482250 1.000000 0.470416 0.829119 0.086722 0.516068 0.046390 0.108432 0.497440 0.124334 0.003768 0.024609
0.562490 0.294150 0.553668 0.282387 0.562490 0.279446 0.483091 0.288268 0.547787 0.288268 0.450743 0.388253 0.553668 0.361786 0.409573 0.511763 0.541905 0.452949 0.480150 0.538229 0.586016 0.552933 0.459565 0.626451 0.536024 0.623510 0.477209 0.823479 0.591897 0.794072 0.456624 1.000000 0.494854 0.852886 0.062064 0.427332 0.016646 0.122194 0.488216 0.173102 0.005617 0.072338
0.564367 0.292680 0.558379 0.280704 0.564367 0.277711 0.489522 0.286692 0.546404 0.286692 0.450602 0.388481 0.552391 0.361537 0.411683 0.514221 0.537422 0.448357 0.492516 0.535177 0.576342 0.538171 0.459584 0.627985 0.537422 0.621997 0.477547 0.831563 0.603286 0.783662 0.429646 1.000000 0.510478 0.888445 0.104839 0.353878 0.016082 0.141420 0.514800 0.184506 0.003812 0.095133
0.566300 0.283573 0.560203 0.274428 0.563252 0.271380 0.490093 0.283573 0.548010 0.283573 0.450466 0.387214 0.554107 0.362828 0.410838 0.518290 0.535817 0.448179 0.490093 0.530483 0.578493 0.539627 0.456562 0.628027 0.538865 0.621931 0.459610 0.835310 0.605927 0.789586 0.407790 1.000000 0.526672 0.920661 0.084925 0.294226 0.003379 0.139822 0.544863 0.206176 0.005822 0.116438
0.567480 0.282992 0.561345 0.273790 0.567480 0.270723 0.490798 0.279925 0.552143 0.282992 0.450924 0.387278 0.552143 0.362740 0.414117 0.513036 0.533740 0.445556 0.490798 0.525305 0.573614 0.528372 0.457058 0.626524 0.539874 0.623457 0.450924 0.835097 0.604287 0.798290 0.389579 1.000000 0.539874 0.966989 0.084298 0.228459 0.017519 0.127329 0.540131 0.212438 0.003905 0.121720
0.567423 0.294701 0.558332 0.279550 0.564393 0.279550 0.485606 0.285610 0.549242 0.291671 0.452274 0.388638 0.546211 0.361366 0.409850 0.512879 0.515909 0.440153 0.509848 0.534090 0.576514 0.537121 0.461364 0.624998 0.540151 0.624998 0.431062 0.834085 0.600756 0.809843 0.376517 1.000000 0.552272 0.988627 0.038938 0.185142 0.058050 0.108165 0.538206 0.294683 0.001931 0.146661
0.568592 0.294223 0.562495 0.278980 0.565544 0.278980 0.492379 0.285077 0.550301 0.288126 0.452747 0.388728 0.544204 0.361291 0.407019 0.510670 0.513718 0.437505 0.504573 0.525913 0.574690 0.532010 0.461893 0.626515 0.541155 0.623466 0.428359 0.833817 0.599078 0.818574 0.361291 1.000000 0.562495 1.000000 0.059129 0.149109 0.063286 0.095561 0.564863 0.303500 0.003881 0.142909
0.576256 0.293243 0.573112 0.277520 0.576256 0.274376 0.500786 0.280665 0.557389 0.280665 0.456762 0.387581 0.544810 0.362424 0.409593 0.519654 0.522798 0.441039 0.503931 0.529087 0.582546 0.535377 0.456762 0.626570 0.541666 0.623425 0.434750 0.837258 0.601413 0.840402 0.349846 1.000000 0.585690 1.000000 0.099504 0.107910 0.033136 0.089366 0.577462 0.266609 0.002002 0.118667
0.577829 0.290098 0.574684 0.277520 0.577829 0.274376 0.502358 0.280665 0.558961 0.280665 0.458334 0.384436 0.543238 0.365569 0.408021 0.516509 0.527515 0.444183 0.502358 0.532232 0.584118 0.535377 0.458334 0.626570 0.540094 0.623425 0.439467 0.834113 0.596696 0.843547 0.341984 1.000000 0.596696 1.000000 0.134515 0.080115 0.028858 0.083997 0.563290 0.239652 0.002002 0.108973
0.577342 0.287504 0.574217 0.271879 0.577342 0.271879 0.499219 0.275004 0.558593 0.278129 0.455470 0.384377 0.546093 0.365628 0.399221 0.509375 0.530468 0.443751 0.492969 0.531249 0.586717 0.537499 0.458595 0.624998 0.539843 0.624998 0.446095 0.831244 0.589842 0.843743 0.336722 0.981241 0.599217 1.000000 0.181278 0.058454 0.023401 0.079196 0.561632 0.234854 0.001990 0.090796
0.575907 0.287613 0.572840 0.275345 0.575907 0.272278 0.502300 0.278412 0.557506 0.278412 0.456296 0.382689 0.548305 0.367354 0.394956 0.502300 0.532970 0.444028 0.486965 0.529903 0.585108 0.539104 0.459363 0.624979 0.536037 0.624979 0.459363 0.830465 0.582041 0.839666 0.336684 0.940876 0.597376 1.000000 0.266738 0.045425 0.004030 0.082339 0.558058 0.222498 0.005858 0.067193
0.572039 0.289764 0.569099 0.278003 0.572039 0.275062 0.501470 0.280943 0.554397 0.280943 0.457365 0.380915 0.548516 0.369154 0.395617 0.495589 0.536755 0.451484 0.480888 0.527933 0.583800 0.536755 0.460305 0.624965 0.533814 0.624965 0.472067 0.816089 0.574979 0.827850 0.342691 0.892538 0.586741 1.000000 0.349679 0.045806 0.015729 0.081993 0.541825 0.205648 0.007489 0.044156
0.568353 0.288327 0.565413 0.276567 0.565413 0.276567 0.497795 0.282447 0.550713 0.285387 0.459576 0.379464 0.547773 0.370644 0.386079 0.488240 0.538954 0.452962 0.471336 0.532339 0.580112 0.541159 0.459576 0.623476 0.533074 0.626416 0.477216 0.820450 0.571293 0.835149 0.339040 0.858668 0.565413 1.000000 0.442534 0.066867 0.028429 0.075917 0.537200 0.172958 0.009360 0.029214
