0.566357 0.292907 0.561982 0.281240 0.567816 0.278323 0.497812 0.284157 0.559065 0.285615 0.455519 0.373119 0.561982 0.377494 0.416142 0.483958 0.561982 0.502917 0.493437 0.501458 0.610109 0.545210 0.451144 0.623964 0.531356 0.625423 0.471561 0.809181 0.575108 0.794597 0.370931 0.960855 0.550315 0.978356 0.221408 0.123245 0.040500 0.119679 0.537782 0.270508 0.022301 0.045608
0.564004 0.288969 0.558152 0.274340 0.564004 0.275803 0.496708 0.283117 0.561078 0.284580 0.454283 0.373820 0.562541 0.376746 0.410394 0.489394 0.569856 0.508412 0.489394 0.518653 0.616670 0.549375 0.454283 0.622522 0.528893 0.626911 0.477690 0.799539 0.577171 0.789299 0.373820 0.945835 0.534745 0.972168 0.238374 0.164548 0.041848 0.134542 0.502617 0.253524 0.021437 0.050136
0.558989 0.285563 0.551569 0.272207 0.557505 0.273691 0.493693 0.281111 0.560473 0.285563 0.450657 0.373119 0.567893 0.377571 0.404653 0.488870 0.585701 0.515582 0.480337 0.524486 0.624284 0.543778 0.452141 0.622429 0.529309 0.626881 0.492209 0.794573 0.573829 0.793089 0.385362 0.937036 0.515953 0.981556 0.277626 0.178145 0.070899 0.132180 0.480408 0.258275 0.023640 0.010513
0.552958 0.287422 0.546991 0.273996 0.554450 0.275488 0.490303 0.281455 0.561909 0.285931 0.447042 0.372453 0.573843 0.378420 0.394830 0.487320 0.599203 0.514172 0.476878 0.520139 0.615612 0.527598 0.450026 0.621580 0.529090 0.627547 0.499254 0.782691 0.557433 0.805068 0.403781 0.931868 0.491795 0.994523 0.275611 0.156558 0.090582 0.106975 0.514681 0.222939 0.026622 0.043996
0.551696 0.292107 0.545788 0.277337 0.553173 0.278814 0.489661 0.284722 0.559081 0.286199 0.445350 0.373344 0.578283 0.377775 0.387745 0.484122 0.612255 0.507754 0.470459 0.509231 0.569421 0.473783 0.448304 0.621486 0.528064 0.627394 0.502954 0.775098 0.538403 0.806116 0.429102 0.937572 0.468982 0.996653 0.244600 0.129609 0.105011 0.081589 0.558820 0.794808 0.030135 0.090406
0.547658 0.297454 0.541701 0.282561 0.549147 0.284050 0.489575 0.290007 0.558083 0.287029 0.441917 0.373409 0.583401 0.377877 0.382345 0.485107 0.626591 0.505957 0.465746 0.511914 0.586380 0.462767 0.446385 0.620634 0.528297 0.628081 0.497021 0.772544 0.519361 0.817223 0.456810 0.903603 0.455321 1.000000 0.197177 0.084509 0.096664 0.053975 0.556964 0.864889 0.032292 0.117443
0.496288 0.287287 0.493318 0.275407 0.502227 0.275407 0.481439 0.282832 0.549744 0.284317 0.441346 0.377866 0.583897 0.373411 0.377495 0.486265 0.631414 0.504084 0.459165 0.515963 0.591322 0.450627 0.444316 0.622876 0.530441 0.625846 0.487378 0.801065 0.514107 0.826309 0.494803 0.973315 0.429467 1.000000 0.061766 0.098803 0.071620 0.040546 0.558426 0.906184 0.032196 0.101357
0.537658 0.293442 0.530201 0.280019 0.539149 0.280019 0.479493 0.288968 0.549589 0.288968 0.436243 0.373977 0.585382 0.376960 0.376587 0.485832 0.634598 0.497763 0.457122 0.515660 0.574943 0.460478 0.443700 0.620057 0.534675 0.629006 0.489933 0.806482 0.494407 0.831835 0.516778 0.976501 0.415363 1.000000 0.027532 0.057506 0.067737 0.000824 0.543052 0.800954 0.027569 0.139762
0.531142 0.294611 0.523727 0.282747 0.532625 0.282747 0.480722 0.293128 0.548937 0.290162 0.434750 0.374690 0.586011 0.376173 0.378398 0.487395 0.636432 0.496293 0.456994 0.521503 0.583045 0.460702 0.443648 0.620861 0.535591 0.628276 0.491102 0.806230 0.497034 0.826992 0.526693 0.975287 0.406574 1.000000 0.013726 0.080556 0.068274 0.001829 0.517256 0.813669 0.026465 0.140778
0.509220 0.293464 0.503319 0.280186 0.512171 0.281662 0.476765 0.291988 0.546102 0.289038 0.433982 0.374603 0.584459 0.376078 0.376447 0.488198 0.633142 0.498525 0.456111 0.526555 0.575607 0.474921 0.445784 0.620971 0.535775 0.628348 0.488567 0.812755 0.503319 0.827508 0.525448 0.979460 0.403002 0.997163 0.000555 0.118557 0.054627 0.009262 0.506400 0.744381 0.023501 0.121284
0.525757 0.295048 0.519870 0.281801 0.527229 0.283273 0.478658 0.289160 0.544891 0.287688 0.434504 0.375998 0.581687 0.374526 0.374159 0.489329 0.627313 0.495217 0.453637 0.529069 0.574327 0.479026 0.447750 0.621794 0.536060 0.627681 0.490433 0.808716 0.516926 0.820491 0.516926 0.985336 0.415370 0.969146 0.024067 0.159291 0.054322 0.025276 0.508160 0.709444 0.020628 0.102945
0.535524 0.293380 0.528274 0.278881 0.538424 0.280330 0.480425 0.286130 0.548574 0.287580 0.438377 0.376028 0.579023 0.374578 0.378928 0.490575 0.619622 0.497825 0.449976 0.528274 0.567423 0.499275 0.449976 0.621072 0.532624 0.628322 0.489125 0.790718 0.538424 0.812467 0.505075 0.971963 0.434027 0.945864 0.044253 0.221395 0.057135 0.067591 0.497099 0.592452 0.022172 0.062170
0.544917 0.294558 0.537554 0.281303 0.546390 0.281303 0.486009 0.285721 0.555226 0.288667 0.441828 0.375556 0.581735 0.375556 0.382920 0.490427 0.609716 0.505154 0.450664 0.524300 0.569953 0.530190 0.447719 0.620025 0.528718 0.628862 0.503682 0.771714 0.567008 0.807059 0.481591 0.920457 0.466864 0.941075 0.159434 0.271645 0.104835 0.133048 0.503248 0.388822 0.030046 0.045131
0.543446 0.293165 0.536020 0.279797 0.544932 0.279797 0.488489 0.285739 0.559785 0.287224 0.443928 0.374859 0.580580 0.376345 0.388970 0.487746 0.596919 0.505570 0.464723 0.521909 0.580580 0.538248 0.445413 0.621427 0.530078 0.627369 0.492945 0.787786 0.583551 0.795213 0.469179 0.960087 0.484033 0.931865 0.132215 0.298530 0.086668 0.161368 0.509357 0.187617 0.031255 0.009587
0.562516 0.296271 0.556632 0.281561 0.562516 0.283032 0.494852 0.288916 0.562516 0.291858 0.450723 0.374232 0.575755 0.377174 0.399239 0.484555 0.587523 0.505148 0.472787 0.515445 0.580168 0.543394 0.444839 0.621355 0.528684 0.627239 0.480142 0.797871 0.599290 0.789046 0.437484 0.989098 0.512503 0.950852 0.132697 0.287679 0.070410 0.190195 0.512414 0.089663 0.033775 0.068138
0.565278 0.302354 0.559475 0.287847 0.565278 0.287847 0.498549 0.292199 0.568179 0.292199 0.455031 0.376335 0.569630 0.374884 0.410062 0.488032 0.573981 0.501088 0.486944 0.505440 0.585586 0.543156 0.446327 0.622940 0.529012 0.625841 0.466636 0.807168 0.597191 0.786859 0.417315 0.995748 0.539167 0.969637 0.116375 0.225342 0.046178 0.178570 0.550956 0.074707 0.031450 0.092546
0.570494 0.302618 0.566156 0.291050 0.571940 0.289604 0.503977 0.295388 0.561817 0.296834 0.456258 0.376365 0.569048 0.374919 0.421553 0.487709 0.566156 0.494939 0.499638 0.507953 0.595076 0.539766 0.446136 0.623635 0.528559 0.625081 0.451920 0.815956 0.589292 0.800050 0.396971 1.000000 0.561817 0.983695 0.100093 0.153616 0.022593 0.157421 0.515429 0.190049 0.032275 0.096775
0.567472 0.308711 0.564601 0.297226 0.570343 0.295791 0.502871 0.298662 0.564601 0.300097 0.456933 0.376182 0.564601 0.374747 0.429657 0.489592 0.558858 0.491028 0.517227 0.511126 0.594747 0.535530 0.448320 0.623100 0.530147 0.625971 0.442577 0.812595 0.584698 0.799675 0.382284 1.000000 0.578956 0.983427 0.089115 0.106804 0.001458 0.140244 0.498379 0.231731 0.027451 0.106503
0.569603 0.306898 0.566747 0.295476 0.572458 0.294048 0.503926 0.296903 0.563892 0.298331 0.458238 0.375429 0.562464 0.375429 0.439678 0.489649 0.558181 0.492504 0.538192 0.498215 0.598157 0.536764 0.449672 0.623857 0.529626 0.625285 0.441106 0.815175 0.581024 0.800897 0.371146 0.992215 0.586735 0.979365 0.105546 0.080450 0.003273 0.132229 0.523667 0.245469 0.026389 0.104876
0.572054 0.300579 0.567687 0.290389 0.573509 0.287478 0.503639 0.291845 0.566231 0.291845 0.459970 0.376271 0.563320 0.374816 0.438136 0.491266 0.563320 0.492722 0.540030 0.488355 0.611356 0.545125 0.449781 0.623729 0.526929 0.625184 0.449781 0.818783 0.582243 0.799860 0.358076 0.987636 0.574965 0.984725 0.158370 0.110144 0.013100 0.143562 0.568820 0.236169 0.029697 0.097618
0.571571 0.293685 0.568650 0.282000 0.574492 0.280540 0.504382 0.284922 0.567189 0.286382 0.457642 0.374020 0.564268 0.376942 0.431350 0.489410 0.574492 0.498174 0.511685 0.498174 0.612469 0.540533 0.448878 0.623789 0.529213 0.625249 0.466405 0.812211 0.583256 0.793222 0.352476 0.967038 0.558425 0.978723 0.231456 0.141440 0.040689 0.143726 0.536721 0.205873 0.027932 0.069558
0.568000 0.289384 0.563589 0.277622 0.570941 0.277622 0.501838 0.282032 0.568000 0.284973 0.454789 0.373189 0.565059 0.377600 0.422443 0.492281 0.581232 0.501103 0.497427 0.506984 0.615049 0.543741 0.448908 0.623135 0.531243 0.626076 0.478314 0.802508 0.581232 0.789276 0.359222 0.940714 0.538595 0.976000 0.278119 0.166072 0.059210 0.137668 0.522786 0.171986 0.025299 0.042890
0.569183 0.287965 0.564695 0.275998 0.570678 0.274502 0.500374 0.280486 0.566191 0.283477 0.451011 0.373228 0.570678 0.377715 0.412119 0.492895 0.596108 0.510845 0.485416 0.522812 0.617049 0.542257 0.448020 0.623033 0.530291 0.626024 0.491399 0.801038 0.575166 0.795054 0.377715 0.935663 0.519820 0.986522 0.299306 0.172172 0.079900 0.133925 0.476670 0.127090 0.027651 0.006513
0.565249 0.289713 0.559283 0.274799 0.566740 0.276291 0.496644 0.279274 0.565249 0.283748 0.444446 0.371740 0.577180 0.379197 0.395230 0.492543 0.607008 0.517897 0.474273 0.522371 0.598059 0.500000 0.447428 0.622294 0.530946 0.626769 0.487696 0.795296 0.553317 0.811702 0.399704 0.933996 0.493662 1.000000 0.252745 0.134730 0.069004 0.097085 0.508288 0.919843 0.027569 0.034474
0.559607 0.295100 0.553647 0.278708 0.561098 0.280198 0.494039 0.283178 0.564078 0.286159 0.443373 0.372589 0.580470 0.378550 0.385256 0.485843 0.616234 0.505216 0.464236 0.523098 0.559607 0.505216 0.446353 0.621450 0.529804 0.627411 0.492549 0.792821 0.534274 0.816664 0.432942 0.964192 0.467216 1.000000 0.190363 0.115911 0.080001 0.071450 0.510621 0.587595 0.030404 0.076295
0.554360 0.289263 0.548403 0.278838 0.557338 0.278838 0.491809 0.284795 0.558828 0.284795 0.442662 0.374153 0.582657 0.377132 0.378621 0.482873 0.622868 0.508191 0.457555 0.526063 0.576699 0.490319 0.444151 0.621379 0.530531 0.627336 0.496277 0.776267 0.520106 0.822435 0.514148 0.916262 0.451597 1.000000 0.062917 0.083388 0.101416 0.048387 0.510076 0.712323 0.032292 0.120326
0.557083 0.296711 0.549717 0.283453 0.558556 0.284926 0.489320 0.292292 0.555610 0.289346 0.439234 0.373313 0.583599 0.377732 0.377364 0.483796 0.626319 0.504419 0.456912 0.527989 0.576233 0.485269 0.445127 0.620795 0.532040 0.628160 0.493739 0.794621 0.505524 0.828503 0.509943 0.978760 0.439234 1.000000 0.058862 0.053900 0.079224 0.022745 0.501079 0.719773 0.029113 0.128687
0.548011 0.292565 0.540681 0.279371 0.549477 0.280837 0.484974 0.288167 0.550943 0.289633 0.436597 0.373193 0.583194 0.377591 0.377958 0.480209 0.627173 0.502199 0.449790 0.528586 0.580262 0.481675 0.445392 0.620943 0.534817 0.628273 0.490838 0.810053 0.499634 0.833509 0.521623 0.975708 0.435131 1.000000 0.016582 0.044877 0.063773 0.006640 0.470896 0.739275 0.025225 0.129112
0.534588 0.292840 0.528701 0.281065 0.537532 0.281065 0.481602 0.289896 0.549306 0.289896 0.434504 0.373791 0.581687 0.376734 0.380046 0.485650 0.624370 0.501840 0.452166 0.529805 0.572856 0.482706 0.446278 0.621058 0.537532 0.628417 0.493377 0.806509 0.500736 0.831530 0.527229 0.969882 0.428616 1.000000 0.014131 0.058504 0.064021 0.001767 0.469344 0.717860 0.020628 0.136213
0.521461 0.290844 0.517096 0.280659 0.525826 0.279204 0.479266 0.285024 0.549106 0.286479 0.435616 0.375234 0.579661 0.375234 0.383236 0.488724 0.617491 0.501819 0.453076 0.533829 0.569476 0.488724 0.445801 0.622584 0.538921 0.626949 0.502546 0.801549 0.514186 0.826284 0.528736 0.970329 0.431251 0.990699 0.048734 0.109411 0.084636 0.011778 0.455108 0.677189 0.019464 0.137033
0.510683 0.288187 0.506262 0.277872 0.513630 0.276399 0.475319 0.283766 0.546046 0.283766 0.434062 0.378069 0.576990 0.372175 0.382490 0.495948 0.610880 0.501842 0.448796 0.534258 0.559308 0.493001 0.448796 0.622668 0.540152 0.627088 0.500368 0.799486 0.529838 0.815694 0.519524 0.971883 0.445849 0.963042 0.055111 0.147516 0.071182 0.028292 0.464506 0.635416 0.014075 0.107725
0.528839 0.286813 0.524458 0.276592 0.531759 0.275131 0.479192 0.283893 0.547821 0.282432 0.436847 0.377344 0.575565 0.372964 0.387201 0.498540 0.604768 0.505841 0.447068 0.533584 0.566803 0.511681 0.449989 0.622656 0.537600 0.627036 0.499635 0.793497 0.547821 0.813940 0.506936 0.965799 0.467511 0.940976 0.076541 0.196837 0.072985 0.064605 0.455181 0.520274 0.015809 0.072631
0.543079 0.287578 0.535651 0.274209 0.544564 0.275695 0.482174 0.281637 0.553477 0.283122 0.439096 0.378192 0.575759 0.372250 0.394532 0.502971 0.601012 0.505942 0.465834 0.528224 0.587642 0.537137 0.450980 0.621808 0.534166 0.627750 0.502971 0.786695 0.571302 0.806006 0.492573 0.948611 0.486631 0.939698 0.117641 0.245087 0.081712 0.116747 0.500841 0.188306 0.018925 0.031848
0.551744 0.292652 0.544299 0.277762 0.551744 0.279251 0.484737 0.283718 0.554722 0.285207 0.444534 0.377527 0.572590 0.373060 0.402841 0.501117 0.590459 0.504095 0.472825 0.521963 0.590459 0.539832 0.450490 0.623217 0.532386 0.626195 0.490694 0.795945 0.585992 0.795945 0.465380 0.988030 0.499628 0.959739 0.114501 0.251817 0.065078 0.147501 0.511414 0.043140 0.021820 0.024571
0.554057 0.292231 0.548173 0.281934 0.556999 0.280463 0.487865 0.286347 0.552586 0.287818 0.449621 0.377545 0.568766 0.373132 0.412847 0.495219 0.577592 0.490807 0.477568 0.517283 0.593772 0.546702 0.448150 0.624661 0.533464 0.624661 0.476097 0.807057 0.589359 0.789406 0.439324 1.000000 0.515813 0.971801 0.107977 0.226122 0.050291 0.148504 0.491830 0.065862 0.023432 0.055722
0.558167 0.296780 0.552350 0.285146 0.561075 0.283692 0.491275 0.289509 0.555259 0.289509 0.450558 0.378213 0.566892 0.372397 0.420021 0.494547 0.565438 0.485822 0.489821 0.516359 0.594521 0.543989 0.449104 0.625422 0.533446 0.623968 0.460737 0.813010 0.593067 0.789743 0.418566 1.000000 0.539263 0.974423 0.087069 0.200133 0.021587 0.151967 0.485302 0.151664 0.022236 0.090180
0.555511 0.296821 0.551157 0.285211 0.559865 0.283760 0.494558 0.289565 0.556963 0.291016 0.451019 0.378093 0.562768 0.372288 0.421994 0.497097 0.558414 0.484036 0.493106 0.523220 0.597598 0.547892 0.451019 0.624810 0.535193 0.624810 0.448117 0.817829 0.588891 0.796060 0.401676 1.000000 0.565670 0.983275 0.070371 0.135998 0.004785 0.131339 0.464091 0.187589 0.017563 0.101505
0.556798 0.297770 0.552457 0.286194 0.559692 0.283299 0.496021 0.289088 0.558245 0.291982 0.452608 0.377360 0.561139 0.373019 0.425113 0.494573 0.555351 0.487338 0.496021 0.516280 0.597316 0.546668 0.452608 0.624811 0.533645 0.624811 0.441031 0.815826 0.578504 0.801355 0.387489 1.000000 0.578504 0.983687 0.070302 0.079206 0.019268 0.113827 0.478781 0.212061 0.017512 0.098474
0.560395 0.297115 0.556056 0.285542 0.563289 0.282649 0.498192 0.288435 0.558949 0.289882 0.454794 0.376678 0.560395 0.373784 0.425862 0.492405 0.554609 0.493852 0.498192 0.518444 0.598007 0.544483 0.451901 0.624046 0.532910 0.625492 0.440328 0.813550 0.573415 0.804870 0.370891 0.987142 0.576308 0.984249 0.101704 0.065557 0.015691 0.105312 0.467985 0.240891 0.019352 0.090106
0.557275 0.294977 0.552897 0.283303 0.561653 0.281844 0.498906 0.286221 0.561653 0.289140 0.453669 0.375235 0.561653 0.375235 0.421566 0.490515 0.557275 0.502189 0.494528 0.516781 0.601052 0.545966 0.452210 0.623306 0.532468 0.626224 0.450751 0.811548 0.577705 0.801333 0.358819 0.969146 0.564571 0.980820 0.165624 0.103720 0.000601 0.117318 0.476459 0.260972 0.019521 0.082938
0.557190 0.290425 0.552763 0.278618 0.561618 0.277143 0.498155 0.283046 0.561618 0.287474 0.452403 0.373075 0.564570 0.377502 0.415506 0.488193 0.566046 0.507379 0.490776 0.517711 0.602942 0.536897 0.450927 0.622498 0.532100 0.626925 0.464210 0.805507 0.573425 0.793700 0.353519 0.945715 0.546859 0.975232 0.235786 0.123570 0.024946 0.118521 0.479769 0.281606 0.021627 0.054253
0.558467 0.287358 0.553998 0.275441 0.561447 0.273951 0.495904 0.279910 0.561447 0.281399 0.451215 0.372266 0.564426 0.378224 0.410996 0.486966 0.577832 0.515269 0.483987 0.519737 0.610604 0.521227 0.451215 0.622521 0.533144 0.626990 0.475049 0.799785 0.571874 0.793826 0.366307 0.920443 0.525696 0.974069 0.276022 0.152441 0.042543 0.112425 0.473023 0.411711 0.019928 0.030065
0.562563 0.290581 0.556569 0.275596 0.564062 0.277094 0.495130 0.280091 0.564062 0.284587 0.445678 0.371502 0.570056 0.378994 0.399224 0.489885 0.597029 0.513861 0.474150 0.518357 0.607519 0.491383 0.451673 0.621755 0.532593 0.627749 0.483142 0.795584 0.561065 0.798581 0.385737 0.922959 0.502622 0.984398 0.264815 0.149564 0.049385 0.100149 0.503436 0.798184 0.020047 0.004438
0.555720 0.290956 0.549737 0.278990 0.560208 0.278990 0.492895 0.284973 0.560208 0.284973 0.445028 0.373228 0.576662 0.377715 0.389682 0.486911 0.608074 0.515332 0.465970 0.513837 0.576662 0.471953 0.445028 0.623033 0.533282 0.626024 0.491399 0.786079 0.546745 0.805525 0.410624 0.928184 0.483920 1.000000 0.252726 0.122586 0.088200 0.078881 0.536215 0.871935 0.027651 0.064371
0.545611 0.288768 0.538134 0.276805 0.550097 0.276805 0.490280 0.282787 0.557575 0.285778 0.443921 0.374009 0.578511 0.377000 0.382608 0.486167 0.618888 0.508599 0.460371 0.516076 0.585988 0.474204 0.445416 0.622253 0.532152 0.626739 0.488784 0.792733 0.532152 0.815165 0.436444 0.964710 0.466352 1.000000 0.173333 0.103883 0.077374 0.058423 0.542369 0.851833 0.028599 0.079292
0.531962 0.290019 0.526015 0.279613 0.536421 0.279613 0.485877 0.287046 0.552774 0.288533 0.441280 0.374755 0.581019 0.376242 0.378843 0.486249 0.625617 0.505575 0.457632 0.520441 0.578046 0.478816 0.444253 0.621529 0.533448 0.627475 0.496284 0.783567 0.515609 0.819245 0.509663 0.941145 0.442766 1.000000 0.071938 0.076937 0.095064 0.030041 0.532166 0.768796 0.028430 0.128424
0.531061 0.294996 0.523753 0.284765 0.535446 0.284765 0.481363 0.292073 0.548602 0.290611 0.440436 0.376852 0.579297 0.373928 0.379044 0.485018 0.628995 0.498173 0.453591 0.524484 0.579297 0.483556 0.446283 0.622417 0.533985 0.626803 0.490134 0.800745 0.507674 0.824132 0.512059 0.973226 0.430204 1.000000 0.036503 0.076092 0.069173 0.014247 0.509336 0.712172 0.025151 0.118943
0.518700 0.296139 0.512833 0.285872 0.523099 0.284406 0.477634 0.293205 0.543632 0.290272 0.438035 0.378270 0.580298 0.372403 0.382303 0.488267 0.630163 0.498533 0.451235 0.532266 0.578831 0.482400 0.445368 0.623197 0.536299 0.626130 0.490834 0.802126 0.504033 0.825592 0.524566 0.967855 0.421902 1.000000 0.015290 0.076666 0.069678 0.003604 0.468443 0.716769 0.023363 0.130255
0.507388 0.290915 0.501478 0.280571 0.511821 0.279094 0.473403 0.287959 0.539896 0.286482 0.433506 0.378095 0.578315 0.372185 0.387700 0.496306 0.627077 0.500739 0.460104 0.539157 0.579792 0.484485 0.448283 0.623383 0.539896 0.626338 0.492612 0.803654 0.507388 0.821386 0.531030 0.973582 0.418730 0.997224 0.005975 0.096083 0.057598 0.004812 0.447571 0.720793 0.015057 0.129319
0.510443 0.285543 0.504476 0.275100 0.516411 0.275100 0.468671 0.284051 0.538789 0.281068 0.431374 0.379531 0.576086 0.370580 0.392585 0.500373 0.625317 0.500373 0.459719 0.537670 0.573102 0.489930 0.450768 0.624198 0.541772 0.625690 0.498508 0.801731 0.516411 0.819634 0.529837 0.974788 0.423914 0.976280 0.026610 0.128392 0.058439 0.001168 0.437452 0.678234 0.009499 0.125008
