0.415744 0.298748 0.417670 0.283341 0.417670 0.287193 0.436928 0.287193 0.487000 0.294896 0.442706 0.366153 0.529369 0.385412 0.461964 0.460520 0.525518 0.500963 0.419595 0.562590 0.454261 0.574145 0.479297 0.622292 0.548628 0.626144 0.392633 0.782138 0.521666 0.811026 0.488926 0.928503 0.564035 0.978575 0.343366 0.124935 0.203307 0.071506 0.189320 0.235150 0.035629 0.112045
0.414864 0.301822 0.418648 0.286686 0.418648 0.288578 0.441351 0.290470 0.486757 0.299930 0.447026 0.364255 0.528379 0.386958 0.475405 0.445607 0.526487 0.496689 0.428107 0.551555 0.464054 0.570474 0.477297 0.621556 0.547298 0.627231 0.395945 0.778585 0.547298 0.812639 0.458378 0.952641 0.600272 0.984804 0.261778 0.095015 0.189429 0.025012 0.240489 0.218048 0.031366 0.152152
0.419322 0.299976 0.423141 0.284700 0.421232 0.288519 0.447965 0.288519 0.489975 0.298066 0.453694 0.366810 0.526256 0.383996 0.489975 0.437463 0.514799 0.471834 0.440327 0.546306 0.444146 0.489020 0.474699 0.622688 0.545352 0.626507 0.405955 0.790727 0.568266 0.813642 0.430779 0.983590 0.635100 0.991229 0.164352 0.075792 0.149677 0.013771 0.287226 0.382763 0.025556 0.162389
0.423843 0.306104 0.429450 0.291153 0.425712 0.293022 0.455614 0.296760 0.489254 0.302366 0.463090 0.367777 0.521025 0.382728 0.504205 0.442532 0.491123 0.438794 0.446270 0.541582 0.427581 0.414499 0.472434 0.623813 0.543451 0.625682 0.420106 0.805094 0.577091 0.814438 0.412630 0.990112 0.653715 0.993850 0.076598 0.072342 0.101064 0.026840 0.328524 0.460289 0.020240 0.145591
0.422680 0.308080 0.428202 0.293352 0.424521 0.295193 0.453976 0.298875 0.488954 0.304398 0.461340 0.368831 0.522092 0.381718 0.501841 0.447993 0.490795 0.442470 0.442930 0.545564 0.420839 0.425901 0.474227 0.624725 0.542342 0.624725 0.428202 0.819867 0.568116 0.814344 0.406111 0.992918 0.663846 0.978190 0.033309 0.125312 0.089742 0.016537 0.323433 0.422607 0.021112 0.116728
0.418788 0.308044 0.424325 0.293278 0.420633 0.295123 0.448319 0.296969 0.487080 0.302506 0.457548 0.367107 0.522149 0.383719 0.492617 0.453857 0.527686 0.496309 0.429862 0.553526 0.461240 0.570138 0.477851 0.623664 0.542452 0.625510 0.433554 0.815621 0.538760 0.811929 0.426171 0.994657 0.660579 0.954051 0.059073 0.231865 0.097330 0.032968 0.301150 0.248904 0.025879 0.065890
0.416998 0.298424 0.420793 0.283247 0.418895 0.285144 0.443559 0.287041 0.487194 0.292733 0.453045 0.368620 0.530829 0.381900 0.475811 0.469171 0.549801 0.495731 0.405615 0.548852 0.492886 0.562133 0.473914 0.624740 0.542212 0.624740 0.439764 0.825841 0.508063 0.808766 0.454942 0.996587 0.652249 0.930186 0.081762 0.335621 0.079421 0.073313 0.300756 0.278131 0.020547 0.004862
0.414759 0.291472 0.416685 0.276061 0.416685 0.279914 0.435949 0.279914 0.487960 0.285693 0.443654 0.368526 0.539972 0.382011 0.459065 0.478328 0.563088 0.503371 0.382011 0.532266 0.505297 0.557309 0.472549 0.624732 0.543825 0.624732 0.439801 0.821220 0.487960 0.801956 0.476402 0.990739 0.630511 0.907906 0.120255 0.393747 0.088317 0.102251 0.349985 0.320885 0.020863 0.044630
0.410055 0.284633 0.412054 0.270641 0.412054 0.272640 0.428044 0.274639 0.484010 0.278636 0.436039 0.372578 0.539975 0.378575 0.428044 0.504497 0.583948 0.502498 0.348094 0.504497 0.515990 0.542474 0.478014 0.626422 0.545972 0.622425 0.446033 0.830297 0.464022 0.792320 0.505996 1.000000 0.585947 0.904251 0.155225 0.406653 0.101689 0.150884 0.480732 0.439284 0.030586 0.093531
0.408481 0.287294 0.410492 0.271202 0.410492 0.273214 0.428595 0.275225 0.482903 0.279248 0.428595 0.373784 0.543245 0.377807 0.396412 0.510560 0.599565 0.492457 0.338082 0.476366 0.537211 0.550788 0.480892 0.625210 0.547268 0.623199 0.466812 0.828362 0.444686 0.776066 0.547268 1.000000 0.533188 0.906807 0.160603 0.377548 0.087304 0.193349 0.595214 0.405948 0.035930 0.166106
0.415329 0.291541 0.415329 0.275696 0.417310 0.277677 0.429193 0.279658 0.488612 0.283619 0.429193 0.372746 0.544068 0.378688 0.375717 0.507427 0.613390 0.477718 0.351950 0.449990 0.555952 0.535156 0.486631 0.626264 0.540107 0.622302 0.496534 0.836208 0.433155 0.762925 0.577739 1.000000 0.496534 0.915432 0.122409 0.332346 0.055916 0.201799 0.754803 0.444400 0.034109 0.221977
0.431195 0.294073 0.431195 0.280409 0.433147 0.282361 0.442906 0.282361 0.507320 0.290169 0.431195 0.368245 0.560022 0.381909 0.380445 0.497072 0.634194 0.467793 0.372637 0.424851 0.569781 0.526351 0.462426 0.621995 0.546358 0.627851 0.433147 0.780100 0.548310 0.821091 0.474137 0.951869 0.614675 0.998715 0.132852 0.110602 0.097266 0.020881 0.846269 0.491897 0.011186 0.061501
0.435180 0.298963 0.437059 0.285811 0.438937 0.285811 0.448332 0.287690 0.508455 0.295205 0.433301 0.366602 0.559184 0.383511 0.380693 0.488727 0.636217 0.460544 0.386330 0.426725 0.564820 0.516910 0.463362 0.622125 0.544153 0.627762 0.444574 0.783706 0.564820 0.819404 0.442695 0.954682 0.634338 0.994138 0.033350 0.086333 0.074124 0.053759 0.899386 0.537277 0.009570 0.071043
0.433233 0.301139 0.433233 0.287690 0.437076 0.287690 0.446682 0.287690 0.506244 0.295375 0.435154 0.366466 0.554278 0.383758 0.373671 0.491354 0.634975 0.468298 0.398648 0.441399 0.563885 0.518253 0.477424 0.623928 0.533143 0.625849 0.531222 0.825670 0.463975 0.810299 0.642661 1.000000 0.419783 0.990907 0.094547 0.037817 0.031155 0.086482 0.998037 0.547622 0.013459 0.197153
0.428561 0.300463 0.428561 0.286668 0.430532 0.288639 0.444327 0.288639 0.503449 0.296522 0.428561 0.367468 0.552717 0.383234 0.371410 0.497537 0.627605 0.477829 0.404912 0.448268 0.556659 0.523156 0.475859 0.623664 0.542863 0.625634 0.507390 0.842415 0.460093 0.822708 0.643371 1.000000 0.424619 1.000000 0.167865 0.067571 0.012542 0.113637 0.941693 0.532186 0.023860 0.172138
0.430936 0.296260 0.430936 0.282447 0.432909 0.282447 0.446722 0.282447 0.507893 0.292314 0.430936 0.365325 0.555251 0.385057 0.381604 0.495560 0.624316 0.483721 0.413176 0.448202 0.547358 0.517266 0.474348 0.623822 0.539465 0.625796 0.482241 0.844828 0.468428 0.832989 0.638129 0.986903 0.438829 1.000000 0.253382 0.055800 0.041599 0.084294 0.928089 0.563554 0.017596 0.116500
0.431922 0.293300 0.431922 0.277514 0.433896 0.279488 0.449682 0.281461 0.506906 0.291327 0.433896 0.364338 0.552292 0.386044 0.394430 0.504440 0.611490 0.494574 0.414163 0.478787 0.538479 0.524172 0.473361 0.622836 0.540452 0.626782 0.449682 0.832002 0.479281 0.822136 0.603596 0.956318 0.469414 1.000000 0.319618 0.079857 0.084107 0.080952 0.878686 0.536348 0.017596 0.060712
0.428603 0.295457 0.428603 0.280019 0.432462 0.281949 0.447899 0.283879 0.500000 0.293527 0.436321 0.364924 0.540523 0.386150 0.428603 0.492281 0.582975 0.509648 0.397728 0.555960 0.523156 0.548241 0.478774 0.623498 0.544382 0.625427 0.422814 0.816463 0.484563 0.812604 0.565608 0.914876 0.484563 0.990132 0.397767 0.098462 0.141643 0.103596 0.124434 0.423010 0.029525 0.008618
0.424255 0.300395 0.426160 0.285150 0.428066 0.287056 0.445216 0.287056 0.496665 0.296584 0.437594 0.365183 0.536682 0.386144 0.443310 0.477610 0.559548 0.515721 0.403294 0.574792 0.519532 0.593848 0.477610 0.622431 0.548115 0.626242 0.405199 0.790118 0.500476 0.795835 0.511910 0.910167 0.519532 0.944467 0.361051 0.127754 0.178874 0.102313 0.140505 0.206274 0.032812 0.042587
0.419265 0.300565 0.423109 0.285187 0.423109 0.289031 0.444254 0.289031 0.492311 0.298643 0.444254 0.364000 0.532679 0.387067 0.455788 0.462035 0.530756 0.504325 0.415420 0.560071 0.465399 0.569682 0.476933 0.621583 0.546134 0.627350 0.398120 0.781132 0.521145 0.815732 0.475011 0.932991 0.557668 0.981047 0.295237 0.111192 0.186214 0.059786 0.161611 0.244782 0.029412 0.104066
0.417971 0.303034 0.421786 0.287773 0.419878 0.289680 0.444678 0.289680 0.488554 0.299219 0.446586 0.362172 0.530523 0.388879 0.471385 0.438478 0.522892 0.493800 0.425601 0.543399 0.465662 0.554845 0.475200 0.621613 0.547692 0.627336 0.395079 0.779949 0.549599 0.818102 0.440863 0.945916 0.589660 0.991700 0.234793 0.069009 0.184080 0.019696 0.230994 0.216626 0.029188 0.152297
0.422834 0.305691 0.426553 0.290816 0.424694 0.294534 0.450725 0.294534 0.489773 0.303831 0.454444 0.365192 0.525102 0.385646 0.482336 0.430272 0.506508 0.469320 0.435850 0.534399 0.430272 0.456304 0.474898 0.621792 0.545556 0.627370 0.409818 0.789139 0.566009 0.813312 0.420975 0.976941 0.619932 0.989956 0.136946 0.059434 0.143377 0.008004 0.262533 0.484222 0.026071 0.152932
0.425133 0.308470 0.428808 0.293772 0.425133 0.297447 0.454529 0.299284 0.487599 0.306633 0.458203 0.367261 0.518831 0.383796 0.496785 0.427889 0.483924 0.431564 0.445343 0.528936 0.417785 0.407680 0.476575 0.624471 0.546390 0.624471 0.421459 0.808193 0.566599 0.810030 0.406761 0.982729 0.632739 0.979054 0.066032 0.084194 0.115471 0.001761 0.330286 0.409428 0.029282 0.127305
0.423650 0.311852 0.429104 0.297309 0.425468 0.299127 0.454554 0.300945 0.487275 0.308216 0.460007 0.366387 0.518179 0.384566 0.503636 0.431830 0.487275 0.440920 0.445464 0.528177 0.418196 0.426377 0.476368 0.624523 0.545446 0.624523 0.430921 0.813580 0.558171 0.813580 0.410925 0.984459 0.649064 0.973552 0.038012 0.143077 0.095240 0.014624 0.360070 0.406383 0.027810 0.096485
0.423481 0.309391 0.427147 0.294729 0.425314 0.296561 0.452806 0.298394 0.489462 0.305725 0.461970 0.368040 0.518786 0.382702 0.502291 0.443184 0.516953 0.476174 0.439976 0.532990 0.436311 0.496334 0.478465 0.624629 0.540779 0.624629 0.438144 0.824402 0.535281 0.813406 0.434478 0.993018 0.648913 0.958195 0.056476 0.221075 0.083829 0.038126 0.349851 0.415780 0.024527 0.054126
0.419319 0.302050 0.424948 0.288915 0.423071 0.290792 0.447463 0.292668 0.488742 0.296421 0.464350 0.369597 0.520639 0.380854 0.490618 0.467165 0.524392 0.493433 0.424948 0.542217 0.456845 0.551598 0.477484 0.624774 0.537526 0.624774 0.443711 0.823663 0.507505 0.810529 0.458721 0.992531 0.642599 0.932489 0.081762 0.317253 0.069911 0.073005 0.312525 0.284317 0.019124 0.002538
0.415867 0.294925 0.417779 0.279628 0.417779 0.283453 0.438812 0.283453 0.486615 0.289189 0.452197 0.367586 0.532506 0.382883 0.469406 0.476577 0.543979 0.507170 0.392921 0.554973 0.477055 0.574095 0.473230 0.623810 0.542067 0.625722 0.440724 0.818846 0.496176 0.803549 0.478967 0.985200 0.620463 0.922100 0.124494 0.337908 0.078640 0.092916 0.295918 0.279299 0.019489 0.027822
0.410814 0.288744 0.412807 0.272800 0.412807 0.276786 0.432737 0.278779 0.484554 0.282765 0.440709 0.372449 0.538365 0.378428 0.446688 0.490035 0.570253 0.503986 0.382912 0.545839 0.568260 0.579719 0.476582 0.625558 0.544344 0.623565 0.444695 0.822863 0.470604 0.790975 0.506477 1.000000 0.590182 0.922512 0.156592 0.366922 0.095819 0.139831 0.287361 0.087542 0.026675 0.081065
0.409980 0.285571 0.412003 0.271410 0.414026 0.273433 0.428186 0.275456 0.486851 0.279502 0.434255 0.372556 0.541470 0.378625 0.409980 0.516183 0.590020 0.502023 0.365476 0.497977 0.525286 0.544504 0.478759 0.625421 0.545516 0.623398 0.462576 0.817598 0.464599 0.789277 0.539447 0.995614 0.551584 0.912675 0.156495 0.339911 0.082197 0.149724 0.570311 0.434455 0.030957 0.117721
0.414940 0.292021 0.414940 0.278254 0.416907 0.280221 0.428707 0.280221 0.487708 0.286121 0.432640 0.370689 0.542776 0.380523 0.385439 0.508358 0.605710 0.484758 0.367739 0.455257 0.546709 0.533926 0.487708 0.626361 0.536876 0.622427 0.501475 0.838765 0.426740 0.756163 0.576210 1.000000 0.495575 0.901700 0.110480 0.359919 0.046925 0.211529 0.792447 0.451761 0.031352 0.239894
0.428230 0.296487 0.426263 0.282723 0.430196 0.284689 0.440028 0.282723 0.502949 0.292554 0.432162 0.367274 0.556040 0.383005 0.381038 0.500983 0.630760 0.471489 0.384971 0.438061 0.561939 0.522613 0.465590 0.622894 0.546208 0.626827 0.436095 0.786098 0.546208 0.823458 0.471489 0.959134 0.613063 1.000000 0.121135 0.112681 0.098302 0.012829 0.903621 0.519845 0.015027 0.056912
0.431461 0.300954 0.431461 0.287810 0.433338 0.287810 0.444605 0.287810 0.504694 0.295321 0.433338 0.366677 0.555395 0.383577 0.378883 0.490611 0.636140 0.466200 0.392027 0.428644 0.561028 0.511267 0.465261 0.622056 0.546006 0.627690 0.442727 0.787302 0.564784 0.824858 0.440850 0.960058 0.634262 0.997614 0.039680 0.091491 0.082723 0.042461 0.934754 0.574321 0.014350 0.073364
0.430286 0.305460 0.430286 0.290387 0.432170 0.292271 0.445359 0.290387 0.501884 0.297923 0.435938 0.365753 0.550872 0.384595 0.371877 0.488224 0.631892 0.467498 0.403908 0.439236 0.556525 0.514602 0.479274 0.623884 0.533915 0.625768 0.520726 0.823605 0.473622 0.808532 0.620587 0.995064 0.441591 0.987528 0.102734 0.045067 0.012194 0.079087 0.969081 0.568534 0.016801 0.166570
0.426076 0.302707 0.428035 0.287041 0.429993 0.288999 0.441742 0.287041 0.502448 0.294874 0.431951 0.365371 0.555320 0.384953 0.369287 0.494615 0.633650 0.476991 0.402577 0.441742 0.553362 0.514197 0.475032 0.623859 0.537696 0.625817 0.512239 0.839265 0.457408 0.821641 0.643441 1.000000 0.426076 1.000000 0.147572 0.070742 0.001874 0.100604 0.964837 0.586312 0.016214 0.178297
0.425526 0.296306 0.427499 0.280524 0.429472 0.282497 0.443281 0.282497 0.502466 0.290388 0.433417 0.365355 0.551787 0.385083 0.376206 0.495561 0.624781 0.483724 0.386070 0.448213 0.543895 0.511344 0.474847 0.623794 0.539950 0.625767 0.486683 0.844750 0.463010 0.828968 0.640563 0.998630 0.441309 1.000000 0.232964 0.079272 0.033560 0.099573 0.933600 0.598046 0.018850 0.132251
0.426038 0.290107 0.428037 0.276115 0.430036 0.278114 0.446028 0.278114 0.503998 0.286109 0.436033 0.364070 0.555971 0.386058 0.394054 0.501999 0.605946 0.501999 0.402050 0.466017 0.521989 0.517991 0.470015 0.623937 0.537981 0.625936 0.448027 0.841825 0.472014 0.829831 0.609944 0.967761 0.470015 1.000000 0.321598 0.096249 0.073405 0.075771 0.975563 0.569630 0.010182 0.067585
0.421784 0.289115 0.423765 0.273274 0.423765 0.277234 0.443566 0.279214 0.495050 0.285155 0.437626 0.368321 0.546533 0.382182 0.429705 0.499010 0.578216 0.508911 0.372281 0.550494 0.520791 0.552474 0.473268 0.623759 0.542573 0.625739 0.423765 0.825733 0.485149 0.817812 0.566335 0.932661 0.487129 0.996025 0.371676 0.096009 0.120639 0.087297 0.248077 0.371397 0.020183 0.015964
0.420374 0.291524 0.424235 0.278012 0.422304 0.279942 0.443538 0.283803 0.489866 0.289594 0.441608 0.368738 0.536194 0.382250 0.447399 0.484557 0.538124 0.507721 0.385628 0.563701 0.472493 0.569492 0.476353 0.623541 0.545845 0.625471 0.401071 0.797271 0.497587 0.799201 0.513030 0.924672 0.522681 0.953627 0.359652 0.137522 0.173299 0.098870 0.226856 0.264540 0.028302 0.043914
0.417509 0.294480 0.421280 0.281282 0.419395 0.283167 0.442021 0.286938 0.487273 0.294480 0.445792 0.368015 0.530639 0.383099 0.468418 0.467946 0.496700 0.462290 0.391112 0.560336 0.408082 0.426465 0.477845 0.622558 0.545723 0.626329 0.392998 0.777169 0.513670 0.809223 0.474074 0.929895 0.555151 0.973262 0.315108 0.134065 0.199635 0.074940 0.292655 0.493404 0.030053 0.104536
0.424009 0.298931 0.429673 0.283827 0.427785 0.287603 0.450441 0.289491 0.493864 0.298931 0.457993 0.366898 0.522184 0.383889 0.488200 0.451857 0.467432 0.429201 0.431561 0.542479 0.408905 0.398993 0.482536 0.623662 0.537288 0.625550 0.424009 0.797356 0.490088 0.795468 0.480648 0.972938 0.565607 0.961610 0.202779 0.222045 0.133788 0.106114 0.286547 0.371724 0.025267 0.017208
0.426570 0.299570 0.430265 0.284791 0.428418 0.286639 0.454280 0.290333 0.494920 0.299570 0.461669 0.367919 0.520782 0.382697 0.500462 0.439963 0.487531 0.430727 0.441349 0.528633 0.424723 0.401170 0.474600 0.622844 0.542949 0.626539 0.408098 0.781711 0.566964 0.809420 0.426570 0.962745 0.626077 0.981217 0.158560 0.063926 0.142324 0.012702 0.344393 0.447255 0.022363 0.167752
0.426056 0.300350 0.431601 0.287410 0.427904 0.289259 0.455633 0.292956 0.494454 0.300350 0.463028 0.368749 0.522183 0.381689 0.505546 0.440845 0.488908 0.429753 0.446390 0.533275 0.424207 0.411267 0.472271 0.623857 0.542518 0.625705 0.418661 0.803172 0.572096 0.812415 0.411267 0.984336 0.640494 0.980638 0.079487 0.072914 0.104000 0.023545 0.350827 0.395835 0.018841 0.142482
0.425343 0.306985 0.428985 0.290597 0.427164 0.294239 0.454478 0.294239 0.494537 0.301523 0.459940 0.367075 0.523672 0.383463 0.505463 0.443552 0.500000 0.454478 0.439911 0.536418 0.414418 0.430806 0.472687 0.623821 0.543701 0.625642 0.427164 0.809552 0.563731 0.815014 0.407134 0.987999 0.652955 0.982537 0.040929 0.122236 0.092298 0.007277 0.366557 0.483479 0.020881 0.110052
0.423283 0.300350 0.426980 0.285561 0.425131 0.289259 0.451012 0.289259 0.493530 0.296653 0.454709 0.366900 0.530502 0.383538 0.489833 0.446390 0.530502 0.492606 0.426980 0.544367 0.458406 0.562853 0.473195 0.623857 0.541594 0.625705 0.434374 0.816112 0.548988 0.816112 0.426980 0.995427 0.654359 0.967698 0.050302 0.181000 0.086282 0.002215 0.313996 0.254134 0.018841 0.075777
0.419620 0.292974 0.423358 0.278020 0.423358 0.279889 0.445790 0.285497 0.494392 0.291105 0.449529 0.369616 0.535517 0.380832 0.471960 0.472428 0.544863 0.494859 0.402796 0.549069 0.457006 0.537853 0.471960 0.625711 0.542994 0.623842 0.440182 0.818249 0.514954 0.803295 0.449529 0.992095 0.645806 0.932277 0.069164 0.301627 0.079877 0.059128 0.302069 0.381170 0.019052 0.002730
0.417597 0.289467 0.419502 0.274225 0.419502 0.278035 0.438555 0.279941 0.491903 0.285656 0.442365 0.369489 0.543345 0.380920 0.446176 0.491426 0.566208 0.497142 0.368060 0.556206 0.526198 0.573353 0.469039 0.624796 0.545250 0.624796 0.440460 0.824850 0.495713 0.801986 0.472850 0.996325 0.615746 0.923924 0.104592 0.334268 0.078303 0.089261 0.289567 0.215715 0.018204 0.041607
0.418912 0.285870 0.418912 0.272275 0.422797 0.274217 0.434450 0.276159 0.492717 0.280044 0.436392 0.371328 0.549041 0.379097 0.416970 0.503399 0.585943 0.503399 0.341224 0.522821 0.508254 0.518937 0.471352 0.625759 0.543214 0.623816 0.444161 0.821923 0.469410 0.788905 0.500486 0.994781 0.584001 0.911265 0.144108 0.373387 0.087308 0.126242 0.373626 0.529027 0.018557 0.089976
0.413092 0.288655 0.415067 0.272853 0.417042 0.274828 0.428893 0.276804 0.488149 0.280754 0.428893 0.371613 0.547405 0.379513 0.383464 0.507901 0.600735 0.494074 0.338034 0.476298 0.537529 0.547405 0.478273 0.624437 0.545429 0.624437 0.456546 0.818006 0.448645 0.778502 0.529628 0.997748 0.539504 0.898988 0.158504 0.384206 0.096977 0.175973 0.591053 0.415593 0.030224 0.142961
0.417812 0.292827 0.417812 0.279210 0.421702 0.281155 0.433374 0.281155 0.493678 0.286991 0.427538 0.370638 0.550091 0.380365 0.371125 0.499027 0.620122 0.479574 0.355562 0.450395 0.555927 0.532097 0.482006 0.625471 0.540365 0.623526 0.487842 0.835562 0.427538 0.757751 0.563708 1.000000 0.497568 0.905593 0.125302 0.363311 0.058188 0.209773 0.769638 0.477379 0.028522 0.231338
0.428267 0.297000 0.428267 0.283337 0.430219 0.283337 0.443882 0.281385 0.506344 0.289193 0.430219 0.367269 0.560997 0.382885 0.367757 0.492192 0.637122 0.472673 0.373613 0.419971 0.564901 0.529279 0.463402 0.622971 0.545382 0.626875 0.436075 0.796692 0.533671 0.818163 0.467305 0.972364 0.600036 0.999691 0.105668 0.131031 0.090742 0.000879 0.878169 0.512241 0.011186 0.030200
