0.495272 0.250626 0.513214 0.242382 0.482179 0.240443 0.536006 0.271963 0.463267 0.268083 0.582074 0.373798 0.414774 0.376222 0.629597 0.491150 0.379374 0.494060 0.601956 0.533824 0.391982 0.526065 0.554433 0.625475 0.448719 0.624505 0.551039 0.814597 0.461327 0.803928 0.540370 0.922736 0.468601 0.987231 0.025589 0.009707 0.029107 0.020920 0.305434 0.212346 0.004012 0.028044
0.496531 0.252053 0.514233 0.243919 0.483614 0.241527 0.536720 0.272147 0.464476 0.268319 0.581214 0.374531 0.415676 0.375488 0.625708 0.496531 0.378359 0.493182 0.600830 0.553465 0.396061 0.529065 0.553943 0.625230 0.449167 0.624751 0.553943 0.806555 0.459692 0.802249 0.543418 0.918508 0.471174 0.980226 0.029839 0.001656 0.034490 0.023659 0.242452 0.243617 0.003958 0.018853
0.497502 0.251311 0.515104 0.243699 0.485133 0.241796 0.537464 0.272719 0.466580 0.270340 0.582658 0.375953 0.416152 0.374050 0.624047 0.496313 0.374764 0.493934 0.607396 0.556255 0.401880 0.525333 0.553639 0.625236 0.447551 0.624761 0.554590 0.804587 0.461347 0.806490 0.544124 0.937792 0.470386 0.984414 0.026647 0.007962 0.038578 0.015539 0.191671 0.332565 0.001511 0.022430
0.500479 0.252635 0.518678 0.244493 0.487548 0.241140 0.538793 0.274186 0.466475 0.268918 0.586207 0.377634 0.414272 0.372366 0.625479 0.495929 0.372127 0.490182 0.607279 0.555316 0.406130 0.521312 0.552682 0.625239 0.446839 0.624760 0.553161 0.810105 0.458812 0.817289 0.540709 0.980603 0.467433 0.998802 0.024031 0.004662 0.043662 0.021076 0.196684 0.373386 0.000616 0.018945
0.502940 0.254586 0.520343 0.245179 0.489770 0.241886 0.540569 0.272931 0.468133 0.268227 0.585724 0.378293 0.414511 0.371707 0.622413 0.494003 0.369826 0.488829 0.604539 0.555621 0.407926 0.514229 0.552328 0.625235 0.447437 0.624765 0.545273 0.806797 0.460136 0.817615 0.534454 0.994003 0.464840 0.998706 0.006012 0.012666 0.030425 0.020253 0.187603 0.428851 0.000305 0.033295
0.506035 0.257555 0.523212 0.247341 0.492108 0.244556 0.542709 0.274731 0.469825 0.271946 0.586811 0.378719 0.415510 0.371292 0.621165 0.492456 0.370015 0.488742 0.603060 0.554199 0.413653 0.513811 0.551530 0.625227 0.446149 0.624762 0.540388 0.808134 0.456826 0.819740 0.528782 1.000000 0.461469 0.998470 0.000533 0.009149 0.025886 0.020877 0.184163 0.451655 0.002954 0.036779
0.508438 0.261234 0.525313 0.251200 0.495211 0.247551 0.544013 0.277654 0.471950 0.272637 0.587798 0.378907 0.417675 0.371153 0.621093 0.490650 0.370241 0.486089 0.601025 0.552679 0.415850 0.513911 0.549486 0.625654 0.445041 0.624286 0.533067 0.814021 0.455531 0.818582 0.524401 1.000000 0.458723 0.985513 0.012972 0.011082 0.021356 0.017110 0.191777 0.450237 0.006969 0.044845
0.509654 0.260803 0.526464 0.251262 0.496933 0.247628 0.544636 0.278521 0.472855 0.272615 0.589614 0.378471 0.418337 0.371656 0.625505 0.488415 0.370634 0.487052 0.602789 0.551111 0.415157 0.517037 0.548271 0.625618 0.443778 0.624255 0.529644 0.817339 0.451502 0.820520 0.520103 1.000000 0.456954 0.970898 0.014696 0.000975 0.021929 0.019433 0.211086 0.436114 0.010124 0.043349
0.507039 0.255895 0.524751 0.248175 0.494777 0.245904 0.546550 0.275878 0.473432 0.270428 0.591057 0.377153 0.419389 0.373065 0.627843 0.492507 0.370341 0.490690 0.605135 0.549729 0.412576 0.519755 0.548367 0.624664 0.441188 0.625118 0.526114 0.810865 0.445729 0.824489 0.517485 1.000000 0.450271 0.953467 0.023675 0.003954 0.016504 0.020212 0.218510 0.433894 0.013304 0.045112
0.509587 0.249369 0.526935 0.241608 0.495891 0.239782 0.547935 0.271739 0.473522 0.267630 0.593587 0.377652 0.418282 0.372630 0.633761 0.493609 0.372174 0.491783 0.608652 0.550218 0.406413 0.525109 0.548848 0.624174 0.439282 0.625544 0.528304 0.803588 0.441109 0.828697 0.519174 0.995327 0.445217 0.935979 0.021143 0.009323 0.020856 0.023509 0.239048 0.371830 0.015118 0.039151
0.508552 0.251997 0.525205 0.242995 0.494599 0.241644 0.546810 0.272701 0.472544 0.270000 0.590920 0.378474 0.418983 0.371722 0.635029 0.497299 0.381624 0.488748 0.608473 0.551311 0.402779 0.529706 0.549061 0.624677 0.441037 0.625127 0.533307 0.801565 0.435186 0.819119 0.519354 0.983404 0.442388 0.919490 0.003898 0.032397 0.025332 0.037232 0.258596 0.250113 0.012611 0.018676
0.506823 0.252024 0.524719 0.243523 0.493848 0.241734 0.546195 0.273500 0.472373 0.268578 0.589593 0.378641 0.418236 0.371482 0.636124 0.498546 0.383786 0.486466 0.605700 0.547313 0.398998 0.528075 0.550222 0.625162 0.441949 0.624715 0.536799 0.804126 0.437475 0.813521 0.519798 0.983984 0.443738 0.925373 0.006171 0.025348 0.026583 0.037261 0.295374 0.204226 0.009971 0.016287
0.506495 0.251392 0.524413 0.243329 0.493057 0.240642 0.545018 0.271102 0.470660 0.265727 0.588468 0.377264 0.416459 0.372785 0.636846 0.493729 0.381967 0.489697 0.608626 0.532252 0.398093 0.530012 0.551289 0.625872 0.443783 0.624080 0.535611 0.813111 0.441544 0.808184 0.521277 0.993632 0.446023 0.952421 0.001366 0.013755 0.020662 0.038348 0.326568 0.212436 0.006274 0.022719
0.503975 0.253768 0.522084 0.245818 0.491608 0.242285 0.542400 0.273643 0.469966 0.266135 0.585684 0.376553 0.416966 0.373461 0.636476 0.493596 0.381190 0.488737 0.595401 0.520979 0.397532 0.528929 0.551676 0.626097 0.445674 0.623889 0.536659 0.816016 0.448766 0.805416 0.523850 0.997101 0.451858 0.979876 0.002639 0.000197 0.017999 0.030911 0.443161 0.218710 0.003374 0.030537
0.501953 0.256729 0.519748 0.249784 0.489800 0.245878 0.539713 0.279732 0.467665 0.271486 0.583550 0.375218 0.415582 0.374784 0.636067 0.495009 0.379992 0.491102 0.587456 0.508029 0.396485 0.528863 0.553168 0.626084 0.447700 0.623914 0.538411 0.816187 0.452474 0.803167 0.528429 0.995874 0.456380 0.996308 0.006994 0.002037 0.013703 0.032335 0.548210 0.225596 0.001106 0.033135
0.498723 0.261176 0.516595 0.253091 0.486383 0.250538 0.537446 0.281601 0.465533 0.275218 0.581275 0.373939 0.417023 0.376067 0.635742 0.491809 0.378726 0.488830 0.584679 0.502447 0.396173 0.528829 0.552765 0.625848 0.448937 0.624146 0.542978 0.817333 0.455320 0.808823 0.534042 0.987542 0.456597 1.000000 0.000439 0.008943 0.019617 0.029728 0.572406 0.235134 0.002167 0.027252
0.497267 0.263602 0.514926 0.255193 0.484233 0.253091 0.536369 0.282522 0.464052 0.277477 0.579675 0.373340 0.415700 0.376703 0.635595 0.489384 0.376598 0.484338 0.586823 0.502418 0.395098 0.527645 0.554028 0.625609 0.450597 0.624348 0.547721 0.817755 0.459847 0.810187 0.536789 0.975003 0.459427 1.000000 0.011648 0.016505 0.021806 0.028731 0.559814 0.239425 0.005889 0.026274
0.496447 0.262816 0.513583 0.254457 0.483073 0.252785 0.536152 0.281623 0.463848 0.278280 0.579201 0.374825 0.414948 0.375243 0.632698 0.485581 0.376497 0.485163 0.602188 0.506478 0.396558 0.526540 0.554960 0.625593 0.450891 0.624339 0.553706 0.812414 0.463012 0.805309 0.542839 0.954098 0.465519 1.000000 0.022229 0.017266 0.028538 0.024329 0.452072 0.250815 0.007451 0.023423
0.496532 0.256485 0.515029 0.248077 0.483499 0.245135 0.536890 0.274562 0.463741 0.268677 0.581872 0.375878 0.412032 0.374196 0.628536 0.485181 0.372094 0.491067 0.607096 0.518813 0.397739 0.526800 0.556228 0.626014 0.449868 0.623912 0.558750 0.812670 0.462900 0.800058 0.547820 0.933324 0.467945 0.993440 0.033059 0.015206 0.036821 0.024357 0.309090 0.302954 0.007762 0.019206
0.496876 0.255504 0.514786 0.247173 0.483964 0.245091 0.537278 0.273830 0.464388 0.268832 0.581013 0.375877 0.412323 0.374211 0.624331 0.492503 0.370671 0.493752 0.603921 0.539569 0.400660 0.532488 0.556438 0.625789 0.450226 0.624123 0.560603 0.812389 0.460639 0.799060 0.550607 0.916935 0.470219 0.982745 0.037448 0.002339 0.038304 0.028987 0.243441 0.316427 0.008487 0.011820
0.496876 0.255504 0.514786 0.247173 0.483964 0.245091 0.536862 0.273830 0.464388 0.268832 0.581429 0.375877 0.411906 0.374211 0.624331 0.492086 0.370254 0.493752 0.603921 0.539569 0.400660 0.532488 0.556438 0.625789 0.450226 0.624123 0.560603 0.812805 0.460639 0.799477 0.550607 0.917352 0.470635 0.982745 0.037432 0.001533 0.038814 0.029550 0.241790 0.318555 0.008487 0.011792
0.498538 0.255592 0.515660 0.247240 0.485175 0.245152 0.537376 0.274385 0.464294 0.269791 0.582478 0.376282 0.412093 0.373777 0.621734 0.495719 0.367826 0.494049 0.605865 0.555020 0.402905 0.531634 0.556169 0.625179 0.449260 0.624762 0.560763 0.808511 0.460953 0.806005 0.549905 0.920431 0.471394 0.983491 0.038759 0.001803 0.041496 0.026290 0.184310 0.351286 0.006913 0.012534
0.501139 0.256549 0.518536 0.247850 0.488299 0.245365 0.538418 0.275188 0.466346 0.268975 0.582738 0.377498 0.413741 0.372527 0.620845 0.496790 0.366935 0.491405 0.605934 0.554365 0.407114 0.523713 0.554986 0.625195 0.448535 0.624780 0.556643 0.804547 0.461375 0.807861 0.546702 0.941651 0.470902 0.983071 0.025980 0.004998 0.038456 0.021341 0.179089 0.403819 0.004484 0.019348
0.505345 0.256785 0.522204 0.248150 0.491776 0.246094 0.542352 0.274877 0.469572 0.270354 0.584293 0.378495 0.415707 0.371505 0.619655 0.497738 0.368832 0.489515 0.604852 0.556127 0.414885 0.518709 0.553043 0.625206 0.446957 0.624794 0.552632 0.805304 0.463405 0.811883 0.540707 0.972656 0.468750 0.990337 0.021916 0.018380 0.039379 0.011163 0.170799 0.440510 0.000002 0.028638
0.508518 0.256575 0.524938 0.247133 0.494561 0.245491 0.544642 0.273405 0.471163 0.269300 0.586102 0.378493 0.415745 0.371514 0.619763 0.497948 0.368128 0.489738 0.603753 0.557059 0.415745 0.515188 0.552441 0.625202 0.445712 0.624791 0.545052 0.812799 0.461721 0.818136 0.529864 1.000000 0.463774 0.999986 0.012852 0.022704 0.030633 0.011189 0.171618 0.465637 0.002350 0.038828
0.511123 0.259350 0.527705 0.250452 0.497371 0.248834 0.547928 0.276741 0.474317 0.272292 0.587564 0.380281 0.417289 0.369766 0.620325 0.496360 0.368350 0.487057 0.603743 0.558646 0.418907 0.514560 0.550355 0.625381 0.444792 0.624572 0.535794 0.814261 0.459352 0.817901 0.517189 1.000000 0.459352 0.997075 0.005185 0.023928 0.023469 0.010297 0.170383 0.467232 0.006181 0.048417
0.513329 0.261467 0.529643 0.253111 0.500597 0.250724 0.548343 0.280565 0.477121 0.273801 0.588928 0.379241 0.419030 0.370886 0.620361 0.494629 0.368498 0.487069 0.601660 0.558290 0.421019 0.513727 0.547945 0.625533 0.444097 0.624340 0.524072 0.815724 0.456431 0.818509 0.510942 1.000000 0.457227 0.984030 0.018211 0.018663 0.012738 0.011186 0.175603 0.481081 0.010134 0.059941
0.516149 0.260438 0.532794 0.252115 0.502675 0.249738 0.551420 0.280253 0.478501 0.273515 0.591842 0.378535 0.421038 0.371797 0.621961 0.493461 0.369122 0.485931 0.601750 0.556076 0.418263 0.515257 0.546268 0.625428 0.440852 0.624240 0.519716 0.810500 0.449967 0.819218 0.505449 1.000000 0.451553 0.971793 0.022570 0.011563 0.012745 0.010065 0.180969 0.464618 0.016406 0.060228
0.516903 0.258223 0.533113 0.249130 0.503064 0.247153 0.552487 0.276806 0.479737 0.272852 0.593607 0.378815 0.422406 0.371698 0.625633 0.496244 0.369029 0.490313 0.605864 0.552784 0.415685 0.516408 0.544975 0.625534 0.439012 0.623953 0.514926 0.808992 0.441780 0.822830 0.499110 1.000000 0.446129 0.958842 0.025960 0.005747 0.010272 0.016495 0.191818 0.472269 0.020402 0.056108
0.516785 0.249820 0.533970 0.240228 0.502798 0.238630 0.554752 0.269403 0.479618 0.265806 0.596315 0.380105 0.421269 0.370514 0.633083 0.498801 0.370114 0.490009 0.610703 0.553953 0.409679 0.519583 0.545960 0.625490 0.436456 0.623891 0.514787 0.804133 0.432859 0.824115 0.497602 0.999561 0.438054 0.940813 0.027072 0.019880 0.009436 0.024773 0.218324 0.424435 0.022408 0.049273
0.515724 0.252274 0.533129 0.243176 0.501879 0.240803 0.553699 0.273239 0.478540 0.268492 0.595234 0.380043 0.421974 0.370550 0.636373 0.503857 0.374901 0.491199 0.605914 0.562401 0.406942 0.529964 0.545787 0.626088 0.437005 0.623319 0.518097 0.806073 0.427512 0.821104 0.496737 0.993177 0.433445 0.928304 0.012407 0.032868 0.014539 0.034174 0.254815 0.338271 0.021927 0.033323
0.514481 0.254111 0.531702 0.244718 0.500391 0.242761 0.552446 0.273680 0.478474 0.268984 0.593933 0.380529 0.421723 0.369962 0.638551 0.504599 0.378279 0.486595 0.599021 0.556262 0.399022 0.529648 0.546184 0.626712 0.438161 0.622798 0.519569 0.808315 0.428376 0.814577 0.494912 0.988745 0.429550 0.931994 0.003088 0.019409 0.014662 0.036892 0.317784 0.256417 0.019946 0.030093
0.512522 0.253639 0.529994 0.244709 0.498932 0.241991 0.550573 0.273053 0.476801 0.268005 0.592507 0.379440 0.420501 0.370898 0.636770 0.496700 0.376625 0.487769 0.603767 0.536692 0.394874 0.528150 0.547078 0.627160 0.439914 0.622501 0.519899 0.811980 0.432925 0.807320 0.494273 0.989422 0.427878 0.950206 0.000827 0.000795 0.011255 0.036544 0.334509 0.249423 0.016569 0.034446
0.510558 0.254968 0.527834 0.245754 0.496353 0.243451 0.547797 0.274164 0.473702 0.268789 0.591179 0.377820 0.420338 0.372445 0.635329 0.493378 0.377724 0.484548 0.604232 0.522171 0.391545 0.524858 0.547029 0.627363 0.441453 0.622372 0.518236 0.813176 0.437230 0.804730 0.494817 0.993231 0.430320 0.979794 0.007767 0.005189 0.006803 0.034199 0.378403 0.220768 0.014670 0.041566
0.506360 0.256045 0.523826 0.246932 0.492691 0.244274 0.545089 0.275029 0.471048 0.268575 0.589134 0.377548 0.419789 0.372612 0.635077 0.496393 0.376883 0.483863 0.580401 0.510821 0.389793 0.524870 0.547747 0.627388 0.443330 0.622452 0.519649 0.816478 0.438394 0.805087 0.496868 0.998353 0.433458 1.000000 0.007291 0.000565 0.005301 0.038505 0.535294 0.214248 0.011363 0.038355
0.503812 0.260675 0.520548 0.251377 0.489308 0.249889 0.542119 0.278155 0.468852 0.274064 0.586376 0.375224 0.419760 0.374852 0.634725 0.492004 0.378478 0.485681 0.582285 0.501302 0.390007 0.526592 0.548442 0.626636 0.445422 0.623289 0.525383 0.815567 0.444306 0.808873 0.502324 0.994457 0.438728 1.000000 0.002146 0.007112 0.009012 0.034677 0.569088 0.200935 0.007814 0.036744
0.501282 0.262039 0.517762 0.253250 0.487365 0.251785 0.539004 0.279985 0.467955 0.276323 0.584783 0.374473 0.419978 0.375572 0.634225 0.490203 0.379326 0.483977 0.585516 0.497894 0.391045 0.526827 0.548526 0.626442 0.446713 0.623512 0.530947 0.816518 0.451474 0.812855 0.506043 0.988281 0.445980 1.000000 0.016476 0.016924 0.016135 0.026188 0.578668 0.199181 0.006062 0.037358
0.499727 0.261784 0.516136 0.253032 0.486234 0.251574 0.537287 0.279288 0.467272 0.275277 0.584693 0.374830 0.418771 0.375194 0.637204 0.489698 0.377929 0.484593 0.588339 0.495168 0.391422 0.525071 0.549685 0.626082 0.446850 0.623894 0.538381 0.813518 0.454873 0.813883 0.511760 0.975428 0.451226 1.000000 0.032696 0.019449 0.024893 0.022354 0.601000 0.216151 0.004410 0.032608
0.501341 0.258606 0.517792 0.249665 0.487751 0.248235 0.538176 0.276487 0.467009 0.272553 0.584309 0.375906 0.419088 0.374117 0.631515 0.493920 0.377962 0.480688 0.585024 0.500000 0.392624 0.518596 0.549977 0.626955 0.446625 0.623022 0.548189 0.810415 0.456996 0.799686 0.518865 0.941662 0.455208 0.983861 0.066869 0.021755 0.040159 0.016408 0.579729 0.234711 0.004327 0.021767
0.503804 0.255079 0.520108 0.246021 0.489674 0.244210 0.539673 0.272470 0.468298 0.268847 0.585324 0.375366 0.416488 0.374641 0.631699 0.491305 0.372648 0.490942 0.603439 0.519565 0.392938 0.527898 0.552354 0.626446 0.445835 0.623547 0.555252 0.811948 0.455255 0.802528 0.530615 0.937307 0.458153 0.986219 0.066744 0.011715 0.046534 0.020620 0.371119 0.274564 0.002307 0.011765
0.504429 0.254430 0.521059 0.245392 0.490691 0.243223 0.540582 0.272507 0.468276 0.267445 0.585412 0.375182 0.415492 0.374820 0.624095 0.495571 0.375001 0.489787 0.596258 0.547270 0.393800 0.532086 0.553597 0.626084 0.445499 0.623915 0.559381 0.809741 0.453453 0.804318 0.536243 0.930493 0.459960 0.983999 0.070285 0.002502 0.050170 0.024137 0.256189 0.240916 0.001150 0.004002
0.505384 0.255121 0.521536 0.245789 0.491027 0.243994 0.541636 0.272350 0.468773 0.268760 0.585425 0.376080 0.416370 0.373926 0.620241 0.492732 0.374375 0.490937 0.603730 0.552314 0.404525 0.530060 0.552762 0.625894 0.445443 0.624099 0.558146 0.808589 0.453339 0.806076 0.538764 0.941751 0.460159 0.984105 0.055386 0.001613 0.050761 0.023023 0.178371 0.318679 0.002285 0.004425
0.506106 0.254870 0.522627 0.245531 0.492098 0.243735 0.542741 0.273905 0.470189 0.268877 0.586559 0.376986 0.416674 0.373035 0.621398 0.498743 0.372496 0.489405 0.600207 0.556209 0.406258 0.522089 0.551361 0.625528 0.445407 0.624451 0.552079 0.807625 0.454027 0.811217 0.538072 0.976074 0.457978 0.992236 0.027664 0.007735 0.046036 0.021540 0.201162 0.370652 0.004115 0.013425
0.507623 0.257843 0.524641 0.249333 0.494150 0.246497 0.543787 0.277343 0.471813 0.269543 0.585978 0.377680 0.418631 0.372362 0.621079 0.501418 0.372539 0.489009 0.594133 0.562046 0.410122 0.517727 0.549814 0.625511 0.445577 0.624447 0.545914 0.808813 0.454795 0.813776 0.534214 0.997079 0.455504 0.998142 0.012985 0.014262 0.039351 0.018410 0.221108 0.412086 0.005869 0.022257
0.507706 0.258100 0.524713 0.249596 0.494243 0.246762 0.543845 0.277586 0.472276 0.269437 0.585653 0.377854 0.418776 0.372185 0.620729 0.499734 0.372717 0.488751 0.596282 0.560320 0.410273 0.517449 0.549868 0.625512 0.445703 0.624449 0.545971 0.808332 0.454915 0.813647 0.533925 0.996113 0.455978 0.998593 0.013607 0.013657 0.038893 0.018363 0.211277 0.412086 0.005639 0.022271
0.509194 0.259638 0.525656 0.250881 0.495534 0.248430 0.544920 0.278552 0.473468 0.271897 0.586951 0.377674 0.419879 0.372420 0.620575 0.497811 0.371194 0.489055 0.596758 0.558405 0.412174 0.516725 0.548773 0.625304 0.444397 0.624603 0.539316 0.811639 0.452803 0.816192 0.529859 1.000000 0.451402 1.000000 0.000883 0.016377 0.032550 0.016893 0.206078 0.436826 0.008697 0.030098
0.509990 0.262667 0.526670 0.253632 0.496438 0.251547 0.546824 0.278998 0.474547 0.272396 0.587827 0.377685 0.421034 0.372472 0.621186 0.497220 0.373428 0.488533 0.594429 0.559420 0.411999 0.517722 0.547866 0.625443 0.443273 0.624400 0.533619 0.812391 0.448485 0.815170 0.527365 1.000000 0.446748 0.995863 0.014232 0.011756 0.026691 0.019332 0.215937 0.417698 0.011284 0.032906
0.511031 0.263651 0.527449 0.254758 0.497349 0.252364 0.546945 0.281437 0.476143 0.275281 0.588331 0.376866 0.424153 0.373446 0.621851 0.495553 0.374899 0.488029 0.593804 0.555752 0.411498 0.516760 0.545577 0.625870 0.441939 0.623818 0.528133 0.813307 0.441939 0.811255 0.523344 1.000000 0.444333 0.979196 0.021817 0.004538 0.024588 0.022574 0.226400 0.417372 0.015902 0.029539
0.512210 0.258958 0.528946 0.250761 0.498207 0.248029 0.548413 0.278426 0.477031 0.272620 0.591106 0.377131 0.424776 0.373374 0.624235 0.499061 0.373545 0.488131 0.594863 0.558489 0.410431 0.516479 0.544656 0.626114 0.439462 0.623381 0.525189 0.809521 0.433314 0.810887 0.519041 0.999417 0.439804 0.962189 0.023360 0.024076 0.025047 0.029110 0.230566 0.425080 0.020235 0.023228
0.511790 0.249527 0.529606 0.241492 0.497817 0.238697 0.550217 0.271186 0.476857 0.264548 0.595630 0.378431 0.421312 0.372143 0.633009 0.501397 0.372056 0.488472 0.600521 0.559387 0.403846 0.518165 0.546374 0.627158 0.436683 0.622267 0.526113 0.814402 0.424456 0.809162 0.518078 1.000000 0.432840 0.953786 0.020836 0.039226 0.027920 0.040331 0.256486 0.388341 0.021589 0.013516
