0.503690 0.282773 0.518448 0.268014 0.487086 0.268014 0.538741 0.280928 0.464948 0.279083 0.573793 0.371324 0.422518 0.378703 0.610689 0.474634 0.378242 0.493082 0.594086 0.511530 0.435431 0.520754 0.551655 0.624064 0.452035 0.625909 0.538741 0.804856 0.464948 0.801166 0.529517 0.983803 0.470483 0.952442 0.006305 0.011772 0.005110 0.014416 0.243787 0.474113 0.004697 0.046110
0.503147 0.284185 0.515737 0.269798 0.486961 0.271596 0.537318 0.282387 0.465380 0.282387 0.573287 0.372310 0.424015 0.377705 0.607458 0.474822 0.377255 0.489209 0.591272 0.507194 0.445597 0.494605 0.549907 0.624094 0.452791 0.625892 0.533721 0.805738 0.465380 0.798544 0.524729 0.987382 0.467178 0.938823 0.012545 0.019088 0.001190 0.013572 0.250000 0.601317 0.003434 0.051459
0.502240 0.283604 0.516577 0.269267 0.486111 0.271059 0.538082 0.280019 0.464606 0.281811 0.573924 0.373209 0.425180 0.376793 0.607974 0.473566 0.376793 0.487903 0.593637 0.504032 0.435932 0.480735 0.548835 0.624103 0.452061 0.625895 0.530914 0.808690 0.464606 0.797937 0.518369 0.995068 0.464606 0.934137 0.009416 0.023169 0.000918 0.011048 0.244125 0.669131 0.001144 0.053976
0.502216 0.286349 0.516401 0.272165 0.486259 0.273938 0.537677 0.282803 0.464982 0.284576 0.573138 0.373228 0.427749 0.376774 0.608599 0.481383 0.378104 0.486702 0.592641 0.500886 0.450798 0.460107 0.548315 0.624999 0.450798 0.624999 0.527039 0.809395 0.461436 0.798757 0.512855 0.988472 0.461436 0.914005 0.011407 0.019464 0.005286 0.010009 0.319123 0.746665 0.001128 0.056030
0.504496 0.281480 0.518884 0.265294 0.488310 0.267092 0.540467 0.276085 0.466727 0.279682 0.576437 0.375003 0.425362 0.375003 0.614206 0.491907 0.380399 0.486511 0.596221 0.502698 0.441548 0.461332 0.547661 0.624997 0.450541 0.624997 0.527877 0.812042 0.457735 0.803050 0.509892 0.986498 0.457735 0.894774 0.000847 0.012854 0.002937 0.019098 0.427448 0.746337 0.002291 0.046397
0.504018 0.279477 0.518303 0.263406 0.487947 0.265192 0.539730 0.275906 0.468305 0.277691 0.577228 0.375900 0.425451 0.374114 0.614726 0.479465 0.379025 0.486608 0.596869 0.509821 0.437950 0.466966 0.548658 0.624100 0.448664 0.625886 0.527231 0.808018 0.450449 0.809804 0.504018 0.970509 0.454021 0.881228 0.008248 0.012812 0.000437 0.026175 0.279829 0.727004 0.003412 0.040008
0.504545 0.273206 0.519089 0.256844 0.488183 0.258662 0.540905 0.271388 0.468185 0.273206 0.580901 0.378649 0.422735 0.371377 0.620896 0.493183 0.379104 0.484093 0.593626 0.524088 0.431825 0.480457 0.549995 0.625896 0.446369 0.624078 0.528179 0.813149 0.448187 0.811331 0.504545 0.965860 0.450005 0.876778 0.011956 0.005749 0.002665 0.026593 0.337073 0.639480 0.004629 0.040008
0.501825 0.268273 0.518246 0.253676 0.485403 0.253676 0.538317 0.268273 0.467157 0.271922 0.582108 0.379575 0.421541 0.370452 0.618600 0.514597 0.374101 0.479929 0.574810 0.507298 0.427015 0.487228 0.551089 0.625899 0.445261 0.624074 0.525545 0.806537 0.443437 0.802887 0.501825 0.959805 0.445261 0.868574 0.004157 0.012088 0.004844 0.032931 0.636591 0.586530 0.004647 0.041469
0.501378 0.266621 0.517917 0.251920 0.484840 0.253758 0.539968 0.268459 0.466463 0.272134 0.584071 0.380554 0.422360 0.369528 0.618986 0.512863 0.374582 0.472436 0.565695 0.488974 0.411335 0.505513 0.549157 0.626796 0.444412 0.623121 0.525267 0.810559 0.444412 0.799533 0.499541 0.963082 0.442574 0.878551 0.012041 0.007401 0.003686 0.027610 0.716268 0.405098 0.008190 0.041150
0.500000 0.267825 0.514539 0.255104 0.483643 0.256921 0.538166 0.269643 0.465469 0.273278 0.581784 0.378688 0.425486 0.371418 0.612680 0.504089 0.374599 0.473193 0.552705 0.467741 0.409129 0.511359 0.547253 0.627673 0.445478 0.622221 0.521809 0.809415 0.454565 0.796693 0.500000 0.960260 0.445478 0.896650 0.001426 0.045422 0.000412 0.008756 0.750328 0.381681 0.009257 0.060839
0.503157 0.268624 0.517590 0.254191 0.486920 0.255995 0.539239 0.272232 0.467075 0.274036 0.582538 0.376870 0.425581 0.373262 0.611403 0.503157 0.384086 0.472487 0.544652 0.445426 0.405736 0.510374 0.546456 0.627640 0.445426 0.622228 0.524806 0.804442 0.459859 0.791813 0.504961 0.963203 0.450838 0.914492 0.000810 0.050388 0.006704 0.001710 0.798502 0.291326 0.010339 0.065809
0.499555 0.277171 0.515567 0.262938 0.483544 0.262938 0.536916 0.278950 0.463974 0.278950 0.577835 0.375020 0.426613 0.375020 0.609858 0.494218 0.389252 0.474648 0.536916 0.444404 0.407043 0.513788 0.545811 0.625870 0.449741 0.624091 0.522683 0.796661 0.460416 0.798440 0.504892 0.965674 0.455078 0.954999 0.009460 0.030312 0.002427 0.010009 0.774267 0.250000 0.005664 0.062308
0.496854 0.278847 0.511237 0.264463 0.480672 0.264463 0.534611 0.278847 0.460894 0.280645 0.579561 0.374141 0.426732 0.375939 0.610127 0.498202 0.388974 0.473030 0.534611 0.449656 0.405156 0.514384 0.545399 0.625859 0.448308 0.624061 0.522025 0.803861 0.459096 0.809255 0.507641 0.974670 0.459096 0.989054 0.014818 0.018521 0.001371 0.009088 0.758755 0.236784 0.008013 0.060082
0.496025 0.281395 0.510157 0.267262 0.480127 0.267262 0.533122 0.283161 0.460695 0.283161 0.577285 0.375019 0.427132 0.375019 0.609082 0.493376 0.391801 0.470411 0.531356 0.450979 0.404167 0.511041 0.545488 0.625864 0.450096 0.624097 0.522523 0.802515 0.464228 0.809581 0.506624 0.957967 0.465995 0.993298 0.008708 0.021145 0.001014 0.005060 0.742490 0.206948 0.005623 0.065355
0.494700 0.285799 0.510600 0.271666 0.480567 0.273433 0.531799 0.287565 0.461135 0.287565 0.575964 0.375896 0.427569 0.374129 0.613063 0.494259 0.390470 0.460693 0.531799 0.455393 0.404603 0.510158 0.545932 0.624988 0.450535 0.624988 0.526499 0.801648 0.468201 0.814015 0.507066 0.958876 0.475267 1.000000 0.004269 0.017879 0.003318 0.000590 0.738681 0.217467 0.004498 0.064536
0.496454 0.286369 0.510637 0.272186 0.482271 0.272186 0.531912 0.286369 0.460997 0.288142 0.576233 0.376785 0.427312 0.373240 0.611691 0.495568 0.390082 0.458338 0.533685 0.458338 0.406038 0.507978 0.546095 0.624987 0.450360 0.624987 0.531912 0.804047 0.468088 0.816458 0.512410 0.938786 0.480498 1.000000 0.020593 0.008200 0.013304 0.000320 0.734081 0.230268 0.004516 0.054549
0.498689 0.284977 0.512674 0.272740 0.482955 0.272740 0.533652 0.286725 0.463726 0.286725 0.575608 0.377629 0.427014 0.372385 0.621060 0.486015 0.390303 0.458044 0.537148 0.459792 0.407785 0.501748 0.545889 0.625867 0.451489 0.624119 0.537148 0.805927 0.474215 0.804179 0.519667 0.905572 0.484704 0.975498 0.039841 0.020500 0.022487 0.009114 0.722806 0.250000 0.003340 0.055404
0.499114 0.279261 0.513298 0.266850 0.484929 0.266850 0.532801 0.282807 0.463653 0.282807 0.575353 0.378549 0.426420 0.371457 0.623224 0.486702 0.382095 0.453015 0.543439 0.465426 0.406917 0.502659 0.546985 0.626770 0.451242 0.623224 0.543439 0.809389 0.476064 0.798751 0.527482 0.885629 0.490248 0.960095 0.059495 0.016806 0.030041 0.013436 0.715593 0.306045 0.002256 0.050897
0.499081 0.267488 0.513785 0.252784 0.484377 0.252784 0.534004 0.271164 0.462320 0.273003 0.579955 0.375933 0.423721 0.374094 0.624067 0.493567 0.375933 0.465996 0.554222 0.480701 0.403503 0.508271 0.548708 0.625906 0.447616 0.624067 0.546870 0.807871 0.475186 0.800519 0.535842 0.877717 0.491729 0.949400 0.046633 0.014114 0.036368 0.019002 0.672186 0.336588 0.004681 0.052552
0.500461 0.268003 0.515220 0.255089 0.483857 0.255089 0.535514 0.271693 0.461718 0.273538 0.579792 0.375008 0.422975 0.375008 0.616690 0.498616 0.376853 0.476477 0.559498 0.493082 0.406371 0.513376 0.548429 0.625915 0.448804 0.624070 0.546584 0.804871 0.470943 0.795646 0.539204 0.867597 0.489392 0.939549 0.033996 0.000259 0.036302 0.007954 0.623046 0.350576 0.003523 0.044128
0.503229 0.268003 0.517988 0.255089 0.488469 0.255089 0.536437 0.273538 0.464486 0.273538 0.578870 0.375008 0.423898 0.375008 0.613923 0.496771 0.379620 0.493082 0.569645 0.504151 0.433122 0.494927 0.547506 0.625915 0.449726 0.624070 0.545661 0.795646 0.468175 0.795646 0.541972 0.876822 0.488469 0.932169 0.010998 0.012877 0.036124 0.001204 0.536654 0.603228 0.003523 0.037555
0.506085 0.268299 0.521064 0.255193 0.489234 0.255193 0.541659 0.273916 0.466766 0.273916 0.580978 0.375022 0.423703 0.375022 0.618425 0.481745 0.380639 0.487362 0.582851 0.511702 0.440553 0.496723 0.547276 0.624042 0.448043 0.625914 0.547276 0.794424 0.464894 0.800041 0.543532 0.906764 0.483617 0.940466 0.010607 0.011484 0.042819 0.000125 0.384633 0.567182 0.005960 0.030709
0.507155 0.270080 0.522420 0.254816 0.489983 0.254816 0.541500 0.271988 0.468994 0.273896 0.579661 0.375023 0.425109 0.375023 0.614006 0.487598 0.379316 0.491414 0.589201 0.512402 0.446098 0.481874 0.547224 0.624977 0.448006 0.624977 0.541500 0.794794 0.468994 0.792886 0.543408 0.943622 0.482351 0.955070 0.014806 0.013429 0.030352 0.010507 0.344256 0.664483 0.006073 0.050309
0.509979 0.271429 0.525186 0.258124 0.494773 0.256223 0.544194 0.275231 0.471963 0.275231 0.578408 0.375973 0.426344 0.374072 0.610721 0.488120 0.378824 0.488120 0.591713 0.509029 0.452955 0.476715 0.547995 0.624977 0.447253 0.624977 0.538491 0.797950 0.464360 0.796049 0.540392 0.969022 0.477666 0.959518 0.021008 0.005875 0.021214 0.005260 0.324151 0.674256 0.006050 0.049198
0.507518 0.273522 0.522554 0.262245 0.492482 0.262245 0.543228 0.277281 0.469928 0.279160 0.577059 0.375014 0.426700 0.375014 0.605251 0.474627 0.383472 0.489663 0.599613 0.504699 0.456772 0.465229 0.546987 0.624986 0.449254 0.624986 0.533831 0.801658 0.460531 0.803537 0.537590 0.982088 0.473687 0.961414 0.030291 0.006387 0.014450 0.008565 0.146790 0.717188 0.004785 0.043737
0.509397 0.276341 0.524433 0.263185 0.494362 0.263185 0.545108 0.280100 0.471808 0.281980 0.577059 0.375954 0.426700 0.374074 0.605251 0.469928 0.379713 0.484964 0.601492 0.503759 0.458651 0.464290 0.546987 0.624046 0.449254 0.625926 0.530072 0.804477 0.458651 0.804477 0.530072 0.988667 0.469928 0.956715 0.029754 0.006797 0.008641 0.011691 0.127997 0.709112 0.004785 0.046492
0.509469 0.278435 0.524618 0.265178 0.492425 0.265178 0.545449 0.280328 0.469700 0.282222 0.577643 0.375014 0.426145 0.375014 0.606048 0.469700 0.376908 0.486744 0.600367 0.503787 0.458338 0.460232 0.547343 0.624986 0.448869 0.624986 0.528406 0.806783 0.460232 0.804889 0.522725 0.994261 0.464019 0.950706 0.023395 0.011811 0.005355 0.008780 0.145342 0.732313 0.004823 0.053115
0.509200 0.274362 0.524694 0.260804 0.493705 0.262741 0.547936 0.276299 0.470464 0.280172 0.582798 0.375076 0.425917 0.375076 0.609914 0.475790 0.371687 0.483537 0.604103 0.506779 0.451096 0.468043 0.545999 0.624924 0.445285 0.624924 0.524694 0.810857 0.456906 0.806984 0.518884 1.000000 0.460780 0.950307 0.026672 0.011689 0.010233 0.004336 0.142712 0.708922 0.011099 0.056605
0.507868 0.275764 0.523604 0.261995 0.492132 0.263962 0.549174 0.273797 0.470495 0.279698 0.584580 0.376080 0.425255 0.374113 0.616052 0.486231 0.368212 0.484264 0.606217 0.513769 0.440991 0.478363 0.545241 0.623920 0.444925 0.625887 0.525571 0.810783 0.456726 0.812750 0.511802 0.995679 0.450826 0.932736 0.009723 0.035719 0.016724 0.004741 0.197773 0.677851 0.012526 0.053460
0.508326 0.272271 0.523997 0.258558 0.492654 0.260517 0.549464 0.272271 0.473064 0.274230 0.584725 0.378055 0.426049 0.372178 0.619986 0.485798 0.371198 0.481880 0.604315 0.515182 0.429967 0.493633 0.545546 0.624884 0.443680 0.624884 0.523997 0.799232 0.457393 0.807067 0.508326 0.969661 0.445639 0.903057 0.009955 0.062697 0.010965 0.001742 0.256635 0.584751 0.013723 0.063057
0.508461 0.265589 0.522396 0.251654 0.492535 0.253644 0.548276 0.269570 0.470636 0.271561 0.584109 0.381053 0.424849 0.369108 0.627906 0.498507 0.377071 0.480590 0.594063 0.514433 0.412905 0.514433 0.546285 0.625915 0.444757 0.623924 0.522396 0.795129 0.454710 0.803092 0.506470 0.958371 0.438784 0.894667 0.013686 0.072476 0.004142 0.007152 0.473602 0.387973 0.011409 0.062309
0.506601 0.263370 0.522851 0.251183 0.490352 0.251183 0.547225 0.267432 0.470040 0.269463 0.585817 0.381177 0.423324 0.368990 0.626440 0.496953 0.380669 0.478673 0.595972 0.517265 0.409106 0.523358 0.545193 0.624916 0.445666 0.624916 0.524882 0.799596 0.461916 0.809752 0.506601 0.962089 0.437542 0.901154 0.001191 0.110864 0.015721 0.000227 0.420249 0.298454 0.011640 0.064759
0.505520 0.265655 0.521578 0.251604 0.489462 0.253611 0.547672 0.271677 0.467382 0.273684 0.583802 0.380067 0.423223 0.370031 0.621940 0.496487 0.387093 0.472400 0.591831 0.522581 0.409172 0.516560 0.547672 0.624951 0.445303 0.624951 0.525592 0.793559 0.467382 0.801588 0.507527 0.956145 0.449317 0.903957 0.006225 0.095183 0.005179 0.012082 0.373465 0.255584 0.008946 0.081031
0.501493 0.267521 0.517424 0.255573 0.485563 0.255573 0.541319 0.275486 0.465651 0.275486 0.581144 0.379031 0.425826 0.371066 0.616986 0.494524 0.384009 0.468638 0.583135 0.506472 0.407904 0.512445 0.545301 0.625947 0.447729 0.623956 0.525389 0.795204 0.471625 0.797195 0.509458 0.952513 0.461668 0.936583 0.005152 0.066327 0.008609 0.016128 0.487786 0.287828 0.008875 0.080906
0.497024 0.270862 0.512895 0.258959 0.481153 0.258959 0.536702 0.278798 0.459331 0.278798 0.578363 0.376008 0.425605 0.374024 0.610105 0.493056 0.389895 0.469250 0.560508 0.493056 0.407750 0.512895 0.546621 0.625976 0.449411 0.623992 0.526782 0.800557 0.477185 0.794606 0.514879 0.961251 0.473218 0.971171 0.012481 0.058519 0.004188 0.021143 0.584294 0.237806 0.005052 0.087384
0.492676 0.276383 0.508300 0.264665 0.479005 0.264665 0.531736 0.284194 0.457522 0.284194 0.574702 0.374032 0.428228 0.375985 0.605950 0.495118 0.398933 0.471682 0.543454 0.454105 0.406745 0.504882 0.545407 0.625968 0.451663 0.624015 0.525877 0.799784 0.480958 0.801737 0.520018 0.957976 0.484864 0.985318 0.023832 0.045229 0.001237 0.022014 0.765251 0.168117 0.003730 0.087617
0.487841 0.279671 0.503405 0.267998 0.472276 0.267998 0.528696 0.285507 0.452821 0.285507 0.573443 0.375001 0.425584 0.375001 0.608462 0.489786 0.400293 0.472276 0.548151 0.464494 0.406129 0.505350 0.548151 0.625972 0.452821 0.624026 0.530642 0.801068 0.478113 0.810795 0.518969 0.939199 0.489786 0.993673 0.004889 0.022554 0.000260 0.008167 0.720651 0.136568 0.001241 0.074570
0.486869 0.282602 0.504377 0.270930 0.471305 0.270930 0.527722 0.286493 0.451852 0.286493 0.572466 0.374036 0.424616 0.375981 0.611374 0.484923 0.397381 0.473251 0.541340 0.461578 0.403217 0.506323 0.549121 0.624991 0.453797 0.624991 0.533558 0.798131 0.479087 0.811749 0.525776 0.920691 0.496596 0.996562 0.008352 0.012778 0.000978 0.005713 0.709832 0.142501 0.003716 0.071379
0.489175 0.281523 0.504921 0.267745 0.473428 0.267745 0.528540 0.283491 0.453746 0.285460 0.571841 0.374031 0.424222 0.376000 0.623016 0.474413 0.396666 0.468508 0.573810 0.496063 0.402571 0.505905 0.550191 0.624000 0.453746 0.625969 0.542318 0.799176 0.477365 0.814922 0.534445 0.907430 0.500984 0.999938 0.008813 0.000831 0.013205 0.002161 0.518129 0.142000 0.005012 0.053880
0.492095 0.282121 0.507905 0.268288 0.474309 0.268288 0.529643 0.284098 0.454547 0.284098 0.575096 0.375004 0.422927 0.375004 0.626478 0.487649 0.387355 0.463934 0.551382 0.473815 0.399213 0.515316 0.551382 0.624008 0.450594 0.625984 0.551382 0.797916 0.480238 0.811749 0.545453 0.884869 0.507905 0.985657 0.021669 0.000153 0.030224 0.015421 0.694206 0.193311 0.002516 0.050369
0.492287 0.268100 0.508741 0.255760 0.475833 0.253703 0.531366 0.274271 0.455265 0.272214 0.576614 0.372995 0.416187 0.377109 0.634204 0.486117 0.383279 0.477890 0.562217 0.492287 0.393563 0.523139 0.553990 0.623920 0.453209 0.625977 0.556047 0.804915 0.484060 0.815198 0.551933 0.881015 0.508741 0.979739 0.020807 0.004053 0.032240 0.004438 0.622673 0.171598 0.009167 0.047829
0.489136 0.270372 0.504938 0.258520 0.473333 0.258520 0.528642 0.274322 0.453580 0.274322 0.574074 0.371112 0.418025 0.379013 0.619505 0.489630 0.376544 0.495556 0.562222 0.499506 0.410124 0.525185 0.554321 0.623950 0.453580 0.625925 0.546420 0.791850 0.481235 0.795801 0.548395 0.859010 0.497037 0.947899 0.024327 0.018414 0.009849 0.005842 0.562173 0.378715 0.010062 0.066335
0.491007 0.271183 0.506994 0.257194 0.475020 0.257194 0.528977 0.271183 0.453038 0.273181 0.572942 0.369105 0.417066 0.381095 0.616907 0.481015 0.377098 0.502998 0.582934 0.512990 0.427058 0.510991 0.554956 0.622902 0.455036 0.626899 0.546962 0.790767 0.481015 0.800759 0.550959 0.878697 0.499001 0.948641 0.029605 0.008691 0.007373 0.001574 0.378797 0.550347 0.012726 0.062360
0.493726 0.272561 0.510457 0.257921 0.479086 0.257921 0.533462 0.270470 0.456081 0.270470 0.577381 0.370857 0.416344 0.379222 0.619209 0.473335 0.372425 0.502614 0.600387 0.513071 0.420527 0.508888 0.554376 0.623915 0.451898 0.626006 0.546011 0.801683 0.474903 0.803775 0.550193 0.935532 0.500000 0.971086 0.024912 0.006428 0.013889 0.004580 0.264165 0.567560 0.007989 0.055933
0.498463 0.276656 0.514855 0.262313 0.484120 0.262313 0.537395 0.274607 0.461581 0.274607 0.576326 0.372960 0.420600 0.377058 0.609111 0.475412 0.377571 0.491804 0.605013 0.510245 0.424698 0.489755 0.549689 0.622941 0.453385 0.627040 0.535346 0.799158 0.475924 0.807354 0.545591 0.971276 0.498463 0.971276 0.044777 0.003913 0.007940 0.001928 0.135858 0.628031 0.003914 0.065436
0.504499 0.278044 0.518496 0.264047 0.488502 0.264047 0.540492 0.278044 0.464507 0.276045 0.572486 0.374025 0.422516 0.376025 0.602480 0.470006 0.386523 0.490002 0.604479 0.498000 0.436513 0.470006 0.548490 0.623975 0.456509 0.625975 0.530494 0.803939 0.474505 0.801940 0.534493 0.991902 0.492501 0.945911 0.038497 0.007141 0.001259 0.010585 0.073713 0.718483 0.006365 0.064167
0.506972 0.281381 0.520916 0.265446 0.489044 0.265446 0.540835 0.279389 0.467133 0.279389 0.572707 0.376996 0.425301 0.373012 0.600594 0.496514 0.383470 0.486554 0.606570 0.500498 0.455181 0.438747 0.548803 0.624000 0.453189 0.625992 0.532867 0.817221 0.471116 0.807261 0.524900 1.000000 0.489044 0.940723 0.013468 0.011125 0.004515 0.003569 0.239866 0.799527 0.002536 0.057572
0.507905 0.282121 0.521738 0.266312 0.490119 0.268288 0.543477 0.280145 0.468380 0.282121 0.575096 0.376980 0.426880 0.373028 0.596835 0.489625 0.383403 0.487649 0.602764 0.499506 0.458499 0.430338 0.545453 0.625984 0.452571 0.624008 0.527667 0.819654 0.466404 0.795939 0.519762 1.000000 0.486166 0.928346 0.016297 0.021605 0.008566 0.006915 0.111339 0.822898 0.002516 0.054707
0.505904 0.280573 0.519680 0.266797 0.488192 0.268765 0.543295 0.276637 0.468513 0.280573 0.578718 0.378971 0.427186 0.371099 0.598398 0.493112 0.379955 0.487208 0.602334 0.497048 0.450801 0.443913 0.545263 0.626933 0.448833 0.622997 0.529519 0.825697 0.458673 0.802081 0.511808 1.000000 0.476385 0.914255 0.004290 0.032376 0.017529 0.009816 0.195653 0.797584 0.007518 0.042632
0.507776 0.280808 0.521385 0.267200 0.490280 0.269144 0.544713 0.276920 0.472783 0.282752 0.579706 0.376067 0.430014 0.374123 0.606923 0.490766 0.379469 0.484934 0.601091 0.494654 0.447511 0.457717 0.542769 0.626850 0.447511 0.622961 0.529161 0.819311 0.457231 0.797926 0.507776 0.994276 0.468895 0.893185 0.016243 0.021118 0.024079 0.004676 0.386993 0.757339 0.012380 0.040135
