0.378347 0.316037 0.390216 0.300213 0.370435 0.308125 0.441646 0.296256 0.402084 0.316037 0.481208 0.363512 0.453515 0.395161 0.564288 0.426811 0.516814 0.501978 0.457471 0.478241 0.481208 0.553409 0.564288 0.612751 0.500989 0.628576 0.627587 0.810561 0.453515 0.814517 0.833309 0.909465 0.453515 1.000000 0.258770 0.079571 0.003834 0.143440 0.649923 0.363032 0.084088 0.178152
0.380010 0.310181 0.395747 0.294444 0.376076 0.302312 0.446890 0.294444 0.403615 0.310181 0.486231 0.361324 0.450824 0.396730 0.572780 0.424269 0.521637 0.499016 0.462626 0.475412 0.478363 0.558028 0.560978 0.613105 0.501967 0.628841 0.612121 0.813743 0.454758 0.809809 0.824562 0.880622 0.486231 1.000000 0.323472 0.126394 0.012414 0.150260 0.661488 0.394161 0.081016 0.160673
0.381522 0.315372 0.393370 0.299575 0.373623 0.303524 0.444710 0.299575 0.409167 0.315372 0.488152 0.362763 0.452609 0.394357 0.575036 0.429900 0.523696 0.504937 0.476304 0.493089 0.476304 0.560226 0.559239 0.615516 0.500000 0.627364 0.578985 0.836675 0.444710 0.812980 0.804094 0.864320 0.515797 1.000000 0.432759 0.192829 0.058925 0.156022 0.609370 0.407425 0.076150 0.120497
0.375199 0.313805 0.387276 0.293675 0.367147 0.301727 0.435586 0.293675 0.395328 0.309779 0.491948 0.362115 0.451690 0.394321 0.592595 0.438606 0.512078 0.511071 0.479871 0.503019 0.467793 0.575485 0.556362 0.619769 0.500000 0.623795 0.536233 0.849242 0.451690 0.817036 0.765706 0.853268 0.560388 1.000000 0.522267 0.225563 0.105830 0.144027 0.627890 0.343658 0.072384 0.050129
0.370935 0.308943 0.383130 0.288618 0.362805 0.296748 0.435976 0.292683 0.395325 0.308943 0.492886 0.361789 0.452236 0.394309 0.598577 0.443089 0.517276 0.524390 0.488821 0.512195 0.452236 0.593496 0.553862 0.617886 0.501016 0.626016 0.496951 0.841463 0.472561 0.837398 0.728659 0.865854 0.602642 1.000000 0.545956 0.223811 0.153742 0.108641 0.612420 0.387941 0.070447 0.036746
0.361540 0.302200 0.374033 0.285543 0.353212 0.293872 0.428167 0.281379 0.382361 0.306364 0.494795 0.356335 0.440660 0.402141 0.607228 0.439619 0.490631 0.539560 0.490631 0.518739 0.407346 0.589530 0.548929 0.610352 0.515616 0.631173 0.444824 0.826890 0.498959 0.860204 0.678020 0.893518 0.648870 1.000000 0.554063 0.241384 0.209486 0.123786 0.607286 0.438996 0.083123 0.119540
0.361000 0.308000 0.373000 0.288000 0.353000 0.296000 0.429000 0.284000 0.385000 0.304000 0.497000 0.352000 0.433000 0.408000 0.613000 0.436000 0.473000 0.544000 0.501000 0.496000 0.397000 0.564000 0.541000 0.612000 0.529000 0.628000 0.413000 0.804000 0.549000 0.852000 0.609000 0.904000 0.689000 1.000000 0.536996 0.185547 0.240529 0.102625 0.643954 0.509144 0.090334 0.215512
0.370155 0.303203 0.382328 0.278857 0.357982 0.291030 0.435077 0.274799 0.390443 0.303203 0.508115 0.347837 0.435077 0.408702 0.629845 0.424933 0.479712 0.542606 0.512173 0.481740 0.390443 0.546663 0.536519 0.611586 0.520288 0.631874 0.402616 0.790124 0.552750 0.846931 0.573038 0.964603 0.710999 1.000000 0.451088 0.194357 0.238981 0.068412 0.677129 0.587958 0.072967 0.252520
0.371410 0.295471 0.383560 0.275221 0.363310 0.283321 0.436211 0.271171 0.391660 0.295471 0.513163 0.348122 0.428111 0.408873 0.638715 0.425074 0.472662 0.542526 0.517213 0.477725 0.387610 0.534426 0.537463 0.611377 0.521263 0.631628 0.395711 0.789580 0.594164 0.854382 0.525313 1.000000 0.760217 1.000000 0.381624 0.153253 0.243192 0.025399 0.694817 0.632640 0.075478 0.314570
0.380165 0.296280 0.392148 0.276308 0.368181 0.284297 0.444077 0.276308 0.392148 0.296280 0.515978 0.348209 0.428099 0.408126 0.639808 0.424104 0.464049 0.543940 0.519973 0.472038 0.384159 0.527962 0.539945 0.611846 0.515978 0.631819 0.400137 0.799588 0.607852 0.835539 0.468044 1.000000 0.783610 0.991324 0.287641 0.134294 0.232604 0.015704 0.703857 0.645202 0.071811 0.338604
0.386431 0.299296 0.398179 0.279715 0.378598 0.287547 0.449090 0.279715 0.402095 0.299296 0.523497 0.346290 0.425593 0.408949 0.644899 0.424613 0.460838 0.542099 0.531329 0.467691 0.394263 0.514686 0.535246 0.616506 0.515665 0.628255 0.425593 0.820148 0.621402 0.827980 0.398179 1.000000 0.801546 0.961130 0.122549 0.142408 0.171057 0.030937 0.702218 0.706703 0.065278 0.312211
0.393612 0.298725 0.405113 0.279556 0.382110 0.283390 0.454953 0.283390 0.408947 0.298725 0.523961 0.348565 0.428116 0.406072 0.642809 0.425241 0.462620 0.536421 0.527795 0.467413 0.397446 0.505751 0.539297 0.616931 0.508626 0.628433 0.435784 0.820123 0.615973 0.827791 0.382110 1.000000 0.803829 0.923636 0.080372 0.192602 0.168146 0.046650 0.705751 0.722376 0.061397 0.307203
0.393817 0.297115 0.405194 0.278154 0.382441 0.285739 0.454493 0.274362 0.412779 0.297115 0.526546 0.350207 0.431740 0.403298 0.644105 0.422259 0.465870 0.536026 0.530338 0.471558 0.397610 0.501896 0.537922 0.615663 0.503792 0.630832 0.439324 0.816652 0.598598 0.828028 0.401402 1.000000 0.792002 0.884912 0.095065 0.266298 0.158806 0.045031 0.694817 0.727699 0.053362 0.287821
0.391381 0.289552 0.403019 0.270155 0.383623 0.277914 0.453449 0.270155 0.410778 0.289552 0.527155 0.351619 0.430174 0.402049 0.643532 0.429204 0.465087 0.537823 0.523275 0.475755 0.395261 0.514547 0.542672 0.615407 0.500000 0.630924 0.430174 0.809369 0.573705 0.844282 0.430174 1.000000 0.787063 0.875316 0.167298 0.348147 0.186001 0.011620 0.695270 0.682532 0.054599 0.273175
0.386077 0.289832 0.401791 0.274119 0.382149 0.278047 0.452860 0.274119 0.413576 0.289832 0.519642 0.356614 0.445003 0.395898 0.629636 0.450895 0.472501 0.541248 0.503928 0.494107 0.397862 0.541248 0.531427 0.615887 0.503928 0.631600 0.413576 0.816234 0.551069 0.859446 0.472501 1.000000 0.767129 0.883016 0.242534 0.400471 0.183712 0.013038 0.669046 0.559517 0.045167 0.234194
0.377623 0.290355 0.389661 0.270293 0.369599 0.278318 0.445833 0.270293 0.409722 0.286343 0.518056 0.354553 0.441821 0.398688 0.614352 0.458873 0.473920 0.539120 0.485957 0.515046 0.409722 0.563194 0.542130 0.615355 0.497994 0.631404 0.441821 0.832022 0.514043 0.876157 0.538117 1.000000 0.738734 0.892207 0.259132 0.456459 0.167313 0.054548 0.606000 0.457328 0.051309 0.158856
0.380559 0.298989 0.392212 0.279568 0.372790 0.283452 0.442707 0.275684 0.411633 0.295105 0.508740 0.361138 0.450476 0.392212 0.594193 0.466013 0.493203 0.524277 0.466013 0.516508 0.427170 0.570888 0.539814 0.617499 0.500971 0.629152 0.462128 0.838902 0.477665 0.846671 0.586425 1.000000 0.691300 0.893282 0.275147 0.465597 0.145811 0.100812 0.598179 0.403946 0.052162 0.073441
0.376207 0.295935 0.391681 0.276592 0.372338 0.280461 0.441972 0.280461 0.407155 0.295935 0.503869 0.361700 0.449709 0.392648 0.581239 0.470019 0.500000 0.520310 0.449709 0.504836 0.441972 0.562864 0.550291 0.617023 0.496131 0.628629 0.480657 0.833661 0.438103 0.841398 0.631530 1.000000 0.658610 0.914901 0.295328 0.482334 0.156243 0.146579 0.615062 0.418042 0.059452 0.014243
0.388273 0.309246 0.399173 0.287446 0.381006 0.294712 0.446407 0.291079 0.417340 0.305613 0.500908 0.363747 0.460941 0.389181 0.569943 0.465483 0.511809 0.509084 0.446407 0.494550 0.457307 0.556318 0.544509 0.621719 0.493642 0.625353 0.537242 0.836090 0.428240 0.814290 0.682579 1.000000 0.606277 0.941459 0.228706 0.408643 0.064081 0.149870 0.616218 0.400413 0.048766 0.095289
0.393218 0.309766 0.403985 0.291819 0.386039 0.298998 0.450647 0.291819 0.418343 0.309766 0.500897 0.363606 0.465004 0.388731 0.565505 0.453339 0.515255 0.500000 0.450647 0.489232 0.461415 0.546661 0.543969 0.622037 0.490129 0.625627 0.572684 0.823040 0.418343 0.797914 0.719846 1.000000 0.561916 0.963023 0.173454 0.353494 0.007401 0.159300 0.602221 0.407723 0.043552 0.170833
0.396942 0.310300 0.407886 0.292059 0.389646 0.299356 0.455311 0.292059 0.415182 0.310300 0.502736 0.361373 0.466255 0.390558 0.561105 0.448927 0.513680 0.489056 0.444367 0.481760 0.462607 0.514592 0.546513 0.620387 0.484496 0.627683 0.608530 0.828327 0.415182 0.810087 0.769046 0.999787 0.495440 1.000000 0.147249 0.227462 0.038966 0.140031 0.599897 0.495249 0.039583 0.207854
0.396336 0.309039 0.407248 0.290852 0.389061 0.298127 0.454533 0.290852 0.418160 0.305402 0.494544 0.363599 0.469083 0.389061 0.556379 0.443621 0.516368 0.479995 0.443621 0.472720 0.465445 0.505456 0.549104 0.618214 0.487269 0.629126 0.625489 0.825543 0.425434 0.821905 0.792807 0.985586 0.439984 1.000000 0.144712 0.119307 0.045167 0.122868 0.629022 0.505052 0.046477 0.211160
0.400780 0.305201 0.411703 0.286995 0.393498 0.294277 0.455396 0.290636 0.422626 0.305201 0.495449 0.363458 0.469961 0.388946 0.560989 0.439922 0.531860 0.479974 0.448114 0.469051 0.484525 0.509103 0.546424 0.618336 0.488166 0.629259 0.630170 0.822238 0.433550 0.833161 0.812225 0.960600 0.404421 1.000000 0.169092 0.041113 0.061215 0.107374 0.645172 0.514490 0.044184 0.207354
0.407249 0.308256 0.417951 0.290419 0.400115 0.297554 0.467894 0.293986 0.428653 0.308256 0.500000 0.365333 0.467894 0.386737 0.564212 0.436680 0.521404 0.483055 0.460759 0.465218 0.478596 0.522296 0.546375 0.618614 0.485731 0.629316 0.621289 0.818385 0.439355 0.821952 0.813926 0.932539 0.396547 1.000000 0.215518 0.012366 0.056557 0.098562 0.647584 0.425245 0.040992 0.189399
0.401199 0.311380 0.415570 0.293417 0.397606 0.300602 0.462276 0.297009 0.426349 0.311380 0.498204 0.365272 0.469462 0.386828 0.562873 0.437127 0.523353 0.487425 0.458683 0.469462 0.483833 0.523353 0.544909 0.620357 0.487425 0.627543 0.605986 0.825144 0.437127 0.828737 0.810773 0.904185 0.408385 1.000000 0.290490 0.036471 0.034617 0.101690 0.637476 0.421694 0.041286 0.170240
0.399590 0.304656 0.414195 0.286400 0.395938 0.293702 0.465313 0.290051 0.421497 0.304656 0.501826 0.363077 0.468964 0.388636 0.574851 0.428800 0.516431 0.501826 0.465313 0.476267 0.468964 0.545641 0.545641 0.622318 0.483569 0.625969 0.571200 0.841395 0.425149 0.819488 0.797580 0.877908 0.461661 1.000000 0.412129 0.142661 0.016326 0.112888 0.636578 0.389120 0.037277 0.130293
0.400695 0.305987 0.415407 0.287598 0.397017 0.294954 0.466898 0.287598 0.426441 0.305987 0.500000 0.361157 0.470576 0.390581 0.584593 0.434716 0.525746 0.519309 0.470576 0.486208 0.466898 0.559767 0.544136 0.618614 0.485288 0.629648 0.551491 0.842970 0.426441 0.817224 0.779525 0.861360 0.507356 1.000000 0.463953 0.205303 0.043610 0.116330 0.637146 0.437167 0.037550 0.107199
0.395007 0.305672 0.409743 0.287252 0.391324 0.294620 0.461319 0.287252 0.420795 0.305672 0.505526 0.360931 0.468686 0.390403 0.590257 0.449346 0.520262 0.515657 0.472370 0.508289 0.457635 0.563548 0.542365 0.618807 0.483422 0.629859 0.516578 0.843528 0.439215 0.825108 0.737615 0.858264 0.546049 1.000000 0.515179 0.218459 0.081536 0.090439 0.595645 0.416527 0.032892 0.034507
0.389682 0.305320 0.400806 0.286780 0.382265 0.294196 0.456429 0.286780 0.415639 0.309029 0.504635 0.360943 0.467553 0.390609 0.601048 0.453648 0.515760 0.524103 0.474970 0.512979 0.441596 0.568601 0.538009 0.616808 0.489803 0.631640 0.474970 0.831882 0.460137 0.843007 0.697461 0.872672 0.586215 1.000000 0.533040 0.223250 0.132041 0.073685 0.616234 0.438286 0.035484 0.046371
0.382896 0.311332 0.394048 0.289026 0.375460 0.296461 0.449812 0.285309 0.408919 0.307614 0.505576 0.359661 0.457248 0.393119 0.605952 0.456318 0.486988 0.526953 0.479553 0.508365 0.412636 0.564129 0.535317 0.612457 0.501859 0.634763 0.438660 0.820643 0.509294 0.868972 0.669151 0.902430 0.628257 1.000000 0.529823 0.174048 0.175637 0.048009 0.631671 0.422021 0.047510 0.148462
0.378251 0.301560 0.389755 0.278552 0.370582 0.290056 0.447274 0.278552 0.401259 0.301560 0.512462 0.355244 0.451109 0.397424 0.619831 0.443440 0.477951 0.550808 0.493289 0.489455 0.393590 0.546974 0.527801 0.615997 0.508628 0.631335 0.401259 0.811561 0.535470 0.865246 0.592989 0.972614 0.692689 1.000000 0.460417 0.191962 0.201509 0.040382 0.670090 0.569605 0.046548 0.219175
0.377549 0.296864 0.392737 0.277879 0.369955 0.285473 0.445894 0.277879 0.400331 0.300661 0.518035 0.350021 0.442097 0.403178 0.628147 0.437351 0.468675 0.551259 0.506645 0.471523 0.392737 0.528477 0.525629 0.615806 0.514238 0.630994 0.392737 0.801856 0.574989 0.855013 0.533223 0.999297 0.726867 1.000000 0.394283 0.133626 0.206524 0.013325 0.699296 0.649304 0.050979 0.281726
0.385376 0.292721 0.396838 0.269797 0.373913 0.285080 0.454150 0.273617 0.400659 0.304184 0.522925 0.346213 0.435046 0.407346 0.637549 0.434091 0.457971 0.552536 0.515283 0.472299 0.389197 0.518149 0.530566 0.613669 0.511462 0.632773 0.393018 0.800888 0.603162 0.858200 0.477075 1.000000 0.763635 1.000000 0.302681 0.112566 0.210784 0.018943 0.695388 0.697432 0.053768 0.324667
0.390006 0.291591 0.401585 0.268435 0.378428 0.280013 0.459476 0.268435 0.401585 0.299310 0.532805 0.341764 0.428601 0.411233 0.652447 0.430530 0.459476 0.554032 0.528946 0.472984 0.393866 0.511578 0.532805 0.615783 0.505789 0.631220 0.405444 0.820332 0.621572 0.851207 0.432460 1.000000 0.787527 1.000000 0.208993 0.085060 0.177267 0.046799 0.691425 0.750587 0.049337 0.331481
0.393035 0.293577 0.404295 0.274811 0.381776 0.286071 0.464345 0.271058 0.411801 0.301083 0.535655 0.346121 0.430567 0.406171 0.652002 0.428690 0.464345 0.552544 0.528149 0.466222 0.400542 0.503753 0.531902 0.616347 0.501877 0.631360 0.419307 0.822770 0.618224 0.841536 0.393035 1.000000 0.794622 0.991662 0.127221 0.114625 0.154526 0.063313 0.709884 0.780000 0.043140 0.319878
0.396336 0.289034 0.410885 0.270847 0.389061 0.278122 0.465445 0.267210 0.410885 0.292671 0.530917 0.347231 0.432709 0.405429 0.650950 0.423616 0.465445 0.536373 0.530917 0.459989 0.403610 0.492725 0.538192 0.616395 0.498181 0.630945 0.432709 0.816449 0.600027 0.827361 0.399973 1.000000 0.800081 0.907383 0.114317 0.226617 0.163053 0.062324 0.725947 0.773632 0.046477 0.306717
0.402912 0.292084 0.413903 0.270102 0.388257 0.277429 0.465195 0.270102 0.410239 0.292084 0.534805 0.347040 0.428558 0.405659 0.648381 0.431305 0.461531 0.530226 0.523814 0.460615 0.402912 0.493589 0.542133 0.614491 0.494504 0.632810 0.439549 0.819659 0.575106 0.845305 0.432221 1.000000 0.791265 0.889270 0.138492 0.320729 0.156302 0.025461 0.723258 0.760177 0.046816 0.262985
0.395959 0.284419 0.410956 0.261923 0.384711 0.273171 0.467194 0.265673 0.410956 0.291917 0.534680 0.348156 0.429702 0.404394 0.647158 0.426890 0.463445 0.535618 0.519683 0.468131 0.407206 0.505624 0.542179 0.614352 0.493439 0.633098 0.425953 0.816811 0.560925 0.858052 0.470943 1.000000 0.782130 0.903043 0.219179 0.343357 0.174848 0.006259 0.706000 0.736074 0.045505 0.258657
0.385502 0.283306 0.400642 0.260595 0.377932 0.271950 0.457418 0.264380 0.400642 0.290876 0.529334 0.351437 0.438493 0.400642 0.635316 0.434708 0.464988 0.536904 0.506624 0.483914 0.404427 0.533119 0.540689 0.616390 0.491484 0.631531 0.423353 0.824569 0.540689 0.866204 0.514194 1.000000 0.756438 0.888914 0.272862 0.400827 0.177007 0.006022 0.671768 0.580999 0.041078 0.229163
0.381520 0.285430 0.396447 0.263040 0.374057 0.274235 0.456153 0.266772 0.396447 0.292893 0.515860 0.356331 0.441226 0.397379 0.616614 0.445891 0.471080 0.531719 0.486006 0.501866 0.415105 0.561572 0.541981 0.613815 0.500933 0.632474 0.448690 0.830251 0.515860 0.852641 0.556908 1.000000 0.717369 0.871300 0.268806 0.449063 0.161725 0.057619 0.639821 0.413646 0.054912 0.151090
0.385134 0.287590 0.399720 0.269357 0.377841 0.276650 0.454418 0.273004 0.399720 0.294883 0.509116 0.360520 0.447125 0.393339 0.592986 0.451684 0.490884 0.520968 0.465358 0.513674 0.428893 0.568372 0.552875 0.615777 0.490884 0.630363 0.498177 0.823629 0.454418 0.827276 0.636745 1.000000 0.669564 0.881974 0.266529 0.479039 0.135951 0.116397 0.592820 0.397329 0.056003 0.023623
0.385336 0.300660 0.399448 0.279492 0.378279 0.290076 0.455898 0.283020 0.402976 0.307717 0.505292 0.360639 0.455898 0.392392 0.575855 0.455898 0.508820 0.515877 0.445314 0.505292 0.452370 0.558214 0.551158 0.618192 0.487652 0.628777 0.540574 0.833409 0.431201 0.808712 0.671114 1.000000 0.632305 0.896915 0.215423 0.465199 0.071739 0.139270 0.587796 0.424048 0.049614 0.081125
0.388669 0.302365 0.399025 0.285105 0.381764 0.295461 0.454259 0.285105 0.405929 0.312722 0.502589 0.361051 0.457711 0.392121 0.568180 0.454259 0.526754 0.506041 0.440451 0.492233 0.461163 0.547467 0.554371 0.616510 0.485328 0.630318 0.581988 0.823638 0.423190 0.789116 0.733882 0.999697 0.581988 0.934106 0.184395 0.383184 0.021467 0.155467 0.603206 0.494126 0.050762 0.160918
0.382157 0.308833 0.396124 0.287883 0.375174 0.298358 0.448498 0.287883 0.396124 0.315816 0.500873 0.361207 0.455482 0.392632 0.556739 0.451990 0.518331 0.511348 0.434532 0.483415 0.462465 0.546264 0.556739 0.616097 0.486906 0.630064 0.616097 0.829087 0.410090 0.794171 0.773221 1.000000 0.539281 0.989703 0.146748 0.325205 0.017834 0.181239 0.595482 0.477177 0.055857 0.225867
0.385263 0.308201 0.398963 0.291076 0.378413 0.297926 0.446913 0.291076 0.402388 0.311626 0.498287 0.363001 0.460613 0.390401 0.553087 0.452050 0.515412 0.493150 0.433213 0.482875 0.467463 0.527400 0.553087 0.619874 0.488013 0.626724 0.631862 0.815098 0.405813 0.794548 0.796261 0.979497 0.484588 1.000000 0.127919 0.254792 0.055177 0.181716 0.595482 0.458527 0.052568 0.267055
0.389917 0.308214 0.400237 0.291014 0.379596 0.297894 0.448398 0.287574 0.403677 0.311654 0.493120 0.359816 0.462159 0.394217 0.555042 0.438938 0.513760 0.490540 0.438078 0.473339 0.472479 0.528381 0.555042 0.617824 0.489680 0.628144 0.658245 0.810469 0.427758 0.807029 0.826810 0.954954 0.424318 1.000000 0.117890 0.101178 0.081571 0.143352 0.620319 0.420379 0.057249 0.262623
0.392365 0.312067 0.402616 0.291565 0.382114 0.301816 0.453871 0.291565 0.406033 0.315484 0.494875 0.359904 0.460705 0.394074 0.559797 0.435078 0.518793 0.493166 0.443620 0.469247 0.484624 0.541004 0.556380 0.616177 0.488041 0.629845 0.655472 0.800694 0.436786 0.807527 0.843406 0.930538 0.402616 1.000000 0.150676 0.040056 0.081898 0.126135 0.635697 0.366204 0.056860 0.246268
0.390898 0.307773 0.404752 0.286992 0.380508 0.297382 0.453242 0.290455 0.404752 0.314700 0.494805 0.359726 0.460169 0.394362 0.567539 0.428997 0.522513 0.494805 0.453242 0.470560 0.467096 0.536367 0.557149 0.616029 0.487878 0.629883 0.647201 0.813451 0.435924 0.813451 0.855014 0.896576 0.418607 1.000000 0.242661 0.063354 0.060268 0.125069 0.646745 0.471986 0.057644 0.224012
0.389420 0.309316 0.403352 0.288419 0.382455 0.298867 0.455594 0.291902 0.403352 0.312798 0.493905 0.358075 0.459077 0.396386 0.580976 0.424249 0.525250 0.490422 0.466043 0.476491 0.469525 0.532216 0.556596 0.615804 0.490422 0.629735 0.629735 0.821290 0.438180 0.800393 0.849153 0.863084 0.455594 1.000000 0.331241 0.117584 0.032894 0.137062 0.657340 0.490357 0.060224 0.203404
0.392632 0.308833 0.406599 0.291374 0.385649 0.301849 0.458973 0.294866 0.406599 0.315816 0.500873 0.361207 0.455482 0.392632 0.591656 0.427548 0.525314 0.497381 0.476431 0.479923 0.472940 0.542773 0.556739 0.616097 0.486906 0.630064 0.612605 0.825595 0.431040 0.804646 0.829087 0.846545 0.493890 1.000000 0.386339 0.183332 0.014272 0.140467 0.663321 0.459865 0.055857 0.181534
