0.418178 0.296189 0.430079 0.281312 0.418178 0.281312 0.477685 0.287263 0.465784 0.290238 0.522315 0.370572 0.471734 0.379498 0.614551 0.456857 0.459833 0.498512 0.522315 0.486611 0.394375 0.447931 0.507438 0.626452 0.498512 0.623477 0.436030 0.816875 0.552069 0.816875 0.453882 1.000000 0.718688 0.915061 0.143058 0.244506 0.095715 0.051195 0.661280 0.677687 0.007577 0.200193
0.410665 0.293318 0.422778 0.278177 0.413693 0.278177 0.471231 0.281205 0.465175 0.284234 0.516656 0.372054 0.474259 0.378111 0.604476 0.478045 0.471231 0.502271 0.504542 0.496215 0.398552 0.468960 0.507571 0.626432 0.501514 0.623403 0.425807 0.814186 0.525741 0.823271 0.477288 1.000000 0.707439 0.889894 0.212162 0.349736 0.119372 0.003172 0.662996 0.629035 0.011570 0.169131
0.405272 0.287459 0.418009 0.268354 0.405272 0.271538 0.468955 0.274723 0.462586 0.277907 0.510348 0.373431 0.484875 0.376615 0.577215 0.497612 0.484875 0.507164 0.453034 0.500796 0.405272 0.497612 0.503980 0.624977 0.500796 0.624977 0.443482 0.847866 0.475323 0.838314 0.529453 1.000000 0.672739 0.901997 0.227370 0.438502 0.076309 0.058205 0.649066 0.538015 0.006081 0.046538
0.403998 0.290825 0.416486 0.272093 0.407120 0.275215 0.463316 0.278337 0.457072 0.281459 0.503902 0.375119 0.485170 0.375119 0.538245 0.509366 0.497658 0.509366 0.428974 0.493756 0.413364 0.500000 0.510147 0.624881 0.500781 0.624881 0.469560 0.834055 0.472682 0.815323 0.541367 1.000000 0.650637 0.871520 0.177523 0.449263 0.068960 0.066496 0.624886 0.564749 0.013917 0.014376
0.396258 0.294076 0.405618 0.275355 0.399378 0.278475 0.449299 0.281595 0.461779 0.281595 0.486740 0.378317 0.499220 0.372077 0.483620 0.512480 0.555381 0.490640 0.393138 0.478160 0.446179 0.500000 0.502340 0.627923 0.511700 0.621683 0.483620 0.843207 0.468019 0.812007 0.564741 1.000000 0.608422 0.880648 0.161752 0.427069 0.047478 0.087713 0.608000 0.613595 0.017886 0.044201
0.391928 0.292470 0.404458 0.276807 0.395060 0.276807 0.448313 0.279939 0.460843 0.283072 0.479639 0.380181 0.498434 0.370783 0.448313 0.511747 0.576747 0.464759 0.370000 0.455361 0.485904 0.508614 0.514096 0.627651 0.507831 0.621386 0.517229 0.834398 0.463976 0.803073 0.611205 1.000000 0.573615 0.937772 0.144912 0.292858 0.039216 0.087322 0.624230 0.577979 0.027955 0.080214
0.397334 0.300753 0.406460 0.282501 0.397334 0.285543 0.452089 0.285543 0.461215 0.291627 0.479467 0.379843 0.503802 0.370717 0.433838 0.504563 0.585935 0.461976 0.363873 0.437640 0.506844 0.501521 0.525096 0.626241 0.491635 0.623199 0.543348 0.827009 0.406460 0.784422 0.649816 1.000000 0.522054 0.933477 0.143969 0.364675 0.029428 0.139380 0.631287 0.585679 0.021318 0.183567
0.396205 0.301435 0.408239 0.286393 0.399213 0.289401 0.450359 0.289401 0.462393 0.292410 0.483453 0.379658 0.504513 0.370632 0.426290 0.503009 0.591761 0.451863 0.366119 0.433812 0.516547 0.500000 0.525573 0.626359 0.486461 0.623351 0.567693 0.824924 0.408239 0.785813 0.672992 0.996412 0.471419 0.972343 0.108751 0.246787 0.012708 0.120135 0.634040 0.580145 0.015328 0.209367
0.395736 0.303649 0.404869 0.285384 0.395736 0.288428 0.450532 0.285384 0.459664 0.291472 0.480974 0.379754 0.505327 0.370622 0.429222 0.507610 0.596653 0.455859 0.365294 0.437594 0.514460 0.501522 0.526637 0.626334 0.487062 0.623290 0.581432 0.830296 0.417046 0.802898 0.694068 0.994682 0.423134 1.000000 0.107670 0.127961 0.025257 0.095348 0.642035 0.599557 0.017451 0.201862
0.397709 0.305948 0.406735 0.290905 0.397709 0.293914 0.448855 0.290905 0.463897 0.293914 0.478940 0.381162 0.509026 0.369128 0.439829 0.507521 0.593265 0.459385 0.364615 0.450359 0.512034 0.495487 0.521060 0.624855 0.490974 0.624855 0.578222 0.826428 0.427795 0.808377 0.713607 0.973848 0.409743 1.000000 0.148505 0.076238 0.033480 0.083105 0.611313 0.605903 0.015328 0.193495
0.398342 0.305925 0.407583 0.287442 0.398342 0.290522 0.453792 0.287442 0.466114 0.293603 0.475356 0.379858 0.509242 0.370617 0.453792 0.512322 0.592417 0.472275 0.367536 0.469194 0.503081 0.496919 0.515403 0.626303 0.500000 0.623222 0.549289 0.841942 0.429147 0.817297 0.727961 0.962083 0.432228 1.000000 0.261955 0.116173 0.001665 0.099782 0.596216 0.632596 0.019624 0.161037
0.402620 0.306761 0.411749 0.288503 0.402620 0.291546 0.454353 0.288503 0.466526 0.291546 0.484784 0.379796 0.500000 0.370667 0.484784 0.513694 0.566949 0.489349 0.387404 0.492392 0.481741 0.507608 0.521302 0.626290 0.493914 0.623247 0.533474 0.833223 0.423922 0.805834 0.722148 0.924516 0.469569 1.000000 0.337848 0.188712 0.028114 0.108851 0.568550 0.596293 0.019385 0.135222
0.401897 0.305280 0.413788 0.287443 0.404870 0.290416 0.458380 0.287443 0.464326 0.290416 0.491082 0.376628 0.497027 0.373655 0.520810 0.498514 0.538647 0.510405 0.413788 0.492568 0.446489 0.522296 0.514864 0.626345 0.497027 0.623372 0.497027 0.825524 0.440544 0.801741 0.675397 0.902817 0.532701 0.968219 0.398270 0.258550 0.058653 0.097618 0.593816 0.553195 0.015146 0.069189
0.401490 0.303743 0.413708 0.285416 0.404544 0.285416 0.459527 0.288470 0.453418 0.291525 0.496182 0.373999 0.480909 0.377053 0.538946 0.496182 0.505346 0.502291 0.435090 0.490073 0.422872 0.490073 0.520618 0.627529 0.502291 0.621419 0.477854 0.826076 0.471745 0.823022 0.658074 0.893277 0.535891 1.000000 0.453919 0.155032 0.098113 0.075646 0.625869 0.608155 0.029210 0.019663
0.398447 0.300801 0.407822 0.285177 0.398447 0.285177 0.457817 0.288302 0.445318 0.288302 0.498438 0.372669 0.473440 0.378918 0.570306 0.482033 0.464066 0.500781 0.451567 0.494532 0.398447 0.457035 0.523435 0.625769 0.504687 0.622644 0.457817 0.831999 0.476565 0.831999 0.620301 0.931989 0.554682 1.000000 0.422459 0.168170 0.129393 0.083091 0.651676 0.662730 0.035882 0.055553
0.388562 0.304602 0.400774 0.289336 0.388562 0.292389 0.446571 0.289336 0.440465 0.292389 0.492367 0.371770 0.470996 0.380929 0.574801 0.469469 0.443518 0.503053 0.464889 0.493894 0.373296 0.438938 0.513739 0.625177 0.522898 0.622124 0.422146 0.814469 0.501527 0.817522 0.565642 0.954911 0.577854 0.994602 0.396872 0.164220 0.170232 0.102146 0.653484 0.665095 0.046816 0.108773
0.392987 0.303682 0.405305 0.288284 0.392987 0.288284 0.448418 0.291364 0.448418 0.294443 0.500770 0.371431 0.466895 0.380669 0.593155 0.460736 0.442259 0.506929 0.494611 0.488452 0.374510 0.433021 0.516167 0.623950 0.516167 0.623950 0.429941 0.808720 0.531565 0.824118 0.519247 0.999650 0.620871 1.000000 0.278246 0.120981 0.158368 0.039170 0.668124 0.702492 0.041286 0.163420
0.398617 0.303287 0.407696 0.288155 0.398617 0.288155 0.453091 0.291181 0.450065 0.294208 0.501513 0.369867 0.468223 0.381972 0.601383 0.451578 0.447039 0.503026 0.507566 0.484868 0.377432 0.433420 0.510592 0.624081 0.519671 0.624081 0.431907 0.805662 0.565067 0.817768 0.465197 1.000000 0.655858 0.996323 0.183522 0.076453 0.141523 0.006632 0.673189 0.694854 0.038628 0.203441
0.401280 0.304821 0.410323 0.286735 0.401280 0.289749 0.458553 0.289749 0.455538 0.295778 0.506782 0.371137 0.467596 0.380180 0.603241 0.449510 0.446495 0.500754 0.512811 0.482668 0.374151 0.437452 0.506782 0.624342 0.518840 0.624342 0.437452 0.817260 0.582141 0.823289 0.434438 1.000000 0.681614 0.989078 0.104995 0.073965 0.109818 0.032206 0.670944 0.673665 0.032680 0.207874
0.402787 0.307835 0.414845 0.289749 0.402787 0.292764 0.460060 0.292764 0.454031 0.298792 0.508289 0.371137 0.466089 0.380180 0.607763 0.458553 0.454031 0.500754 0.520347 0.488696 0.381687 0.455538 0.508289 0.624342 0.517332 0.624342 0.438959 0.817260 0.574605 0.820274 0.432931 1.000000 0.704222 0.964963 0.100175 0.142005 0.109818 0.024672 0.664810 0.646082 0.032680 0.200340
0.404311 0.301029 0.416462 0.285840 0.407349 0.285840 0.462028 0.288878 0.455953 0.291915 0.513670 0.373934 0.465066 0.376972 0.604802 0.468104 0.465066 0.495443 0.513670 0.492406 0.392161 0.471142 0.510632 0.626066 0.510632 0.623028 0.437726 0.820481 0.550123 0.820481 0.452915 1.000000 0.708085 0.935915 0.138269 0.236288 0.110365 0.004547 0.661830 0.602416 0.027107 0.177033
0.402792 0.290690 0.412199 0.275011 0.402792 0.278147 0.462371 0.281282 0.462371 0.284418 0.509407 0.375354 0.471778 0.375354 0.594072 0.488241 0.490593 0.510191 0.468643 0.507055 0.405928 0.503920 0.509407 0.626213 0.509407 0.623078 0.434150 0.826900 0.521950 0.833172 0.484321 1.000000 0.706959 0.917837 0.192179 0.344407 0.114200 0.029003 0.657440 0.567666 0.023978 0.133181
0.394518 0.283357 0.407501 0.267129 0.397764 0.267129 0.456185 0.276866 0.456185 0.273620 0.495132 0.377479 0.475658 0.374233 0.566535 0.504057 0.488640 0.507303 0.443202 0.520285 0.384782 0.523531 0.511360 0.624144 0.517851 0.624144 0.439957 0.844844 0.482149 0.841598 0.511360 1.000000 0.680130 0.909756 0.213208 0.446261 0.120511 0.105036 0.621842 0.481620 0.037277 0.047802
0.397553 0.285650 0.410162 0.269889 0.400705 0.269889 0.457445 0.279346 0.460597 0.276193 0.498424 0.377064 0.479511 0.373912 0.529946 0.503152 0.501576 0.515761 0.413314 0.506304 0.413314 0.509457 0.517337 0.626088 0.504728 0.622936 0.466902 0.827829 0.476358 0.812068 0.548859 1.000000 0.646578 0.884569 0.212121 0.419224 0.102108 0.079518 0.569378 0.571819 0.028131 0.030586
0.391206 0.291022 0.403729 0.275368 0.394337 0.275368 0.453821 0.284761 0.456952 0.281630 0.475737 0.381814 0.500783 0.369291 0.485129 0.522698 0.572790 0.475737 0.381814 0.497652 0.481998 0.507044 0.507044 0.626013 0.516436 0.622882 0.485129 0.832643 0.475737 0.816989 0.579051 1.000000 0.610359 0.904650 0.187848 0.382063 0.074222 0.085413 0.596895 0.583620 0.029941 0.032155
0.390292 0.292173 0.405744 0.276721 0.396473 0.279811 0.452099 0.285992 0.461370 0.289082 0.473732 0.381793 0.501545 0.369432 0.452099 0.511589 0.581895 0.459053 0.365569 0.468324 0.504636 0.502318 0.523178 0.625932 0.501545 0.622842 0.516997 0.829897 0.418105 0.792812 0.622069 1.000000 0.544810 0.928788 0.178416 0.384030 0.073250 0.145260 0.595015 0.570161 0.031530 0.135617
0.392431 0.294922 0.404813 0.279445 0.395526 0.282540 0.454341 0.285636 0.460532 0.288731 0.476010 0.381597 0.503869 0.369214 0.438864 0.511608 0.590544 0.452793 0.364571 0.452793 0.510060 0.505417 0.528634 0.626142 0.491487 0.623047 0.550302 0.833542 0.411004 0.790205 0.658645 1.000000 0.506965 0.963553 0.139691 0.303765 0.034332 0.127318 0.624567 0.571462 0.025646 0.175969
0.396163 0.294650 0.408561 0.276053 0.396163 0.279152 0.455056 0.282252 0.461255 0.285352 0.476753 0.381440 0.507749 0.369041 0.433358 0.511624 0.594538 0.452731 0.371366 0.443432 0.510849 0.502325 0.526347 0.626309 0.489151 0.623210 0.572841 0.833984 0.414761 0.793689 0.681328 1.000000 0.455056 0.995164 0.107700 0.193804 0.006501 0.107721 0.662730 0.585505 0.019745 0.201078
0.399760 0.296436 0.412097 0.277930 0.399760 0.281014 0.458362 0.281014 0.464530 0.287183 0.479952 0.379712 0.510795 0.370459 0.439856 0.509253 0.597156 0.453735 0.372001 0.438314 0.510795 0.503084 0.520048 0.626456 0.489205 0.623372 0.575565 0.836189 0.427519 0.811515 0.695853 0.993489 0.418266 1.000000 0.125438 0.085702 0.031092 0.073741 0.661525 0.590537 0.011784 0.183218
0.405916 0.304306 0.417959 0.286242 0.408927 0.289252 0.463119 0.289252 0.466130 0.295274 0.484194 0.379573 0.508279 0.370541 0.451076 0.509032 0.592578 0.463872 0.384841 0.451829 0.508279 0.506021 0.517311 0.626449 0.490215 0.623438 0.562472 0.834186 0.433012 0.813111 0.716016 0.963645 0.414948 0.999773 0.208887 0.062528 0.025691 0.070539 0.647032 0.586245 0.009585 0.161375
0.402896 0.301168 0.415227 0.282672 0.405979 0.285755 0.461467 0.282672 0.473797 0.288838 0.473797 0.378235 0.513872 0.372069 0.461467 0.507707 0.584773 0.479963 0.384400 0.461467 0.498459 0.501541 0.489211 0.627931 0.523120 0.621765 0.458384 0.834469 0.504624 0.837552 0.523120 0.997850 0.686501 0.963941 0.167243 0.333906 0.066785 0.039001 0.641797 0.607080 0.015707 0.019944
0.413050 0.297376 0.422366 0.281849 0.413050 0.281849 0.468946 0.281849 0.468946 0.284954 0.490684 0.378115 0.506211 0.371904 0.500000 0.511645 0.571423 0.499224 0.403734 0.489908 0.472052 0.514750 0.509316 0.626543 0.493789 0.623438 0.506211 0.847023 0.425472 0.815969 0.708058 0.924657 0.468946 1.000000 0.387608 0.180348 0.028312 0.092831 0.592863 0.601337 0.003954 0.104054
0.415911 0.299246 0.431062 0.284095 0.415911 0.284095 0.476516 0.284095 0.461364 0.290155 0.506818 0.375002 0.491667 0.375002 0.534090 0.505303 0.509848 0.514394 0.428032 0.505303 0.431062 0.511363 0.515909 0.626513 0.485606 0.623483 0.470455 0.829539 0.440153 0.811358 0.655300 0.905296 0.525000 0.984082 0.446299 0.220901 0.081608 0.067796 0.565675 0.553522 0.001931 0.005453
0.408166 0.292000 0.420724 0.273162 0.408166 0.276301 0.470958 0.279441 0.448981 0.282581 0.505494 0.373630 0.480377 0.376770 0.555728 0.492936 0.492936 0.511774 0.433283 0.505494 0.408166 0.489796 0.518053 0.627940 0.496075 0.621661 0.442702 0.835155 0.452121 0.832016 0.637359 0.891669 0.536891 1.000000 0.521077 0.208573 0.126724 0.085946 0.594320 0.610272 0.017998 0.045448
0.406406 0.290413 0.419205 0.271214 0.406406 0.274414 0.470402 0.274414 0.448003 0.277613 0.508799 0.370408 0.476801 0.380007 0.582395 0.476001 0.464002 0.511199 0.473602 0.520799 0.384007 0.460002 0.521599 0.626392 0.492800 0.623193 0.451203 0.834380 0.451203 0.831180 0.607993 0.939974 0.556797 1.000000 0.415222 0.240100 0.119786 0.083744 0.569418 0.650261 0.018344 0.041050
0.409685 0.286308 0.425813 0.270180 0.409685 0.273406 0.477421 0.273406 0.451617 0.279857 0.522579 0.370172 0.474196 0.379849 0.619345 0.466938 0.458068 0.508870 0.516128 0.512096 0.380655 0.437908 0.525804 0.624990 0.477421 0.624990 0.519353 0.834650 0.422587 0.818522 0.622570 1.000000 0.551609 0.963671 0.177522 0.319182 0.013820 0.092072 0.618726 0.696586 0.004108 0.078093
0.407075 0.295883 0.419783 0.279998 0.407075 0.279998 0.473790 0.283175 0.448375 0.289529 0.518267 0.368952 0.464260 0.381660 0.626283 0.454729 0.442021 0.508737 0.534152 0.508737 0.368952 0.435667 0.530975 0.623106 0.486498 0.626283 0.499206 0.820075 0.461083 0.823252 0.629460 1.000000 0.537329 1.000000 0.239270 0.167700 0.066804 0.069704 0.617595 0.694854 0.022265 0.010055
0.406184 0.299401 0.418387 0.284146 0.406184 0.284146 0.470253 0.287197 0.448897 0.290248 0.512966 0.369572 0.461101 0.381776 0.619749 0.448897 0.442795 0.503814 0.534323 0.503814 0.372623 0.433642 0.512966 0.622800 0.512966 0.625851 0.418387 0.790602 0.580087 0.824162 0.442795 1.000000 0.668564 0.995014 0.200115 0.048215 0.163373 0.037234 0.614765 0.702607 0.033078 0.267256
0.409874 0.303224 0.424895 0.285199 0.409874 0.288203 0.472962 0.288203 0.451933 0.294212 0.518025 0.369317 0.463950 0.381334 0.620168 0.444422 0.445924 0.504506 0.542059 0.501502 0.373823 0.435410 0.512017 0.624675 0.506008 0.624675 0.439916 0.807931 0.587122 0.819948 0.418886 1.000000 0.686261 0.976167 0.085681 0.054681 0.111827 0.070840 0.597306 0.696975 0.022970 0.244634
0.406607 0.297648 0.422172 0.278970 0.409720 0.282083 0.475095 0.285196 0.450190 0.285196 0.518679 0.369250 0.459530 0.381702 0.627637 0.450190 0.447077 0.500000 0.543583 0.496887 0.369250 0.447077 0.512452 0.624524 0.509339 0.624524 0.437738 0.826876 0.580941 0.833102 0.415946 1.000000 0.708578 0.973192 0.078439 0.129947 0.104825 0.040857 0.635213 0.656704 0.027781 0.217846
0.411283 0.298857 0.426579 0.283561 0.411283 0.283561 0.472467 0.286620 0.454112 0.289680 0.518355 0.372278 0.463290 0.378397 0.616250 0.460995 0.457171 0.500765 0.530592 0.503824 0.383750 0.467114 0.509178 0.626192 0.509178 0.623133 0.438816 0.821981 0.558125 0.825041 0.444934 1.000000 0.711085 0.941290 0.119460 0.217434 0.098317 0.016707 0.618058 0.620895 0.023392 0.185523
0.410603 0.293462 0.422933 0.278048 0.410603 0.278048 0.472256 0.281131 0.456843 0.284214 0.518496 0.373611 0.469173 0.376693 0.604811 0.481504 0.478421 0.503083 0.509248 0.512331 0.401355 0.490752 0.509248 0.626389 0.503083 0.623307 0.438347 0.820597 0.521579 0.826762 0.475339 1.000000 0.700373 0.916160 0.170421 0.323558 0.099782 0.014637 0.615451 0.573751 0.015707 0.140281
0.402310 0.286352 0.415017 0.267290 0.402310 0.270467 0.462671 0.273644 0.453140 0.276821 0.507148 0.375306 0.475379 0.375306 0.573864 0.496029 0.481733 0.502383 0.459494 0.515090 0.411840 0.505560 0.510325 0.626283 0.507148 0.623106 0.449963 0.839137 0.484910 0.832783 0.503971 1.000000 0.665994 0.909029 0.178714 0.406781 0.091987 0.074222 0.608134 0.501444 0.022265 0.054323
0.395586 0.282338 0.408437 0.266274 0.395586 0.266274 0.459841 0.272699 0.446990 0.272699 0.501606 0.375507 0.475905 0.375507 0.533734 0.513654 0.491968 0.510441 0.421288 0.504016 0.405225 0.504016 0.517670 0.626100 0.504819 0.622887 0.466266 0.841352 0.466266 0.825289 0.540159 1.000000 0.636541 0.905607 0.194788 0.419617 0.094993 0.096950 0.599950 0.561252 0.028673 0.014704
0.395516 0.289473 0.407992 0.273879 0.398635 0.273879 0.457895 0.280117 0.461014 0.280117 0.485965 0.379922 0.498441 0.370565 0.489084 0.517154 0.563938 0.482846 0.389279 0.489084 0.473489 0.504678 0.507797 0.626316 0.507797 0.623197 0.495322 0.835283 0.479727 0.816570 0.573294 1.000000 0.601365 0.916375 0.152633 0.327167 0.047112 0.057670 0.594503 0.592700 0.019869 0.026905
0.395606 0.291211 0.408071 0.275630 0.398722 0.278746 0.454814 0.278746 0.457931 0.284979 0.479744 0.381583 0.501558 0.369118 0.451698 0.509349 0.579464 0.459489 0.364443 0.456373 0.495326 0.496884 0.523372 0.627766 0.495326 0.621534 0.526488 0.836555 0.436117 0.805392 0.616859 1.000000 0.538953 0.945623 0.145059 0.300579 0.051079 0.091311 0.604905 0.593340 0.023829 0.103919
0.396258 0.290955 0.408738 0.275355 0.399378 0.278475 0.458659 0.278475 0.455539 0.284715 0.480500 0.381437 0.505460 0.368957 0.430579 0.506240 0.586582 0.446959 0.361937 0.437599 0.505460 0.496880 0.527301 0.627923 0.486740 0.621683 0.552261 0.836967 0.411858 0.793286 0.648983 1.000000 0.492980 0.977370 0.118415 0.263093 0.021900 0.107435 0.628881 0.580643 0.017886 0.168799
0.398161 0.297088 0.410413 0.281774 0.398161 0.281774 0.459418 0.284837 0.456355 0.290963 0.480857 0.379784 0.505360 0.370596 0.422664 0.505360 0.591119 0.447166 0.364470 0.428789 0.508423 0.499234 0.526800 0.627873 0.486983 0.621747 0.566616 0.836144 0.416538 0.796328 0.673815 1.000000 0.441041 0.995411 0.117680 0.161061 0.001844 0.098831 0.655008 0.589133 0.017558 0.182208
0.402468 0.294268 0.414660 0.279029 0.405516 0.279029 0.466473 0.282077 0.463426 0.285125 0.481713 0.379609 0.512191 0.370465 0.429899 0.501524 0.591436 0.449710 0.368941 0.428375 0.515239 0.501524 0.521335 0.626487 0.484761 0.623439 0.567053 0.833742 0.429899 0.812407 0.685920 0.992232 0.411612 1.000000 0.135724 0.060185 0.018454 0.055559 0.650939 0.559913 0.007762 0.159049
0.405929 0.293352 0.418266 0.277930 0.405929 0.277930 0.467615 0.281014 0.464530 0.284099 0.479952 0.379712 0.510795 0.370459 0.439856 0.500000 0.590987 0.456820 0.372001 0.435230 0.510795 0.496916 0.516964 0.626456 0.492289 0.623372 0.553975 0.839274 0.433687 0.817683 0.702022 0.981152 0.412097 1.000000 0.201962 0.058560 0.007417 0.069987 0.640182 0.590632 0.011784 0.148047
