0.404186 0.305223 0.422179 0.285430 0.393390 0.289029 0.472560 0.287229 0.393390 0.301624 0.539135 0.362801 0.391590 0.396988 0.650694 0.407784 0.366400 0.539135 0.704674 0.506747 0.362801 0.495952 0.571523 0.612908 0.497751 0.627303 0.476159 0.800038 0.585918 0.823430 0.467162 1.000000 0.675884 0.990767 0.137090 0.022545 0.191015 0.003008 0.219050 0.917706 0.089372 0.284500
0.407266 0.305615 0.425099 0.285998 0.394782 0.291348 0.475033 0.285998 0.394782 0.300265 0.542800 0.360899 0.396566 0.396566 0.651585 0.403699 0.373382 0.539234 0.703302 0.500000 0.366249 0.496433 0.567767 0.614134 0.492867 0.628401 0.483950 0.803169 0.585601 0.826353 0.475033 1.000000 0.685468 0.986855 0.119914 0.037718 0.164128 0.014136 0.223810 0.896154 0.077979 0.272300
0.410367 0.304839 0.426263 0.283645 0.396238 0.288943 0.475715 0.281878 0.396238 0.299540 0.544596 0.359590 0.399770 0.396679 0.648800 0.403744 0.380342 0.537973 0.700018 0.497351 0.371511 0.497351 0.565790 0.613918 0.489845 0.629813 0.489845 0.806430 0.579919 0.825858 0.481014 1.000000 0.696486 0.965385 0.106350 0.084444 0.146070 0.019734 0.213056 0.888368 0.071434 0.256699
0.409692 0.302885 0.428795 0.282044 0.397535 0.285518 0.479160 0.282044 0.399272 0.297675 0.546891 0.360196 0.402745 0.394930 0.647619 0.408823 0.385378 0.526919 0.692773 0.500868 0.369748 0.500868 0.564258 0.615490 0.486106 0.629384 0.494790 0.804790 0.569468 0.827367 0.489580 1.000000 0.694510 0.941989 0.104128 0.136977 0.133575 0.018114 0.211665 0.786336 0.064568 0.238808
0.411000 0.298121 0.428366 0.277282 0.398843 0.282492 0.478727 0.279019 0.402317 0.296385 0.551664 0.360638 0.402317 0.393634 0.650649 0.412736 0.388424 0.520405 0.685381 0.504776 0.374531 0.499566 0.563820 0.615918 0.482200 0.629810 0.499566 0.806943 0.555137 0.829518 0.499566 1.000000 0.697537 0.919821 0.103284 0.208646 0.118430 0.007643 0.230928 0.778088 0.058930 0.214745
0.411571 0.295400 0.430644 0.276327 0.401168 0.278061 0.477459 0.276327 0.404636 0.288465 0.552017 0.363022 0.404636 0.390765 0.649115 0.420241 0.390765 0.512137 0.673390 0.513871 0.368224 0.498266 0.562420 0.616171 0.480927 0.630042 0.496532 0.801698 0.545081 0.829440 0.508669 1.000000 0.694196 0.897062 0.127644 0.265396 0.121696 0.000837 0.249752 0.639376 0.055472 0.207706
0.409018 0.291354 0.426515 0.272108 0.396770 0.277357 0.479004 0.273857 0.400270 0.289604 0.550740 0.363090 0.403769 0.391084 0.657469 0.434825 0.391521 0.517059 0.664467 0.532806 0.358278 0.522308 0.566487 0.615040 0.479004 0.630787 0.500000 0.807502 0.522745 0.833746 0.520996 1.000000 0.687213 0.875738 0.138971 0.352862 0.125745 0.029240 0.288934 0.419302 0.058245 0.173444
0.405787 0.288132 0.423480 0.268671 0.396941 0.272209 0.476557 0.268671 0.400480 0.284594 0.554404 0.364210 0.405787 0.388980 0.658790 0.454442 0.414634 0.514596 0.641098 0.546443 0.368633 0.541135 0.566789 0.615444 0.473019 0.631367 0.508404 0.808292 0.488942 0.829523 0.542020 1.000000 0.667636 0.854292 0.147066 0.430634 0.109255 0.060601 0.333584 0.355815 0.050902 0.119100
0.405389 0.291425 0.420871 0.274223 0.398508 0.275943 0.474197 0.272503 0.405389 0.284544 0.551606 0.365394 0.408829 0.387757 0.649658 0.468606 0.419150 0.504731 0.599772 0.558057 0.386466 0.556337 0.567088 0.614824 0.472477 0.632026 0.512041 0.812647 0.465596 0.831570 0.568808 0.996709 0.646217 0.838450 0.181612 0.498852 0.106120 0.092108 0.403774 0.207722 0.050588 0.075416
0.408661 0.295635 0.423676 0.277283 0.400320 0.280620 0.473724 0.273947 0.406993 0.288961 0.547129 0.365703 0.413666 0.387390 0.630544 0.479146 0.423676 0.504171 0.562144 0.550883 0.395315 0.565897 0.567149 0.615946 0.472056 0.630961 0.518768 0.802795 0.445364 0.824482 0.580495 0.982970 0.623870 0.809468 0.185710 0.570340 0.106059 0.118523 0.444238 0.164311 0.050124 0.037019
0.403751 0.301197 0.417201 0.281023 0.393664 0.284385 0.469318 0.275979 0.402070 0.291110 0.543291 0.365083 0.413838 0.388620 0.608858 0.492855 0.428969 0.513029 0.521435 0.544972 0.405432 0.580278 0.568509 0.615583 0.474362 0.630714 0.526479 0.803878 0.432331 0.817328 0.588684 0.988811 0.608858 0.817328 0.173189 0.570515 0.101842 0.148494 0.479797 0.145691 0.054856 0.000603
0.397127 0.299376 0.410786 0.278887 0.388590 0.284009 0.467132 0.272057 0.400542 0.289131 0.537137 0.365966 0.417616 0.388163 0.581530 0.500854 0.412494 0.502561 0.467132 0.538417 0.409079 0.574274 0.567871 0.618667 0.477376 0.627204 0.530307 0.820145 0.415909 0.797948 0.613972 0.997719 0.588360 0.815023 0.198826 0.578580 0.097196 0.187973 0.500217 0.000908 0.057930 0.051321
0.397127 0.299376 0.410786 0.278887 0.388590 0.284009 0.467132 0.272057 0.402249 0.289131 0.537137 0.365966 0.417616 0.388163 0.581530 0.500854 0.412494 0.502561 0.467132 0.538417 0.409079 0.574274 0.567871 0.618667 0.477376 0.627204 0.530307 0.820145 0.415909 0.797948 0.613972 0.996011 0.588360 0.816730 0.200015 0.575462 0.097196 0.187973 0.500217 0.000908 0.057930 0.051321
0.396222 0.304209 0.409667 0.284042 0.387819 0.287403 0.461766 0.277319 0.401264 0.290764 0.530671 0.366392 0.421432 0.388240 0.550838 0.504202 0.441599 0.521008 0.431515 0.514285 0.426473 0.584871 0.567644 0.620164 0.480253 0.625205 0.539074 0.818475 0.397903 0.773099 0.624785 0.984855 0.542435 0.855449 0.196963 0.496871 0.091597 0.239169 0.519418 0.122009 0.061364 0.116177
0.392325 0.306269 0.407292 0.286314 0.384011 0.291302 0.460505 0.279662 0.398977 0.294628 0.520371 0.366134 0.427247 0.389415 0.527023 0.507483 0.460505 0.525775 0.400640 0.490854 0.433899 0.585641 0.568596 0.620562 0.483786 0.623888 0.550304 0.830091 0.390662 0.768563 0.636776 0.994721 0.522034 0.873328 0.181668 0.467763 0.087345 0.257365 0.556612 0.209275 0.067193 0.154329
0.396293 0.323299 0.409057 0.304153 0.388316 0.307344 0.458517 0.296176 0.399484 0.307344 0.509573 0.379142 0.432989 0.377546 0.501595 0.505185 0.402675 0.361591 0.380338 0.476467 0.316519 0.256289 0.568606 0.623252 0.488832 0.620061 0.562224 0.832261 0.388316 0.755677 0.653167 0.983833 0.496809 0.891294 0.181737 0.417804 0.085243 0.275067 0.553906 0.127511 0.073791 0.193311
0.401683 0.330864 0.415244 0.311276 0.394149 0.314290 0.464967 0.305249 0.404696 0.312783 0.511678 0.388122 0.437845 0.367027 0.483049 0.496610 0.365520 0.279634 0.379081 0.477022 0.296209 0.210322 0.564415 0.623179 0.486062 0.621672 0.577976 0.816046 0.398669 0.748241 0.663862 0.960697 0.481542 0.903439 0.148210 0.348475 0.047908 0.251923 0.477150 0.029941 0.064714 0.214701
0.396117 0.331002 0.409667 0.311430 0.388589 0.314441 0.457845 0.305407 0.406656 0.311430 0.507528 0.389718 0.448811 0.364124 0.465372 0.493601 0.400634 0.284330 0.361489 0.466501 0.328367 0.227119 0.561728 0.624584 0.481933 0.621573 0.591839 0.815790 0.396117 0.758579 0.677655 0.964839 0.457845 0.933223 0.116567 0.286266 0.022473 0.218850 0.458521 0.113945 0.055878 0.227841
0.397292 0.320261 0.411089 0.301865 0.392693 0.304931 0.460143 0.300332 0.406490 0.304931 0.500000 0.380046 0.447879 0.375447 0.461676 0.484287 0.395759 0.393843 0.354369 0.455161 0.282320 0.268140 0.564384 0.622253 0.487736 0.622253 0.608840 0.820005 0.395759 0.772483 0.705416 0.968701 0.440215 0.961037 0.112963 0.248574 0.012314 0.225835 0.472222 0.374310 0.066852 0.245259
0.404275 0.328663 0.419174 0.310785 0.398315 0.312275 0.471320 0.309295 0.414704 0.312275 0.511547 0.386769 0.435562 0.368890 0.460891 0.485101 0.334250 0.346542 0.356599 0.455303 0.256776 0.255659 0.568162 0.622171 0.484729 0.622171 0.621798 0.811386 0.410234 0.781588 0.718641 0.961864 0.434073 0.972293 0.094098 0.178729 0.012794 0.200176 0.437167 0.206190 0.067856 0.227069
0.405410 0.328087 0.420424 0.311571 0.399404 0.311571 0.469971 0.307067 0.417422 0.314574 0.506006 0.385141 0.442946 0.370127 0.459461 0.485736 0.351359 0.346104 0.357364 0.454206 0.276287 0.251514 0.564561 0.622366 0.486487 0.622366 0.626120 0.817552 0.415920 0.795030 0.735724 0.951179 0.424929 0.994720 0.121417 0.137848 0.020217 0.177908 0.457403 0.204808 0.065457 0.220745
0.406964 0.328559 0.423470 0.310552 0.399461 0.312052 0.474490 0.304549 0.417468 0.316554 0.507503 0.384080 0.444478 0.370575 0.462485 0.486120 0.364948 0.336061 0.361946 0.465111 0.300423 0.249028 0.563024 0.621172 0.484994 0.624173 0.630551 0.817748 0.421970 0.802742 0.747596 0.940796 0.429473 0.997818 0.136721 0.120237 0.032102 0.158428 0.433314 0.166603 0.061521 0.213323
0.409008 0.327922 0.425152 0.310311 0.403137 0.311778 0.476518 0.304440 0.422216 0.314714 0.505870 0.383692 0.448633 0.370483 0.467712 0.483489 0.378188 0.324987 0.363512 0.470281 0.325354 0.242801 0.561640 0.621445 0.483856 0.624380 0.629150 0.809300 0.423684 0.799026 0.752430 0.916435 0.441295 0.988349 0.162448 0.135141 0.036478 0.149494 0.423888 0.135606 0.058252 0.215433
0.407374 0.316971 0.423676 0.300669 0.401446 0.302151 0.474065 0.300669 0.422194 0.308079 0.500741 0.373288 0.454798 0.380698 0.472583 0.479993 0.466655 0.471101 0.364395 0.471101 0.392554 0.444424 0.560022 0.620784 0.484439 0.625230 0.625230 0.810483 0.428122 0.801590 0.764540 0.902368 0.448870 0.989807 0.209010 0.133336 0.030559 0.136783 0.443978 0.651502 0.056912 0.203779
0.410961 0.317158 0.427083 0.301036 0.405098 0.301036 0.476916 0.299570 0.424152 0.306899 0.501832 0.375785 0.459328 0.377251 0.481313 0.482778 0.454931 0.416824 0.371388 0.481313 0.390442 0.366991 0.557527 0.622017 0.481313 0.624948 0.617620 0.812553 0.431480 0.796431 0.764186 0.875576 0.460793 0.979639 0.273488 0.140523 0.026440 0.118199 0.443930 0.674189 0.049654 0.187268
0.411247 0.314094 0.425857 0.296562 0.405403 0.299484 0.474068 0.296562 0.427318 0.303867 0.501826 0.371071 0.463841 0.381298 0.495982 0.486486 0.498904 0.499635 0.384950 0.493791 0.441927 0.536159 0.552960 0.622355 0.481373 0.625277 0.605554 0.815200 0.430240 0.793286 0.760415 0.851724 0.479912 0.968600 0.341524 0.181926 0.020851 0.116875 0.462985 0.410241 0.043852 0.178792
0.407590 0.316271 0.423598 0.298808 0.401769 0.300263 0.471622 0.300263 0.429419 0.301718 0.502183 0.373027 0.467256 0.378848 0.505093 0.496726 0.499272 0.504002 0.395948 0.517099 0.439606 0.563668 0.548752 0.624790 0.481809 0.623335 0.582223 0.822708 0.427964 0.793602 0.746670 0.838716 0.491996 0.959504 0.415784 0.214744 0.004892 0.116419 0.448746 0.329719 0.039009 0.150822
0.405220 0.311165 0.419745 0.293734 0.399409 0.296640 0.470585 0.290829 0.422650 0.296640 0.508352 0.372173 0.463322 0.379436 0.517068 0.497095 0.489469 0.505810 0.406672 0.531957 0.428461 0.559556 0.550477 0.623469 0.477848 0.624921 0.566455 0.826829 0.431366 0.784705 0.726238 0.803588 0.493827 0.927057 0.521018 0.221727 0.027908 0.108925 0.424807 0.335060 0.036142 0.115071
0.404927 0.304530 0.420139 0.286276 0.401885 0.289318 0.473380 0.287797 0.426223 0.295403 0.511409 0.368419 0.456647 0.383631 0.541832 0.500761 0.485549 0.515972 0.430787 0.549438 0.418617 0.569213 0.549438 0.622454 0.482507 0.625497 0.543353 0.838460 0.438393 0.827812 0.716767 0.818685 0.512930 0.937336 0.545106 0.258544 0.056264 0.102241 0.440422 0.354549 0.040785 0.059372
0.401089 0.298089 0.415963 0.280240 0.398115 0.283215 0.468021 0.281727 0.420425 0.289164 0.518592 0.366508 0.447198 0.385844 0.563214 0.491448 0.472484 0.518220 0.459097 0.544993 0.399602 0.559867 0.552802 0.617875 0.481408 0.629774 0.521567 0.820158 0.463559 0.823133 0.694103 0.790410 0.548340 0.968896 0.603112 0.196987 0.091821 0.073651 0.457987 0.394828 0.043694 0.019466
0.404499 0.294306 0.420661 0.276675 0.400092 0.279614 0.475023 0.279614 0.416253 0.288429 0.522039 0.364830 0.438292 0.388338 0.588154 0.477961 0.457392 0.508815 0.494123 0.545546 0.382461 0.542608 0.554362 0.614601 0.485308 0.632232 0.500000 0.798256 0.483838 0.820295 0.668963 0.782094 0.592562 0.939303 0.621959 0.238121 0.132570 0.063104 0.469978 0.415189 0.050723 0.089117
0.401751 0.296902 0.416415 0.279306 0.395885 0.282238 0.467739 0.279306 0.412015 0.291037 0.523463 0.364357 0.434012 0.389286 0.607048 0.471405 0.438411 0.516864 0.526395 0.552058 0.356292 0.535927 0.552791 0.615113 0.489735 0.631244 0.461873 0.783750 0.475071 0.811612 0.633443 0.798414 0.617313 0.858537 0.630251 0.424391 0.194452 0.097873 0.461019 0.438365 0.054410 0.131569
0.399719 0.298686 0.413240 0.279156 0.393709 0.283663 0.465822 0.277653 0.407230 0.289672 0.521408 0.364789 0.428263 0.390329 0.625070 0.456432 0.429766 0.516526 0.554460 0.552582 0.345634 0.522535 0.552958 0.618685 0.497371 0.626197 0.435775 0.776431 0.470329 0.800468 0.607042 0.827510 0.602535 0.889107 0.611112 0.361002 0.242724 0.139726 0.471189 0.481091 0.064521 0.154371
0.398755 0.294855 0.413923 0.276654 0.392688 0.279687 0.467010 0.278171 0.404822 0.288788 0.527681 0.363110 0.415439 0.393446 0.636890 0.449567 0.412406 0.517822 0.576218 0.555742 0.338084 0.513272 0.553467 0.616413 0.503413 0.627030 0.419990 0.757474 0.535265 0.818145 0.576218 0.866682 0.605037 0.947071 0.547017 0.105327 0.273501 0.062084 0.452097 0.511702 0.073061 0.293778
0.399170 0.296107 0.414052 0.278247 0.393216 0.281224 0.467630 0.276759 0.409587 0.291642 0.534602 0.361591 0.418517 0.392844 0.646223 0.440469 0.412564 0.516371 0.595622 0.543160 0.338150 0.501488 0.546509 0.614597 0.500372 0.630968 0.418517 0.748542 0.553950 0.827420 0.556926 0.900346 0.664082 0.982201 0.478086 0.112101 0.257735 0.020640 0.449913 0.547505 0.060046 0.327518
0.399914 0.293130 0.416285 0.275271 0.393961 0.278247 0.469862 0.276759 0.408843 0.287177 0.533858 0.363079 0.419261 0.391356 0.649944 0.430051 0.413308 0.513394 0.614225 0.535719 0.335918 0.486606 0.544276 0.617574 0.502604 0.627991 0.419261 0.754495 0.575530 0.824444 0.523440 0.928623 0.684174 0.979224 0.407162 0.081669 0.248564 0.005352 0.437195 0.590560 0.060046 0.348683
0.400732 0.299632 0.413919 0.282050 0.393406 0.284980 0.466666 0.279119 0.412454 0.290841 0.532601 0.362636 0.419780 0.391941 0.645422 0.427106 0.399267 0.510623 0.620514 0.528205 0.331867 0.475458 0.541392 0.617583 0.506227 0.627840 0.416849 0.761174 0.583883 0.822713 0.491575 0.963373 0.695239 0.978025 0.340107 0.077293 0.238398 0.008895 0.411643 0.598593 0.061004 0.348132
0.400732 0.299632 0.415384 0.282050 0.393406 0.284980 0.466666 0.279119 0.412454 0.290841 0.532601 0.362636 0.419780 0.391941 0.645422 0.427106 0.399267 0.510623 0.620514 0.528205 0.330402 0.475458 0.541392 0.617583 0.506227 0.627840 0.416849 0.761174 0.583883 0.822713 0.491575 0.963373 0.695239 0.978025 0.340107 0.077293 0.238398 0.008895 0.411643 0.595803 0.061004 0.348132
0.399983 0.300705 0.416222 0.282989 0.394078 0.285942 0.467891 0.281513 0.408841 0.293323 0.532847 0.361231 0.417698 0.393709 0.645043 0.429139 0.397031 0.510334 0.625851 0.531002 0.329123 0.468998 0.544657 0.616625 0.504798 0.628435 0.420651 0.780490 0.596326 0.827730 0.460510 0.994548 0.711475 0.985690 0.264805 0.063464 0.220914 0.023939 0.386027 0.618219 0.063386 0.343246
0.397240 0.299711 0.413681 0.281774 0.389766 0.284764 0.465996 0.280280 0.404713 0.293732 0.531762 0.360993 0.412187 0.395371 0.649843 0.423770 0.388271 0.517936 0.637886 0.519431 0.326989 0.464127 0.548204 0.615092 0.507847 0.628544 0.427134 0.798939 0.602013 0.833317 0.439091 1.000000 0.724578 0.990260 0.202329 0.073848 0.205937 0.013274 0.384044 0.668021 0.071978 0.322566
0.400489 0.303174 0.416587 0.285613 0.394636 0.290004 0.467805 0.284150 0.412197 0.297320 0.538048 0.358783 0.416587 0.395368 0.653656 0.423172 0.390246 0.519756 0.630242 0.513902 0.330247 0.468537 0.540975 0.617803 0.504390 0.628047 0.429757 0.803653 0.596584 0.824141 0.418050 1.000000 0.732679 0.979260 0.154228 0.089344 0.175249 0.025034 0.418634 0.658497 0.058082 0.311544
0.403782 0.303584 0.418250 0.286221 0.396547 0.289115 0.467445 0.284774 0.413910 0.297796 0.535449 0.360013 0.424038 0.393292 0.646860 0.420783 0.390759 0.510490 0.638178 0.509043 0.335777 0.456955 0.536896 0.619007 0.503617 0.627688 0.444295 0.814338 0.594772 0.824466 0.413910 1.000000 0.740908 0.953240 0.094818 0.131992 0.142692 0.033903 0.372262 0.657690 0.051811 0.278998
0.407578 0.304887 0.421743 0.287890 0.400496 0.290723 0.472734 0.285058 0.417493 0.297805 0.536473 0.360128 0.425992 0.392706 0.642705 0.422451 0.396247 0.504603 0.627124 0.506020 0.346672 0.455029 0.537889 0.619334 0.499646 0.627832 0.448655 0.807718 0.583215 0.817633 0.425992 1.000000 0.743271 0.921032 0.105344 0.185406 0.142551 0.035392 0.389790 0.667298 0.047973 0.272833
0.412369 0.304885 0.426062 0.287085 0.405523 0.291192 0.476723 0.284346 0.426062 0.299408 0.538338 0.361023 0.428800 0.391146 0.643769 0.424008 0.398677 0.507531 0.619123 0.510269 0.339800 0.460977 0.534231 0.619808 0.498631 0.628023 0.454815 0.796439 0.572569 0.801915 0.441123 0.989500 0.730031 0.886808 0.111959 0.214636 0.129444 0.036720 0.417173 0.632346 0.041962 0.262468
0.409908 0.295468 0.425214 0.278771 0.402951 0.282945 0.476694 0.278771 0.418257 0.292685 0.540698 0.360862 0.425214 0.391473 0.647834 0.433214 0.411300 0.509740 0.606092 0.515305 0.344514 0.470781 0.539306 0.619658 0.494782 0.628007 0.453041 0.796363 0.560177 0.806103 0.466955 0.988373 0.732708 0.867323 0.167587 0.279449 0.142850 0.020962 0.460667 0.630814 0.043539 0.256576
0.408573 0.296367 0.422425 0.278358 0.403032 0.281129 0.475065 0.275588 0.426581 0.290826 0.540173 0.358704 0.427967 0.393335 0.644067 0.437663 0.421040 0.522164 0.590042 0.522164 0.355933 0.486147 0.541558 0.619132 0.490303 0.628829 0.451516 0.789519 0.544328 0.811683 0.480606 0.976529 0.723027 0.840774 0.203868 0.357188 0.156440 0.009076 0.474210 0.643742 0.040677 0.246191
0.407359 0.289356 0.422858 0.271040 0.401723 0.275267 0.474990 0.269631 0.418631 0.286538 0.539804 0.359806 0.428494 0.392212 0.635615 0.455617 0.415813 0.511976 0.570802 0.535929 0.335501 0.493660 0.542622 0.619059 0.489080 0.628922 0.453856 0.795183 0.527123 0.821954 0.491898 0.978351 0.710291 0.823363 0.213784 0.435613 0.152060 0.017821 0.466134 0.537798 0.040474 0.210539
0.396521 0.285728 0.411147 0.268177 0.390670 0.271102 0.465263 0.266714 0.414072 0.282803 0.526693 0.355933 0.427235 0.398349 0.623225 0.462704 0.428698 0.519745 0.536931 0.546072 0.342404 0.521208 0.553020 0.614815 0.493053 0.630903 0.463800 0.810804 0.497440 0.837131 0.517917 0.992167 0.693430 0.819580 0.228281 0.521658 0.168238 0.081020 0.489471 0.498440 0.058998 0.142750
0.398442 0.285108 0.413160 0.265974 0.391082 0.270390 0.463203 0.264502 0.413160 0.280693 0.522078 0.355758 0.432294 0.398442 0.603030 0.470563 0.442597 0.533853 0.516190 0.538268 0.354286 0.536797 0.555931 0.614805 0.489697 0.630996 0.477922 0.814978 0.452900 0.819394 0.545628 0.994546 0.657489 0.822338 0.233056 0.556817 0.159647 0.138427 0.484703 0.513566 0.058422 0.056887
0.396740 0.284390 0.411284 0.265483 0.392377 0.269846 0.462186 0.268392 0.414192 0.282936 0.517452 0.358563 0.433099 0.396376 0.569810 0.483638 0.422919 0.515634 0.446188 0.538904 0.366198 0.528724 0.559629 0.615986 0.489819 0.629075 0.494183 0.829778 0.424373 0.813780 0.587262 0.989758 0.622167 0.826869 0.262290 0.587359 0.146252 0.184497 0.492372 0.400701 0.063378 0.013835
