0.547336 0.260479 0.553017 0.247224 0.526508 0.247224 0.553017 0.266159 0.481065 0.268052 0.577631 0.383553 0.428049 0.366512 0.607927 0.512307 0.337163 0.461184 0.619287 0.453610 0.429942 0.499053 0.535976 0.627808 0.458344 0.622128 0.454557 0.851235 0.549230 0.809579 0.357991 1.000000 0.481065 1.000000 0.062454 0.247917 0.057466 0.106152 0.865586 0.620152 0.007233 0.254936
0.545321 0.260512 0.551046 0.247154 0.524330 0.247154 0.552955 0.268145 0.476624 0.268145 0.575854 0.382641 0.427009 0.367375 0.614019 0.514312 0.331595 0.462789 0.617836 0.430348 0.421284 0.499046 0.539597 0.628808 0.457541 0.621175 0.446091 0.848260 0.541505 0.823452 0.346861 1.000000 0.509064 1.000000 0.043270 0.172770 0.081664 0.087129 0.895739 0.627715 0.003645 0.253452
0.543376 0.260958 0.550920 0.247756 0.522631 0.247756 0.552806 0.270388 0.475483 0.268502 0.577323 0.381658 0.430220 0.368456 0.616928 0.509901 0.335924 0.458981 0.615042 0.425034 0.417019 0.496700 0.535833 0.628715 0.456624 0.621171 0.443422 0.836168 0.533947 0.819194 0.341582 0.988928 0.530175 1.000000 0.053774 0.124284 0.080431 0.085361 0.911728 0.617918 0.009606 0.251890
0.544656 0.260092 0.550357 0.248690 0.521853 0.246790 0.554157 0.269593 0.476247 0.269593 0.578861 0.381709 0.428740 0.368407 0.620667 0.510926 0.333727 0.457719 0.616866 0.425415 0.411638 0.495724 0.540856 0.628743 0.451543 0.621142 0.443942 0.847273 0.525654 0.826370 0.322326 0.987892 0.546556 1.000000 0.094106 0.079144 0.084278 0.081665 0.914538 0.615378 0.009679 0.243175
0.539905 0.259142 0.547507 0.245840 0.519003 0.245840 0.551307 0.268643 0.473396 0.268643 0.579811 0.382659 0.427790 0.367457 0.621617 0.509976 0.330877 0.456769 0.612115 0.428265 0.406887 0.494774 0.541806 0.627793 0.450593 0.622092 0.450593 0.846323 0.520903 0.833021 0.311874 0.975541 0.555108 1.000000 0.135420 0.050322 0.076902 0.073987 0.935858 0.615401 0.009679 0.228279
0.540882 0.261676 0.546457 0.250527 0.518583 0.250527 0.550173 0.270968 0.473984 0.272826 0.574331 0.382464 0.431244 0.367598 0.617071 0.510685 0.336472 0.456795 0.607780 0.428921 0.410803 0.493961 0.540882 0.627756 0.453543 0.622182 0.459118 0.843316 0.520441 0.824733 0.316031 0.945521 0.553890 1.000000 0.187167 0.049445 0.072262 0.073729 0.933601 0.612059 0.007098 0.216941
0.541026 0.260368 0.544756 0.249179 0.518648 0.249179 0.548486 0.267827 0.473892 0.271557 0.576458 0.379718 0.431001 0.370394 0.611890 0.513986 0.337759 0.463636 0.610026 0.435663 0.417947 0.499068 0.537297 0.627742 0.455244 0.622147 0.470163 0.845928 0.520513 0.821685 0.319110 0.935440 0.544756 1.000000 0.234703 0.063846 0.045167 0.070070 0.925451 0.617563 0.009499 0.195643
0.539151 0.260851 0.544811 0.247643 0.516509 0.249530 0.546698 0.270285 0.473113 0.274058 0.571226 0.381605 0.427831 0.368397 0.610848 0.515566 0.331605 0.464623 0.603301 0.449529 0.414623 0.498585 0.542924 0.628773 0.458019 0.621226 0.475000 0.860847 0.522170 0.830658 0.327831 0.934431 0.520283 1.000000 0.261784 0.097454 0.054343 0.056784 0.944683 0.626394 0.001203 0.185244
0.540369 0.254379 0.546206 0.242706 0.518969 0.244652 0.548151 0.264107 0.474222 0.267998 0.573443 0.382783 0.425584 0.367219 0.606517 0.522860 0.326363 0.466440 0.606517 0.460603 0.417802 0.497568 0.546206 0.627917 0.454767 0.622081 0.497568 0.871106 0.518969 0.830250 0.339982 0.925580 0.511187 1.000000 0.331227 0.106388 0.027610 0.058935 0.926195 0.645556 0.001241 0.158057
0.541825 0.259030 0.547529 0.245722 0.520913 0.247624 0.549430 0.268536 0.475285 0.272338 0.570342 0.382605 0.429658 0.367395 0.595057 0.523289 0.330798 0.468156 0.608365 0.471958 0.425856 0.489068 0.543726 0.627852 0.456274 0.622148 0.519011 0.848384 0.513308 0.821768 0.361217 0.901616 0.496198 1.000000 0.360910 0.115296 0.001108 0.055449 0.863899 0.678038 0.000004 0.124110
0.539981 0.261031 0.545496 0.250002 0.519761 0.250002 0.547334 0.270222 0.475644 0.273899 0.567555 0.382354 0.433364 0.367648 0.580422 0.516544 0.343291 0.468750 0.595128 0.481618 0.442556 0.481618 0.541820 0.626837 0.457261 0.623161 0.536305 0.838233 0.510570 0.816174 0.378218 0.889703 0.471967 0.996320 0.391508 0.152969 0.025082 0.056092 0.842717 0.690623 0.001168 0.094078
0.542909 0.258402 0.546641 0.247209 0.520522 0.247209 0.548506 0.267730 0.475747 0.273327 0.567162 0.383399 0.434703 0.366608 0.572759 0.513992 0.350750 0.471083 0.595147 0.489739 0.451494 0.478545 0.541044 0.627795 0.457091 0.622198 0.546641 0.846072 0.496269 0.821819 0.386197 0.896444 0.453360 0.989725 0.411327 0.141329 0.042049 0.033878 0.749092 0.691933 0.002378 0.053528
0.543812 0.261572 0.549346 0.248659 0.523520 0.250504 0.551191 0.268951 0.479247 0.274485 0.565948 0.383322 0.438664 0.366720 0.560414 0.508762 0.363031 0.473713 0.589929 0.494005 0.464489 0.475558 0.538278 0.626823 0.457111 0.623134 0.560414 0.837120 0.488471 0.827896 0.403614 0.892461 0.434974 0.986541 0.425383 0.151900 0.069400 0.025514 0.661618 0.690082 0.005872 0.014991
0.545735 0.266343 0.549358 0.255475 0.525811 0.255475 0.551169 0.275399 0.480529 0.279022 0.560226 0.382266 0.444303 0.367775 0.551169 0.501811 0.380907 0.472831 0.580150 0.500000 0.496830 0.454718 0.536679 0.626791 0.458793 0.623168 0.574716 0.820600 0.475095 0.822411 0.422567 0.923844 0.429812 0.981805 0.371912 0.114093 0.092246 0.007945 0.543937 0.722164 0.005766 0.035702
0.546310 0.271596 0.549907 0.259007 0.526527 0.259007 0.553504 0.275193 0.481566 0.280588 0.555303 0.381302 0.447395 0.368713 0.542713 0.496403 0.393441 0.471225 0.573287 0.498202 0.499550 0.449643 0.539116 0.625892 0.458186 0.624094 0.582279 0.812931 0.458186 0.825521 0.477969 0.928033 0.393441 0.990979 0.306550 0.118726 0.093226 0.013442 0.515975 0.718084 0.003434 0.072192
0.546875 0.273216 0.548660 0.260716 0.525446 0.262502 0.546875 0.278573 0.482589 0.283930 0.550446 0.382144 0.450447 0.367858 0.530803 0.503571 0.400447 0.471429 0.570089 0.496429 0.502232 0.448215 0.537946 0.626785 0.461161 0.623213 0.591517 0.807141 0.443304 0.826784 0.502232 0.949997 0.371876 0.992854 0.269713 0.101443 0.108155 0.041199 0.608298 0.714539 0.001142 0.119756
0.546930 0.274825 0.552345 0.262190 0.527075 0.263995 0.548735 0.276630 0.481950 0.283850 0.546930 0.381321 0.451265 0.368686 0.534295 0.498646 0.406140 0.473376 0.566785 0.500451 0.507220 0.449911 0.539710 0.624997 0.462095 0.624997 0.593860 0.816327 0.427800 0.825353 0.516245 0.980583 0.351989 0.995023 0.228303 0.079790 0.097220 0.067404 0.516482 0.702150 0.002300 0.141754
0.544570 0.273016 0.550083 0.260151 0.526190 0.261989 0.548246 0.276692 0.478404 0.282206 0.544570 0.381454 0.450836 0.368588 0.548246 0.500919 0.408563 0.475188 0.568463 0.495405 0.511487 0.449457 0.542732 0.625898 0.461863 0.624060 0.594194 0.828070 0.417753 0.828070 0.539056 1.000000 0.331370 1.000000 0.176704 0.078460 0.081733 0.081512 0.574960 0.698151 0.005851 0.147120
0.543897 0.277381 0.549272 0.264839 0.525980 0.264839 0.547480 0.280965 0.479395 0.284548 0.542105 0.383092 0.452520 0.366966 0.542105 0.506719 0.413103 0.470885 0.565397 0.497760 0.515229 0.442218 0.542105 0.626763 0.463270 0.623179 0.585106 0.823850 0.413103 0.818475 0.561814 1.000000 0.325309 0.981519 0.109527 0.077189 0.068378 0.093385 0.616875 0.702510 0.006845 0.148415
0.544727 0.281189 0.548235 0.268911 0.525433 0.270665 0.544727 0.284697 0.479829 0.289959 0.541219 0.382921 0.453519 0.367135 0.549989 0.507455 0.416685 0.470621 0.569283 0.493423 0.514909 0.444311 0.541219 0.626726 0.464043 0.623218 0.578053 0.821420 0.411423 0.814404 0.576299 0.998574 0.320215 0.965248 0.062669 0.087616 0.059517 0.098565 0.677773 0.692152 0.006700 0.145009
0.542235 0.284472 0.547460 0.272280 0.524818 0.274022 0.543976 0.287955 0.479536 0.293180 0.538752 0.382004 0.455153 0.368071 0.537010 0.507402 0.416837 0.474311 0.564876 0.500435 0.516110 0.449928 0.540493 0.625834 0.465603 0.624092 0.573584 0.824381 0.411612 0.817414 0.585776 1.000000 0.317563 0.953262 0.030543 0.106062 0.050295 0.099674 0.582400 0.686842 0.007762 0.139257
0.542806 0.286844 0.548048 0.274613 0.525334 0.276360 0.544553 0.288591 0.479907 0.295579 0.535817 0.381191 0.455447 0.368961 0.530576 0.500000 0.411767 0.477287 0.565519 0.503494 0.516598 0.459815 0.541059 0.625797 0.467677 0.624050 0.569014 0.826723 0.420503 0.819735 0.586486 1.000000 0.312178 0.942038 0.012897 0.155433 0.037184 0.090548 0.482308 0.674572 0.011125 0.119303
0.542799 0.284274 0.546258 0.270440 0.523777 0.273899 0.542799 0.287733 0.480546 0.294650 0.535882 0.381113 0.456336 0.369008 0.523777 0.498703 0.411375 0.476223 0.565280 0.509079 0.523777 0.464118 0.539341 0.624939 0.468441 0.624939 0.567009 0.823805 0.426939 0.825534 0.584302 0.998461 0.314536 0.920644 0.012591 0.211524 0.039490 0.079985 0.454673 0.660542 0.009910 0.108945
0.542666 0.279267 0.544408 0.267077 0.523510 0.268818 0.544408 0.282750 0.479973 0.289716 0.537442 0.382014 0.455592 0.368083 0.518286 0.502177 0.406831 0.476055 0.567047 0.512626 0.516544 0.474313 0.540925 0.625822 0.466041 0.624081 0.563564 0.820868 0.432953 0.827834 0.575755 1.000000 0.314532 0.909684 0.015182 0.256249 0.032235 0.064229 0.483129 0.640077 0.008871 0.088026
0.544956 0.278247 0.546685 0.266143 0.524207 0.266143 0.544956 0.281705 0.479251 0.288621 0.538040 0.380262 0.453315 0.369888 0.517291 0.508213 0.404901 0.477090 0.570892 0.516858 0.515562 0.477090 0.543227 0.625790 0.465419 0.624061 0.563976 0.821175 0.442941 0.824633 0.562247 0.990623 0.320177 0.893795 0.036925 0.301164 0.026953 0.050670 0.500270 0.635025 0.011010 0.069201
0.542469 0.281647 0.544185 0.267920 0.523594 0.269636 0.537322 0.283363 0.478980 0.290227 0.539038 0.381172 0.448093 0.369160 0.523594 0.506435 0.393183 0.475548 0.575072 0.518446 0.503003 0.454957 0.544185 0.624834 0.468684 0.624834 0.561345 0.829031 0.451525 0.829031 0.542469 0.988612 0.317682 0.878793 0.064161 0.360009 0.019962 0.052266 0.466080 0.710662 0.016393 0.053372
0.541870 0.276414 0.543545 0.264691 0.523447 0.266365 0.541870 0.281439 0.481577 0.288138 0.541870 0.381927 0.443057 0.368528 0.511724 0.500837 0.397837 0.475715 0.570342 0.510886 0.510049 0.458967 0.546894 0.626447 0.468179 0.623098 0.561968 0.820724 0.469854 0.817375 0.523447 0.964757 0.340894 0.850871 0.107830 0.421854 0.018108 0.028567 0.524991 0.674237 0.019203 0.021903
0.542186 0.274327 0.545462 0.264497 0.522526 0.264497 0.543824 0.284157 0.479931 0.289072 0.545462 0.382453 0.445527 0.367709 0.535633 0.513516 0.394741 0.470921 0.588058 0.513516 0.488122 0.441432 0.540547 0.626557 0.468463 0.623281 0.553654 0.810044 0.484846 0.811683 0.496314 0.936192 0.353784 0.836257 0.158498 0.468612 0.029106 0.000875 0.523829 0.742920 0.011475 0.004912
0.538161 0.273552 0.541515 0.261811 0.518032 0.263488 0.538161 0.281939 0.477775 0.286972 0.541515 0.382583 0.452614 0.367486 0.533128 0.508387 0.375454 0.464775 0.601901 0.488258 0.476097 0.451356 0.538161 0.625804 0.467710 0.624127 0.536483 0.833801 0.489516 0.815349 0.467710 0.952895 0.353648 0.852252 0.164127 0.451724 0.001823 0.017440 0.611822 0.755626 0.007476 0.038709
0.545175 0.269738 0.548684 0.257458 0.525877 0.255703 0.550438 0.276756 0.480263 0.276756 0.557456 0.382018 0.441667 0.367983 0.573245 0.511842 0.360966 0.464474 0.531140 0.471491 0.446930 0.450439 0.538158 0.625876 0.462720 0.624122 0.541666 0.818858 0.510088 0.825875 0.469737 0.969734 0.378510 0.882015 0.147393 0.445036 0.030924 0.047301 0.781753 0.773225 0.001112 0.067617
0.514327 0.281918 0.520694 0.272367 0.496816 0.272367 0.528653 0.288285 0.460204 0.291469 0.565265 0.372653 0.428367 0.377428 0.638490 0.468163 0.348775 0.457020 0.676694 0.558898 0.431551 0.464980 0.546163 0.627347 0.460204 0.622572 0.544572 0.805633 0.492041 0.789715 0.474531 0.929797 0.383796 0.861348 0.160644 0.373828 0.020986 0.018804 0.081347 0.719487 0.008108 0.062755
0.481447 0.297104 0.484605 0.284473 0.483026 0.284473 0.490921 0.289210 0.533553 0.293947 0.481447 0.374473 0.550921 0.377631 0.370921 0.455000 0.580921 0.500789 0.405658 0.415526 0.492500 0.423421 0.467237 0.620790 0.500395 0.627106 0.525658 0.764475 0.522500 0.797633 0.432500 0.882896 0.454605 0.911317 0.335096 0.212404 0.141268 0.104641 0.930132 0.804867 0.041329 0.081891
0.604610 0.325250 0.603007 0.310821 0.596594 0.312424 0.537275 0.304408 0.572545 0.310821 0.490782 0.368536 0.548497 0.384569 0.386573 0.440681 0.606213 0.480761 0.402605 0.463126 0.615832 0.402204 0.474749 0.618638 0.485972 0.628257 0.521243 0.770943 0.526052 0.775753 0.418637 0.908820 0.434669 0.926455 0.297953 0.257968 0.114685 0.164405 0.504681 0.789195 0.050219 0.009851
0.525459 0.305589 0.534716 0.293245 0.511572 0.293245 0.540888 0.297874 0.483799 0.294788 0.556318 0.376564 0.448311 0.373478 0.624207 0.464512 0.386594 0.464512 0.588719 0.390451 0.408195 0.413595 0.522373 0.626522 0.472998 0.623436 0.500771 0.786988 0.562489 0.728356 0.422081 0.888822 0.483799 0.885736 0.166819 0.372374 0.000372 0.193454 0.932981 0.938071 0.005893 0.267384
0.481538 0.288846 0.498462 0.273462 0.467692 0.273462 0.536923 0.279615 0.450769 0.288846 0.563077 0.371923 0.436923 0.378077 0.626154 0.471923 0.383077 0.453462 0.598462 0.405769 0.418462 0.401154 0.524615 0.625769 0.475385 0.624231 0.463077 0.790385 0.560000 0.735000 0.403077 0.898077 0.521538 0.890385 0.047926 0.284881 0.066009 0.158306 0.947066 0.991886 0.000004 0.321517
0.538555 0.271917 0.545048 0.262177 0.522321 0.258930 0.546672 0.276787 0.480114 0.273540 0.564529 0.379059 0.434659 0.370942 0.613230 0.487825 0.376218 0.453734 0.585633 0.421267 0.390828 0.413150 0.530438 0.627434 0.470374 0.622564 0.452516 0.801135 0.548295 0.767044 0.372971 0.929381 0.525568 0.945615 0.042492 0.197735 0.090809 0.112560 0.991110 0.914340 0.001032 0.291667
0.542661 0.258111 0.546074 0.246166 0.522184 0.246166 0.547780 0.261524 0.476110 0.266644 0.571671 0.372443 0.426623 0.377563 0.616038 0.483362 0.418091 0.522610 0.605800 0.408279 0.500000 0.645474 0.537542 0.623291 0.464165 0.626704 0.453926 0.793935 0.542661 0.785403 0.366897 0.935570 0.549487 0.967992 0.030356 0.134318 0.101984 0.098605 0.922021 0.205870 0.002174 0.291239
0.541800 0.264981 0.546919 0.253038 0.521327 0.251332 0.552037 0.270099 0.476967 0.270099 0.577629 0.377585 0.427490 0.372467 0.615164 0.490190 0.374600 0.459479 0.603221 0.404883 0.434314 0.452655 0.533269 0.626680 0.461612 0.623268 0.449669 0.807529 0.536682 0.792174 0.350714 0.935489 0.558861 0.976436 0.071703 0.094993 0.081733 0.090082 0.941859 0.710071 0.006518 0.270955
0.536415 0.258133 0.540012 0.245545 0.514836 0.245545 0.543608 0.263527 0.469879 0.270721 0.575977 0.378617 0.428519 0.371424 0.615539 0.500899 0.340403 0.457741 0.606548 0.419977 0.417729 0.491908 0.536415 0.626778 0.459089 0.623182 0.457291 0.824588 0.525625 0.813798 0.336807 0.950467 0.556196 1.000000 0.121912 0.057203 0.070797 0.068436 0.935624 0.620844 0.005724 0.228018
0.539470 0.261866 0.541224 0.249586 0.516665 0.251340 0.546487 0.267128 0.472810 0.274145 0.572800 0.379398 0.430709 0.370627 0.613147 0.502193 0.350015 0.456583 0.606130 0.417991 0.421938 0.489913 0.535961 0.626742 0.460530 0.623233 0.464039 0.823214 0.527190 0.809180 0.335981 0.928467 0.558766 0.995127 0.169313 0.056026 0.064639 0.072163 0.925414 0.601820 0.004468 0.221270
0.538355 0.257686 0.541965 0.245051 0.516696 0.246856 0.545575 0.263101 0.473377 0.270320 0.572649 0.380422 0.430058 0.369592 0.612358 0.508574 0.347031 0.461645 0.610553 0.430961 0.426448 0.501354 0.540160 0.627700 0.457132 0.622285 0.484207 0.838879 0.525721 0.815415 0.332591 0.925517 0.545575 1.000000 0.252307 0.077460 0.040861 0.074647 0.911756 0.586023 0.003446 0.191066
0.536546 0.259516 0.541961 0.248687 0.516694 0.248687 0.541961 0.266735 0.471575 0.272149 0.567227 0.382239 0.428261 0.367801 0.606932 0.510377 0.341632 0.463454 0.606932 0.436382 0.422846 0.495939 0.543765 0.627687 0.460746 0.622272 0.487818 0.849672 0.525718 0.820796 0.347047 0.911034 0.518499 1.000000 0.290566 0.112353 0.048253 0.060260 0.904355 0.613136 0.005746 0.179265
0.537226 0.260692 0.542544 0.248284 0.515954 0.250057 0.540771 0.267783 0.473410 0.276646 0.565588 0.383005 0.429094 0.367051 0.593950 0.510636 0.344007 0.464547 0.601041 0.445048 0.432639 0.492909 0.542544 0.627631 0.462774 0.622313 0.498227 0.842121 0.523044 0.822622 0.359961 0.889983 0.512409 1.000000 0.329071 0.111734 0.034956 0.051274 0.896117 0.629819 0.006771 0.157886
0.540757 0.259083 0.544379 0.246403 0.519020 0.248215 0.544379 0.266329 0.473735 0.271763 0.566116 0.382259 0.430261 0.367768 0.589665 0.516303 0.345125 0.469206 0.607779 0.463772 0.433884 0.489132 0.542568 0.626798 0.461055 0.623175 0.528077 0.840544 0.520831 0.822430 0.374107 0.894886 0.499094 1.000000 0.370452 0.131169 0.009010 0.054580 0.838948 0.651965 0.004613 0.114321
0.541814 0.256309 0.547210 0.245518 0.522031 0.245518 0.547210 0.265301 0.477070 0.270697 0.565194 0.382201 0.432108 0.367813 0.575985 0.513488 0.351178 0.472124 0.602962 0.475721 0.450093 0.481116 0.541814 0.626791 0.460884 0.623194 0.543613 0.846203 0.518434 0.826420 0.385348 0.880374 0.466279 0.972095 0.434922 0.197278 0.032943 0.052126 0.776465 0.681178 0.003434 0.085232
0.546703 0.255037 0.550366 0.244048 0.524725 0.244048 0.550366 0.266026 0.478938 0.269689 0.566850 0.383242 0.433150 0.366758 0.565018 0.513278 0.358059 0.478480 0.603480 0.494963 0.458791 0.478480 0.541209 0.626832 0.458791 0.623168 0.555861 0.844780 0.502747 0.830128 0.398352 0.885073 0.451465 0.972985 0.441648 0.176320 0.054750 0.034890 0.645946 0.688368 0.000004 0.045249
0.550539 0.257412 0.552377 0.246385 0.528486 0.244547 0.554215 0.264763 0.482541 0.270276 0.568917 0.382382 0.436596 0.367679 0.563404 0.512865 0.370436 0.477947 0.598322 0.503676 0.471514 0.470595 0.541350 0.626807 0.453136 0.623132 0.574430 0.834477 0.489892 0.828964 0.421894 0.906151 0.453136 0.974149 0.410460 0.135175 0.086030 0.035667 0.595350 0.695130 0.007020 0.005965
0.551432 0.262240 0.553237 0.249607 0.529776 0.249607 0.556846 0.269458 0.484661 0.273068 0.562260 0.383150 0.443154 0.366908 0.546018 0.500451 0.383601 0.476991 0.585720 0.507670 0.482856 0.458945 0.538800 0.626775 0.455787 0.623166 0.583915 0.814457 0.477442 0.825285 0.435936 0.926344 0.425108 0.987702 0.369021 0.133198 0.105650 0.018296 0.486546 0.715097 0.006894 0.041117
0.551520 0.263903 0.553312 0.253150 0.530016 0.253150 0.555104 0.271071 0.485216 0.276447 0.555104 0.383967 0.447584 0.366047 0.537184 0.498656 0.397407 0.477152 0.576608 0.511200 0.495968 0.453856 0.540768 0.625889 0.456544 0.624097 0.596321 0.810466 0.465504 0.826594 0.487008 0.930531 0.404575 0.986083 0.328147 0.130231 0.111898 0.003026 0.451281 0.708906 0.003424 0.078982
0.551156 0.268240 0.552936 0.257564 0.529804 0.257564 0.556494 0.275357 0.485320 0.280695 0.551156 0.382118 0.449733 0.367883 0.538701 0.492438 0.407029 0.476424 0.572508 0.508452 0.506673 0.458630 0.540480 0.625889 0.458630 0.624110 0.597419 0.807382 0.447954 0.826955 0.512011 0.951510 0.387456 0.994214 0.267048 0.093735 0.110698 0.027786 0.394975 0.675564 0.001130 0.113504
