0.551994 0.283489 0.545785 0.271073 0.555098 0.271073 0.486808 0.274177 0.561306 0.271073 0.440246 0.382820 0.567514 0.367300 0.424726 0.528713 0.564410 0.466631 0.508536 0.550442 0.601659 0.572170 0.449558 0.628044 0.542681 0.621836 0.461975 0.845330 0.567514 0.848435 0.387477 0.867059 0.583035 1.000000 0.427835 0.013270 0.006086 0.065701 0.452989 0.117944 0.009882 0.016575
0.538332 0.281507 0.532199 0.269241 0.544465 0.269241 0.486200 0.272308 0.559798 0.269241 0.437135 0.382704 0.568998 0.367371 0.397270 0.517633 0.575131 0.474701 0.477001 0.548298 0.599663 0.569764 0.449402 0.628029 0.544465 0.621896 0.467801 0.848821 0.565931 0.845755 0.397270 0.839622 0.572064 1.000000 0.567750 0.021944 0.010562 0.061016 0.474569 0.062221 0.007810 0.003963
0.523333 0.278715 0.517311 0.269683 0.526343 0.266672 0.481183 0.272693 0.556450 0.269683 0.436023 0.381078 0.571504 0.369035 0.384841 0.507527 0.592578 0.483441 0.457098 0.552687 0.604621 0.576772 0.448066 0.624943 0.544408 0.624943 0.469140 0.808595 0.562472 0.838702 0.420970 0.838702 0.559461 1.000000 0.358561 0.031023 0.020662 0.060414 0.444616 0.017140 0.009585 0.009532
0.521697 0.273305 0.515712 0.261334 0.527682 0.261334 0.479799 0.267320 0.557609 0.264327 0.431917 0.378049 0.575565 0.372063 0.369071 0.500748 0.605492 0.482792 0.434909 0.557609 0.605492 0.575565 0.446880 0.626440 0.545638 0.623448 0.482792 0.841913 0.551624 0.850891 0.413961 0.823957 0.536660 1.000000 0.633796 0.029564 0.033416 0.046091 0.423923 0.084022 0.009527 0.044194
0.508216 0.267719 0.505228 0.255769 0.514191 0.255769 0.478340 0.261744 0.556016 0.264731 0.433527 0.375270 0.582904 0.375270 0.352864 0.491784 0.624730 0.494772 0.412615 0.566473 0.606804 0.569460 0.442490 0.626224 0.541079 0.623236 0.490290 0.832364 0.547054 0.844314 0.415602 0.814438 0.514191 1.000000 0.647505 0.053768 0.061166 0.061791 0.407528 0.182143 0.020936 0.063928
0.514981 0.260304 0.508673 0.247688 0.518135 0.247688 0.477134 0.253996 0.559136 0.257150 0.429826 0.373844 0.590675 0.376998 0.341517 0.487384 0.644291 0.509462 0.395133 0.594617 0.619060 0.575694 0.436134 0.623002 0.543366 0.626156 0.480288 0.834313 0.549674 0.862698 0.420364 0.862698 0.502365 1.000000 0.424757 0.066772 0.057512 0.068214 0.358000 0.238282 0.026131 0.057083
0.513573 0.265494 0.507540 0.253429 0.519605 0.253429 0.480395 0.259462 0.555799 0.262478 0.432137 0.371059 0.591993 0.380108 0.335620 0.467576 0.643267 0.512819 0.377846 0.582190 0.604057 0.570126 0.435153 0.621400 0.540718 0.627433 0.480395 0.787289 0.534686 0.847612 0.438169 0.877774 0.483411 1.000000 0.223733 0.057131 0.080916 0.056351 0.362360 0.308361 0.030770 0.093469
0.534437 0.269424 0.528448 0.257446 0.540426 0.257446 0.483530 0.263435 0.561387 0.266429 0.435618 0.371237 0.591332 0.380220 0.333806 0.449094 0.648228 0.514972 0.369739 0.568873 0.594327 0.559890 0.435618 0.619780 0.537431 0.628763 0.492514 0.778488 0.528448 0.847361 0.450591 0.913240 0.474547 1.000000 0.205577 0.055708 0.109568 0.054904 0.384966 0.406028 0.034381 0.122642
0.522522 0.278410 0.516710 0.266786 0.528334 0.266786 0.484743 0.269692 0.560301 0.272598 0.438246 0.368499 0.589362 0.383030 0.336532 0.432433 0.647484 0.516710 0.371405 0.551583 0.583550 0.534147 0.438246 0.621329 0.534147 0.627142 0.502180 0.784071 0.525428 0.830568 0.464400 0.970060 0.473119 1.000000 0.182943 0.054345 0.119154 0.057174 0.412009 0.545797 0.035223 0.132788
0.517830 0.287462 0.514978 0.276050 0.523536 0.278903 0.489302 0.278903 0.557770 0.281756 0.443656 0.364489 0.586299 0.387312 0.343806 0.418693 0.643356 0.518544 0.366629 0.532808 0.574888 0.524249 0.440803 0.618394 0.529242 0.629805 0.500713 0.795271 0.517830 0.832358 0.457920 1.000000 0.460773 1.000000 0.164429 0.061012 0.107530 0.055644 0.404524 0.604083 0.038232 0.121868
0.507865 0.285504 0.505005 0.274064 0.513585 0.274064 0.484985 0.276924 0.556484 0.279784 0.439226 0.362723 0.585083 0.388462 0.344848 0.408482 0.645142 0.517160 0.364868 0.522880 0.576504 0.514300 0.442086 0.617258 0.533604 0.631558 0.496425 0.788854 0.516445 0.817454 0.482125 0.977611 0.459246 1.000000 0.121687 0.065716 0.094042 0.037126 0.411444 0.652238 0.031001 0.126918
0.505039 0.286207 0.499280 0.274689 0.510798 0.274689 0.476245 0.277569 0.548229 0.280448 0.438813 0.363950 0.582782 0.386985 0.343794 0.401382 0.643249 0.513677 0.361070 0.516556 0.562626 0.507918 0.444572 0.620214 0.533833 0.628852 0.499280 0.801614 0.510798 0.818890 0.505039 0.997411 0.441693 1.000000 0.083878 0.075805 0.086085 0.025165 0.427941 0.664442 0.027530 0.131633
0.519165 0.288447 0.513268 0.276653 0.525062 0.276653 0.474938 0.273704 0.548650 0.282550 0.436608 0.365107 0.584032 0.385746 0.342256 0.403437 0.648898 0.515480 0.359947 0.518428 0.563392 0.512531 0.445453 0.621625 0.533908 0.627522 0.501474 0.816225 0.510320 0.816225 0.513268 1.000000 0.451350 0.987236 0.071053 0.066114 0.078250 0.025486 0.425759 0.658555 0.026309 0.128806
0.514864 0.291902 0.523783 0.280011 0.505946 0.277038 0.526755 0.277038 0.488109 0.274066 0.580266 0.384060 0.431625 0.366223 0.648641 0.505946 0.336495 0.413788 0.556484 0.523783 0.357305 0.526755 0.532701 0.627831 0.455408 0.621886 0.514864 0.815119 0.500000 0.824038 0.443516 0.937005 0.514864 1.000000 0.138350 0.047634 0.031114 0.039583 0.601874 0.410402 0.015146 0.099333
0.505106 0.286260 0.499270 0.274589 0.510942 0.274589 0.470091 0.277507 0.545958 0.277507 0.435076 0.365045 0.580973 0.385471 0.350455 0.417568 0.645168 0.513860 0.367963 0.528450 0.554711 0.531368 0.446747 0.621824 0.537204 0.627660 0.502188 0.808573 0.513860 0.831916 0.455501 0.922373 0.516778 1.000000 0.215784 0.040522 0.077401 0.020690 0.373029 0.586728 0.020448 0.128081
0.510467 0.277949 0.501495 0.265987 0.513458 0.265987 0.468599 0.268978 0.546354 0.271968 0.429721 0.364676 0.582241 0.385610 0.348976 0.427478 0.651024 0.511215 0.375891 0.544111 0.564297 0.544111 0.444674 0.621866 0.543363 0.627847 0.504486 0.822235 0.516448 0.849151 0.441684 0.902981 0.516448 1.000000 0.302754 0.038524 0.073852 0.012130 0.361776 0.544076 0.015237 0.130862
0.499252 0.270312 0.493266 0.258342 0.505237 0.258342 0.463340 0.264327 0.544142 0.267320 0.421442 0.369071 0.586039 0.381041 0.346626 0.452865 0.654871 0.503741 0.388523 0.554616 0.574069 0.554616 0.445384 0.623448 0.547135 0.626440 0.499252 0.844905 0.523193 0.853883 0.502245 0.991546 0.448376 0.937678 0.069456 0.198618 0.046081 0.016664 0.356336 0.483865 0.009527 0.109335
0.494792 0.261909 0.488839 0.250004 0.497768 0.250004 0.462054 0.258933 0.542410 0.258933 0.417412 0.375002 0.584076 0.375002 0.345985 0.485119 0.652527 0.494048 0.417412 0.568451 0.581100 0.562499 0.447174 0.624998 0.551338 0.624998 0.494792 0.872017 0.554314 0.874993 0.515625 1.000000 0.432293 0.833327 0.032127 0.608529 0.022901 0.045237 0.408726 0.422877 0.001894 0.056828
0.481225 0.263870 0.478337 0.252317 0.487002 0.252317 0.463895 0.260982 0.541882 0.258093 0.420568 0.376519 0.588097 0.373631 0.359911 0.494945 0.648754 0.483391 0.426345 0.558491 0.593874 0.561379 0.443675 0.624925 0.547659 0.624925 0.487002 0.850223 0.556325 0.864665 0.510110 1.000000 0.478337 0.815562 0.029519 0.690365 0.030950 0.062287 0.407746 0.355892 0.011035 0.048975
0.475698 0.265310 0.475698 0.254201 0.481253 0.254201 0.464588 0.262533 0.539578 0.262533 0.420150 0.379183 0.584016 0.370851 0.372934 0.506943 0.642341 0.473615 0.436814 0.554159 0.603458 0.556937 0.445147 0.623594 0.550687 0.626371 0.481253 0.845785 0.567352 0.856895 0.506249 1.000000 0.484030 0.798570 0.015618 0.717371 0.018836 0.064256 0.410074 0.303304 0.005304 0.028307
0.478475 0.266699 0.478475 0.255589 0.484030 0.252812 0.464588 0.263922 0.542355 0.263922 0.422927 0.383350 0.581239 0.366685 0.378489 0.524997 0.639564 0.461117 0.450701 0.558325 0.611790 0.558325 0.447924 0.627760 0.547910 0.622205 0.475698 0.847174 0.556242 0.836064 0.481253 1.000000 0.495140 0.827732 0.031239 0.555535 0.007637 0.053681 0.459127 0.264705 0.005304 0.027684
0.498611 0.269459 0.495834 0.258348 0.506944 0.255571 0.468058 0.266681 0.545830 0.266681 0.426393 0.386118 0.576384 0.363897 0.393062 0.533331 0.634714 0.444448 0.462502 0.552775 0.618048 0.547219 0.451392 0.627770 0.545830 0.622215 0.473613 0.852756 0.556941 0.830535 0.465280 1.000000 0.495834 0.819425 0.046246 0.574210 0.001477 0.054436 0.483974 0.250671 0.003536 0.014376
0.509829 0.266913 0.504212 0.258488 0.515446 0.255680 0.467705 0.266913 0.546337 0.266913 0.425581 0.387669 0.580036 0.362394 0.400306 0.542124 0.622160 0.441026 0.462088 0.544932 0.619352 0.542124 0.445239 0.629181 0.549145 0.620756 0.456472 0.862268 0.568803 0.822952 0.453663 1.000000 0.481746 0.865076 0.019572 0.387400 0.010524 0.068729 0.537171 0.165387 0.007152 0.015521
0.519443 0.270847 0.513888 0.259737 0.524998 0.256959 0.466669 0.268070 0.541664 0.265292 0.425005 0.384729 0.577773 0.365286 0.405561 0.534720 0.608327 0.462502 0.472224 0.529165 0.619437 0.551386 0.447225 0.629159 0.549997 0.620826 0.438893 0.856922 0.561107 0.801370 0.430560 1.000000 0.530554 0.926363 0.000542 0.095876 0.040498 0.054027 0.567498 0.057346 0.003536 0.031204
0.527025 0.277716 0.521620 0.266905 0.532431 0.264203 0.467569 0.275013 0.540538 0.269608 0.427031 0.388520 0.570266 0.361495 0.418924 0.531755 0.591887 0.450679 0.486487 0.529052 0.608102 0.539863 0.451354 0.629046 0.551348 0.620939 0.437841 0.850655 0.575671 0.783092 0.413519 1.000000 0.532431 0.893896 0.014193 0.165826 0.051465 0.070562 0.530724 0.018456 0.003440 0.066778
0.548871 0.287064 0.540493 0.273101 0.548871 0.273101 0.470678 0.284272 0.546078 0.273101 0.425996 0.390390 0.568419 0.359672 0.417618 0.535606 0.585174 0.446242 0.501396 0.543983 0.613100 0.541191 0.453922 0.627761 0.551663 0.622176 0.428789 0.839999 0.571211 0.800902 0.386900 1.000000 0.548871 0.943325 0.025313 0.084205 0.074797 0.054967 0.486618 0.030197 0.007112 0.072197
0.551107 0.277118 0.542589 0.262922 0.548267 0.262922 0.474447 0.277118 0.542589 0.271440 0.426179 0.387849 0.565303 0.362296 0.420501 0.538330 0.585178 0.492902 0.505679 0.558205 0.624927 0.569562 0.454572 0.626347 0.553946 0.623508 0.434697 0.833613 0.568142 0.822256 0.377912 1.000000 0.562464 1.000000 0.061908 0.032197 0.068146 0.036529 0.439039 0.104195 0.010848 0.053128
0.558902 0.274326 0.547548 0.260133 0.556064 0.260133 0.476581 0.271487 0.547548 0.271487 0.425485 0.387873 0.564580 0.362325 0.422646 0.541161 0.575934 0.487226 0.507806 0.561031 0.621353 0.572386 0.456710 0.626321 0.553225 0.623482 0.434001 0.844898 0.570257 0.836382 0.363034 1.000000 0.573096 1.000000 0.085585 0.021277 0.074400 0.039241 0.432927 0.127100 0.012653 0.058364
0.543062 0.270572 0.537414 0.259277 0.548709 0.256453 0.472469 0.267748 0.548709 0.264924 0.430113 0.389169 0.562828 0.360931 0.421641 0.541650 0.576947 0.490823 0.503530 0.561416 0.627774 0.572711 0.455526 0.626362 0.551533 0.623538 0.438584 0.840966 0.568475 0.843789 0.362343 1.000000 0.579770 1.000000 0.107563 0.008731 0.059053 0.038120 0.442274 0.142356 0.008989 0.049515
0.539365 0.281456 0.531220 0.270597 0.544795 0.270597 0.474209 0.278742 0.550224 0.276027 0.430772 0.395479 0.558369 0.354757 0.428057 0.544795 0.552939 0.430772 0.506787 0.569228 0.601806 0.550224 0.457920 0.628954 0.552939 0.620810 0.444346 0.846140 0.574658 0.843426 0.352042 1.000000 0.593662 1.000000 0.122290 0.004492 0.056716 0.037452 0.410001 0.146304 0.013831 0.050825
0.550534 0.282156 0.545071 0.271230 0.555998 0.268498 0.479513 0.273961 0.553266 0.273961 0.435808 0.394151 0.558729 0.355909 0.422150 0.549851 0.553266 0.437856 0.504097 0.549851 0.605166 0.560778 0.454929 0.629068 0.550534 0.620873 0.468587 0.847595 0.575119 0.855789 0.372981 0.904958 0.596971 1.000000 0.347848 0.003667 0.005984 0.043032 0.527851 0.148359 0.006957 0.013322
0.551452 0.282832 0.546107 0.272140 0.556798 0.269467 0.476613 0.274813 0.551452 0.274813 0.433847 0.392418 0.559471 0.357671 0.412464 0.542097 0.556798 0.445875 0.495323 0.550116 0.607582 0.574171 0.455230 0.627628 0.551452 0.622283 0.471267 0.844128 0.572835 0.849474 0.385736 0.865511 0.591545 1.000000 0.445556 0.003716 0.005321 0.039513 0.514459 0.129617 0.008509 0.006334
0.540775 0.272062 0.535427 0.261367 0.546122 0.258693 0.473931 0.266715 0.551470 0.266715 0.436498 0.389707 0.564839 0.360296 0.399066 0.528743 0.570186 0.451204 0.476605 0.536764 0.610293 0.571523 0.452541 0.627672 0.546122 0.622324 0.471257 0.841573 0.570186 0.849594 0.388371 0.860289 0.586229 1.000000 0.457090 0.012389 0.006354 0.056276 0.550902 0.083714 0.001701 0.005797
0.527776 0.275806 0.522485 0.265225 0.533067 0.262579 0.474869 0.270516 0.548939 0.270516 0.435189 0.384266 0.567457 0.365748 0.384927 0.516533 0.585974 0.471562 0.464288 0.542987 0.615073 0.572086 0.453706 0.627638 0.543648 0.622348 0.469578 0.844557 0.570102 0.844557 0.411381 0.847203 0.578038 1.000000 0.508791 0.026991 0.000921 0.067166 0.513177 0.034545 0.003367 0.014467
0.504419 0.277803 0.501894 0.265178 0.511994 0.265178 0.474119 0.272753 0.547343 0.270228 0.431195 0.381327 0.572593 0.368702 0.375646 0.502525 0.600367 0.477275 0.438770 0.547974 0.605417 0.553024 0.448869 0.628773 0.547343 0.621198 0.469069 0.833295 0.565018 0.838345 0.413520 0.810570 0.552393 1.000000 0.654942 0.043518 0.008639 0.057578 0.438165 0.058529 0.004822 0.005486
0.498781 0.272658 0.496343 0.262906 0.503657 0.262906 0.474401 0.267782 0.547541 0.267782 0.432956 0.379929 0.574358 0.370178 0.367130 0.489639 0.610928 0.467697 0.413452 0.543274 0.608490 0.543274 0.447583 0.626166 0.545103 0.623728 0.481715 0.816328 0.554855 0.828518 0.423204 0.801700 0.530475 1.000000 0.634510 0.050762 0.037643 0.051713 0.398771 0.124465 0.009314 0.041385
0.511174 0.274655 0.506208 0.264722 0.516140 0.264722 0.476410 0.269689 0.548421 0.269689 0.434197 0.378947 0.580702 0.371497 0.354736 0.478273 0.627882 0.478273 0.406882 0.555250 0.615466 0.542834 0.444129 0.627261 0.540972 0.622295 0.493792 0.820946 0.548421 0.838328 0.429230 0.813497 0.518624 1.000000 0.616463 0.051818 0.067171 0.060982 0.404302 0.192913 0.018981 0.068925
0.516756 0.277207 0.511791 0.267277 0.521721 0.264795 0.479520 0.272242 0.551509 0.269760 0.432355 0.378984 0.583780 0.371537 0.345472 0.468350 0.633428 0.468350 0.400084 0.570127 0.623498 0.532891 0.442285 0.624739 0.541580 0.624739 0.489450 0.796023 0.544062 0.838224 0.434838 0.858083 0.499379 1.000000 0.315241 0.062699 0.072677 0.056269 0.402280 0.199421 0.020558 0.081830
0.529732 0.278870 0.522299 0.266482 0.534687 0.266482 0.480179 0.268959 0.552031 0.273915 0.438059 0.370543 0.584240 0.380454 0.336475 0.447350 0.638748 0.506814 0.378595 0.558844 0.591673 0.543978 0.440536 0.620785 0.537165 0.628218 0.492567 0.776877 0.527254 0.846251 0.457880 0.900759 0.477701 1.000000 0.189318 0.050921 0.099265 0.045308 0.408903 0.416910 0.028430 0.116875
0.526406 0.277433 0.521376 0.267373 0.531436 0.264859 0.481138 0.269888 0.554070 0.272403 0.435871 0.367969 0.586763 0.383058 0.330245 0.430841 0.642091 0.511317 0.362939 0.538981 0.569159 0.516347 0.440900 0.619457 0.536466 0.629516 0.501257 0.780409 0.521376 0.850826 0.458504 0.933817 0.463534 1.000000 0.200714 0.055504 0.107835 0.042412 0.422548 0.607716 0.028858 0.135870
0.532707 0.286479 0.525302 0.274137 0.535175 0.274137 0.478401 0.279074 0.549986 0.279074 0.433969 0.365469 0.584544 0.385217 0.335231 0.424712 0.646256 0.508640 0.364852 0.543198 0.599355 0.508640 0.443843 0.619720 0.537644 0.629594 0.500617 0.807322 0.512959 0.834475 0.451248 1.000000 0.456185 1.000000 0.160272 0.038217 0.081186 0.022190 0.405958 0.647584 0.023594 0.131708
0.523173 0.289002 0.518295 0.279245 0.528052 0.279245 0.479266 0.284123 0.550005 0.281684 0.437798 0.364620 0.586595 0.386573 0.337788 0.410966 0.650016 0.510977 0.364620 0.528052 0.581716 0.498780 0.440237 0.618305 0.535370 0.630502 0.506098 0.781738 0.513416 0.818327 0.491462 0.964684 0.467070 1.000000 0.147348 0.036302 0.118877 0.028851 0.433576 0.706319 0.031107 0.158974
0.509497 0.289164 0.504432 0.279034 0.514562 0.276501 0.471509 0.281566 0.544953 0.279034 0.428455 0.365141 0.588007 0.385402 0.329685 0.400597 0.651321 0.512030 0.352478 0.519627 0.572811 0.491769 0.443650 0.620930 0.539888 0.628528 0.501899 0.815937 0.517095 0.833665 0.504432 1.000000 0.456313 1.000000 0.088365 0.052372 0.073507 0.026972 0.450519 0.727974 0.020975 0.127617
0.500000 0.282308 0.494832 0.271972 0.505168 0.271972 0.466410 0.277140 0.541342 0.274556 0.432819 0.364992 0.585268 0.385663 0.324296 0.398583 0.649865 0.517441 0.350135 0.520025 0.569765 0.504522 0.443155 0.623380 0.538758 0.625964 0.505168 0.835259 0.507752 0.840427 0.520671 1.000000 0.443155 1.000000 0.068461 0.051853 0.077907 0.015152 0.471183 0.695979 0.023050 0.136337
0.498091 0.286184 0.493000 0.273457 0.503182 0.273457 0.465000 0.278548 0.541363 0.278548 0.431910 0.365092 0.584635 0.385456 0.335184 0.410910 0.650817 0.517818 0.358092 0.522909 0.566817 0.507636 0.444637 0.622181 0.538818 0.627271 0.505727 0.828360 0.515909 0.843633 0.467546 1.000000 0.510818 1.000000 0.156199 0.026506 0.075946 0.026026 0.423411 0.685979 0.021081 0.125269
0.484722 0.282295 0.479630 0.272110 0.492361 0.269564 0.459260 0.277203 0.538194 0.274657 0.431251 0.366322 0.584026 0.384145 0.337040 0.417247 0.647683 0.514004 0.359956 0.529282 0.561110 0.514004 0.443982 0.623493 0.540740 0.626040 0.505093 0.827193 0.512731 0.842471 0.466899 0.941775 0.505093 1.000000 0.195190 0.029735 0.077029 0.015398 0.406484 0.645077 0.019464 0.133739
0.488535 0.280897 0.483440 0.268159 0.493631 0.268159 0.457963 0.273254 0.539489 0.270706 0.429938 0.367519 0.582800 0.382805 0.340768 0.428664 0.646493 0.507643 0.368793 0.535668 0.562419 0.517834 0.445224 0.622290 0.542037 0.627385 0.506369 0.826106 0.514012 0.841393 0.437581 0.897442 0.519108 1.000000 0.336987 0.048681 0.073698 0.011122 0.390208 0.611776 0.016226 0.134221
0.488862 0.283426 0.483912 0.271051 0.493812 0.271051 0.461636 0.276001 0.535889 0.273526 0.422034 0.370056 0.580442 0.379956 0.347780 0.439359 0.639845 0.501238 0.377481 0.540840 0.565591 0.525989 0.449260 0.622519 0.548265 0.627469 0.511138 0.823004 0.518563 0.842805 0.439359 0.872506 0.491337 1.000000 0.403112 0.001537 0.061096 0.002479 0.351604 0.542558 0.003152 0.138921
0.487005 0.278468 0.484530 0.268567 0.494431 0.266092 0.459778 0.273518 0.536509 0.268567 0.417699 0.372526 0.583539 0.377477 0.345918 0.456684 0.642944 0.496287 0.392947 0.550742 0.588489 0.533415 0.447402 0.624998 0.551361 0.624998 0.499381 0.860144 0.546410 0.870045 0.519183 1.000000 0.407798 0.823016 0.041640 0.597689 0.031973 0.034720 0.372374 0.457101 0.001575 0.075679
0.488243 0.269805 0.483292 0.259904 0.493193 0.257429 0.458540 0.264854 0.537747 0.262379 0.416461 0.376239 0.584776 0.373764 0.352106 0.480198 0.644181 0.492574 0.404085 0.551980 0.589727 0.542079 0.446164 0.626236 0.552598 0.623761 0.500619 0.861382 0.552598 0.868807 0.520421 1.000000 0.438738 0.801977 0.045412 0.668950 0.034794 0.040747 0.375940 0.412730 0.001575 0.072437
