0.579012 0.291522 0.590436 0.283906 0.567589 0.272483 0.579012 0.299138 0.518087 0.280098 0.540934 0.390525 0.476201 0.360063 0.495240 0.489529 0.388621 0.440027 0.540934 0.500952 0.510472 0.443835 0.533318 0.630418 0.449546 0.618994 0.579012 0.813193 0.381006 0.813193 0.613283 1.000000 0.209654 0.896965 0.028131 0.247258 0.088081 0.075348 0.559661 0.754515 0.021834 0.185979
0.580916 0.289618 0.592340 0.278195 0.569493 0.270579 0.584724 0.297234 0.516183 0.278195 0.539030 0.392429 0.478105 0.358159 0.485721 0.502856 0.382910 0.438123 0.539030 0.540934 0.508568 0.445739 0.531415 0.628514 0.451450 0.620898 0.580916 0.811289 0.394333 0.822713 0.592340 1.000000 0.219173 0.860791 0.068018 0.344071 0.094454 0.055610 0.445731 0.758342 0.021834 0.171981
0.583806 0.293279 0.591255 0.282104 0.568907 0.274655 0.580081 0.297003 0.516761 0.278380 0.539109 0.390121 0.475789 0.360323 0.479514 0.505587 0.382672 0.445992 0.535385 0.539109 0.505587 0.453441 0.531660 0.624778 0.453441 0.624778 0.583806 0.781216 0.416194 0.833362 0.557733 1.000000 0.244857 0.825912 0.137094 0.457583 0.112518 0.029412 0.479643 0.743987 0.018981 0.158665
0.582271 0.286285 0.593618 0.278720 0.570923 0.267372 0.586053 0.297633 0.514185 0.274937 0.540663 0.388414 0.472576 0.361936 0.499054 0.509456 0.374230 0.448935 0.552010 0.547282 0.487707 0.464066 0.533097 0.626716 0.453664 0.622933 0.586053 0.800714 0.446098 0.830974 0.514185 1.000000 0.268318 0.819627 0.194809 0.508720 0.104143 0.011456 0.407960 0.727272 0.016864 0.105612
0.594260 0.276005 0.602369 0.263843 0.578043 0.255734 0.594260 0.288168 0.521285 0.263843 0.549664 0.397631 0.468580 0.353035 0.501014 0.535474 0.367225 0.458444 0.573989 0.576016 0.488851 0.494932 0.529393 0.632775 0.452363 0.616558 0.569935 0.831431 0.496959 0.843594 0.452363 1.000000 0.290195 0.847648 0.220956 0.555499 0.091454 0.081303 0.446586 0.650986 0.023249 0.002340
0.594260 0.273978 0.602369 0.261816 0.578043 0.253707 0.598314 0.282087 0.521285 0.261816 0.553718 0.399659 0.464526 0.351008 0.513176 0.533447 0.359116 0.460472 0.590206 0.565881 0.476688 0.505068 0.529393 0.634802 0.452363 0.614531 0.545610 0.845621 0.517230 0.825350 0.411821 1.000000 0.318574 0.878054 0.219291 0.512467 0.057249 0.109696 0.466804 0.628593 0.023249 0.070578
0.597737 0.268517 0.610083 0.260286 0.585392 0.247940 0.601853 0.280862 0.527778 0.252056 0.564815 0.400205 0.457819 0.350822 0.527778 0.536009 0.350822 0.457819 0.614199 0.548354 0.466049 0.498971 0.523663 0.634775 0.453703 0.614199 0.519547 0.856999 0.556585 0.811731 0.375513 1.000000 0.350822 0.918728 0.207999 0.500209 0.049387 0.157818 0.539583 0.640812 0.028858 0.158738
0.597395 0.265227 0.609698 0.257025 0.585092 0.244723 0.605597 0.277529 0.527681 0.252924 0.572790 0.400555 0.457966 0.351345 0.539983 0.544084 0.339042 0.453866 0.622000 0.527681 0.457966 0.494874 0.511277 0.634303 0.457966 0.613798 0.478471 0.855748 0.589193 0.802437 0.334941 1.000000 0.412857 0.970572 0.163600 0.451047 0.035092 0.193469 0.634361 0.667838 0.039260 0.240286
0.596163 0.271612 0.608184 0.259592 0.580136 0.251578 0.596163 0.279626 0.528048 0.255585 0.576129 0.399830 0.451918 0.351748 0.552088 0.540068 0.335721 0.451918 0.620204 0.512020 0.443905 0.483973 0.512020 0.632224 0.459932 0.616197 0.451918 0.852599 0.588150 0.788490 0.303667 1.000000 0.467946 1.000000 0.145130 0.367598 0.000922 0.194002 0.678376 0.681845 0.035787 0.288396
0.594451 0.270905 0.602490 0.258847 0.578375 0.250809 0.594451 0.278943 0.522106 0.254828 0.578375 0.399520 0.441721 0.351289 0.562298 0.536173 0.329184 0.443731 0.626605 0.491962 0.433683 0.479904 0.518086 0.632634 0.461818 0.616557 0.425645 0.849671 0.578375 0.809479 0.272915 1.000000 0.550240 1.000000 0.117697 0.206629 0.047612 0.148926 0.728991 0.675032 0.025615 0.301163
0.587379 0.269279 0.599161 0.257498 0.571671 0.249644 0.591306 0.281061 0.516690 0.257498 0.575598 0.398876 0.442074 0.351750 0.563816 0.536326 0.328187 0.438147 0.622724 0.481346 0.426366 0.473492 0.516690 0.630578 0.465637 0.618797 0.406730 0.834790 0.567743 0.819082 0.265352 0.987949 0.591306 1.000000 0.080048 0.121641 0.077979 0.122057 0.766245 0.683425 0.022520 0.307297
0.585373 0.271700 0.596883 0.260189 0.570025 0.252515 0.589210 0.279374 0.512470 0.256352 0.573862 0.398320 0.443405 0.352277 0.566188 0.528777 0.328296 0.432853 0.616068 0.475060 0.424220 0.471223 0.520144 0.632375 0.462590 0.617028 0.412709 0.828061 0.562351 0.816550 0.259230 0.950844 0.612231 1.000000 0.125403 0.086580 0.088009 0.124558 0.780486 0.684481 0.022002 0.307404
0.580974 0.274761 0.592143 0.263592 0.566082 0.256146 0.584697 0.282207 0.513961 0.259869 0.573528 0.397619 0.443225 0.352943 0.562360 0.527922 0.331536 0.431125 0.610758 0.479524 0.428333 0.464632 0.521407 0.632165 0.461840 0.617273 0.428333 0.825759 0.558637 0.810867 0.264523 0.903941 0.599589 1.000000 0.215607 0.095786 0.073044 0.125204 0.777217 0.699525 0.021347 0.290233
0.578099 0.270466 0.589528 0.259037 0.562860 0.251417 0.585718 0.278085 0.509524 0.259037 0.574289 0.396186 0.440950 0.354279 0.555241 0.529525 0.319039 0.434283 0.608576 0.491428 0.421901 0.468570 0.524763 0.632387 0.459998 0.617148 0.448569 0.849540 0.559050 0.819062 0.265704 0.883827 0.570479 1.000000 0.333586 0.131341 0.041626 0.122147 0.742599 0.712723 0.019415 0.252588
0.580934 0.264024 0.592635 0.252323 0.565332 0.244522 0.588735 0.271825 0.510726 0.252323 0.573133 0.396639 0.440519 0.353734 0.541930 0.537054 0.311805 0.447344 0.608237 0.513651 0.428817 0.486349 0.530228 0.634565 0.456120 0.615062 0.475622 0.856889 0.557531 0.825685 0.280601 0.868590 0.522427 1.000000 0.404260 0.184719 0.019874 0.123852 0.677605 0.697432 0.017391 0.219497
0.586700 0.262306 0.598390 0.254512 0.571113 0.242822 0.590597 0.273995 0.512664 0.250616 0.571113 0.394791 0.446421 0.355825 0.528251 0.535070 0.321729 0.457137 0.602287 0.542863 0.446421 0.500000 0.524354 0.632485 0.458111 0.616899 0.485388 0.854593 0.543837 0.831214 0.310039 0.862387 0.469801 1.000000 0.430581 0.212979 0.006547 0.106876 0.561010 0.677421 0.022344 0.176400
0.593122 0.267196 0.600723 0.255793 0.577918 0.244391 0.596922 0.274798 0.517104 0.251993 0.566515 0.396426 0.456290 0.354616 0.528507 0.533258 0.342263 0.461041 0.585520 0.559864 0.467693 0.499050 0.528507 0.632081 0.448688 0.616877 0.543710 0.837328 0.517104 0.825925 0.346064 0.871536 0.425883 1.000000 0.468984 0.218240 0.074437 0.109901 0.447262 0.667314 0.029077 0.077141
0.597802 0.267364 0.605398 0.255970 0.582609 0.244575 0.601600 0.274960 0.521839 0.252172 0.563619 0.396501 0.461069 0.354721 0.518041 0.533234 0.354721 0.461069 0.575013 0.567417 0.487656 0.491454 0.529436 0.631985 0.445877 0.616793 0.571215 0.825690 0.476262 0.840883 0.369914 0.905451 0.385106 1.000000 0.447537 0.167785 0.113505 0.061331 0.430396 0.678472 0.031485 0.024720
0.597315 0.277177 0.604590 0.266263 0.582763 0.255349 0.597315 0.284453 0.528194 0.262625 0.553659 0.393591 0.466349 0.357211 0.502728 0.531832 0.371763 0.462711 0.557297 0.560935 0.502728 0.480901 0.528194 0.630056 0.451797 0.619142 0.590039 0.804676 0.459073 0.837418 0.433608 0.935642 0.339022 1.000000 0.386478 0.187874 0.142495 0.028272 0.456402 0.688726 0.025503 0.097741
0.594970 0.280493 0.602138 0.269741 0.580635 0.258990 0.594970 0.287660 0.526878 0.266158 0.548381 0.391590 0.473122 0.359336 0.498208 0.517023 0.383527 0.456099 0.551965 0.560028 0.512543 0.470434 0.530462 0.628121 0.448035 0.620953 0.598554 0.796559 0.419365 0.828813 0.473122 0.990084 0.279597 1.000000 0.305336 0.161203 0.146353 0.013199 0.406342 0.702540 0.027412 0.165914
0.592432 0.289849 0.602896 0.279385 0.578480 0.268921 0.595920 0.293337 0.522672 0.272409 0.543600 0.391000 0.473840 0.359609 0.494768 0.506104 0.390128 0.453784 0.540112 0.534008 0.519184 0.460760 0.533136 0.628183 0.449424 0.621207 0.599408 0.795607 0.390128 0.830487 0.519184 1.000000 0.257585 0.997910 0.225232 0.125268 0.134008 0.058261 0.452118 0.714108 0.022223 0.207858
0.585724 0.293754 0.595909 0.283569 0.572144 0.276779 0.589119 0.300544 0.521219 0.280174 0.541589 0.388814 0.473689 0.361654 0.490664 0.497454 0.388814 0.449924 0.531404 0.517824 0.517824 0.456714 0.534799 0.626464 0.449924 0.623069 0.589119 0.806399 0.368444 0.823374 0.565354 1.000000 0.232643 0.972754 0.125976 0.111879 0.102416 0.094117 0.491943 0.727022 0.019464 0.216299
0.586896 0.294149 0.593645 0.284025 0.573398 0.277276 0.586896 0.300898 0.519404 0.280651 0.539652 0.388638 0.472160 0.361641 0.489033 0.493251 0.391169 0.446006 0.536277 0.503375 0.519404 0.446006 0.536277 0.628235 0.451912 0.621486 0.583521 0.817213 0.364172 0.813838 0.600395 1.000000 0.212315 0.948823 0.054269 0.132482 0.082462 0.111467 0.576257 0.743505 0.015044 0.214199
0.583949 0.290552 0.594125 0.280376 0.570381 0.273592 0.590733 0.297335 0.516111 0.276984 0.546638 0.392308 0.472017 0.358389 0.492368 0.494064 0.383828 0.436402 0.533071 0.514416 0.512720 0.439794 0.533071 0.629739 0.448274 0.619564 0.573773 0.819684 0.363477 0.819684 0.607692 1.000000 0.197275 0.921441 0.019329 0.197552 0.085362 0.098719 0.508375 0.761089 0.023775 0.194770
0.586820 0.285960 0.593696 0.275645 0.569628 0.268768 0.590258 0.296275 0.511175 0.275645 0.548997 0.392550 0.469914 0.358166 0.493983 0.512894 0.373639 0.433811 0.538682 0.550716 0.500860 0.444126 0.535244 0.629799 0.445845 0.619484 0.573066 0.822350 0.380516 0.832665 0.579943 1.000000 0.201719 0.880802 0.052647 0.321632 0.080171 0.065419 0.412949 0.762263 0.024101 0.156393
0.588438 0.281051 0.595307 0.270747 0.571266 0.260444 0.591873 0.291354 0.516314 0.270747 0.550659 0.397824 0.471665 0.353175 0.492272 0.514597 0.365196 0.428734 0.543790 0.552376 0.495707 0.442472 0.533486 0.631370 0.444189 0.617632 0.574700 0.806529 0.402975 0.834005 0.543790 1.000000 0.217512 0.854612 0.112605 0.404864 0.096922 0.026960 0.446173 0.770158 0.028462 0.133471
0.591068 0.275767 0.601378 0.268894 0.577322 0.258584 0.594505 0.289513 0.518901 0.268894 0.549830 0.396045 0.470790 0.354807 0.498282 0.516324 0.360821 0.437283 0.549830 0.557562 0.487972 0.461339 0.532647 0.629729 0.446734 0.619419 0.584195 0.808428 0.426115 0.846230 0.505155 1.000000 0.247415 0.842794 0.191810 0.477263 0.112757 0.000001 0.414104 0.735650 0.026283 0.118251
0.598803 0.272131 0.605924 0.265010 0.584561 0.254329 0.598803 0.286373 0.524033 0.265010 0.552517 0.396747 0.467066 0.354021 0.495549 0.528484 0.349571 0.450154 0.556077 0.571209 0.484868 0.482198 0.531154 0.631737 0.449264 0.617495 0.573879 0.831122 0.463505 0.856046 0.456384 1.000000 0.267680 0.859606 0.216730 0.513194 0.096051 0.040456 0.434265 0.707700 0.024959 0.048212
0.604143 0.272131 0.611264 0.261449 0.586341 0.250768 0.600583 0.286373 0.529374 0.261449 0.554297 0.400307 0.465286 0.350461 0.504451 0.539165 0.351351 0.453714 0.579220 0.578330 0.475967 0.503560 0.532934 0.635297 0.447483 0.613935 0.550736 0.845364 0.500890 0.845364 0.408318 1.000000 0.294384 0.866727 0.221686 0.539380 0.055769 0.093667 0.456116 0.644523 0.024959 0.045281
0.603193 0.264899 0.613961 0.254131 0.588836 0.243363 0.610372 0.279256 0.531407 0.254131 0.570889 0.404883 0.463209 0.347454 0.524228 0.541277 0.341172 0.444365 0.603193 0.555635 0.459620 0.498205 0.517049 0.638189 0.448852 0.609475 0.506281 0.871495 0.549353 0.814066 0.351940 1.000000 0.333994 0.914567 0.214589 0.506359 0.057511 0.162766 0.547674 0.650569 0.043552 0.160023
0.605216 0.264865 0.619855 0.253886 0.590577 0.242907 0.612535 0.275844 0.532022 0.250226 0.579598 0.407593 0.458828 0.345378 0.546661 0.546661 0.327080 0.444190 0.619855 0.543001 0.447849 0.488106 0.510064 0.634494 0.451509 0.612535 0.469808 0.872374 0.575939 0.813818 0.327080 1.000000 0.381975 0.978505 0.157495 0.452169 0.041292 0.184961 0.589927 0.684150 0.049121 0.229604
0.600062 0.269155 0.614106 0.262133 0.586018 0.251600 0.607084 0.283199 0.529843 0.255111 0.582507 0.406082 0.452602 0.346396 0.550909 0.539498 0.329719 0.437681 0.617617 0.521943 0.442069 0.479812 0.512288 0.634294 0.452602 0.613228 0.442069 0.862506 0.578996 0.795798 0.287587 1.000000 0.452602 1.000000 0.141154 0.355849 0.000146 0.192751 0.655934 0.682427 0.044851 0.287766
0.596183 0.273841 0.606581 0.263443 0.582319 0.253044 0.603115 0.284239 0.523396 0.256510 0.582319 0.405550 0.450609 0.346628 0.554590 0.544192 0.325831 0.433279 0.616979 0.509532 0.436745 0.474871 0.512998 0.634309 0.454075 0.613513 0.415948 0.863068 0.571920 0.800679 0.263443 1.000000 0.502600 1.000000 0.122285 0.259756 0.034057 0.174732 0.724247 0.692590 0.042047 0.306580
0.591156 0.279707 0.601284 0.269578 0.574275 0.259450 0.597908 0.289835 0.520257 0.259450 0.581027 0.404624 0.449358 0.347229 0.557394 0.539670 0.324441 0.431633 0.614789 0.499156 0.429101 0.468771 0.516881 0.634202 0.452734 0.613945 0.405468 0.850275 0.567523 0.806385 0.256918 0.992073 0.554018 1.000000 0.105864 0.186527 0.064810 0.167169 0.750799 0.702319 0.038784 0.322736
0.588230 0.278163 0.601675 0.268080 0.574786 0.257997 0.594953 0.291608 0.517646 0.257997 0.578147 0.405888 0.447062 0.345387 0.561341 0.536973 0.322699 0.426054 0.615120 0.479833 0.423534 0.463027 0.517646 0.634446 0.457145 0.614279 0.403367 0.846199 0.561341 0.826032 0.238670 0.963840 0.605036 1.000000 0.145041 0.095509 0.075158 0.133625 0.800230 0.704968 0.032151 0.303084
0.584284 0.279257 0.597127 0.269625 0.571440 0.259992 0.590705 0.292100 0.516857 0.259992 0.574651 0.404479 0.449430 0.346684 0.558597 0.529700 0.327419 0.423743 0.609970 0.475116 0.426954 0.459062 0.520068 0.632446 0.455851 0.616392 0.417322 0.837937 0.558597 0.812251 0.250360 0.908575 0.593916 1.000000 0.225016 0.111337 0.072777 0.146206 0.800230 0.712154 0.030709 0.301367
0.583749 0.274773 0.593506 0.265015 0.567487 0.255258 0.590254 0.287782 0.512196 0.258511 0.577244 0.401615 0.447149 0.349577 0.554477 0.531711 0.320306 0.424382 0.606515 0.486177 0.427635 0.466663 0.521954 0.632535 0.453654 0.616273 0.437392 0.850444 0.547973 0.817920 0.255258 0.889473 0.554477 1.000000 0.314978 0.131595 0.043022 0.131502 0.783956 0.710938 0.031107 0.257093
0.586660 0.264421 0.596756 0.254324 0.569832 0.244228 0.593390 0.277882 0.512620 0.250959 0.579929 0.402403 0.441947 0.348556 0.549640 0.537020 0.314061 0.432692 0.606852 0.503365 0.425119 0.473077 0.526082 0.634617 0.452043 0.614424 0.458774 0.866831 0.553005 0.823080 0.266945 0.873562 0.515986 1.000000 0.399033 0.186414 0.017274 0.131368 0.739700 0.703757 0.027888 0.233253
0.589425 0.265154 0.599454 0.251782 0.572710 0.245096 0.592768 0.271840 0.515879 0.251782 0.576053 0.398874 0.445676 0.352072 0.535937 0.535937 0.311956 0.445676 0.599454 0.529251 0.435647 0.492478 0.525908 0.632884 0.452362 0.616169 0.479106 0.860209 0.539280 0.833465 0.295241 0.856866 0.469077 1.000000 0.441155 0.208020 0.002559 0.113062 0.624016 0.690458 0.027702 0.185750
0.594953 0.263038 0.605036 0.249594 0.578147 0.242871 0.601675 0.269761 0.521007 0.246232 0.571425 0.397485 0.453784 0.353790 0.524368 0.531931 0.326060 0.451263 0.591592 0.565543 0.453784 0.508403 0.527730 0.632766 0.447062 0.615960 0.551258 0.857963 0.510924 0.847880 0.342866 0.881492 0.396644 1.000000 0.497349 0.231264 0.091585 0.093691 0.459583 0.658602 0.032151 0.052395
0.593652 0.267485 0.603340 0.261027 0.580734 0.248109 0.596881 0.283632 0.522606 0.251338 0.564587 0.399890 0.461248 0.351449 0.512917 0.535523 0.348220 0.454789 0.574275 0.571046 0.480624 0.503229 0.529064 0.632404 0.445101 0.616257 0.571046 0.832625 0.477394 0.835855 0.370825 0.890754 0.364366 1.000000 0.475849 0.203704 0.114047 0.065862 0.448810 0.652603 0.032953 0.019312
0.600848 0.269259 0.607303 0.259577 0.584713 0.249896 0.604076 0.278940 0.526624 0.256350 0.562123 0.398345 0.465308 0.353165 0.513715 0.530658 0.358812 0.453206 0.562123 0.566157 0.494352 0.491932 0.526624 0.630700 0.445945 0.617791 0.594394 0.811420 0.445945 0.846919 0.410447 0.946960 0.313632 1.000000 0.412065 0.190812 0.162458 0.023249 0.410230 0.671358 0.034996 0.114200
0.598177 0.284319 0.604362 0.275043 0.582716 0.262674 0.598177 0.290504 0.527057 0.265766 0.548702 0.395638 0.474489 0.355440 0.499227 0.516234 0.375539 0.451298 0.551794 0.556433 0.508504 0.476035 0.527057 0.627553 0.449752 0.621369 0.601269 0.791440 0.421922 0.844007 0.455936 0.973879 0.279681 1.000000 0.349465 0.179309 0.164970 0.010058 0.416116 0.696501 0.029571 0.174930
0.594743 0.283772 0.603912 0.274603 0.582518 0.265434 0.594743 0.289884 0.524450 0.268490 0.545843 0.393796 0.475550 0.357121 0.493888 0.509933 0.380807 0.445752 0.545843 0.555776 0.515281 0.464089 0.530562 0.629126 0.448044 0.619957 0.600856 0.797219 0.396088 0.830837 0.496944 1.000000 0.249389 1.000000 0.264821 0.143167 0.146717 0.043702 0.403770 0.717467 0.027273 0.202969
0.588454 0.295818 0.597300 0.286972 0.573712 0.278127 0.591403 0.304663 0.520639 0.278127 0.544227 0.390169 0.476412 0.360684 0.485258 0.490417 0.385009 0.446190 0.535382 0.514005 0.511794 0.463881 0.532433 0.628996 0.446927 0.620151 0.594351 0.802956 0.373215 0.817699 0.561918 1.000000 0.222843 0.976917 0.151810 0.127229 0.124552 0.077662 0.529247 0.716476 0.026309 0.222525
0.586980 0.297292 0.595826 0.285498 0.572238 0.279601 0.592877 0.300240 0.519165 0.279601 0.545701 0.391643 0.474938 0.359210 0.489680 0.494840 0.383535 0.438819 0.533908 0.518428 0.510320 0.450613 0.530959 0.630470 0.448402 0.618676 0.584032 0.816225 0.362896 0.816225 0.601723 1.000000 0.200729 0.951855 0.064456 0.148264 0.108209 0.097584 0.502351 0.742392 0.026309 0.218612
0.585006 0.296278 0.593800 0.284553 0.570350 0.278690 0.590869 0.299209 0.517588 0.278690 0.546900 0.390078 0.473619 0.360765 0.491206 0.489741 0.379819 0.434047 0.529313 0.513191 0.505863 0.445772 0.532244 0.627510 0.447237 0.621647 0.579144 0.809247 0.362231 0.818041 0.611388 1.000000 0.192218 0.917704 0.037426 0.201201 0.100014 0.097946 0.486611 0.759371 0.026155 0.210417
0.584024 0.294285 0.595614 0.282695 0.569537 0.276901 0.592717 0.300080 0.514487 0.276901 0.546358 0.392796 0.473923 0.358028 0.494205 0.502897 0.378309 0.430463 0.543461 0.543461 0.500000 0.442052 0.531871 0.630383 0.447847 0.618793 0.575332 0.810021 0.378309 0.821611 0.595614 1.000000 0.198671 0.879559 0.048118 0.295537 0.094944 0.073411 0.421521 0.763405 0.025852 0.180695
0.588362 0.288667 0.597198 0.276885 0.573635 0.270994 0.594253 0.297503 0.517672 0.273940 0.547127 0.394702 0.476437 0.356411 0.491164 0.506627 0.373347 0.430047 0.547127 0.547863 0.497055 0.447719 0.529454 0.627389 0.446983 0.621498 0.582471 0.807059 0.402802 0.839458 0.570690 1.000000 0.211350 0.860076 0.106130 0.402192 0.115465 0.028436 0.445448 0.757401 0.030046 0.154995
0.592338 0.282293 0.598343 0.273284 0.577323 0.264276 0.589335 0.291302 0.520269 0.267279 0.547295 0.396402 0.472224 0.354362 0.493244 0.519519 0.358115 0.435439 0.550298 0.561558 0.487238 0.465467 0.532281 0.630624 0.448201 0.618613 0.586332 0.816801 0.436189 0.849833 0.508258 1.000000 0.238001 0.852835 0.189963 0.478657 0.110317 0.012337 0.429546 0.730630 0.024877 0.106461
