0.455277 0.281699 0.451735 0.271072 0.460591 0.271072 0.437565 0.279928 0.506642 0.271072 0.412768 0.386200 0.563320 0.364946 0.368488 0.522583 0.632397 0.472989 0.426938 0.485388 0.627084 0.426938 0.460591 0.630626 0.563320 0.618228 0.481845 0.834314 0.556236 0.758153 0.513727 1.000000 0.563320 0.882137 0.016326 0.034273 0.028406 0.016103 0.780325 0.855496 0.030491 0.049198
0.462091 0.285899 0.456921 0.275560 0.465537 0.273837 0.441413 0.280730 0.510339 0.275560 0.415566 0.384119 0.562033 0.366887 0.365595 0.515078 0.643021 0.442705 0.437967 0.490954 0.605112 0.484061 0.462091 0.630528 0.560310 0.618466 0.482769 0.832136 0.553418 0.751148 0.510339 1.000000 0.562033 0.899339 0.013860 0.035006 0.026868 0.014341 0.718449 0.496659 0.028560 0.049054
0.451673 0.279507 0.448221 0.269151 0.456851 0.267425 0.439591 0.277781 0.510356 0.270877 0.415427 0.383065 0.567313 0.367531 0.363648 0.507335 0.636352 0.446926 0.432687 0.471090 0.608736 0.479720 0.458577 0.629880 0.558683 0.619524 0.482740 0.812833 0.544875 0.750698 0.505178 1.000000 0.555231 0.923295 0.006576 0.052459 0.013293 0.022486 0.779552 0.450611 0.021993 0.075182
0.460843 0.287434 0.455680 0.273664 0.464285 0.275386 0.445352 0.282270 0.517642 0.275386 0.417814 0.382099 0.567556 0.368329 0.376505 0.502582 0.638125 0.449225 0.438468 0.487091 0.603701 0.478485 0.460843 0.629949 0.553787 0.619622 0.490103 0.824443 0.550345 0.755596 0.512479 1.000000 0.552066 0.932878 0.009399 0.011147 0.007186 0.009367 0.683116 0.504083 0.018639 0.055588
0.451950 0.278366 0.450219 0.269709 0.455414 0.267977 0.445024 0.278366 0.512553 0.273172 0.415589 0.382257 0.566230 0.368405 0.374032 0.500000 0.626833 0.458444 0.424246 0.480953 0.595666 0.487879 0.460608 0.629864 0.557573 0.619474 0.486581 0.837645 0.541989 0.766653 0.514285 1.000000 0.545452 0.938073 0.004802 0.040008 0.017666 0.022606 0.723402 0.447668 0.023169 0.073162
0.456847 0.282055 0.455103 0.271594 0.460334 0.269850 0.446386 0.278568 0.514384 0.275081 0.413258 0.381438 0.568435 0.369233 0.369669 0.500000 0.629459 0.459898 0.435924 0.482564 0.592844 0.487795 0.460334 0.629023 0.557973 0.620305 0.488231 0.845224 0.545768 0.778969 0.514384 1.000000 0.542281 0.946351 0.000116 0.017807 0.018963 0.011182 0.694052 0.481331 0.023330 0.065284
0.460029 0.278384 0.458253 0.267725 0.463582 0.265948 0.449370 0.274831 0.518653 0.271278 0.413841 0.377867 0.571948 0.372537 0.364099 0.496891 0.628795 0.475573 0.422723 0.463138 0.577277 0.479126 0.458253 0.628351 0.555959 0.621245 0.488453 0.841529 0.545300 0.800670 0.515100 1.000000 0.543524 0.969435 0.003151 0.015537 0.011061 0.001549 0.792289 0.638563 0.018105 0.063683
0.460027 0.284060 0.458289 0.273633 0.463503 0.271895 0.449600 0.278846 0.517379 0.275371 0.416579 0.377909 0.566042 0.372696 0.354013 0.485662 0.626870 0.476972 0.371392 0.431786 0.592111 0.483924 0.460027 0.628173 0.557352 0.621222 0.486096 0.829775 0.543449 0.800230 0.519117 1.000000 0.538235 0.979239 0.014000 0.015405 0.013783 0.013548 0.931874 0.605258 0.022146 0.065607
0.465373 0.281143 0.461822 0.266937 0.468925 0.266937 0.454719 0.277591 0.525748 0.272264 0.410326 0.377031 0.573692 0.373480 0.349952 0.497780 0.632291 0.485350 0.424532 0.480023 0.603880 0.485350 0.456495 0.627408 0.559487 0.622081 0.481355 0.820961 0.547057 0.796101 0.516869 0.993206 0.541729 0.977225 0.024063 0.013338 0.017382 0.004527 0.721986 0.653589 0.020362 0.063359
0.471955 0.277828 0.470202 0.267311 0.475460 0.265559 0.452674 0.272570 0.522787 0.269064 0.415864 0.375987 0.573619 0.374234 0.361526 0.495180 0.634968 0.500438 0.433392 0.496933 0.617440 0.509202 0.456179 0.626642 0.554338 0.623137 0.475460 0.814195 0.545574 0.798420 0.519281 0.940399 0.538562 0.977209 0.073770 0.003425 0.018153 0.008706 0.628390 0.496444 0.013395 0.048511
0.467604 0.281327 0.465899 0.269391 0.471014 0.269391 0.452258 0.276212 0.520461 0.271096 0.418157 0.375105 0.571612 0.375105 0.373826 0.501279 0.627879 0.504689 0.447143 0.492754 0.592073 0.508099 0.455669 0.625748 0.554562 0.624043 0.460784 0.797958 0.544331 0.799663 0.506820 0.905377 0.539216 0.982104 0.119429 0.009598 0.037836 0.003246 0.644397 0.600170 0.013029 0.027973
0.465595 0.284224 0.463896 0.274030 0.470692 0.272331 0.450304 0.279127 0.519964 0.274030 0.418022 0.374273 0.570934 0.375972 0.378945 0.498301 0.620206 0.505097 0.426517 0.440534 0.577730 0.437136 0.457100 0.624028 0.553944 0.625727 0.462197 0.788833 0.548847 0.816018 0.497876 0.906066 0.540352 1.000000 0.084200 0.006066 0.039561 0.013096 0.877864 0.938224 0.014065 0.018365
0.461192 0.283182 0.459505 0.273058 0.466254 0.271370 0.449381 0.279807 0.518560 0.274745 0.419009 0.374296 0.569179 0.375983 0.381889 0.492407 0.621486 0.504218 0.432508 0.462036 0.565805 0.462036 0.457817 0.624017 0.553994 0.625704 0.457817 0.779249 0.552306 0.821431 0.496625 0.914233 0.555681 1.000000 0.089111 0.008584 0.049075 0.016589 0.768950 0.829650 0.015044 0.002744
0.476650 0.289026 0.470095 0.275917 0.478288 0.275917 0.455347 0.282472 0.522531 0.279194 0.422575 0.375874 0.570051 0.374235 0.391441 0.493855 0.622488 0.495494 0.432406 0.439780 0.581522 0.425033 0.455347 0.624946 0.552027 0.624946 0.470095 0.772422 0.555304 0.821581 0.504506 0.923176 0.563497 0.995276 0.039708 0.009698 0.009919 0.028150 0.875756 0.962287 0.009390 0.026421
0.461579 0.291720 0.458344 0.278778 0.463197 0.278778 0.455109 0.286867 0.521435 0.283632 0.425990 0.374223 0.568348 0.375841 0.388783 0.485845 0.623350 0.495551 0.429225 0.468050 0.592614 0.417901 0.455109 0.624968 0.550553 0.624968 0.469668 0.778650 0.557024 0.820711 0.500404 0.945274 0.561877 0.998658 0.027999 0.001840 0.006733 0.033217 0.734358 0.982880 0.007210 0.019547
0.456439 0.288709 0.453182 0.274053 0.459696 0.275681 0.454811 0.283823 0.519948 0.282195 0.427127 0.375017 0.568802 0.375017 0.392929 0.487380 0.622541 0.492265 0.445040 0.453182 0.596486 0.414099 0.454811 0.624169 0.549261 0.625798 0.469467 0.783757 0.557403 0.822840 0.495522 0.958001 0.567173 1.000000 0.018097 0.003891 0.006073 0.037899 0.778902 0.965619 0.005184 0.016005
0.454707 0.287795 0.451352 0.274375 0.458062 0.274375 0.454707 0.284440 0.520130 0.277730 0.424512 0.375025 0.570456 0.375025 0.392639 0.490774 0.624136 0.490774 0.446320 0.460578 0.605683 0.416963 0.454707 0.624975 0.550325 0.624975 0.471482 0.799436 0.558713 0.827954 0.493290 0.970542 0.570456 1.000000 0.009838 0.006374 0.007755 0.038726 0.748630 0.939755 0.006408 0.017367
0.454942 0.289048 0.453304 0.279217 0.458219 0.277579 0.448388 0.285771 0.515565 0.280855 0.423811 0.375886 0.567996 0.374248 0.392681 0.492217 0.620427 0.492217 0.440196 0.457810 0.592573 0.429956 0.458219 0.624933 0.549973 0.624933 0.474604 0.803525 0.553250 0.826464 0.489350 0.964095 0.564719 1.000000 0.000000 0.014518 0.014579 0.028021 0.782730 0.999214 0.010432 0.023946
0.451705 0.286837 0.450040 0.276845 0.455036 0.275180 0.446709 0.283506 0.511657 0.276845 0.421729 0.376765 0.568279 0.373435 0.385092 0.495004 0.619904 0.490008 0.405076 0.476685 0.589928 0.433387 0.458367 0.624900 0.551625 0.624900 0.473355 0.808087 0.549960 0.828071 0.488343 0.974620 0.561617 1.000000 0.002584 0.022302 0.020676 0.018440 0.831814 0.977718 0.012725 0.028595
0.450040 0.282674 0.448375 0.272682 0.453371 0.271016 0.445044 0.279343 0.513323 0.276012 0.421729 0.377598 0.568279 0.372602 0.380096 0.495837 0.628231 0.487510 0.410072 0.509159 0.594924 0.432554 0.458367 0.625733 0.551625 0.624067 0.476685 0.813916 0.549960 0.818912 0.493339 0.988776 0.561617 0.993772 0.000655 0.023910 0.015772 0.018329 0.474641 0.979636 0.012725 0.033609
0.452756 0.277276 0.451068 0.267152 0.456130 0.267152 0.444319 0.275589 0.513498 0.268839 0.417322 0.378514 0.570867 0.371765 0.373452 0.506749 0.626548 0.483127 0.386951 0.510124 0.599551 0.408886 0.457817 0.626548 0.553994 0.623173 0.478065 0.810464 0.550619 0.808776 0.498313 0.984256 0.553994 0.967383 0.002014 0.012558 0.016612 0.015544 0.526944 0.963434 0.015044 0.040690
0.451218 0.280062 0.449536 0.269969 0.454583 0.269969 0.444490 0.276697 0.513457 0.269969 0.419258 0.379307 0.570649 0.370897 0.368794 0.512195 0.626160 0.481917 0.385615 0.513878 0.594199 0.392764 0.456265 0.626580 0.553828 0.623216 0.479814 0.809932 0.548782 0.801522 0.503364 0.988238 0.550464 0.964688 0.001139 0.012288 0.006627 0.012183 0.583797 0.961985 0.012854 0.049668
0.449614 0.280491 0.446109 0.268223 0.453119 0.268223 0.439098 0.273481 0.510954 0.266471 0.416315 0.380388 0.572293 0.369872 0.356728 0.522345 0.635386 0.490799 0.377759 0.527603 0.575798 0.501314 0.454871 0.627499 0.556520 0.622241 0.470645 0.825539 0.551262 0.806261 0.495180 1.000000 0.563530 0.997290 0.014997 0.029506 0.023970 0.010776 0.548523 0.597471 0.014509 0.034391
0.447501 0.282807 0.445808 0.270952 0.450888 0.269259 0.444114 0.277726 0.513548 0.272646 0.420405 0.381031 0.569434 0.369176 0.361132 0.518205 0.637175 0.479254 0.408550 0.514818 0.599917 0.501270 0.455969 0.628284 0.554192 0.621510 0.471210 0.824731 0.549112 0.802716 0.496613 1.000000 0.560967 0.973761 0.019687 0.030948 0.020825 0.010281 0.652526 0.505713 0.012941 0.033569
0.454264 0.283681 0.452616 0.273792 0.459208 0.272144 0.446023 0.280384 0.513597 0.273792 0.421301 0.380921 0.566338 0.369384 0.366912 0.512773 0.630616 0.476514 0.427894 0.488051 0.556449 0.492995 0.459208 0.629792 0.553153 0.619903 0.469097 0.830865 0.543264 0.755051 0.490523 1.000000 0.551505 0.878662 0.024322 0.044439 0.032472 0.006512 0.747134 0.602416 0.015745 0.038892
0.459735 0.283885 0.456448 0.274025 0.464666 0.274025 0.448231 0.282242 0.517256 0.275668 0.421936 0.380849 0.568203 0.369345 0.367702 0.509039 0.629011 0.471240 0.435083 0.477813 0.606003 0.410432 0.456448 0.629011 0.553412 0.620794 0.467953 0.819652 0.541908 0.762131 0.490961 0.987285 0.548482 0.913329 0.024233 0.039683 0.024801 0.007150 0.765532 0.943877 0.012558 0.045037
0.461676 0.277809 0.458232 0.267475 0.468566 0.265752 0.446175 0.274365 0.520238 0.269197 0.416894 0.379431 0.571911 0.370819 0.365222 0.506890 0.633917 0.472441 0.423783 0.467274 0.571911 0.503445 0.454787 0.627458 0.556409 0.622291 0.472011 0.808311 0.537462 0.780753 0.482345 1.000000 0.539185 0.966773 0.013338 0.040826 0.018034 0.018282 0.811917 0.526807 0.014259 0.068103
0.465909 0.277984 0.462500 0.267756 0.472727 0.266052 0.450568 0.274575 0.522159 0.271166 0.418182 0.380256 0.569886 0.370029 0.367046 0.504687 0.632954 0.467188 0.409659 0.460369 0.563068 0.502983 0.457386 0.629119 0.554545 0.620596 0.471023 0.830255 0.539204 0.782527 0.489773 1.000000 0.532386 0.970027 0.009895 0.018496 0.028188 0.010601 0.880355 0.532596 0.015198 0.051613
0.464380 0.281248 0.462703 0.271191 0.471085 0.271191 0.452646 0.277896 0.523049 0.276220 0.420797 0.380148 0.568308 0.370090 0.368833 0.504191 0.632005 0.460608 0.405710 0.463960 0.575013 0.505867 0.457674 0.628234 0.553221 0.621529 0.471085 0.837766 0.538135 0.794183 0.487847 1.000000 0.528077 0.973543 0.008777 0.009912 0.026628 0.008668 0.890107 0.481558 0.013877 0.048087
0.472858 0.277693 0.469411 0.267353 0.478028 0.267353 0.455625 0.274247 0.526280 0.272523 0.419435 0.379368 0.572810 0.370752 0.359120 0.505170 0.634849 0.475874 0.378076 0.460364 0.572810 0.510340 0.453901 0.627525 0.553853 0.622355 0.474581 0.834322 0.540067 0.811919 0.488368 1.000000 0.528004 0.998036 0.009425 0.002507 0.012203 0.000836 0.985092 0.508294 0.009875 0.054835
0.473189 0.277297 0.469730 0.266919 0.478378 0.265189 0.457622 0.272108 0.528541 0.270378 0.417838 0.377622 0.576973 0.372432 0.353838 0.502162 0.637514 0.488324 0.384973 0.438162 0.583892 0.503892 0.450703 0.628433 0.554487 0.621514 0.473189 0.846379 0.542378 0.816973 0.490486 1.000000 0.528541 0.996865 0.004380 0.004744 0.008747 0.008966 0.993024 0.563293 0.006608 0.052419
0.479097 0.280302 0.475684 0.270063 0.484216 0.270063 0.460326 0.276889 0.533701 0.275182 0.417666 0.374153 0.579774 0.375860 0.352823 0.498720 0.644617 0.495307 0.395483 0.457767 0.596838 0.500427 0.448382 0.626700 0.554178 0.623287 0.473977 0.833174 0.540527 0.814403 0.494454 1.000000 0.530289 1.000000 0.005284 0.005194 0.000738 0.010114 0.896278 0.624334 0.003258 0.061957
0.509482 0.278469 0.502586 0.264678 0.509482 0.264678 0.464659 0.273297 0.535341 0.273297 0.414663 0.373288 0.581889 0.376736 0.349152 0.495690 0.650848 0.502586 0.388804 0.431903 0.604300 0.497414 0.449143 0.624988 0.554305 0.624988 0.468106 0.816349 0.540513 0.809453 0.492242 0.990471 0.526722 0.992195 0.012401 0.000228 0.011893 0.011469 0.979390 0.694781 0.004390 0.055196
0.481606 0.281359 0.476589 0.267982 0.484950 0.267982 0.463212 0.276343 0.536788 0.274671 0.416390 0.371658 0.581938 0.378347 0.357863 0.493729 0.643809 0.505435 0.406357 0.460285 0.603677 0.515468 0.448162 0.625833 0.553510 0.624161 0.461539 0.811448 0.538461 0.808103 0.491639 0.946896 0.531772 0.983685 0.046703 0.013866 0.016681 0.010663 0.834488 0.566236 0.002128 0.048887
0.489722 0.281280 0.488077 0.269768 0.494655 0.268123 0.465054 0.274702 0.535768 0.273057 0.419008 0.371728 0.576881 0.378306 0.366383 0.495066 0.629506 0.511512 0.427230 0.519734 0.576881 0.503289 0.451898 0.623339 0.552213 0.626628 0.461765 0.792724 0.540702 0.809169 0.481499 0.907840 0.527546 0.983487 0.035521 0.003933 0.022853 0.011471 0.505769 0.669099 0.005234 0.038568
0.483120 0.283378 0.481513 0.272125 0.487943 0.270517 0.465437 0.278555 0.536171 0.278555 0.422032 0.370188 0.574753 0.379833 0.367374 0.484326 0.624588 0.506832 0.402741 0.511655 0.550639 0.485934 0.452576 0.622578 0.550639 0.627401 0.468652 0.780122 0.544209 0.805843 0.478298 0.903906 0.532955 0.977854 0.007615 0.009329 0.005967 0.019441 0.432746 0.706700 0.004094 0.043834
0.483678 0.285033 0.482086 0.275479 0.488455 0.273887 0.467755 0.278664 0.537818 0.278664 0.423169 0.369427 0.576035 0.380574 0.369029 0.474522 0.620620 0.507962 0.416800 0.514331 0.552149 0.488854 0.451831 0.622611 0.548965 0.627388 0.467755 0.777069 0.547372 0.808916 0.482086 0.917195 0.544188 0.976112 0.000262 0.003270 0.003181 0.031980 0.430276 0.693794 0.001012 0.035492
0.473331 0.285855 0.471739 0.274710 0.479700 0.274710 0.466963 0.281079 0.532241 0.279487 0.423975 0.371832 0.572045 0.378200 0.376210 0.486467 0.615033 0.505573 0.412830 0.494427 0.543386 0.497612 0.454226 0.623392 0.549755 0.626576 0.470147 0.787384 0.548163 0.806490 0.489253 0.951376 0.546571 0.972074 0.006111 0.000225 0.007288 0.025673 0.557528 0.638832 0.005067 0.033624
0.471247 0.282353 0.468052 0.272768 0.477636 0.272768 0.464857 0.279158 0.531948 0.279158 0.426519 0.371808 0.571883 0.378197 0.372207 0.469250 0.611819 0.501198 0.408948 0.507588 0.552715 0.512380 0.453675 0.622601 0.547922 0.627394 0.472844 0.795122 0.547922 0.819083 0.493610 0.964447 0.551117 0.980422 0.003621 0.006302 0.000886 0.030513 0.405086 0.540412 0.002032 0.035223
0.462421 0.287185 0.462421 0.276109 0.467168 0.276109 0.467168 0.280856 0.530459 0.282438 0.427611 0.372627 0.571598 0.377374 0.378561 0.475475 0.611154 0.499209 0.421282 0.521361 0.547864 0.505538 0.454510 0.624208 0.546281 0.625790 0.476662 0.803005 0.546281 0.815663 0.494066 0.969143 0.549446 0.978637 0.006010 0.006180 0.005332 0.032328 0.380290 0.568204 0.001009 0.039237
0.458333 0.286058 0.458333 0.274840 0.464744 0.274840 0.464744 0.281250 0.530449 0.281250 0.426282 0.372596 0.573718 0.377404 0.378205 0.473558 0.613782 0.500801 0.408654 0.531250 0.548077 0.486378 0.453526 0.624199 0.546474 0.625801 0.475962 0.805288 0.541667 0.814904 0.495192 0.971955 0.540064 0.981570 0.002669 0.005031 0.004903 0.026682 0.296041 0.668712 0.000004 0.047328
0.456030 0.282999 0.456030 0.271599 0.460915 0.271599 0.462544 0.279742 0.529313 0.281370 0.425088 0.374196 0.571655 0.375825 0.377861 0.480051 0.604226 0.501221 0.405545 0.535420 0.539085 0.510993 0.454401 0.624989 0.548856 0.624989 0.473944 0.817155 0.545599 0.828555 0.491857 0.986522 0.545599 0.997922 0.001282 0.005093 0.004779 0.023953 0.281163 0.533497 0.004147 0.037352
0.451725 0.283372 0.451725 0.272013 0.456593 0.272013 0.458216 0.278504 0.524746 0.278504 0.419271 0.375865 0.573426 0.374242 0.377082 0.495943 0.617239 0.497566 0.398177 0.539756 0.552332 0.534888 0.454971 0.625758 0.552332 0.624135 0.472820 0.817235 0.542595 0.826971 0.485802 0.982749 0.540973 0.992485 0.004673 0.012147 0.015580 0.011540 0.250383 0.442552 0.009299 0.044855
0.451387 0.285058 0.452994 0.273809 0.454601 0.272201 0.457815 0.278630 0.525311 0.278630 0.417639 0.378266 0.575129 0.371838 0.374249 0.495581 0.632983 0.485938 0.403176 0.543792 0.592807 0.428085 0.454601 0.625751 0.552631 0.624144 0.477100 0.807347 0.549417 0.816989 0.493170 0.976087 0.544595 0.985729 0.009012 0.003786 0.007954 0.023005 0.284785 0.956162 0.009209 0.044541
0.453400 0.281865 0.453400 0.270617 0.456614 0.270617 0.456614 0.278651 0.524103 0.275438 0.416442 0.379885 0.575524 0.370244 0.373056 0.508436 0.636585 0.481119 0.398766 0.538967 0.601234 0.394347 0.455007 0.625739 0.553027 0.624132 0.480717 0.805710 0.549814 0.807317 0.503214 0.971219 0.544993 0.968006 0.002167 0.003962 0.004359 0.022547 0.326391 0.962909 0.010232 0.050751
0.455480 0.281892 0.453846 0.270455 0.458747 0.268822 0.452212 0.275357 0.522464 0.270455 0.417903 0.378284 0.578012 0.371749 0.363989 0.517155 0.644997 0.487747 0.408100 0.533492 0.566576 0.505718 0.450578 0.626617 0.553506 0.623350 0.475085 0.807965 0.550238 0.798163 0.501225 0.977877 0.545337 0.937033 0.005834 0.005282 0.001116 0.024958 0.504971 0.594986 0.005200 0.048705
0.463196 0.278351 0.459888 0.266772 0.468159 0.266772 0.443347 0.275043 0.514473 0.270080 0.415228 0.379251 0.574021 0.370980 0.354026 0.519849 0.648455 0.486767 0.403649 0.531428 0.593870 0.513233 0.453272 0.627365 0.557480 0.622403 0.473121 0.817587 0.547555 0.797738 0.492970 0.989613 0.547555 0.943298 0.003471 0.017998 0.015335 0.002914 0.557718 0.538160 0.013693 0.051093
0.450393 0.282461 0.448767 0.271076 0.453646 0.271076 0.443887 0.277582 0.515451 0.271076 0.416237 0.380049 0.570751 0.370290 0.356059 0.513418 0.642315 0.485768 0.377202 0.427216 0.572377 0.484142 0.456899 0.628897 0.556113 0.620764 0.466658 0.819192 0.546354 0.770398 0.486175 0.980211 0.546354 0.871239 0.022087 0.020730 0.035246 0.002146 0.941643 0.683997 0.016574 0.037039
0.448432 0.283494 0.446794 0.272035 0.453343 0.270398 0.443520 0.276946 0.515552 0.272035 0.415690 0.380083 0.571214 0.370260 0.355117 0.511050 0.638334 0.478308 0.415690 0.448841 0.584310 0.502865 0.456617 0.628921 0.556480 0.620736 0.463165 0.813913 0.541746 0.764800 0.479536 0.980896 0.541746 0.882671 0.019845 0.032442 0.040626 0.013739 0.892136 0.541139 0.016683 0.043705
0.454411 0.277169 0.452707 0.266943 0.459524 0.266943 0.445890 0.275465 0.517469 0.268648 0.413509 0.381128 0.573709 0.369199 0.352156 0.514060 0.643583 0.479975 0.408396 0.512356 0.597568 0.510652 0.454411 0.628245 0.558371 0.621428 0.461228 0.820826 0.543032 0.781628 0.478271 0.999772 0.541328 0.936715 0.018961 0.026886 0.040950 0.011051 0.647282 0.491958 0.016281 0.041647
