0.489094 0.288591 0.485738 0.276846 0.495805 0.276846 0.465604 0.280201 0.537752 0.283557 0.416946 0.377517 0.583054 0.372483 0.381711 0.526846 0.643456 0.488255 0.421980 0.468121 0.578020 0.545302 0.448826 0.625839 0.551175 0.624161 0.450503 0.820470 0.526007 0.778524 0.460570 1.000000 0.509228 0.894295 0.013158 0.005633 0.037898 0.011340 0.882430 0.424839 0.000004 0.054190
0.489238 0.289735 0.487583 0.278146 0.495861 0.276490 0.471026 0.281457 0.538907 0.286424 0.419702 0.377483 0.580298 0.372517 0.381623 0.516556 0.641556 0.480132 0.427980 0.466887 0.588576 0.538080 0.449503 0.627483 0.550497 0.622517 0.446192 0.827815 0.519040 0.761589 0.459437 1.000000 0.505795 0.905629 0.024676 0.041619 0.043027 0.033041 0.846043 0.400478 0.000004 0.065546
0.521182 0.291145 0.514404 0.277588 0.524571 0.275894 0.472040 0.280977 0.549990 0.284367 0.422897 0.379262 0.582186 0.370789 0.377144 0.513133 0.636413 0.477547 0.443232 0.474158 0.590659 0.535162 0.448316 0.626669 0.546601 0.623280 0.444927 0.838489 0.514404 0.769012 0.455094 1.000000 0.499153 0.940163 0.018630 0.040923 0.037681 0.024643 0.774437 0.363230 0.006473 0.064120
0.512913 0.292556 0.509581 0.280893 0.519578 0.279227 0.484588 0.282559 0.552902 0.287558 0.424604 0.374201 0.581228 0.375867 0.377950 0.505832 0.631214 0.484171 0.456262 0.464176 0.592891 0.535824 0.447931 0.625799 0.546237 0.624133 0.451263 0.835742 0.516246 0.784089 0.454596 1.000000 0.502916 0.952377 0.000497 0.033838 0.024376 0.014429 0.764028 0.340823 0.007426 0.064050
0.522868 0.292069 0.519480 0.280211 0.531338 0.280211 0.488989 0.281905 0.560135 0.288681 0.424620 0.373378 0.583850 0.376766 0.370413 0.500423 0.629587 0.490260 0.451723 0.471626 0.597402 0.539384 0.444947 0.624081 0.546583 0.625775 0.451723 0.835824 0.519480 0.800251 0.461886 1.000000 0.502541 0.962870 0.003648 0.016016 0.015570 0.001769 0.736715 0.306558 0.010786 0.059237
0.532781 0.291128 0.529419 0.279360 0.541186 0.279360 0.495797 0.281041 0.564721 0.287766 0.426874 0.370138 0.586575 0.380224 0.366355 0.491174 0.626920 0.497899 0.448728 0.476045 0.598342 0.526477 0.442003 0.623978 0.544548 0.625660 0.452090 0.829068 0.519332 0.798809 0.463857 1.000000 0.499159 0.950105 0.001619 0.003839 0.003308 0.007950 0.705404 0.355137 0.017131 0.061674
0.527702 0.292236 0.524344 0.280484 0.534418 0.280484 0.500839 0.282162 0.567996 0.288878 0.430326 0.367786 0.588142 0.382897 0.363169 0.485310 0.628436 0.508814 0.440399 0.497062 0.584785 0.520567 0.440399 0.622980 0.541133 0.626337 0.447115 0.814374 0.514271 0.799264 0.462225 0.970512 0.490766 0.968833 0.019544 0.005212 0.001392 0.011666 0.617180 0.514868 0.023535 0.060218
0.522895 0.285464 0.519503 0.275288 0.529679 0.275288 0.495760 0.278680 0.565294 0.285464 0.431314 0.366869 0.587341 0.383828 0.354997 0.482193 0.619564 0.527983 0.426227 0.516111 0.572077 0.512720 0.439794 0.622956 0.541551 0.626347 0.443186 0.809509 0.509328 0.790854 0.449970 0.926529 0.483889 0.967231 0.012645 0.015974 0.004751 0.002166 0.544621 0.668995 0.023775 0.067357
0.524941 0.282413 0.521501 0.270373 0.531821 0.270373 0.493980 0.273813 0.562782 0.282413 0.428618 0.363256 0.588583 0.387337 0.351215 0.476779 0.612663 0.540421 0.420018 0.535261 0.561062 0.500860 0.440658 0.621264 0.542141 0.628144 0.442378 0.800149 0.511180 0.808749 0.440658 0.894752 0.483660 0.997955 0.008848 0.008065 0.011783 0.006602 0.466235 0.757865 0.021918 0.057103
0.515212 0.285764 0.511832 0.273933 0.521973 0.275623 0.491549 0.277313 0.560848 0.284074 0.430701 0.361824 0.587892 0.388868 0.354641 0.468308 0.604794 0.537607 0.420560 0.534227 0.550707 0.502113 0.440842 0.618738 0.540565 0.630570 0.445913 0.774238 0.510141 0.819874 0.440842 0.885793 0.484788 1.000000 0.024835 0.009790 0.002182 0.010825 0.447432 0.720878 0.023695 0.061099
0.510409 0.294732 0.505413 0.284739 0.518736 0.284739 0.487093 0.286404 0.555377 0.291401 0.432132 0.363016 0.590351 0.387998 0.360517 0.469605 0.598679 0.531227 0.422140 0.532893 0.518736 0.509576 0.438794 0.617832 0.538722 0.631155 0.440460 0.769389 0.512075 0.837673 0.438794 0.910953 0.485427 1.000000 0.007243 0.001866 0.004821 0.025751 0.434068 0.602675 0.028666 0.044344
0.499197 0.293706 0.495986 0.282468 0.507224 0.284073 0.481538 0.288889 0.550570 0.292100 0.434981 0.364343 0.589100 0.386819 0.373976 0.468695 0.603549 0.521673 0.428560 0.531305 0.531305 0.495986 0.439797 0.617997 0.536122 0.630840 0.452641 0.760878 0.515251 0.833121 0.439797 0.914997 0.491170 1.000000 0.055000 0.001737 0.022492 0.035325 0.396628 0.642715 0.030709 0.061261
0.477730 0.295119 0.476111 0.283781 0.484209 0.285401 0.474491 0.290260 0.544135 0.293499 0.432381 0.364762 0.584625 0.385817 0.382173 0.471657 0.612158 0.515386 0.417804 0.533202 0.544135 0.487853 0.442099 0.619042 0.540895 0.630379 0.450197 0.784243 0.513362 0.834451 0.443718 0.944585 0.489068 1.000000 0.028445 0.009422 0.003432 0.013632 0.306822 0.689073 0.021670 0.058280
0.475612 0.297172 0.473986 0.284165 0.482115 0.285791 0.469108 0.289043 0.539021 0.290669 0.431713 0.367085 0.582919 0.383344 0.392692 0.477644 0.617063 0.510162 0.415455 0.534550 0.545524 0.480896 0.444720 0.619095 0.540647 0.630476 0.451224 0.781682 0.511381 0.836962 0.446346 0.947521 0.483741 1.000000 0.022085 0.008166 0.003690 0.009110 0.229119 0.707319 0.018642 0.057542
0.466933 0.297516 0.465300 0.284453 0.471832 0.284453 0.460401 0.289352 0.530617 0.289352 0.429376 0.370998 0.579605 0.379163 0.399983 0.488569 0.622062 0.506532 0.404882 0.535924 0.545314 0.493468 0.447338 0.620837 0.543681 0.629002 0.448971 0.793928 0.509389 0.829852 0.447338 0.963753 0.476731 1.000000 0.006063 0.007350 0.019843 0.008369 0.110791 0.656082 0.011438 0.056829
0.467448 0.295444 0.465840 0.284192 0.472270 0.284192 0.459410 0.289014 0.526926 0.289014 0.427260 0.374212 0.576759 0.375820 0.401540 0.507636 0.628199 0.496383 0.403148 0.536571 0.571936 0.494776 0.449765 0.621769 0.546216 0.628199 0.449765 0.792165 0.512458 0.819492 0.454588 0.960953 0.477093 1.000000 0.009092 0.004568 0.028858 0.017265 0.078283 0.637461 0.005117 0.055600
0.463629 0.290553 0.461957 0.278847 0.468646 0.278847 0.453596 0.282192 0.523829 0.280520 0.421823 0.379181 0.579013 0.370820 0.391723 0.533027 0.639213 0.496237 0.401756 0.538043 0.573996 0.507943 0.448579 0.623327 0.550585 0.626672 0.450251 0.797239 0.513796 0.829012 0.461957 0.967807 0.478679 0.972823 0.018750 0.018986 0.031684 0.022026 0.413918 0.585919 0.001067 0.060310
0.464227 0.287469 0.460861 0.275685 0.469278 0.275685 0.450760 0.279052 0.521464 0.277368 0.417092 0.381740 0.580383 0.368273 0.386790 0.538298 0.644353 0.487795 0.408675 0.551765 0.588800 0.529881 0.449077 0.624152 0.553448 0.625835 0.447393 0.802594 0.521464 0.814378 0.462544 0.989453 0.492845 0.930534 0.028755 0.023403 0.044761 0.020323 0.385259 0.450053 0.003214 0.050487
0.481969 0.294690 0.473773 0.279937 0.485247 0.279937 0.455742 0.283215 0.526227 0.281576 0.422957 0.381568 0.580321 0.368454 0.390173 0.534013 0.642611 0.483198 0.429514 0.522539 0.575403 0.548766 0.449185 0.625809 0.547537 0.624170 0.447545 0.814317 0.522949 0.786451 0.457381 1.000000 0.513114 0.876607 0.018539 0.013277 0.036818 0.007277 0.657761 0.412239 0.004173 0.045097
0.475553 0.297717 0.473975 0.286676 0.481862 0.286676 0.459780 0.289831 0.527602 0.286676 0.420349 0.381312 0.578074 0.368693 0.387226 0.527996 0.649051 0.468061 0.437698 0.499606 0.597001 0.532728 0.450316 0.628941 0.551261 0.621054 0.444007 0.821366 0.518138 0.756698 0.451894 1.000000 0.507098 0.881302 0.022764 0.048104 0.048768 0.042541 0.733790 0.413153 0.002010 0.065802
0.491434 0.295577 0.489876 0.286232 0.497664 0.284674 0.466514 0.287789 0.535044 0.290904 0.421346 0.379682 0.575539 0.370337 0.385523 0.518301 0.642512 0.460673 0.438478 0.485593 0.595787 0.536991 0.452496 0.628884 0.550619 0.621096 0.444708 0.828246 0.513239 0.744140 0.447823 1.000000 0.503894 0.899891 0.016943 0.074806 0.052011 0.062352 0.756618 0.377941 0.003967 0.081454
0.494938 0.294783 0.493380 0.285437 0.502726 0.283880 0.473131 0.288552 0.540109 0.290110 0.423287 0.377337 0.575934 0.372664 0.379673 0.506620 0.633566 0.469237 0.441978 0.489486 0.591510 0.533100 0.451324 0.628115 0.549455 0.621884 0.446651 0.835279 0.515187 0.754282 0.448209 1.000000 0.502726 0.927179 0.009329 0.057715 0.042619 0.046923 0.688989 0.356634 0.000991 0.073438
0.501971 0.296161 0.500394 0.285121 0.508280 0.283544 0.481469 0.286698 0.549284 0.293007 0.424694 0.375016 0.579249 0.375016 0.372650 0.502760 0.624984 0.474372 0.435734 0.483835 0.590288 0.535879 0.448350 0.625773 0.547707 0.624196 0.449927 0.829218 0.516165 0.777174 0.453082 1.000000 0.506703 0.949077 0.001838 0.047220 0.027473 0.024645 0.715920 0.300805 0.005020 0.067191
0.507301 0.293940 0.505679 0.282582 0.515414 0.280960 0.487831 0.284205 0.557600 0.290695 0.424553 0.373443 0.583560 0.376688 0.362897 0.498377 0.619255 0.487020 0.426175 0.493510 0.588427 0.540563 0.445646 0.624934 0.546242 0.624934 0.450513 0.837484 0.518659 0.795299 0.452136 1.000000 0.504056 0.957551 0.005079 0.022522 0.019346 0.003597 0.670363 0.265886 0.010331 0.058381
0.516412 0.295050 0.513210 0.283841 0.522817 0.282240 0.490793 0.283841 0.559644 0.291847 0.428347 0.371906 0.582060 0.378311 0.362699 0.490393 0.610881 0.501601 0.434752 0.495196 0.575656 0.532023 0.444359 0.624892 0.545233 0.624892 0.449163 0.825038 0.518013 0.793015 0.455567 1.000000 0.498799 0.945127 0.002796 0.011097 0.012482 0.003902 0.639860 0.346347 0.013255 0.058730
0.517374 0.289487 0.514142 0.278174 0.525455 0.278174 0.491515 0.279790 0.561012 0.287871 0.428482 0.368682 0.583639 0.381612 0.354136 0.483434 0.607883 0.514142 0.428482 0.502828 0.546466 0.523839 0.443028 0.624045 0.544850 0.625661 0.446261 0.816375 0.512526 0.790516 0.452726 0.950521 0.491515 0.953754 0.009979 0.020885 0.012763 0.011459 0.601766 0.507743 0.015440 0.066981
0.530678 0.285252 0.527406 0.272163 0.538859 0.272163 0.494682 0.273799 0.565038 0.281980 0.427599 0.365425 0.587944 0.385059 0.349063 0.479957 0.610851 0.530678 0.422691 0.520861 0.555221 0.522497 0.440689 0.622304 0.543768 0.627212 0.443961 0.799011 0.511044 0.790830 0.450506 0.902089 0.486502 0.969172 0.014289 0.019302 0.010312 0.005394 0.529913 0.596141 0.019803 0.068727
0.527912 0.284095 0.524628 0.272602 0.536121 0.272602 0.493433 0.272602 0.565674 0.280812 0.427758 0.362905 0.587019 0.387533 0.347307 0.476193 0.611647 0.541867 0.417907 0.541867 0.552540 0.535300 0.440893 0.620677 0.544330 0.628886 0.444177 0.801282 0.513135 0.816058 0.442535 0.893226 0.488507 1.000000 0.011470 0.011283 0.010419 0.003155 0.458057 0.585593 0.018826 0.058355
0.513882 0.286615 0.510709 0.273923 0.521814 0.275510 0.490084 0.278683 0.559890 0.285029 0.431384 0.362768 0.590034 0.388152 0.352059 0.467477 0.609072 0.535696 0.410759 0.534110 0.553544 0.516658 0.439316 0.618194 0.539266 0.630886 0.447249 0.770499 0.512295 0.829199 0.445662 0.884727 0.485325 1.000000 0.020984 0.001637 0.006682 0.022603 0.436251 0.645983 0.027303 0.059590
0.500000 0.292037 0.496930 0.281293 0.509209 0.281293 0.484652 0.285898 0.556787 0.290502 0.435539 0.364172 0.590552 0.387194 0.361870 0.467002 0.610504 0.528394 0.421726 0.532998 0.549113 0.511511 0.438609 0.617411 0.535300 0.631224 0.453957 0.757076 0.513813 0.841489 0.455491 0.899811 0.489257 1.000000 0.031417 0.003805 0.030981 0.038460 0.432366 0.630106 0.033281 0.067255
0.483995 0.292322 0.480947 0.281652 0.490092 0.281652 0.477899 0.286225 0.548014 0.290798 0.432171 0.365486 0.587644 0.385301 0.369677 0.469134 0.608983 0.517910 0.427599 0.530104 0.541917 0.484377 0.441317 0.618510 0.538868 0.630704 0.455035 0.773982 0.516005 0.839525 0.455035 0.920310 0.496189 1.000000 0.028013 0.006445 0.016513 0.027739 0.414548 0.698371 0.025256 0.062727
0.474359 0.294485 0.472805 0.282053 0.480575 0.282053 0.471251 0.286715 0.542735 0.289823 0.429294 0.367523 0.587800 0.383062 0.379566 0.476302 0.612664 0.516705 0.419970 0.529137 0.541181 0.502719 0.441725 0.619268 0.541181 0.630146 0.458819 0.780883 0.519425 0.839935 0.457265 0.945606 0.499223 1.000000 0.036546 0.006924 0.017837 0.026468 0.344292 0.620052 0.021782 0.066435
0.467978 0.293638 0.464816 0.280987 0.474304 0.280987 0.461653 0.284150 0.534394 0.285731 0.425283 0.369541 0.583415 0.380610 0.387331 0.488140 0.613460 0.515023 0.415795 0.524510 0.542300 0.507116 0.445840 0.620971 0.545463 0.628878 0.456909 0.804404 0.515418 0.839193 0.461653 0.981512 0.488535 1.000000 0.010661 0.009944 0.006783 0.003121 0.309954 0.605224 0.011076 0.064352
0.463169 0.291944 0.460034 0.279406 0.467871 0.279406 0.456900 0.284108 0.530562 0.282541 0.422420 0.371875 0.580715 0.378144 0.395776 0.506661 0.618329 0.509795 0.408314 0.478450 0.544667 0.501959 0.449064 0.622639 0.547802 0.627341 0.458467 0.798174 0.519591 0.826385 0.463169 0.965872 0.486678 1.000000 0.008114 0.000963 0.016658 0.003017 0.928996 0.622321 0.003992 0.061852
0.458205 0.289072 0.456643 0.276572 0.462892 0.276572 0.453518 0.282822 0.526952 0.281260 0.420707 0.375005 0.576950 0.375005 0.395708 0.512499 0.623823 0.503125 0.403520 0.492188 0.555076 0.490625 0.450393 0.623432 0.551951 0.626557 0.456643 0.796862 0.525389 0.821861 0.470704 0.965605 0.497266 0.989041 0.014999 0.010024 0.026392 0.011496 0.940374 0.668889 0.002985 0.054492
0.465068 0.284975 0.461963 0.272555 0.471278 0.272555 0.452648 0.277213 0.524064 0.278765 0.418492 0.378127 0.576850 0.371917 0.387442 0.522512 0.629636 0.496119 0.399862 0.497671 0.575297 0.508539 0.449543 0.624978 0.555115 0.624978 0.460411 0.786441 0.531827 0.809729 0.475936 0.960324 0.503881 0.923063 0.006953 0.037039 0.018437 0.012640 0.919843 0.556392 0.005931 0.061305
0.468554 0.277461 0.465329 0.266173 0.475005 0.266173 0.452428 0.272623 0.524995 0.274236 0.415338 0.379055 0.579824 0.370992 0.375023 0.535477 0.644328 0.495162 0.405663 0.511288 0.579824 0.540315 0.449203 0.625783 0.555635 0.624170 0.457266 0.816070 0.537896 0.814457 0.470167 1.000000 0.521770 0.954754 0.007195 0.006841 0.029939 0.000742 0.793014 0.458105 0.006159 0.043067
0.463382 0.279499 0.461790 0.268354 0.469751 0.268354 0.453830 0.273131 0.527065 0.277907 0.414028 0.379799 0.581195 0.370247 0.371043 0.534229 0.649654 0.484875 0.401292 0.491244 0.585972 0.550150 0.449054 0.628161 0.555722 0.621793 0.449054 0.825577 0.531841 0.779408 0.460198 1.000000 0.523881 0.878116 0.017256 0.022250 0.044596 0.015740 0.891224 0.417440 0.006081 0.047865
0.474313 0.286068 0.472779 0.273800 0.480447 0.273800 0.460511 0.278400 0.531055 0.283001 0.417571 0.379615 0.578595 0.370414 0.373098 0.520703 0.650672 0.467028 0.420638 0.477763 0.600065 0.528371 0.451309 0.628052 0.552525 0.621918 0.446709 0.830483 0.524920 0.756872 0.455910 1.000000 0.514185 0.894892 0.020488 0.039515 0.050198 0.031345 0.831027 0.423593 0.004881 0.056990
0.492141 0.287426 0.489147 0.276947 0.498129 0.276947 0.469686 0.281438 0.537051 0.285929 0.421782 0.377246 0.577470 0.372755 0.378369 0.505988 0.649326 0.462575 0.441243 0.464072 0.595434 0.525449 0.451722 0.627245 0.549027 0.622754 0.448728 0.835328 0.523578 0.754490 0.462201 1.000000 0.510105 0.913172 0.023405 0.033782 0.042520 0.024684 0.790692 0.440339 0.000953 0.056164
0.501143 0.295740 0.498095 0.285070 0.507241 0.283546 0.476754 0.285070 0.546873 0.291167 0.421878 0.376530 0.580408 0.373481 0.373100 0.507622 0.647479 0.464940 0.438646 0.472562 0.601749 0.528962 0.449316 0.628043 0.548397 0.621946 0.452365 0.846022 0.517911 0.757611 0.459986 1.000000 0.507241 0.937482 0.005620 0.051501 0.030136 0.029577 0.769730 0.398842 0.002913 0.074813
0.507160 0.294736 0.505569 0.283597 0.515116 0.282006 0.483292 0.283597 0.556487 0.289962 0.422827 0.374296 0.586720 0.375887 0.362362 0.506365 0.651959 0.474541 0.440330 0.477723 0.602632 0.538189 0.443513 0.625704 0.546940 0.624113 0.451469 0.842107 0.516708 0.791189 0.464198 1.000000 0.503978 0.978950 0.004302 0.035435 0.014433 0.006401 0.748725 0.395844 0.012159 0.068680
0.547588 0.292852 0.539590 0.281655 0.552387 0.278455 0.483604 0.288053 0.563584 0.289653 0.427618 0.376031 0.587578 0.374431 0.357236 0.500800 0.648363 0.476806 0.432417 0.486403 0.601975 0.532792 0.442014 0.623969 0.542789 0.625569 0.448413 0.846314 0.510797 0.801525 0.469208 1.000000 0.494801 0.971082 0.018361 0.027308 0.009305 0.001064 0.723710 0.390799 0.019361 0.066407
0.510657 0.297125 0.509078 0.284494 0.518551 0.282916 0.491711 0.284494 0.561178 0.292388 0.428559 0.369749 0.588018 0.380801 0.355935 0.491317 0.648012 0.496053 0.419087 0.499211 0.594333 0.535523 0.441190 0.623935 0.542233 0.625514 0.444347 0.818127 0.510657 0.808655 0.464872 0.983901 0.490133 0.996531 0.034035 0.019711 0.010628 0.004529 0.631829 0.450957 0.021123 0.059522
0.512186 0.292049 0.510614 0.279470 0.518476 0.277898 0.491745 0.279470 0.562503 0.285760 0.427276 0.369097 0.592379 0.381677 0.354946 0.483883 0.647413 0.505897 0.428849 0.510614 0.595524 0.520048 0.438283 0.623827 0.542062 0.625399 0.435138 0.815660 0.504324 0.793647 0.458724 0.906860 0.483883 0.966611 0.085774 0.032790 0.018964 0.005428 0.568508 0.548000 0.025052 0.065017
0.510386 0.282693 0.508788 0.271508 0.518375 0.271508 0.489614 0.274704 0.561517 0.279498 0.427298 0.367379 0.591876 0.383357 0.350602 0.484022 0.644605 0.522370 0.412918 0.536750 0.596670 0.512783 0.438483 0.623034 0.542343 0.626230 0.430494 0.805188 0.500799 0.794003 0.456059 0.901059 0.478429 0.974560 0.096904 0.038029 0.027869 0.013226 0.461611 0.678234 0.024437 0.063313
0.508961 0.282592 0.507403 0.271683 0.516754 0.271683 0.490259 0.276358 0.558833 0.284151 0.429479 0.365192 0.588444 0.385452 0.353113 0.478961 0.632081 0.531949 0.420128 0.552209 0.585327 0.503896 0.440388 0.620782 0.541689 0.628575 0.437271 0.778189 0.505844 0.807800 0.441947 0.860788 0.476233 0.996376 0.024301 0.013255 0.019881 0.002359 0.424033 0.764173 0.022839 0.056531
0.506100 0.292226 0.501525 0.278501 0.513725 0.278501 0.481701 0.281551 0.556423 0.287651 0.429852 0.363898 0.588447 0.386772 0.355130 0.473695 0.617421 0.528593 0.416128 0.548417 0.548798 0.499619 0.439002 0.618565 0.542699 0.630764 0.442052 0.752761 0.503050 0.821383 0.440527 0.841208 0.469501 1.000000 0.012721 0.013098 0.004198 0.006280 0.408129 0.691318 0.023320 0.072511
0.494680 0.292158 0.491641 0.279999 0.500760 0.279999 0.485561 0.283039 0.555475 0.290638 0.435406 0.366631 0.591952 0.384870 0.363972 0.471502 0.617790 0.521658 0.420207 0.545976 0.549396 0.503420 0.436925 0.617410 0.535717 0.631089 0.449084 0.754198 0.512919 0.842351 0.453644 0.890986 0.484041 1.000000 0.017614 0.008418 0.026291 0.037257 0.396209 0.642377 0.034903 0.062438
0.485372 0.292957 0.483872 0.280955 0.491373 0.280955 0.479371 0.283955 0.548385 0.288456 0.431361 0.367973 0.590394 0.382976 0.369848 0.469994 0.612898 0.510502 0.416358 0.539008 0.539383 0.486497 0.440363 0.618525 0.537883 0.630527 0.456866 0.746051 0.516878 0.839070 0.449364 0.903584 0.494374 1.000000 0.056112 0.000000 0.029534 0.034582 0.361467 0.656063 0.027734 0.072918
