0.525817 0.269491 0.540570 0.252280 0.511064 0.249821 0.560240 0.259656 0.479101 0.262115 0.584827 0.382594 0.429925 0.367842 0.606956 0.503073 0.351245 0.478486 0.582369 0.564543 0.410255 0.520285 0.538111 0.628470 0.447137 0.621094 0.511064 0.832548 0.452054 0.830089 0.484018 1.000000 0.469265 0.977615 0.005665 0.029481 0.017825 0.014111 0.178940 0.500588 0.018794 0.049430
0.534133 0.273483 0.534133 0.253624 0.529168 0.253624 0.511791 0.261071 0.553992 0.268518 0.432355 0.365331 0.583780 0.385190 0.347954 0.477038 0.611086 0.509309 0.402567 0.531650 0.568886 0.561439 0.447250 0.621016 0.536615 0.628463 0.462144 0.829535 0.511791 0.839465 0.464626 0.995855 0.479520 1.000000 0.017947 0.019583 0.004174 0.023680 0.455962 0.285547 0.020558 0.059975
0.521508 0.267103 0.531340 0.249897 0.509218 0.249897 0.543630 0.257271 0.479721 0.259729 0.587874 0.385088 0.428103 0.365423 0.627203 0.505531 0.344530 0.466202 0.595248 0.539943 0.381401 0.525195 0.538714 0.628431 0.445309 0.621057 0.516592 0.834905 0.452683 0.827531 0.484637 1.000000 0.462515 0.965180 0.022122 0.011334 0.029476 0.010029 0.338680 0.398185 0.020357 0.045338
0.513929 0.268664 0.530885 0.249285 0.496972 0.251707 0.555109 0.263819 0.475171 0.263819 0.591444 0.382515 0.424301 0.367981 0.632625 0.503634 0.334674 0.455186 0.603556 0.549658 0.371009 0.523012 0.540575 0.627174 0.443680 0.622329 0.518773 0.825808 0.443680 0.811274 0.480015 1.000000 0.455792 0.934815 0.026542 0.031107 0.030457 0.024206 0.283632 0.410908 0.020061 0.034797
0.523131 0.276602 0.525566 0.254688 0.523131 0.259558 0.486608 0.264428 0.557219 0.269297 0.428172 0.366692 0.586437 0.383736 0.345387 0.449477 0.630265 0.505478 0.377040 0.520088 0.615656 0.561480 0.445216 0.619917 0.540175 0.629656 0.454955 0.797661 0.510957 0.839054 0.440346 0.912099 0.489043 1.000000 0.057841 0.011689 0.003969 0.015058 0.384142 0.191221 0.018612 0.061555
0.517722 0.269006 0.537277 0.249451 0.500611 0.251895 0.564165 0.266562 0.476167 0.261673 0.591053 0.383892 0.427280 0.366781 0.635052 0.493889 0.344171 0.449890 0.637496 0.552554 0.356393 0.498778 0.539721 0.628330 0.441946 0.620997 0.522611 0.811659 0.449279 0.789659 0.493278 1.000000 0.446835 0.906990 0.018967 0.020461 0.036265 0.004513 0.107864 0.327979 0.023363 0.043454
0.516649 0.273079 0.533915 0.250881 0.499383 0.253347 0.561047 0.265680 0.474718 0.263213 0.595578 0.381607 0.425388 0.369274 0.654775 0.502466 0.341526 0.460536 0.600511 0.472868 0.358791 0.497533 0.541314 0.628259 0.437720 0.620860 0.528982 0.815716 0.445120 0.795983 0.506783 0.990839 0.447586 0.924243 0.019224 0.007321 0.048019 0.002150 0.803922 0.375541 0.026725 0.034353
0.512512 0.267907 0.530028 0.247889 0.497498 0.250391 0.560056 0.262903 0.472474 0.260400 0.597592 0.383015 0.424930 0.368001 0.660150 0.495621 0.347357 0.465593 0.670160 0.510635 0.359869 0.513137 0.540038 0.628245 0.437441 0.620738 0.522521 0.825931 0.452455 0.805912 0.502502 1.000000 0.447451 0.953550 0.004821 0.036539 0.045246 0.010007 0.025752 0.295688 0.028714 0.053884
0.512585 0.265915 0.530205 0.243261 0.494966 0.245778 0.557892 0.258363 0.472312 0.255846 0.595648 0.379182 0.424489 0.371631 0.653540 0.489932 0.356528 0.472312 0.673676 0.522653 0.354011 0.527688 0.540273 0.625852 0.439591 0.623335 0.520136 0.822182 0.449659 0.817148 0.510068 1.000000 0.454693 0.990824 0.015108 0.007297 0.037758 0.002556 0.022279 0.174538 0.025666 0.049054
0.504385 0.265114 0.521923 0.242564 0.486846 0.245070 0.549483 0.257597 0.466803 0.255092 0.597086 0.377859 0.421705 0.372848 0.647196 0.498121 0.361574 0.483088 0.617130 0.495615 0.361574 0.538208 0.541966 0.625899 0.439243 0.623394 0.524428 0.823830 0.444254 0.821325 0.506890 0.999212 0.441748 1.000000 0.003593 0.012477 0.041473 0.014189 0.652131 0.158947 0.023948 0.036188
0.494442 0.264102 0.514203 0.244341 0.482092 0.244341 0.546315 0.261632 0.464801 0.259162 0.590778 0.377728 0.425278 0.372788 0.637710 0.493825 0.373405 0.486414 0.637710 0.506175 0.368465 0.538287 0.541375 0.624742 0.442569 0.624742 0.521614 0.827293 0.445039 0.824823 0.499382 1.000000 0.442569 1.000000 0.009746 0.008231 0.031877 0.017881 0.122285 0.106097 0.020457 0.034886
0.493857 0.267179 0.513515 0.245064 0.479114 0.245064 0.545458 0.259807 0.464370 0.257350 0.592146 0.377753 0.425055 0.372839 0.641290 0.500614 0.378368 0.488328 0.594603 0.498157 0.361167 0.530101 0.543001 0.625932 0.439798 0.623475 0.523344 0.822510 0.439798 0.827424 0.498771 0.969943 0.449627 1.000000 0.020843 0.017190 0.030501 0.018702 0.637857 0.002051 0.021918 0.031725
0.496350 0.268223 0.515817 0.248756 0.481750 0.248756 0.545017 0.263356 0.464716 0.260923 0.588818 0.377724 0.428216 0.372857 0.637485 0.501825 0.391716 0.487225 0.591251 0.506692 0.377115 0.516425 0.540150 0.625926 0.442816 0.623493 0.525550 0.815728 0.437949 0.827895 0.510950 0.959296 0.445249 1.000000 0.007822 0.019508 0.037195 0.026099 0.585578 0.049248 0.021705 0.016860
0.503011 0.263302 0.517466 0.246438 0.488557 0.246438 0.548785 0.258484 0.466874 0.263302 0.589741 0.374122 0.428328 0.376531 0.635514 0.489761 0.399418 0.494579 0.630696 0.516262 0.370509 0.521080 0.541558 0.622264 0.440374 0.627082 0.531921 0.817404 0.440374 0.836678 0.488557 0.942680 0.440374 1.000000 0.090369 0.000001 0.045342 0.015292 0.177223 0.187382 0.023026 0.015707
0.497678 0.264901 0.518576 0.246325 0.483746 0.246325 0.546439 0.262579 0.462849 0.257935 0.583591 0.376355 0.430341 0.374033 0.630030 0.497098 0.400155 0.494776 0.576625 0.494776 0.372292 0.511029 0.539473 0.627128 0.446595 0.622484 0.509288 0.819851 0.441951 0.824495 0.481424 0.917374 0.446595 1.000000 0.039132 0.014718 0.005977 0.028111 0.630706 0.253930 0.017748 0.042138
0.498282 0.265207 0.516607 0.244591 0.484538 0.246882 0.546386 0.262916 0.463922 0.258335 0.583037 0.375159 0.429562 0.375159 0.631140 0.496564 0.392911 0.494273 0.560130 0.510308 0.374586 0.503436 0.541805 0.627132 0.445597 0.622550 0.516607 0.817257 0.438725 0.821838 0.484538 0.904302 0.450178 1.000000 0.070419 0.029038 0.009688 0.031575 0.559226 0.257401 0.016048 0.030970
0.502929 0.260422 0.519330 0.239335 0.486527 0.241678 0.549790 0.258079 0.465440 0.258079 0.589622 0.375232 0.425608 0.375232 0.634140 0.497071 0.383433 0.497071 0.573221 0.525188 0.385776 0.506443 0.542761 0.625939 0.442009 0.623596 0.514644 0.825099 0.434980 0.829785 0.505272 0.904763 0.449039 1.000000 0.007366 0.032517 0.014176 0.031837 0.473869 0.184054 0.019403 0.033796
0.507093 0.254686 0.523645 0.235771 0.490542 0.235771 0.552018 0.254686 0.466897 0.254686 0.589850 0.375274 0.426701 0.375274 0.627681 0.495862 0.381777 0.495862 0.585121 0.573890 0.384141 0.502956 0.542560 0.625908 0.440888 0.623544 0.523645 0.824523 0.436159 0.836346 0.528374 0.862355 0.450346 1.000000 0.069807 0.028499 0.029136 0.025242 0.255713 0.215932 0.021089 0.023151
0.504139 0.262890 0.523061 0.241604 0.487583 0.241604 0.549078 0.260525 0.466296 0.260525 0.589286 0.376419 0.426088 0.374054 0.624763 0.489948 0.378784 0.492313 0.596381 0.556173 0.381150 0.501774 0.544347 0.624763 0.440279 0.624763 0.539617 0.809248 0.437914 0.835265 0.532521 0.849456 0.452105 1.000000 0.047440 0.024765 0.048822 0.021575 0.225292 0.199098 0.019587 0.004583
0.501172 0.268448 0.519931 0.249689 0.487103 0.249689 0.545724 0.263758 0.466000 0.263758 0.585586 0.376310 0.426138 0.373965 0.623104 0.491207 0.383931 0.484172 0.587931 0.563897 0.374551 0.505276 0.545724 0.624862 0.442552 0.624862 0.529310 0.805415 0.442552 0.833553 0.534000 0.861691 0.456621 1.000000 0.055323 0.021189 0.021761 0.020794 0.243914 0.016704 0.014933 0.028858
0.500589 0.268124 0.519421 0.246938 0.488818 0.246938 0.545316 0.263416 0.467632 0.261062 0.590043 0.376411 0.425258 0.374057 0.623000 0.489407 0.385239 0.494115 0.590043 0.576507 0.373469 0.510593 0.542962 0.625943 0.441737 0.623589 0.517067 0.814268 0.437029 0.835455 0.535900 0.917847 0.458215 1.000000 0.100744 0.039152 0.015866 0.028062 0.205476 0.095015 0.019495 0.036422
0.501166 0.262056 0.522161 0.243394 0.487170 0.243394 0.550155 0.259723 0.463842 0.259723 0.589812 0.376362 0.424185 0.374030 0.610807 0.504666 0.389193 0.497667 0.587479 0.600310 0.379862 0.520995 0.543157 0.625970 0.442847 0.623638 0.510498 0.812593 0.435848 0.833588 0.522161 0.922234 0.456843 1.000000 0.088882 0.042686 0.003671 0.034361 0.127779 0.033327 0.017830 0.044539
0.506930 0.267848 0.525410 0.247059 0.493070 0.249368 0.557749 0.260918 0.467660 0.258608 0.590089 0.378727 0.426081 0.371797 0.603949 0.510395 0.389122 0.491915 0.583159 0.607414 0.379882 0.517325 0.541579 0.625893 0.442251 0.623583 0.511550 0.813001 0.442251 0.829170 0.502310 0.972388 0.456111 1.000000 0.032223 0.022432 0.011033 0.020414 0.100576 0.016002 0.020602 0.050655
0.508169 0.266610 0.526840 0.245605 0.494165 0.245605 0.552513 0.261942 0.468492 0.259608 0.585187 0.378637 0.426482 0.371635 0.603859 0.514003 0.386806 0.488330 0.589855 0.607359 0.377470 0.521005 0.543177 0.626031 0.445153 0.623697 0.515170 0.822078 0.440486 0.831414 0.491831 1.000000 0.454489 1.000000 0.004059 0.030122 0.008374 0.030687 0.091023 0.015737 0.014864 0.038015
0.519532 0.268575 0.536105 0.247268 0.502959 0.249635 0.557412 0.261473 0.474549 0.259105 0.585822 0.379849 0.424831 0.370379 0.600028 0.512429 0.375114 0.491122 0.585822 0.611865 0.375114 0.540840 0.543207 0.626070 0.446139 0.623703 0.512429 0.827309 0.443772 0.832044 0.486387 1.000000 0.455609 1.000000 0.004814 0.023241 0.006244 0.030328 0.079142 0.124334 0.013569 0.044691
0.513672 0.269364 0.532693 0.250342 0.497028 0.250342 0.558848 0.264608 0.470873 0.262231 0.589758 0.378738 0.423319 0.371605 0.613535 0.504755 0.378143 0.485734 0.601646 0.564198 0.373388 0.549932 0.542204 0.626018 0.444719 0.623640 0.513672 0.832877 0.447096 0.835255 0.487517 1.000000 0.456607 1.000000 0.000118 0.012527 0.016845 0.023385 0.122194 0.096438 0.016658 0.047206
0.511878 0.264808 0.530884 0.243427 0.495249 0.245802 0.557016 0.262432 0.471492 0.257681 0.590276 0.378840 0.426354 0.371713 0.614033 0.500000 0.376465 0.480995 0.602154 0.571270 0.371713 0.545138 0.540387 0.625911 0.442984 0.623535 0.511878 0.834971 0.442984 0.834971 0.483370 1.000000 0.457238 1.000000 0.005450 0.026104 0.020281 0.020990 0.114200 0.112785 0.021189 0.043140
0.512771 0.271867 0.529025 0.248647 0.496517 0.250969 0.554566 0.262579 0.470975 0.262579 0.584752 0.378677 0.429180 0.371711 0.614937 0.494776 0.371131 0.480844 0.596362 0.545859 0.368809 0.536571 0.540634 0.627128 0.445434 0.622484 0.512771 0.833783 0.454722 0.833783 0.475619 1.000000 0.468653 0.996321 0.022553 0.013235 0.013278 0.006620 0.191985 0.142351 0.017748 0.056643
0.514099 0.273858 0.532145 0.251300 0.498308 0.253556 0.554703 0.267091 0.475750 0.264835 0.586284 0.379880 0.432891 0.370857 0.608841 0.503948 0.376496 0.483646 0.588539 0.560342 0.374240 0.542296 0.538912 0.625760 0.441914 0.623504 0.514099 0.828780 0.450937 0.828780 0.482518 1.000000 0.482518 0.977661 0.018537 0.052551 0.021871 0.002616 0.167243 0.135347 0.024437 0.052695
0.513409 0.273718 0.531288 0.251369 0.497765 0.253604 0.558107 0.267013 0.475416 0.264778 0.584926 0.378758 0.435188 0.372053 0.598335 0.501676 0.374847 0.488267 0.571516 0.546374 0.392726 0.512851 0.537993 0.626830 0.441893 0.622360 0.508940 0.830204 0.448598 0.832439 0.482121 1.000000 0.484356 0.986646 0.002228 0.062374 0.014350 0.001627 0.206609 0.352595 0.025638 0.055323
0.513668 0.272561 0.533350 0.250692 0.498360 0.252879 0.557406 0.266000 0.474304 0.266000 0.585836 0.379720 0.432752 0.370972 0.601145 0.495626 0.369332 0.486879 0.583649 0.517495 0.456808 0.473757 0.537724 0.626841 0.443687 0.622467 0.509294 0.832411 0.458995 0.836784 0.474304 1.000000 0.472117 1.000000 0.017594 0.002055 0.017462 0.008867 0.256576 0.706761 0.023690 0.066442
0.511126 0.276953 0.530199 0.255760 0.498411 0.255760 0.555629 0.270595 0.477218 0.270595 0.583179 0.380794 0.439073 0.370198 0.578941 0.495232 0.371258 0.476159 0.487815 0.469801 0.436953 0.482516 0.534437 0.626623 0.443311 0.622385 0.509007 0.827949 0.456026 0.830068 0.477218 1.000000 0.472980 0.993247 0.014970 0.013488 0.022310 0.014115 0.574843 0.650509 0.028369 0.059460
0.516658 0.265714 0.536003 0.246370 0.503761 0.248519 0.561796 0.267864 0.480118 0.263565 0.583290 0.381782 0.434980 0.368886 0.596186 0.504299 0.366199 0.480655 0.581140 0.545138 0.439279 0.508598 0.538152 0.626815 0.443578 0.622516 0.508060 0.835308 0.450026 0.835308 0.473670 1.000000 0.469371 1.000000 0.012267 0.027394 0.012360 0.001142 0.145744 0.559350 0.023283 0.055269
0.517897 0.263546 0.535251 0.244022 0.502712 0.246191 0.559114 0.263546 0.478849 0.259207 0.585145 0.380688 0.431125 0.369842 0.609008 0.506508 0.359538 0.489153 0.589484 0.543386 0.431125 0.530370 0.541759 0.625820 0.441971 0.623650 0.511389 0.836242 0.441971 0.836242 0.472341 1.000000 0.463664 0.992432 0.020048 0.043929 0.010134 0.013594 0.214645 0.505735 0.020730 0.045627
0.524418 0.261251 0.541781 0.241717 0.509224 0.241717 0.563486 0.261251 0.483179 0.256910 0.587361 0.382796 0.426747 0.367603 0.611235 0.506511 0.355123 0.476125 0.596042 0.547750 0.398532 0.526045 0.543952 0.625886 0.441940 0.623716 0.517906 0.834249 0.433259 0.829908 0.470156 1.000000 0.474497 0.940601 0.040135 0.126910 0.016665 0.032255 0.173043 0.413522 0.017972 0.026189
0.519904 0.260075 0.537118 0.240708 0.506993 0.240708 0.565092 0.260075 0.479020 0.255771 0.586610 0.382727 0.427377 0.367664 0.621039 0.505379 0.345609 0.475254 0.610280 0.539808 0.399404 0.531201 0.543574 0.625880 0.442439 0.623728 0.519904 0.828149 0.442439 0.823845 0.470413 1.000000 0.476868 0.918525 0.045188 0.111017 0.018680 0.018703 0.183520 0.450620 0.017818 0.037080
0.518276 0.255968 0.533326 0.238767 0.501075 0.238767 0.556977 0.253817 0.477424 0.255968 0.593528 0.382821 0.423673 0.367771 0.630079 0.498925 0.346270 0.464524 0.615029 0.533326 0.387122 0.520426 0.541926 0.627929 0.440873 0.621479 0.522576 0.827885 0.453774 0.814985 0.475274 1.000000 0.473124 0.952589 0.049010 0.023281 0.035340 0.000334 0.228356 0.415656 0.021918 0.051898
0.512837 0.258766 0.529954 0.241650 0.495721 0.241650 0.555628 0.256626 0.474325 0.256626 0.594140 0.382860 0.425116 0.367883 0.645489 0.498395 0.345953 0.459883 0.641210 0.515512 0.384464 0.519791 0.540651 0.628908 0.440093 0.620350 0.521396 0.823607 0.457209 0.802211 0.474325 1.000000 0.463628 0.939142 0.048339 0.014961 0.036758 0.011010 0.211104 0.408034 0.024542 0.061250
0.510744 0.262567 0.527933 0.245377 0.495703 0.243229 0.553718 0.258270 0.469918 0.260418 0.594543 0.382895 0.424795 0.367854 0.646113 0.503223 0.349590 0.458100 0.626774 0.507520 0.375375 0.516115 0.540826 0.629997 0.439836 0.619254 0.521487 0.827679 0.450580 0.797597 0.476364 1.000000 0.448431 0.930817 0.043526 0.024286 0.037097 0.000142 0.559277 0.354267 0.024647 0.050192
0.508707 0.261108 0.526120 0.241518 0.491293 0.243694 0.556594 0.256755 0.471703 0.258931 0.595774 0.383003 0.423816 0.367766 0.645838 0.513604 0.349808 0.450480 0.606658 0.496191 0.375929 0.517958 0.541357 0.628969 0.439053 0.620262 0.519590 0.833578 0.443406 0.794398 0.473880 1.000000 0.445583 0.920646 0.037698 0.002469 0.035570 0.011229 0.749644 0.349897 0.024969 0.041692
0.506683 0.263854 0.524506 0.243803 0.491089 0.243803 0.555695 0.257170 0.471039 0.259398 0.595795 0.379699 0.419799 0.370788 0.647035 0.506683 0.352965 0.462127 0.600251 0.495544 0.373016 0.533417 0.544556 0.626984 0.439849 0.622529 0.524506 0.827486 0.450989 0.800752 0.486633 1.000000 0.457672 0.967837 0.025825 0.007143 0.033310 0.005430 0.696483 0.288344 0.019869 0.051594
0.517482 0.268219 0.533273 0.247917 0.499436 0.247917 0.558086 0.263707 0.474622 0.263707 0.596435 0.381008 0.422740 0.369729 0.646062 0.500564 0.355066 0.455448 0.607713 0.523122 0.370857 0.523122 0.542296 0.626888 0.438530 0.622376 0.521994 0.825396 0.447553 0.811862 0.494924 1.000000 0.454320 0.999091 0.010698 0.003645 0.036544 0.004721 0.455986 0.285690 0.024437 0.047588
0.505520 0.271456 0.523186 0.251582 0.490063 0.253791 0.551892 0.267039 0.467982 0.264831 0.591639 0.379655 0.423819 0.370823 0.646842 0.501104 0.359782 0.454733 0.602679 0.498896 0.381864 0.516561 0.543059 0.626969 0.441484 0.622553 0.518769 0.819079 0.448108 0.812454 0.492271 0.991315 0.454733 0.997939 0.008556 0.000234 0.021705 0.011202 0.651702 0.316684 0.019693 0.051133
0.508755 0.265792 0.526266 0.246092 0.493433 0.248281 0.554721 0.263603 0.469356 0.261414 0.591932 0.379613 0.423390 0.370857 0.644465 0.500000 0.368668 0.469356 0.598499 0.508755 0.383990 0.524077 0.541588 0.626954 0.443090 0.622576 0.513133 0.826140 0.449656 0.821762 0.478111 0.996871 0.454034 1.000000 0.019234 0.003004 0.018748 0.014371 0.571058 0.248316 0.019521 0.055657
0.509067 0.268519 0.526135 0.247185 0.492000 0.249318 0.551736 0.264252 0.468531 0.259986 0.590139 0.377326 0.423729 0.373059 0.643475 0.505334 0.372526 0.477599 0.570938 0.496800 0.387460 0.526668 0.543203 0.626941 0.442930 0.622674 0.515468 0.825353 0.449330 0.823220 0.470665 0.976829 0.468531 1.000000 0.047330 0.021924 0.014954 0.014282 0.662943 0.239016 0.017666 0.054364
0.505290 0.269366 0.522217 0.250323 0.490478 0.250323 0.549724 0.265134 0.467203 0.263018 0.589926 0.377277 0.422769 0.373045 0.642824 0.506348 0.376219 0.485189 0.568767 0.508464 0.391031 0.535970 0.543376 0.626955 0.443928 0.622723 0.515869 0.827966 0.450276 0.827966 0.462972 0.967616 0.467203 1.000000 0.071967 0.018070 0.015382 0.017070 0.614717 0.215574 0.016171 0.053131
0.503627 0.272540 0.522280 0.251814 0.489119 0.253887 0.547150 0.268395 0.466321 0.266322 0.586528 0.376166 0.424871 0.374094 0.644559 0.500518 0.379275 0.486010 0.580311 0.510881 0.385493 0.533679 0.543005 0.626943 0.445596 0.622797 0.513990 0.825906 0.451814 0.823833 0.464249 0.979273 0.464249 1.000000 0.053733 0.011115 0.008603 0.016623 0.588081 0.164432 0.014518 0.055937
0.498972 0.272312 0.515419 0.253809 0.484581 0.255865 0.544201 0.266144 0.464022 0.264089 0.585319 0.375106 0.424961 0.375106 0.646995 0.496402 0.377676 0.490235 0.583263 0.519017 0.385899 0.529296 0.544201 0.625922 0.445519 0.623866 0.513363 0.827398 0.453743 0.825342 0.466078 0.958974 0.464022 1.000000 0.061472 0.003578 0.003376 0.013262 0.541197 0.190096 0.013092 0.061331
0.501015 0.269499 0.517262 0.251222 0.484769 0.253253 0.543663 0.265438 0.464460 0.263407 0.582249 0.375103 0.427905 0.375103 0.645205 0.494923 0.383227 0.486800 0.576157 0.519293 0.383227 0.521324 0.543663 0.626928 0.446183 0.622866 0.517262 0.825950 0.452275 0.827981 0.486800 0.923431 0.460399 1.000000 0.054432 0.003150 0.006416 0.013988 0.545991 0.121119 0.012932 0.051432
0.501549 0.264626 0.518066 0.246043 0.487096 0.248108 0.544907 0.260496 0.462319 0.260496 0.584136 0.376119 0.425155 0.374054 0.650206 0.491741 0.377667 0.483482 0.586201 0.528906 0.379732 0.514453 0.546972 0.625946 0.443737 0.623881 0.526325 0.828285 0.449931 0.832415 0.501549 0.896420 0.458190 1.000000 0.078649 0.002557 0.014639 0.014181 0.497797 0.151517 0.011833 0.041821
