0.426069 0.303058 0.438494 0.285663 0.423584 0.288148 0.480741 0.288148 0.460860 0.290633 0.503106 0.377610 0.485711 0.372640 0.475771 0.506834 0.465830 0.501864 0.386308 0.494409 0.391278 0.499379 0.522987 0.623632 0.488196 0.626117 0.490681 0.814983 0.453405 0.807528 0.649726 0.839834 0.535412 0.986453 0.503902 0.197111 0.078905 0.063434 0.477572 0.462017 0.014243 0.007075
0.425080 0.293344 0.435069 0.278360 0.422582 0.280858 0.477524 0.283355 0.462540 0.285852 0.490011 0.375757 0.482519 0.375757 0.417588 0.505619 0.432572 0.520603 0.355154 0.450677 0.365143 0.453175 0.529968 0.625492 0.497503 0.622994 0.519979 0.822782 0.427577 0.792814 0.599894 1.000000 0.589905 0.860242 0.141475 0.499016 0.066605 0.143602 0.567776 0.644302 0.035048 0.108231
0.412935 0.298937 0.425463 0.281399 0.415441 0.283904 0.470561 0.283904 0.475572 0.288915 0.455528 0.376606 0.525681 0.374101 0.382870 0.509395 0.608361 0.476825 0.352804 0.421705 0.528186 0.514406 0.520670 0.624646 0.498121 0.624646 0.568274 0.827588 0.390386 0.767457 0.676008 1.000000 0.525681 0.885214 0.102004 0.477750 0.008411 0.170851 0.735496 0.576194 0.023948 0.279064
0.419591 0.305626 0.429721 0.290430 0.419591 0.290430 0.472775 0.292963 0.480373 0.295496 0.447449 0.376538 0.536089 0.374005 0.366407 0.500633 0.637392 0.452514 0.358810 0.404396 0.563947 0.505698 0.523426 0.624729 0.493035 0.624729 0.596871 0.822269 0.381603 0.781748 0.720966 0.997015 0.460112 0.959027 0.083252 0.329161 0.018746 0.142327 0.790772 0.590637 0.020975 0.309763
0.416941 0.307067 0.427405 0.291370 0.416941 0.291370 0.471878 0.291370 0.487574 0.296603 0.448333 0.375084 0.542511 0.375084 0.354156 0.498038 0.652385 0.448333 0.356772 0.398628 0.568671 0.508502 0.516350 0.623608 0.492806 0.626224 0.605296 0.835508 0.382932 0.801499 0.775339 0.984622 0.396012 1.000000 0.144341 0.197387 0.041468 0.116039 0.800316 0.614462 0.011661 0.304736
0.414327 0.302088 0.424953 0.286149 0.411670 0.288806 0.464801 0.286149 0.488710 0.291462 0.440892 0.376471 0.547153 0.373815 0.361196 0.506641 0.648102 0.456167 0.353227 0.411006 0.555123 0.506641 0.504649 0.623529 0.507305 0.626185 0.592314 0.846677 0.398388 0.822769 0.791554 0.939656 0.366509 1.000000 0.241863 0.117419 0.038764 0.111201 0.798664 0.623873 0.015227 0.280203
0.417774 0.299938 0.428133 0.284399 0.417774 0.286989 0.469570 0.284399 0.490288 0.289578 0.454031 0.372452 0.539495 0.377632 0.391876 0.512302 0.624958 0.470865 0.358208 0.444967 0.531725 0.504532 0.505827 0.623663 0.500647 0.626253 0.573162 0.838617 0.420364 0.817899 0.767397 0.859335 0.397055 1.000000 0.369545 0.093464 0.031906 0.076939 0.719291 0.625862 0.008245 0.222906
0.421044 0.299191 0.430992 0.281784 0.421044 0.284271 0.470780 0.284271 0.485701 0.289244 0.470780 0.376282 0.523003 0.373795 0.426018 0.513056 0.557818 0.495648 0.368822 0.483214 0.453373 0.495648 0.510569 0.624961 0.495648 0.624961 0.532950 0.818931 0.448399 0.818931 0.702052 0.806497 0.458346 1.000000 0.486797 0.091958 0.013936 0.041524 0.552394 0.588586 0.007917 0.112622
0.424264 0.292037 0.434197 0.277138 0.424264 0.279621 0.478893 0.279621 0.473927 0.287071 0.483860 0.373981 0.501242 0.376464 0.501242 0.498138 0.533522 0.508070 0.409365 0.522969 0.429230 0.520486 0.516140 0.622295 0.498758 0.627261 0.463994 0.808530 0.459028 0.820946 0.635331 0.798598 0.518624 1.000000 0.605334 0.162982 0.128051 0.061249 0.460253 0.538848 0.018981 0.022500
0.412582 0.296235 0.425160 0.278626 0.412582 0.281142 0.465410 0.283657 0.462895 0.291204 0.475473 0.371704 0.483020 0.381766 0.520754 0.472328 0.465410 0.505031 0.455348 0.545281 0.400004 0.479875 0.505660 0.623265 0.535847 0.623265 0.400004 0.809420 0.508176 0.832061 0.588675 0.819483 0.586160 1.000000 0.647361 0.168218 0.202337 0.110492 0.367253 0.571708 0.053095 0.122380
0.410695 0.302165 0.423098 0.284800 0.408214 0.287280 0.462790 0.289761 0.455348 0.292242 0.482635 0.371624 0.477674 0.381547 0.564498 0.446045 0.437983 0.508062 0.514884 0.517985 0.371004 0.446045 0.495039 0.622174 0.544653 0.624655 0.363562 0.771016 0.547133 0.815668 0.512403 0.880166 0.651322 0.991798 0.528897 0.165902 0.246052 0.081441 0.457326 0.640997 0.050751 0.234441
0.411422 0.296527 0.426827 0.278555 0.411422 0.281122 0.475609 0.286257 0.452502 0.288825 0.498716 0.368417 0.467906 0.383821 0.596281 0.419766 0.421692 0.504493 0.537228 0.512196 0.362640 0.430036 0.496149 0.622597 0.537228 0.625165 0.360072 0.776646 0.596281 0.822861 0.457637 0.948667 0.711817 0.994882 0.394531 0.095867 0.227092 0.003360 0.526753 0.670145 0.042625 0.322701
0.417199 0.297169 0.430036 0.279197 0.414631 0.284332 0.476251 0.281764 0.453143 0.292034 0.509628 0.363924 0.468548 0.387031 0.612327 0.415273 0.396659 0.497433 0.545573 0.505135 0.358147 0.412706 0.486521 0.623239 0.535303 0.625807 0.360714 0.795260 0.604625 0.818368 0.396659 1.000000 0.748404 0.954444 0.253566 0.148765 0.172708 0.023220 0.555789 0.680474 0.027822 0.310992
0.419158 0.300055 0.429032 0.285245 0.416690 0.287713 0.475933 0.285245 0.458653 0.295119 0.505554 0.364235 0.475933 0.386451 0.594418 0.428415 0.409284 0.495063 0.532707 0.500000 0.362384 0.418541 0.485806 0.623423 0.532707 0.625891 0.387068 0.796214 0.579608 0.808556 0.374726 1.000000 0.752399 0.894952 0.146325 0.272416 0.141044 0.005894 0.527366 0.649783 0.023594 0.245249
0.420013 0.295110 0.432319 0.277882 0.420013 0.280343 0.479080 0.280343 0.461852 0.287726 0.508614 0.368944 0.481541 0.381250 0.570143 0.455084 0.442163 0.504307 0.501231 0.499385 0.370790 0.442778 0.488925 0.624903 0.520920 0.624903 0.407707 0.802105 0.557837 0.809489 0.395401 1.000000 0.737500 0.843945 0.117412 0.376854 0.112360 0.011829 0.515569 0.627883 0.012538 0.199630
0.421889 0.310047 0.433724 0.293478 0.421889 0.295845 0.476330 0.293478 0.471596 0.300579 0.492899 0.373957 0.495266 0.376324 0.511835 0.504142 0.469229 0.492307 0.414788 0.497041 0.395851 0.468637 0.495266 0.627227 0.516569 0.622493 0.433724 0.811854 0.523670 0.804753 0.445559 1.000000 0.684627 0.807120 0.122040 0.482924 0.105391 0.015082 0.569227 0.529034 0.015074 0.114812
0.423302 0.307038 0.433041 0.289994 0.423302 0.292428 0.474434 0.289994 0.476869 0.297298 0.491478 0.377648 0.493913 0.372779 0.489043 0.506696 0.474434 0.501826 0.394084 0.506696 0.398953 0.506696 0.503652 0.626004 0.510957 0.623569 0.459825 0.815923 0.486608 0.801314 0.515827 1.000000 0.642439 0.811053 0.162372 0.523466 0.087783 0.064934 0.493995 0.431805 0.018612 0.028858
0.420117 0.288656 0.430181 0.271044 0.420117 0.273560 0.462889 0.281108 0.480501 0.283624 0.472953 0.374200 0.505661 0.376716 0.417601 0.515096 0.563529 0.497484 0.349669 0.462260 0.455341 0.507548 0.513209 0.625800 0.508177 0.623284 0.500629 0.819532 0.427665 0.791856 0.593721 1.000000 0.578625 0.882431 0.160064 0.469811 0.071142 0.145080 0.591262 0.612709 0.027263 0.121191
0.416835 0.291776 0.426840 0.276769 0.416835 0.276769 0.466859 0.281771 0.484368 0.286774 0.456854 0.376816 0.519384 0.374315 0.399327 0.506878 0.596921 0.474363 0.346802 0.444349 0.526888 0.516883 0.514382 0.626935 0.509379 0.621933 0.551900 0.822028 0.396826 0.772004 0.666954 1.000000 0.524387 0.877054 0.120492 0.485541 0.011485 0.191979 0.645053 0.536178 0.030300 0.265308
0.418709 0.290216 0.429198 0.274482 0.421331 0.274482 0.468532 0.282349 0.500000 0.287594 0.439687 0.368885 0.539334 0.381997 0.379374 0.510489 0.636359 0.463288 0.345284 0.426576 0.560313 0.515734 0.515734 0.623248 0.505245 0.625870 0.594403 0.830409 0.374130 0.780586 0.728140 1.000000 0.471155 0.953657 0.084899 0.386417 0.023051 0.179569 0.749001 0.585834 0.026742 0.339300
0.417507 0.293442 0.427899 0.280451 0.420105 0.280451 0.466873 0.285647 0.500650 0.290843 0.438292 0.371388 0.544819 0.379183 0.368140 0.503897 0.648748 0.451933 0.352551 0.418156 0.565605 0.509094 0.513641 0.623415 0.503248 0.626014 0.596784 0.826076 0.373337 0.787103 0.763070 0.974175 0.409712 1.000000 0.144471 0.268593 0.031451 0.162913 0.787766 0.613886 0.021520 0.339948
0.417231 0.289739 0.427910 0.273719 0.419901 0.276389 0.467960 0.281729 0.500000 0.287069 0.435920 0.372508 0.550730 0.377848 0.371841 0.508677 0.654859 0.455278 0.350481 0.431248 0.566750 0.511347 0.505340 0.623487 0.508010 0.626157 0.596119 0.839755 0.390531 0.810385 0.788358 0.943884 0.358491 1.000000 0.215482 0.137064 0.040606 0.126462 0.774315 0.616082 0.017005 0.307196
0.412093 0.284354 0.423082 0.270618 0.412093 0.270618 0.467035 0.270618 0.497253 0.278859 0.442311 0.372260 0.554942 0.377755 0.381875 0.526097 0.642848 0.473903 0.343416 0.460167 0.541206 0.515109 0.494506 0.622245 0.508241 0.627740 0.579666 0.853001 0.401105 0.836518 0.793938 0.902448 0.365393 1.000000 0.315272 0.105254 0.047017 0.092130 0.712755 0.613157 0.003497 0.263453
0.428117 0.286943 0.438479 0.271401 0.430708 0.273991 0.479925 0.273991 0.500648 0.281762 0.466973 0.375015 0.536913 0.375015 0.417756 0.520075 0.617214 0.483810 0.355587 0.488991 0.536913 0.507123 0.503238 0.623690 0.492876 0.626280 0.549864 0.838690 0.420346 0.815376 0.744141 0.830919 0.435889 1.000000 0.444747 0.138754 0.021883 0.061357 0.543465 0.612454 0.004948 0.184561
0.426048 0.280762 0.436519 0.267673 0.428666 0.267673 0.478403 0.275527 0.494110 0.280762 0.473168 0.375002 0.525523 0.375002 0.462697 0.521597 0.556936 0.524214 0.373693 0.532068 0.449608 0.524214 0.501963 0.623689 0.499346 0.626307 0.486257 0.840964 0.444373 0.835728 0.677354 0.830493 0.494110 1.000000 0.540395 0.157769 0.059664 0.048674 0.440025 0.566048 0.001669 0.058742
0.416030 0.290076 0.428753 0.274808 0.418575 0.274808 0.466921 0.279898 0.479644 0.287531 0.474555 0.376590 0.507634 0.374045 0.492366 0.508906 0.489822 0.508906 0.416030 0.554708 0.405852 0.452926 0.500000 0.625955 0.517812 0.623410 0.428753 0.832062 0.479644 0.842240 0.617049 0.849874 0.550891 1.000000 0.575919 0.170108 0.138308 0.067951 0.370573 0.645368 0.022698 0.050974
0.412934 0.294774 0.427860 0.279848 0.415422 0.279848 0.472636 0.284823 0.470149 0.289798 0.480099 0.374377 0.495025 0.376864 0.529851 0.483831 0.465174 0.506219 0.447761 0.553483 0.390546 0.476368 0.485074 0.625623 0.539801 0.623136 0.373133 0.804730 0.522388 0.827119 0.534826 0.884333 0.621892 1.000000 0.532189 0.188522 0.184110 0.084356 0.411833 0.548927 0.031726 0.150701
0.419999 0.289437 0.432799 0.271517 0.419999 0.274077 0.476320 0.279197 0.476320 0.284317 0.496800 0.371358 0.489120 0.379038 0.571041 0.468640 0.460959 0.507040 0.486560 0.537760 0.389279 0.455839 0.484000 0.624802 0.530080 0.624802 0.363678 0.798884 0.558241 0.819364 0.486560 0.949926 0.681122 1.000000 0.409898 0.141414 0.176445 0.006815 0.489222 0.628501 0.017937 0.238261
0.426550 0.288671 0.442013 0.273208 0.429127 0.275785 0.493557 0.280939 0.472940 0.288671 0.506443 0.368564 0.496134 0.381450 0.594067 0.453611 0.449745 0.507732 0.506443 0.528349 0.382738 0.440725 0.472940 0.626282 0.524483 0.623705 0.362121 0.806685 0.583758 0.816993 0.416242 1.000000 0.728081 0.971624 0.255147 0.144311 0.134194 0.057636 0.529960 0.637941 0.003282 0.270060
0.430416 0.289960 0.445879 0.274497 0.430416 0.277074 0.492268 0.277074 0.476805 0.287382 0.512886 0.367275 0.489691 0.382738 0.597933 0.449745 0.445879 0.501289 0.510309 0.521906 0.384027 0.439436 0.476805 0.624993 0.520617 0.624993 0.378872 0.813128 0.585047 0.823436 0.363409 1.000000 0.755141 0.939410 0.130855 0.209588 0.108497 0.059513 0.535605 0.637319 0.003282 0.252703
0.428663 0.295457 0.441289 0.280306 0.431188 0.282831 0.484217 0.285356 0.486743 0.292932 0.506944 0.368689 0.494318 0.381315 0.577651 0.464647 0.456440 0.502525 0.499369 0.510101 0.388259 0.457071 0.476642 0.626261 0.522096 0.623736 0.385734 0.823228 0.559974 0.818178 0.350381 1.000000 0.741790 0.888884 0.084449 0.320700 0.100363 0.024927 0.534683 0.590756 0.001605 0.198881
0.434083 0.300383 0.449008 0.285458 0.434083 0.285458 0.493781 0.290433 0.478857 0.292921 0.501244 0.372519 0.501244 0.377494 0.548505 0.484453 0.491294 0.499378 0.444033 0.519278 0.409208 0.489428 0.481344 0.623750 0.516168 0.626238 0.396771 0.817770 0.536068 0.822745 0.389309 1.000000 0.720138 0.840157 0.119346 0.437855 0.105686 0.013049 0.524753 0.512469 0.003167 0.162970
0.486013 0.284114 0.498176 0.276816 0.495743 0.276816 0.515203 0.301141 0.549259 0.308439 0.500608 0.383847 0.517636 0.366819 0.481148 0.500608 0.449525 0.288979 0.400875 0.505473 0.444660 0.228166 0.473850 0.627099 0.507906 0.622234 0.410605 0.804673 0.495743 0.799808 0.454390 0.991977 0.653857 0.814403 0.182009 0.492469 0.074038 0.009648 0.428164 0.203400 0.023250 0.087144
0.429171 0.292528 0.439200 0.274977 0.429171 0.277484 0.479315 0.277484 0.499373 0.282499 0.486837 0.377773 0.529460 0.372759 0.451736 0.518177 0.534474 0.515670 0.371505 0.490598 0.414128 0.510656 0.479315 0.625988 0.504388 0.623480 0.446722 0.831580 0.449229 0.806507 0.526953 1.000000 0.607184 0.844116 0.179965 0.518771 0.040404 0.061448 0.527412 0.524419 0.020764 0.043126
0.429662 0.288359 0.442223 0.270775 0.432175 0.273287 0.484928 0.275799 0.505024 0.278311 0.469855 0.378793 0.535169 0.371257 0.402030 0.511932 0.557777 0.501884 0.359325 0.449131 0.459807 0.491836 0.500000 0.624975 0.494976 0.624975 0.487440 0.820915 0.404542 0.800819 0.587922 1.000000 0.575362 0.873668 0.178116 0.522885 0.059160 0.101191 0.659936 0.587085 0.006397 0.130824
0.429381 0.283567 0.442459 0.267874 0.431997 0.267874 0.481691 0.280951 0.502616 0.280951 0.463383 0.375109 0.547079 0.375109 0.374456 0.500654 0.625544 0.487576 0.353532 0.427420 0.534002 0.524193 0.494769 0.626198 0.494769 0.623583 0.526155 0.830208 0.377071 0.801437 0.659546 1.000000 0.497384 0.953137 0.139542 0.399518 0.009007 0.120036 0.715241 0.572784 0.013325 0.234674
0.432987 0.293106 0.445999 0.277492 0.432987 0.277492 0.487638 0.285299 0.503253 0.287901 0.453807 0.373782 0.555302 0.376384 0.362721 0.490891 0.648990 0.477879 0.365324 0.410216 0.555302 0.519518 0.498048 0.626218 0.492843 0.623616 0.565712 0.842221 0.367926 0.800582 0.698436 1.000000 0.425180 1.000000 0.112783 0.280071 0.041404 0.116886 0.799848 0.604149 0.011600 0.292283
0.433627 0.293652 0.446770 0.277881 0.433627 0.277881 0.488828 0.280509 0.512486 0.291024 0.449399 0.372511 0.562430 0.377769 0.360025 0.490800 0.651803 0.472399 0.378426 0.393540 0.559801 0.524972 0.494086 0.624860 0.494086 0.624860 0.565059 0.845665 0.381054 0.808864 0.741177 0.977097 0.354768 1.000000 0.196935 0.139728 0.043205 0.089448 0.853556 0.575659 0.015067 0.274337
0.442677 0.288540 0.452867 0.273254 0.442677 0.273254 0.491083 0.275802 0.519108 0.288540 0.452867 0.370067 0.559871 0.380258 0.376436 0.489809 0.641398 0.471975 0.381532 0.400639 0.552228 0.515286 0.493631 0.622290 0.493631 0.627385 0.562419 0.831202 0.401913 0.815916 0.753497 0.912728 0.348411 1.000000 0.270381 0.064321 0.050247 0.060763 0.837336 0.587372 0.016226 0.245374
0.440819 0.283639 0.448455 0.268366 0.443364 0.268366 0.484091 0.273457 0.524818 0.281093 0.458637 0.370183 0.557908 0.380365 0.389910 0.494909 0.624090 0.484727 0.364456 0.423637 0.529909 0.512727 0.489182 0.622181 0.494273 0.627271 0.535000 0.825815 0.417910 0.815633 0.723361 0.861451 0.384819 1.000000 0.370036 0.073725 0.032051 0.042308 0.730503 0.587909 0.021081 0.193046
0.438855 0.282171 0.449046 0.266885 0.443950 0.269433 0.487261 0.277076 0.522929 0.279623 0.461784 0.371341 0.550954 0.378984 0.410830 0.506369 0.594265 0.498726 0.362424 0.460511 0.479618 0.496178 0.482166 0.623564 0.505095 0.626112 0.489809 0.837571 0.428664 0.822285 0.663053 0.840119 0.426117 1.000000 0.483956 0.114376 0.014303 0.059854 0.626541 0.617546 0.016226 0.129621
0.438492 0.282211 0.448534 0.269658 0.446023 0.269658 0.486192 0.277190 0.528871 0.282211 0.473639 0.372590 0.536403 0.377611 0.458576 0.505649 0.536403 0.515691 0.373218 0.508159 0.420918 0.510670 0.486192 0.623644 0.503766 0.626154 0.425939 0.829508 0.438492 0.829508 0.611719 0.837039 0.481171 1.000000 0.577735 0.167174 0.106535 0.057306 0.454758 0.513831 0.012789 0.008234
0.423382 0.290657 0.433034 0.276178 0.428208 0.278591 0.469232 0.281004 0.505430 0.288244 0.469232 0.375118 0.519909 0.375118 0.488537 0.481298 0.512669 0.469232 0.413729 0.534388 0.423382 0.493364 0.483711 0.621262 0.527148 0.628502 0.384771 0.802251 0.471645 0.828796 0.551280 0.852927 0.534388 1.000000 0.565202 0.194959 0.177947 0.095139 0.360791 0.391540 0.013831 0.073197
0.416488 0.293354 0.426241 0.278724 0.418927 0.281163 0.462816 0.283601 0.499390 0.286039 0.479884 0.376256 0.514020 0.373818 0.514020 0.478665 0.450624 0.495733 0.445748 0.544499 0.377475 0.466473 0.475007 0.624963 0.531088 0.624963 0.355531 0.776137 0.511582 0.824903 0.472569 0.905367 0.606676 0.998023 0.447144 0.190844 0.206649 0.052556 0.358203 0.468483 0.007763 0.181933
0.453022 0.357258 0.471090 0.339190 0.442181 0.335576 0.521682 0.331962 0.449408 0.317508 0.525296 0.371713 0.456635 0.378941 0.590343 0.331962 0.384361 0.407850 0.550592 0.252461 0.330155 0.331962 0.474704 0.621059 0.543365 0.628287 0.297632 0.816200 0.593957 0.881247 0.398816 1.000000 0.738505 1.000000 0.352619 0.110603 0.170841 0.043717 0.472975 0.423687 0.023026 0.297393
0.411014 0.274264 0.421483 0.255944 0.411014 0.258561 0.465976 0.266412 0.494766 0.266412 0.505234 0.376336 0.500000 0.373719 0.544493 0.460087 0.418866 0.486260 0.484297 0.501963 0.361287 0.410360 0.463359 0.624973 0.531407 0.624973 0.345584 0.808178 0.565431 0.826499 0.353435 1.000000 0.698909 0.988767 0.193226 0.165873 0.128751 0.013655 0.446057 0.594591 0.006666 0.235101
0.423635 0.289209 0.436258 0.274062 0.423635 0.276586 0.479173 0.284160 0.479173 0.286684 0.501893 0.369991 0.491796 0.380089 0.572578 0.433102 0.433733 0.481067 0.496844 0.493689 0.373147 0.417955 0.476649 0.624960 0.529662 0.624960 0.375671 0.811769 0.567529 0.821867 0.342853 1.000000 0.721520 0.953138 0.110525 0.214824 0.126326 0.011639 0.553222 0.590390 0.008037 0.218214
0.418288 0.282103 0.429559 0.270832 0.429559 0.270832 0.455857 0.297130 0.515967 0.289616 0.440830 0.379781 0.527237 0.372267 0.376963 0.360997 0.478398 0.334699 0.313097 0.270832 0.376963 0.282103 0.470884 0.627733 0.561049 0.620219 0.346908 0.879442 0.579833 0.871928 0.298069 1.000000 0.824028 1.000000 0.095023 0.311568 0.184073 0.019429 0.212774 0.056450 0.040770 0.169388
0.440095 0.301276 0.451615 0.285147 0.442399 0.287451 0.481568 0.292060 0.488480 0.296668 0.506912 0.370397 0.490784 0.379613 0.534561 0.471775 0.451615 0.487904 0.449311 0.506336 0.403230 0.455647 0.488480 0.626147 0.513824 0.623843 0.428574 0.808167 0.532257 0.801255 0.426270 0.997099 0.698148 0.849640 0.097324 0.376713 0.078304 0.003009 0.462151 0.576694 0.002934 0.134159
0.429073 0.302916 0.438375 0.286637 0.431398 0.288963 0.473257 0.288963 0.494186 0.293614 0.494186 0.377331 0.503488 0.372680 0.496512 0.488954 0.463955 0.486628 0.412794 0.500581 0.405818 0.495930 0.491861 0.626157 0.510465 0.623832 0.440700 0.802894 0.491861 0.798243 0.477908 0.986607 0.649994 0.821498 0.153298 0.487348 0.086716 0.042665 0.462702 0.343200 0.002962 0.055866
