0.470326 0.284001 0.486888 0.264679 0.456524 0.267439 0.520013 0.270199 0.442722 0.275720 0.577980 0.372333 0.412358 0.377854 0.635948 0.485508 0.373713 0.493789 0.627667 0.593162 0.395796 0.584881 0.555897 0.623526 0.453764 0.626287 0.558658 0.789148 0.470326 0.794669 0.575220 0.940969 0.506211 0.938208 0.029283 0.046770 0.033216 0.021360 0.175111 0.178122 0.012304 0.025904
0.469304 0.280247 0.486047 0.263504 0.455352 0.266295 0.519534 0.269085 0.441399 0.274666 0.578134 0.372334 0.410704 0.377915 0.639526 0.481164 0.371637 0.489536 0.631154 0.589994 0.399542 0.581622 0.558601 0.623480 0.452561 0.626271 0.558601 0.793701 0.469304 0.796492 0.566972 0.930436 0.508372 0.938808 0.019464 0.054070 0.024708 0.021940 0.187923 0.200825 0.014217 0.031209
0.469304 0.283038 0.486047 0.266295 0.455352 0.269085 0.519534 0.271876 0.441399 0.274666 0.578134 0.372334 0.410704 0.377915 0.642316 0.475583 0.368846 0.489536 0.631154 0.581622 0.402332 0.576041 0.558601 0.623480 0.452561 0.626271 0.555810 0.799282 0.469304 0.799282 0.564182 0.944389 0.511162 0.938808 0.023396 0.062065 0.019655 0.022440 0.210417 0.231763 0.014217 0.035761
0.469304 0.283038 0.486047 0.266295 0.455352 0.266295 0.519534 0.271876 0.441399 0.274666 0.578134 0.372334 0.410704 0.377915 0.645107 0.470002 0.366055 0.486745 0.631154 0.573251 0.402332 0.564879 0.558601 0.623480 0.452561 0.626271 0.553020 0.799282 0.472095 0.796492 0.558601 0.955551 0.511162 0.938808 0.021465 0.048910 0.014606 0.016780 0.234084 0.262283 0.014217 0.046470
0.469656 0.281950 0.486592 0.265014 0.455543 0.265014 0.523287 0.270660 0.441430 0.273482 0.579740 0.372275 0.410381 0.377920 0.650306 0.468245 0.368041 0.485181 0.636193 0.572683 0.396268 0.547279 0.557159 0.623491 0.452721 0.626314 0.554336 0.801318 0.472479 0.798495 0.554336 0.959387 0.514819 0.942451 0.005052 0.054685 0.023483 0.017373 0.244572 0.255472 0.012582 0.041420
0.468261 0.282061 0.485189 0.265134 0.454155 0.267955 0.521864 0.270776 0.440049 0.276419 0.578289 0.372340 0.409016 0.377982 0.648819 0.468261 0.366698 0.482367 0.631892 0.569825 0.394910 0.541613 0.558540 0.623428 0.454155 0.626249 0.550077 0.803986 0.473904 0.801165 0.550077 0.956331 0.513401 0.939404 0.014910 0.052799 0.010075 0.021462 0.254384 0.264062 0.016171 0.050697
0.467909 0.283038 0.484652 0.266295 0.453957 0.269085 0.520929 0.271876 0.440004 0.277457 0.576739 0.372334 0.412099 0.377915 0.649292 0.464421 0.364660 0.478374 0.629759 0.564879 0.395356 0.531393 0.557205 0.623480 0.453957 0.626271 0.548834 0.799282 0.476281 0.799282 0.546043 0.952760 0.509767 0.924855 0.009360 0.042106 0.009561 0.012302 0.273541 0.307479 0.014217 0.055993
0.467402 0.284991 0.486822 0.268345 0.453530 0.268345 0.520114 0.271119 0.439659 0.276668 0.578374 0.373769 0.409141 0.376543 0.647732 0.465321 0.364752 0.479193 0.628312 0.562422 0.400818 0.529130 0.558954 0.623457 0.453530 0.626231 0.545083 0.801013 0.475725 0.801013 0.542308 0.950826 0.511791 0.920308 0.018924 0.053247 0.000131 0.015798 0.269203 0.329016 0.015902 0.065023
0.467744 0.287245 0.486960 0.268029 0.454018 0.270774 0.522648 0.273519 0.443037 0.279010 0.577553 0.372347 0.412839 0.377838 0.646183 0.462940 0.366170 0.479411 0.629712 0.559022 0.399113 0.512353 0.555591 0.624908 0.454018 0.624908 0.544610 0.803347 0.473234 0.797857 0.541865 0.957080 0.511667 0.915901 0.013880 0.064967 0.008046 0.017345 0.260413 0.387094 0.012237 0.054787
0.471483 0.289514 0.487778 0.273218 0.455187 0.273218 0.520370 0.275934 0.444323 0.281366 0.577404 0.373708 0.414448 0.376424 0.645303 0.466051 0.370992 0.479630 0.629008 0.561109 0.403584 0.506790 0.555677 0.623576 0.452471 0.626292 0.542097 0.800112 0.468767 0.794680 0.539381 0.954921 0.509506 0.908750 0.018853 0.078479 0.003172 0.017361 0.255858 0.405712 0.010376 0.055146
0.470650 0.289089 0.487031 0.272707 0.454268 0.275437 0.522525 0.278168 0.443347 0.280898 0.577129 0.373726 0.413315 0.376456 0.645386 0.466555 0.375091 0.482936 0.631734 0.564843 0.405124 0.504778 0.555287 0.624909 0.454268 0.624909 0.541636 0.802374 0.465189 0.796914 0.536176 0.957998 0.506143 0.906124 0.013273 0.094017 0.003172 0.031818 0.245744 0.409553 0.012170 0.044620
0.470957 0.292643 0.487167 0.273731 0.454746 0.276433 0.522289 0.279135 0.443939 0.284538 0.579025 0.373695 0.414221 0.376396 0.643866 0.468255 0.376396 0.479062 0.630358 0.568218 0.400712 0.500675 0.554710 0.624954 0.452045 0.624954 0.541201 0.800566 0.460150 0.797864 0.538499 0.949160 0.506079 0.895126 0.018651 0.125522 0.006271 0.033160 0.234084 0.381063 0.008601 0.039347
0.470437 0.290371 0.486562 0.274246 0.456999 0.276933 0.521500 0.276933 0.443561 0.282308 0.577939 0.373685 0.416686 0.376373 0.642440 0.465062 0.376373 0.473125 0.629002 0.567189 0.397873 0.494625 0.553751 0.626315 0.451624 0.623627 0.540313 0.798318 0.454312 0.790255 0.537626 0.943446 0.502688 0.881632 0.018924 0.149851 0.005566 0.039549 0.237297 0.375666 0.006844 0.029951
0.470595 0.290823 0.486634 0.274784 0.454556 0.277457 0.518712 0.277457 0.443863 0.285477 0.577522 0.373692 0.417131 0.376365 0.641679 0.469927 0.377033 0.472600 0.628313 0.568835 0.398419 0.493985 0.553464 0.624971 0.451883 0.624971 0.537425 0.796055 0.449209 0.790709 0.537425 0.935061 0.500000 0.878924 0.029754 0.171420 0.000625 0.049342 0.229923 0.375666 0.006807 0.024621
0.466585 0.288150 0.482624 0.272111 0.453219 0.274784 0.520049 0.277457 0.442527 0.282804 0.578859 0.373692 0.415795 0.376365 0.643015 0.469927 0.375697 0.472600 0.626976 0.571508 0.415795 0.504678 0.554800 0.624971 0.450546 0.624971 0.536088 0.793382 0.442527 0.790709 0.538761 0.932388 0.495990 0.868231 0.041344 0.207569 0.004840 0.059598 0.237015 0.410889 0.006807 0.019833
0.467749 0.284996 0.483875 0.268871 0.454312 0.271558 0.518813 0.274246 0.440874 0.279621 0.577939 0.373685 0.416686 0.376373 0.642440 0.473125 0.381748 0.473125 0.626315 0.575251 0.405936 0.500000 0.553751 0.626315 0.451624 0.623627 0.540313 0.790255 0.438186 0.784880 0.540313 0.921945 0.494625 0.860132 0.026033 0.231297 0.004351 0.071147 0.233011 0.343569 0.006844 0.000434
0.467250 0.286792 0.483291 0.270751 0.453883 0.273425 0.520719 0.273425 0.443189 0.281445 0.576862 0.375016 0.419128 0.375016 0.641025 0.481954 0.384373 0.476607 0.619637 0.580872 0.416455 0.519383 0.552801 0.626321 0.451209 0.623647 0.542107 0.792075 0.429822 0.781381 0.542107 0.917727 0.488638 0.853564 0.020508 0.260530 0.009876 0.083746 0.239801 0.309755 0.005106 0.022391
0.467749 0.284996 0.483875 0.268871 0.454312 0.271558 0.518813 0.271558 0.440874 0.276933 0.575251 0.376373 0.419373 0.373685 0.642440 0.483875 0.389810 0.470437 0.610190 0.580627 0.400561 0.508063 0.553751 0.626315 0.451624 0.623627 0.543001 0.798318 0.427436 0.784880 0.543001 0.919258 0.486562 0.854757 0.019869 0.270928 0.007446 0.088240 0.280224 0.182979 0.006844 0.027525
0.468754 0.285932 0.484709 0.269976 0.455458 0.269976 0.519279 0.272635 0.442162 0.277954 0.575123 0.376346 0.420888 0.373686 0.638945 0.488033 0.396955 0.474737 0.596397 0.581107 0.404932 0.517285 0.553850 0.626314 0.450139 0.623654 0.545872 0.796505 0.423547 0.777890 0.545872 0.916170 0.482050 0.847030 0.014910 0.277882 0.012116 0.091427 0.301734 0.133023 0.005080 0.039437
0.468754 0.285932 0.484709 0.269976 0.452799 0.269976 0.519279 0.272635 0.442162 0.277954 0.575123 0.376346 0.420888 0.373686 0.636286 0.488033 0.396955 0.477396 0.588420 0.567811 0.402273 0.519944 0.553850 0.626314 0.450139 0.623654 0.548531 0.791186 0.423547 0.775231 0.548531 0.910852 0.479391 0.849689 0.010264 0.260114 0.016761 0.092362 0.331498 0.111776 0.005080 0.045017
0.467246 0.284094 0.483289 0.268051 0.453878 0.268051 0.520722 0.270725 0.440509 0.276073 0.576871 0.375002 0.421793 0.375002 0.635693 0.492647 0.400402 0.481952 0.571523 0.559491 0.400402 0.527406 0.552807 0.626335 0.448530 0.623661 0.550133 0.794782 0.421793 0.778739 0.552807 0.912427 0.477941 0.858952 0.012285 0.248747 0.025332 0.088443 0.391088 0.062833 0.001701 0.049295
0.467421 0.285907 0.483378 0.269950 0.454123 0.269950 0.520611 0.275269 0.443485 0.277929 0.576462 0.373672 0.422209 0.376332 0.634971 0.490692 0.408911 0.485373 0.568483 0.546542 0.403592 0.538563 0.552526 0.626328 0.448804 0.623668 0.555185 0.796538 0.424868 0.783241 0.555185 0.918877 0.475399 0.871005 0.004973 0.213679 0.035039 0.081489 0.425193 0.006902 0.001692 0.052366
0.467070 0.283605 0.483199 0.267476 0.453630 0.270165 0.520833 0.272853 0.442877 0.278229 0.577284 0.375002 0.421372 0.375002 0.639111 0.487903 0.407931 0.490592 0.563843 0.533602 0.413308 0.514785 0.553091 0.624998 0.448253 0.624998 0.558467 0.797039 0.426748 0.788974 0.558467 0.928757 0.475135 0.893812 0.009944 0.179148 0.040652 0.075604 0.485790 0.106452 0.001711 0.051453
0.466755 0.285904 0.482713 0.269947 0.453457 0.272606 0.517287 0.275266 0.442819 0.277926 0.575798 0.373670 0.424202 0.376330 0.636968 0.488032 0.410904 0.496011 0.551862 0.519947 0.408245 0.498670 0.551862 0.626330 0.448138 0.623670 0.562500 0.799202 0.426862 0.791223 0.559840 0.945479 0.474734 0.908245 0.025351 0.163811 0.049630 0.070914 0.542142 0.214777 0.000005 0.059769
0.464573 0.285431 0.480615 0.266715 0.451204 0.269388 0.520722 0.274736 0.440509 0.277410 0.576871 0.373665 0.421793 0.376339 0.641041 0.488637 0.411098 0.502005 0.544785 0.507353 0.408424 0.493984 0.552807 0.624998 0.448530 0.624998 0.563502 0.801466 0.429814 0.796119 0.566176 0.953871 0.472594 0.929807 0.013684 0.133259 0.049652 0.068773 0.600911 0.870559 0.001701 0.053945
0.462768 0.289905 0.481384 0.271290 0.449471 0.273949 0.518616 0.276608 0.438833 0.279268 0.574464 0.372348 0.422877 0.377667 0.638290 0.489362 0.412239 0.505319 0.547870 0.505319 0.412239 0.494681 0.553189 0.624993 0.449471 0.624993 0.566486 0.800515 0.436174 0.800515 0.571804 0.962740 0.470746 0.952102 0.013636 0.095445 0.050811 0.058164 0.603347 0.973535 0.003386 0.048137
0.463236 0.285431 0.481952 0.269388 0.449867 0.272062 0.519385 0.274736 0.439172 0.280083 0.575534 0.373665 0.423129 0.376339 0.642378 0.488637 0.415108 0.491310 0.546122 0.499332 0.409761 0.499332 0.551470 0.624998 0.449867 0.624998 0.567512 0.801466 0.439172 0.804140 0.578207 0.943175 0.465910 0.969913 0.004879 0.069883 0.059242 0.053077 0.632407 0.164995 0.001701 0.047839
0.465427 0.288576 0.484043 0.272619 0.452130 0.275279 0.521275 0.277938 0.441493 0.280598 0.574464 0.373677 0.422877 0.376337 0.640949 0.485373 0.417558 0.488033 0.545210 0.493351 0.412239 0.496011 0.553189 0.623663 0.449471 0.626323 0.569145 0.796526 0.444152 0.804504 0.582442 0.929497 0.468087 0.972048 0.002425 0.054666 0.056325 0.043235 0.644439 0.172021 0.003386 0.038799
0.464851 0.290410 0.483077 0.274788 0.451833 0.277392 0.519527 0.279996 0.441419 0.285203 0.571599 0.373725 0.423194 0.376329 0.636689 0.483077 0.420590 0.480473 0.548167 0.493491 0.407572 0.511716 0.553374 0.623671 0.451833 0.626275 0.566392 0.795509 0.446626 0.803320 0.582013 0.907464 0.467455 0.969950 0.020062 0.048943 0.047237 0.045674 0.633627 0.117710 0.006630 0.033428
0.463550 0.289108 0.479171 0.273487 0.450532 0.273487 0.518225 0.278694 0.437514 0.281297 0.572901 0.372424 0.421892 0.377631 0.637991 0.481775 0.419288 0.481775 0.546865 0.489586 0.406270 0.513018 0.552072 0.624973 0.453135 0.624973 0.567694 0.794207 0.447928 0.804621 0.585919 0.906162 0.468757 0.971252 0.022068 0.048807 0.055493 0.049220 0.643687 0.117710 0.006630 0.038523
0.463285 0.290018 0.478744 0.274559 0.450403 0.277136 0.514815 0.279712 0.437521 0.284865 0.571497 0.372465 0.422062 0.377618 0.635908 0.480677 0.414333 0.483253 0.543156 0.493559 0.409180 0.509018 0.553462 0.624959 0.452980 0.624959 0.566344 0.792429 0.450403 0.802734 0.589532 0.900640 0.468438 0.972781 0.042756 0.038247 0.047135 0.044196 0.626975 0.039583 0.008202 0.029050
0.462828 0.291710 0.480773 0.273766 0.450011 0.276329 0.516663 0.278893 0.437193 0.284020 0.573062 0.373744 0.421811 0.376308 0.634587 0.483978 0.411557 0.476287 0.542299 0.499359 0.411557 0.504486 0.552553 0.624974 0.452574 0.624974 0.567934 0.796732 0.452574 0.809550 0.593570 0.891584 0.473083 0.981309 0.055593 0.037828 0.054357 0.039179 0.609474 0.032533 0.006528 0.028430
0.461348 0.288705 0.479386 0.270667 0.448465 0.273244 0.518037 0.275821 0.438157 0.280974 0.574726 0.373738 0.420120 0.376315 0.636569 0.484539 0.404659 0.492270 0.548959 0.502577 0.407236 0.507730 0.554112 0.623685 0.451041 0.626262 0.566996 0.796329 0.456195 0.809213 0.595341 0.873632 0.479386 0.976703 0.088158 0.034831 0.049904 0.030215 0.597411 0.094761 0.006562 0.014746
0.463466 0.287846 0.478849 0.269899 0.450647 0.272463 0.517306 0.275027 0.437828 0.280154 0.576273 0.372451 0.419881 0.377579 0.637804 0.482694 0.396807 0.485258 0.553199 0.505769 0.399371 0.513460 0.553199 0.623703 0.450647 0.626267 0.568582 0.795478 0.455774 0.810861 0.599347 0.862137 0.483976 0.972380 0.109210 0.046184 0.057580 0.030340 0.577292 0.096051 0.004896 0.019590
0.461997 0.286153 0.480032 0.268118 0.449115 0.270695 0.518679 0.273271 0.438809 0.278424 0.575362 0.373753 0.418197 0.376330 0.637197 0.481965 0.389856 0.479388 0.552173 0.515459 0.395009 0.520612 0.554750 0.623670 0.451691 0.626247 0.567632 0.798870 0.456844 0.811752 0.603703 0.852976 0.487762 0.968916 0.163804 0.052989 0.049556 0.033568 0.545797 0.125007 0.008202 0.014524
0.464120 0.285358 0.482060 0.267418 0.451305 0.269981 0.517940 0.272544 0.441054 0.277669 0.574324 0.372496 0.417988 0.377622 0.635833 0.482700 0.382107 0.480138 0.556384 0.523707 0.392359 0.523707 0.556384 0.623659 0.451305 0.626222 0.569198 0.797936 0.458994 0.808187 0.602516 0.849194 0.492311 0.956835 0.160103 0.056744 0.046061 0.028966 0.510378 0.180725 0.009791 0.009923
0.465696 0.284468 0.481230 0.266345 0.452751 0.268934 0.517476 0.268934 0.439806 0.274112 0.574433 0.372493 0.416506 0.377671 0.639157 0.481230 0.380260 0.481230 0.566666 0.538187 0.393205 0.533009 0.556310 0.623623 0.452751 0.626212 0.569255 0.799673 0.457929 0.807440 0.605501 0.851453 0.496764 0.952423 0.171037 0.074214 0.046294 0.037003 0.458919 0.185146 0.011540 0.014271
0.466819 0.280094 0.485036 0.264479 0.453807 0.267082 0.518868 0.269684 0.440795 0.274889 0.573519 0.371179 0.417373 0.378987 0.638580 0.483084 0.378336 0.485687 0.570916 0.545543 0.388746 0.537735 0.557904 0.623616 0.451204 0.626218 0.568314 0.797979 0.456409 0.803184 0.604748 0.850028 0.500651 0.946318 0.175419 0.086062 0.038645 0.033930 0.430356 0.174473 0.011600 0.009621
0.465518 0.277492 0.483735 0.261877 0.452506 0.264479 0.520169 0.267082 0.439493 0.272287 0.574820 0.371179 0.416071 0.378987 0.637279 0.483084 0.374432 0.488289 0.580025 0.548145 0.390047 0.532530 0.556603 0.623616 0.452506 0.626218 0.569615 0.800582 0.457710 0.803184 0.611254 0.881257 0.504554 0.946318 0.128301 0.091318 0.046294 0.037214 0.391752 0.223858 0.011600 0.014004
0.466175 0.277537 0.484389 0.261925 0.453166 0.264527 0.520815 0.269731 0.440156 0.272333 0.575455 0.371206 0.414137 0.379011 0.635299 0.480486 0.377710 0.490893 0.583261 0.545533 0.390720 0.519514 0.557242 0.623591 0.453166 0.626193 0.565048 0.797919 0.458369 0.800520 0.601474 0.873374 0.507806 0.941024 0.128920 0.098193 0.037174 0.040349 0.374254 0.235990 0.013255 0.004745
0.467174 0.279876 0.485196 0.264429 0.454302 0.267003 0.518665 0.269578 0.441429 0.274727 0.575306 0.369985 0.413109 0.380283 0.634520 0.478116 0.374491 0.490989 0.585604 0.542480 0.397662 0.521884 0.557284 0.622291 0.454302 0.627440 0.562433 0.792212 0.459451 0.794786 0.588178 0.869448 0.508367 0.933812 0.092774 0.097901 0.032341 0.042777 0.366338 0.311670 0.014756 0.000152
0.466366 0.282028 0.484477 0.263918 0.453430 0.266505 0.518110 0.271679 0.440494 0.274267 0.575029 0.369993 0.412035 0.380342 0.634535 0.476068 0.380989 0.501940 0.587965 0.538161 0.393925 0.501940 0.559506 0.623539 0.453430 0.626126 0.559506 0.794294 0.458605 0.796882 0.580203 0.877085 0.507762 0.931416 0.077979 0.101866 0.019464 0.043469 0.367563 0.579571 0.016478 0.009643
0.465887 0.281163 0.483909 0.265716 0.453014 0.268290 0.517378 0.270865 0.440142 0.276014 0.576593 0.371272 0.411822 0.378996 0.633233 0.474254 0.375778 0.500000 0.589466 0.530895 0.393800 0.492276 0.558571 0.623578 0.453014 0.626153 0.555996 0.796073 0.463313 0.796073 0.568869 0.904204 0.504505 0.927375 0.042467 0.077499 0.017947 0.033301 0.369472 0.721033 0.014756 0.024018
0.464891 0.282846 0.483096 0.264642 0.451888 0.267243 0.519505 0.269843 0.438885 0.275045 0.576719 0.371268 0.410278 0.379070 0.639134 0.472693 0.366067 0.493498 0.597524 0.529907 0.392073 0.488297 0.558514 0.623531 0.454489 0.626131 0.553313 0.800374 0.462291 0.800374 0.561115 0.925205 0.503901 0.938208 0.029228 0.079081 0.013572 0.042121 0.375749 0.680192 0.016564 0.023603
0.468478 0.283852 0.483918 0.265840 0.453039 0.268413 0.519942 0.270986 0.440173 0.276133 0.576552 0.371341 0.409295 0.379060 0.635736 0.469122 0.375844 0.494854 0.594565 0.528305 0.399002 0.484561 0.558540 0.623513 0.455613 0.626086 0.553394 0.798490 0.463332 0.795916 0.558540 0.937442 0.504503 0.934869 0.021143 0.077232 0.013338 0.044539 0.366719 0.722644 0.018029 0.023818
0.470196 0.283766 0.485415 0.266011 0.454978 0.268547 0.520926 0.271084 0.444832 0.276156 0.576728 0.372542 0.414394 0.377615 0.632531 0.468928 0.363665 0.489220 0.597020 0.522194 0.401712 0.476538 0.556436 0.623653 0.452441 0.626189 0.546291 0.798669 0.465124 0.793596 0.548827 0.953394 0.503171 0.930566 0.023650 0.062177 0.007235 0.024277 0.354215 0.738216 0.011306 0.042501
0.473630 0.285901 0.488699 0.268321 0.458562 0.270833 0.523858 0.273344 0.446004 0.278367 0.576598 0.371290 0.415867 0.378824 0.631850 0.464212 0.368150 0.494349 0.599201 0.519464 0.400799 0.476769 0.553996 0.624943 0.453539 0.624943 0.543950 0.800743 0.468607 0.788186 0.541438 0.966497 0.501256 0.916268 0.013347 0.050147 0.010120 0.019046 0.340637 0.781908 0.009595 0.047469
0.473267 0.286758 0.490675 0.269350 0.458346 0.271837 0.525490 0.274324 0.445912 0.281784 0.577712 0.371308 0.416071 0.378769 0.629935 0.460833 0.366335 0.490675 0.602580 0.518029 0.398663 0.473267 0.552844 0.624961 0.453373 0.624961 0.542897 0.804010 0.468293 0.791577 0.535437 0.965652 0.498135 0.915916 0.002983 0.046547 0.013441 0.019435 0.310091 0.790351 0.007917 0.046095
0.472299 0.287626 0.489535 0.272852 0.457525 0.275314 0.524007 0.277777 0.445214 0.282701 0.575716 0.371344 0.418128 0.378731 0.627424 0.459988 0.363958 0.484611 0.600339 0.519083 0.400892 0.469837 0.553555 0.624962 0.452601 0.624962 0.541244 0.807173 0.467374 0.797324 0.531394 0.969685 0.496922 0.900741 0.002205 0.061368 0.006267 0.017059 0.304889 0.771650 0.007839 0.048692
0.473886 0.284247 0.488808 0.269324 0.458963 0.271811 0.523627 0.274298 0.446528 0.281760 0.578343 0.371294 0.416683 0.378755 0.628084 0.458342 0.361968 0.485699 0.600726 0.520518 0.399274 0.470777 0.553472 0.624975 0.451502 0.624975 0.538550 0.813993 0.463937 0.796583 0.526114 0.975652 0.493782 0.898553 0.000631 0.067607 0.006029 0.021691 0.297191 0.771650 0.006334 0.048103
