0.494318 0.284100 0.507954 0.270464 0.476137 0.270464 0.530681 0.284100 0.457956 0.284100 0.576133 0.375005 0.421594 0.375005 0.589769 0.493182 0.380687 0.484092 0.507954 0.443184 0.403413 0.506818 0.548862 0.624995 0.453411 0.624995 0.530681 0.811351 0.462502 0.811351 0.512500 0.952254 0.480683 0.997707 0.009890 0.015442 0.003633 0.024781 0.711175 0.364200 0.002894 0.046472
0.492054 0.282043 0.505676 0.268421 0.473891 0.268421 0.528380 0.282043 0.451187 0.282043 0.573787 0.372859 0.414861 0.377399 0.601032 0.490918 0.378534 0.486378 0.510217 0.463674 0.401238 0.504541 0.555624 0.622601 0.455728 0.627141 0.542002 0.804231 0.469350 0.808772 0.514758 0.926832 0.482972 0.999484 0.045776 0.001129 0.000717 0.027801 0.664966 0.387640 0.014459 0.047657
0.486920 0.275255 0.505946 0.256229 0.472650 0.260985 0.529728 0.270498 0.448867 0.275255 0.577293 0.370385 0.410815 0.379898 0.615345 0.498811 0.372763 0.503567 0.529728 0.479785 0.401302 0.508324 0.558267 0.622480 0.453624 0.627237 0.558267 0.812741 0.472650 0.817497 0.524972 0.903115 0.491676 1.000000 0.112360 0.002198 0.023978 0.022826 0.661295 0.542447 0.015146 0.031725
0.484242 0.266052 0.498788 0.246658 0.464847 0.251506 0.523031 0.261204 0.440604 0.266052 0.581215 0.367874 0.406663 0.382420 0.624853 0.493939 0.363025 0.508485 0.556972 0.474545 0.406663 0.498788 0.561820 0.624853 0.450301 0.624853 0.561820 0.823648 0.474545 0.813951 0.518182 0.891529 0.498788 1.000000 0.181862 0.001959 0.023978 0.016101 0.694660 0.675679 0.015440 0.040587
0.484393 0.267096 0.498799 0.247887 0.465184 0.252689 0.522810 0.262294 0.441174 0.271898 0.580436 0.367941 0.407559 0.382347 0.628457 0.492797 0.359537 0.512005 0.566029 0.487995 0.402757 0.502401 0.561227 0.622455 0.450778 0.627257 0.561227 0.828947 0.474789 0.814541 0.522810 0.896177 0.493997 1.000000 0.165249 0.008054 0.023978 0.015012 0.641312 0.682511 0.015292 0.040587
0.488216 0.269032 0.502357 0.250178 0.469361 0.254891 0.521211 0.269032 0.445793 0.273746 0.577775 0.368018 0.412798 0.382159 0.629625 0.476432 0.365662 0.509427 0.596629 0.495286 0.422225 0.495286 0.558920 0.622554 0.450507 0.627268 0.558920 0.801672 0.474075 0.811099 0.535352 0.914799 0.492930 0.990217 0.065379 0.007204 0.023535 0.008002 0.476750 0.690885 0.012006 0.040588
0.494213 0.280102 0.503472 0.261584 0.475695 0.266214 0.526619 0.275473 0.452548 0.284731 0.577543 0.368061 0.420142 0.381950 0.628467 0.465279 0.373848 0.506944 0.600690 0.493056 0.443289 0.488426 0.554396 0.622680 0.447919 0.627309 0.549766 0.803228 0.466437 0.812487 0.540507 0.946740 0.484954 0.983776 0.012348 0.002552 0.020698 0.004157 0.403589 0.695859 0.002948 0.039885
0.502358 0.278341 0.516506 0.264193 0.483494 0.264193 0.535371 0.278341 0.455197 0.283057 0.582532 0.372664 0.422184 0.377380 0.629694 0.500000 0.370306 0.504716 0.610829 0.476419 0.450481 0.490568 0.549519 0.622620 0.445764 0.627336 0.535371 0.811265 0.464629 0.825414 0.535371 1.000000 0.483494 1.000000 0.023829 0.002304 0.017970 0.000257 0.898130 0.678746 0.006005 0.054053
0.505894 0.285463 0.520039 0.271318 0.487033 0.271318 0.538900 0.280748 0.458743 0.285463 0.581335 0.375050 0.425737 0.375050 0.633201 0.507073 0.373871 0.502358 0.595481 0.464637 0.454028 0.488212 0.548330 0.624950 0.444598 0.624950 0.529469 0.822984 0.458743 0.827699 0.529469 1.000000 0.477603 1.000000 0.030224 0.012107 0.011575 0.001806 0.887857 0.678746 0.009006 0.052396
0.514141 0.285530 0.528282 0.271389 0.495286 0.271389 0.542423 0.280816 0.467005 0.285530 0.584845 0.375089 0.424582 0.375089 0.631982 0.497643 0.372732 0.497643 0.622554 0.478789 0.462291 0.488216 0.547136 0.624911 0.443436 0.624911 0.528282 0.822883 0.457577 0.822883 0.523568 1.000000 0.471718 0.987860 0.022461 0.004521 0.017462 0.001279 0.969291 0.660784 0.012006 0.052922
0.515181 0.283963 0.524523 0.269950 0.496497 0.269950 0.543207 0.279292 0.468470 0.283963 0.580576 0.377385 0.426431 0.372714 0.627286 0.494161 0.370378 0.494161 0.622615 0.475477 0.454457 0.484819 0.547878 0.624951 0.445115 0.624951 0.529194 0.816464 0.454457 0.816464 0.519852 1.000000 0.468470 0.956596 0.015442 0.016211 0.010843 0.008021 0.956860 0.672863 0.008922 0.046472
0.519852 0.283963 0.529194 0.269950 0.501168 0.269950 0.547878 0.279292 0.468470 0.283963 0.580576 0.377385 0.426431 0.372714 0.613273 0.475477 0.365707 0.484819 0.641300 0.484819 0.445115 0.489490 0.547878 0.624951 0.445115 0.624951 0.529194 0.816464 0.454457 0.802451 0.519852 1.000000 0.468470 0.914557 0.016162 0.022846 0.010843 0.006799 0.295167 0.639314 0.008922 0.047695
0.519227 0.278887 0.533648 0.264467 0.500000 0.264467 0.552875 0.278887 0.471159 0.278887 0.581716 0.379830 0.423091 0.370216 0.615363 0.495193 0.365409 0.490386 0.644204 0.485580 0.427898 0.490386 0.548068 0.624977 0.447125 0.624977 0.533648 0.817249 0.451932 0.812442 0.509614 1.000000 0.447125 0.913385 0.014799 0.023306 0.019590 0.021781 0.512082 0.642450 0.006120 0.031989
0.515925 0.277057 0.530624 0.262358 0.501225 0.262358 0.550223 0.277057 0.471826 0.277057 0.584522 0.379954 0.422827 0.370154 0.618821 0.512250 0.354230 0.492650 0.618821 0.468151 0.417928 0.487750 0.550223 0.624946 0.442427 0.624946 0.530624 0.825840 0.442427 0.816040 0.506125 1.000000 0.447327 0.923836 0.008626 0.014458 0.013319 0.024437 0.919253 0.686931 0.009359 0.030957
0.514141 0.283173 0.528282 0.269032 0.500000 0.269032 0.547136 0.283173 0.471718 0.283173 0.584845 0.382159 0.424582 0.368018 0.613127 0.504714 0.358591 0.481146 0.594272 0.471718 0.405727 0.490573 0.547136 0.627268 0.443436 0.622554 0.528282 0.811099 0.448150 0.806386 0.509427 0.990217 0.448150 0.928940 0.000843 0.008160 0.016056 0.015375 0.906943 0.605258 0.012006 0.040693
0.509346 0.283879 0.528037 0.269860 0.495327 0.269860 0.546729 0.283879 0.471963 0.283879 0.579439 0.382009 0.420561 0.367991 0.598131 0.512850 0.355140 0.470794 0.579439 0.438084 0.401869 0.489486 0.551402 0.625000 0.448598 0.625000 0.532710 0.811916 0.453271 0.802570 0.509346 0.989486 0.453271 0.956776 0.009918 0.008375 0.004839 0.026213 0.967188 0.559277 0.000006 0.040100
0.505952 0.282153 0.524999 0.267868 0.491667 0.267868 0.544046 0.282153 0.463097 0.282153 0.582139 0.382148 0.420242 0.367863 0.582139 0.505952 0.353578 0.472620 0.539284 0.410718 0.405957 0.496429 0.548807 0.624994 0.448812 0.624994 0.529761 0.824985 0.458335 0.815462 0.510714 1.000000 0.458335 1.000000 0.002304 0.015902 0.013194 0.019321 0.865401 0.544596 0.003031 0.046126
0.505787 0.289361 0.519675 0.275473 0.487269 0.275473 0.542822 0.284731 0.464122 0.284731 0.579858 0.377320 0.417828 0.372691 0.579858 0.488426 0.366904 0.469909 0.524305 0.409726 0.408569 0.483797 0.552081 0.627309 0.450234 0.622680 0.533563 0.821745 0.464122 0.817116 0.519675 1.000000 0.468751 1.000000 0.005787 0.014936 0.004997 0.018335 0.804347 0.551172 0.002948 0.052922
0.502314 0.296331 0.516201 0.277816 0.483799 0.282445 0.539345 0.291702 0.456026 0.291702 0.576376 0.375021 0.418995 0.375021 0.585633 0.495371 0.372707 0.476856 0.516201 0.421310 0.414367 0.495371 0.553232 0.624979 0.451397 0.624979 0.530087 0.819390 0.460655 0.819390 0.520830 0.999914 0.469913 1.000000 0.021407 0.000001 0.008327 0.025887 0.784702 0.502675 0.005894 0.052863
0.496592 0.297802 0.510223 0.284171 0.478417 0.284171 0.532942 0.293259 0.455698 0.293259 0.573836 0.375046 0.419348 0.375046 0.587467 0.497728 0.382998 0.479553 0.510223 0.429572 0.423892 0.497728 0.551117 0.624954 0.455698 0.624954 0.532942 0.811248 0.464786 0.815792 0.519311 0.970280 0.478417 1.000000 0.003742 0.008103 0.002101 0.030831 0.765355 0.473425 0.008679 0.046103
0.491077 0.297004 0.504461 0.279159 0.473231 0.283620 0.526769 0.288082 0.450924 0.292543 0.571383 0.372849 0.419694 0.377310 0.598152 0.502231 0.384003 0.488846 0.508923 0.453155 0.419694 0.493308 0.553537 0.622690 0.455386 0.627151 0.535691 0.805609 0.468770 0.810070 0.517846 0.930529 0.486616 0.992989 0.014210 0.007707 0.008258 0.021917 0.725001 0.558998 0.011363 0.054206
0.486506 0.294219 0.500000 0.276228 0.468514 0.280726 0.522490 0.285223 0.446025 0.294219 0.571967 0.370684 0.414539 0.379680 0.603453 0.487631 0.374058 0.492129 0.513494 0.456145 0.414539 0.492129 0.558473 0.622569 0.455021 0.627067 0.549477 0.802486 0.473012 0.811482 0.522490 0.896943 0.491004 0.995898 0.072683 0.000001 0.001130 0.020673 0.690881 0.609994 0.017189 0.046859
0.488115 0.280121 0.502377 0.265858 0.469098 0.265858 0.521394 0.275366 0.445327 0.284875 0.578443 0.370449 0.407294 0.379958 0.621231 0.489303 0.369261 0.503566 0.526148 0.484549 0.402540 0.503566 0.559427 0.622419 0.454836 0.627173 0.559427 0.817339 0.473852 0.817339 0.526148 0.912422 0.497623 1.000000 0.107167 0.006902 0.023978 0.028750 0.625896 0.595015 0.018169 0.031725
0.483201 0.281613 0.497600 0.267214 0.464002 0.267214 0.521599 0.276813 0.444803 0.281613 0.579195 0.368008 0.406406 0.382407 0.631992 0.497600 0.363208 0.511999 0.564796 0.468802 0.411205 0.502400 0.559996 0.622393 0.454403 0.627192 0.559996 0.819181 0.473602 0.819181 0.540798 0.924774 0.497600 1.000000 0.057249 0.007857 0.023978 0.029906 0.752027 0.665249 0.018344 0.031725
0.488216 0.283173 0.502357 0.264319 0.469361 0.269032 0.521211 0.278460 0.445793 0.287887 0.577775 0.368018 0.412798 0.382159 0.629625 0.485859 0.365662 0.504714 0.591916 0.481146 0.408084 0.490573 0.558920 0.622554 0.450507 0.627268 0.558920 0.811099 0.469361 0.815813 0.544779 0.928940 0.492930 0.994931 0.038016 0.009918 0.023535 0.016864 0.671525 0.719291 0.012006 0.031725
0.494161 0.283963 0.503503 0.269950 0.475477 0.269950 0.526859 0.283963 0.452122 0.288634 0.578240 0.368043 0.414753 0.382056 0.634293 0.470806 0.372714 0.508174 0.596925 0.484819 0.433437 0.480148 0.554885 0.620280 0.452122 0.629622 0.550214 0.807122 0.466135 0.811793 0.540872 0.961267 0.489490 0.984623 0.011312 0.018319 0.021433 0.023250 0.544747 0.740056 0.008922 0.032393
0.503538 0.283029 0.512971 0.264161 0.484670 0.268878 0.531838 0.278312 0.456370 0.287745 0.583723 0.372647 0.418636 0.377364 0.621457 0.485850 0.371468 0.504717 0.593156 0.471699 0.437503 0.471699 0.550705 0.622636 0.446936 0.627353 0.541272 0.811307 0.470520 0.816024 0.527121 0.995261 0.489387 0.995261 0.008535 0.006199 0.025897 0.003700 0.750000 0.760490 0.003002 0.055486
0.501179 0.283106 0.515324 0.264245 0.482318 0.268960 0.534184 0.278391 0.458743 0.283106 0.586050 0.372692 0.421022 0.377408 0.628486 0.495285 0.378586 0.500000 0.609626 0.476425 0.444598 0.466994 0.548330 0.622592 0.444598 0.627308 0.534184 0.811196 0.463458 0.815911 0.529469 0.999800 0.482318 0.985655 0.015872 0.003497 0.023858 0.001780 0.856075 0.753659 0.009006 0.055554
0.511784 0.280816 0.525925 0.266676 0.492930 0.266676 0.544779 0.280816 0.459934 0.285530 0.587202 0.375089 0.422225 0.375089 0.620197 0.478789 0.379803 0.492930 0.629625 0.483502 0.450507 0.474075 0.549493 0.624911 0.441080 0.624911 0.525925 0.808743 0.459934 0.813456 0.521211 1.000000 0.474075 0.983147 0.032825 0.005260 0.007099 0.007747 0.254360 0.692946 0.012006 0.072313
0.515170 0.284114 0.529174 0.265443 0.496499 0.270111 0.547845 0.279446 0.468492 0.284114 0.585187 0.377470 0.426482 0.372802 0.599191 0.475494 0.375136 0.489497 0.622530 0.480162 0.454489 0.475494 0.547845 0.624864 0.440486 0.624864 0.524506 0.811576 0.459157 0.811576 0.515170 0.998288 0.473160 0.960946 0.023681 0.001967 0.008102 0.014060 0.392000 0.687542 0.014864 0.071309
0.517325 0.280553 0.531185 0.266693 0.498845 0.266693 0.549664 0.285173 0.471125 0.285173 0.586624 0.377572 0.429546 0.372952 0.605104 0.479210 0.369487 0.488450 0.577384 0.465350 0.448026 0.479210 0.545044 0.627048 0.438786 0.622428 0.526565 0.811846 0.457266 0.802606 0.512705 1.000000 0.475745 0.918104 0.008475 0.017968 0.020843 0.020750 0.704833 0.689913 0.020602 0.064259
0.515155 0.275014 0.529143 0.261025 0.496503 0.261025 0.552458 0.275014 0.473188 0.279677 0.589761 0.382261 0.426559 0.368272 0.608413 0.503497 0.361278 0.480183 0.617739 0.503497 0.426559 0.480183 0.543132 0.624733 0.440548 0.624733 0.524480 0.811251 0.445211 0.806588 0.496503 0.997768 0.459199 0.895183 0.015668 0.041688 0.028750 0.009185 0.451410 0.668091 0.020794 0.039885
0.521808 0.268596 0.536346 0.254058 0.502423 0.254058 0.555731 0.273442 0.478192 0.273442 0.594500 0.384904 0.420038 0.365519 0.609038 0.520596 0.357038 0.481827 0.613885 0.481827 0.415192 0.486673 0.546038 0.627212 0.439423 0.622365 0.531500 0.821058 0.444269 0.816212 0.497577 1.000000 0.458808 0.917981 0.031317 0.037211 0.039004 0.016022 0.926442 0.631552 0.018521 0.031785
0.517818 0.270747 0.532072 0.256493 0.498812 0.256493 0.555828 0.275498 0.475055 0.275498 0.593839 0.384780 0.422790 0.365774 0.612845 0.513066 0.356271 0.470304 0.579585 0.498812 0.399034 0.494061 0.546326 0.627099 0.437045 0.622347 0.527320 0.817153 0.451299 0.812402 0.498812 0.997705 0.451299 0.921683 0.018122 0.023829 0.029906 0.006164 0.675698 0.518981 0.021189 0.055554
0.515170 0.274778 0.529174 0.265443 0.501167 0.260775 0.547845 0.279446 0.473160 0.279446 0.589855 0.382138 0.421814 0.368135 0.594523 0.508169 0.361133 0.470826 0.566516 0.438152 0.393807 0.494165 0.547845 0.629532 0.440486 0.620196 0.529174 0.811576 0.449821 0.797572 0.496499 0.984285 0.449821 0.946942 0.026984 0.016738 0.021008 0.006799 0.890665 0.472453 0.014864 0.049271
0.511025 0.274607 0.525724 0.259908 0.496325 0.259908 0.550223 0.274607 0.466926 0.274607 0.589422 0.382404 0.417928 0.367704 0.594322 0.509800 0.359130 0.475501 0.545324 0.431402 0.398328 0.509800 0.550223 0.627396 0.442427 0.622496 0.530624 0.838089 0.452227 0.813590 0.496325 1.000000 0.447327 1.000000 0.028461 0.024265 0.020977 0.014203 0.834429 0.430136 0.009359 0.045835
0.510714 0.282153 0.524999 0.267868 0.491667 0.267868 0.544046 0.282153 0.467859 0.282153 0.582139 0.377387 0.420242 0.372625 0.577377 0.486905 0.372625 0.486905 0.510714 0.420242 0.410718 0.520237 0.548807 0.624994 0.448812 0.624994 0.524999 0.829747 0.453574 0.820224 0.501190 1.000000 0.458335 1.000000 0.003741 0.000120 0.005746 0.028120 0.736169 0.396855 0.003031 0.044609
0.505787 0.287046 0.519675 0.273158 0.491899 0.273158 0.538193 0.287046 0.464122 0.287046 0.575228 0.375005 0.422457 0.375005 0.565969 0.486112 0.390051 0.486112 0.496528 0.416670 0.427086 0.523147 0.547452 0.624995 0.454863 0.624995 0.519675 0.819431 0.464122 0.819431 0.501157 1.000000 0.478010 1.000000 0.013441 0.007551 0.009944 0.025887 0.723535 0.340334 0.002948 0.060313
0.506944 0.287037 0.520833 0.268519 0.488426 0.273148 0.539352 0.282407 0.460648 0.282407 0.576389 0.375000 0.423611 0.375000 0.562500 0.481481 0.395833 0.486111 0.483796 0.412037 0.423611 0.518519 0.548611 0.625000 0.451389 0.625000 0.520833 0.819444 0.465278 0.819444 0.502315 1.000000 0.488426 1.000000 0.013441 0.015930 0.009944 0.012526 0.688846 0.303542 0.000006 0.067865
0.500000 0.284945 0.513511 0.271433 0.486489 0.271433 0.531526 0.284945 0.459466 0.284945 0.572060 0.375020 0.423436 0.375020 0.567557 0.483111 0.405421 0.483111 0.490992 0.420058 0.432443 0.514637 0.549542 0.622728 0.454962 0.627232 0.522519 0.811886 0.468474 0.811886 0.504504 0.992037 0.490992 0.996541 0.013441 0.015378 0.016309 0.016333 0.706036 0.278131 0.005734 0.068417
0.497729 0.281962 0.511356 0.268335 0.484101 0.268335 0.529526 0.281962 0.456847 0.286505 0.570408 0.372811 0.420507 0.377354 0.579493 0.486373 0.402337 0.486373 0.493186 0.436406 0.425050 0.509085 0.552238 0.622646 0.456847 0.627189 0.538611 0.808887 0.475017 0.813429 0.515899 0.899736 0.502271 0.999670 0.054730 0.015297 0.000148 0.015020 0.692458 0.302568 0.011570 0.054206
0.496433 0.275255 0.510702 0.260985 0.477407 0.260985 0.529728 0.270498 0.453624 0.275255 0.577293 0.370385 0.410815 0.379898 0.601076 0.489298 0.377520 0.498811 0.515459 0.465515 0.406059 0.503567 0.558267 0.622480 0.453624 0.627237 0.558267 0.812741 0.477407 0.812741 0.529728 0.898358 0.505946 1.000000 0.102416 0.006806 0.023978 0.013964 0.649078 0.534333 0.015146 0.040588
0.496328 0.269884 0.511016 0.250300 0.476744 0.255196 0.530600 0.264988 0.452263 0.269884 0.579561 0.367806 0.408198 0.382494 0.623626 0.490208 0.369030 0.500000 0.540393 0.490208 0.408198 0.504896 0.559977 0.622402 0.452263 0.627298 0.559977 0.818245 0.476744 0.823141 0.545289 0.896583 0.506120 1.000000 0.058998 0.010264 0.024437 0.017105 0.609994 0.562833 0.015591 0.039583
0.496398 0.271898 0.510805 0.257492 0.481992 0.257492 0.530013 0.271898 0.453179 0.271898 0.578035 0.367941 0.409960 0.382347 0.630858 0.483193 0.361938 0.507203 0.578035 0.487995 0.405158 0.502401 0.558826 0.622455 0.453179 0.627257 0.563628 0.814541 0.472388 0.819343 0.558826 0.920188 0.501201 1.000000 0.022414 0.018122 0.031934 0.023874 0.607940 0.652098 0.015292 0.023769
0.503604 0.271730 0.518021 0.257312 0.484381 0.257312 0.537244 0.276535 0.455547 0.276535 0.580495 0.367843 0.412296 0.382261 0.633358 0.478374 0.364239 0.502403 0.609330 0.487986 0.421907 0.487986 0.556467 0.622545 0.450742 0.627351 0.556467 0.814773 0.469964 0.824384 0.551661 0.944527 0.498799 0.997389 0.011784 0.021612 0.029941 0.018571 0.520881 0.699098 0.009179 0.030957
0.510613 0.273595 0.524763 0.259445 0.491746 0.259445 0.538913 0.278312 0.463445 0.273595 0.581364 0.372647 0.416277 0.377364 0.619098 0.485850 0.369110 0.504717 0.623815 0.476416 0.430428 0.476416 0.553064 0.622636 0.449295 0.627353 0.548347 0.806590 0.472879 0.816024 0.548347 0.981111 0.496462 0.995261 0.008160 0.002060 0.027722 0.002216 0.750000 0.750546 0.003002 0.047743
0.514019 0.286215 0.523364 0.267523 0.495327 0.267523 0.542056 0.286215 0.467290 0.281542 0.579439 0.375000 0.420561 0.375000 0.616822 0.487150 0.369159 0.501168 0.621495 0.487150 0.429907 0.482477 0.551402 0.622664 0.448598 0.627336 0.542056 0.818925 0.471963 0.823598 0.537383 1.000000 0.481308 0.991822 0.007190 0.020051 0.020736 0.002494 0.397584 0.718162 0.000006 0.052863
0.516664 0.282182 0.526186 0.267899 0.497619 0.267899 0.545230 0.286943 0.469053 0.282182 0.583318 0.377403 0.421443 0.372642 0.611884 0.472624 0.364310 0.496429 0.630929 0.486907 0.435726 0.482146 0.549991 0.624977 0.445248 0.624977 0.535708 0.824941 0.469053 0.829702 0.530947 1.000000 0.478575 0.996339 0.015120 0.018678 0.019896 0.006907 0.202394 0.700473 0.006062 0.059545
0.521024 0.283916 0.535041 0.269900 0.502336 0.269900 0.549057 0.283916 0.474304 0.283916 0.581761 0.377358 0.422911 0.372686 0.609794 0.475472 0.362174 0.489488 0.633154 0.484816 0.436927 0.480144 0.549057 0.624978 0.446271 0.624978 0.535041 0.816533 0.464959 0.811861 0.530369 1.000000 0.488320 0.961368 0.015672 0.017611 0.018549 0.002334 0.290296 0.692219 0.005949 0.054975
0.523132 0.282557 0.537012 0.268677 0.504626 0.268677 0.550891 0.282557 0.472241 0.282557 0.583276 0.379712 0.425977 0.370459 0.597156 0.490747 0.361206 0.481494 0.648047 0.490747 0.435230 0.472241 0.546265 0.624914 0.444483 0.624914 0.527759 0.814599 0.453735 0.814599 0.518506 1.000000 0.486121 0.930261 0.015810 0.071386 0.016730 0.007595 0.460417 0.707675 0.011784 0.046472
