0.500683 0.297134 0.517076 0.280741 0.484290 0.280741 0.541666 0.278009 0.454236 0.280741 0.579917 0.373636 0.421449 0.376368 0.637293 0.471995 0.366805 0.488388 0.609971 0.553961 0.410520 0.559425 0.549863 0.624998 0.448771 0.624998 0.530737 0.816252 0.443307 0.816252 0.511612 0.985649 0.443307 0.911879 0.004059 0.009092 0.006153 0.043931 0.270508 0.320060 0.001739 0.022634
0.501359 0.300284 0.517662 0.281263 0.485055 0.283980 0.542117 0.278546 0.455166 0.281263 0.580158 0.376366 0.422559 0.373649 0.634503 0.479621 0.368214 0.482338 0.591027 0.561138 0.406256 0.555703 0.550269 0.626351 0.447014 0.623634 0.533965 0.819275 0.444297 0.811123 0.514945 0.982309 0.444297 0.906226 0.010133 0.004613 0.011042 0.035653 0.310172 0.299848 0.003459 0.022223
0.500000 0.300414 0.516575 0.281077 0.483425 0.283840 0.541436 0.278315 0.455801 0.281077 0.580110 0.375000 0.419890 0.375000 0.632597 0.471685 0.364641 0.477210 0.593923 0.537983 0.400552 0.551796 0.552486 0.626381 0.447514 0.623619 0.535912 0.819751 0.444751 0.808702 0.519337 0.996547 0.444751 0.924724 0.002538 0.004751 0.007622 0.039974 0.326400 0.300572 0.000005 0.022467
0.502060 0.302201 0.518544 0.285718 0.482830 0.285718 0.543269 0.282970 0.455358 0.282970 0.581730 0.376375 0.419644 0.373628 0.631179 0.469781 0.364700 0.467033 0.600960 0.519230 0.394919 0.541208 0.551510 0.626372 0.447116 0.623625 0.540521 0.815929 0.449863 0.799446 0.524038 0.997245 0.447116 0.947795 0.010425 0.010867 0.019859 0.029866 0.329594 0.292399 0.001749 0.023405
0.498603 0.302387 0.515362 0.285628 0.481845 0.285628 0.543293 0.282835 0.453913 0.282835 0.582397 0.377801 0.420396 0.372215 0.635466 0.486733 0.364534 0.458801 0.599156 0.520250 0.395258 0.542595 0.551673 0.626389 0.445534 0.623596 0.540500 0.816321 0.448327 0.805149 0.526535 0.997874 0.448327 0.969943 0.005735 0.004896 0.020441 0.026829 0.407028 0.294249 0.003556 0.023599
0.496508 0.305171 0.513268 0.288411 0.479749 0.288411 0.541200 0.285618 0.454610 0.288411 0.580306 0.377795 0.421091 0.372209 0.636171 0.489525 0.368019 0.453213 0.577513 0.514665 0.393158 0.531424 0.552373 0.626395 0.446230 0.623601 0.546787 0.824716 0.449023 0.813543 0.535614 1.000000 0.449023 1.000000 0.010600 0.004681 0.026652 0.027045 0.518703 0.283614 0.001778 0.013645
0.495166 0.308705 0.511740 0.292130 0.478592 0.292130 0.539364 0.289368 0.453730 0.289368 0.578038 0.377764 0.420581 0.372240 0.630523 0.488260 0.370858 0.446824 0.564226 0.502072 0.390195 0.524171 0.553176 0.626379 0.448205 0.623617 0.550414 0.825271 0.450968 0.816984 0.536602 0.996539 0.453730 0.999302 0.021194 0.000253 0.027305 0.030292 0.575775 0.265146 0.001758 0.008967
0.493952 0.313175 0.510081 0.297046 0.477823 0.297046 0.536962 0.291670 0.453630 0.297046 0.577284 0.377690 0.424060 0.372314 0.631046 0.482527 0.375674 0.442205 0.555779 0.493280 0.394491 0.520161 0.550403 0.627686 0.448253 0.622310 0.550403 0.821232 0.453630 0.813168 0.539650 0.987896 0.459006 0.990584 0.020508 0.000666 0.034096 0.021744 0.605664 0.268142 0.001711 0.008963
0.494681 0.315170 0.510638 0.296554 0.478725 0.299213 0.537232 0.293895 0.452130 0.296554 0.574464 0.378996 0.422877 0.371018 0.632971 0.477395 0.375007 0.437504 0.555848 0.488033 0.396282 0.517286 0.553189 0.626323 0.449471 0.623663 0.553189 0.812482 0.454790 0.809823 0.547870 0.972048 0.462768 0.985345 0.010607 0.005365 0.027314 0.024291 0.627123 0.281585 0.003386 0.009092
0.496745 0.315127 0.512368 0.299504 0.478518 0.299504 0.535803 0.296900 0.455084 0.296900 0.572257 0.377619 0.423837 0.372411 0.634749 0.473962 0.371760 0.437508 0.561841 0.484377 0.397799 0.520831 0.551426 0.624985 0.452480 0.624985 0.554030 0.809858 0.460291 0.809858 0.551426 0.950466 0.473311 0.984316 0.010377 0.010269 0.031225 0.022502 0.637996 0.311188 0.004973 0.008959
0.494793 0.312541 0.510414 0.296919 0.479171 0.296919 0.536450 0.294315 0.455739 0.294315 0.570297 0.375027 0.424496 0.375027 0.640594 0.473964 0.369820 0.447928 0.580712 0.484378 0.395856 0.526036 0.552072 0.624973 0.453135 0.624973 0.554676 0.809829 0.463550 0.812432 0.557279 0.929594 0.479171 0.979063 0.002436 0.012088 0.027652 0.018648 0.641828 0.307249 0.006630 0.013183
0.496012 0.305895 0.511965 0.289941 0.477399 0.289941 0.538555 0.287282 0.453468 0.287282 0.575781 0.375028 0.418901 0.375028 0.644914 0.473410 0.365722 0.462774 0.597053 0.492023 0.394971 0.545203 0.554509 0.624972 0.450809 0.624972 0.554509 0.811100 0.461445 0.808441 0.565145 0.925436 0.482717 0.978615 0.029525 0.021151 0.027025 0.021985 0.576918 0.281973 0.006771 0.018432
0.492608 0.301101 0.511423 0.282286 0.476482 0.282286 0.538301 0.279599 0.452291 0.279599 0.578619 0.373672 0.417349 0.376360 0.645814 0.467746 0.360905 0.475810 0.616248 0.500000 0.398535 0.551069 0.554428 0.626328 0.449603 0.623640 0.554428 0.817163 0.465730 0.806412 0.567868 0.919300 0.484545 0.978432 0.041644 0.006663 0.030384 0.013271 0.433601 0.311905 0.005133 0.028013
0.494709 0.300937 0.510581 0.282420 0.478837 0.282420 0.539680 0.279774 0.455029 0.279774 0.576715 0.375007 0.420639 0.375007 0.634913 0.464949 0.365087 0.483467 0.619041 0.496693 0.417994 0.552246 0.552907 0.626316 0.449738 0.623670 0.550262 0.816781 0.468256 0.806200 0.568779 0.904078 0.489419 0.967566 0.070955 0.009327 0.025645 0.004897 0.330391 0.359388 0.003367 0.036603
0.493887 0.296223 0.512906 0.279921 0.477585 0.279921 0.542793 0.277204 0.453131 0.274486 0.578115 0.375017 0.417810 0.375017 0.632455 0.475547 0.366186 0.491849 0.613436 0.510868 0.436829 0.540755 0.553661 0.624983 0.450414 0.624983 0.548227 0.826044 0.469433 0.820610 0.569964 0.912989 0.491170 0.983631 0.086580 0.011343 0.022439 0.010435 0.314965 0.439687 0.005190 0.039451
0.500000 0.299863 0.519126 0.280738 0.483607 0.283470 0.546448 0.278005 0.456284 0.278005 0.579235 0.373634 0.420765 0.376366 0.628415 0.474727 0.374317 0.493852 0.603825 0.526639 0.453552 0.534836 0.551913 0.625000 0.448087 0.625000 0.546448 0.827186 0.467213 0.824454 0.565574 0.936475 0.489071 0.988388 0.063747 0.011762 0.025863 0.004407 0.284936 0.467897 0.000005 0.039031
0.504730 0.297976 0.520946 0.281760 0.485811 0.281760 0.545270 0.281760 0.458784 0.281760 0.577702 0.373650 0.420947 0.376353 0.618242 0.476352 0.380407 0.492568 0.593918 0.525000 0.477703 0.516892 0.553378 0.624998 0.447974 0.624998 0.545270 0.822293 0.466892 0.824995 0.556080 0.954723 0.488514 0.992560 0.039001 0.010826 0.017634 0.004444 0.267256 0.528858 0.001720 0.043095
0.508108 0.302027 0.524324 0.283108 0.489189 0.283108 0.548649 0.283108 0.459459 0.283108 0.578378 0.375000 0.421622 0.375000 0.600000 0.485811 0.386486 0.496622 0.521622 0.529054 0.481081 0.502027 0.551351 0.623649 0.448649 0.626351 0.543243 0.820946 0.464865 0.826351 0.551351 0.980405 0.489189 0.993919 0.029245 0.020133 0.021390 0.008343 0.400858 0.571350 0.000005 0.038826
0.510246 0.299866 0.526639 0.280741 0.493853 0.283473 0.551229 0.280741 0.461066 0.280741 0.578551 0.376368 0.422815 0.373636 0.592212 0.502049 0.387297 0.496585 0.529371 0.523907 0.480192 0.491120 0.551229 0.624998 0.447405 0.624998 0.543032 0.829913 0.461066 0.832645 0.548497 1.000000 0.482924 1.000000 0.022517 0.019936 0.022113 0.010129 0.427914 0.608222 0.001739 0.033637
0.512838 0.304733 0.529054 0.285814 0.493919 0.285814 0.550675 0.285814 0.464190 0.285814 0.577702 0.375002 0.423650 0.375002 0.591215 0.493919 0.391218 0.496622 0.588512 0.499324 0.491216 0.488514 0.550675 0.623647 0.447974 0.626350 0.539864 0.831752 0.458784 0.837157 0.542567 1.000000 0.477703 1.000000 0.021271 0.020059 0.017943 0.014399 0.183601 0.608705 0.001720 0.032830
0.514705 0.302819 0.530747 0.286777 0.495990 0.286777 0.552136 0.284103 0.463906 0.286777 0.576199 0.375007 0.426475 0.375007 0.592241 0.487300 0.389044 0.495321 0.594914 0.492647 0.490642 0.489974 0.549462 0.623656 0.447864 0.626330 0.538768 0.832200 0.458559 0.834874 0.533421 1.000000 0.471927 0.989945 0.006949 0.011064 0.017786 0.010716 0.102416 0.612746 0.003405 0.032618
0.514705 0.300145 0.530747 0.284103 0.495990 0.284103 0.552136 0.281430 0.463906 0.284103 0.576199 0.375007 0.426475 0.375007 0.594914 0.489974 0.389044 0.497995 0.592241 0.489974 0.493316 0.500668 0.549462 0.623656 0.447864 0.626330 0.538768 0.837548 0.455885 0.837548 0.525400 1.000000 0.463906 0.976577 0.007124 0.006262 0.018194 0.014943 0.551367 0.585882 0.003405 0.027984
0.514972 0.298202 0.530595 0.279975 0.496745 0.279975 0.551426 0.279975 0.465499 0.279975 0.577465 0.373713 0.426441 0.376317 0.598295 0.470056 0.389987 0.496094 0.593088 0.501302 0.488934 0.503906 0.548822 0.623683 0.447272 0.626287 0.535803 0.829387 0.455084 0.829387 0.522784 1.000000 0.460291 0.943956 0.003247 0.002218 0.016196 0.014228 0.120349 0.568964 0.004973 0.032356
0.514322 0.292980 0.529946 0.277356 0.496094 0.277356 0.550779 0.277356 0.464846 0.277356 0.576819 0.373705 0.425785 0.376309 0.608067 0.464846 0.386725 0.496094 0.610671 0.501302 0.480470 0.514322 0.550779 0.623691 0.446617 0.626295 0.535154 0.826805 0.454430 0.829409 0.519530 1.000000 0.449221 0.925758 0.003993 0.029426 0.008601 0.014228 0.082439 0.539205 0.003316 0.036674
0.511779 0.289933 0.527485 0.274227 0.496074 0.274227 0.548427 0.276845 0.462044 0.274227 0.577221 0.373698 0.425397 0.376316 0.616486 0.460081 0.383514 0.496728 0.616486 0.501963 0.469897 0.533375 0.551044 0.624993 0.446338 0.624993 0.535338 0.829170 0.451573 0.829170 0.519632 0.994083 0.448956 0.918171 0.005788 0.017519 0.008601 0.018582 0.135800 0.478835 0.003332 0.032597
0.508552 0.286845 0.524342 0.268424 0.490132 0.268424 0.548026 0.273687 0.461185 0.271056 0.579604 0.373686 0.421712 0.376318 0.624340 0.468421 0.376975 0.497368 0.629604 0.497368 0.471711 0.544736 0.550657 0.623682 0.448027 0.626314 0.534868 0.826311 0.450659 0.823680 0.519079 0.989467 0.442764 0.915784 0.005955 0.031461 0.011940 0.029140 0.083183 0.465097 0.001673 0.028997
0.507237 0.288161 0.525658 0.269740 0.488816 0.269740 0.549341 0.272372 0.459869 0.272372 0.580920 0.375002 0.420396 0.375002 0.636182 0.475000 0.370397 0.488158 0.630919 0.501316 0.428290 0.538157 0.551973 0.624998 0.446711 0.624998 0.538815 0.819732 0.457237 0.817101 0.523026 0.988151 0.446711 0.922363 0.008278 0.049150 0.015218 0.015959 0.223535 0.405687 0.001673 0.038899
0.506410 0.292949 0.521795 0.275000 0.488462 0.277564 0.544872 0.277564 0.457692 0.277564 0.580769 0.375000 0.419231 0.375000 0.644872 0.485256 0.365385 0.480128 0.596154 0.495513 0.419231 0.531410 0.552564 0.626282 0.447436 0.623718 0.544872 0.816026 0.462821 0.803205 0.532051 0.980128 0.447436 0.933974 0.011920 0.064494 0.022682 0.008727 0.601583 0.408436 0.000005 0.040115
0.501289 0.291237 0.519330 0.275773 0.485825 0.275773 0.545103 0.275773 0.457474 0.275773 0.583763 0.376289 0.416237 0.373711 0.645619 0.476804 0.359536 0.469072 0.599227 0.489691 0.403351 0.525773 0.552835 0.626289 0.447165 0.623711 0.545103 0.817010 0.460052 0.804124 0.537371 0.987113 0.449742 0.956186 0.001558 0.044245 0.026282 0.016482 0.589352 0.380165 0.000005 0.035595
0.500000 0.297194 0.515306 0.281888 0.482143 0.281888 0.540816 0.281888 0.454082 0.281888 0.579082 0.376276 0.420918 0.373724 0.645408 0.478316 0.357143 0.463010 0.576531 0.483418 0.397959 0.529337 0.551020 0.626276 0.448980 0.623724 0.551020 0.817602 0.456633 0.804847 0.543367 0.991071 0.454082 0.980867 0.014034 0.018055 0.035580 0.022138 0.659930 0.373029 0.000005 0.013442
0.495558 0.300129 0.513325 0.282363 0.477792 0.282363 0.538705 0.282363 0.452412 0.284901 0.576776 0.376271 0.421955 0.373733 0.642765 0.472716 0.361042 0.449874 0.589466 0.482868 0.394037 0.523477 0.551395 0.624998 0.449874 0.624998 0.553933 0.815351 0.454950 0.810275 0.546319 0.985400 0.454950 0.993014 0.018487 0.008718 0.036612 0.026505 0.631089 0.348919 0.001614 0.004474
0.496859 0.299626 0.514447 0.282038 0.479272 0.284550 0.537060 0.282038 0.451634 0.287063 0.577260 0.377514 0.421483 0.372489 0.640074 0.475503 0.366208 0.442840 0.562185 0.472990 0.391333 0.510678 0.552135 0.626255 0.449121 0.623742 0.557160 0.812182 0.459171 0.809669 0.552135 0.972984 0.459171 0.985547 0.018545 0.017190 0.040645 0.017685 0.691714 0.324891 0.001601 0.008589
0.495668 0.303220 0.510520 0.285894 0.478342 0.285894 0.535272 0.285894 0.451114 0.288369 0.574875 0.377477 0.423887 0.372526 0.641706 0.474010 0.366957 0.446783 0.579826 0.478961 0.391709 0.513614 0.550123 0.624998 0.451114 0.624998 0.555074 0.808165 0.458540 0.808165 0.555074 0.951727 0.463491 0.981430 0.008601 0.003803 0.040327 0.021298 0.667340 0.321107 0.001575 0.004297
0.495050 0.300752 0.509901 0.283426 0.475249 0.285902 0.534652 0.285902 0.450497 0.290852 0.574254 0.377481 0.423271 0.372531 0.641082 0.476486 0.363868 0.446785 0.571779 0.478961 0.391094 0.513613 0.551978 0.624994 0.450497 0.624994 0.556928 0.810628 0.460398 0.815579 0.561878 0.944285 0.470298 0.991313 0.003299 0.001396 0.037057 0.017675 0.677633 0.337923 0.003152 0.008036
0.495690 0.299879 0.510468 0.282638 0.478449 0.285101 0.537561 0.282638 0.453818 0.287564 0.574506 0.376233 0.424262 0.373770 0.641008 0.469828 0.360223 0.455050 0.606526 0.487069 0.392243 0.519088 0.549876 0.624999 0.451355 0.624999 0.562191 0.812188 0.466133 0.812188 0.562191 0.925487 0.478449 0.989526 0.020912 0.003008 0.052325 0.009118 0.549054 0.359994 0.001566 0.004167
0.495711 0.297816 0.512866 0.280661 0.478556 0.280661 0.539824 0.283112 0.454049 0.285562 0.574134 0.373788 0.422190 0.376239 0.640303 0.476718 0.358471 0.464465 0.576585 0.496324 0.392781 0.533085 0.552078 0.623761 0.451598 0.626212 0.561881 0.807565 0.466303 0.810015 0.566782 0.910495 0.483458 0.981566 0.001814 0.006315 0.044974 0.011866 0.586847 0.346682 0.004681 0.008450
0.498762 0.290852 0.513613 0.273526 0.478961 0.273526 0.540840 0.276001 0.454210 0.278476 0.577966 0.375006 0.419558 0.375006 0.639845 0.478961 0.360155 0.474011 0.580442 0.513613 0.399757 0.535889 0.553215 0.624994 0.449260 0.624994 0.560641 0.813103 0.466586 0.810628 0.568066 0.904683 0.488862 0.973987 0.013194 0.013516 0.043972 0.008019 0.502813 0.353239 0.003152 0.017065
0.503141 0.285807 0.518216 0.268219 0.485553 0.270732 0.543341 0.270732 0.457915 0.273244 0.578517 0.376258 0.420227 0.373745 0.626255 0.489322 0.362439 0.484297 0.578517 0.524497 0.425252 0.542085 0.553391 0.624998 0.447865 0.624998 0.553391 0.823488 0.467965 0.823488 0.568466 0.903889 0.495603 0.974240 0.058998 0.025592 0.032044 0.002749 0.425034 0.416574 0.001601 0.032124
0.504353 0.289182 0.521766 0.271769 0.486940 0.274257 0.546641 0.274257 0.459578 0.276744 0.578979 0.376245 0.422265 0.373758 0.626242 0.485697 0.372514 0.488184 0.586442 0.530472 0.449627 0.527985 0.551616 0.624998 0.447140 0.624998 0.546641 0.816538 0.469528 0.816538 0.566541 0.911065 0.496891 0.970765 0.074314 0.018856 0.026608 0.005624 0.361051 0.478883 0.001584 0.045303
0.512116 0.287015 0.527420 0.269160 0.491710 0.271710 0.550377 0.271710 0.463652 0.274261 0.583536 0.376290 0.420290 0.373739 0.624348 0.480870 0.379478 0.491072 0.606493 0.519130 0.463652 0.514029 0.550377 0.623710 0.445797 0.626261 0.545275 0.825217 0.468754 0.830318 0.563130 0.942550 0.499362 0.988463 0.056126 0.025196 0.034351 0.003617 0.257416 0.521799 0.004872 0.043717
0.513956 0.290018 0.531719 0.272255 0.496194 0.274793 0.554557 0.272255 0.465743 0.277330 0.582470 0.376295 0.422605 0.373757 0.615458 0.475259 0.382004 0.490484 0.602771 0.533623 0.468281 0.505709 0.549482 0.624974 0.445443 0.624974 0.539332 0.817828 0.465743 0.822903 0.557095 0.977693 0.496194 0.990381 0.051961 0.024716 0.025242 0.003673 0.170554 0.550950 0.006462 0.049271
0.518210 0.295919 0.533281 0.278336 0.500628 0.278336 0.555887 0.278336 0.467975 0.280848 0.578493 0.376295 0.427787 0.373784 0.608634 0.469231 0.390110 0.491837 0.606122 0.534537 0.488069 0.499372 0.548352 0.624961 0.445369 0.624961 0.538305 0.818367 0.462951 0.825902 0.545840 0.984144 0.495604 0.994191 0.030979 0.033222 0.021875 0.005534 0.112065 0.573898 0.007996 0.044302
0.519564 0.299306 0.534711 0.281635 0.501893 0.281635 0.557431 0.279111 0.471600 0.281635 0.577627 0.375040 0.428684 0.375040 0.600347 0.468444 0.390818 0.493689 0.612969 0.539129 0.489271 0.496213 0.547333 0.624960 0.446355 0.624960 0.534711 0.831965 0.458978 0.834489 0.532187 1.000000 0.489271 1.000000 0.015025 0.034890 0.019011 0.003318 0.019704 0.590176 0.008037 0.038537
0.521455 0.296810 0.536599 0.279142 0.503786 0.281666 0.556792 0.279142 0.470973 0.281666 0.579509 0.375057 0.428063 0.375057 0.602226 0.463401 0.387678 0.493690 0.617370 0.529027 0.488642 0.491166 0.546696 0.624943 0.445732 0.624943 0.534075 0.831918 0.458352 0.834442 0.523979 1.000000 0.481069 1.000000 0.001719 0.023351 0.022175 0.003318 0.007923 0.612400 0.009642 0.038537
0.521978 0.295919 0.537049 0.278336 0.504396 0.280848 0.557143 0.280848 0.471743 0.280848 0.577237 0.376295 0.429042 0.373784 0.604866 0.464207 0.386342 0.491837 0.622449 0.527002 0.489325 0.494349 0.547096 0.624961 0.446625 0.624961 0.529513 0.833437 0.454160 0.833437 0.519466 1.000000 0.469231 0.989167 0.009357 0.019208 0.011614 0.010745 0.010028 0.602711 0.007996 0.038282
0.519991 0.295092 0.537483 0.277600 0.502499 0.277600 0.554975 0.275101 0.470013 0.277600 0.579964 0.375056 0.427533 0.375056 0.607452 0.460018 0.382553 0.490005 0.624944 0.522490 0.477510 0.497501 0.547479 0.624944 0.445025 0.624944 0.527488 0.832350 0.450022 0.837348 0.509996 1.000000 0.460018 0.967290 0.000127 0.016949 0.010563 0.014757 0.012699 0.593648 0.009547 0.038074
0.520415 0.292143 0.535261 0.274821 0.500619 0.277296 0.555057 0.277296 0.468450 0.277296 0.577328 0.373801 0.428858 0.376276 0.614445 0.460408 0.379369 0.492577 0.629292 0.532168 0.475874 0.514847 0.547634 0.623724 0.446180 0.626199 0.525364 0.834056 0.448654 0.839005 0.508042 1.000000 0.456078 0.935510 0.004342 0.020736 0.004065 0.018325 0.063940 0.555870 0.007878 0.037279
0.516616 0.288919 0.531385 0.271687 0.496923 0.271687 0.553540 0.269226 0.464922 0.271687 0.583079 0.375074 0.425537 0.375074 0.627387 0.463692 0.376305 0.488307 0.617541 0.515385 0.445230 0.522770 0.548616 0.623695 0.442768 0.626157 0.526462 0.823084 0.447691 0.835392 0.509231 1.000000 0.452614 0.919086 0.004794 0.011215 0.008620 0.014322 0.207496 0.482964 0.010972 0.042712
0.514020 0.287258 0.531088 0.270190 0.494514 0.272629 0.550595 0.270190 0.465254 0.272629 0.582293 0.375037 0.423803 0.375037 0.631059 0.467693 0.372599 0.489637 0.623744 0.516459 0.438433 0.538403 0.550595 0.623744 0.443310 0.626182 0.528650 0.821246 0.448186 0.823684 0.509144 0.989489 0.445748 0.906586 0.001519 0.017217 0.005129 0.016816 0.201607 0.430815 0.007763 0.043081
0.512077 0.289261 0.526569 0.272354 0.492754 0.272354 0.548307 0.272354 0.461354 0.274769 0.582122 0.376213 0.420294 0.373798 0.637675 0.475243 0.369571 0.489735 0.613521 0.523550 0.439616 0.545288 0.550722 0.624994 0.446862 0.624994 0.531399 0.825468 0.449278 0.815807 0.512077 0.984881 0.439616 0.910005 0.007810 0.036562 0.009378 0.029514 0.310313 0.417841 0.003075 0.034615
